sesion_6_simulaciones/modelos_agentes/ejemplos_netlogo/scenarios/echam4_b2/rob_2017.asc
NCOLS 322 
NROWS 307 
XLLCORNER 451900 
YLLCORNER 4086900 
CELLSIZE 100 
NODATA_value -9999 
[rows 75 to 149 of 307, columns 0 to 95 of 322]
0 0 0 0 0 0 0 0 0 1 0 0 1 0 1 1 0 0 0 0 0 0 0 0 0 0 1 1 1 1 1 1 2 8 17 24 15 12 30 25 6 11 10 5 2 1 2 4 3 3 4 4 4 2 4 4 2 2 2 2 2 6 21 23 10 11 20 16 12 5 10 19 16 11 22 67 35 16 13 45 49 49 53 36 17 50 47 23 18 13 17 28 31 23 17 55
0 0 0 0 0 0 0 0 0 0 0 0 0 0 0 0 0 0 0 0 0 0 0 0 1 1 1 0 0 0 0 1 0 2 6 18 18 30 21 13 10 36 12 5 6 3 2 2 2 4 8 3 5 3 4 2 5 3 2 1 3 18 11 25 20 21 32 27 36 21 17 7 7 6 17 62 72 33 17 11 37 50 36 17 17 64 60 56 45 14 7 8 30 39 31 46
0 0 0 0 0 0 0 0 0 0 0 0 0 0 0 0 0 0 0 0 0 0 0 1 0 1 0 0 0 0 0 0 1 2 8 9 8 8 7 7 32 11 12 9 14 15 6 1 2 6 5 4 4 3 7 3 3 4 2 4 9 16 14 27 18 27 34 35 37 40 36 33 31 22 10 18 44 38 29 11 33 61 25 15 45 68 29 59 50 36 16 33 50 48 37 29
2 0 0 0 0 0 0 0 0 0 0 0 0 0 0 0 0 0 0 0 0 1 1 0 0 1 1 1 0 1 3 3 4 6 8 10 5 8 10 21 17 27 9 13 15 30 16 11 16 8 9 4 5 4 2 1 4 4 9 13 11 7 12 7 19 31 32 47 42 37 38 49 33 30 14 5 5 17 23 15 24 29 24 28 59 32 22 15 14 36 29 33 24 35 36 33
0 0 0 0 0 0 0 0 0 0 0 0 0 0 0 0 0 0 0 0 0 0 0 0 0 0 1 0 0 2 3 3 18 34 52 44 21 7 15 21 24 41 27 8 7 11 31 33 44 47 35 21 12 9 6 3 3 6 12 13 5 6 8 7 7 13 11 8 13 37 44 35 35 37 24 18 11 20 9 7 15 27 25 37 52 25 36 26 14 27 29 47 64 51 40 42
0 0 0 0 0 0 0 0 0 0 0 0 0 0 0 0 0 0 0 0 0 0 1 1 0 1 0 0 1 4 2 3 3 15 44 65 25 10 12 30 27 19 38 22 8 7 13 31 58 68 82 80 70 29 22 13 10 13 9 12 10 8 6 2 15 15 12 17 19 33 43 34 38 40 34 20 17 9 6 1 8 25 24 37 35 36 19 16 15 22 52 51 57 31 33 52
0 1 1 1 0 0 0 0 0 0 0 0 0 0 0 0 0 0 0 0 1 0 1 19 2 1 0 1 1 5 5 4 3 3 6 39 39 14 7 21 32 54 36 46 36 16 11 5 3 9 35 41 55 67 55 30 15 7 10 10 6 14 7 24 8 4 9 7 10 19 19 46 38 43 41 24 8 1 4 2 7 16 13 41 23 32 45 45 24 16 11 7 24 15 18 28
1 1 0 1 1 0 0 0 0 0 0 0 0 0 0 0 0 1 1 26 24 22 39 10 41 16 3 1 0 1 3 6 10 12 14 8 4 4 3 12 17 16 19 39 23 23 23 15 5 1 1 2 8 35 32 61 39 20 8 35 51 28 21 9 30 19 6 10 5 4 21 36 47 37 25 22 14 9 8 19 8 5 21 50 20 41 44 44 41 40 21 8 7 16 35 45
0 0 0 0 1 1 0 0 0 0 0 0 0 0 1 1 2 10 15 37 7 11 6 2 9 9 8 1 4 5 4 6 5 4 9 10 4 5 12 20 33 37 14 10 7 7 8 6 1 3 4 1 5 6 8 20 36 27 51 59 31 10 10 16 29 14 10 12 18 14 59 52 52 34 28 30 33 38 22 13 19 12 38 45 27 57 60 81 58 57 53 37 7 5 6 5
0 0 1 2 0 0 0 0 0 0 0 0 0 0 2 3 6 4 3 7 8 5 1 3 1 4 4 6 14 14 24 3 6 12 18 14 6 13 19 19 30 45 38 25 3 1 2 4 3 2 2 9 34 26 22 18 13 32 64 34 17 17 9 8 26 17 22 16 35 45 35 34 39 35 35 33 36 29 37 11 14 11 17 19 27 61 25 47 52 70 38 41 35 14 8 5
0 0 1 1 1 1 2 0 0 0 0 0 1 1 2 2 3 3 1 1 2 3 1 1 2 3 10 2 1 2 3 3 8 15 11 14 5 39 32 26 42 39 47 38 17 21 28 21 20 27 22 28 43 36 30 17 21 22 31 21 22 36 35 20 15 8 8 34 35 27 26 28 55 32 24 55 40 32 33 18 14 8 8 21 5 36 26 55 53 69 72 71 47 23 10 6
0 0 1 2 1 1 1 2 0 0 0 0 0 1 1 1 1 1 1 0 3 2 0 3 5 6 4 1 1 2 4 5 11 12 11 10 12 22 22 39 50 28 42 32 20 30 36 24 19 32 30 16 26 28 27 26 35 22 23 34 45 35 18 16 16 16 17 13 16 19 14 24 14 8 50 38 27 24 49 31 31 13 7 11 25 29 24 22 49 47 33 33 50 14 10 6
0 1 1 3 1 2 0 2 0 0 0 0 0 1 1 0 0 1 2 2 1 5 4 14 16 20 17 31 18 5 2 4 7 4 8 6 12 23 29 40 30 19 10 19 18 25 36 10 17 26 24 26 28 39 33 26 30 13 23 28 38 19 13 11 20 20 35 48 48 35 31 17 21 14 13 12 33 45 21 27 25 16 12 8 10 10 17 24 31 37 5 14 26 24 8 5
0 2 2 2 3 2 0 1 0 0 0 0 0 0 3 1 2 1 2 3 4 3 4 9 58 37 38 41 21 33 43 32 12 5 3 6 5 25 19 25 16 12 21 31 38 39 44 16 29 53 26 24 29 58 34 17 20 14 29 39 23 4 3 11 36 11 6 15 52 24 26 27 17 18 27 18 18 23 18 15 9 13 21 16 8 7 5 3 8 9 4 14 6 20 12 6
0 1 1 2 1 0 0 1 0 0 0 0 0 0 0 1 1 6 4 2 8 3 4 30 41 49 52 55 33 35 37 53 26 42 25 11 8 6 8 4 7 21 24 20 30 32 31 11 17 47 17 37 13 55 45 19 25 12 31 19 18 19 19 35 34 10 5 4 61 32 32 22 14 16 14 37 39 50 43 44 53 29 14 8 19 22 16 12 4 2 5 9 12 3 7 5
0 1 2 1 0 1 1 0 0 0 0 0 0 0 0 8 5 1 4 19 3 1 11 60 55 17 52 56 38 47 45 53 34 59 34 51 36 16 6 2 7 11 11 9 21 27 15 18 19 24 19 53 29 64 9 31 41 19 27 8 8 27 35 25 20 12 8 5 13 75 64 36 22 48 45 42 68 58 25 29 47 36 48 40 30 26 21 16 9 3 1 6 7 2 1 0
1 1 1 0 0 0 0 0 0 0 0 0 0 7 6 3 5 16 5 4 9 3 3 29 42 31 9 69 74 42 22 59 47 65 55 75 43 29 27 5 12 25 21 4 9 12 15 9 13 27 71 67 75 60 76 34 12 30 6 4 6 32 24 7 6 6 27 25 13 9 51 29 71 89 72 53 28 24 65 33 8 31 45 35 21 21 20 15 10 3 2 2 1 1 1 3
1 1 1 0 0 0 0 0 0 0 0 0 1 1 1 15 10 20 21 5 4 9 2 23 6 57 34 38 83 47 14 13 13 36 34 60 36 58 69 54 27 12 38 61 56 52 53 29 44 79 87 63 47 41 76 84 57 16 22 22 17 40 20 11 12 14 11 13 29 11 16 17 12 17 14 58 34 27 17 31 41 14 16 43 25 20 18 10 9 8 3 1 2 4 2 3
2 1 1 0 0 0 0 0 0 0 0 0 1 2 2 1 10 44 39 27 4 21 11 6 6 27 12 3 37 38 74 28 8 7 32 16 36 68 44 31 47 31 27 64 73 65 52 67 77 74 85 76 44 80 78 88 65 78 60 50 43 37 11 10 11 11 8 17 14 6 9 4 10 10 9 20 18 24 16 16 23 42 19 19 21 16 6 7 3 1 3 4 7 1 1 1
3 0 0 0 0 0 1 0 0 0 0 0 2 5 4 4 4 37 16 15 16 15 10 10 5 22 10 7 4 35 78 58 16 13 13 40 11 43 81 27 70 16 35 77 77 73 67 86 82 91 86 73 65 92 86 87 76 82 74 56 44 42 10 11 9 14 24 45 30 18 9 30 37 26 19 11 14 27 29 19 9 8 25 21 15 5 6 2 2 6 8 6 9 7 4 1
3 1 1 0 0 0 0 0 0 0 0 0 3 4 7 4 5 7 9 15 15 20 7 9 11 17 21 5 4 10 50 67 40 32 10 22 4 18 75 29 63 23 45 67 63 64 87 86 82 89 85 66 71 71 75 71 68 84 41 21 64 27 19 16 21 17 23 46 34 23 56 23 9 16 18 24 59 56 49 33 22 13 11 13 6 3 6 5 5 8 18 12 5 3 4 3
2 1 0 0 0 0 0 0 0 0 0 1 4 4 2 6 11 4 4 5 6 7 5 12 28 10 32 18 12 6 37 70 17 12 19 24 6 47 68 66 77 76 43 48 67 76 92 85 73 84 70 30 50 23 30 62 79 72 43 78 74 71 47 19 23 27 39 34 27 48 23 29 37 16 20 51 40 25 46 50 43 15 5 4 2 4 8 19 19 18 17 18 7 6 5 8
5 4 1 0 0 0 0 1 0 1 1 6 27 7 3 5 6 6 11 7 2 2 6 30 42 36 24 32 19 9 32 61 16 11 41 32 14 41 22 61 81 92 57 58 60 65 89 84 41 61 24 34 21 8 3 10 57 75 78 80 64 80 33 22 59 71 37 16 30 29 28 49 24 50 58 16 37 63 43 55 38 32 25 8 11 13 24 27 35 21 33 27 16 16 13 19
3 12 2 0 0 0 1 0 0 1 1 1 14 31 10 8 7 16 18 21 18 13 12 22 27 37 35 49 37 30 21 39 21 23 29 14 21 42 23 29 50 85 73 71 61 62 86 92 79 63 35 20 5 6 2 5 8 8 76 74 72 31 22 57 36 60 48 32 22 22 55 36 56 41 31 20 19 15 38 44 56 54 33 17 21 35 33 30 46 17 59 23 21 19 13 13
0 30 20 2 0 0 1 1 0 1 2 6 4 6 24 27 6 11 27 26 24 17 21 41 49 63 60 54 51 53 11 31 51 38 28 22 21 30 17 7 18 77 29 33 30 34 75 79 69 36 28 33 27 25 12 13 5 19 13 22 19 26 55 58 43 28 34 22 30 35 31 41 36 26 17 11 14 35 43 56 56 56 33 33 24 36 48 21 47 34 64 35 31 13 19 25
0 3 26 6 2 1 1 0 1 1 2 5 9 4 19 9 43 12 8 11 16 12 5 8 16 35 41 23 49 51 26 59 76 59 31 56 30 36 28 11 47 69 67 41 37 35 14 30 50 11 25 39 34 30 47 28 16 36 25 43 38 24 52 54 36 21 30 18 40 20 10 14 37 36 35 26 37 49 47 53 49 55 46 40 40 35 46 36 66 65 15 34 36 32 33 18
0 0 1 4 5 1 1 0 2 1 2 4 6 2 3 14 19 44 18 15 8 22 19 19 37 45 41 23 11 11 14 54 57 43 58 64 75 71 24 19 62 46 84 66 57 43 36 10 5 10 36 40 36 36 25 46 51 36 29 37 50 48 62 53 30 20 22 34 46 14 9 22 23 30 32 48 44 48 48 52 47 41 40 52 50 35 37 38 55 10 22 37 26 8 5 12
0 0 1 5 7 1 3 0 1 0 0 5 7 9 11 11 8 9 13 17 25 40 32 38 44 64 45 49 35 13 9 7 41 64 67 44 85 74 45 68 74 33 76 52 81 74 34 13 8 5 21 40 38 36 48 30 56 46 45 37 63 65 78 74 40 18 15 15 31 12 10 12 9 9 9 42 40 38 37 46 41 35 40 52 26 55 45 63 26 18 36 35 32 19 15 25
0 0 1 9 10 1 3 0 0 0 2 4 11 12 6 6 6 13 11 15 32 33 62 50 50 41 65 51 26 27 23 20 9 36 61 24 33 24 74 58 55 19 80 51 28 12 25 17 20 10 18 38 54 50 44 31 22 34 12 17 46 35 56 56 10 18 24 13 28 30 34 30 16 25 29 12 37 42 41 42 34 52 27 12 26 64 34 57 27 10 18 22 22 18 29 32
0 0 0 6 7 7 3 1 0 0 3 2 5 5 16 23 13 8 7 9 9 21 60 62 31 25 30 39 43 43 33 32 20 9 10 27 14 26 75 32 25 33 62 29 25 17 36 25 21 15 9 25 36 43 37 26 26 22 13 29 29 19 21 13 16 16 22 17 22 31 40 17 28 34 29 25 48 40 39 31 66 28 23 36 34 52 40 31 29 4 6 20 21 33 35 51
0 0 0 4 9 7 3 1 1 3 3 3 5 6 9 8 23 24 39 36 23 25 28 17 9 4 16 33 40 29 41 48 19 11 3 7 20 51 41 37 11 59 75 43 41 39 36 39 41 11 14 22 26 28 23 30 28 12 22 12 20 10 18 36 31 11 23 24 34 31 34 40 22 38 26 28 37 31 34 55 28 24 36 24 43 20 39 46 46 21 15 20 34 35 21 53
0 0 0 3 11 8 4 3 3 2 3 2 6 17 13 23 25 32 37 28 27 41 25 16 17 16 5 11 20 13 14 12 9 17 21 22 40 32 46 27 29 43 60 63 55 40 20 20 25 9 7 27 38 51 54 40 28 17 32 50 50 36 26 32 16 10 42 44 30 26 20 77 74 50 32 22 22 25 27 48 24 32 29 15 34 28 42 52 36 50 33 40 32 49 40 47
1 0 0 1 24 23 6 1 1 1 3 9 11 48 38 56 31 18 29 43 44 42 45 25 16 18 14 9 13 14 7 9 16 25 32 36 15 18 27 30 23 9 17 45 46 25 6 10 11 10 17 21 22 24 22 25 32 17 55 56 38 43 17 16 20 16 35 83 78 56 45 41 65 77 51 34 31 35 50 29 10 36 14 22 30 48 20 23 27 38 55 46 70 45 24 26
1 0 0 0 4 12 8 2 1 3 2 6 7 17 48 44 57 62 46 48 39 26 42 23 10 9 5 4 3 4 9 12 22 25 12 29 28 27 22 16 7 14 33 10 44 39 31 25 17 8 8 10 11 37 34 32 33 10 13 25 30 26 41 31 36 40 22 64 74 69 23 46 52 36 68 69 32 37 36 34 40 51 24 70 51 40 36 51 37 40 60 63 36 30 24 13
0 0 0 0 0 23 36 6 3 3 4 6 5 9 8 8 4 8 38 39 42 37 46 50 26 14 17 13 6 4 7 3 5 11 11 22 24 16 22 9 5 21 15 16 43 30 31 22 22 11 9 11 13 30 51 10 18 20 37 37 31 52 47 60 66 41 44 28 56 46 58 30 32 37 34 59 55 58 48 56 34 43 50 70 50 62 51 31 36 79 55 30 46 33 37 32
0 0 0 0 0 3 15 2 3 2 4 6 11 16 28 23 10 5 14 44 48 62 67 64 56 20 11 4 2 4 4 1 1 2 6 7 12 15 11 10 14 19 8 28 8 5 12 14 16 15 16 22 15 29 26 25 23 39 49 19 44 44 27 39 86 51 45 24 12 61 74 42 51 23 58 73 62 82 64 55 50 44 27 53 78 55 70 61 58 71 70 44 56 57 58 35
1 1 0 1 0 0 11 5 2 2 1 15 9 18 28 20 15 34 17 44 76 58 37 44 46 24 16 14 5 1 4 5 8 4 2 5 14 15 3 8 24 28 29 28 10 7 11 29 27 30 19 37 30 35 27 26 24 20 17 48 37 19 18 31 32 62 40 32 15 30 54 83 74 32 13 55 32 72 31 21 48 78 22 48 20 50 60 80 84 71 84 60 59 62 60 57
1 2 1 0 0 1 7 36 3 6 3 7 8 9 8 19 47 37 34 17 17 45 59 43 38 30 36 40 20 7 7 15 12 10 11 4 3 7 6 10 11 20 21 23 19 15 30 35 22 20 23 15 31 29 25 34 46 57 42 21 42 27 20 50 24 49 53 30 17 13 49 68 68 56 32 42 11 63 43 23 5 45 46 40 37 68 41 41 23 19 57 44 49 79 64 76
0 0 2 1 0 1 9 1 2 3 6 12 23 11 13 32 38 36 38 26 19 7 42 70 52 44 38 42 43 15 14 21 11 11 21 23 7 3 3 7 16 16 11 37 21 23 17 45 45 26 34 14 27 57 76 71 49 31 29 30 33 67 44 16 50 21 49 44 26 9 48 56 52 67 29 41 15 58 73 29 15 59 22 39 30 12 46 38 14 26 78 49 26 65 81 81
2 0 0 1 1 1 9 1 1 1 2 4 21 12 7 12 23 37 33 45 39 30 13 29 38 36 13 14 28 16 13 13 8 7 10 14 9 5 4 9 9 6 7 7 28 29 20 29 19 13 10 35 26 20 21 17 20 18 31 43 31 46 57 26 24 49 12 58 42 12 30 61 45 64 34 34 19 62 33 31 10 73 42 30 45 31 20 33 24 37 65 78 35 38 69 73
5 2 0 0 1 1 6 2 2 1 1 1 12 13 8 15 15 19 42 59 56 34 22 9 7 4 11 6 2 3 11 1 3 7 12 7 9 12 9 6 15 15 20 16 28 31 20 20 13 16 29 40 39 55 34 48 48 44 29 51 23 29 40 41 22 69 41 45 67 25 14 32 62 35 63 29 22 59 46 66 53 61 82 46 41 36 17 44 34 18 43 82 50 24 25 66
8 2 1 0 2 2 7 5 2 3 1 1 2 8 13 14 33 30 36 41 45 32 17 23 10 11 11 5 1 1 5 4 3 5 5 7 11 10 5 10 20 20 18 17 11 22 26 19 17 45 34 57 45 42 42 64 62 51 49 53 44 46 27 40 24 59 51 28 65 49 10 32 49 34 73 35 45 35 46 37 64 46 78 59 23 40 36 61 28 18 20 57 50 24 41 33
7 3 1 1 1 1 4 1 2 3 2 0 6 9 11 13 19 24 29 34 34 35 25 21 32 21 21 10 3 1 2 1 1 5 5 3 11 9 4 4 12 13 12 8 18 13 13 13 9 32 55 56 58 43 29 41 71 41 61 60 60 62 30 15 17 18 36 22 40 52 27 20 20 66 51 44 65 38 47 72 60 35 51 75 35 36 21 19 18 24 23 62 47 50 29 11
16 9 6 2 1 2 1 1 2 1 1 5 3 15 15 13 40 39 58 55 43 65 41 40 20 19 20 20 12 1 1 1 9 7 19 17 12 19 15 10 12 11 11 9 10 9 11 16 13 14 14 21 17 34 52 66 74 35 88 77 30 69 47 49 46 20 11 7 22 36 19 31 19 44 12 43 80 65 40 55 64 60 50 81 28 32 29 16 18 7 27 46 46 21 14 15
7 8 12 4 2 3 2 0 3 0 2 2 2 10 21 18 9 26 20 11 19 10 15 20 35 46 22 23 29 6 2 14 15 16 6 5 11 8 6 24 21 6 14 23 21 17 31 33 21 35 39 21 32 57 50 64 51 67 68 70 37 60 71 48 58 68 60 34 12 36 37 53 46 29 31 47 70 73 53 48 49 52 40 76 71 43 9 11 12 22 36 48 60 27 13 7
1 3 7 7 4 2 3 1 1 1 4 3 1 5 33 33 25 16 29 23 17 24 25 35 57 33 34 38 36 28 10 55 21 8 10 6 23 24 23 30 53 23 34 34 37 37 22 34 30 35 39 23 18 42 24 30 68 73 58 60 67 75 80 71 28 63 56 50 34 17 21 36 10 26 33 45 65 50 65 61 39 24 30 75 66 39 39 10 15 30 23 51 45 42 30 19
8 1 1 3 2 4 3 1 2 7 9 3 4 11 10 9 7 20 13 44 28 33 31 38 36 36 48 37 39 29 28 59 20 21 18 12 20 25 27 45 52 27 33 43 38 39 13 20 45 26 29 33 17 10 9 9 45 58 65 72 69 64 69 83 56 39 49 40 25 11 4 8 15 15 28 47 58 72 50 25 19 12 68 57 62 32 21 21 11 16 27 50 18 11 13 38
22 10 3 2 6 2 2 1 3 8 4 4 12 8 32 7 4 12 15 37 47 50 16 22 28 42 44 23 52 42 53 42 33 36 12 7 13 27 60 56 23 24 26 54 56 41 21 22 18 50 33 27 40 27 13 7 16 17 15 40 35 36 58 74 69 43 16 6 6 8 6 6 8 12 21 23 54 44 31 15 5 9 59 42 57 48 23 21 6 20 35 60 54 41 18 8
7 14 7 3 7 4 1 0 2 3 1 11 15 11 44 14 14 10 34 51 32 26 6 33 19 8 33 20 53 61 49 48 51 24 14 21 35 35 60 43 26 44 26 32 53 25 25 27 15 34 29 21 33 17 26 16 13 20 22 8 17 28 33 45 47 21 15 22 16 24 12 7 8 12 15 8 30 21 23 10 7 3 13 9 24 52 20 26 7 30 51 42 31 27 32 10
6 2 2 5 4 11 2 1 2 2 1 8 7 21 5 43 24 20 26 19 22 7 26 24 20 12 25 18 49 33 36 33 41 16 27 38 43 37 47 37 33 43 33 29 56 28 31 29 21 56 38 28 43 38 34 25 40 37 46 26 17 20 7 13 6 7 20 30 30 28 25 12 9 5 6 7 11 13 10 8 7 4 4 4 11 20 6 17 5 20 46 43 23 12 59 36
7 8 8 3 2 2 2 3 2 2 2 2 10 22 5 41 49 20 23 18 28 11 12 23 20 23 54 37 48 26 37 43 14 31 35 52 43 35 63 27 42 53 32 34 52 60 26 39 24 54 43 42 40 57 29 40 38 50 39 44 38 44 20 14 15 9 29 21 24 14 6 4 21 10 6 3 4 10 5 4 3 2 2 7 10 8 8 11 6 44 54 58 56 17 4 9
3 7 6 7 4 5 4 2 1 2 4 3 30 39 24 6 35 33 22 37 27 18 22 47 29 33 62 26 23 10 19 23 27 61 37 35 43 17 49 28 36 32 45 35 33 34 32 44 53 60 57 54 44 52 45 54 61 41 49 38 57 31 19 35 10 19 19 26 11 8 12 27 23 17 16 16 3 2 6 4 3 5 2 8 4 4 15 4 10 42 41 37 66 28 28 5
10 6 5 7 4 1 2 4 2 2 2 4 3 10 21 5 9 28 21 28 22 18 25 51 37 64 39 29 19 16 26 50 25 35 61 41 27 40 47 21 40 37 24 29 28 41 21 31 29 13 28 17 37 52 63 63 71 54 30 51 36 39 33 23 50 17 21 21 22 45 32 20 10 10 11 13 11 14 13 12 13 11 3 3 3 7 18 8 16 26 11 25 67 43 43 22
13 17 14 11 6 2 1 3 5 6 5 3 2 13 10 6 21 14 17 23 22 25 23 24 28 17 25 36 23 27 34 45 18 31 57 32 30 28 31 29 39 38 28 32 49 43 20 45 62 39 54 42 62 70 60 44 50 62 56 38 48 47 62 41 57 39 36 34 50 12 7 9 9 4 2 3 10 8 12 14 13 9 6 2 2 6 18 6 7 4 7 27 77 29 44 32
2 4 5 12 20 15 8 3 8 13 17 9 5 2 2 10 12 10 42 43 65 61 48 31 58 23 25 34 49 34 35 23 21 35 53 39 34 21 25 30 31 70 47 25 48 46 50 25 56 68 79 61 71 82 67 43 58 44 35 34 33 38 64 41 42 50 41 47 16 14 15 20 30 16 13 8 3 9 14 22 13 2 1 2 1 6 12 5 6 5 7 52 60 20 26 69
3 2 2 7 11 15 23 24 11 7 13 5 2 2 2 6 16 22 29 31 49 77 66 37 36 58 66 61 48 34 66 42 35 35 38 38 22 22 43 35 49 18 37 65 30 55 58 45 34 72 72 79 39 66 60 60 46 65 53 51 48 54 21 48 57 60 59 21 25 22 31 45 29 29 36 15 6 14 18 19 4 2 1 3 2 5 2 2 5 6 16 58 26 43 20 63
14 13 4 4 9 5 6 14 6 9 4 4 3 2 10 4 11 15 30 45 25 57 62 77 81 81 72 77 63 38 53 45 27 35 49 60 54 72 75 62 60 65 47 76 40 50 75 71 31 24 14 67 67 36 61 41 30 78 67 60 33 46 52 55 60 59 42 45 41 50 38 19 25 21 18 13 21 12 6 5 2 1 1 1 1 3 1 2 2 3 7 38 14 26 5 19
12 21 17 6 8 6 3 3 2 1 1 2 2 4 6 4 1 10 40 68 30 14 53 83 63 80 66 81 81 85 81 81 80 82 57 71 29 66 80 54 66 83 49 70 78 43 71 42 77 52 27 77 59 51 53 50 79 80 43 67 39 22 41 44 40 48 37 25 20 25 21 21 13 18 17 23 25 11 1 0 1 1 1 1 0 1 1 2 2 7 16 33 8 9 7 6
7 15 34 7 29 36 14 12 5 7 5 9 9 13 12 6 11 10 10 47 35 10 6 31 26 27 51 69 74 75 72 68 77 74 53 66 73 62 66 75 48 79 76 40 63 55 73 44 67 79 47 49 50 31 21 67 57 58 44 60 58 29 34 32 54 44 44 48 46 43 43 23 29 20 30 23 8 3 2 0 0 0 0 1 1 0 1 2 2 4 12 14 2 3 3 4
15 9 7 36 41 44 27 37 18 15 4 14 24 21 10 11 23 13 26 10 4 4 15 12 10 23 50 44 48 63 66 72 52 57 58 72 69 67 69 69 58 65 61 56 61 61 65 72 25 57 44 20 59 12 26 63 47 17 53 23 33 71 22 23 39 40 49 50 47 37 31 30 34 52 37 18 6 2 0 0 0 0 0 0 0 0 1 1 1 2 6 4 2 1 4 7
5 15 26 30 41 39 18 21 43 19 21 12 17 33 10 24 17 12 18 38 25 17 14 15 16 21 10 10 16 15 18 16 21 26 17 15 16 14 15 15 12 16 15 22 22 17 20 64 45 31 63 17 32 27 30 37 11 11 24 27 61 55 34 27 40 47 48 33 27 49 60 48 45 35 19 11 4 1 0 0 0 0 0 0 0 0 0 0 0 1 2 2 1 1 1 2
23 31 46 38 28 17 23 20 35 11 33 14 16 35 17 30 31 18 21 9 15 36 24 23 32 27 17 17 31 33 23 22 48 46 31 32 23 25 26 30 28 32 41 32 40 27 38 15 15 12 26 24 21 24 22 12 20 35 38 48 54 35 23 33 45 41 43 49 58 56 57 31 11 8 3 2 0 0 0 0 0 0 0 0 0 0 0 0 0 0 0 1 1 0 0 1
52 66 58 34 23 13 15 24 10 13 12 13 8 22 8 14 16 11 12 37 27 14 16 12 23 16 7 30 24 20 33 33 15 10 11 25 21 20 24 18 26 39 38 23 18 29 21 34 21 17 7 6 3 2 4 9 25 30 36 37 17 17 23 39 41 32 24 18 29 39 37 26 10 5 1 1 1 1 2 2 1 0 0 0 0 0 0 0 0 0 0 0 0 1 1 0
18 19 14 40 29 14 12 5 6 9 7 13 7 19 11 21 29 8 5 7 18 34 28 24 14 15 12 14 29 35 20 9 16 12 12 18 20 26 28 28 23 21 24 13 11 9 11 11 18 23 25 29 10 5 7 8 14 20 23 13 13 24 24 48 35 19 23 17 13 13 6 8 8 2 1 2 3 3 1 0 0 0 0 0 1 1 1 0 0 0 0 0 0 0 0 0
25 22 25 13 7 10 11 3 18 5 8 7 7 9 11 8 9 18 18 11 14 47 41 23 27 10 12 31 40 11 13 16 11 27 19 9 9 18 18 17 15 13 26 24 28 20 20 25 32 20 21 18 12 9 12 13 13 14 20 21 5 23 25 30 49 42 35 35 17 10 3 2 1 1 2 4 10 4 1 1 0 1 1 2 1 1 1 1 1 1 1 0 0 0 0 0
38 41 29 12 15 5 7 4 8 3 7 10 5 5 8 7 10 18 17 6 15 34 42 33 31 12 27 47 23 9 9 9 18 13 15 13 16 18 17 21 11 20 23 25 17 22 27 21 19 13 15 7 23 17 32 26 19 15 12 9 13 18 23 17 57 60 26 34 23 14 6 4 2 3 7 10 3 1 1 2 1 3 2 3 4 3 4 3 3 2 1 1 1 1 0 0
13 17 19 12 7 14 38 50 31 15 25 13 2 0 4 3 2 5 6 13 27 30 12 23 26 29 44 62 30 11 13 15 16 30 21 25 22 25 14 15 23 36 32 31 29 35 28 12 24 11 20 21 25 21 35 20 39 10 16 7 23 42 17 46 67 41 35 16 10 8 3 1 2 4 9 7 2 3 3 4 7 6 6 12 10 7 7 5 7 7 3 5 2 1 1 1
11 13 9 8 26 59 47 39 55 61 23 32 11 2 2 5 6 9 10 26 36 29 18 50 27 51 43 13 11 8 15 20 17 28 51 30 27 32 35 35 28 31 28 28 25 19 33 22 18 21 30 25 28 27 35 26 39 26 13 6 11 30 40 51 38 39 18 13 10 3 3 3 5 2 10 4 7 6 13 15 23 13 16 24 21 10 15 15 13 7 6 6 3 2 3 3
7 10 10 15 15 43 56 55 77 62 49 37 49 30 10 5 5 5 19 19 8 10 20 44 40 16 16 17 30 33 30 20 35 24 49 41 40 49 32 36 14 38 16 12 14 17 20 38 30 28 26 49 17 28 42 37 16 12 16 11 4 16 15 17 21 33 20 23 9 2 7 6 8 7 39 13 14 15 26 25 37 21 24 38 20 18 28 40 26 19 9 8 6 10 7 3
9 4 10 23 5 8 10 10 55 51 48 72 65 31 38 33 11 6 12 6 10 10 21 20 23 25 36 30 23 50 34 29 28 36 34 48 32 37 36 52 55 23 23 26 11 13 17 16 27 36 36 36 25 13 40 10 20 31 13 12 5 6 10 6 4 4 9 4 2 6 22 12 16 15 46 19 34 37 56 59 75 61 71 71 58 40 42 42 59 50 20 13 11 12 26 10
5 5 6 7 3 8 15 20 7 14 20 55 57 33 43 51 37 32 35 16 8 13 7 13 25 44 39 29 17 23 19 25 26 34 36 29 29 32 31 51 53 63 38 16 53 35 37 18 28 23 11 29 15 28 25 23 22 15 19 14 7 22 26 14 8 4 3 5 11 13 23 32 21 38 52 53 57 47 57 73 57 49 68 62 59 52 47 45 51 41 31 21 32 35 36 22
13 5 7 19 27 25 44 28 28 9 49 62 32 65 60 59 68 51 36 29 22 15 12 11 29 14 13 16 16 8 11 12 9 16 31 33 16 26 37 51 44 45 47 41 5 34 36 35 38 24 18 33 36 24 11 9 15 29 19 13 8 34 20 12 5 10 8 13 31 36 30 64 52 69 54 66 67 54 60 48 24 41 53 35 18 16 30 11 32 42 27 29 25 26 23 40
40 44 54 31 65 25 10 10 35 22 35 63 49 86 67 65 86 65 43 45 41 39 13 11 10 9 20 17 16 12 19 6 20 34 13 13 29 27 27 17 22 38 47 65 52 30 46 30 35 31 31 17 14 43 55 29 29 23 14 15 23 22 25 10 10 18 32 20 32 51 42 54 60 56 71 38 44 34 51 41 11 14 19 25 12 2 3 6 29 26 27 33 10 12 7 25
7 45 54 39 52 68 61 48 17 10 11 68 73 77 67 74 84 74 65 80 60 69 40 25 4 11 3 12 7 4 14 4 10 9 8 15 9 16 10 12 43 38 31 29 32 20 38 31 23 40 21 16 23 13 17 33 26 13 9 19 33 34 25 15 24 42 46 31 38 72 62 60 31 38 55 60 11 7 7 15 14 10 4 5 19 11 3 1 7 5 3 5 11 10 4 11
14 40 53 67 62 74 65 66 67 19 24 42 59 82 78 75 85 58 72 73 74 68 39 56 31 7 5 4 3 8 39 33 5 16 6 8 9 12 13 18 28 20 11 16 37 71 46 31 17 18 12 27 28 22 5 6 6 4 25 24 23 55 31 23 33 56 57 58 59 64 39 18 11 36 23 15 32 5 5 16 13 7 9 5 2 14 4 2 1 2 1 6 3 10 5 1
