sesion_6_simulaciones/modelos_agentes/ejemplos_netlogo/scenarios/echam4_b2/rob_2093.asc
NCOLS 322 
NROWS 307 
XLLCORNER 451900 
YLLCORNER 4086900 
CELLSIZE 100 
NODATA_value -9999 
[rows 219 to 291 of 307, columns 0 to 95 of 322]
2 2 1 2 4 13 18 6 9 1 3 4 2 1 4 3 3 9 3 2 2 9 4 6 3 12 9 14 8 13 13 27 20 20 40 44 26 22 18 30 15 17 19 34 39 31 34 17 29 35 33 64 77 56 61 79 80 57 78 78 81 87 69 77 59 55 56 53 43 17 27 25 17 17 19 15 9 5 2 1 1 0 0 0 0 0 1 2 1 1 1 1 1 3 8 27
2 4 4 3 7 13 21 17 6 5 8 5 6 4 4 5 4 2 2 2 3 12 4 4 9 12 5 33 24 20 26 33 27 24 29 11 6 13 7 30 21 19 21 28 33 29 30 22 29 44 44 65 64 68 23 38 76 85 85 71 26 22 48 47 81 62 53 67 37 22 20 21 30 16 5 5 2 3 2 1 1 0 0 0 0 1 2 4 4 3 3 3 1 3 12 13
1 0 3 4 7 7 14 10 3 5 5 6 16 11 4 5 2 4 3 3 1 2 22 10 7 2 4 15 21 12 15 19 31 10 27 5 10 8 3 27 17 16 29 29 19 28 37 27 57 67 42 28 31 24 16 20 60 69 60 40 55 46 43 58 49 47 48 32 53 38 40 21 20 19 11 9 5 3 1 1 0 0 0 0 1 2 3 9 14 9 7 4 3 13 19 21
1 1 2 5 5 4 11 12 2 7 6 7 16 6 5 3 3 1 1 2 5 10 12 14 8 7 6 13 22 8 6 16 20 6 14 10 6 7 12 32 9 11 16 16 11 31 21 33 43 72 70 39 29 33 31 18 29 48 31 42 52 37 30 60 45 57 39 49 41 35 34 30 13 9 6 4 3 2 0 0 0 0 0 0 1 3 6 17 20 12 8 8 15 25 47 32
1 2 2 1 2 4 7 14 10 4 4 8 11 5 3 3 3 5 7 7 8 12 6 28 12 11 9 9 10 11 6 10 7 7 18 3 4 6 8 23 14 9 7 13 4 3 11 9 10 50 61 43 47 32 27 29 19 24 41 50 45 64 39 46 62 43 43 47 54 32 18 17 11 6 3 2 1 2 1 0 0 0 0 1 2 4 8 13 29 31 14 20 29 34 8 9
1 5 9 22 9 10 9 15 11 12 16 23 9 7 5 8 6 12 5 5 26 4 8 7 8 5 4 16 8 7 5 6 4 8 6 4 6 6 5 12 8 6 5 26 26 25 24 28 28 13 21 38 27 25 20 20 21 34 37 42 49 57 40 74 75 57 46 35 33 20 15 14 8 5 4 2 1 0 0 0 0 0 1 3 5 11 7 21 46 44 21 29 37 33 9 8
3 7 9 21 25 29 10 8 5 19 17 12 7 4 5 7 2 1 1 12 6 6 17 8 4 7 6 6 4 3 3 3 5 1 2 7 3 7 3 9 5 7 13 11 13 34 27 53 56 32 18 24 17 26 14 17 24 42 37 37 53 38 33 30 42 38 29 29 18 13 13 7 6 5 2 1 1 0 0 0 0 1 3 4 7 18 25 30 61 59 51 52 27 20 10 11
1 2 3 3 9 49 26 3 12 12 18 6 11 10 2 1 1 0 3 17 3 9 10 8 3 5 3 1 3 2 3 9 4 2 3 3 5 7 2 4 10 21 26 9 20 32 39 22 60 75 25 23 10 16 17 29 27 28 33 29 24 19 29 18 15 28 38 24 13 7 5 4 7 2 1 1 1 0 0 0 0 1 5 5 7 21 45 55 62 70 53 30 25 14 11 7
2 2 4 7 10 13 7 5 5 7 12 14 20 4 1 1 4 6 15 21 5 5 7 8 5 3 4 2 2 3 1 3 9 2 1 1 2 3 18 28 7 8 8 38 19 27 51 36 33 15 28 36 31 30 30 35 42 31 34 31 29 16 20 14 16 21 19 8 5 7 5 2 2 1 1 0 0 0 1 1 2 3 8 10 10 20 50 76 63 14 13 8 10 12 8 6
1 2 3 10 9 8 9 9 5 12 8 7 9 3 5 15 15 15 13 16 4 5 4 4 1 1 3 1 2 3 1 1 2 2 1 2 2 1 12 29 20 9 23 20 73 42 21 26 30 28 21 46 42 42 48 46 30 37 22 16 15 5 2 3 11 12 10 7 5 4 3 2 1 1 0 0 0 1 2 3 4 8 9 15 26 32 37 74 46 22 18 15 12 14 8 11
0 1 6 5 7 7 11 9 7 7 7 12 9 11 9 17 10 4 10 7 4 2 1 1 0 2 1 0 2 2 0 1 1 1 4 6 5 3 2 8 13 7 7 8 31 74 45 28 26 29 26 28 29 44 57 60 38 33 12 12 5 4 6 18 19 12 3 3 4 2 1 1 0 0 0 1 3 3 4 5 13 11 23 21 45 54 52 52 32 22 27 39 18 13 8 7
1 2 3 5 8 8 13 5 7 5 3 7 5 12 6 11 8 5 3 5 1 1 1 1 1 0 1 1 1 1 0 1 1 1 1 4 3 12 6 2 9 24 18 27 43 21 28 19 16 21 19 19 34 37 36 43 50 38 35 16 18 13 7 11 14 9 3 3 1 1 0 0 0 0 1 1 3 4 5 10 24 15 33 29 25 63 80 52 38 47 56 42 18 10 9 3
1 2 2 6 4 4 5 13 2 6 3 3 5 6 3 7 5 2 1 2 1 1 0 1 0 0 0 0 0 0 0 0 3 1 1 1 9 4 7 7 4 8 46 63 72 40 18 11 26 32 34 17 26 39 34 40 38 15 22 32 17 12 6 10 5 8 4 2 1 1 1 1 1 1 1 3 5 13 19 28 38 37 41 26 18 37 69 40 31 63 56 29 18 13 9 5
0 0 2 3 3 3 2 4 2 3 2 2 2 4 2 2 4 1 1 1 0 0 0 0 0 0 0 0 0 0 0 1 1 4 2 3 2 4 7 3 8 8 9 27 30 22 23 13 28 22 37 25 25 27 28 50 32 24 8 8 10 6 2 4 1 8 4 3 2 2 1 1 1 2 4 6 9 22 31 47 55 65 47 32 22 25 43 46 55 49 29 16 9 9 12 10
0 0 1 1 1 3 2 2 2 2 2 2 1 3 1 1 1 0 0 0 0 0 0 0 0 0 0 0 0 0 0 0 0 0 0 2 1 2 3 3 6 14 38 26 25 13 17 7 11 14 25 21 24 32 41 29 26 12 5 1 7 16 6 11 9 7 6 5 3 1 0 1 2 5 5 6 12 35 39 58 75 67 55 54 28 32 70 71 59 40 33 22 17 20 16 7
0 0 0 1 1 2 4 5 8 1 1 2 0 1 0 0 1 0 0 0 0 0 0 0 0 0 0 0 0 1 1 0 1 1 2 3 4 6 6 10 16 22 31 45 44 48 56 27 29 46 38 25 25 23 21 23 12 6 4 10 7 21 24 13 7 4 2 1 1 0 1 4 5 7 12 8 18 38 49 61 59 75 61 63 48 75 56 59 41 53 49 48 36 26 15 10
0 0 0 0 0 1 1 1 1 1 1 1 0 0 0 0 0 0 0 0 0 0 0 0 0 0 0 0 0 0 4 8 4 4 11 4 7 5 9 9 22 29 28 53 32 23 27 7 17 37 54 45 27 18 19 20 21 18 36 21 13 15 10 11 5 1 1 0 1 0 5 7 15 10 19 13 15 28 51 63 80 66 69 62 73 53 56 59 35 38 67 59 48 24 17 24
0 0 0 0 0 0 1 1 1 1 0 0 0 0 0 0 0 0 0 0 0 0 0 0 0 0 0 1 1 0 1 3 24 9 20 49 44 25 29 23 11 49 55 46 66 54 59 37 32 42 40 38 44 22 22 44 40 30 20 13 14 24 17 6 1 1 2 1 0 0 2 6 22 28 26 15 20 16 34 35 74 80 75 42 36 79 49 59 61 65 47 53 45 39 29 29
0 0 0 0 0 0 0 1 1 1 0 0 0 0 0 0 0 2 0 0 1 0 0 0 0 0 0 0 0 0 1 1 2 25 14 50 57 54 55 45 41 24 68 71 74 51 70 45 34 39 27 26 15 21 9 10 17 22 19 13 10 7 2 1 0 2 3 1 1 2 4 9 18 33 36 19 23 31 34 32 59 74 67 29 63 62 51 73 77 60 62 59 56 41 54 44
0 0 0 0 0 0 0 0 0 0 0 0 0 0 0 0 0 0 0 0 0 1 1 0 0 0 0 0 0 0 1 1 2 4 3 21 68 31 65 32 40 40 40 66 60 56 41 26 57 51 42 39 44 42 29 19 17 13 12 11 8 2 2 1 2 1 2 1 1 2 4 13 22 41 62 40 29 37 51 53 63 73 47 41 60 27 16 35 53 33 33 52 43 49 34 20
0 0 0 0 0 0 0 0 0 0 0 0 0 0 0 0 0 0 0 0 0 0 2 1 0 0 0 1 0 1 1 1 2 7 4 8 34 51 55 54 54 44 52 45 51 66 62 40 20 48 46 47 42 48 43 23 17 7 9 6 4 3 2 5 1 0 1 1 2 4 10 9 26 32 52 62 36 32 38 67 63 81 34 38 67 31 36 35 27 23 22 38 38 34 12 6
0 0 0 0 0 0 0 0 0 0 0 0 0 0 0 0 0 0 0 0 0 0 0 1 1 0 0 1 1 1 2 2 4 10 11 13 14 48 36 46 20 28 21 34 35 38 14 47 34 33 43 33 32 40 40 40 32 23 17 22 11 7 6 2 1 0 1 2 5 9 17 22 25 30 32 63 72 46 63 49 73 64 52 73 31 37 44 42 52 58 38 46 43 29 14 6
0 0 0 0 0 0 0 0 0 0 0 0 0 0 0 0 0 0 0 0 0 0 0 1 0 0 0 0 0 0 1 2 4 7 13 23 12 15 19 12 24 16 8 11 19 31 29 41 25 24 37 33 31 26 25 26 22 16 14 11 5 3 3 1 1 1 2 4 12 13 16 25 36 29 38 36 82 39 38 62 69 48 55 65 59 54 43 72 71 34 40 35 27 12 7 5
0 0 0 0 0 0 0 0 0 0 0 0 0 0 0 0 0 0 0 0 0 0 0 0 0 0 0 1 0 1 3 2 3 9 11 25 27 16 13 7 8 14 19 20 33 35 28 19 24 35 31 28 22 28 23 22 19 8 7 5 4 2 1 0 1 2 5 11 13 19 31 17 10 37 69 55 74 49 47 61 65 60 46 57 43 31 33 61 55 55 30 25 19 10 8 3
0 0 0 0 0 0 0 0 0 0 0 0 0 0 0 0 0 0 0 0 0 0 0 0 2 1 1 1 1 1 2 4 6 11 12 24 29 48 36 14 16 11 13 14 19 18 23 15 12 23 22 28 29 26 17 14 11 6 7 5 4 2 1 1 1 5 14 13 17 24 30 31 20 40 60 43 64 73 46 55 57 63 64 64 45 57 43 50 57 52 41 33 17 13 7 7
0 0 0 0 0 0 0 0 0 0 0 0 0 0 0 1 0 0 0 0 0 0 0 0 0 0 1 3 6 3 3 4 8 15 19 20 28 39 53 52 24 18 20 29 32 22 14 20 31 25 37 38 20 16 23 15 20 13 6 4 2 1 2 3 2 8 15 27 36 40 35 38 26 40 74 44 22 59 81 52 65 67 61 54 44 37 14 37 57 51 32 18 17 15 20 16
0 0 0 0 0 0 0 0 0 0 0 0 0 0 0 0 0 0 0 0 0 0 0 0 1 1 0 1 1 8 12 12 15 24 21 17 33 52 61 52 30 29 27 39 40 47 30 47 33 21 10 12 18 20 7 10 9 8 3 4 4 2 2 4 7 14 20 37 50 52 47 52 39 45 64 68 26 46 60 54 53 34 27 18 27 43 25 31 40 35 29 24 24 21 21 17
0 0 0 0 0 0 0 0 0 0 0 0 0 0 0 0 0 0 0 0 0 0 0 0 0 1 1 0 0 6 4 27 47 23 26 34 30 35 55 58 54 60 47 32 48 63 39 42 38 23 24 25 14 22 13 8 10 12 11 8 3 1 4 7 13 15 21 45 45 64 55 64 39 37 56 68 53 29 61 33 25 15 30 24 27 14 15 25 48 50 31 28 33 29 22 9
0 0 0 0 0 0 0 0 0 0 0 0 0 0 0 0 0 0 0 0 0 0 0 0 0 1 2 1 1 1 1 1 20 23 21 21 19 41 37 29 28 22 21 22 34 56 36 36 33 33 25 20 13 8 6 12 17 12 8 7 2 1 3 4 11 25 38 44 41 55 77 57 60 34 32 60 48 67 38 24 29 21 22 25 37 20 31 41 41 22 26 40 48 30 23 8
0 0 0 0 0 0 0 0 0 0 0 0 0 0 0 0 0 0 0 0 0 0 0 0 0 0 1 1 3 3 2 5 8 6 4 9 18 29 18 27 16 18 11 19 22 27 28 43 24 22 21 21 25 21 6 10 12 16 12 5 1 0 1 7 10 21 20 19 26 28 49 72 78 34 21 45 27 58 22 36 19 21 15 27 34 38 41 22 38 34 43 51 32 24 14 8
0 0 0 0 0 0 0 0 0 0 0 0 0 0 0 0 0 0 0 0 0 0 0 0 0 0 2 2 1 1 1 2 7 13 10 10 26 35 32 29 33 29 48 43 28 30 34 40 37 27 12 20 17 14 18 15 14 8 5 2 0 1 2 5 12 21 28 49 36 22 36 40 57 62 35 30 55 41 32 28 13 28 33 27 16 37 46 41 53 61 40 40 23 14 11 15
0 0 0 0 0 0 0 0 0 0 0 0 0 0 0 0 0 0 0 0 0 0 0 0 4 7 3 1 4 9 9 6 12 15 15 16 27 44 37 38 46 37 30 34 34 34 51 58 41 32 36 30 38 38 25 11 8 8 5 2 1 4 3 6 18 27 44 57 55 35 24 26 44 58 61 32 62 38 42 42 37 25 35 47 42 42 59 53 48 59 59 33 33 23 11 11
0 0 0 0 0 0 0 0 0 0 0 0 0 0 0 0 0 0 0 0 0 0 0 1 3 10 9 3 1 3 6 7 5 7 14 13 16 25 24 51 63 38 45 46 60 57 53 59 47 42 47 53 40 26 24 19 18 8 6 3 1 5 5 14 25 40 61 56 39 39 34 40 41 30 19 66 62 39 32 30 23 30 51 48 54 65 63 72 62 57 36 27 23 24 16 11
0 0 0 0 0 0 0 0 0 0 0 0 0 0 0 0 0 0 0 0 0 0 1 5 6 2 6 5 4 8 10 9 7 5 8 8 18 26 39 38 32 35 68 64 72 65 51 38 36 34 18 31 39 23 18 16 9 7 6 2 1 5 5 17 32 47 57 54 51 59 49 41 63 58 42 41 56 47 23 30 34 48 51 35 51 56 57 46 63 37 25 22 35 23 17 14
0 0 0 0 0 0 0 0 0 0 1 1 0 0 0 0 0 0 0 0 0 0 0 3 1 1 4 10 11 27 57 13 24 16 10 6 13 49 39 43 58 17 22 12 20 41 28 45 30 37 32 34 35 31 15 10 10 8 7 2 2 7 10 19 42 66 57 52 39 72 80 33 62 72 68 50 35 35 34 20 32 31 40 60 54 52 40 39 46 42 43 47 40 36 18 6
0 0 0 0 0 0 0 0 0 0 0 0 0 0 0 0 0 0 0 0 0 0 1 1 0 0 0 7 7 7 18 56 22 32 32 31 34 38 31 33 47 50 40 50 52 37 43 59 47 47 44 27 23 21 19 15 14 12 10 4 4 12 31 35 47 55 56 51 41 36 60 74 38 57 63 60 46 23 44 33 48 54 40 34 50 51 42 35 41 63 58 52 31 19 17 7
0 0 0 0 0 0 0 0 0 0 0 0 0 0 0 0 0 0 0 0 0 0 0 3 1 0 1 1 4 9 4 9 32 25 47 48 31 9 11 11 26 34 34 44 59 64 51 35 54 49 36 47 41 25 19 27 15 12 12 4 7 18 40 54 65 70 51 43 68 56 37 29 62 64 45 57 39 34 62 60 22 22 27 38 41 34 53 45 51 36 37 23 15 15 8 7
0 0 0 0 0 0 0 0 0 0 0 0 0 0 0 0 0 0 0 0 0 1 1 3 2 1 1 2 4 5 5 2 2 5 8 9 10 10 11 8 7 15 15 21 46 50 37 59 58 55 51 47 43 38 35 31 25 14 11 3 13 24 37 62 71 66 51 59 57 73 49 44 25 21 35 36 60 47 28 37 33 47 46 57 52 47 61 58 36 25 25 25 16 6 8 8
0 0 0 0 0 0 0 0 0 0 0 0 0 0 0 0 0 0 0 0 0 1 1 2 1 0 1 4 3 7 9 3 14 21 28 27 24 22 24 12 11 14 44 54 58 42 52 50 56 59 57 48 45 43 36 32 26 16 7 2 5 20 55 66 60 72 54 60 58 46 81 53 36 22 11 53 32 48 39 42 48 64 65 61 53 65 55 48 31 27 26 23 13 9 12 15
0 0 0 0 0 0 0 0 0 0 0 0 1 1 0 1 0 0 0 0 0 1 1 1 1 3 1 3 4 8 5 13 15 11 17 20 17 21 10 19 44 57 33 36 31 47 45 45 58 51 60 58 49 42 38 36 20 16 9 6 5 12 35 65 82 71 51 61 54 43 36 47 51 12 7 18 55 61 61 52 51 54 59 69 63 47 54 42 58 38 25 20 8 16 9 31
0 0 0 0 0 0 0 0 0 0 0 0 0 1 1 0 0 0 0 0 0 0 1 3 3 1 2 3 2 3 5 28 10 11 18 23 23 16 24 29 55 48 49 48 53 56 58 54 67 61 63 54 52 45 43 25 19 15 16 7 9 13 34 53 73 60 68 71 57 68 60 56 45 16 16 28 43 39 51 44 47 46 48 55 48 45 48 55 61 57 29 26 20 24 18 41
0 0 0 0 0 0 0 0 0 0 0 0 0 3 0 0 0 0 0 0 0 0 1 1 1 1 5 1 3 3 9 7 14 21 18 21 23 28 39 35 28 44 52 60 60 65 59 70 67 48 44 45 43 49 49 31 24 19 15 6 10 18 32 49 62 54 45 61 73 54 67 50 45 17 30 37 43 47 35 33 42 44 37 33 36 41 42 44 40 48 44 37 17 33 38 37
0 0 0 0 0 0 0 0 0 0 0 0 0 0 0 0 0 0 0 0 0 1 1 1 0 2 1 2 4 9 13 14 15 19 15 20 32 34 42 38 44 59 64 50 46 64 68 69 56 56 51 51 45 38 36 41 38 21 10 7 11 26 39 50 50 54 43 45 66 77 63 51 36 64 45 24 17 25 36 41 36 44 45 45 35 46 32 50 40 35 42 37 19 34 36 31
0 0 0 0 0 0 0 0 0 0 0 0 0 0 0 0 0 0 0 0 0 0 0 1 1 1 1 3 9 2 2 4 14 13 19 27 32 33 34 36 43 55 44 51 65 63 67 71 53 58 53 50 44 31 34 40 24 22 20 8 9 18 51 57 62 52 46 39 36 35 42 38 36 45 8 18 23 27 24 28 31 32 31 52 48 48 45 45 37 37 41 24 23 39 33 45
0 0 0 0 0 0 0 0 0 0 0 0 0 0 0 0 0 0 0 0 0 0 2 3 1 1 1 3 2 2 4 6 10 10 16 23 27 29 25 53 42 35 38 55 30 50 69 72 72 68 39 42 39 48 46 35 28 31 20 9 4 15 26 51 54 52 77 52 50 44 35 16 26 37 20 26 34 27 27 27 39 36 44 47 49 22 27 23 33 51 40 15 30 49 49 47
0 0 0 0 0 0 0 0 0 0 0 0 0 0 0 0 0 0 0 0 0 1 1 0 1 1 1 1 2 3 5 5 5 9 12 31 17 18 36 29 26 51 62 34 54 56 59 67 59 44 42 53 55 52 49 50 44 38 24 13 6 14 35 42 48 65 72 80 43 48 34 17 16 46 43 16 27 36 45 25 28 33 46 44 34 15 41 39 34 26 18 8 35 48 47 44
0 0 0 0 0 0 0 0 0 0 0 0 0 0 0 0 0 0 0 0 0 0 0 0 1 0 0 1 2 3 7 6 5 10 14 19 16 27 38 40 29 27 35 48 47 55 44 51 52 54 53 64 64 43 46 46 46 30 28 16 10 24 31 47 56 57 67 71 57 53 34 30 34 41 22 16 20 23 34 37 27 60 50 30 40 48 42 35 22 13 10 22 41 48 43 45
0 0 0 0 0 0 0 0 0 0 0 0 0 0 0 0 0 0 0 0 0 0 0 0 0 1 1 1 3 3 4 3 4 6 17 10 34 30 37 20 14 17 27 44 56 53 54 59 63 65 63 62 51 41 35 34 32 31 30 27 15 30 42 54 63 59 48 40 57 65 48 14 22 43 15 18 42 43 43 51 49 37 40 41 46 51 28 32 21 17 18 37 41 43 32 42
0 0 0 0 0 0 0 0 0 0 0 0 0 0 0 0 0 0 0 0 0 0 0 0 0 1 1 2 1 1 2 3 4 5 22 9 6 3 5 14 17 36 50 58 61 58 54 61 50 67 53 50 59 41 47 33 30 32 29 30 19 41 52 49 62 55 45 23 37 52 44 19 29 35 15 9 21 49 53 52 56 30 42 45 43 48 29 24 39 20 35 38 21 45 43 42
0 0 0 0 0 0 0 0 0 0 0 0 0 0 0 0 0 0 0 0 0 0 0 0 1 1 1 1 1 1 4 3 2 19 3 2 9 14 16 20 35 49 45 55 61 66 64 63 51 55 55 55 57 56 52 49 43 33 32 18 35 45 62 75 63 54 39 40 43 38 42 15 20 24 36 20 23 29 47 54 45 52 38 44 48 41 33 12 18 33 32 19 28 34 57 39
0 0 0 0 0 0 0 0 0 0 0 0 0 0 0 0 0 0 0 0 0 0 0 0 1 1 1 1 1 1 3 3 4 4 1 3 5 9 18 54 34 35 50 56 59 65 56 53 50 44 51 54 56 45 52 40 48 46 33 32 38 62 49 62 57 48 38 47 43 28 45 31 17 27 28 21 27 33 34 38 50 43 34 36 43 34 21 7 17 42 21 31 38 35 53 33
0 0 0 0 0 0 0 0 0 0 0 0 0 0 0 0 0 0 0 0 1 0 0 0 1 0 1 1 1 1 3 11 4 1 1 5 4 16 25 27 33 47 52 37 46 52 55 57 46 52 52 53 55 55 55 53 52 49 37 35 37 41 45 43 55 67 47 63 57 34 22 17 23 21 30 36 24 25 25 28 36 36 33 42 44 33 16 10 34 34 34 50 53 36 42 31
0 0 0 0 0 0 0 0 0 0 0 0 0 0 0 0 0 0 0 0 0 0 0 0 0 1 1 0 2 2 5 3 1 1 5 2 6 5 11 34 48 31 26 63 61 40 51 56 56 54 53 54 53 53 54 55 52 36 37 38 40 57 36 37 30 48 65 62 49 38 40 31 14 21 15 17 13 19 32 42 32 40 34 49 50 17 11 32 26 35 46 51 41 24 36 33
0 0 0 0 0 0 0 0 0 0 0 0 0 0 0 0 0 0 0 0 0 0 0 0 0 0 0 0 2 2 2 0 1 1 3 8 4 7 16 24 29 29 42 22 38 34 49 65 53 53 54 55 55 52 55 54 39 27 41 52 41 54 44 42 38 45 44 69 34 24 9 18 11 6 8 18 28 24 24 29 32 28 50 48 26 15 23 31 35 30 32 39 50 34 35 32
0 0 0 0 0 0 0 0 0 0 0 0 0 0 0 0 0 0 0 0 0 0 0 0 0 0 0 1 3 1 1 0 1 1 5 8 8 6 9 15 17 31 27 22 29 62 52 50 49 65 56 52 54 54 54 52 36 27 48 51 65 64 45 43 32 46 49 41 42 16 8 5 8 13 13 28 23 29 26 34 28 38 30 23 16 24 37 40 31 45 40 27 26 32 25 20
0 0 0 0 0 0 0 0 0 0 0 0 0 0 0 0 0 0 0 0 0 0 0 0 1 0 0 1 1 1 1 1 2 3 8 6 5 7 6 5 7 20 40 37 45 38 47 51 62 51 53 67 36 52 51 38 23 46 54 51 73 62 40 48 32 25 32 48 31 5 17 6 6 12 16 21 24 29 35 30 29 40 21 28 21 35 38 41 30 31 35 23 24 29 32 25
0 0 0 0 0 0 0 0 0 0 0 0 0 0 0 0 0 0 0 0 0 0 0 0 0 0 0 1 0 0 0 0 2 5 6 5 3 5 4 7 14 20 28 49 33 36 40 63 48 49 67 55 55 54 39 37 23 42 62 58 59 61 41 47 45 28 27 18 31 4 6 15 15 10 14 19 33 29 44 47 35 36 16 14 20 35 43 44 45 39 32 33 21 24 39 29
0 0 0 0 0 0 0 0 0 0 0 0 0 0 0 0 0 0 0 0 0 0 0 0 0 0 0 0 0 0 1 1 3 4 1 1 4 3 5 5 8 16 26 40 44 33 59 38 58 66 49 49 54 54 40 37 23 40 61 60 48 52 30 30 42 20 32 8 12 3 3 14 5 12 17 22 28 45 69 46 46 19 14 18 30 34 39 40 28 17 23 40 16 17 29 43
0 0 0 0 0 0 0 0 0 0 0 0 0 0 0 0 0 0 0 0 0 0 0 0 0 0 0 0 0 0 1 0 1 1 0 2 1 2 3 8 12 19 27 33 30 20 43 53 53 49 56 48 50 52 52 34 33 38 61 70 56 45 34 22 34 27 8 7 15 2 7 6 7 11 13 23 44 28 31 41 18 12 16 32 31 37 45 38 20 21 29 14 8 11 17 40
0 0 0 0 0 0 0 0 0 0 0 0 0 0 0 0 0 0 0 0 0 0 0 0 0 0 0 0 1 0 1 1 1 1 0 1 2 2 2 3 5 15 13 18 31 16 15 16 32 38 53 49 48 50 36 22 37 47 58 55 67 49 23 18 19 21 10 2 7 0 1 2 6 12 22 36 44 46 42 43 21 12 19 30 29 52 54 41 25 23 25 24 20 10 14 27
0 0 0 0 0 0 0 0 0 0 0 0 0 0 0 0 0 0 0 0 0 0 0 0 0 0 0 0 0 0 1 0 0 0 0 1 1 1 2 2 9 11 8 17 10 16 20 32 35 51 42 50 51 35 32 20 31 45 58 51 50 23 21 20 17 5 6 4 4 1 1 3 4 4 20 42 43 42 27 28 13 17 28 27 30 50 42 15 22 32 17 27 11 12 15 29
0 0 0 0 0 0 0 0 0 0 0 0 0 0 0 0 0 0 0 0 0 0 0 0 0 0 0 0 0 0 0 0 0 0 1 1 2 2 2 6 5 8 16 9 12 15 31 31 44 36 38 42 48 32 15 30 34 66 52 45 32 29 15 26 13 5 3 8 2 1 3 7 10 23 36 36 32 16 16 9 12 26 25 27 29 51 45 11 12 26 16 31 13 12 15 43
0 0 0 0 0 0 0 0 0 0 0 0 0 0 0 0 0 0 0 0 0 0 0 0 0 0 0 0 0 0 0 0 0 1 2 1 1 2 3 2 8 8 6 12 12 22 29 42 45 39 51 40 30 32 19 31 34 54 61 27 24 20 7 4 8 6 2 3 2 4 7 5 10 17 15 31 26 20 8 21 16 24 28 40 30 43 44 16 16 17 8 34 13 12 13 23
0 0 0 0 0 0 0 0 0 0 0 0 0 0 0 0 0 0 0 0 0 0 0 0 0 0 0 0 0 0 0 0 2 1 0 1 1 1 2 4 12 8 15 7 13 29 36 26 29 50 44 31 28 29 17 41 52 39 39 34 14 12 10 3 9 7 2 1 2 4 3 5 15 14 26 18 24 26 15 28 26 22 26 36 25 25 28 22 26 15 12 35 12 12 10 17
0 0 0 0 0 1 0 0 0 0 0 0 0 0 0 0 0 0 0 0 0 0 0 0 0 0 0 0 0 0 0 1 0 0 0 1 0 0 2 3 5 3 19 11 16 29 14 22 37 35 28 29 25 25 25 40 41 41 25 21 8 6 6 4 2 4 2 0 1 6 3 8 15 25 22 26 31 31 19 24 24 32 25 29 19 16 21 21 18 15 13 31 12 9 12 15
0 0 0 0 0 0 0 0 0 0 0 0 0 0 0 0 0 0 0 0 0 0 0 0 0 0 0 0 0 0 1 1 0 0 1 0 0 0 1 2 2 4 9 13 14 15 18 19 27 27 24 25 20 22 28 24 30 41 19 8 11 3 4 3 2 1 0 0 0 1 4 16 27 23 18 21 21 10 14 19 20 28 25 28 18 22 29 31 21 16 11 21 19 5 13 16
0 0 0 0 0 0 0 0 0 0 0 0 0 0 0 0 0 0 0 0 0 0 0 0 0 0 0 0 0 0 0 0 0 0 0 0 0 0 3 1 1 1 8 5 14 10 13 10 25 28 18 18 15 16 21 29 24 30 15 9 4 3 2 2 0 0 1 2 1 2 4 12 16 10 13 14 8 11 20 17 18 26 27 13 18 17 23 25 16 15 9 15 16 5 6 16
0 0 0 0 0 0 0 0 0 0 0 0 0 0 0 0 0 0 0 0 0 0 0 0 0 0 0 0 0 0 0 0 0 0 1 0 1 0 4 1 0 1 7 5 10 8 11 18 18 19 18 15 14 27 27 15 21 13 9 3 3 3 1 1 0 0 1 2 2 1 7 12 25 29 29 9 10 10 17 24 28 16 22 12 17 24 19 18 12 13 7 10 15 11 3 6
0 0 0 0 0 0 0 0 0 0 0 0 0 0 0 0 0 0 0 0 0 0 0 0 0 0 0 0 0 0 0 0 0 1 0 1 1 1 8 3 1 2 1 6 6 5 14 6 13 13 9 12 10 21 27 13 11 8 6 5 1 1 1 1 1 0 1 1 1 1 5 10 19 40 22 10 11 16 13 26 22 19 15 15 8 18 17 19 12 14 4 9 6 6 4 3
0 0 0 0 0 0 0 0 0 0 0 0 0 0 0 0 0 0 0 0 0 0 0 0 0 0 0 0 0 0 0 0 0 0 0 1 0 1 3 2 1 2 1 7 4 3 5 3 7 9 11 7 7 11 12 25 4 4 2 2 1 0 0 0 0 0 1 1 1 2 6 10 9 29 16 7 17 15 13 13 20 15 12 10 9 16 11 19 9 8 3 7 6 2 3 2
0 0 0 0 0 0 0 0 0 0 0 0 0 0 0 0 0 0 0 0 0 0 0 0 0 0 0 0 0 0 0 0 0 0 0 0 0 0 0 4 1 2 2 5 1 4 3 5 7 4 7 5 6 5 10 8 7 2 1 0 1 0 0 0 0 0 1 1 2 2 5 11 13 14 9 15 13 13 12 8 11 13 15 8 5 12 10 10 9 4 2 8 4 4 3 1
0 0 0 0 0 0 0 0 0 0 0 0 0 0 0 0 0 0 0 0 0 0 0 0 0 0 0 0 0 0 0 0 0 0 0 0 0 0 0 2 3 3 2 1 1 2 2 4 3 1 6 4 4 3 4 7 3 3 1 0 0 0 0 0 0 0 0 1 2 4 12 11 12 5 15 12 12 19 14 8 6 10 8 8 9 12 4 8 4 2 2 8 3 5 2 1
0 0 0 0 0 0 0 0 0 0 0 0 0 0 0 0 0 0 0 0 0 0 0 0 0 0 0 0 0 0 0 0 0 0 0 0 0 0 0 1 5 3 1 1 1 2 3 1 2 1 2 3 2 5 4 2 1 1 1 0 0 0 0 0 0 0 1 1 3 4 9 14 4 5 8 7 14 8 6 4 4 2 6 8 5 3 4 5 3 2 1 6 2 3 3 1
