sesion_6_simulaciones/modelos_agentes/ejemplos_netlogo/scenarios/echam4_b2/rob_2036.asc
NCOLS 322 
NROWS 307 
XLLCORNER 451900 
YLLCORNER 4086900 
CELLSIZE 100 
NODATA_value -9999 
[rows 0 to 73 of 307, columns 96 to 191 of 322]
38 12 1 2 7 8 8 6 5 4 15 13 18 32 36 10 17 11 10 4 14 11 9 25 10 6 11 12 15 12 5 4 8 14 10 7 7 15 27 9 6 26 65 70 80 69 83 82 87 79 78 85 65 36 53 48 59 24 37 36 38 22 20 11 40 48 51 13 11 38 46 27 22 28 24 17 19 24 13 57 39 21 30 27 32 19 20 24 32 51 32 24 21 8 16 31
2 4 3 2 4 14 7 5 4 9 8 13 36 31 22 16 4 4 3 6 10 2 4 5 12 7 12 6 8 30 15 5 5 9 5 7 13 15 23 28 31 44 40 41 83 85 85 83 93 74 88 79 45 40 74 28 19 21 11 21 6 29 18 10 25 14 15 41 40 35 24 48 63 36 48 55 59 25 29 32 27 23 36 36 41 25 25 34 41 38 48 39 48 26 34 33
0 1 1 5 4 8 7 4 4 6 4 8 14 17 4 4 5 14 12 16 25 3 6 5 7 9 14 6 12 17 25 18 3 8 29 26 28 34 41 45 53 62 47 51 16 11 23 50 91 83 82 81 41 73 71 67 42 18 19 23 19 49 76 71 76 53 40 65 28 39 36 37 49 45 51 68 74 69 46 33 31 30 43 43 46 35 36 55 37 40 51 41 45 52 38 39
0 0 0 1 1 1 1 8 4 1 2 4 7 14 12 15 12 24 24 23 9 2 8 12 2 5 7 9 9 6 11 12 8 20 31 24 48 49 66 76 80 80 67 27 13 16 8 13 51 23 31 33 16 39 66 28 59 10 10 20 35 54 82 81 80 83 78 58 62 53 52 61 47 46 58 54 55 28 23 34 46 45 59 59 56 42 39 51 37 33 54 56 38 47 36 50
1 1 1 0 0 0 1 7 13 3 10 6 5 6 20 16 12 43 19 10 9 5 9 19 16 11 7 9 8 21 28 17 8 21 45 47 54 67 81 85 86 77 66 39 23 11 14 37 23 17 21 29 9 45 23 42 54 35 8 14 56 74 61 78 70 47 75 42 56 72 72 55 50 36 61 46 47 40 42 45 55 49 80 61 46 47 45 60 44 44 57 69 37 58 57 62
2 1 0 1 0 1 1 3 12 22 7 11 4 8 14 7 22 18 24 14 5 4 15 12 14 12 10 11 5 6 14 25 23 10 52 67 70 80 84 76 79 77 73 50 20 26 24 26 30 25 34 50 12 21 27 46 29 30 21 20 58 68 29 15 23 37 42 22 21 46 18 56 78 59 55 35 41 40 41 58 51 58 63 58 65 51 51 67 65 44 61 43 58 53 72 36
0 1 3 2 1 1 2 1 6 19 17 8 4 6 9 18 9 21 30 24 21 12 5 7 12 14 19 17 9 5 8 32 35 22 41 77 82 82 75 76 75 72 41 22 28 58 31 44 42 42 33 33 32 38 50 39 19 34 41 18 13 16 14 21 12 17 50 65 42 44 21 43 37 19 58 62 63 59 43 60 49 39 50 44 63 66 55 69 68 43 70 59 57 48 34 30
0 0 1 1 1 2 2 1 2 7 50 49 33 16 14 9 9 14 14 12 30 45 16 22 36 23 16 7 13 12 12 17 33 59 42 63 72 76 74 70 62 29 32 24 52 45 36 61 48 47 27 30 51 58 44 45 35 59 66 67 46 21 4 4 21 13 40 20 44 26 44 30 14 32 20 51 58 84 67 37 58 65 50 53 78 55 56 60 65 63 51 38 19 27 28 22
0 0 1 1 1 2 2 1 2 3 16 40 65 56 27 46 12 8 8 26 28 16 16 23 20 7 15 14 10 16 25 25 47 71 80 54 32 42 29 27 37 23 16 30 59 50 28 41 46 38 34 23 76 50 43 57 47 58 23 44 69 53 29 4 15 20 12 11 6 17 47 41 19 19 41 23 34 38 48 70 64 84 55 63 46 31 39 78 56 56 46 75 54 38 29 35
0 0 0 0 1 3 2 1 2 4 8 1 3 3 2 2 15 9 9 13 12 13 18 12 29 21 20 13 17 23 27 58 55 46 65 57 50 48 25 22 11 10 13 29 59 41 16 18 29 40 38 28 35 82 72 73 23 37 18 59 50 50 15 18 5 12 9 5 15 29 29 33 40 30 39 55 24 22 63 68 44 67 53 49 31 37 29 40 41 58 33 45 74 69 31 22
1 0 1 1 2 1 3 3 4 1 3 1 6 5 3 3 8 5 23 8 15 12 15 10 28 14 7 15 26 40 58 59 81 69 47 44 40 59 55 32 18 7 5 9 36 14 13 21 34 26 40 24 39 49 80 63 37 28 36 59 29 29 18 6 11 14 17 8 27 37 39 45 27 19 45 60 43 20 19 54 40 29 49 63 37 41 28 34 70 56 51 39 66 80 57 34
1 1 2 2 2 3 3 7 7 6 2 3 11 13 8 8 11 25 24 12 44 20 10 13 15 13 9 11 20 71 70 63 63 56 45 34 34 49 49 32 16 7 7 15 19 10 10 33 20 26 52 25 39 55 35 46 35 35 46 42 20 18 37 26 13 10 28 23 32 62 71 72 21 32 48 55 42 23 23 60 39 11 35 63 34 43 37 31 53 37 28 37 52 61 62 57
0 1 1 2 3 2 3 2 4 8 8 5 2 3 5 15 26 25 35 22 54 53 18 11 8 13 8 18 32 53 74 53 50 42 41 46 49 20 24 40 15 6 6 19 17 8 15 19 24 38 56 44 43 65 47 37 44 41 53 22 18 20 31 27 15 11 10 25 42 29 48 48 34 28 33 56 32 28 12 22 39 9 46 71 34 39 48 30 21 43 34 17 20 36 56 68
0 0 0 0 1 1 0 1 3 5 8 7 6 6 6 5 18 9 48 20 10 11 35 21 17 12 18 44 52 41 48 48 37 18 18 16 15 9 8 12 14 2 2 1 6 5 9 13 40 58 65 60 44 47 29 45 53 45 43 39 16 14 34 37 26 24 12 13 16 11 5 5 20 32 33 44 32 44 29 17 8 13 24 60 61 31 39 39 25 21 37 19 28 48 75 54
0 0 0 0 0 0 0 1 1 2 3 4 7 8 9 6 4 8 40 24 8 34 47 23 24 20 25 22 44 49 27 17 14 19 24 17 15 11 5 2 11 2 6 3 1 2 8 21 27 57 54 50 40 48 29 55 58 51 52 54 11 27 37 38 27 18 8 11 7 4 4 22 50 46 39 48 48 42 23 22 34 12 31 56 63 29 15 18 21 16 12 10 21 37 47 41
2 0 1 0 1 2 1 1 0 1 1 1 1 1 2 4 7 12 6 4 9 15 8 38 28 38 18 21 18 17 17 33 39 37 25 29 44 38 19 3 3 3 1 4 2 2 2 9 21 25 34 27 25 25 36 25 40 40 56 50 10 25 9 37 53 32 12 13 14 3 10 34 46 53 29 19 32 41 49 43 30 26 28 44 66 82 52 38 18 13 12 6 18 54 45 31
0 1 1 2 1 2 4 2 1 1 2 2 1 1 2 7 9 12 8 13 13 3 6 11 47 35 34 45 64 46 41 20 24 34 33 48 59 54 31 3 7 6 2 3 9 10 9 2 8 13 9 8 6 7 13 30 39 50 54 54 16 37 26 31 44 15 11 12 8 7 11 40 32 45 19 14 26 25 43 37 33 30 32 31 63 82 78 30 17 14 11 8 18 41 51 43
0 0 3 5 3 2 1 1 0 1 1 1 1 1 2 2 8 7 11 15 7 6 6 7 26 36 18 30 29 21 33 29 40 26 59 74 52 55 33 17 24 25 16 16 26 25 24 12 3 1 1 2 1 1 3 31 65 82 59 29 45 34 28 19 31 25 12 22 7 7 43 42 50 40 18 27 51 33 32 39 22 18 13 8 46 55 51 52 30 15 13 7 9 19 26 13
1 1 1 2 0 4 1 1 0 0 1 1 0 0 0 1 2 4 6 3 7 8 8 7 42 62 26 28 22 40 44 48 32 56 61 62 29 28 30 46 35 40 48 57 47 27 33 24 10 6 4 4 5 1 1 4 60 74 44 32 31 37 21 16 25 9 11 13 3 32 62 57 48 51 22 22 51 46 40 67 42 25 12 7 13 34 36 35 38 19 13 11 5 10 43 9
5 3 1 0 0 1 5 1 1 1 2 2 2 1 1 2 2 2 3 4 8 11 14 7 26 32 32 33 40 39 42 58 59 49 49 25 42 45 37 45 65 67 55 29 31 15 24 26 14 10 8 2 3 2 4 3 12 21 33 42 29 17 15 34 32 5 11 35 64 46 63 77 40 70 33 16 41 61 42 61 49 44 28 9 9 29 50 33 43 24 17 8 3 6 27 20
5 1 0 1 0 2 3 4 2 3 4 3 4 1 2 1 1 3 4 5 4 6 5 2 15 27 24 12 13 33 26 24 38 49 57 38 34 47 31 66 36 34 49 32 17 13 14 18 14 6 9 7 3 4 7 6 8 20 35 35 10 11 49 44 27 7 23 35 45 59 47 52 29 35 55 40 25 21 21 59 24 20 34 21 13 5 27 16 42 16 20 8 5 4 6 18
5 1 1 1 3 2 5 9 5 11 7 8 3 2 3 1 2 2 2 14 6 7 8 6 28 22 36 29 14 22 25 35 39 58 66 53 70 42 56 26 40 22 14 11 19 18 34 20 18 6 6 6 6 6 10 8 8 12 31 34 38 10 17 23 15 17 41 12 33 55 57 39 42 19 45 55 32 17 18 68 78 33 13 40 22 5 3 7 35 25 18 16 5 4 4 16
1 1 0 1 6 3 1 4 2 2 1 2 8 4 1 1 2 2 2 11 20 14 17 11 28 14 20 39 20 15 46 57 62 30 17 73 67 34 34 33 39 47 21 9 7 17 12 3 4 4 9 5 5 6 6 7 3 6 16 11 12 14 10 11 13 31 46 6 31 20 42 52 40 12 11 34 34 42 19 37 76 44 35 11 20 7 2 5 31 38 6 21 8 3 4 10
3 1 0 1 9 6 3 6 15 5 10 4 5 35 21 8 7 6 5 26 17 27 22 14 29 22 15 47 43 27 25 21 10 8 9 25 36 46 21 39 35 46 34 26 14 3 2 1 1 1 3 2 1 2 4 2 2 3 3 7 15 14 10 16 37 35 26 12 21 21 21 36 28 25 16 48 47 30 22 11 39 45 24 36 11 5 3 3 3 16 4 9 7 3 2 3
4 5 0 2 11 6 6 2 24 9 3 9 15 20 25 23 35 13 14 11 28 32 54 33 23 24 44 34 60 38 18 12 27 25 18 2 9 36 37 16 28 46 53 47 24 14 8 5 3 3 1 1 1 0 0 0 0 1 4 9 22 14 21 26 14 36 18 23 26 23 15 21 36 40 9 34 41 24 23 13 24 39 15 5 19 8 4 3 2 5 5 5 8 2 1 1
13 15 4 6 14 4 8 3 9 12 12 15 23 33 38 27 44 50 19 17 48 74 75 82 75 66 66 48 65 51 69 69 75 47 22 20 22 17 13 25 48 33 39 41 43 33 25 14 11 9 4 3 3 3 2 2 2 2 8 16 18 17 15 16 14 29 29 39 13 30 12 9 30 20 9 21 19 9 11 9 9 13 34 5 5 3 3 1 1 2 2 3 1 1 1 1
12 11 21 15 18 4 7 6 16 25 19 14 16 49 62 46 46 73 59 73 77 79 86 83 75 81 77 71 77 82 55 30 46 54 47 25 32 26 11 8 34 38 43 57 45 37 36 22 19 16 11 9 8 7 3 6 4 4 9 9 15 10 6 9 7 33 19 33 26 26 7 10 13 16 9 17 15 22 5 8 7 3 9 5 2 7 2 1 0 1 2 1 1 1 1 1
7 21 20 14 21 19 22 17 21 37 37 51 45 55 67 84 80 67 76 44 50 61 65 82 77 74 81 79 81 82 26 16 15 15 31 37 48 26 32 24 23 49 52 43 37 35 24 51 37 23 15 15 12 11 10 10 9 2 5 7 9 6 6 13 27 43 34 16 22 9 11 5 10 10 9 5 5 7 11 5 7 4 6 4 1 5 2 1 0 0 1 1 1 1 1 0
9 29 19 14 28 23 23 24 32 52 68 78 84 87 91 89 81 77 84 69 40 22 53 69 51 48 37 64 65 59 44 11 9 7 9 15 28 23 27 32 13 25 29 29 17 15 8 16 23 20 30 28 17 16 14 22 13 3 4 4 3 7 18 27 32 23 12 12 8 15 11 15 7 5 6 4 4 4 7 4 3 3 2 1 2 1 2 1 1 0 1 0 0 1 0 0
14 29 15 20 46 42 37 55 69 81 85 86 84 87 84 90 79 78 91 46 72 36 22 42 30 18 21 22 26 28 47 31 23 5 8 5 14 11 10 26 21 17 35 13 17 12 6 11 11 6 5 5 5 9 9 4 16 8 5 3 5 9 20 24 23 16 7 15 21 10 13 8 6 4 3 2 2 2 3 3 2 2 1 1 1 0 0 0 0 0 0 0 0 0 0 0
11 43 34 37 49 66 74 82 75 87 82 90 75 88 81 85 66 69 86 75 37 45 24 13 12 9 4 4 12 14 20 59 30 10 11 8 24 47 42 27 26 16 14 7 5 8 8 2 2 3 3 9 16 18 9 7 18 10 16 5 7 10 18 12 20 7 4 8 16 14 8 5 2 4 2 1 1 0 1 1 1 1 0 0 0 0 0 0 0 0 0 0 1 0 0 1
30 49 66 67 81 88 87 86 82 84 79 90 80 77 61 76 63 73 75 78 27 47 48 19 13 3 3 1 5 7 7 15 21 12 11 16 9 16 16 18 13 12 12 18 17 9 10 4 6 7 18 38 37 21 36 6 20 20 4 2 2 7 5 12 8 9 4 2 3 4 4 4 2 1 1 1 1 1 1 2 1 1 1 1 2 2 1 1 1 1 0 1 2 1 1 2
59 75 79 84 84 81 88 81 82 73 88 71 48 60 56 53 60 62 64 71 35 21 27 18 15 9 3 4 12 13 14 25 20 8 23 18 24 24 34 23 37 23 33 31 33 27 17 14 11 13 22 49 58 57 51 23 26 21 9 11 5 1 2 2 2 2 3 2 1 1 1 1 1 2 4 3 6 3 5 3 3 4 2 4 2 8 4 1 3 2 1 1 2 2 1 3
78 82 84 75 84 82 87 75 74 57 69 16 31 23 28 42 43 33 33 55 33 14 6 5 8 12 13 10 16 7 37 46 43 29 42 45 40 33 37 36 36 38 37 35 47 32 35 20 9 37 38 39 60 47 34 29 51 29 22 34 21 12 11 10 9 8 15 9 5 5 5 5 9 8 10 5 9 8 8 7 7 7 5 5 11 7 4 3 3 2 3 2 4 2 5 5
27 42 55 50 72 69 78 75 41 9 4 6 13 8 8 9 9 17 34 49 30 9 10 18 9 11 37 26 40 30 39 45 46 42 42 62 52 30 54 46 43 56 54 50 38 34 40 28 22 30 44 43 58 70 53 53 43 31 40 39 30 30 27 29 26 20 28 18 13 7 12 12 12 13 20 13 11 18 11 16 16 9 10 9 22 7 6 5 5 4 4 3 7 8 8 12
27 19 12 12 8 11 27 31 29 10 6 7 14 12 5 3 2 4 16 23 13 8 34 11 26 36 49 42 58 42 42 38 58 44 35 55 51 30 49 54 45 60 43 38 39 42 56 41 26 29 49 51 30 77 60 69 41 44 51 39 50 36 31 31 29 18 34 21 10 15 15 17 25 16 24 15 16 26 24 21 13 13 20 15 17 10 8 7 6 6 6 5 18 12 9 9
48 60 49 23 21 15 4 10 14 6 10 13 10 5 2 3 1 8 7 11 20 39 48 25 48 45 54 50 41 18 7 19 45 43 38 48 35 39 51 60 62 41 46 40 39 58 47 31 43 38 55 65 45 78 74 42 71 64 56 38 48 39 53 49 31 32 28 23 20 12 21 31 31 21 31 30 22 34 20 25 19 28 29 37 22 10 5 13 9 9 13 16 22 8 21 11
56 44 41 26 15 11 11 11 21 22 24 23 15 4 4 11 12 13 18 30 58 62 59 38 49 38 38 49 48 41 27 19 44 40 42 40 32 41 43 53 28 20 48 53 42 76 50 49 59 33 66 43 76 80 54 62 76 65 42 55 40 53 50 38 23 37 34 28 14 27 43 49 43 26 37 39 38 42 25 21 25 35 34 26 18 9 7 18 14 8 25 28 26 9 5 32
36 46 47 36 37 21 33 29 40 40 44 49 32 22 17 27 16 22 39 48 61 47 27 46 57 40 23 35 51 47 35 23 36 44 28 53 37 65 49 35 42 28 55 38 30 77 58 60 47 36 52 77 74 61 57 51 65 75 46 59 57 64 53 28 54 48 48 33 14 32 45 71 54 38 45 50 51 38 29 20 33 61 52 39 29 11 22 44 26 10 21 46 44 17 8 33
57 60 36 37 22 33 47 41 38 54 50 50 43 39 40 35 33 44 47 50 60 48 48 57 46 31 33 46 40 47 23 39 26 20 50 59 54 46 48 33 35 22 54 23 18 57 65 62 41 46 59 47 75 27 21 17 40 64 37 67 76 60 54 71 57 53 33 14 20 52 58 80 67 48 54 66 76 48 46 23 47 72 47 31 24 18 36 56 36 19 13 62 73 42 21 31
37 50 37 44 34 46 52 53 51 48 63 52 45 43 62 30 35 50 48 47 60 60 40 59 43 43 47 44 37 57 29 50 29 25 35 60 34 41 30 43 33 38 43 29 46 44 74 61 30 42 63 59 60 40 31 22 31 44 30 75 78 68 68 71 33 49 19 17 26 59 73 76 74 58 64 73 83 43 54 27 55 82 57 28 21 27 48 67 47 28 21 56 70 56 18 38
32 36 57 42 30 39 58 41 38 40 61 51 41 53 43 39 28 49 59 40 40 50 61 55 40 39 36 29 25 75 37 48 33 34 40 60 53 39 27 38 27 44 35 28 43 44 59 30 37 28 44 79 64 54 38 36 58 36 40 71 61 67 84 50 58 49 32 31 46 48 76 77 78 51 58 76 65 42 65 35 45 73 63 51 32 34 60 74 54 39 28 43 66 43 33 45
16 25 31 26 17 17 41 35 29 37 34 38 36 49 40 36 38 35 47 43 35 23 32 54 50 38 47 31 20 35 56 66 33 28 39 61 41 23 26 36 29 47 36 30 33 48 38 35 31 31 30 60 31 34 40 40 59 29 51 59 50 68 41 53 76 40 36 37 59 49 67 85 65 40 61 78 67 46 72 43 52 73 51 49 48 37 37 74 74 45 29 48 69 49 36 51
5 15 11 14 16 15 27 32 19 36 31 40 40 36 30 43 34 28 36 42 27 19 15 48 51 35 51 19 21 45 48 54 25 26 48 36 27 34 27 42 48 23 33 50 49 37 22 51 31 23 16 40 16 25 29 46 54 64 57 33 30 23 40 76 39 48 58 33 45 56 50 76 40 38 60 76 51 49 65 33 64 68 52 54 54 57 27 35 78 45 39 45 70 65 55 46
5 4 8 8 15 7 12 12 18 28 24 39 31 29 30 33 27 25 20 25 34 17 42 36 45 42 34 32 9 28 48 57 9 16 30 44 24 12 22 26 48 27 40 24 21 28 26 11 28 30 26 35 38 24 36 41 65 59 46 67 53 31 59 48 59 66 37 37 45 64 43 70 35 37 50 72 45 63 65 32 50 54 40 68 67 64 39 35 75 61 38 53 60 47 54 43
1 2 6 8 11 4 16 12 16 20 22 37 25 17 19 28 32 38 24 9 11 9 50 8 29 35 35 26 11 17 23 35 5 5 33 11 7 7 30 8 34 19 26 22 19 22 20 57 63 81 71 60 59 51 34 49 58 46 49 57 50 44 55 26 62 37 42 45 52 71 38 56 40 54 29 50 38 60 49 40 61 44 41 59 72 42 54 37 52 46 55 43 71 75 77 64
2 1 5 3 3 9 3 5 11 13 22 25 17 24 10 25 9 27 26 10 5 16 28 11 27 35 29 36 7 8 7 11 15 17 8 8 13 15 25 15 24 20 25 48 29 65 47 79 53 62 42 45 54 73 78 63 60 29 28 67 42 44 21 33 60 42 42 48 53 70 70 62 62 55 41 70 39 70 39 37 74 35 70 61 70 47 60 46 42 64 63 71 71 76 79 88
0 2 1 1 2 5 12 3 10 7 4 7 5 15 9 17 11 24 19 19 12 23 21 37 11 11 17 16 20 18 9 5 11 7 43 56 41 32 59 81 62 58 53 81 56 47 80 79 42 64 54 44 52 75 70 55 66 65 57 77 57 70 67 53 41 51 60 54 44 47 63 69 55 79 84 79 81 89 84 66 68 76 75 74 43 86 85 74 68 37 56 48 59 79 62 66
0 1 1 2 6 14 5 3 1 0 1 2 4 15 13 13 11 17 13 13 18 16 16 37 20 9 5 6 7 7 5 11 14 4 7 39 58 18 25 66 66 67 55 75 84 48 57 62 66 66 72 32 39 75 79 45 83 76 90 85 56 68 57 67 56 70 54 73 74 27 35 73 72 50 74 80 62 79 63 83 53 70 81 72 51 83 77 63 87 79 65 36 52 67 48 37
0 0 1 1 1 2 1 1 0 2 4 3 14 10 5 14 6 16 8 7 16 10 18 22 18 10 4 5 8 16 9 2 5 5 5 14 20 13 10 49 56 36 66 82 75 31 43 41 47 56 68 33 38 62 60 74 65 61 75 82 54 25 37 71 74 77 71 67 64 71 28 63 82 43 69 84 35 27 35 85 79 55 51 58 70 74 73 78 88 77 49 70 33 29 63 69
0 1 0 0 1 2 3 1 0 3 5 7 5 7 5 11 8 10 6 4 6 12 15 9 12 13 1 2 5 12 6 3 7 4 5 4 9 35 18 52 33 53 41 42 81 60 38 30 43 42 58 59 35 70 71 89 51 77 90 90 75 21 54 63 66 83 74 80 56 79 45 37 72 45 66 84 54 40 30 74 70 70 20 19 34 70 79 72 79 66 29 73 47 34 50 61
0 1 0 0 0 1 2 2 2 2 4 8 5 3 7 13 9 7 3 4 7 11 5 6 7 6 1 3 3 9 7 6 5 5 7 12 12 14 45 81 43 60 43 65 70 74 40 37 61 51 83 85 53 68 87 92 64 86 91 83 79 42 76 81 65 57 47 40 60 84 50 30 54 31 69 73 87 47 52 83 63 74 67 29 27 46 66 62 60 42 63 89 47 29 18 18
0 0 0 0 2 0 1 3 1 1 5 4 3 2 6 11 11 7 5 6 3 5 3 3 3 10 3 6 12 20 23 20 11 16 24 29 19 33 61 63 58 25 27 68 75 53 31 29 43 55 76 71 72 50 78 91 69 75 83 79 84 75 77 88 47 50 62 36 62 76 72 48 18 34 81 79 82 72 45 86 47 64 76 48 27 23 55 46 48 22 74 88 67 44 43 15
4 0 0 0 1 0 0 1 2 2 5 3 1 2 4 6 8 2 3 4 4 3 2 2 2 7 9 24 32 8 13 10 25 34 25 26 15 28 42 44 73 38 57 31 84 41 46 39 23 44 69 69 52 29 32 69 69 78 84 82 91 78 79 79 78 56 60 47 51 59 82 60 32 28 67 77 83 81 59 71 65 58 65 78 44 26 16 19 17 32 71 52 80 47 41 21
0 2 4 1 0 0 0 1 0 1 2 2 1 1 5 3 1 2 3 3 5 3 2 3 1 3 3 3 14 10 6 27 21 21 47 35 20 11 6 28 30 21 7 7 37 32 69 61 24 17 38 20 33 17 14 24 23 61 66 67 73 74 66 63 87 54 55 45 15 69 92 46 31 27 67 59 59 67 39 50 53 21 65 80 64 39 10 11 13 23 14 35 83 45 28 30
0 1 2 5 7 1 1 1 0 0 2 0 0 0 2 1 1 3 3 2 4 4 3 5 13 34 12 5 10 9 16 15 38 40 37 35 25 31 17 9 12 34 17 8 15 22 33 44 43 17 19 15 31 18 21 39 29 17 29 48 48 24 32 65 91 74 42 43 51 73 88 54 24 15 29 41 62 46 57 60 51 15 45 65 79 28 16 8 28 35 19 37 89 60 52 51
0 2 1 3 3 11 3 1 4 2 1 0 0 0 1 1 1 1 2 6 2 13 7 5 16 28 37 6 6 21 22 13 33 46 24 12 37 34 13 13 16 47 29 17 25 22 23 19 20 11 17 41 49 45 38 37 27 21 17 12 4 2 13 74 79 78 54 26 31 66 78 74 63 27 16 38 54 38 38 25 46 33 21 66 73 56 20 11 29 24 45 79 82 83 63 53
2 6 5 3 2 3 13 1 1 1 2 9 2 0 1 0 0 1 1 0 0 2 2 5 16 21 19 21 19 37 19 13 35 23 35 36 26 42 20 32 24 37 42 24 12 38 23 27 19 8 14 50 60 68 63 55 42 37 33 27 32 28 29 50 51 64 53 20 10 39 38 74 76 35 16 40 51 35 20 32 57 27 18 17 68 75 21 9 32 44 40 67 42 77 43 22
0 0 1 4 6 4 4 1 1 4 10 10 16 8 5 6 0 1 1 1 1 1 2 3 5 8 17 36 21 27 16 19 14 8 38 43 17 17 30 48 36 44 37 27 10 17 49 39 27 15 14 32 70 71 70 69 55 55 48 48 72 74 77 65 53 51 42 25 10 6 30 44 79 58 51 16 32 39 19 4 12 20 23 35 55 72 37 16 7 21 26 23 70 76 87 49
0 0 1 7 16 9 29 5 9 6 5 2 12 12 11 3 4 0 0 0 1 3 2 3 9 7 12 25 13 11 7 26 41 29 47 33 27 37 54 29 50 46 26 32 39 39 51 52 36 25 14 18 38 63 59 70 69 67 46 37 28 41 50 53 63 61 64 52 31 2 8 41 50 57 50 41 23 10 14 12 35 26 10 16 16 56 56 14 5 10 16 21 19 59 55 66
17 6 3 2 2 13 14 2 5 13 6 7 3 5 4 2 5 1 1 0 0 1 2 8 17 4 12 19 15 23 23 62 39 22 26 37 26 28 21 9 16 51 63 43 60 48 41 38 38 37 31 13 10 12 42 42 37 59 59 52 45 40 27 30 33 51 59 60 55 47 29 52 45 62 31 31 22 14 21 13 10 11 6 23 17 51 66 12 4 15 22 15 18 19 54 70
6 14 10 4 3 18 37 18 6 6 6 6 1 3 4 1 2 5 1 1 2 3 3 11 9 10 5 8 8 7 5 7 8 26 23 24 27 31 34 33 21 9 19 63 63 73 64 48 43 21 30 27 17 8 13 22 18 13 25 30 35 47 48 35 17 18 42 55 53 38 43 65 43 66 50 30 25 26 13 7 7 15 6 10 17 12 45 18 4 8 19 20 8 6 45 69
5 6 54 20 7 9 5 22 25 15 14 6 1 5 4 6 8 8 2 3 1 4 7 7 8 8 14 34 20 14 20 31 24 28 30 50 49 49 46 50 51 41 21 14 13 54 61 56 36 24 19 25 16 7 3 3 3 3 3 3 6 16 15 21 23 10 10 17 19 16 39 41 38 35 34 34 39 34 17 18 15 12 6 5 25 33 18 26 6 2 12 17 10 28 74 26
5 5 16 14 11 8 2 1 40 66 60 55 6 9 6 3 2 19 2 6 3 3 4 5 26 7 24 34 13 21 33 38 21 29 39 47 44 52 47 48 52 42 56 48 45 25 12 9 30 30 34 11 8 5 7 12 11 11 11 9 8 3 2 2 3 2 2 2 2 8 14 26 20 17 13 10 9 24 20 15 11 5 15 11 12 22 17 30 16 3 2 11 33 71 35 63
10 6 11 47 26 10 9 4 5 52 20 8 12 9 10 8 11 1 4 8 1 1 2 5 10 5 10 10 7 11 11 16 22 31 31 35 51 63 45 57 61 63 57 57 57 42 35 31 18 10 8 5 6 15 19 29 28 29 25 30 10 2 2 7 8 14 5 7 2 1 3 10 8 4 4 5 6 9 14 25 20 5 4 5 5 6 12 22 28 6 2 9 74 37 33 47
12 10 12 21 24 29 43 8 2 2 1 2 3 7 7 31 5 10 5 9 3 1 2 3 2 2 9 9 12 11 7 13 16 25 37 41 42 48 43 61 58 46 42 41 46 33 30 40 30 25 27 25 25 40 40 38 51 51 47 35 14 9 10 18 17 12 15 5 2 2 2 1 1 1 1 1 2 2 1 2 4 3 2 1 2 2 8 13 11 6 2 31 39 14 46 44
26 17 12 3 22 23 59 53 29 22 14 9 2 4 24 12 43 34 15 9 22 12 7 3 2 2 6 6 4 5 7 19 32 16 6 19 46 52 32 26 41 48 38 28 38 29 38 39 43 38 43 27 29 46 57 58 57 57 62 45 22 19 31 27 35 34 33 20 7 5 1 1 0 1 1 3 8 5 3 2 2 1 1 1 1 1 2 4 13 13 4 43 8 4 30 48
25 23 20 25 23 42 24 16 22 41 16 23 8 15 25 51 64 44 21 16 26 6 10 13 10 5 6 2 4 5 15 5 6 6 19 23 42 61 56 48 54 45 54 43 47 41 44 45 48 30 57 50 48 43 58 62 77 75 69 48 20 41 40 52 49 62 49 34 20 8 5 5 5 7 9 14 21 13 6 6 10 11 4 2 2 1 0 1 3 16 8 27 5 5 32 64
30 30 8 7 25 22 57 54 29 29 31 50 39 16 33 74 66 44 20 40 9 29 10 13 5 2 1 10 2 8 5 2 2 23 17 22 32 47 55 52 55 41 40 45 45 48 50 63 52 40 48 65 48 50 67 75 80 70 52 41 36 49 61 61 60 75 63 43 28 11 18 18 18 22 23 23 34 22 19 18 18 15 7 11 9 4 3 1 1 5 4 5 5 3 10 24
32 34 27 9 37 52 57 50 74 50 34 16 10 45 65 56 45 31 25 69 12 44 12 9 8 5 4 12 13 4 3 6 6 16 20 34 38 52 43 54 62 48 25 43 44 41 56 68 62 39 37 67 63 53 66 80 76 62 44 33 35 67 64 65 79 73 57 46 19 14 26 26 27 38 35 51 50 49 28 29 39 28 24 30 17 14 6 1 1 3 3 6 3 1 4 10
25 8 24 13 7 44 35 25 38 61 63 46 10 28 65 55 11 14 51 66 12 61 11 10 25 20 5 11 14 31 6 2 9 8 20 15 10 16 28 27 51 36 43 43 46 33 64 45 70 41 70 61 60 49 74 84 65 59 39 52 53 65 61 74 81 72 59 53 25 38 51 52 29 48 62 60 62 50 41 46 56 47 36 39 13 7 3 2 1 0 1 2 3 1 2 2
25 22 14 24 8 16 56 66 68 50 24 25 10 35 40 56 24 46 80 51 26 58 18 12 8 16 14 22 28 10 21 32 11 8 8 12 5 14 14 28 39 36 36 55 37 46 54 54 32 33 82 39 58 50 82 61 55 60 38 48 48 60 72 81 65 72 58 42 32 49 61 61 36 60 59 71 73 59 50 55 70 52 49 24 9 8 5 7 5 1 0 0 1 1 1 1
38 17 25 22 25 22 35 55 51 52 57 31 54 19 9 5 43 86 78 47 53 54 28 31 28 18 8 25 22 24 22 7 8 4 7 3 5 10 11 40 21 30 45 46 21 39 38 43 51 56 35 27 54 75 49 61 47 37 42 40 39 58 81 69 69 54 37 40 54 68 66 66 56 65 48 53 66 44 55 59 74 39 20 16 17 19 25 12 7 2 1 0 0 0 0 0
30 31 23 22 53 34 56 78 43 44 39 49 59 64 11 3 18 26 18 11 31 62 46 23 15 28 13 20 17 16 6 1 5 10 1 5 8 9 19 19 16 17 42 16 13 19 23 42 21 15 24 31 44 61 45 38 22 30 52 53 39 77 73 70 63 65 47 42 54 70 67 54 56 67 53 28 75 59 61 76 43 40 31 31 53 53 26 12 9 4 2 1 1 0 0 0
