sesion_6_simulaciones/modelos_agentes/ejemplos_netlogo/scenarios/echam4_b2/rob_2062.asc
NCOLS 322 
NROWS 307 
XLLCORNER 451900 
YLLCORNER 4086900 
CELLSIZE 100 
NODATA_value -9999 
[rows 219 to 291 of 307, columns 0 to 95 of 322]
20 21 10 12 21 46 51 19 23 5 10 12 7 3 13 10 10 21 8 8 5 25 13 16 8 28 24 31 19 29 27 46 40 40 65 75 56 48 40 57 31 30 30 50 61 57 66 42 64 73 67 83 87 72 69 83 84 67 83 81 80 85 65 70 48 40 34 26 14 4 5 4 2 2 2 2 1 1 0 0 0 0 0 0 0 0 0 0 0 0 0 0 0 0 1 3
32 34 32 24 44 54 58 45 19 15 25 17 20 14 14 18 15 6 6 8 10 31 13 14 25 32 15 59 52 42 51 56 52 52 61 38 24 39 22 56 43 37 35 49 62 67 70 63 68 77 69 81 78 78 35 49 80 86 85 73 31 24 46 39 67 39 24 35 11 4 3 3 4 2 1 0 0 0 0 0 0 0 0 0 0 0 0 0 0 0 0 0 0 0 1 2
19 7 29 36 47 41 48 29 10 17 16 22 45 36 16 16 7 13 10 11 3 6 48 28 21 6 11 31 46 34 38 44 62 34 64 24 35 27 11 52 41 36 50 62 60 74 77 63 81 87 66 47 50 40 25 27 64 73 63 41 51 39 34 43 30 24 20 10 16 9 8 3 2 2 1 1 0 0 0 0 0 0 0 0 0 0 0 1 2 1 1 0 0 1 2 2
10 19 28 44 36 27 41 32 7 20 22 24 46 19 17 10 9 4 4 7 16 28 30 37 26 23 19 34 52 26 19 44 55 28 53 43 26 26 34 63 32 33 48 59 52 74 53 60 64 84 83 58 44 44 41 24 32 49 31 38 41 26 18 35 24 29 12 16 10 7 5 4 1 1 1 0 0 0 0 0 0 0 0 0 0 0 1 2 2 1 1 1 2 3 8 4
20 33 23 17 20 30 32 41 25 12 13 27 31 15 8 8 10 19 22 23 26 38 24 61 42 38 32 32 31 39 24 40 34 36 62 16 18 30 34 62 54 48 40 62 28 18 32 21 23 67 75 59 58 40 32 33 19 22 35 37 30 42 17 20 32 14 11 11 12 5 2 2 1 1 0 0 0 0 0 0 0 0 0 0 0 0 1 1 4 4 1 2 3 5 1 1
23 47 55 70 49 50 39 44 31 34 42 56 25 20 16 25 22 36 19 19 60 16 33 36 35 27 22 56 36 35 32 38 29 46 33 24 34 41 33 56 53 48 48 81 76 66 56 55 50 26 35 50 36 31 22 21 20 26 26 25 25 28 14 39 38 18 11 7 5 3 1 2 1 1 0 0 0 0 0 0 0 0 0 0 0 1 1 2 8 8 3 4 7 5 1 1
36 49 46 65 63 68 34 24 17 52 50 38 22 16 18 25 8 4 3 38 21 28 57 43 30 37 33 37 28 20 30 28 39 11 17 42 30 51 30 61 46 56 68 55 54 72 58 70 72 48 28 31 21 30 15 16 18 30 20 17 23 12 9 7 11 7 4 4 2 1 1 1 0 0 0 0 0 0 0 0 0 0 0 0 1 2 3 4 16 13 12 13 4 3 1 1
10 21 24 19 31 76 52 11 35 38 53 23 38 32 7 5 3 2 12 48 15 41 53 49 30 36 23 12 28 19 29 57 38 20 28 33 49 61 33 46 63 75 76 43 58 64 65 37 69 80 35 27 12 17 16 24 17 14 13 9 7 4 7 3 2 4 6 3 1 1 0 0 1 0 0 0 0 0 0 0 0 0 0 1 1 3 8 12 18 28 15 5 4 2 1 1
24 19 27 27 33 31 18 18 17 27 45 49 53 14 3 3 17 24 46 61 27 32 48 61 44 30 34 17 21 31 12 34 64 21 17 18 30 37 73 82 50 45 35 69 46 50 71 53 43 20 35 41 34 27 25 26 24 13 10 8 6 3 3 2 2 3 2 1 0 1 0 0 0 0 0 0 0 0 0 0 0 0 1 1 1 2 10 34 22 2 2 1 1 1 1 1
23 25 25 44 31 27 32 31 21 43 38 33 27 12 19 39 47 52 53 65 29 37 43 48 14 11 33 9 25 36 12 9 26 34 18 37 28 20 60 76 69 39 60 42 84 60 39 41 41 36 25 48 44 38 39 29 14 13 5 3 2 1 0 0 1 1 1 1 1 0 0 0 0 0 0 0 0 0 0 0 0 1 1 1 3 5 8 33 14 4 3 2 1 1 1 1
8 20 39 26 27 24 42 40 35 34 36 48 31 35 33 54 46 28 55 52 34 29 23 22 9 33 12 5 25 25 10 12 16 22 44 61 45 29 21 39 50 31 24 19 43 79 61 40 36 35 29 28 28 40 44 38 15 9 2 2 1 1 1 2 3 1 0 0 0 0 0 0 0 0 0 0 0 0 0 1 1 1 3 2 8 12 16 19 7 4 4 7 2 1 1 1
25 30 24 33 39 31 51 35 41 34 22 36 27 48 32 52 48 39 32 49 13 18 19 15 16 6 11 15 14 21 8 16 11 15 22 46 36 60 35 13 32 56 43 47 61 33 40 29 22 24 19 18 30 28 22 22 21 11 8 2 3 2 1 1 2 1 0 0 0 0 0 0 0 0 0 0 0 0 1 1 2 2 5 4 4 22 48 20 9 10 14 7 2 1 1 0
11 27 29 46 29 28 36 65 19 41 22 23 30 39 28 48 40 27 23 27 14 13 13 16 9 8 9 10 6 8 5 9 36 23 19 16 55 28 38 31 14 24 68 76 80 53 26 16 31 35 32 13 19 26 18 17 12 3 4 6 3 1 1 1 1 1 0 0 0 0 0 0 0 0 0 0 1 1 2 4 6 6 7 4 3 11 37 13 8 22 13 4 2 1 1 1
8 10 32 31 25 29 25 39 21 27 22 21 27 40 28 24 41 11 14 14 4 9 2 7 5 9 5 4 7 4 8 13 16 47 30 29 20 24 34 15 25 21 20 38 40 29 27 18 31 21 31 18 16 13 11 19 8 4 1 1 1 1 0 0 0 1 0 0 0 0 0 0 0 0 0 1 1 3 4 8 15 24 13 6 5 7 17 18 21 14 5 2 1 1 1 1
4 7 23 21 15 38 34 25 27 24 30 28 15 34 21 16 18 7 8 8 10 2 2 1 4 5 2 4 8 4 7 5 7 8 6 18 10 13 16 12 21 35 60 39 36 18 21 8 12 12 18 12 12 14 15 8 5 2 1 0 1 2 1 1 1 1 1 1 0 0 0 0 0 0 0 1 1 5 7 16 35 31 21 21 8 10 40 43 25 10 7 3 2 2 2 1
4 2 4 13 10 26 37 39 50 15 20 28 6 15 8 10 20 7 6 6 7 5 2 2 6 2 1 6 12 18 22 5 12 11 27 31 32 35 28 37 48 52 56 64 59 57 54 26 27 38 25 12 10 7 5 5 2 1 1 1 1 3 3 2 1 0 0 0 0 0 0 0 1 1 1 1 2 6 9 19 23 43 32 37 24 52 35 32 15 17 12 9 5 3 2 1
1 2 4 7 9 14 14 21 12 23 22 14 4 5 3 3 11 2 3 3 1 4 2 6 2 2 2 6 12 7 43 53 42 36 60 43 47 33 41 35 50 60 56 74 46 30 28 7 16 29 38 23 10 6 5 4 4 3 7 3 2 2 1 1 1 0 0 0 0 0 0 1 2 1 2 1 2 4 12 23 50 39 44 39 57 40 40 34 12 11 26 17 10 3 2 3
1 2 2 1 4 9 12 13 10 11 10 9 2 5 2 3 5 2 1 1 1 1 1 1 3 2 8 14 16 8 17 36 72 49 66 87 85 69 71 59 29 67 73 65 78 64 63 35 29 31 25 19 19 6 6 14 10 5 3 1 2 3 2 1 0 0 0 0 0 0 0 1 2 4 3 2 3 2 7 9 45 64 60 28 24 73 36 37 31 32 15 15 9 7 3 3
0 1 1 2 2 6 4 16 12 16 5 1 2 1 2 3 1 23 1 2 16 10 4 2 1 1 2 4 5 11 15 14 22 70 55 81 86 81 81 73 66 39 77 78 80 59 67 42 29 28 13 11 5 5 2 2 3 4 3 2 1 1 0 0 0 0 0 0 0 0 0 1 2 4 5 3 4 6 7 9 35 62 53 20 56 55 40 58 54 28 26 18 15 7 10 7
0 0 1 2 7 2 4 8 9 10 3 2 1 1 1 1 0 0 4 5 7 19 15 5 2 1 3 4 6 11 12 20 22 25 18 53 87 62 81 50 60 58 57 70 68 60 39 20 46 37 24 18 18 15 7 3 3 2 1 1 1 0 0 0 0 0 0 0 0 0 0 2 2 7 15 9 5 9 17 22 48 66 40 37 54 22 11 19 27 11 9 16 10 10 5 2
0 0 1 0 1 2 3 4 4 3 3 2 1 0 0 1 0 0 1 4 4 2 24 14 3 1 5 14 10 12 19 12 21 35 19 25 59 71 70 66 66 56 62 51 56 65 56 31 13 32 25 21 17 16 13 5 2 1 1 1 0 0 0 1 0 0 0 0 0 0 1 1 3 5 13 20 9 9 11 44 53 79 34 38 66 26 26 20 11 7 6 9 9 5 1 1
0 0 0 0 0 1 1 1 2 2 1 1 0 0 0 0 1 1 2 7 2 1 2 12 15 2 7 14 17 20 34 25 31 43 37 30 26 62 48 55 30 38 26 38 37 35 10 37 21 16 21 13 10 11 10 8 6 3 2 3 1 1 1 0 0 0 0 0 0 1 2 3 3 5 7 25 37 19 35 35 71 66 59 75 30 32 34 26 29 28 12 12 10 5 2 1
0 0 0 0 0 0 0 1 1 1 1 0 1 0 0 0 1 3 5 3 1 1 2 19 10 8 8 6 3 9 18 22 30 34 37 44 24 24 26 20 33 22 11 12 19 27 22 26 12 9 14 10 9 6 5 5 3 2 2 1 0 0 0 0 0 0 0 0 1 1 2 4 7 5 9 10 58 19 20 58 72 54 62 69 60 50 34 57 50 12 12 7 4 1 1 0
0 0 0 0 0 0 0 0 1 1 1 1 0 0 1 1 1 1 5 6 3 2 2 5 5 5 5 16 5 19 37 24 24 35 34 48 45 27 19 11 11 17 22 20 30 26 18 9 10 14 9 8 5 6 4 4 3 1 1 1 0 0 0 0 0 0 1 1 1 2 4 2 1 8 30 25 55 36 39 63 73 69 52 60 43 26 25 46 31 21 7 5 3 1 1 0
0 0 0 0 0 0 0 1 0 0 0 0 3 4 8 6 2 1 1 1 3 3 3 10 23 16 15 13 16 16 29 36 36 41 39 50 49 64 47 20 21 14 14 13 14 11 13 6 5 7 5 7 7 5 2 2 1 1 1 1 0 0 0 0 0 1 2 1 2 3 5 5 3 9 25 20 47 70 47 65 68 70 68 65 44 52 33 35 31 19 9 6 2 1 1 1
0 0 0 0 0 0 0 0 0 0 0 1 0 0 2 11 2 1 1 1 2 4 5 6 4 7 21 38 43 40 35 41 46 57 55 48 52 59 67 62 31 22 21 24 24 13 7 8 12 8 11 10 4 3 3 2 2 2 1 1 0 0 0 0 0 1 2 4 6 8 7 8 5 10 46 24 13 56 85 62 68 71 64 54 42 27 9 22 27 17 7 2 2 2 2 2
0 0 0 0 0 0 0 0 0 1 2 3 1 1 1 1 1 1 1 2 3 8 4 6 13 12 4 16 18 50 57 56 65 72 60 45 61 72 74 63 36 32 28 34 33 32 15 26 14 6 2 3 3 3 1 1 1 1 0 0 0 0 0 0 1 2 3 6 10 14 13 17 12 17 42 57 17 49 68 60 59 41 29 17 22 32 14 15 15 9 6 4 3 3 2 2
0 0 0 0 0 0 0 0 0 0 0 0 0 2 2 1 1 2 1 4 7 3 4 10 7 18 10 4 4 41 30 68 83 65 63 65 52 57 68 68 59 62 47 29 37 44 21 21 14 7 6 6 2 4 2 1 1 1 1 1 0 0 0 1 1 2 3 9 10 24 18 30 15 15 37 60 51 36 69 44 31 20 31 23 19 8 7 10 18 14 5 4 4 4 3 1
0 0 0 0 0 0 0 0 0 0 0 0 0 1 0 0 2 4 2 4 3 4 7 7 6 14 24 11 10 8 13 10 52 57 50 47 38 58 51 36 32 23 19 17 24 40 19 15 11 9 6 4 2 1 1 1 2 1 1 1 0 0 0 0 1 3 7 9 9 16 42 30 36 16 19 56 50 74 46 32 38 25 24 23 29 12 14 16 12 5 5 8 10 5 3 1
0 0 0 0 0 0 0 0 0 0 1 1 1 0 0 2 2 5 3 1 1 2 2 5 5 7 16 13 31 31 18 30 34 24 12 25 33 43 27 33 18 18 10 14 15 15 13 17 7 5 5 4 4 3 1 1 1 2 1 1 0 0 0 1 1 3 2 3 5 7 19 45 64 21 12 40 30 67 32 45 27 25 16 26 27 21 19 7 13 9 11 13 5 3 2 1
0 0 0 0 0 0 0 0 0 0 0 1 1 0 2 2 4 2 8 1 2 2 3 4 9 10 32 30 15 14 12 14 32 40 29 24 42 49 42 36 39 31 46 34 19 16 16 17 13 7 2 4 3 2 2 2 2 1 1 0 0 0 0 1 1 3 4 12 9 5 11 18 39 51 29 27 64 51 44 35 18 32 30 21 11 21 25 17 22 24 10 9 3 2 1 1
0 0 0 0 0 0 0 0 0 0 0 0 1 0 1 3 6 2 3 2 3 3 4 5 41 51 40 20 39 52 46 28 45 45 39 37 46 61 49 46 53 41 29 26 24 21 31 30 15 9 10 7 8 7 4 1 1 1 1 0 0 0 0 1 2 4 9 18 19 11 7 11 25 49 60 34 72 52 52 54 46 28 36 43 32 27 39 28 18 24 21 7 6 3 1 1
0 0 0 0 0 0 0 0 0 0 1 1 1 1 3 4 9 5 1 6 4 4 7 15 35 59 59 37 19 30 36 32 22 25 34 29 31 42 38 62 68 42 44 41 51 42 32 33 20 14 14 15 8 5 4 3 2 1 1 0 0 0 1 2 4 7 19 20 13 13 13 20 25 25 18 70 71 52 43 42 31 37 55 46 45 50 43 48 32 24 10 5 4 4 2 1
0 0 0 0 0 0 0 0 1 2 9 2 0 2 4 1 2 3 1 3 3 7 12 40 45 19 43 40 33 51 53 42 22 15 19 21 35 45 55 53 41 42 70 61 64 52 32 18 13 9 4 7 7 4 2 2 1 1 1 0 0 1 1 2 5 11 19 20 22 31 27 25 53 57 46 50 68 60 34 41 43 55 53 32 43 45 41 26 34 12 6 4 6 3 2 2
0 0 0 0 0 0 0 2 6 3 13 11 1 2 4 3 2 0 1 2 2 3 5 28 9 13 30 53 55 68 82 44 58 41 25 15 28 70 56 58 66 19 24 11 15 29 15 22 11 10 7 8 7 6 2 1 1 1 1 0 0 1 1 2 8 23 21 20 16 49 69 27 60 75 77 61 47 49 45 29 40 38 43 57 46 41 26 21 21 15 13 13 9 5 2 1
0 0 0 0 0 0 0 0 1 1 1 1 2 3 3 3 7 2 2 2 3 2 9 17 5 4 5 34 37 29 46 79 53 64 59 55 52 52 45 47 57 56 43 48 45 26 26 32 20 17 13 5 4 3 3 2 2 2 1 0 0 1 5 6 11 19 22 24 20 17 47 71 43 66 75 72 59 39 56 45 59 61 43 32 43 40 27 18 18 31 23 14 6 3 2 1
0 0 0 0 0 0 0 0 1 1 1 3 2 2 3 3 7 2 1 5 6 5 9 29 9 1 10 7 20 29 13 23 59 51 65 63 42 16 16 16 35 39 36 43 53 55 34 17 25 19 9 13 10 4 2 4 2 1 1 0 1 2 7 14 23 34 23 20 47 41 29 26 67 75 61 73 55 54 74 71 30 28 29 37 36 25 36 25 27 13 10 5 2 2 1 1
0 0 0 0 0 0 0 0 0 1 1 2 1 2 2 2 4 0 1 2 2 13 13 31 22 7 9 15 23 19 19 8 7 16 19 19 19 18 18 13 9 17 15 21 43 40 24 37 31 25 18 14 11 8 6 5 4 2 1 0 2 3 7 20 29 35 26 36 40 65 48 46 31 32 51 55 71 66 44 49 44 56 51 57 46 36 45 36 15 8 6 5 2 1 1 1
0 0 0 0 0 0 0 0 0 0 1 1 1 2 1 4 4 1 1 1 3 14 22 25 10 2 10 25 17 31 33 12 38 46 50 45 41 36 36 18 15 16 47 55 54 33 38 32 32 29 23 15 12 9 7 5 4 2 1 0 1 3 15 25 27 46 33 43 45 38 80 60 48 36 21 65 49 69 58 56 61 73 71 60 48 55 38 27 12 8 6 4 2 1 2 2
0 0 0 0 0 0 0 0 0 0 0 2 8 9 6 14 9 2 1 1 8 12 20 20 11 26 5 23 23 36 23 40 41 28 34 37 31 33 17 27 54 63 38 39 28 39 32 28 37 25 28 22 14 10 8 7 3 2 1 1 1 2 7 27 58 51 34 49 46 37 36 54 66 22 16 31 72 80 77 68 65 64 64 69 59 39 39 24 30 13 6 4 1 2 1 6
0 0 0 0 0 0 0 0 0 1 2 2 6 10 10 3 1 1 0 4 7 9 18 30 29 12 16 20 15 17 23 66 30 29 37 41 41 27 38 42 66 57 56 51 53 50 46 39 46 36 32 20 17 11 9 4 3 2 2 1 1 2 8 20 47 42 57 65 54 70 65 66 64 32 33 49 68 63 68 60 60 57 55 58 46 37 34 35 34 23 7 5 3 4 3 10
0 0 0 0 0 0 0 0 0 1 2 3 3 39 7 2 3 2 1 5 6 8 13 8 7 7 33 10 20 16 41 30 42 51 41 42 41 46 55 49 39 56 60 65 62 62 50 58 48 25 18 15 12 14 12 5 4 2 2 1 1 3 7 18 37 39 36 56 74 61 76 66 66 35 58 60 66 67 51 50 54 55 43 36 34 33 32 28 21 19 15 9 3 8 11 12
0 0 0 0 0 0 0 0 0 1 2 2 1 4 2 0 2 2 4 3 5 14 15 7 6 16 10 16 26 48 56 46 45 46 37 41 54 55 60 54 58 72 72 56 49 64 63 59 39 30 25 20 15 10 8 9 8 3 1 1 1 4 10 20 29 39 34 41 66 82 75 69 59 83 70 48 37 43 53 55 50 53 53 47 33 40 24 35 21 14 15 11 5 10 13 12
0 0 0 0 0 0 0 0 1 0 1 1 0 0 0 0 2 2 2 4 5 6 7 16 15 8 9 29 50 19 18 19 41 37 45 53 56 55 55 55 60 69 56 59 70 63 64 61 36 35 26 20 14 8 7 9 4 3 3 1 1 2 16 25 40 40 39 37 39 42 54 57 60 69 20 42 43 44 39 42 42 41 38 55 46 45 35 30 18 16 14 7 7 14 14 21
0 0 0 0 0 0 0 0 1 1 2 1 1 2 2 1 0 1 1 5 9 5 29 32 11 13 16 30 17 19 22 28 34 32 43 52 55 55 46 73 61 51 52 64 35 54 67 64 59 48 16 17 13 16 13 8 5 6 3 1 0 2 6 20 34 40 73 53 56 54 49 31 46 64 48 54 56 43 44 43 50 45 51 49 45 18 19 13 16 28 16 5 11 27 28 31
0 0 0 0 0 0 0 0 1 2 2 0 1 2 2 1 1 0 1 6 6 21 17 6 9 22 14 14 17 20 29 27 21 31 37 61 41 41 60 54 47 69 74 44 61 60 59 62 47 26 20 25 24 20 15 15 11 8 4 2 1 2 10 17 29 54 72 84 54 62 51 33 35 71 76 41 48 56 59 40 39 44 55 46 30 13 30 25 19 11 6 2 14 30 32 30
0 0 0 0 0 0 1 1 2 3 0 0 0 0 0 0 1 0 2 4 5 7 3 5 16 6 5 11 16 20 38 30 22 32 44 51 45 61 67 65 49 44 49 59 56 60 45 47 41 36 32 37 34 14 15 14 12 6 5 2 1 4 8 18 36 48 66 76 70 69 53 54 59 73 47 41 39 41 50 55 40 71 56 33 37 41 32 21 10 5 3 8 20 32 33 38
0 0 0 0 0 0 0 0 1 0 0 0 1 1 1 1 3 1 5 2 2 2 1 6 6 9 12 18 29 23 24 19 22 28 54 37 72 68 68 41 31 31 41 58 66 59 56 56 52 48 42 37 23 15 10 9 8 7 6 5 2 6 13 27 47 54 49 49 69 80 71 34 44 72 42 46 68 65 63 69 63 49 45 45 46 45 20 18 9 6 7 18 26 31 25 38
0 0 0 0 0 0 0 0 0 0 0 0 1 1 1 2 1 2 6 4 6 6 1 6 8 16 18 20 16 10 17 20 25 29 68 36 23 14 16 34 36 56 68 71 71 64 57 58 39 52 35 29 31 15 17 9 8 8 6 6 3 11 23 27 52 54 48 30 50 70 70 48 59 69 44 28 48 73 73 70 69 40 48 49 43 40 18 14 21 9 19 26 16 40 41 41
0 0 0 0 0 0 0 0 1 1 0 0 1 0 1 1 1 6 3 2 3 5 5 4 13 11 13 17 12 15 27 26 18 67 22 17 39 45 47 46 61 70 64 69 72 73 66 60 45 43 40 36 32 26 22 18 14 9 8 4 10 15 34 63 60 57 46 51 57 60 71 43 48 59 71 51 52 54 69 71 59 62 46 49 46 34 20 6 9 19 21 14 24 31 58 44
0 0 0 0 0 0 0 0 0 0 1 1 0 0 0 1 1 2 2 5 3 5 5 5 11 12 12 15 17 16 27 27 33 28 7 25 32 40 53 81 60 60 70 71 72 72 59 51 43 35 39 35 35 20 24 15 18 16 10 10 13 29 27 52 58 54 49 58 60 51 77 69 50 68 65 53 58 60 58 56 63 51 41 38 40 23 12 4 9 27 15 26 35 37 60 41
0 0 0 0 0 0 0 0 0 1 0 0 0 0 1 0 2 1 1 6 17 8 2 3 16 9 17 16 10 13 37 66 35 6 13 36 28 60 67 63 62 72 72 56 61 61 59 57 41 46 42 39 37 34 31 25 24 21 13 13 15 19 28 35 57 73 59 75 75 62 54 54 58 61 71 72 54 50 43 44 49 44 38 41 34 19 8 5 21 26 29 47 54 43 50 40
0 0 0 0 0 0 0 0 0 0 0 0 0 0 0 2 1 2 3 7 4 2 4 8 2 11 11 8 23 24 46 27 8 13 41 19 40 33 47 73 77 58 48 78 72 51 58 60 55 51 47 42 39 36 33 31 27 15 17 18 21 38 25 28 31 56 76 77 73 71 78 77 52 65 51 47 33 40 54 59 44 47 35 41 33 9 6 21 20 31 46 54 48 32 48 46
0 0 0 0 0 0 0 0 0 0 0 0 0 0 0 4 1 0 1 1 2 3 7 3 1 6 4 6 33 26 26 6 8 17 34 53 35 42 60 66 66 57 65 37 52 47 59 71 56 53 51 48 43 40 36 34 19 12 23 36 28 43 40 42 41 54 59 83 63 60 39 64 47 34 33 47 57 47 42 43 42 30 44 33 13 9 15 23 32 29 35 46 60 49 50 46
0 0 0 0 0 0 0 0 0 0 0 0 0 0 0 4 1 1 1 1 4 3 4 1 5 8 5 14 39 16 13 6 10 13 47 56 51 43 47 54 53 62 51 40 47 77 64 60 56 69 57 49 47 44 39 34 20 15 33 40 58 62 49 51 42 53 66 66 76 55 45 36 43 52 45 63 49 51 44 46 35 39 23 14 10 17 30 35 33 50 48 37 37 46 40 35
0 0 0 0 0 0 0 0 0 0 0 0 0 0 2 1 1 1 2 3 2 3 2 3 12 4 5 19 15 11 16 10 24 35 56 45 40 43 37 29 32 53 67 60 67 57 62 63 71 58 57 66 32 43 40 26 15 34 46 47 71 67 51 63 48 37 46 76 73 31 67 41 40 52 54 55 51 52 51 41 34 38 17 20 17 29 36 42 37 39 49 35 36 46 51 42
0 0 0 0 0 0 0 0 0 0 0 0 0 2 0 0 1 1 2 3 2 1 2 3 6 4 5 19 5 6 10 10 29 40 41 41 29 37 31 39 50 55 58 74 58 59 59 75 60 59 71 57 54 48 31 28 17 31 60 60 61 72 56 65 65 47 49 54 79 29 35 66 65 49 49 50 61 50 58 56 39 33 13 12 18 34 44 50 54 52 49 49 37 42 60 48
0 0 0 0 0 0 0 0 0 0 0 0 1 0 0 1 1 0 0 2 1 1 4 3 4 6 6 2 4 6 14 19 30 38 13 8 34 29 36 32 38 52 60 70 70 56 75 54 73 74 56 55 56 53 36 32 18 34 59 66 59 69 50 52 68 44 64 40 61 30 34 62 37 55 56 53 51 53 70 48 44 15 12 18 33 37 45 52 40 28 38 58 30 33 51 66
0 0 0 0 0 0 0 0 0 0 0 0 1 0 0 0 0 0 0 0 1 1 3 3 2 5 3 2 5 4 11 4 18 11 6 21 14 19 24 45 52 57 63 67 58 42 64 72 69 61 64 56 55 53 51 33 32 36 64 76 72 68 60 48 64 62 31 36 71 28 49 46 45 50 48 45 56 33 33 37 17 12 17 34 35 44 53 51 32 35 48 29 19 22 34 65
0 0 0 0 0 0 0 0 0 0 0 0 0 1 0 1 1 0 0 0 0 2 2 1 2 5 2 9 10 10 22 20 19 9 6 8 20 19 22 22 29 54 42 49 62 36 30 32 50 54 65 59 56 54 38 23 40 53 63 66 83 74 52 50 56 60 51 19 48 8 14 25 37 49 53 59 60 59 49 48 22 13 22 36 38 61 66 55 41 39 45 45 38 22 31 50
0 0 0 0 0 0 0 0 0 0 0 0 1 0 1 1 2 1 1 0 2 3 1 3 5 3 3 1 1 3 16 4 6 4 7 15 8 13 15 16 46 45 34 49 31 37 42 54 55 68 58 61 60 41 37 24 39 54 66 67 73 53 54 58 63 34 36 34 41 16 20 22 23 17 39 49 48 51 34 31 14 22 34 36 41 64 58 28 40 52 34 49 26 28 33 54
0 0 0 0 0 0 0 0 0 0 0 1 2 1 1 3 1 0 1 1 4 1 1 3 3 2 0 1 1 5 7 3 3 9 18 14 20 16 19 36 30 37 55 33 37 40 58 55 66 55 55 57 59 41 20 39 44 74 65 66 63 66 54 68 63 39 26 47 27 16 28 46 46 56 59 54 47 23 20 11 16 36 36 38 43 67 65 24 26 49 35 55 30 29 34 69
0 0 0 0 0 0 0 0 0 0 0 1 1 1 0 0 0 0 1 3 2 1 2 1 4 4 1 1 2 6 3 2 4 13 23 11 14 18 26 15 42 39 29 43 38 54 57 68 68 60 69 55 43 43 28 43 48 66 76 57 60 66 45 34 56 53 23 27 31 39 49 36 41 44 35 46 37 25 11 28 25 36 41 56 48 63 67 36 37 37 21 58 32 32 34 49
0 1 1 2 3 1 0 0 0 0 0 0 0 0 1 0 0 1 2 2 2 2 1 1 1 1 1 1 2 7 2 3 28 18 8 8 12 16 21 30 56 43 54 32 43 64 68 54 55 73 63 47 43 43 28 55 68 59 63 72 59 62 63 35 64 59 24 23 26 40 29 34 52 42 45 29 35 34 21 41 41 39 45 56 45 48 53 47 51 35 32 59 32 32 28 43
1 2 3 1 2 8 2 0 0 0 0 0 0 0 0 0 0 2 3 1 1 2 1 1 2 3 1 1 1 4 5 20 9 3 8 9 6 4 22 24 38 23 61 47 53 68 39 51 66 61 49 47 42 41 40 58 65 65 62 69 50 51 54 43 35 46 26 8 19 49 34 44 49 53 43 44 47 44 31 40 41 53 46 54 41 36 48 47 43 38 34 59 32 25 34 41
0 1 2 0 0 1 1 1 0 0 0 0 0 0 1 0 1 1 1 1 0 1 2 1 3 7 2 1 3 6 13 21 7 8 11 2 3 5 12 26 21 33 49 53 53 51 53 52 58 55 47 45 39 42 47 47 58 74 61 52 67 34 43 42 27 17 6 5 5 19 33 55 55 48 39 39 34 17 27 36 38 52 48 54 40 50 60 61 48 42 31 46 46 17 36 43
0 0 0 0 0 0 0 0 0 0 0 0 0 0 1 0 1 1 0 0 0 1 0 1 2 2 1 1 2 3 2 4 8 6 7 6 5 2 34 10 17 12 45 33 59 43 47 36 58 57 40 40 36 36 43 61 58 72 66 59 47 39 30 32 6 5 14 26 20 26 32 42 44 30 29 26 15 23 39 36 38 52 55 35 48 46 57 59 45 43 30 42 44 19 21 49
0 0 0 0 0 0 0 0 0 0 0 0 0 0 0 0 1 0 1 1 0 2 2 2 3 2 1 1 1 1 1 6 8 6 10 7 13 4 34 14 3 15 47 36 50 43 47 59 52 50 45 39 37 58 59 51 60 58 61 35 39 40 16 14 11 10 14 31 26 19 45 49 62 58 47 17 23 25 36 49 55 40 52 35 48 60 56 53 40 42 28 36 48 39 16 29
0 0 0 0 0 0 0 0 0 0 0 0 0 0 0 0 0 1 0 1 4 1 1 3 7 3 1 1 1 3 4 3 5 16 6 10 13 8 55 28 6 22 12 43 39 33 55 33 47 46 34 38 33 54 68 52 51 49 51 51 23 24 17 11 12 7 11 12 18 16 39 49 57 69 36 22 26 36 33 53 52 49 46 47 32 56 55 57 44 47 18 38 30 31 22 16
0 0 0 0 0 0 0 0 0 0 0 0 0 0 0 0 0 1 0 0 1 3 2 4 3 0 0 0 0 2 4 2 3 6 9 16 7 8 29 30 14 24 12 48 31 26 35 24 41 39 46 32 32 43 50 77 37 41 29 24 23 10 10 9 5 6 15 14 19 20 43 48 31 51 26 18 38 36 34 37 51 48 45 41 41 57 52 65 47 41 24 41 37 17 22 12
0 0 0 0 0 0 0 0 0 0 0 0 0 0 1 1 0 0 0 0 0 0 0 0 0 0 0 0 1 1 3 5 7 5 8 9 6 5 6 44 18 24 22 38 10 34 25 36 42 27 37 28 30 28 52 51 52 33 21 10 15 6 4 9 7 6 14 12 28 25 35 42 36 25 24 37 36 37 36 32 37 48 56 41 36 58 56 58 53 31 20 47 30 28 25 11
0 0 0 0 0 0 0 0 0 0 0 0 0 0 0 0 0 0 1 0 0 0 1 1 1 3 1 0 0 1 1 4 6 6 7 6 6 5 3 23 42 34 25 13 11 18 17 34 26 13 34 26 28 23 35 55 38 36 12 4 6 1 1 2 2 3 10 20 27 37 50 35 24 18 40 37 39 53 48 34 30 43 41 47 54 65 39 59 39 25 21 54 29 40 18 10
0 0 0 0 0 0 0 0 0 0 0 0 0 0 0 0 0 0 0 0 0 0 0 2 3 1 1 0 0 0 0 1 1 6 4 2 7 5 5 9 51 34 14 9 10 19 29 13 23 10 17 28 22 39 38 27 21 18 19 4 6 2 3 1 5 11 13 17 27 25 36 36 13 19 31 30 50 40 36 26 25 17 39 50 44 34 45 49 42 23 15 51 26 32 30 8
