sesion_6_simulaciones/modelos_agentes/ejemplos_netlogo/scenarios/echam4_b2/rob_2052.asc
NCOLS 322 
NROWS 307 
XLLCORNER 451900 
YLLCORNER 4086900 
CELLSIZE 100 
NODATA_value -9999 
[rows 0 to 73 of 307, columns 192 to 287 of 322]
42 39 23 14 36 60 35 18 18 23 27 11 9 7 10 8 6 6 9 9 8 8 5 6 11 17 9 18 19 43 15 5 5 1 1 1 3 3 2 7 8 3 4 15 23 25 21 33 47 53 34 37 41 48 44 54 43 82 47 38 8 10 14 38 44 29 43 43 20 33 17 9 13 15 36 18 15 31 51 22 12 15 15 19 18 13 31 25 23 27 8 20 29 58 17 5
51 29 37 33 38 60 21 31 45 31 22 17 26 25 15 14 19 4 9 13 15 8 4 4 5 18 6 8 6 10 38 19 3 2 1 1 1 2 4 3 6 2 1 5 8 11 23 22 38 75 84 65 45 44 43 45 69 67 67 19 21 11 39 32 40 36 45 32 38 19 5 21 10 16 49 22 49 35 32 31 23 30 33 20 16 8 21 28 28 27 14 25 21 29 14 11
31 53 34 32 56 51 37 19 12 28 30 31 45 48 28 43 29 25 36 36 33 15 10 5 2 4 3 1 1 3 5 19 14 3 3 2 1 1 2 1 1 1 7 15 15 26 27 33 42 58 63 55 62 50 65 75 41 37 46 22 20 28 35 25 27 51 21 21 17 22 12 14 12 18 60 22 58 48 23 39 28 22 30 31 17 6 14 17 30 21 14 42 22 39 13 2
41 42 64 58 43 36 33 33 33 56 33 52 65 55 46 63 49 28 40 57 43 37 28 13 9 5 1 2 2 1 2 4 2 3 2 2 2 1 1 1 3 6 3 4 8 31 29 33 14 26 19 22 33 61 49 57 53 21 29 35 37 19 20 38 24 48 37 34 51 18 27 23 8 8 41 23 29 23 32 38 28 26 29 34 20 7 12 26 40 17 28 24 21 36 10 2
27 20 43 15 51 59 53 40 55 51 49 39 43 38 47 66 51 57 61 65 61 37 29 29 15 20 10 17 11 2 1 0 2 1 1 2 1 0 1 1 2 3 5 8 7 12 12 20 45 61 63 52 47 41 68 70 32 28 10 11 34 31 24 35 33 47 31 24 16 10 7 8 11 7 21 21 17 31 56 64 53 19 19 42 37 28 4 23 25 35 33 17 32 45 16 2
30 25 42 37 24 31 56 29 56 47 36 44 19 46 56 59 62 61 29 26 46 31 22 33 27 26 13 20 15 5 5 3 1 1 0 0 0 1 0 0 1 3 6 13 27 44 51 59 55 37 41 42 50 65 83 61 38 30 10 46 63 61 52 51 34 55 22 30 36 29 37 26 22 16 13 19 28 26 37 28 39 63 45 36 39 29 10 18 24 28 13 18 29 28 18 4
23 12 15 34 25 20 56 23 18 33 43 70 44 27 48 62 56 57 35 15 18 40 48 54 31 28 29 20 19 16 11 7 7 5 3 1 1 2 1 0 1 3 7 13 38 26 33 41 59 46 48 82 47 71 77 46 32 36 19 37 50 56 50 52 62 52 44 41 42 16 26 26 19 30 28 15 6 20 39 43 32 57 37 20 11 40 14 12 15 14 15 27 43 55 14 11
16 13 13 18 40 32 49 58 20 11 22 32 55 21 9 29 19 30 37 21 16 28 17 24 29 23 27 18 26 20 17 15 15 14 11 4 6 3 1 1 2 7 14 22 31 39 35 60 79 77 75 51 65 64 71 44 27 11 19 24 32 28 24 24 19 46 28 24 45 25 24 19 24 31 32 21 6 29 49 25 52 66 47 21 12 34 27 13 15 28 28 29 55 34 20 14
30 24 24 15 25 22 36 64 63 32 17 17 32 44 26 20 12 34 42 30 25 37 11 20 41 30 24 26 25 35 30 26 27 22 13 11 5 2 1 1 4 6 14 19 44 44 35 43 62 73 58 39 78 63 61 28 13 47 65 51 60 48 58 41 48 72 39 32 14 15 22 19 23 25 21 13 8 15 20 34 48 60 46 32 15 16 18 12 11 36 27 37 32 41 19 27
21 24 26 16 16 9 33 33 61 50 42 26 24 29 37 17 17 13 37 36 31 41 15 15 27 28 21 21 13 23 5 13 24 24 17 7 3 2 1 1 1 3 10 17 33 16 17 58 39 31 27 83 63 65 41 20 32 57 61 72 53 83 70 40 57 28 49 42 40 17 18 28 27 16 12 9 7 12 43 22 13 46 49 46 27 13 25 8 12 15 18 45 31 44 23 55
27 25 28 28 16 9 5 7 14 34 24 17 14 36 25 16 20 5 11 29 21 41 43 12 16 13 36 20 6 15 24 6 2 2 4 11 6 3 1 2 3 4 13 30 9 24 34 43 13 20 63 70 44 55 27 16 31 46 42 58 78 81 50 28 29 43 51 52 59 44 53 34 32 28 18 13 6 5 15 28 29 55 71 45 50 21 14 19 6 18 43 20 28 22 22 67
50 34 19 24 24 23 17 10 9 9 10 10 17 17 15 12 9 16 12 12 27 32 27 16 3 8 29 22 7 7 22 23 4 1 1 2 8 4 0 1 9 13 16 7 4 4 18 7 13 46 76 62 37 29 12 41 40 33 41 79 65 59 14 26 38 40 62 57 48 56 41 34 41 44 40 29 11 8 23 26 26 75 52 61 45 38 17 10 7 28 29 16 39 14 41 74
59 44 41 56 49 46 43 26 42 28 24 16 8 7 7 7 8 25 20 9 7 16 13 13 3 7 16 12 9 3 3 10 3 1 0 1 3 5 1 2 8 9 9 13 14 12 32 5 21 60 53 25 6 24 50 59 59 65 84 72 23 26 28 20 19 21 36 34 55 38 20 31 51 56 53 31 13 3 22 32 60 66 30 40 56 39 25 7 8 28 24 17 43 15 38 50
70 67 62 66 62 60 48 45 43 44 41 42 20 15 10 7 5 4 3 3 6 4 3 5 5 8 9 10 3 2 2 6 6 3 0 0 1 3 2 3 3 6 6 3 3 18 9 7 31 24 14 4 11 29 40 47 71 66 57 14 47 62 54 42 41 22 20 18 49 42 53 65 46 34 31 33 18 6 13 26 59 30 22 42 70 42 33 15 6 11 13 16 27 15 32 29
29 66 70 70 62 65 44 53 29 32 49 37 31 32 30 25 18 8 3 2 2 2 1 3 5 5 4 3 1 0 2 3 4 2 1 0 2 4 5 2 2 3 4 3 1 4 4 6 9 9 2 6 13 18 35 49 50 14 38 50 61 56 59 80 82 71 63 42 43 55 61 51 57 45 26 21 12 7 14 27 36 19 13 58 71 70 48 50 24 6 9 14 14 15 40 37
44 62 70 52 59 77 62 38 57 45 33 45 40 49 51 32 25 9 6 5 4 2 1 1 4 2 1 1 0 0 1 3 5 5 3 1 1 2 3 3 2 2 2 1 1 1 5 9 5 3 10 9 10 15 25 33 16 46 47 47 59 72 81 70 65 75 40 31 64 17 48 78 54 41 46 47 46 26 11 28 31 18 7 16 42 66 24 17 22 23 5 19 11 14 43 38
72 25 73 56 50 72 78 79 48 27 41 39 56 53 45 36 34 25 16 15 11 10 4 2 1 1 3 3 2 1 0 0 1 1 3 2 2 2 2 4 2 2 1 1 1 1 1 1 4 14 11 28 25 17 14 36 48 47 48 46 69 59 78 68 69 44 30 58 43 38 38 20 57 34 57 64 66 46 33 11 47 28 21 6 17 44 54 19 7 10 4 6 11 21 16 16
51 18 61 41 59 67 68 50 75 80 54 61 65 29 29 27 36 33 23 19 15 14 11 4 3 3 8 7 5 3 1 0 0 0 1 2 2 1 2 2 2 2 1 1 0 1 3 8 12 13 19 40 40 42 20 36 38 64 61 60 76 62 60 52 33 32 48 61 47 31 19 19 50 54 62 61 65 65 48 17 12 24 25 18 7 20 37 25 19 3 9 1 10 16 8 8
39 42 43 48 34 59 66 44 46 78 49 71 81 55 41 30 45 58 54 38 32 16 8 6 8 5 11 9 15 5 5 4 4 2 1 1 1 1 1 1 1 0 0 0 2 5 11 12 12 16 29 44 40 31 46 49 54 51 39 50 66 37 22 14 31 33 30 78 64 23 26 15 52 52 16 34 72 61 64 49 15 10 41 23 15 6 20 24 24 10 2 2 14 8 2 2
43 20 26 41 31 38 70 36 27 59 65 77 77 63 66 59 20 32 34 48 28 20 17 13 14 13 13 18 18 15 9 6 6 5 3 2 1 1 0 0 0 0 1 2 9 9 11 19 11 23 38 34 51 49 55 55 19 14 30 48 73 35 16 40 53 46 61 67 48 38 25 10 20 55 45 16 35 46 57 57 50 15 13 26 21 7 4 13 27 20 2 1 8 1 8 15
63 31 30 33 11 24 55 35 47 33 55 44 63 34 44 50 16 12 27 48 30 42 22 11 32 24 16 11 14 10 7 4 5 4 6 3 2 1 0 0 0 1 2 7 9 13 7 7 23 42 32 39 59 68 77 70 48 36 48 51 53 23 22 54 52 46 46 21 45 48 34 9 12 26 60 33 15 21 70 44 40 18 6 15 18 5 6 19 13 13 1 2 2 3 15 36
40 12 36 34 12 8 26 58 15 27 64 55 61 38 32 17 20 5 12 50 44 30 21 19 12 11 4 3 5 5 6 5 3 2 6 5 2 2 1 0 0 2 3 6 5 10 10 19 21 24 21 31 44 76 81 82 79 68 53 47 31 17 36 45 62 57 47 28 26 46 21 10 12 19 55 37 17 18 29 53 40 31 12 7 19 7 10 15 9 4 3 13 5 10 34 44
53 13 48 53 22 12 16 35 12 11 59 43 29 16 8 19 18 14 4 12 14 28 47 47 21 6 13 7 3 4 3 2 1 2 3 6 4 1 0 0 0 3 6 8 3 5 3 8 5 7 8 24 44 38 56 75 60 45 25 70 37 17 36 44 42 51 72 42 38 17 11 11 26 43 70 37 18 23 35 64 40 19 11 4 9 14 9 14 5 3 9 40 20 22 21 38
41 33 27 50 9 14 19 33 26 9 10 7 10 26 11 8 21 18 9 12 14 15 34 25 22 7 9 13 6 2 2 1 1 1 2 3 4 1 1 0 1 1 1 3 2 2 3 4 10 11 9 22 22 32 35 27 19 37 61 44 17 28 41 37 53 72 51 38 40 27 11 16 27 47 52 27 27 21 34 57 44 46 22 6 4 7 8 13 2 4 12 11 29 45 27 31
16 13 20 22 13 5 22 37 15 5 11 7 6 15 19 10 13 17 13 5 5 7 11 8 7 5 7 13 10 4 2 1 1 1 1 1 1 2 1 0 0 1 3 4 5 8 11 11 10 14 24 15 12 7 9 18 38 40 68 35 14 44 34 30 58 78 43 53 48 27 18 18 29 60 44 26 36 22 28 44 40 40 36 20 6 3 10 6 2 18 23 24 26 23 65 31
6 9 5 17 6 3 24 32 15 5 4 6 6 4 12 15 7 5 8 8 3 3 5 7 6 4 3 8 19 3 2 1 0 0 0 0 1 1 1 0 0 1 1 2 5 6 11 5 5 14 18 35 28 46 34 37 37 54 57 12 23 36 28 21 48 62 40 43 38 31 16 16 32 62 30 41 37 17 14 24 25 36 24 10 11 3 2 5 15 36 40 43 51 34 26 55
3 4 2 3 2 8 17 14 6 3 1 3 3 2 2 6 8 7 5 7 3 2 3 4 1 2 2 2 3 5 4 1 0 0 0 0 1 0 1 0 0 0 1 1 3 4 3 4 10 11 24 31 30 42 55 68 66 78 43 12 27 33 23 31 71 64 21 40 43 28 18 11 26 59 31 26 25 24 6 11 24 34 13 9 3 2 5 17 36 35 42 38 46 57 69 43
2 2 1 0 1 1 1 2 2 1 1 1 1 0 1 1 2 1 3 5 2 2 1 1 1 1 3 2 2 3 3 2 2 1 0 0 0 0 1 0 0 0 1 1 1 2 5 5 6 22 19 26 34 41 53 78 64 54 12 30 39 27 47 60 82 45 51 28 27 28 27 16 37 59 39 25 24 27 6 10 21 31 20 21 8 1 5 14 19 14 15 14 14 22 44 46
1 1 1 1 0 0 0 0 0 0 0 0 0 0 0 0 0 0 0 1 1 1 1 0 1 1 2 2 2 1 1 1 1 1 1 1 0 0 0 0 0 1 3 3 4 5 11 25 7 18 15 18 26 26 64 56 33 9 28 39 38 34 57 79 53 30 44 25 24 27 23 13 23 52 67 41 28 16 7 8 19 35 28 16 6 1 5 7 5 15 19 30 32 29 27 43
1 3 3 5 2 1 1 1 1 2 2 2 2 3 5 2 2 2 0 0 0 0 0 0 0 1 1 1 1 1 1 0 1 1 0 0 0 0 0 0 1 3 3 4 5 10 12 9 26 18 16 17 30 32 66 24 14 20 36 41 36 36 57 79 39 27 25 39 22 10 9 12 38 57 29 52 36 17 6 4 25 23 29 14 5 1 6 14 25 38 24 40 50 44 39 18
3 6 5 6 5 1 1 5 3 6 6 8 6 8 8 7 6 5 4 2 1 1 1 0 0 0 0 0 1 0 0 0 1 1 0 0 0 0 0 1 3 4 5 9 12 18 19 16 22 46 47 45 30 45 27 14 5 30 32 38 21 35 58 67 44 19 26 36 27 18 5 11 47 24 18 59 48 23 8 4 13 12 22 12 3 3 12 14 17 28 28 27 19 18 23 44
8 9 8 9 5 3 3 8 8 8 8 10 17 11 15 16 9 7 5 5 3 5 4 1 1 1 0 0 0 0 0 0 0 0 0 0 0 0 1 3 4 4 6 7 13 19 25 41 35 39 24 62 44 28 29 24 11 28 38 51 49 40 64 30 15 37 43 22 37 15 5 12 23 23 15 59 32 24 8 5 12 11 12 8 2 6 25 36 40 30 26 14 25 28 26 37
21 20 13 18 11 5 5 8 8 10 20 21 21 25 22 12 11 9 7 7 7 7 6 4 3 3 1 1 0 1 1 2 0 0 0 0 0 0 1 3 4 5 5 9 17 21 35 39 32 33 25 14 31 30 37 6 20 30 27 40 34 47 46 52 50 31 23 18 45 32 12 8 23 18 30 62 27 20 13 5 5 10 9 3 6 15 26 51 57 53 54 34 39 49 43 68
28 28 28 17 15 12 7 14 20 24 30 28 30 21 25 19 16 14 11 17 13 13 6 5 4 7 3 2 1 1 5 2 1 0 0 0 0 0 1 2 2 3 5 7 11 27 17 7 44 39 24 15 29 34 6 5 16 20 24 42 52 57 60 33 24 23 32 26 21 27 17 10 23 19 27 38 32 30 13 4 4 6 4 3 10 15 18 22 17 18 21 35 48 48 77 76
36 36 39 36 30 11 9 17 28 37 38 34 38 34 31 31 21 35 25 22 9 6 5 6 6 6 3 3 3 4 2 1 0 0 0 0 0 0 1 2 2 4 10 7 5 9 8 15 16 23 21 6 15 3 8 5 8 13 17 35 53 63 40 58 37 21 21 20 17 27 27 8 10 16 24 29 30 15 10 4 2 3 3 5 17 8 10 20 41 45 45 38 26 72 52 64
49 65 48 20 31 15 22 22 49 43 40 43 42 60 58 39 42 33 20 26 12 10 5 13 13 5 4 5 11 2 1 1 1 1 1 0 0 1 1 1 4 6 10 3 6 8 8 17 14 13 8 5 9 3 7 3 10 26 32 48 37 33 46 60 26 14 11 12 21 20 16 8 6 12 14 32 28 19 10 3 1 2 5 14 27 32 29 28 36 31 28 53 57 70 49 30
66 77 45 41 51 25 19 52 52 64 34 51 60 51 69 50 28 18 37 25 18 13 4 18 5 4 6 12 3 1 1 2 2 2 1 1 1 1 0 1 3 4 2 2 3 10 30 24 17 10 7 4 4 5 9 16 24 18 13 18 26 37 41 58 33 18 17 13 10 8 8 10 5 10 19 16 14 19 10 3 1 7 18 14 23 47 51 54 53 52 31 44 43 46 51 24
55 74 43 42 57 32 30 64 59 65 27 49 71 57 71 43 35 34 45 42 28 10 9 5 6 11 22 3 2 3 3 3 3 2 2 1 1 1 0 0 0 0 1 2 7 20 24 12 23 7 5 2 8 8 11 9 8 5 18 22 21 45 47 40 21 56 57 41 25 22 11 9 4 8 9 8 11 11 4 1 3 12 29 43 41 51 62 58 49 48 47 54 23 10 41 30
70 46 48 42 57 31 34 62 79 60 22 58 77 68 69 69 43 56 71 47 28 11 21 10 19 21 3 3 5 5 3 3 5 3 4 2 2 2 2 1 1 1 1 3 19 11 21 4 6 11 3 4 10 11 13 11 9 17 47 55 45 41 71 39 50 36 44 44 21 13 11 8 4 3 5 8 5 8 2 1 4 10 14 31 34 20 34 15 14 17 11 68 52 27 22 12
86 71 51 40 51 32 47 63 85 49 31 47 72 72 75 49 40 82 51 14 16 37 31 19 24 10 7 8 12 11 5 7 6 5 2 4 2 4 2 2 1 1 0 1 6 5 7 2 1 1 1 3 7 14 14 29 33 37 27 41 56 57 38 53 45 43 19 31 49 20 9 5 3 1 3 4 2 4 2 2 6 13 15 20 18 10 13 23 38 57 71 85 63 27 19 9
78 78 50 52 57 34 44 67 78 52 33 53 85 85 53 65 46 50 20 15 25 56 63 40 25 24 11 10 13 8 6 15 8 2 2 5 3 5 5 2 2 1 1 1 0 1 0 0 1 4 7 8 15 21 23 36 30 27 48 67 71 69 50 55 14 70 55 15 14 42 34 22 10 4 1 3 3 1 1 2 5 7 7 15 12 15 40 45 43 37 49 72 42 26 17 8
76 66 47 59 55 50 38 67 76 51 38 53 84 76 60 51 30 20 7 26 48 58 43 19 13 6 4 23 19 10 14 14 6 3 4 6 7 7 7 1 2 1 2 1 1 0 0 1 2 3 6 6 12 15 14 19 26 45 36 78 66 37 32 74 49 27 60 27 10 7 14 16 17 16 6 2 1 1 1 1 6 7 7 8 16 26 38 41 39 52 41 52 46 33 14 6
76 64 38 60 55 51 49 49 60 39 34 50 65 34 37 33 15 21 16 31 59 30 25 24 12 12 7 33 28 13 32 15 4 6 5 9 10 16 10 4 4 1 3 3 1 1 0 0 2 2 3 5 13 14 24 36 20 45 51 74 24 9 34 72 38 36 21 51 19 4 6 8 16 11 11 9 2 1 0 1 4 6 8 7 9 21 52 33 24 63 34 33 39 13 6 6
48 44 40 58 55 38 58 44 70 74 60 49 46 38 52 51 40 49 27 37 52 35 29 26 17 12 12 37 33 19 34 15 12 11 9 15 14 15 4 6 9 6 4 2 1 0 0 0 1 2 2 7 14 14 15 21 14 27 59 31 20 10 51 69 49 14 9 12 27 10 5 4 5 4 12 4 3 1 0 1 3 6 8 8 25 40 60 32 28 57 30 12 16 23 6 3
56 26 59 67 58 66 65 83 78 89 89 84 45 65 66 64 64 35 31 54 49 32 28 16 18 26 16 40 42 38 27 21 17 17 17 26 34 17 9 7 19 11 2 1 1 0 0 0 2 2 7 8 10 13 7 9 21 47 64 20 13 16 27 63 55 34 10 3 19 21 11 4 3 4 15 4 1 1 0 2 4 7 9 15 17 15 17 14 22 22 29 22 20 17 3 1
43 38 49 62 79 82 87 88 76 75 79 81 83 74 47 47 42 33 37 35 22 31 27 30 43 32 34 65 52 66 33 31 26 34 37 49 50 21 18 14 20 7 3 2 1 2 1 0 1 3 3 6 6 5 5 12 24 43 31 27 12 12 14 72 32 26 22 2 12 25 15 4 3 3 4 8 2 0 0 2 3 7 15 20 19 14 14 9 13 12 16 10 8 3 1 2
60 55 35 37 55 65 79 56 51 47 63 67 66 74 49 43 48 61 52 36 34 40 36 49 67 51 41 68 66 57 38 51 37 46 42 55 38 27 31 11 5 4 7 5 3 3 2 1 0 1 4 3 4 7 7 3 15 14 20 48 16 14 21 37 25 5 20 6 9 11 9 8 3 2 1 23 2 0 1 2 4 7 6 23 11 9 10 8 7 4 3 3 2 2 4 10
68 73 48 29 55 51 55 66 49 62 70 55 66 78 82 68 79 70 51 43 56 54 56 54 64 52 46 71 70 43 53 52 52 53 62 64 44 29 10 4 4 7 7 6 9 5 4 1 0 0 1 3 4 7 9 5 12 16 9 16 15 15 17 31 42 5 11 11 6 16 10 4 5 2 2 3 2 0 1 2 3 5 12 21 9 10 7 6 9 2 2 1 1 4 8 13
49 66 79 49 29 33 59 57 77 49 45 44 75 55 63 92 88 49 66 64 64 61 64 57 60 54 55 77 66 57 57 55 59 73 73 42 15 11 16 12 15 13 10 6 11 10 5 1 0 0 0 6 4 3 8 6 14 11 8 8 12 7 7 15 47 4 3 7 5 5 6 3 3 2 2 2 1 1 0 2 2 4 22 11 3 3 3 4 4 0 1 3 3 5 10 12
77 75 77 79 46 18 23 69 69 64 20 25 41 54 78 85 68 88 89 71 62 78 73 43 63 54 72 66 64 59 63 54 68 80 81 45 36 27 38 32 42 38 20 18 23 8 3 1 0 0 0 0 1 1 7 6 14 13 7 6 5 2 1 4 21 8 4 4 4 3 3 5 3 3 1 1 1 1 0 1 3 4 5 4 2 2 1 2 1 2 3 4 9 12 11 12
62 45 53 83 47 40 34 37 38 46 36 10 35 78 86 84 64 58 84 65 76 79 68 51 72 68 81 77 71 78 62 62 63 59 62 43 41 48 47 47 16 15 36 48 10 5 3 1 0 0 0 0 0 0 2 9 11 18 5 6 5 2 1 11 24 7 7 4 3 3 4 4 2 1 1 1 1 1 1 2 2 5 4 1 1 1 1 2 3 6 8 10 11 13 7 9
33 53 51 81 81 32 40 26 30 29 34 20 42 53 58 62 76 83 69 32 63 34 73 82 92 87 84 63 78 62 73 59 54 34 71 67 69 57 31 26 9 2 36 26 18 9 6 3 1 2 2 1 0 0 0 1 2 4 2 4 3 2 2 6 11 13 5 3 4 1 1 1 2 1 1 1 1 0 1 1 2 2 2 2 1 1 3 4 7 6 8 18 16 12 11 10
23 32 46 49 77 75 46 25 25 26 24 23 37 59 69 76 42 77 76 39 67 63 40 55 76 57 75 51 71 36 23 50 37 36 52 85 70 50 30 67 31 27 33 28 27 11 4 3 5 5 3 1 0 0 0 0 0 1 1 3 2 1 3 7 6 12 6 3 2 2 2 2 1 1 1 0 1 0 0 0 1 1 1 1 1 2 2 4 6 7 9 9 36 18 11 7
12 21 33 9 46 84 47 30 16 14 21 25 22 33 41 58 60 76 56 57 67 51 21 54 70 55 54 48 51 71 58 60 55 32 40 77 84 87 84 77 60 46 44 51 36 14 10 8 14 4 2 2 2 1 1 1 0 0 0 1 1 1 1 6 6 7 6 3 2 2 1 1 1 0 1 0 0 0 0 0 0 0 0 0 0 0 1 3 6 3 6 13 15 13 8 17
23 15 27 51 45 60 82 44 42 16 10 13 15 19 47 37 59 77 19 29 72 70 35 21 79 83 61 44 57 67 35 32 39 27 23 52 72 71 64 36 47 48 26 34 38 32 36 32 12 2 4 7 5 4 4 7 6 1 0 0 0 0 1 1 3 8 4 3 1 2 1 0 1 1 0 0 0 0 0 0 0 0 1 1 2 1 1 2 4 6 6 8 12 15 24 27
32 13 10 38 56 64 84 69 37 30 17 15 13 17 18 12 41 29 23 62 87 45 27 17 24 68 40 46 39 59 57 38 42 38 31 70 55 32 26 18 22 11 9 54 31 53 61 49 19 12 16 11 10 6 4 1 2 1 1 1 0 0 1 1 1 2 3 3 2 2 1 0 0 0 0 0 0 0 0 0 0 0 1 1 2 4 4 4 7 8 8 12 15 16 15 31
52 37 26 18 19 25 42 66 39 45 22 13 9 13 21 9 27 16 43 39 80 42 28 25 14 26 26 37 16 51 55 28 26 27 34 50 47 18 11 19 15 11 12 21 36 29 23 12 12 12 9 8 7 8 8 1 1 2 1 0 0 0 1 1 0 1 2 3 2 1 0 0 0 0 0 0 0 0 0 0 0 1 1 2 1 1 3 13 5 10 14 18 23 21 28 36
27 27 46 19 16 42 46 65 69 48 35 12 9 7 9 12 17 19 21 38 70 80 53 32 10 9 20 6 13 42 54 29 21 23 18 18 20 13 9 13 12 10 10 10 38 22 23 11 6 5 4 1 2 1 4 2 1 2 1 0 0 0 0 0 0 1 1 1 1 0 0 0 0 0 0 0 0 0 0 0 0 0 1 1 1 2 7 10 13 17 19 19 21 31 30 46
44 37 15 11 13 24 36 49 65 42 26 17 7 4 5 11 5 8 25 69 58 68 56 47 24 7 25 22 6 9 33 19 22 17 7 7 10 23 8 7 9 6 4 7 20 22 28 15 8 4 3 2 1 1 2 2 1 1 1 0 0 0 0 0 0 1 1 1 1 0 0 0 0 0 0 0 0 0 0 0 0 0 0 1 2 3 4 13 8 8 6 7 15 28 32 20
57 51 22 10 3 22 21 33 51 54 19 16 7 6 8 8 4 19 45 65 29 38 51 23 18 15 8 14 17 3 15 23 10 11 6 9 8 6 6 6 11 7 2 3 6 17 28 18 13 7 5 3 1 1 0 1 1 1 2 1 0 0 0 0 0 0 0 0 0 0 0 0 0 0 0 0 0 0 0 0 0 0 0 1 3 3 5 6 6 5 4 10 14 16 17 19
59 51 29 23 7 7 17 24 62 18 20 9 5 5 4 5 4 13 46 28 5 20 73 22 14 16 6 8 8 15 11 9 6 6 6 4 3 2 2 5 9 4 2 2 3 8 24 14 17 7 4 2 1 1 0 0 1 1 1 1 0 0 0 0 0 0 0 0 0 0 0 0 0 0 0 0 0 0 0 0 0 1 1 2 2 3 8 6 5 6 9 8 11 17 19 13
54 48 29 14 13 8 15 16 50 20 6 14 8 4 3 3 3 19 21 12 29 42 62 42 18 10 11 17 5 17 11 8 8 4 7 3 4 3 1 3 2 1 2 6 12 15 21 16 28 21 10 5 2 1 0 0 0 0 0 1 0 0 0 0 0 0 0 0 0 0 0 0 0 0 0 0 0 0 0 0 0 1 1 1 1 2 3 5 9 11 12 11 14 8 18 24
47 33 22 13 12 10 5 9 20 43 15 6 8 4 3 2 4 12 9 13 12 25 56 38 18 22 7 9 9 20 8 5 5 6 2 2 3 3 2 2 1 1 2 18 8 7 18 9 19 19 19 7 4 2 1 0 0 0 0 0 0 0 0 0 0 0 0 0 0 0 0 0 0 0 0 0 0 0 0 0 0 1 1 1 1 1 3 4 4 6 8 20 14 19 35 24
39 37 19 11 11 9 8 8 11 21 22 5 3 3 3 3 3 4 6 9 11 26 64 33 22 11 15 6 7 14 6 2 3 3 3 1 2 2 1 1 0 1 7 17 2 8 10 5 14 14 11 10 6 4 2 1 0 0 0 0 0 0 0 0 0 0 0 0 0 0 0 0 0 0 0 0 0 0 0 0 1 1 1 1 1 1 2 1 3 7 6 11 11 6 12 18
78 53 35 9 5 8 5 7 8 15 22 9 6 4 4 2 2 3 4 3 13 16 46 30 11 7 8 8 6 3 7 2 2 2 2 3 2 2 1 1 3 5 7 2 3 5 4 5 7 12 15 12 16 7 4 2 1 0 0 0 0 0 0 0 0 0 0 0 0 0 0 0 0 0 0 0 0 0 0 0 0 0 0 0 0 1 1 1 2 3 7 15 9 9 13 4
37 73 50 26 9 4 3 5 7 8 32 12 7 3 2 2 2 1 2 3 7 12 28 36 10 5 4 4 5 5 4 6 3 1 1 3 2 1 0 1 3 10 4 2 3 4 3 3 7 12 5 5 7 9 6 3 2 1 0 0 0 0 0 0 0 0 0 0 0 0 0 0 0 0 0 0 0 0 0 0 0 0 0 0 1 1 1 1 2 4 6 8 7 7 8 16
14 73 20 56 29 16 3 3 4 9 19 8 5 2 2 1 1 1 2 3 7 18 15 29 18 9 5 3 3 4 3 5 3 3 1 2 1 0 1 1 4 4 4 1 2 3 1 2 7 12 4 4 4 4 14 7 3 2 1 0 0 0 0 0 0 0 0 0 0 0 0 0 0 0 0 0 0 0 0 0 0 0 0 0 1 1 1 1 2 3 4 3 4 9 10 12
26 27 16 45 23 22 9 2 2 3 9 9 3 2 1 1 1 1 2 5 2 2 24 29 28 17 10 8 2 1 1 2 2 1 0 1 0 0 0 1 4 1 1 1 1 5 1 2 10 10 5 2 1 1 8 4 4 2 1 0 0 0 0 0 0 0 0 0 0 0 0 0 0 0 0 0 0 0 1 1 1 1 1 1 1 1 1 1 2 2 3 4 9 13 15 17
26 22 17 14 16 7 25 5 1 1 3 4 3 1 1 0 0 1 2 2 5 19 32 32 38 18 10 4 3 2 2 3 2 1 1 1 0 0 1 2 2 1 1 1 2 5 3 3 14 11 10 2 0 0 1 1 2 2 1 0 0 0 0 0 0 0 0 0 0 0 0 0 0 0 0 0 0 1 1 1 1 2 2 2 2 2 1 1 3 2 2 3 4 3 7 9
23 15 18 11 13 3 7 11 1 1 2 3 4 1 0 0 0 1 2 4 14 14 26 20 23 27 7 4 3 2 2 1 1 1 1 0 0 0 0 2 1 1 0 0 0 1 2 2 7 11 5 2 2 0 0 1 0 1 1 0 0 0 0 0 0 0 0 0 0 0 0 0 0 0 0 0 0 1 1 2 3 2 2 3 2 3 3 5 4 1 1 1 2 7 9 13
15 19 23 11 4 3 3 3 2 1 1 2 3 1 0 0 0 1 4 12 8 4 15 14 12 18 9 4 3 2 1 1 1 1 0 0 0 0 1 2 1 0 0 0 0 2 1 2 10 3 4 2 1 1 1 1 1 1 0 0 0 0 0 0 0 0 0 0 0 0 0 0 0 0 0 0 1 1 2 2 4 5 6 6 7 5 6 6 4 3 2 4 2 3 9 11
6 5 8 8 3 4 1 2 2 1 0 1 1 1 0 0 1 1 3 4 5 4 10 23 4 6 4 6 2 1 1 1 1 1 1 0 0 1 2 1 0 0 0 0 1 1 1 10 18 1 1 3 1 1 0 0 1 0 0 0 0 0 0 0 0 0 0 0 0 0 0 0 0 0 0 0 1 0 0 1 2 2 3 5 10 7 11 10 7 8 4 4 8 7 6 7
2 2 2 3 3 2 2 1 1 1 0 0 0 1 0 0 0 1 1 2 3 2 2 4 3 3 2 3 1 1 1 1 0 0 0 0 0 1 1 0 0 0 0 0 1 1 3 2 9 2 1 2 2 1 1 1 0 0 0 0 0 0 0 0 0 0 0 0 0 0 0 0 0 0 0 0 0 0 0 0 1 2 3 2 9 10 16 19 12 19 15 14 12 13 9 25
3 3 3 2 1 1 1 0 0 0 0 0 0 0 0 0 0 1 0 1 2 1 1 2 2 2 2 1 2 1 1 0 0 0 0 0 0 1 0 1 0 0 0 1 1 2 1 1 1 2 1 1 1 1 1 0 0 0 0 0 0 0 0 0 0 0 0 0 0 0 0 0 0 0 0 0 0 1 1 1 1 1 1 2 5 7 6 8 32 27 12 28 23 24 14 21
