sesion_6_simulaciones/modelos_agentes/ejemplos_netlogo/scenarios/echam4_b2/rob_2072.asc
NCOLS 322 
NROWS 307 
XLLCORNER 451900 
YLLCORNER 4086900 
CELLSIZE 100 
NODATA_value -9999 
[rows 222 to 295 of 307, columns 0 to 95 of 322]
2 4 6 14 12 9 20 19 3 10 11 11 26 9 8 5 4 2 2 3 8 15 19 22 13 11 9 20 34 13 9 26 32 11 27 19 11 13 19 46 16 17 29 31 24 54 36 47 54 79 77 48 35 38 36 21 32 50 33 44 52 36 29 55 41 50 31 39 29 22 19 15 6 3 2 2 1 1 0 0 0 0 0 0 0 1 2 7 9 5 3 3 6 13 26 15
3 7 4 3 5 10 14 23 15 7 7 14 18 8 4 4 5 9 11 11 13 19 11 41 21 18 16 15 17 19 11 19 14 14 33 6 7 13 16 39 27 20 15 28 10 7 18 13 15 58 68 50 52 37 31 33 21 25 42 49 43 61 34 40 56 35 30 35 39 19 8 8 4 3 1 1 0 1 0 0 0 0 0 1 1 1 2 5 14 16 6 8 14 19 4 3
4 13 22 41 20 22 18 25 17 18 25 37 15 11 8 12 10 18 8 8 39 8 15 16 15 10 9 31 16 14 12 14 9 17 13 9 12 15 11 27 20 15 15 51 48 42 37 39 36 17 26 43 32 29 22 22 23 34 36 40 45 50 33 66 66 42 32 22 19 11 7 6 3 2 2 1 0 0 0 0 0 0 0 1 2 4 3 10 28 27 11 17 23 19 4 3
8 19 22 42 42 47 18 14 8 31 27 20 11 7 8 11 3 2 1 20 10 13 31 17 10 15 13 14 9 6 9 8 12 3 5 16 8 16 8 25 12 19 29 25 27 50 39 62 64 39 22 28 20 30 16 19 23 42 34 33 45 28 25 21 30 26 18 17 10 6 5 3 2 2 1 0 0 0 0 0 0 0 1 2 3 8 12 14 44 43 35 36 14 10 5 5
2 5 7 6 16 64 38 5 20 20 31 10 19 16 3 2 1 1 6 29 6 18 21 18 8 13 7 3 9 5 7 20 10 5 8 9 13 18 6 12 24 44 46 20 35 46 50 28 64 78 30 26 12 18 19 30 26 25 29 23 18 13 20 11 9 15 20 11 6 3 2 2 2 1 0 0 0 0 0 0 0 1 2 2 3 10 27 39 48 57 37 18 14 7 4 3
5 4 10 12 18 20 11 8 9 14 23 25 33 7 1 1 7 11 26 37 11 12 16 20 12 8 10 4 5 7 2 8 22 4 4 3 7 9 39 51 17 19 15 53 31 36 61 42 38 18 32 39 34 32 31 34 40 26 25 21 20 10 12 8 9 11 10 3 2 3 2 1 1 0 0 0 0 0 0 0 1 1 3 4 4 10 30 64 51 7 7 4 4 5 3 2
4 6 8 20 16 13 16 15 9 23 18 15 15 6 9 23 25 27 25 32 9 11 11 13 3 2 7 2 6 8 2 2 6 7 3 8 5 4 29 50 38 18 40 31 80 51 27 33 35 33 24 49 45 43 48 45 26 30 14 10 9 3 1 2 6 5 5 3 2 1 1 1 0 0 0 0 0 0 1 1 1 3 4 6 13 18 24 62 34 13 10 8 6 6 3 4
1 4 13 10 13 12 22 17 14 14 15 24 16 18 17 29 20 9 23 16 9 6 4 4 1 6 2 1 5 4 2 2 2 4 12 20 12 7 6 16 27 14 13 12 37 77 51 32 31 33 29 30 32 45 57 56 31 24 8 6 2 2 3 9 10 5 1 1 1 1 0 0 0 0 0 0 1 1 1 2 5 5 11 10 27 35 39 41 20 12 16 24 9 6 3 3
4 6 6 12 17 14 26 12 15 11 6 14 11 23 13 23 18 11 8 13 2 3 3 2 2 1 2 3 2 3 1 2 2 3 4 11 9 26 13 5 16 39 29 35 51 25 33 23 18 24 20 21 35 37 35 39 42 29 23 8 11 7 4 5 7 4 1 1 0 0 0 0 0 0 0 0 1 2 2 4 10 7 18 17 14 49 73 42 25 33 40 24 9 4 4 1
1 5 7 16 10 9 12 28 5 13 6 7 10 13 8 17 12 6 4 5 2 2 2 2 1 1 1 1 1 1 1 1 8 4 3 3 21 8 16 14 6 14 56 70 77 46 21 13 29 35 35 17 26 38 31 34 29 10 14 21 10 6 3 5 2 4 2 1 0 0 0 0 0 0 1 1 2 5 9 15 23 23 27 14 10 26 60 31 23 50 38 15 9 6 4 2
1 1 6 7 7 7 5 11 5 8 6 5 7 10 6 5 10 2 2 2 1 1 0 1 1 1 1 0 1 0 1 2 3 12 7 7 6 8 14 7 13 12 13 31 35 25 26 16 31 24 39 24 24 24 23 41 23 13 5 4 6 3 1 2 1 3 1 1 1 1 0 0 0 1 1 2 4 10 16 28 40 53 34 20 15 18 37 39 45 36 18 8 4 4 5 4
0 1 4 4 3 8 7 5 6 5 7 6 3 7 4 2 3 1 1 1 1 0 0 0 0 1 0 0 1 1 1 1 1 1 1 5 3 5 7 6 11 21 48 31 29 16 20 8 13 15 24 19 22 28 33 21 16 7 2 1 4 9 3 4 4 3 2 2 1 0 0 1 1 2 2 3 5 19 24 42 65 58 45 44 21 24 63 66 50 29 21 11 8 9 7 3
0 0 0 2 2 5 11 14 20 3 3 5 1 3 1 1 3 1 1 1 1 1 0 0 1 0 0 1 1 3 4 1 2 2 5 8 10 13 12 18 28 34 41 52 50 53 58 29 31 47 36 22 21 17 16 15 7 3 2 5 4 10 13 6 3 2 1 0 0 0 0 2 2 2 4 3 9 22 33 46 49 68 55 59 44 71 53 53 34 40 35 32 21 13 7 4
0 0 0 1 1 3 2 4 2 5 3 2 0 1 0 0 1 0 0 0 0 0 0 1 0 0 0 1 1 1 11 19 12 10 25 13 16 12 18 17 34 42 39 63 37 26 29 8 19 38 53 41 23 14 14 13 13 11 23 12 7 8 5 5 2 0 0 0 0 0 2 3 7 5 9 5 7 14 36 50 74 61 65 58 71 53 55 54 29 30 55 44 32 11 8 11
0 0 0 0 0 1 2 2 2 2 1 1 0 1 0 0 1 0 0 0 0 0 0 0 0 0 1 2 2 1 2 8 43 21 39 70 67 45 50 38 17 60 65 55 71 59 62 39 33 42 38 34 38 16 16 34 28 19 12 6 6 11 8 2 0 0 1 0 0 0 1 2 11 15 12 8 11 9 22 24 68 78 74 41 35 80 48 55 54 57 37 39 30 24 15 13
0 0 0 0 0 1 1 2 2 2 1 0 0 0 0 0 0 5 0 0 3 1 1 0 0 0 0 0 1 1 2 2 5 44 28 68 74 70 70 60 52 31 73 75 77 55 72 47 35 39 24 22 12 16 6 6 10 13 10 7 4 3 1 0 0 1 1 0 0 1 2 4 7 16 19 11 13 20 24 23 55 74 66 28 64 64 52 72 73 51 52 44 41 23 33 25
0 0 0 0 1 0 0 1 1 1 0 0 0 0 0 0 0 0 1 1 1 4 3 1 0 0 0 0 1 2 2 4 5 9 7 36 81 45 74 41 49 47 47 69 64 59 43 26 57 50 39 34 37 33 21 11 9 7 6 5 4 1 1 0 1 0 1 0 0 1 2 6 9 25 43 27 17 26 40 46 62 74 48 43 61 27 16 33 47 25 24 40 30 30 19 10
0 0 0 0 0 0 0 0 0 0 0 0 0 0 0 0 0 0 0 0 0 0 5 2 0 0 1 2 1 2 4 2 6 14 8 14 46 62 62 61 59 50 56 49 55 68 63 40 20 46 42 40 35 37 33 15 9 4 4 3 2 1 1 2 0 0 0 0 1 2 4 4 13 19 37 47 25 24 28 63 63 82 37 41 69 33 36 32 24 18 16 25 26 18 6 2
0 0 0 0 0 0 0 0 0 0 0 0 0 0 0 0 0 0 0 1 0 0 0 2 2 0 1 2 3 3 8 6 9 20 20 20 19 54 41 51 24 32 24 38 38 40 14 47 32 29 38 27 25 30 29 24 19 12 8 11 5 3 2 1 0 0 0 1 2 4 7 11 14 18 21 52 63 39 57 48 75 67 57 75 33 38 44 40 48 51 30 32 28 16 7 2
0 0 0 0 0 0 0 0 0 0 0 0 0 0 0 0 0 0 1 0 0 0 0 3 1 1 1 1 0 1 3 6 10 15 21 32 17 18 22 16 28 19 10 12 20 32 29 39 22 20 31 24 23 17 16 16 12 8 6 4 2 1 1 0 0 0 1 2 5 5 8 14 22 18 27 26 78 35 35 64 73 52 59 69 62 56 43 71 68 28 30 21 13 6 2 2
0 0 0 0 0 0 0 0 0 0 0 0 0 0 0 0 0 0 1 1 0 0 0 1 1 1 1 2 1 3 9 6 8 17 19 35 34 20 16 9 9 16 21 22 34 35 27 16 21 29 22 21 16 17 15 13 11 4 3 2 2 1 0 0 0 1 2 4 5 8 17 9 5 24 58 48 72 48 48 64 70 64 50 61 46 32 34 60 51 44 20 15 10 5 3 1
0 0 0 0 0 0 0 0 0 0 0 0 0 1 1 1 0 0 0 0 0 0 0 2 5 2 2 2 3 3 6 10 13 21 21 35 36 56 40 17 19 12 15 15 20 17 22 13 10 18 15 20 20 17 9 8 5 3 3 2 1 1 0 0 0 2 6 6 8 13 17 19 12 26 50 37 62 75 49 60 62 68 68 67 47 59 43 49 52 42 27 20 9 6 3 3
0 0 0 0 0 0 0 0 0 0 0 0 0 0 0 2 0 0 0 0 0 1 1 1 1 1 4 9 14 10 9 11 17 29 31 31 38 48 59 56 28 21 23 30 32 20 13 17 26 19 27 27 13 9 12 7 9 6 3 2 1 1 1 1 1 3 7 14 22 26 22 25 16 30 69 41 21 61 84 59 69 70 64 57 46 37 14 35 50 39 21 9 9 8 10 7
0 0 0 0 0 0 0 0 0 0 0 0 0 0 0 0 0 0 0 0 0 1 1 1 2 2 1 3 4 20 27 26 32 43 36 28 45 61 67 57 34 32 30 40 41 45 27 43 28 16 7 8 11 12 4 5 4 4 1 2 2 1 1 2 3 6 10 22 31 37 35 41 29 37 60 68 25 50 66 59 58 39 30 20 28 43 23 28 33 25 19 14 13 11 10 8
0 0 0 0 0 0 0 0 0 0 0 0 0 0 0 0 0 0 0 0 1 0 1 1 1 3 2 1 1 15 11 46 67 40 41 49 40 44 61 63 58 63 50 34 47 61 36 38 30 17 17 17 8 13 6 4 5 5 5 4 1 0 1 3 5 7 11 29 31 52 42 56 31 31 54 68 55 34 67 39 29 18 32 25 27 13 13 22 40 36 18 16 17 16 11 4
0 0 0 0 0 0 0 0 0 0 0 0 0 0 0 0 0 0 0 0 0 0 1 1 1 2 4 2 2 2 3 3 34 37 32 32 26 49 43 33 32 25 22 22 33 55 33 31 26 24 17 13 7 4 3 6 8 6 4 3 1 0 1 2 4 13 22 29 28 40 69 51 56 30 31 62 51 73 44 28 34 24 25 27 37 19 27 34 29 15 17 26 32 17 12 4
0 0 0 0 0 0 0 0 0 0 0 0 0 0 0 0 0 1 0 0 0 0 0 1 1 1 2 2 7 8 5 12 16 12 6 14 24 35 22 30 18 19 11 19 22 25 24 35 17 15 14 13 13 10 3 5 6 8 5 2 0 0 0 3 4 10 9 11 15 20 41 67 77 33 20 46 30 65 27 40 23 25 17 29 35 35 35 17 30 25 31 37 18 12 7 4
0 0 0 0 0 0 0 0 0 0 0 0 0 0 0 0 1 0 1 0 0 0 0 1 1 1 5 6 3 3 3 5 14 21 16 14 33 41 36 32 37 31 51 42 28 28 30 34 30 19 8 12 10 7 10 8 7 4 2 1 0 0 1 2 6 11 16 34 25 16 26 35 55 62 36 32 61 48 38 32 16 32 35 27 16 35 42 36 45 50 28 27 12 7 5 7
0 0 0 0 0 0 0 0 0 0 0 0 0 0 0 0 1 0 0 0 0 0 0 1 10 17 10 3 10 21 21 11 24 24 24 24 35 52 42 42 51 41 32 34 34 32 48 52 33 24 26 20 25 24 14 5 3 4 2 1 0 1 1 3 9 15 28 43 44 26 18 22 41 58 63 35 69 47 47 47 42 28 38 48 42 41 56 48 38 49 48 22 20 13 5 5
0 0 0 0 0 0 0 0 0 0 0 0 0 0 0 1 1 1 0 1 1 0 1 2 9 25 22 9 4 9 14 14 10 12 21 18 21 31 30 56 66 41 47 47 60 56 49 54 40 32 36 40 25 16 13 10 8 3 2 1 0 2 2 7 12 22 46 45 30 30 29 36 38 31 21 69 69 46 37 36 27 35 55 50 54 63 60 68 55 48 26 17 14 14 8 5
0 0 0 0 0 0 0 0 0 0 1 0 0 0 1 0 0 0 0 0 0 1 2 12 17 4 14 12 10 21 25 21 12 8 12 12 25 33 45 45 37 39 70 66 72 64 48 34 29 24 12 21 23 13 9 8 4 3 3 1 0 2 2 8 18 32 45 44 43 53 45 39 63 60 46 47 64 55 28 35 39 53 54 37 51 56 56 43 57 29 17 14 21 13 9 7
0 0 0 0 0 0 0 0 1 0 2 2 0 0 1 0 0 0 0 0 0 0 1 7 2 3 10 23 24 45 73 25 37 24 15 9 18 59 46 49 62 19 25 13 20 40 26 40 25 26 21 23 23 19 8 4 5 4 3 1 1 3 4 9 26 52 46 42 33 68 79 34 64 75 73 57 42 42 39 24 36 35 44 62 54 51 39 35 40 34 33 35 27 20 9 3
0 0 0 0 0 0 0 0 0 0 0 0 0 0 0 0 1 0 0 0 0 0 1 4 1 1 1 16 17 13 33 70 36 47 43 41 43 44 36 39 52 54 43 52 53 37 40 53 40 38 34 17 14 12 10 7 7 6 4 1 2 5 14 20 32 43 46 45 37 31 59 76 42 62 70 69 54 30 49 39 54 58 44 36 51 51 40 31 35 55 48 37 20 11 9 3
0 0 0 0 0 0 0 0 0 0 0 0 0 0 0 0 1 0 0 1 1 1 1 7 2 0 3 2 8 16 7 15 46 37 56 57 36 12 13 13 31 37 36 46 60 65 49 32 47 40 25 35 28 15 9 15 6 6 5 1 3 9 24 34 52 61 44 38 65 55 37 30 66 70 53 68 47 43 68 66 26 26 30 41 42 35 51 41 46 29 26 15 8 9 4 3
0 0 0 0 0 0 0 0 0 0 0 0 0 0 0 0 0 0 0 0 0 2 2 8 6 2 3 5 9 9 9 4 3 8 12 13 14 13 14 10 8 17 16 23 48 50 36 55 53 48 41 33 30 25 21 18 13 7 5 1 6 12 23 47 58 59 45 55 55 74 52 47 28 26 44 47 68 56 35 42 38 53 51 60 53 46 60 54 31 19 17 16 9 3 4 4
0 0 0 0 0 0 0 0 0 0 0 0 0 0 0 0 0 0 0 0 0 2 4 6 3 0 3 8 6 14 17 5 22 31 37 35 31 27 29 14 13 16 47 57 60 42 51 48 52 52 48 37 32 27 23 18 14 7 3 1 2 11 39 54 52 68 51 58 57 47 82 58 42 28 15 61 42 59 48 48 54 69 69 63 54 65 53 45 26 21 17 15 7 5 7 9
0 0 0 0 0 0 0 0 0 0 0 0 2 2 1 3 1 0 0 0 1 2 4 5 3 8 1 8 8 16 9 22 24 17 23 27 22 25 13 22 49 61 37 40 33 48 45 42 55 45 52 47 37 28 25 22 10 8 4 2 2 6 20 54 78 68 49 61 54 45 38 52 58 15 10 25 67 72 70 60 58 59 63 71 65 48 53 39 52 30 17 12 4 9 5 21
0 0 0 0 0 0 0 0 0 0 0 0 1 2 2 0 0 0 0 0 1 1 3 7 7 3 5 6 5 6 10 45 17 17 24 29 31 20 30 35 61 53 53 51 56 57 58 51 64 57 56 44 41 32 27 15 10 8 7 3 4 6 21 42 68 58 68 72 58 71 63 61 54 23 23 39 58 53 61 52 52 52 53 59 51 45 47 52 55 47 21 17 11 14 12 28
0 0 0 0 0 0 0 0 0 0 0 0 0 10 1 0 0 0 0 1 1 1 3 2 2 2 11 3 7 6 20 15 25 31 27 29 29 35 45 41 33 50 56 64 62 66 60 70 65 44 38 35 31 36 33 17 14 9 7 3 5 10 20 39 57 52 46 62 76 59 72 58 55 24 43 50 56 59 43 41 48 50 41 37 39 42 42 42 36 39 35 27 11 23 28 29
0 0 0 0 0 0 0 0 0 0 0 0 0 0 0 0 0 0 0 0 1 2 3 1 1 4 2 4 8 19 28 25 25 29 22 27 40 43 49 45 50 65 68 55 50 66 69 68 53 50 43 43 35 25 24 27 22 11 5 3 6 15 26 39 47 53 43 46 68 80 70 60 47 75 59 35 25 33 43 48 43 49 50 48 37 48 32 49 36 29 34 28 13 25 27 25
0 0 0 0 0 0 0 0 0 0 0 0 0 0 0 0 0 0 0 0 1 1 1 3 3 2 2 8 20 6 7 8 24 21 28 37 40 41 43 43 50 62 50 55 69 66 68 71 51 54 47 42 34 22 21 27 14 12 11 4 4 9 37 48 59 51 47 41 39 40 49 48 48 58 13 28 33 34 30 34 36 37 36 56 50 50 45 44 33 32 32 18 17 31 27 38
0 0 0 0 0 0 0 0 0 0 0 0 0 0 0 0 0 0 0 1 2 1 6 7 2 3 3 8 5 6 8 13 18 17 26 35 38 40 33 62 50 41 45 61 34 54 70 72 71 65 33 33 31 35 34 23 17 19 11 4 2 7 17 42 52 52 78 55 54 50 42 23 35 52 34 39 44 35 33 34 44 41 49 50 51 23 26 22 29 46 33 12 25 43 45 45
0 0 0 0 0 0 0 0 0 0 0 0 0 0 0 0 0 0 0 1 1 3 3 1 2 4 3 3 4 6 11 11 10 16 20 43 25 26 46 39 34 60 69 39 58 60 62 68 58 41 37 45 47 43 37 37 30 24 14 6 3 8 23 35 45 65 74 83 48 55 42 23 25 61 61 27 37 46 51 32 33 39 51 48 36 16 41 37 31 22 14 6 29 45 45 42
0 0 0 0 0 0 0 0 0 0 0 0 0 0 0 0 0 0 0 1 1 1 0 1 3 1 1 3 4 6 15 12 10 17 24 32 26 42 51 51 37 34 41 53 52 59 47 53 52 52 50 59 57 33 36 35 33 19 17 8 5 14 19 37 53 57 69 74 64 60 42 41 46 59 35 27 28 31 41 45 32 66 54 33 42 49 42 33 19 10 8 17 36 46 43 46
0 0 0 0 0 0 0 0 0 0 0 0 0 0 0 0 0 0 1 0 0 0 0 1 1 2 2 4 8 7 8 7 9 13 32 19 52 48 52 28 21 23 33 51 62 58 57 61 63 63 60 58 44 31 26 24 22 20 19 17 9 19 31 46 62 61 51 45 62 73 60 22 34 60 26 30 55 53 52 60 56 43 44 45 48 53 28 30 17 14 15 32 39 42 33 44
0 0 0 0 0 0 0 0 0 0 0 0 0 0 0 0 0 0 1 1 1 1 0 1 1 3 3 4 4 3 5 7 9 12 40 19 11 6 9 22 25 44 58 64 67 63 58 62 49 66 51 47 53 34 38 25 21 22 19 18 12 29 43 45 62 57 48 26 43 61 57 32 45 52 27 16 32 62 63 61 62 36 46 48 46 49 27 23 36 17 32 37 21 46 44 45
0 0 0 0 0 0 0 0 0 0 0 0 0 0 0 0 0 1 0 0 0 1 1 1 2 2 2 4 3 4 8 8 6 37 8 6 17 24 28 30 47 59 52 61 67 71 67 64 53 54 54 51 52 49 44 40 34 24 23 12 26 35 56 75 64 58 43 45 50 49 57 26 34 40 54 33 36 40 58 62 52 58 43 48 50 42 32 11 16 31 31 19 30 35 61 44
0 0 0 0 0 0 0 0 0 0 0 0 0 0 0 0 0 0 0 1 0 1 1 1 2 2 2 3 4 4 7 7 9 9 2 8 12 18 31 68 45 46 58 63 66 69 59 55 51 44 51 51 52 38 46 33 39 37 24 24 30 53 45 62 60 52 44 52 52 39 62 49 31 49 44 35 41 45 45 46 57 47 39 39 45 33 20 7 15 40 21 32 40 38 58 38
0 0 0 0 0 0 0 0 0 0 0 0 0 0 0 0 0 0 0 1 2 1 0 0 2 2 3 3 2 2 10 27 10 1 4 13 10 30 42 45 45 59 60 45 53 57 59 60 47 52 51 52 52 51 49 46 43 42 30 29 32 36 42 44 59 70 53 69 67 48 36 32 39 38 49 54 37 36 33 35 43 40 37 45 44 31 15 9 32 34 35 52 57 41 47 35
0 0 0 0 0 0 0 0 0 0 0 0 0 0 0 0 0 0 0 1 1 0 1 1 0 2 2 1 4 5 14 7 2 3 13 5 15 12 22 52 62 42 36 71 66 46 56 60 58 56 53 54 52 51 51 50 47 30 32 34 36 55 36 37 32 52 71 70 62 55 59 53 29 42 29 30 21 28 43 50 38 45 36 50 48 16 10 31 26 37 49 55 46 28 42 40
0 0 0 0 0 0 0 0 0 0 0 0 0 0 0 0 0 0 0 0 0 0 1 0 0 1 1 1 7 5 6 1 2 4 9 22 12 16 30 40 46 40 53 28 43 39 54 69 56 56 56 55 54 50 52 51 35 24 38 50 40 54 46 45 41 49 52 77 48 40 20 36 24 16 16 30 43 35 32 35 37 31 52 46 24 13 23 31 37 32 36 44 56 41 42 39
0 0 0 0 0 0 0 0 0 0 0 0 0 0 0 0 0 0 0 0 1 0 0 0 1 1 1 2 8 3 2 1 2 3 13 20 19 15 20 28 32 46 38 29 36 69 58 54 54 68 58 55 56 55 53 49 34 25 46 50 66 67 49 48 37 51 58 56 61 31 21 15 19 27 24 44 35 39 34 40 32 41 31 23 16 24 38 42 35 50 45 32 31 38 31 25
0 0 0 0 0 0 0 0 0 0 0 0 0 0 0 0 0 0 0 0 0 0 0 0 2 0 1 3 2 2 3 2 5 8 19 14 12 16 13 11 14 34 52 47 53 47 53 58 68 56 57 69 38 52 51 37 22 45 54 53 75 66 45 55 39 31 41 64 51 12 36 15 16 27 31 36 36 41 43 36 32 43 22 28 22 36 40 43 34 36 42 29 28 36 40 31
0 0 0 0 0 0 0 0 0 0 0 0 0 0 0 0 0 0 0 0 0 0 0 0 1 0 1 3 1 1 1 1 5 13 15 13 8 11 10 16 25 34 41 62 43 46 47 68 53 54 70 59 58 55 39 36 23 42 65 61 62 66 48 54 54 37 39 36 53 9 14 32 32 23 26 31 47 40 51 52 39 38 17 15 21 38 47 49 50 46 39 40 26 31 47 36
0 0 0 0 0 0 0 0 0 0 0 0 0 0 0 0 0 0 0 0 0 0 0 0 1 1 1 0 0 1 2 3 7 10 3 2 10 8 12 11 16 29 41 54 56 43 66 44 65 70 54 54 58 56 41 37 23 40 63 64 54 60 38 38 54 31 48 20 28 8 9 31 13 27 32 37 40 52 72 49 49 20 15 20 34 37 44 46 34 22 29 48 21 23 36 52
0 0 0 0 0 0 0 0 0 0 0 0 0 0 0 0 0 0 0 0 0 0 0 0 0 1 0 0 1 0 2 1 4 2 1 5 4 5 7 18 26 33 43 47 42 29 52 61 59 55 60 52 54 55 54 37 35 40 64 74 63 56 46 32 50 44 16 17 34 7 16 18 17 25 28 34 54 32 34 42 20 13 18 35 35 42 49 43 25 27 36 19 12 14 22 49
0 0 0 0 0 0 0 0 0 0 0 0 0 0 0 0 0 0 0 0 0 0 0 0 0 1 0 1 2 2 4 4 4 2 1 1 5 5 6 7 11 28 22 29 46 25 22 22 39 44 58 55 53 53 39 25 40 51 62 60 76 62 36 31 34 37 23 7 17 1 3 7 16 26 37 49 53 52 46 47 24 14 21 34 34 58 60 48 31 28 32 31 26 13 19 36
0 0 0 0 0 0 0 0 0 0 0 0 0 0 0 0 0 0 0 0 0 0 0 0 1 0 0 0 0 0 2 1 1 1 1 4 2 3 4 5 20 21 16 30 18 23 29 40 43 59 49 55 55 40 36 23 36 50 62 59 61 38 34 35 35 12 14 11 12 3 4 7 9 8 30 49 47 47 31 32 15 20 32 32 36 57 49 20 29 38 22 34 16 17 20 38
0 0 0 0 0 0 0 0 0 0 0 0 0 0 0 0 0 0 0 0 0 0 0 0 0 0 0 0 0 1 1 0 0 1 4 3 5 4 5 13 11 16 31 17 21 24 41 41 53 43 45 48 54 37 17 34 40 71 58 55 47 45 29 45 32 11 8 18 6 3 7 17 24 39 49 44 39 19 19 11 14 31 29 31 34 58 54 14 16 34 22 40 17 17 21 54
0 0 0 0 0 0 0 0 0 0 0 0 0 0 0 0 0 0 0 0 0 0 0 0 1 1 0 0 0 1 0 0 1 3 5 2 3 5 8 4 18 16 12 21 21 35 41 53 54 47 60 47 35 38 24 36 39 61 69 42 39 39 18 11 20 17 5 8 7 12 17 12 20 29 24 39 31 23 10 25 20 29 34 47 37 52 54 22 23 24 12 44 19 18 20 33
0 0 0 0 1 0 0 0 0 0 0 0 0 0 0 0 0 0 0 0 0 0 0 0 0 0 0 0 0 1 0 0 5 3 1 1 2 4 6 10 25 18 29 14 22 43 51 37 38 61 52 37 34 35 21 48 59 48 52 53 32 29 26 9 22 17 6 4 5 12 8 12 30 25 35 22 29 31 18 34 32 29 33 43 31 32 37 31 36 21 18 45 18 17 15 26
0 0 0 0 0 2 0 0 0 0 0 0 0 0 0 0 0 0 0 0 0 0 0 0 0 0 0 0 0 0 1 4 1 1 2 2 1 1 6 7 13 7 35 22 29 45 23 32 49 47 37 36 30 32 31 47 53 54 42 41 18 16 16 10 7 11 5 1 3 15 11 20 28 39 33 34 37 37 24 30 30 40 33 38 27 23 30 29 27 23 20 43 18 13 18 24
0 0 0 0 0 0 0 0 0 0 0 0 0 0 0 0 0 0 0 0 0 0 0 0 0 1 0 0 0 1 2 4 1 1 2 0 1 1 3 6 6 10 21 27 28 27 32 32 41 39 33 32 27 30 36 34 44 59 36 21 27 7 10 9 5 3 1 1 1 4 10 32 42 35 26 28 27 12 18 24 27 37 33 39 25 33 41 43 30 25 17 31 29 9 20 25
0 0 0 0 0 0 0 0 0 0 0 0 0 0 0 0 0 0 0 0 0 0 0 0 0 0 0 0 0 0 0 0 1 1 1 1 1 0 9 2 4 3 18 12 32 20 24 18 38 41 26 25 21 23 30 42 39 53 34 24 13 10 6 6 1 1 2 5 4 6 10 24 28 18 20 19 11 15 26 23 25 35 38 20 29 28 36 37 25 24 15 24 26 9 9 29
0 0 0 0 0 0 0 0 0 0 0 0 0 0 0 0 0 0 0 0 0 0 0 0 0 0 0 0 0 0 0 1 1 1 2 1 3 1 10 4 1 4 17 14 21 19 24 35 30 31 28 23 21 40 40 27 38 29 24 8 8 8 2 3 1 1 2 6 6 5 16 26 42 41 39 13 14 15 22 32 39 23 34 20 27 38 34 30 21 23 14 19 26 21 7 13
0 0 0 0 0 0 0 0 0 0 0 0 0 0 0 0 0 0 0 0 1 0 0 0 1 0 0 0 0 0 1 0 1 3 1 2 2 2 20 8 1 6 3 15 14 13 28 14 24 26 17 21 18 35 44 25 23 20 15 13 4 4 2 2 2 1 2 2 4 3 13 22 35 56 29 15 15 23 19 36 33 29 26 25 15 32 31 33 22 25 7 18 13 14 9 6
0 0 0 0 0 0 0 0 0 0 0 0 0 0 0 0 0 0 0 0 0 0 0 0 0 0 0 0 0 0 1 0 1 1 2 3 1 2 7 8 3 6 3 17 9 8 13 8 18 18 24 14 15 22 24 51 11 11 6 5 4 1 1 2 1 1 2 2 4 5 15 23 17 42 21 11 24 22 20 21 32 26 23 20 17 30 25 36 22 17 9 16 14 6 7 4
0 0 0 0 0 0 0 0 0 0 0 0 0 0 0 0 0 0 0 0 0 0 0 0 0 0 0 0 0 0 0 1 1 1 1 2 1 1 1 12 4 5 5 12 3 11 7 12 16 9 16 12 12 11 25 19 17 7 3 1 2 1 1 1 1 1 2 2 6 6 12 22 24 20 14 22 21 21 19 15 19 26 30 18 14 25 24 25 21 11 6 18 10 9 8 3
0 0 0 0 0 0 0 0 0 0 0 0 0 0 0 0 0 0 0 0 0 0 0 0 0 0 0 0 0 0 0 0 1 1 1 1 1 1 1 5 10 7 6 3 3 4 4 11 8 4 13 9 9 7 11 19 10 7 2 1 1 0 0 0 0 0 1 4 7 12 25 21 18 9 23 21 22 32 26 16 13 20 17 19 22 29 10 20 10 7 5 23 8 12 5 3
0 0 0 0 0 0 0 0 0 0 0 0 0 0 0 0 0 0 0 0 0 0 0 0 0 0 0 0 0 0 0 0 0 1 1 0 1 1 1 2 13 8 3 2 2 4 7 3 6 3 5 8 6 12 12 6 4 3 3 0 1 0 0 0 1 2 2 4 7 9 20 24 7 9 15 14 26 17 15 9 9 6 16 19 14 9 12 13 10 5 3 17 6 8 9 2
0 0 0 0 0 0 0 0 0 0 0 0 0 0 0 0 0 0 0 0 0 0 0 0 0 0 0 0 0 0 0 0 0 0 0 0 2 0 0 2 4 5 3 2 2 13 7 2 2 5 9 8 4 10 15 4 6 1 2 1 1 0 1 0 0 1 1 2 10 21 13 7 7 13 11 12 10 11 7 2 6 8 13 10 11 9 14 8 2 5 2 8 9 3 2 3
0 0 0 0 0 0 0 0 0 0 0 0 0 0 0 0 0 0 0 0 0 0 0 0 0 0 0 0 0 0 0 0 0 1 0 0 1 0 0 1 3 3 3 2 2 22 4 4 3 3 6 5 5 15 12 4 4 1 1 1 0 0 0 1 1 1 2 4 21 10 6 7 13 11 10 10 14 13 9 6 7 11 9 11 8 7 5 8 1 3 2 2 8 2 1 2
0 0 0 0 0 0 0 0 0 0 0 0 0 0 0 0 0 0 0 0 0 0 0 0 0 0 0 0 0 0 0 0 0 1 1 1 1 0 1 1 4 4 2 3 1 4 3 7 4 1 2 6 8 6 7 3 3 1 1 0 0 0 0 0 1 2 3 6 7 8 10 9 9 10 16 5 6 13 8 4 8 8 5 9 5 5 2 3 2 1 5 2 4 1 2 2
0 0 0 0 0 0 0 0 0 0 0 0 0 0 0 0 0 0 0 0 0 0 0 0 0 0 0 0 0 0 0 0 0 1 0 1 1 1 1 1 1 1 1 3 1 4 4 5 4 3 3 5 4 3 4 1 1 1 0 0 0 0 0 0 0 1 2 7 11 7 7 7 7 12 7 3 4 12 10 4 5 5 4 4 6 4 1 1 2 3 3 2 1 1 2 2
