sesion_6_simulaciones/modelos_agentes/ejemplos_netlogo/scenarios/echam4_b2/rob_2045.asc
NCOLS 322 
NROWS 307 
XLLCORNER 451900 
YLLCORNER 4086900 
CELLSIZE 100 
NODATA_value -9999 
[rows 222 to 295 of 307, columns 0 to 95 of 322]
7 13 20 36 30 22 35 29 5 17 19 21 41 16 14 9 7 3 4 5 13 24 27 34 21 19 16 31 49 22 16 39 50 23 46 35 21 22 29 60 28 29 43 54 45 71 50 58 62 83 82 56 43 44 41 24 33 51 33 41 46 30 21 42 29 35 18 22 14 9 7 5 2 1 1 1 0 0 0 0 0 0 0 0 0 0 1 2 3 2 1 1 2 4 10 5
14 21 16 11 14 24 26 37 23 10 12 23 28 13 7 7 8 15 19 19 22 33 20 57 36 33 27 27 29 34 21 34 28 30 56 13 14 25 29 57 48 41 34 56 24 15 29 20 21 65 74 57 58 40 32 34 21 24 39 42 35 49 21 26 39 18 15 17 17 7 3 2 1 1 0 0 0 0 0 0 0 0 0 0 0 0 1 2 5 5 2 3 5 6 1 1
14 38 47 65 42 43 34 40 27 30 39 52 23 18 14 21 18 30 16 15 56 14 29 30 29 21 18 50 31 29 25 31 22 38 28 19 27 33 27 50 44 39 40 76 70 62 53 51 47 24 34 49 36 31 24 23 22 31 30 30 33 34 18 47 45 23 15 9 7 4 2 2 1 1 1 0 0 0 0 0 0 0 0 0 1 1 1 3 11 11 4 6 9 7 1 1
26 39 39 59 60 64 31 22 15 46 45 33 19 13 15 21 6 3 2 33 18 24 51 36 24 32 27 31 22 15 23 22 30 8 13 35 23 42 23 52 36 47 58 47 47 67 55 69 71 46 27 31 22 31 16 18 20 35 25 22 29 16 13 10 15 10 6 5 3 2 2 1 1 1 0 0 0 0 0 0 0 0 0 1 1 3 4 5 21 18 16 17 5 4 2 2
6 15 19 16 28 75 49 9 32 35 48 20 32 27 5 4 2 1 10 44 12 35 45 40 24 29 18 9 21 13 22 46 29 14 22 25 38 49 23 36 54 69 70 38 53 60 61 35 69 81 35 28 12 18 18 27 21 18 17 12 9 6 9 4 3 6 8 4 2 1 1 1 1 0 0 0 0 0 0 0 0 0 1 1 1 3 11 16 24 34 17 7 5 2 1 1
17 13 21 24 30 28 16 15 15 25 40 43 48 12 3 2 13 20 41 56 22 26 38 49 35 23 26 13 16 23 8 24 53 14 13 12 22 26 66 77 41 39 29 67 43 48 69 51 43 21 35 42 36 31 29 29 29 17 14 11 8 4 5 3 3 4 3 1 1 1 1 0 0 0 0 0 0 0 0 0 0 0 1 1 1 3 13 41 27 3 3 1 1 2 1 1
16 18 20 37 27 23 28 27 18 38 32 27 24 10 15 35 42 45 47 58 22 30 32 38 10 7 23 6 16 25 7 6 19 25 11 28 18 13 53 72 63 34 56 40 84 59 36 40 40 37 27 50 46 41 43 34 17 17 7 4 3 1 0 1 2 2 1 1 1 0 0 0 0 0 0 0 0 0 0 0 0 1 1 2 4 7 10 40 18 6 4 2 1 2 1 1
5 13 32 22 23 21 37 33 28 29 31 42 28 31 29 48 38 22 47 41 25 20 14 13 5 24 8 3 17 16 6 8 11 14 35 50 35 23 16 34 45 26 22 17 43 80 60 39 36 36 30 30 30 43 50 45 19 12 3 2 1 1 1 3 4 2 0 0 1 0 0 0 0 0 0 0 0 0 0 1 2 2 4 3 11 16 21 24 9 5 6 9 3 2 1 1
16 21 19 27 33 27 46 28 33 27 17 30 22 41 26 45 41 30 24 38 8 11 12 9 10 3 7 10 8 14 5 10 7 10 15 34 28 52 28 11 28 53 40 45 59 32 40 29 21 25 20 19 33 32 27 27 26 15 11 3 4 3 1 2 2 1 0 0 0 0 0 0 0 0 0 0 0 1 1 1 3 2 7 6 5 28 55 25 12 14 19 9 3 1 1 0
7 18 21 35 22 22 29 57 14 33 17 18 24 32 21 39 31 19 14 18 9 8 7 9 6 5 5 5 3 4 3 6 24 15 13 11 46 22 32 26 11 22 66 75 80 52 26 16 31 36 35 15 22 30 22 22 16 4 6 9 4 2 1 2 1 1 1 0 0 0 0 0 0 0 0 0 1 2 3 5 9 8 10 5 4 14 43 17 11 29 18 5 2 2 1 1
5 6 22 24 18 20 16 31 16 20 15 16 18 31 21 17 31 7 8 9 2 5 1 4 3 5 3 2 4 2 5 8 11 36 21 22 16 20 29 12 22 19 19 37 40 28 27 18 32 23 35 20 19 17 14 24 11 6 2 1 2 1 0 1 0 1 1 0 0 0 0 0 0 0 0 1 1 4 6 11 17 31 17 9 7 9 21 24 27 19 7 3 1 1 2 1
2 4 14 13 10 28 22 17 18 16 21 20 10 25 15 10 12 4 5 5 6 1 1 1 2 3 1 2 4 3 4 3 4 5 4 14 8 11 13 10 18 32 58 38 35 18 21 9 13 13 20 14 15 18 19 10 7 3 1 0 1 3 1 1 1 1 1 1 0 0 0 0 0 1 1 1 2 7 9 21 43 38 27 27 11 13 47 51 32 13 9 4 3 3 2 1
2 1 2 7 6 16 29 29 40 9 12 18 3 9 5 6 13 4 3 3 4 3 1 1 3 1 1 4 6 12 13 3 7 7 17 23 26 29 23 32 43 48 53 62 58 57 57 28 29 44 29 15 13 10 8 7 3 1 1 2 1 4 5 2 1 0 0 0 0 0 0 1 1 1 1 1 3 8 12 25 30 51 39 44 29 59 39 38 20 23 17 12 6 4 2 1
0 1 2 4 5 9 9 15 8 14 15 8 2 3 2 1 6 1 1 1 0 2 1 3 1 1 1 4 7 4 32 44 33 28 52 35 40 28 35 31 47 57 51 72 45 30 29 8 18 33 44 29 14 8 7 6 6 4 10 5 2 3 2 2 1 0 0 0 0 0 1 1 2 1 3 2 2 5 17 29 57 46 51 46 63 45 46 41 15 15 34 20 13 4 3 4
0 1 1 1 2 5 7 9 7 8 6 5 1 2 1 2 3 1 1 0 0 0 1 0 1 1 5 9 8 4 10 27 67 43 61 85 83 65 67 55 27 66 72 63 76 64 64 38 33 36 30 24 25 8 8 18 13 8 5 2 2 4 3 1 0 0 0 0 0 0 0 1 3 5 4 3 4 3 9 12 52 69 66 33 28 76 41 44 38 39 20 20 13 9 4 4
0 0 0 1 1 3 2 9 8 9 2 1 1 0 1 1 1 14 0 1 11 6 3 1 1 1 1 3 3 6 9 9 16 66 49 80 84 80 79 71 63 38 77 78 80 59 70 45 32 32 17 14 6 8 3 3 4 5 4 2 1 1 0 0 0 0 0 0 0 0 1 1 2 6 7 4 5 8 10 12 41 67 59 23 58 59 45 64 61 34 33 24 18 9 13 10
0 0 0 1 4 1 2 5 6 5 2 1 1 0 0 0 0 0 2 3 4 13 10 3 1 1 2 2 3 6 7 13 17 21 15 50 86 59 80 48 58 56 55 71 68 61 42 23 51 42 29 23 23 19 10 5 4 3 2 2 1 0 0 0 0 0 0 0 0 0 1 2 3 10 21 12 7 12 23 27 52 70 44 40 58 25 13 23 33 14 12 21 14 13 7 3
0 0 0 0 0 1 2 2 2 2 2 1 0 0 0 0 0 0 0 2 2 1 17 9 1 0 3 7 5 8 12 8 16 29 16 23 57 69 69 66 65 55 62 52 57 67 60 35 16 37 31 28 22 21 17 6 3 1 1 1 1 0 0 1 0 0 0 0 0 1 1 1 5 7 18 26 12 12 15 50 58 81 36 41 69 30 30 24 15 10 8 12 12 7 2 1
0 0 0 0 0 0 0 1 1 1 1 1 0 0 0 0 0 0 1 4 1 1 1 7 9 1 4 8 11 13 24 19 24 37 32 28 25 61 47 55 29 38 26 40 39 38 12 41 25 22 26 16 13 16 14 12 8 5 3 4 2 1 1 0 0 0 0 0 1 1 2 4 5 7 9 32 45 24 42 40 74 68 60 77 33 36 39 31 35 35 16 16 13 6 2 1
0 0 0 0 0 0 0 0 0 1 1 0 0 0 0 0 0 1 3 1 1 0 1 12 6 5 5 3 2 5 12 17 24 29 33 41 23 23 26 20 33 22 11 13 21 30 25 31 15 12 19 13 12 8 7 6 5 3 2 1 1 0 0 0 0 0 0 1 2 2 3 5 9 8 13 13 65 23 25 62 74 55 62 70 62 52 38 63 56 16 15 9 5 2 1 1
0 0 0 0 0 0 0 0 0 0 0 0 0 0 0 0 0 1 3 4 2 1 1 3 3 3 3 10 3 12 28 18 19 30 30 45 43 25 19 11 11 18 23 22 32 30 22 11 13 18 12 11 8 8 6 5 4 1 1 1 1 0 0 0 0 0 1 1 2 3 6 3 2 11 37 32 61 41 44 65 73 69 53 61 45 29 29 52 38 27 9 6 4 2 1 0
0 0 0 0 0 0 0 0 0 0 0 0 2 2 5 4 1 0 1 1 2 2 2 6 15 10 10 8 10 10 19 27 29 36 33 47 46 63 46 20 22 14 15 14 16 13 16 8 6 10 8 10 9 7 3 3 2 1 1 1 1 0 0 0 0 1 2 2 3 5 7 7 5 12 31 24 53 72 50 65 67 70 70 67 47 56 38 40 35 25 13 8 3 2 1 1
0 0 0 0 0 0 0 0 0 0 0 0 0 0 1 7 1 1 1 1 1 2 3 3 2 4 15 29 35 27 27 30 38 49 50 44 49 57 66 61 31 22 22 27 27 17 9 11 16 11 16 14 6 4 5 3 3 2 1 1 0 0 0 0 0 1 2 5 8 11 9 11 7 14 53 29 15 59 86 62 70 72 65 57 45 32 10 26 33 22 9 3 3 3 3 2
0 0 0 0 0 0 0 0 0 0 1 2 0 0 1 0 0 0 1 1 2 5 3 4 8 7 2 12 13 43 51 50 59 67 55 41 58 70 73 62 36 35 30 39 37 37 19 32 18 9 3 3 5 5 1 2 1 1 0 1 1 0 0 1 1 2 4 8 14 19 18 22 16 22 48 62 21 50 68 61 60 42 31 19 25 37 17 19 19 11 8 5 5 4 3 2
0 0 0 0 0 0 0 0 0 0 0 0 0 1 1 1 1 1 1 2 4 2 2 6 4 10 7 2 3 32 25 65 81 61 59 62 50 54 67 67 60 64 50 32 44 53 26 26 18 9 8 8 3 5 2 1 2 2 2 1 0 0 1 1 2 2 4 12 14 31 24 37 19 19 43 64 54 37 70 43 31 20 33 25 23 10 8 14 23 19 8 6 6 6 4 1
0 0 0 0 0 0 0 0 0 0 0 0 0 0 0 0 1 2 1 2 1 2 3 4 3 9 16 7 6 5 9 8 49 54 46 44 35 56 50 36 33 25 21 20 28 46 24 19 15 12 8 6 3 2 1 2 3 2 1 1 0 0 0 1 1 5 9 13 13 22 50 36 43 20 23 59 51 75 47 32 38 26 25 25 33 14 18 20 15 7 8 12 14 6 4 1
0 0 0 0 0 0 0 0 0 0 0 1 0 0 0 1 1 3 2 1 1 1 1 2 3 5 9 9 22 23 13 24 29 21 11 22 32 41 27 34 19 20 11 16 18 18 16 21 9 7 6 6 5 4 1 2 2 3 2 1 0 0 0 1 1 4 3 4 7 9 24 53 69 26 15 43 31 68 31 44 26 26 17 28 30 26 22 9 17 13 14 18 7 4 2 1
0 0 0 0 0 0 0 0 0 0 0 1 0 0 1 1 2 1 5 1 1 1 1 2 5 6 22 21 10 10 9 12 27 35 26 21 40 48 41 37 39 32 49 40 23 20 21 22 17 10 3 5 4 3 3 3 2 1 1 0 0 0 0 1 2 4 6 16 12 8 14 23 45 56 33 29 64 52 43 35 18 33 33 24 13 25 31 21 28 31 14 13 4 3 2 2
0 0 0 0 0 0 0 0 0 0 0 0 0 0 1 1 3 1 2 1 2 2 2 3 31 41 27 13 30 45 38 23 40 39 35 34 44 59 49 46 54 43 32 32 28 25 36 36 20 12 13 9 11 10 5 2 1 1 1 0 0 1 0 1 3 6 13 23 25 14 9 14 31 53 62 36 72 51 52 53 46 29 38 46 36 32 45 34 24 29 28 10 8 5 2 2
0 0 0 0 0 0 0 0 0 0 0 1 0 0 1 3 6 3 1 4 2 2 4 9 27 51 50 25 13 24 28 27 19 22 31 26 29 39 37 62 69 43 47 46 55 48 40 40 25 18 19 21 11 6 5 4 3 1 1 0 0 1 1 2 5 9 25 26 17 17 17 24 30 28 20 71 72 52 42 42 31 37 56 49 49 56 49 55 39 31 13 8 6 5 3 2
0 0 0 0 0 0 0 0 0 1 4 1 0 1 2 1 1 1 1 1 2 4 7 31 37 14 35 32 27 44 45 36 20 13 17 18 33 42 53 52 41 42 71 64 68 57 37 22 17 13 6 9 10 5 3 3 1 1 1 0 0 1 1 3 7 15 25 26 28 37 33 30 57 60 48 51 68 59 33 41 43 56 54 35 47 50 47 31 41 16 8 6 9 5 3 2
0 0 0 0 0 0 0 1 4 2 9 7 1 1 3 1 1 0 0 1 1 2 3 21 6 9 24 46 48 64 82 41 54 36 22 13 26 68 54 57 66 20 25 12 17 33 19 27 14 15 10 11 10 8 3 1 2 1 1 0 0 1 1 3 11 30 28 29 20 56 73 31 63 76 77 61 47 48 44 29 40 38 44 60 50 43 31 26 27 20 18 18 12 8 3 1
0 0 0 0 0 0 0 0 0 1 0 0 1 2 2 2 3 1 1 1 1 1 6 13 3 2 4 30 31 25 44 78 50 61 56 52 50 51 44 46 57 57 44 51 49 30 31 39 25 22 18 7 6 5 4 3 2 2 2 1 1 2 6 8 15 24 29 30 25 21 52 74 44 66 74 72 59 37 55 45 59 61 44 35 47 43 31 22 23 39 27 19 8 4 3 1
0 0 0 0 0 0 0 0 1 1 1 1 1 1 2 2 4 1 0 3 3 3 6 21 6 1 7 5 16 26 12 21 57 48 63 62 41 15 16 16 35 40 37 46 58 60 40 22 31 24 14 18 13 6 4 6 3 2 2 0 1 3 10 18 30 41 29 25 53 46 33 28 68 74 59 72 54 52 74 71 29 28 31 39 37 29 41 30 31 17 13 7 3 3 1 1
0 0 0 0 0 0 0 0 0 0 1 1 0 1 1 1 2 0 1 1 1 8 8 23 16 5 7 12 18 16 16 7 6 14 17 18 18 17 17 13 10 18 16 23 46 45 28 43 38 31 23 19 14 11 9 7 5 2 2 0 2 5 10 25 40 42 32 43 46 69 51 48 31 31 50 54 72 63 43 48 43 57 52 60 50 41 51 43 20 10 8 7 4 1 1 2
0 0 0 0 0 0 0 0 0 0 0 1 0 1 1 2 2 0 1 1 2 9 14 19 8 1 7 19 13 26 29 10 34 43 47 43 39 34 35 18 15 17 49 57 57 39 44 38 39 36 30 20 16 12 10 7 5 2 1 0 1 4 20 32 34 54 39 49 50 42 81 61 48 35 20 65 48 66 56 55 60 73 71 63 51 60 43 33 16 11 8 6 3 2 3 3
0 0 0 0 0 0 0 0 0 0 0 1 5 6 4 10 5 1 0 0 5 8 14 13 8 19 4 18 19 31 18 36 37 26 31 35 29 31 16 27 53 64 38 41 31 44 37 33 43 31 34 28 19 13 11 9 3 3 1 1 1 2 9 33 65 57 40 54 50 41 38 54 65 20 15 30 72 79 76 67 64 64 65 71 62 43 45 29 37 17 8 5 2 3 2 9
0 0 0 0 0 0 0 0 0 0 1 1 4 7 7 2 1 0 0 2 4 5 11 22 21 9 12 16 12 14 19 61 27 26 34 38 38 26 37 40 66 57 56 54 55 54 51 44 53 43 39 26 22 16 14 6 4 3 3 1 1 2 10 25 54 48 62 69 57 72 66 66 62 30 31 47 66 61 67 58 59 57 56 60 49 41 39 41 41 29 10 7 5 6 5 14
0 0 0 0 0 0 0 0 0 1 1 1 2 26 3 1 2 1 1 3 3 4 8 6 5 5 26 7 16 13 35 25 38 45 36 38 39 43 53 48 38 55 60 66 63 65 57 63 54 31 23 20 18 19 18 8 5 3 2 1 2 4 9 23 43 44 40 59 76 62 76 64 64 33 55 59 64 66 49 48 54 55 44 37 37 37 36 33 26 24 20 13 5 11 15 16
0 0 0 0 0 0 0 0 0 1 1 1 1 2 1 0 1 1 2 2 3 9 11 5 4 12 8 12 20 40 48 41 40 42 33 38 51 53 58 52 57 71 72 57 52 66 68 63 45 36 31 26 19 14 11 12 10 4 2 1 2 6 13 25 35 45 38 44 68 82 74 67 57 82 68 46 34 41 51 54 49 53 53 49 36 43 27 40 25 18 20 15 6 14 16 15
0 0 0 0 0 0 0 0 1 0 0 0 0 0 0 0 1 1 1 2 3 4 5 11 10 5 6 22 43 15 13 16 37 33 41 49 52 52 52 53 57 68 55 59 71 65 66 66 42 41 32 25 19 11 11 12 5 5 4 1 2 4 20 30 47 45 43 39 40 42 54 55 58 68 18 39 41 41 37 41 41 41 38 57 48 48 40 35 22 21 19 9 9 19 18 26
0 0 0 0 0 0 0 0 0 1 1 1 1 1 1 0 0 0 0 3 6 3 18 23 8 8 11 24 13 15 18 23 29 28 39 47 51 51 43 70 59 50 51 64 36 55 69 68 64 55 23 22 17 21 17 11 7 8 4 2 1 3 8 25 40 45 76 55 57 54 48 29 44 63 46 50 54 42 41 41 49 45 51 51 49 20 22 16 20 33 20 6 15 30 34 36
0 0 0 0 0 0 0 0 1 1 1 0 0 1 1 1 0 0 1 4 3 13 11 4 6 14 10 10 12 16 22 22 18 26 33 57 37 37 57 50 44 66 74 44 62 61 61 65 52 31 25 33 30 26 20 20 14 11 6 2 1 3 13 21 34 59 74 84 54 61 49 31 33 70 73 38 46 54 58 39 39 44 54 48 33 14 34 29 23 14 8 3 18 35 37 35
0 0 0 0 0 0 0 1 1 1 0 0 0 0 0 0 1 0 1 2 3 4 2 3 11 4 3 8 11 15 32 25 19 28 39 46 40 57 64 62 47 42 47 59 56 61 47 50 46 42 38 44 41 21 20 19 16 8 7 3 2 5 10 24 42 53 69 77 69 67 51 51 57 71 45 39 37 39 49 53 39 71 57 34 40 45 36 25 13 6 4 10 25 37 37 41
0 0 0 0 0 0 0 0 0 0 0 0 0 0 0 1 1 1 3 1 1 1 1 3 3 6 8 13 22 18 19 14 17 24 49 32 69 64 65 38 28 29 40 57 66 60 58 59 57 54 48 44 29 19 14 12 10 9 9 7 3 8 17 32 53 58 51 49 68 78 69 32 43 71 38 42 65 63 61 68 62 49 46 46 48 49 23 22 12 8 9 22 30 35 28 41
0 0 0 0 0 0 0 0 0 0 0 0 0 0 1 1 0 1 3 2 3 3 0 4 5 10 12 14 12 7 13 16 19 25 62 31 20 12 14 31 33 53 66 70 71 66 59 61 46 60 40 35 37 20 22 13 10 10 9 8 5 15 29 33 58 56 50 30 49 69 67 45 57 66 40 25 45 71 70 68 68 40 49 50 45 44 21 17 26 11 23 30 18 43 43 43
0 0 0 0 0 0 0 0 0 1 0 0 0 0 0 0 0 4 2 1 2 3 3 2 8 7 8 12 8 11 20 21 14 61 18 13 33 40 41 42 58 67 62 68 71 73 68 63 49 48 45 42 39 33 28 24 19 12 11 5 13 20 43 68 63 59 46 51 56 58 68 39 46 56 68 46 49 51 66 70 58 62 47 50 48 38 25 8 11 23 24 16 27 33 60 45
0 0 0 0 0 0 0 0 0 0 0 0 0 0 0 0 1 1 1 3 2 3 3 3 6 7 7 9 12 11 19 20 25 21 5 20 26 32 46 79 57 56 67 70 71 72 61 54 49 39 44 44 41 28 30 19 23 21 13 13 17 39 33 56 60 55 48 58 59 49 75 65 47 65 61 49 55 57 55 54 62 52 41 40 43 27 15 5 11 32 17 28 37 39 61 42
0 0 0 0 0 0 0 0 0 0 0 0 0 0 0 0 1 1 0 3 10 4 1 2 10 6 12 11 6 9 27 57 28 4 10 29 22 53 62 59 59 69 69 54 59 61 61 59 45 49 46 44 42 40 37 33 30 26 17 17 20 24 34 39 59 73 58 74 73 59 51 48 55 57 67 69 51 47 41 42 48 44 39 44 38 23 10 6 25 29 31 49 56 44 51 40
0 0 0 0 0 0 0 0 0 0 0 0 0 0 0 1 1 1 1 4 3 1 2 5 1 7 6 4 16 17 37 21 6 9 33 14 33 27 40 69 75 55 45 77 71 51 58 61 59 54 50 47 44 41 39 37 33 19 21 23 25 44 30 32 33 56 75 75 71 68 75 72 48 60 46 44 30 38 51 57 43 48 37 45 39 11 8 24 23 34 48 56 49 31 47 46
0 0 0 0 0 0 0 0 0 0 0 0 0 0 0 2 0 0 0 0 1 1 4 1 1 4 2 4 24 18 18 4 6 11 25 44 28 33 53 61 62 53 62 35 51 46 60 71 58 55 54 52 50 45 42 40 24 15 28 41 33 48 43 44 42 54 58 82 60 57 35 58 42 30 29 44 54 44 40 41 42 31 48 37 16 10 18 26 35 31 36 47 60 48 49 45
0 0 0 0 0 0 0 0 0 0 0 0 0 0 0 2 0 0 1 0 3 1 2 0 3 5 3 9 26 11 9 4 7 9 37 47 42 34 39 48 49 59 48 38 44 75 63 59 56 70 59 52 52 49 45 40 25 19 38 44 62 66 50 51 42 54 64 64 74 50 39 31 38 47 41 59 46 48 42 45 35 41 27 18 11 20 33 38 34 51 48 36 36 45 38 33
0 0 0 0 0 0 0 0 0 0 0 0 0 0 1 0 0 0 1 2 1 2 1 2 7 2 3 12 9 7 10 7 16 26 43 36 31 34 30 24 27 49 64 57 64 55 61 63 71 59 58 68 35 49 44 30 18 39 50 50 74 68 51 62 47 36 46 74 70 26 60 33 33 46 49 51 48 49 50 40 35 41 20 23 19 32 39 44 37 39 48 35 35 44 49 40
0 0 0 0 0 0 0 0 0 0 0 0 0 1 0 0 0 1 1 1 1 1 1 1 4 2 3 12 3 3 6 6 20 32 35 33 21 29 24 31 43 49 55 71 55 55 57 74 59 59 72 60 56 52 35 31 20 36 63 61 63 71 55 63 63 45 47 50 75 24 29 59 58 43 44 47 59 48 57 56 40 36 15 13 20 36 46 51 55 51 47 47 34 39 56 45
0 0 0 0 0 0 0 0 0 0 0 0 0 0 0 0 0 0 0 1 0 1 2 2 2 4 4 1 2 3 9 13 22 30 8 6 26 20 29 26 32 46 56 67 67 53 74 52 72 74 56 56 57 55 39 35 21 37 62 67 59 67 48 49 65 41 62 34 53 23 26 55 30 49 51 50 49 54 71 50 47 17 13 20 34 38 46 52 40 27 35 56 27 31 47 63
0 0 0 0 0 0 0 0 0 0 0 0 0 0 0 0 0 0 0 0 0 1 1 2 1 3 2 1 2 2 6 2 13 8 4 14 10 13 18 38 45 50 58 63 54 39 62 70 67 61 64 56 57 55 53 35 34 40 65 76 70 66 57 44 61 58 28 32 64 21 40 38 37 44 43 43 56 34 35 40 19 13 18 35 36 44 53 50 31 33 45 27 17 20 31 61
0 0 0 0 0 0 0 0 0 0 0 0 0 0 0 1 0 0 0 0 0 1 1 0 1 3 1 5 6 6 14 13 12 6 4 5 15 14 16 17 23 48 37 44 58 33 28 29 48 52 64 59 56 55 40 24 41 54 64 65 82 72 49 46 51 56 44 15 40 5 9 19 32 44 50 58 59 58 50 49 23 13 23 36 37 61 65 54 39 37 42 42 35 19 28 46
0 0 0 0 0 0 0 0 0 0 0 0 1 0 0 0 1 0 1 0 1 2 1 2 3 2 2 0 1 2 9 3 4 2 4 11 6 9 11 12 39 39 29 45 27 34 38 51 53 66 56 61 60 42 38 25 39 54 66 65 70 50 50 53 56 27 30 27 32 10 14 18 19 15 38 50 49 51 34 32 15 22 35 36 40 63 56 27 37 49 31 44 23 24 29 50
0 0 0 0 0 0 0 0 0 0 0 0 1 1 1 2 1 0 1 1 2 1 1 1 2 1 0 1 1 3 4 2 2 6 13 9 15 12 15 28 24 32 49 29 33 36 54 51 63 52 53 56 59 41 20 38 44 74 64 64 60 62 48 64 55 31 20 39 19 11 21 38 41 53 58 52 45 23 21 11 16 36 35 38 42 66 62 21 23 46 31 50 26 26 30 66
0 0 0 0 0 0 0 0 0 0 0 0 1 0 0 0 0 0 0 2 1 1 1 1 2 2 0 0 1 4 2 1 2 9 16 7 10 12 20 11 35 33 24 38 33 49 53 65 65 57 67 54 42 43 28 43 46 66 75 54 57 60 37 27 47 42 17 21 22 31 40 29 36 41 33 44 36 26 11 28 24 35 40 54 45 61 64 31 33 34 18 54 28 27 30 44
0 0 0 1 2 1 0 0 0 0 0 0 0 0 1 0 0 0 1 1 1 1 1 0 0 1 0 1 1 4 1 2 18 12 5 4 8 12 15 23 49 36 47 27 37 59 64 50 51 70 61 45 41 41 27 54 67 57 61 69 52 54 54 24 53 47 18 16 18 31 22 28 47 38 44 28 34 33 21 39 40 36 42 54 42 44 49 42 47 31 28 55 28 28 24 39
0 1 2 0 1 5 1 0 0 0 0 0 0 0 0 0 0 1 1 1 0 1 0 0 1 2 0 0 1 2 3 14 6 2 5 6 4 3 16 18 29 18 55 40 46 63 35 46 62 58 46 45 39 39 38 56 62 63 58 64 42 42 43 32 25 34 18 5 13 39 26 37 45 50 41 42 45 43 29 38 39 49 43 50 37 32 43 42 39 33 30 54 27 21 28 35
0 1 1 0 0 0 1 1 0 0 0 0 0 0 0 0 0 1 0 0 0 0 1 0 2 3 1 1 2 3 8 14 4 5 7 1 2 3 8 19 15 26 40 45 46 45 48 47 54 51 43 42 35 39 44 44 55 72 56 44 57 24 32 30 18 11 4 3 3 14 27 50 53 45 36 37 32 16 25 33 35 49 43 50 36 45 54 56 43 37 27 42 41 14 30 38
0 0 0 0 0 0 0 0 0 0 0 0 0 0 0 0 0 1 0 0 0 0 0 0 1 1 0 0 1 2 1 2 5 4 4 4 3 1 26 7 12 9 36 26 51 36 41 31 54 53 36 36 32 33 40 57 54 69 59 48 35 28 21 21 4 3 9 18 13 19 25 39 40 27 27 24 14 21 35 32 34 47 51 29 43 40 51 53 39 38 24 37 39 15 17 43
0 0 0 0 0 0 0 0 0 0 0 0 0 0 0 0 0 0 0 0 0 1 1 1 2 1 0 0 1 1 1 4 5 4 6 4 9 2 24 10 2 11 39 29 42 36 41 53 46 45 40 35 32 53 55 45 56 51 51 26 28 29 10 9 7 6 9 21 18 13 37 44 58 55 46 16 20 21 33 44 50 35 47 31 42 54 49 47 34 37 23 31 41 34 12 23
0 0 0 0 0 0 0 0 0 0 0 0 0 0 0 0 0 1 0 0 2 1 1 1 4 2 0 0 0 2 2 2 3 10 4 6 8 5 45 20 4 16 9 35 31 26 49 27 41 41 30 34 29 49 64 44 44 39 41 39 15 15 10 7 7 4 6 8 13 11 32 43 53 67 35 20 23 32 29 48 47 44 40 41 26 50 48 50 38 41 14 32 24 25 17 12
0 0 0 0 0 0 0 0 0 0 0 0 0 0 0 0 0 0 0 0 1 1 1 2 2 0 0 0 0 1 2 1 2 4 6 10 4 5 22 21 9 18 8 38 23 20 28 19 34 33 39 26 26 37 44 72 29 30 21 17 15 6 6 5 3 3 9 9 13 14 36 42 28 50 25 16 34 32 30 32 46 43 39 35 34 50 43 58 39 33 19 32 29 13 16 9
0 0 0 0 0 0 0 0 0 0 0 0 0 0 0 0 0 0 0 0 0 0 0 0 0 0 0 0 0 0 2 3 4 3 5 6 3 3 4 34 12 16 16 30 7 26 18 28 34 21 31 22 24 23 45 42 40 24 14 6 9 4 3 5 4 3 8 7 18 19 28 38 34 24 21 33 32 33 31 26 32 41 49 34 29 50 47 48 45 24 15 39 23 22 19 7
0 0 0 0 0 0 0 0 0 0 0 0 0 0 0 0 0 0 0 0 0 0 0 0 0 1 1 0 0 0 1 2 3 4 4 4 4 3 2 17 30 24 18 9 7 13 12 26 20 9 27 21 21 18 28 45 29 23 8 2 4 1 1 1 1 2 6 13 20 29 44 32 23 16 36 32 34 47 42 28 25 36 34 39 43 56 30 47 28 19 14 45 22 30 13 8
0 0 0 0 0 0 0 0 0 0 0 0 0 0 0 0 0 0 0 0 0 0 0 1 2 0 0 0 0 0 0 1 1 3 2 1 4 3 3 6 39 25 8 5 7 13 21 9 18 7 13 22 16 31 29 19 14 12 12 2 4 1 2 1 3 6 8 11 21 20 32 34 11 16 26 25 43 33 29 20 20 12 31 40 34 25 34 37 30 16 10 41 19 24 23 6
0 0 0 0 0 0 0 0 0 0 0 0 0 0 0 0 0 0 0 0 0 0 0 0 0 0 1 1 0 0 1 1 0 1 1 1 6 0 0 6 13 18 10 6 5 34 20 8 7 13 20 22 12 25 36 15 22 6 8 5 2 2 2 1 2 3 4 9 25 37 20 13 14 24 20 24 20 22 15 5 14 19 29 26 30 26 36 27 6 16 7 26 28 11 7 8
0 0 0 0 0 0 0 0 0 0 0 0 0 0 0 0 0 0 0 0 0 0 0 0 1 2 0 0 0 0 1 1 1 2 2 2 3 1 2 3 11 10 10 8 8 48 13 12 8 10 17 14 16 36 32 14 17 5 4 3 2 1 1 4 4 4 8 11 37 19 13 13 24 21 21 19 27 28 20 13 16 29 22 33 25 25 20 28 6 10 8 7 26 6 5 7
0 0 0 0 0 0 0 0 0 0 0 0 0 0 0 0 0 0 0 0 0 0 0 1 1 0 0 1 0 0 1 2 2 4 3 2 3 2 2 3 10 14 6 11 4 14 9 20 12 5 5 16 23 19 23 10 10 4 3 2 2 0 1 2 4 8 11 16 19 19 21 19 19 21 30 11 14 29 18 12 21 19 17 27 16 15 7 13 8 6 21 7 12 5 6 6
0 0 0 0 0 0 0 0 0 0 0 0 0 0 0 0 0 0 0 0 0 0 1 1 1 1 1 2 1 1 0 2 2 4 1 3 2 4 3 3 5 6 5 12 2 12 13 17 12 9 11 17 14 11 15 5 5 4 2 1 0 1 1 1 2 5 6 21 29 19 18 16 16 28 16 8 9 28 25 12 17 15 12 11 21 15 3 4 8 12 11 6 5 3 7 9
