sesion_6_simulaciones/modelos_agentes/ejemplos_netlogo/scenarios/echam4_b2/rob_2067.asc
NCOLS 322 
NROWS 307 
XLLCORNER 451900 
YLLCORNER 4086900 
CELLSIZE 100 
NODATA_value -9999 
[rows 222 to 295 of 307, columns 192 to 287 of 322]
9 9 6 3 16 10 6 4 1 1 0 0 0 0 0 0 0 1 1 1 2 7 25 18 12 13 10 10 22 24 12 15 36 33 29 22 30 46 39 39 39 31 32 51 29 33 34 14 16 22 18 12 4 4 6 5 4 11 25 37 29 26 40 26 65 83 75 72 82 86 62 46 23 7 5 1 1 0 0 0 1 0 0 1 1 1 1 1 2 2 6 8 10 11 13 10
29 30 22 17 8 5 5 4 2 1 1 0 0 0 0 0 1 1 1 2 4 12 22 36 19 24 23 18 29 31 21 22 36 39 37 24 35 27 33 32 34 27 33 52 40 23 33 16 19 14 14 6 6 4 2 2 3 9 11 18 15 29 40 31 47 72 70 65 79 82 65 37 22 8 2 1 1 1 1 1 1 1 0 1 1 2 2 1 1 3 5 5 11 12 16 17
33 25 26 19 14 9 7 3 2 1 0 0 0 0 0 1 1 2 1 3 5 18 27 47 41 30 27 34 34 50 48 31 35 37 38 25 36 17 32 29 20 27 31 50 58 23 30 26 10 8 9 7 10 2 1 4 3 13 8 21 26 33 42 45 28 38 13 8 20 69 77 40 14 3 2 2 2 1 1 1 1 1 0 1 1 1 2 3 3 3 5 10 11 13 16 33
18 16 16 10 7 5 3 3 2 1 0 0 0 0 0 2 3 4 4 4 7 10 21 39 49 48 38 40 37 50 75 56 39 38 23 26 29 23 43 23 18 18 27 32 52 42 13 18 5 5 3 2 4 4 1 3 3 4 11 26 39 39 56 49 31 38 26 31 13 16 52 27 10 9 5 5 4 1 1 0 1 1 1 0 1 1 1 2 4 3 4 11 13 12 19 25
20 16 14 6 2 3 3 2 1 0 0 0 0 0 1 2 2 6 8 11 8 13 27 30 49 71 55 48 49 36 53 65 35 45 35 37 42 38 25 25 14 19 17 18 21 25 17 31 19 4 13 9 3 2 1 2 11 11 17 25 49 48 47 34 32 32 41 54 32 23 22 7 10 8 10 8 3 2 1 1 2 2 1 0 1 1 2 1 1 2 3 4 11 15 16 22
14 24 17 14 9 6 3 2 1 0 0 0 0 0 2 2 5 4 11 22 23 30 29 33 44 69 79 54 68 43 49 61 45 31 49 50 39 32 30 27 7 12 10 18 25 30 35 40 44 11 8 6 4 1 2 3 6 7 18 34 45 40 35 27 54 47 56 53 35 30 12 10 11 16 14 12 8 5 2 1 1 2 2 1 1 1 1 1 1 2 3 5 6 7 17 24
22 14 10 7 5 2 1 1 1 0 0 0 0 1 3 2 2 6 16 25 40 55 64 48 51 58 82 48 65 42 44 59 25 26 47 46 49 41 31 29 17 18 15 12 27 31 28 37 31 18 12 7 4 2 6 15 13 13 32 58 46 28 28 44 75 69 48 37 33 23 23 19 24 21 29 17 12 7 1 0 1 4 3 2 3 2 1 3 2 3 5 6 8 9 10 23
25 17 8 5 3 3 1 1 1 0 0 0 0 1 2 2 2 4 8 16 22 44 63 77 65 56 71 67 74 45 63 38 23 23 33 49 48 42 24 25 26 27 17 15 19 32 28 27 19 11 14 8 4 3 8 11 17 13 26 14 21 44 49 76 71 55 43 34 44 46 41 36 32 40 18 11 9 5 2 0 0 4 7 4 3 3 4 5 2 2 5 7 14 15 20 26
9 9 7 2 1 1 2 1 0 0 0 0 1 1 2 3 8 4 8 14 31 38 61 57 71 66 71 73 68 40 53 27 22 48 33 43 46 32 28 35 28 36 16 17 30 33 39 27 26 9 8 5 4 1 3 3 47 21 14 25 37 40 49 45 35 31 35 39 32 41 56 59 45 18 6 5 4 2 0 0 1 1 7 4 4 4 10 14 4 3 3 8 10 10 18 25
3 2 4 2 3 2 1 1 0 0 0 0 1 2 4 8 6 8 15 24 29 42 60 66 60 62 64 59 63 58 69 36 26 35 46 34 42 36 30 29 32 21 26 15 15 21 32 34 24 11 6 4 3 2 6 7 3 62 70 41 25 14 31 30 43 40 32 25 17 46 78 60 30 15 8 3 2 1 0 0 1 2 4 4 7 4 8 9 15 4 5 10 12 17 13 23
4 1 0 2 2 2 1 0 0 0 0 0 1 3 7 7 5 10 21 24 23 54 66 71 56 56 64 54 74 78 52 38 36 48 30 44 41 37 35 31 30 26 34 12 24 20 30 21 12 4 8 4 5 6 9 19 17 20 28 36 19 38 24 27 27 35 36 16 29 49 56 33 27 20 7 2 1 1 1 2 1 2 2 12 11 3 2 5 21 5 5 11 13 16 13 15
2 2 2 2 2 2 1 0 0 0 0 0 1 1 3 5 11 17 24 49 34 33 71 61 73 56 57 61 21 72 46 46 33 49 37 29 33 42 34 32 33 25 48 13 12 41 27 23 13 8 12 4 4 9 18 8 27 31 18 8 17 11 19 25 27 30 21 56 49 24 42 24 18 15 7 2 1 2 1 1 3 4 3 5 7 8 5 10 13 14 12 7 8 26 19 16
6 4 4 1 2 1 0 0 0 0 0 0 0 1 2 2 8 14 28 44 57 62 78 62 71 68 67 59 61 50 74 39 28 40 32 14 20 38 39 45 33 13 26 33 7 15 22 34 13 11 13 7 4 9 9 11 6 9 12 25 23 26 25 41 20 23 38 23 18 33 31 22 17 5 1 1 2 1 3 2 3 3 5 7 13 18 5 7 14 14 39 19 7 11 32 25
1 4 2 1 0 0 0 0 0 0 0 0 0 0 2 3 5 14 25 38 60 50 63 20 38 57 55 25 21 40 62 32 32 64 28 33 36 43 23 8 17 8 26 33 8 22 35 15 4 10 11 10 4 8 7 4 19 25 30 24 12 19 46 60 42 36 57 58 53 42 28 20 7 3 1 1 4 3 7 2 4 4 5 6 15 12 24 8 16 10 4 23 11 10 13 21
2 2 2 1 0 0 0 0 0 0 0 1 1 1 1 1 5 7 19 32 41 29 26 51 43 42 28 32 38 38 49 42 46 49 39 38 37 31 33 14 25 18 22 30 7 15 24 17 6 4 5 7 5 6 3 9 18 9 14 22 23 46 56 60 62 60 46 37 50 38 58 28 10 4 1 0 1 5 5 3 5 5 8 5 7 14 11 28 22 20 12 29 17 4 12 11
4 2 1 1 0 0 0 0 0 0 1 1 1 1 1 1 4 8 10 11 17 53 54 43 50 56 49 31 36 42 41 35 40 43 24 35 30 31 38 12 34 28 16 32 6 9 21 13 13 11 3 3 9 8 5 9 11 11 32 23 53 38 41 71 81 53 49 29 59 32 20 18 4 3 3 3 3 7 8 8 12 7 8 7 7 6 12 29 46 52 14 12 22 11 16 30
2 2 1 0 0 0 0 0 0 0 1 2 1 2 1 1 1 3 5 13 23 33 45 34 26 39 49 31 41 26 35 38 36 45 33 41 28 34 24 24 12 21 9 22 6 5 11 9 8 10 9 3 3 2 5 3 4 16 20 20 33 28 54 63 68 77 51 25 16 18 12 3 1 4 7 8 4 5 13 12 19 10 10 10 11 11 6 6 7 17 40 36 26 18 18 28
1 1 0 0 0 0 0 0 0 1 1 2 3 3 2 2 5 5 3 13 21 37 32 40 43 51 37 27 32 29 16 18 30 27 18 31 16 29 21 17 17 17 40 25 8 9 17 21 7 3 4 3 1 4 2 4 10 32 28 63 66 51 36 47 47 36 44 44 26 14 5 1 2 9 6 16 5 5 12 21 17 25 14 13 11 11 16 11 10 13 26 23 21 56 21 35
1 1 0 0 0 0 0 0 1 1 2 2 4 4 4 3 8 8 8 8 17 11 18 22 24 36 27 20 21 22 30 28 16 12 7 42 22 40 12 18 13 10 35 22 16 8 24 14 9 6 3 12 3 11 7 15 19 8 21 32 41 38 23 35 50 42 53 26 29 16 9 1 5 7 7 16 18 7 9 16 21 32 18 26 16 8 11 19 5 2 6 7 8 28 35 25
1 0 0 0 0 1 1 1 1 2 2 3 3 5 11 6 8 15 12 23 34 35 47 50 51 43 41 50 55 40 43 47 38 28 30 24 45 26 12 11 8 6 5 21 12 4 9 8 10 4 11 13 18 32 65 55 56 46 54 35 38 41 47 59 50 41 37 28 24 12 3 1 6 9 16 16 18 15 15 27 20 35 22 33 20 10 10 20 26 7 14 15 10 7 8 14
2 1 0 0 1 1 1 2 1 1 3 4 3 8 11 7 3 6 24 38 52 43 55 64 70 71 67 59 78 63 48 36 30 17 10 9 16 19 15 10 8 4 4 9 5 4 3 7 3 6 2 1 2 3 12 26 71 75 60 56 41 40 23 56 44 35 33 26 8 4 2 2 7 11 8 14 17 27 20 32 20 12 40 39 26 12 14 27 24 12 15 22 19 32 38 47
2 1 1 1 1 1 2 2 2 3 2 2 6 8 8 17 4 3 8 16 35 55 31 56 53 66 72 57 11 25 41 28 16 14 20 22 23 10 20 8 6 5 1 5 4 5 2 2 1 5 3 3 3 3 4 5 18 52 69 75 82 43 39 30 28 29 29 29 20 5 3 6 15 16 14 17 41 31 33 33 33 15 18 52 33 13 14 18 19 15 24 13 27 33 43 51
0 0 1 1 2 3 3 4 4 4 2 2 4 8 7 13 8 3 8 15 23 33 25 48 37 32 28 18 13 14 23 19 16 22 17 10 16 23 23 2 6 5 3 4 4 1 1 4 4 3 6 5 8 10 15 20 28 46 42 33 48 78 61 50 44 43 45 28 17 5 4 14 19 27 29 20 34 43 33 25 25 24 10 33 49 27 28 12 30 18 29 29 20 36 36 26
1 1 2 2 4 4 5 5 4 4 3 4 5 6 10 6 20 3 4 4 9 9 20 21 27 39 34 37 39 26 33 19 16 28 23 16 13 9 3 4 5 6 20 5 3 3 1 2 4 4 7 19 7 14 36 22 21 19 26 19 21 39 61 60 52 36 39 27 11 3 8 19 19 26 31 30 22 51 39 50 29 41 30 28 65 36 44 20 31 30 30 46 32 31 27 38
0 2 3 3 5 5 5 6 6 6 4 4 6 9 16 12 13 5 5 10 7 7 20 21 29 38 41 34 33 48 37 45 34 56 13 10 11 13 9 9 16 12 5 3 12 4 2 2 2 13 20 6 13 18 17 19 35 33 46 29 29 24 28 34 38 31 22 22 10 6 9 21 21 32 28 25 25 36 47 57 41 30 43 27 66 27 29 34 22 48 31 33 34 24 26 25
1 3 6 4 6 3 4 8 12 12 4 3 7 5 23 44 6 6 5 18 20 20 16 19 27 25 36 24 27 35 33 27 22 21 24 19 17 19 17 9 4 3 2 1 3 3 4 3 13 29 6 3 6 20 29 26 21 36 25 24 32 27 28 21 22 19 19 11 8 9 18 23 22 25 27 26 32 38 51 44 41 37 40 55 65 29 31 37 24 48 34 17 41 17 10 22
4 4 5 8 8 5 7 10 18 18 5 3 5 10 17 21 8 10 6 14 23 22 22 15 16 12 26 30 30 36 24 20 25 22 20 19 16 12 10 6 5 3 2 1 1 1 1 9 3 7 4 4 6 6 17 67 42 47 38 35 28 30 26 22 18 18 16 9 8 8 17 21 16 26 23 37 45 31 35 58 49 54 52 50 63 47 50 23 49 45 16 25 35 15 20 26
5 5 6 18 10 5 6 12 16 30 9 4 9 11 17 31 17 11 9 25 29 41 26 30 29 11 18 23 24 20 26 17 21 21 19 10 9 4 5 6 11 8 8 5 2 5 4 3 1 2 4 13 18 19 28 18 29 35 48 48 40 28 25 24 21 19 15 8 4 15 20 22 30 26 41 37 33 46 34 27 42 43 41 54 28 85 53 22 37 42 11 25 21 40 22 29
8 15 9 21 12 7 8 14 17 24 5 5 11 13 21 26 32 4 19 27 30 49 31 32 33 39 24 18 13 14 16 25 36 25 8 18 8 12 7 7 8 8 4 2 2 3 2 1 3 6 9 9 18 22 36 12 10 12 14 28 27 32 29 30 28 28 22 11 4 17 18 19 29 34 41 19 32 24 42 23 30 26 42 25 49 75 36 23 52 24 13 24 24 33 36 35
7 8 16 18 16 14 9 11 22 40 7 12 15 21 23 36 8 6 21 28 41 49 53 32 54 36 36 34 21 21 12 45 47 27 26 16 13 17 9 6 9 4 4 2 2 2 2 2 2 5 8 8 20 27 30 11 22 28 32 40 38 38 39 45 38 39 27 11 5 20 22 20 41 28 34 50 47 33 19 36 25 34 36 45 35 57 51 41 47 24 22 32 18 20 10 43
4 6 20 21 20 18 11 14 25 28 10 17 22 42 45 23 7 5 24 28 30 53 48 55 36 37 52 39 31 31 29 37 48 39 26 28 26 12 24 10 4 6 1 1 1 2 1 2 2 3 6 8 18 19 27 29 32 41 43 49 53 60 47 37 28 21 23 7 9 24 32 27 44 45 33 36 48 34 36 13 46 15 20 42 46 57 65 74 42 25 34 28 33 37 24 48
9 9 24 26 35 22 14 16 29 34 9 11 27 48 35 10 5 14 20 26 42 47 46 49 50 36 49 40 51 47 44 33 13 21 26 24 21 10 17 12 9 5 3 2 3 2 1 4 2 1 2 7 16 36 26 29 47 50 48 35 57 40 22 30 34 27 12 9 8 21 42 27 39 45 49 38 46 31 38 32 22 45 23 10 13 37 57 71 36 46 36 32 27 47 20 21
8 13 14 21 46 32 15 19 25 36 8 9 28 46 23 11 7 15 29 28 30 33 38 44 59 35 39 37 29 46 49 33 29 22 20 11 14 11 13 8 6 4 2 4 6 4 2 3 1 1 2 11 19 14 37 45 24 32 24 27 25 24 39 42 26 25 22 7 10 13 46 32 32 33 38 48 36 36 19 34 16 47 28 23 13 11 29 47 53 68 41 37 29 38 15 17
11 24 18 16 23 48 19 25 44 15 11 11 19 53 30 13 6 21 30 31 42 52 47 59 55 47 25 29 46 40 20 42 67 46 17 14 9 12 16 8 4 6 6 2 2 1 2 1 3 3 5 8 13 26 41 28 45 33 33 39 34 32 31 27 29 28 15 9 9 19 20 48 31 29 33 35 54 49 33 53 21 19 31 28 20 18 17 33 52 56 38 39 33 35 22 28
13 17 32 29 15 35 13 29 63 16 15 29 35 45 17 17 3 11 33 37 52 41 42 60 56 51 42 16 13 15 20 18 22 9 9 12 21 10 8 11 8 5 3 2 1 1 1 2 3 6 8 9 12 25 47 47 51 40 32 43 38 43 46 30 32 30 16 12 13 33 32 32 52 26 29 32 55 47 33 24 40 19 14 36 34 19 22 23 40 52 57 36 31 22 38 17
15 20 38 47 23 48 15 27 64 33 17 39 43 32 14 5 4 8 17 36 55 52 41 40 47 55 36 16 18 15 18 18 18 15 9 5 9 11 15 9 7 4 1 2 2 1 1 1 0 1 5 8 7 18 22 19 27 45 47 43 47 28 32 32 28 29 26 7 16 32 37 30 36 15 37 37 36 52 60 45 49 26 18 17 34 24 15 27 43 78 70 35 21 18 36 14
17 19 20 49 26 44 28 23 32 44 20 47 43 12 5 8 12 17 28 43 40 42 50 27 35 44 56 19 16 15 22 22 18 18 13 14 10 10 6 2 2 4 2 2 3 1 1 0 1 3 5 12 24 28 20 45 48 69 50 34 43 45 45 44 44 27 24 15 20 36 31 44 55 29 24 51 38 51 44 36 55 22 28 28 50 25 11 17 14 36 57 30 26 13 45 29
15 17 14 33 60 31 47 21 50 28 51 29 13 5 14 13 23 16 50 56 31 39 39 41 15 31 41 51 24 23 13 21 14 9 6 7 8 4 3 3 2 1 1 0 1 1 1 1 2 2 2 7 9 20 35 40 28 53 40 24 32 39 41 41 25 22 17 29 30 35 38 46 13 36 45 48 45 31 52 25 62 26 27 19 25 49 29 30 36 30 46 22 43 16 24 47
32 21 16 19 30 48 50 27 65 40 41 11 7 13 18 27 27 18 21 20 34 33 37 58 49 26 32 12 27 41 12 20 10 8 10 10 13 6 5 3 2 2 4 2 1 0 0 0 1 3 4 9 10 12 25 25 28 30 21 8 23 33 34 31 20 17 17 29 31 34 37 52 18 17 10 16 41 56 68 23 53 40 28 27 17 16 55 23 36 36 37 40 18 15 29 42
23 34 25 19 18 31 61 31 34 17 11 3 10 18 32 41 40 16 22 23 35 36 29 11 16 15 15 25 10 14 32 45 22 14 6 13 4 5 5 1 1 2 1 1 1 2 1 1 2 3 4 4 6 12 16 22 17 37 28 30 42 33 35 23 31 31 20 32 32 34 32 50 17 31 18 23 21 15 36 37 22 51 28 31 17 36 40 13 31 48 47 40 18 17 16 22
23 36 26 32 42 48 48 31 34 10 14 10 17 34 32 39 44 28 31 31 35 35 26 18 14 18 15 9 10 19 11 14 16 26 20 27 4 3 2 3 3 1 2 2 1 1 1 1 1 4 9 5 7 11 25 12 30 53 60 50 46 33 37 37 31 30 30 44 31 33 32 39 23 33 30 24 35 30 34 50 16 48 26 44 16 14 33 10 14 21 46 31 10 17 17 42
26 41 31 39 44 53 50 13 9 5 17 16 28 33 34 44 29 51 44 28 32 30 27 28 30 19 19 12 13 29 14 4 3 4 5 14 17 7 8 13 6 5 2 1 1 1 0 1 4 3 6 3 4 12 17 21 36 67 34 37 48 30 36 31 30 30 34 49 31 31 32 34 32 31 41 22 33 30 29 29 46 72 33 43 28 9 36 18 7 12 26 37 16 22 14 5
26 46 46 39 69 57 14 9 14 17 30 27 21 39 32 47 19 33 61 20 33 27 14 19 28 34 10 15 18 18 34 10 7 3 3 2 3 2 3 9 12 4 2 2 2 1 1 1 2 2 3 3 7 12 25 28 31 38 35 24 46 38 29 11 33 18 20 55 34 31 43 31 45 28 39 32 29 33 27 22 20 13 55 51 36 13 14 17 9 7 15 40 19 21 26 15
27 36 63 53 67 17 15 14 16 27 32 31 41 51 20 38 19 29 33 54 19 37 14 11 14 28 22 23 18 11 6 18 4 7 5 3 3 3 2 3 4 2 1 2 1 0 0 1 1 2 3 3 2 9 20 35 17 41 60 51 26 22 16 9 43 29 29 44 40 27 43 29 59 38 35 41 25 25 37 23 17 10 34 36 35 16 6 39 12 9 19 29 41 28 17 18
18 37 63 78 50 8 15 26 28 30 46 52 28 34 26 21 45 18 27 27 25 24 21 14 15 21 17 29 17 18 21 12 17 5 7 5 3 2 2 3 2 1 1 1 1 1 1 3 1 2 2 2 5 12 24 26 58 38 30 47 32 16 6 17 23 50 28 31 41 25 29 29 47 39 25 36 37 22 23 36 24 7 16 41 44 19 5 18 16 10 19 12 47 29 10 37
18 41 69 52 9 10 28 27 19 49 34 61 20 38 25 16 20 58 17 27 44 20 37 12 12 26 27 21 19 26 12 14 21 6 7 5 3 4 1 3 2 1 2 2 1 1 3 2 2 3 5 6 9 9 13 23 39 31 35 34 30 16 8 24 19 35 26 27 39 26 25 26 26 47 24 22 42 24 23 22 32 11 14 19 34 16 8 12 25 13 7 8 8 26 16 18
19 53 51 29 13 20 31 31 20 38 17 56 24 33 47 16 36 56 13 32 52 14 41 14 11 26 31 30 10 6 22 5 5 12 21 11 2 3 2 2 1 1 1 1 1 1 1 2 4 4 4 3 4 6 7 13 23 33 22 43 34 19 15 23 28 39 16 21 30 39 21 20 12 33 25 20 28 30 22 17 8 7 27 12 31 18 10 6 10 29 5 12 25 22 16 4
21 42 46 32 14 17 33 49 16 25 19 44 18 26 57 18 31 52 20 16 25 29 26 15 10 13 13 19 19 22 6 10 4 2 1 10 10 2 1 2 1 1 2 1 1 1 1 2 2 4 4 6 5 7 9 12 10 21 23 14 18 24 22 22 22 29 34 24 28 40 11 23 12 19 32 20 24 10 9 20 11 9 8 11 34 41 11 5 10 25 3 5 20 25 25 9
33 33 52 21 14 25 25 34 16 23 20 24 34 15 48 15 15 39 20 11 11 12 56 27 9 8 9 9 13 14 21 9 3 6 1 1 8 2 1 2 1 2 4 2 1 1 0 1 3 4 6 4 4 3 4 13 21 39 27 13 7 20 21 19 21 22 43 17 30 39 12 17 20 19 38 3 15 23 10 8 20 8 7 8 11 27 11 5 5 27 6 5 5 24 48 29
68 38 15 14 21 22 24 27 16 43 23 12 33 13 41 14 12 22 21 9 10 19 38 21 7 11 8 17 16 17 11 10 8 6 1 2 2 5 1 1 2 3 2 2 2 1 1 0 2 4 7 9 7 6 10 15 23 40 38 16 6 26 21 13 21 21 27 20 15 37 18 9 11 29 35 11 9 9 22 6 11 25 9 7 33 27 4 9 2 24 14 6 4 3 7 10
18 7 14 12 17 20 33 24 26 29 18 11 51 13 13 38 12 32 27 7 8 15 14 43 13 13 6 14 19 17 9 5 7 11 3 2 2 5 1 1 1 1 1 1 1 1 1 1 2 7 5 6 7 6 7 12 9 29 34 6 11 16 26 11 18 20 15 32 11 30 22 13 15 10 24 9 10 12 10 13 5 3 22 7 13 30 7 16 4 9 35 5 12 8 4 3
31 14 32 21 18 20 41 19 38 32 8 15 32 17 15 37 9 11 46 6 15 12 8 33 7 12 14 9 10 10 13 12 1 3 3 2 1 1 7 1 0 1 1 2 2 1 1 2 6 6 12 10 3 6 11 1 9 17 12 6 10 31 28 10 9 21 15 24 10 13 52 9 18 19 12 9 13 9 16 10 14 6 5 15 3 19 20 17 5 8 48 9 6 4 10 4
67 24 12 23 22 24 24 18 40 22 13 15 12 15 12 21 8 7 34 11 14 10 5 11 18 13 10 6 7 5 7 6 7 2 2 6 1 1 2 3 1 2 1 2 1 1 1 0 5 2 1 1 1 6 8 23 16 11 10 10 8 22 16 10 10 17 28 8 26 6 31 9 14 18 4 7 14 5 8 12 12 12 5 2 4 3 13 30 9 5 17 7 7 4 8 6
75 23 13 18 16 22 9 16 19 8 12 12 14 18 9 22 10 8 23 7 6 17 5 2 2 4 4 2 8 18 5 6 6 1 2 0 3 1 1 8 1 1 1 1 2 1 2 1 15 2 2 2 3 3 12 23 15 4 4 19 7 5 17 11 17 9 32 9 30 6 11 18 9 19 5 11 6 7 5 4 9 11 5 4 3 3 1 3 9 16 10 9 7 3 10 6
54 16 9 19 11 10 10 12 20 7 11 8 8 21 7 26 9 15 13 6 4 9 8 3 3 4 5 5 6 7 10 5 2 2 1 1 0 1 1 4 1 0 1 1 1 1 3 4 1 2 3 3 1 7 16 19 12 7 3 17 11 8 4 21 14 17 23 9 24 10 7 8 18 23 6 5 9 3 6 1 2 8 3 5 3 2 2 1 1 3 14 6 3 4 9 6
53 13 26 11 11 10 9 9 12 5 9 11 5 23 17 5 8 9 14 6 9 4 10 5 8 9 5 7 4 3 4 3 4 1 0 1 1 1 1 2 1 0 1 0 1 1 1 5 1 1 1 2 3 13 17 16 11 10 3 6 18 7 12 7 14 27 11 18 4 13 27 4 17 31 8 2 6 2 3 2 5 4 5 3 1 1 1 2 2 1 5 9 6 1 6 2
46 17 10 9 8 10 15 7 13 5 7 6 7 7 20 3 3 3 6 1 8 4 8 8 8 8 6 7 8 1 2 3 6 3 1 1 3 1 0 2 4 0 1 0 1 2 2 3 0 1 1 2 7 8 14 10 3 8 8 3 15 6 10 10 4 8 8 11 5 6 21 5 8 14 1 2 2 5 5 2 1 4 1 2 3 0 0 1 2 2 2 1 6 2 3 1
8 25 5 9 7 7 9 5 23 4 5 8 6 2 10 5 5 2 11 4 4 6 6 8 6 3 6 7 8 1 2 2 3 2 2 1 1 2 0 0 2 0 0 0 0 4 8 1 1 1 2 4 7 8 16 7 3 10 7 7 12 7 4 3 9 7 3 11 4 5 14 9 14 6 1 3 1 1 2 5 2 2 2 2 3 1 1 1 1 1 1 2 3 4 3 0
8 28 7 5 3 6 8 7 5 8 4 5 5 3 4 4 4 3 22 3 2 3 5 14 3 3 4 6 6 2 2 2 4 2 3 2 1 1 1 0 2 0 0 0 0 1 1 2 0 2 2 5 8 13 8 3 5 10 5 9 14 10 17 5 4 6 3 12 2 4 3 6 12 3 1 1 1 2 3 2 2 1 0 3 2 4 2 2 1 1 0 0 1 7 2 1
7 27 18 1 3 4 10 6 3 7 3 2 1 2 2 5 1 4 3 1 3 2 4 3 6 3 3 4 3 3 1 3 3 2 2 1 1 1 1 0 2 0 0 0 0 0 2 6 1 1 4 11 15 16 2 4 7 11 6 9 5 14 6 11 7 3 2 3 2 3 4 9 4 5 3 3 0 3 4 1 3 1 0 2 1 7 5 1 1 1 1 0 0 1 2 2
3 5 18 1 3 2 5 5 2 5 4 1 0 2 1 6 2 4 2 4 2 1 5 5 3 1 1 2 3 4 1 1 2 4 2 1 1 2 1 1 2 1 0 1 0 0 0 4 4 5 8 17 14 4 3 9 11 9 6 10 9 6 3 4 9 1 2 3 3 2 3 3 3 6 2 3 2 5 3 1 4 7 1 2 1 1 2 2 1 1 0 0 1 2 1 2
3 5 12 2 3 1 1 3 2 2 3 1 0 1 2 11 2 1 3 1 2 3 3 3 2 1 1 1 3 2 2 2 3 2 1 0 1 2 2 0 1 1 0 1 1 1 1 12 7 20 31 23 2 3 4 4 7 7 4 5 9 2 6 4 3 8 15 2 1 1 1 6 2 4 4 3 3 6 4 2 3 15 2 3 1 0 1 2 5 2 1 1 2 1 1 4
2 3 10 2 4 1 1 2 1 2 3 2 1 1 1 3 2 1 2 1 2 2 2 1 1 1 3 0 1 3 2 2 3 3 1 0 2 1 0 1 0 0 0 1 4 15 28 8 10 13 7 2 2 3 4 4 5 5 3 2 3 2 3 4 1 6 3 0 0 2 2 2 5 2 6 4 4 4 5 2 4 5 2 3 2 1 1 1 1 2 2 3 1 2 4 7
3 1 1 6 1 1 0 0 0 1 5 1 1 1 1 2 1 1 3 1 1 1 1 1 0 1 1 0 0 2 1 1 1 1 1 1 1 1 0 0 0 0 0 11 6 9 32 37 13 3 1 2 2 4 3 3 4 4 3 1 0 1 3 8 6 14 1 1 0 4 5 2 2 1 7 2 5 2 5 1 3 3 3 4 2 2 1 0 1 1 0 1 2 1 3 4
2 2 1 6 0 1 1 0 2 0 2 1 1 1 1 2 1 1 2 1 0 1 1 2 0 1 0 2 0 0 1 1 2 1 0 0 2 1 0 0 1 11 21 20 30 9 17 42 23 1 1 2 3 2 1 2 2 2 2 0 0 2 8 12 8 3 2 4 4 2 4 4 1 1 2 2 4 5 11 14 19 8 2 3 2 2 1 0 0 1 1 1 1 2 4 4
2 1 0 8 1 0 0 0 2 0 0 2 0 0 1 2 1 1 3 1 0 1 1 2 0 1 0 1 1 1 1 1 1 1 1 1 1 1 1 2 8 21 38 27 39 47 38 24 1 1 3 2 2 2 1 1 3 5 1 1 1 4 8 5 2 2 3 3 3 2 4 9 17 2 1 2 2 4 6 4 2 3 3 8 5 3 1 0 1 0 2 2 1 1 6 1
1 1 0 1 3 2 1 0 2 1 0 1 0 0 0 0 1 1 1 1 0 0 0 1 0 1 1 1 2 1 1 1 0 2 1 1 1 0 1 4 3 4 15 39 50 41 1 1 2 1 1 1 1 2 1 1 1 10 2 2 1 2 1 4 3 1 3 3 2 8 7 10 1 2 2 4 3 4 5 4 5 5 5 2 4 1 1 1 1 0 0 2 1 1 5 1
1 1 0 0 3 1 1 0 1 0 0 1 1 0 0 0 0 0 1 0 0 0 0 0 1 1 1 1 1 0 1 1 1 0 1 1 1 0 1 2 1 5 5 4 4 1 3 4 2 2 1 1 1 0 0 2 1 2 2 1 1 2 0 2 1 1 1 4 5 11 3 1 2 3 2 3 9 3 5 4 6 5 4 3 3 1 1 1 2 0 2 2 1 1 1 1
1 1 0 0 1 0 0 0 1 0 0 0 1 0 0 0 0 0 1 1 0 0 0 0 1 1 0 1 0 0 1 1 1 1 1 0 1 0 3 3 16 20 5 1 3 2 1 1 1 0 0 0 0 0 1 2 0 5 2 0 1 1 2 1 0 1 1 7 7 0 1 0 1 3 7 7 3 4 2 3 4 3 3 4 2 1 1 1 1 1 1 1 1 1 1 0
0 0 1 1 1 0 0 0 1 0 0 0 0 0 0 0 0 0 0 1 0 0 0 0 1 1 1 0 0 0 0 0 1 1 0 1 1 1 2 1 2 4 3 2 3 1 1 2 4 2 0 0 0 0 1 2 0 2 1 1 1 1 1 1 0 1 2 4 1 0 0 1 1 1 1 4 4 6 2 2 3 3 3 1 2 1 1 1 2 1 1 1 1 0 0 0
1 0 0 1 2 0 0 0 0 0 0 0 0 0 0 0 0 0 0 0 0 0 0 0 0 1 1 0 0 0 0 0 1 0 0 0 0 0 3 1 1 4 2 2 1 2 1 0 1 3 2 0 0 0 0 0 2 0 1 0 0 1 1 0 1 2 3 5 1 0 0 1 1 1 1 2 5 2 1 1 2 3 2 2 1 1 2 1 1 0 1 1 1 0 0 0
1 0 0 0 0 0 0 0 0 0 0 0 0 0 0 0 0 0 0 0 0 0 0 1 0 0 0 0 0 0 0 0 0 0 0 0 1 6 1 15 13 6 1 0 0 3 2 1 1 2 1 1 0 0 0 0 2 1 0 0 0 1 1 1 2 2 3 4 0 1 1 1 5 1 1 2 2 1 1 1 2 1 1 0 1 2 1 1 0 0 0 0 0 0 0 0
0 0 0 0 0 1 0 0 0 0 0 0 0 0 0 0 0 0 1 0 0 0 0 0 0 0 0 0 0 0 0 0 0 0 0 1 3 3 14 6 5 6 3 1 1 1 0 0 0 1 1 1 0 0 1 1 0 2 1 0 0 2 1 0 1 2 1 3 1 1 1 1 2 0 1 1 1 2 1 1 0 0 0 0 0 0 0 0 0 0 0 0 0 0 0 0
0 0 0 0 0 0 0 0 0 0 0 0 0 0 0 0 0 0 0 0 0 0 0 0 0 0 0 0 0 0 0 0 0 0 0 5 8 17 39 10 1 1 2 1 1 0 1 4 1 2 3 0 1 1 1 1 0 1 1 1 0 2 1 1 1 1 1 3 1 1 1 1 1 0 0 0 1 1 5 1 0 0 0 1 0 0 0 0 0 0 0 0 0 0 0 0
