sesion_6_simulaciones/modelos_agentes/ejemplos_netlogo/scenarios/echam4_b2/rob_2060.asc
NCOLS 322 
NROWS 307 
XLLCORNER 451900 
YLLCORNER 4086900 
CELLSIZE 100 
NODATA_value -9999 
[rows 222 to 295 of 307, columns 192 to 287 of 322]
3 3 1 1 4 2 1 1 0 0 0 0 0 0 0 0 0 0 0 0 0 1 5 4 2 3 2 2 5 6 3 4 12 14 15 12 20 38 37 40 43 37 39 59 40 49 51 32 39 49 46 38 14 14 20 22 16 36 52 59 44 34 45 29 62 80 71 62 76 80 45 25 8 2 1 0 0 0 0 0 0 0 0 0 0 0 0 0 0 1 1 2 2 2 3 3
11 10 6 4 2 1 1 1 0 0 0 0 0 0 0 0 0 0 0 0 1 2 5 9 4 6 7 5 10 12 7 8 17 19 20 14 25 19 29 32 37 33 40 59 48 33 48 31 39 34 37 24 20 15 9 11 15 31 27 32 24 37 45 32 40 64 57 49 66 70 45 18 7 3 0 0 0 0 0 0 0 0 0 0 0 0 0 0 0 1 1 1 3 3 4 5
13 8 8 5 3 2 1 1 0 0 0 0 0 0 0 0 0 0 0 0 1 4 6 16 14 10 10 15 15 24 25 15 18 20 22 15 25 12 27 29 22 31 37 55 64 31 42 43 20 18 23 24 33 10 4 17 14 36 19 38 38 42 46 45 20 23 6 4 9 46 59 19 5 1 0 0 0 0 0 0 0 0 0 0 0 0 0 1 1 1 1 2 2 3 4 11
6 5 4 2 1 1 1 0 0 0 0 0 0 0 0 0 1 1 1 1 1 2 5 13 20 21 16 18 17 29 60 41 26 26 14 17 21 18 38 24 19 21 33 38 58 49 21 28 11 11 10 9 13 16 3 12 13 15 26 46 53 47 58 48 23 26 14 18 6 6 25 10 3 2 1 1 1 0 0 0 0 0 0 0 0 0 0 1 1 1 1 3 3 3 5 7
7 4 3 1 0 0 0 0 0 0 0 0 0 0 0 0 1 1 1 2 2 3 7 9 23 48 31 27 31 20 39 56 27 37 27 32 36 36 25 26 15 21 21 22 26 33 26 42 35 10 31 29 14 10 4 10 37 33 39 47 61 52 49 33 26 25 28 38 15 9 8 2 3 2 2 1 1 0 0 0 0 0 0 0 0 0 0 0 0 1 1 1 3 4 4 7
4 7 4 3 2 1 1 0 0 0 0 0 0 0 0 0 1 1 2 5 5 8 9 12 21 47 64 36 52 30 39 56 40 25 44 47 38 32 32 29 8 14 12 22 31 37 45 55 66 26 22 21 17 6 10 13 25 23 39 51 54 42 36 27 51 41 46 38 19 12 4 3 3 4 3 2 2 1 1 0 0 1 1 0 0 0 0 0 0 0 1 1 2 2 5 8
7 4 2 1 1 0 0 0 0 0 0 0 0 0 1 0 0 1 4 6 12 22 33 25 29 41 73 37 56 35 39 55 22 24 44 44 50 45 35 32 21 22 18 15 32 37 37 53 51 43 34 26 19 9 26 40 39 37 53 70 52 31 33 48 75 65 40 25 18 9 7 5 8 6 7 4 3 2 0 0 0 1 1 0 1 0 0 1 0 1 1 2 2 2 3 8
7 4 2 1 0 0 0 0 0 0 0 0 0 0 0 0 0 1 1 3 6 17 34 57 50 46 64 63 72 42 61 36 21 21 33 51 51 46 29 30 31 33 21 20 23 40 38 42 36 29 43 33 18 15 27 31 44 31 40 20 30 53 56 78 71 51 36 22 25 23 19 15 12 13 4 3 2 1 0 0 0 1 2 1 1 1 1 1 0 1 1 1 4 4 6 9
2 2 1 0 0 0 0 0 0 0 0 0 0 0 0 0 1 1 2 3 9 16 34 37 59 57 70 73 68 39 54 27 22 47 35 45 51 38 34 42 35 43 20 22 38 41 50 42 51 27 26 21 18 6 12 9 71 40 24 36 47 47 54 47 32 26 28 27 19 23 32 29 17 6 2 1 1 1 0 0 0 0 2 1 1 1 2 4 1 1 1 2 3 3 6 9
1 0 1 0 0 0 0 0 0 0 0 0 0 0 1 1 1 1 3 7 9 18 35 49 47 54 61 60 65 61 69 38 28 39 49 38 49 43 37 36 40 28 33 21 21 27 42 50 45 30 18 16 12 11 24 23 10 76 80 53 33 18 36 32 42 35 24 16 10 29 59 34 12 5 2 1 0 0 0 0 0 0 1 1 2 1 2 2 4 1 1 3 3 5 4 8
1 0 0 0 0 0 0 0 0 0 0 0 0 0 1 1 1 2 5 6 8 27 46 55 45 51 63 57 77 81 57 43 42 54 36 52 50 46 43 41 39 35 44 17 33 27 41 36 27 11 23 17 20 22 32 44 35 31 38 45 26 44 28 29 27 30 29 10 18 33 33 15 10 6 2 0 0 0 0 0 0 0 0 3 2 1 0 1 6 1 1 3 3 5 4 5
0 0 0 0 0 0 0 0 0 0 0 0 0 0 1 1 2 4 7 19 13 14 52 48 66 54 59 65 26 77 55 54 42 58 45 38 43 53 44 43 42 35 58 20 18 52 38 37 30 22 36 20 20 32 45 21 45 45 27 12 23 14 22 27 27 26 16 44 36 13 20 10 6 4 2 0 0 0 0 0 1 1 0 1 2 2 1 2 4 4 3 2 2 9 5 6
1 1 1 0 0 0 0 0 0 0 0 0 0 0 0 1 1 3 8 19 29 41 67 54 67 68 71 64 70 59 81 48 38 51 42 21 28 48 51 57 44 20 37 46 11 23 34 53 30 33 39 26 16 26 25 24 13 15 20 35 30 32 30 43 19 21 33 17 11 16 14 8 5 1 0 0 0 0 1 0 1 1 1 1 3 5 1 2 4 4 15 6 2 3 13 10
0 1 0 0 0 0 0 0 0 0 0 0 0 0 0 1 1 3 7 14 33 29 45 15 34 57 56 28 27 49 73 44 45 75 38 43 48 55 33 12 25 13 36 47 12 32 52 32 12 27 34 34 17 28 19 11 35 41 41 30 17 25 52 63 42 33 51 46 37 21 12 7 2 1 0 0 1 1 2 0 1 1 1 1 4 3 7 2 5 3 1 8 3 3 5 8
1 0 0 0 0 0 0 0 0 0 0 0 0 0 0 0 1 1 4 10 18 14 14 41 37 40 29 36 43 49 62 57 63 66 54 50 49 45 45 22 34 28 35 45 12 23 41 34 18 14 20 25 20 19 9 22 37 18 23 31 31 55 63 64 64 59 39 24 31 18 28 10 3 1 0 0 0 1 1 1 1 1 2 1 2 4 3 9 7 7 4 11 6 1 4 4
1 0 0 0 0 0 0 0 0 0 0 0 0 0 0 0 1 1 2 3 5 30 36 29 40 52 48 35 41 51 52 48 58 64 41 52 45 45 51 20 47 42 29 47 11 16 35 29 36 36 14 14 33 24 17 24 25 22 48 35 63 46 47 72 79 49 39 16 35 12 7 5 1 1 1 1 1 2 2 2 3 2 2 2 2 2 3 10 21 26 5 4 8 4 6 14
0 0 0 0 0 0 0 0 0 0 0 0 0 0 0 0 0 1 1 3 7 13 23 20 19 33 48 35 47 34 44 49 52 65 55 63 46 54 38 37 22 35 18 36 11 9 21 19 25 34 37 15 13 6 18 10 9 33 36 31 42 33 57 63 65 70 36 12 6 6 4 1 0 1 2 2 1 1 3 3 5 3 3 3 3 3 2 2 2 6 18 16 11 7 7 13
0 0 0 0 0 0 0 0 0 0 0 0 0 1 0 0 1 1 1 4 7 14 13 23 30 45 36 29 37 35 22 25 43 44 36 54 34 50 39 35 35 33 65 41 16 19 31 44 22 12 16 13 5 17 7 12 24 57 45 72 71 54 37 43 39 24 25 23 9 4 1 0 1 2 2 4 1 1 3 6 4 8 4 4 3 3 5 3 3 4 11 9 9 33 10 19
0 0 0 0 0 0 0 0 0 0 0 0 1 1 1 0 1 1 2 2 4 3 7 10 15 27 23 21 23 26 38 38 24 21 15 66 48 67 29 39 31 25 64 44 31 18 46 37 30 24 12 38 17 38 26 41 42 19 32 39 45 40 23 33 43 29 34 11 12 4 2 0 1 2 2 4 5 2 2 5 7 12 6 9 5 2 3 6 2 1 2 2 3 12 17 12
0 0 0 0 0 0 0 0 0 0 0 0 1 1 2 1 1 4 2 6 11 15 26 32 38 35 38 53 59 46 48 56 51 41 49 44 70 53 34 32 27 21 17 51 27 10 23 26 34 20 36 39 45 60 85 77 76 65 67 44 43 44 48 57 44 29 20 12 7 4 1 0 1 2 4 5 5 5 5 10 7 14 8 13 7 3 3 7 10 2 5 6 4 3 4 7
0 0 0 0 0 0 0 0 0 0 0 1 1 1 2 1 1 1 6 12 23 22 32 46 60 67 65 58 77 63 52 45 39 25 17 19 35 44 40 30 32 15 15 30 17 12 9 25 16 23 9 4 7 11 29 44 83 83 68 61 46 42 22 50 35 22 17 11 2 1 0 0 2 3 2 4 5 10 7 13 8 4 18 18 10 4 5 11 9 5 6 9 8 16 21 31
0 0 0 0 0 0 0 0 0 0 0 0 1 1 1 3 1 1 2 5 15 33 16 40 41 58 67 54 11 27 45 34 22 21 31 37 40 25 48 24 23 20 6 19 17 18 7 9 5 19 12 11 11 9 11 11 29 61 74 77 82 44 37 25 21 17 14 12 7 1 1 2 4 4 4 5 17 12 14 15 15 6 7 29 15 6 5 7 7 6 11 5 13 17 26 35
0 0 0 0 0 0 1 1 1 1 0 0 1 1 1 3 2 1 2 4 7 14 11 30 24 24 24 16 14 15 26 24 22 32 26 19 30 43 46 7 19 20 11 18 16 5 3 18 18 17 25 19 27 28 31 34 39 53 48 38 51 78 58 43 33 28 25 11 5 1 1 4 6 10 11 7 15 21 15 11 12 11 4 16 27 13 13 5 14 8 14 16 10 20 22 16
0 0 0 0 1 1 1 1 1 1 1 1 1 1 2 1 5 1 1 1 3 3 8 11 16 29 28 34 40 27 37 23 22 39 33 28 22 18 8 11 17 25 52 23 14 11 4 7 15 19 25 50 22 34 55 33 28 24 29 21 22 37 54 51 40 22 20 11 3 1 2 6 6 10 13 13 9 28 20 28 14 22 16 14 44 20 27 10 17 16 18 28 19 19 18 27
0 0 0 1 1 1 1 1 1 1 1 1 1 2 4 3 3 1 1 3 2 2 7 10 17 24 32 30 33 51 42 51 43 64 21 16 19 24 20 22 42 37 17 13 36 15 9 10 11 40 48 19 31 36 28 28 44 40 51 31 28 21 22 24 24 17 10 8 3 2 3 7 8 14 12 10 11 18 27 36 24 17 26 15 48 16 17 20 12 31 19 20 21 14 17 17
0 1 1 1 1 1 1 1 3 3 1 0 1 1 6 16 1 1 1 5 6 8 7 8 13 15 27 19 25 36 39 33 28 29 33 30 28 34 32 21 12 9 7 5 12 15 22 12 38 58 19 8 14 34 41 36 28 41 28 26 30 22 21 13 12 9 8 4 2 3 6 8 8 10 12 12 16 20 32 26 25 22 24 41 48 18 22 25 15 33 23 11 27 11 7 15
1 1 1 2 2 1 1 2 4 4 1 0 1 2 5 6 2 2 2 5 8 9 10 6 7 6 17 23 25 36 26 24 31 29 28 27 27 22 20 14 14 9 6 5 6 4 4 29 11 25 13 10 13 13 25 74 49 53 41 35 26 24 18 14 10 8 6 3 3 3 6 8 6 12 10 19 25 17 19 43 32 38 38 38 50 34 38 16 39 32 10 18 24 10 13 19
1 1 1 4 2 1 1 2 3 8 2 1 2 3 5 10 6 3 3 8 13 21 11 14 16 5 10 16 20 18 25 18 24 28 27 16 14 7 9 14 26 22 28 20 11 23 19 11 4 8 15 32 36 31 37 24 36 40 50 49 37 22 16 14 11 8 6 3 1 6 8 9 14 12 22 20 18 28 20 16 27 30 31 44 22 79 42 16 29 30 7 19 15 30 18 23
2 3 2 6 3 1 2 4 5 7 1 1 2 3 7 8 11 1 6 11 15 27 17 19 21 26 16 12 10 12 14 25 40 31 12 26 13 22 13 16 20 22 15 10 9 16 8 7 13 23 29 27 35 35 45 17 13 14 15 28 24 26 20 18 15 14 9 4 2 6 7 8 14 17 22 9 18 13 30 14 20 18 33 21 44 71 28 19 42 17 9 18 18 27 31 29
2 2 4 5 4 4 2 3 6 15 2 3 4 7 7 13 2 2 8 12 22 31 37 22 41 26 28 28 18 19 13 47 51 35 37 23 21 28 17 13 22 12 14 8 8 12 12 11 8 21 28 23 38 39 39 15 28 33 35 41 35 31 30 32 23 21 13 4 2 8 10 9 22 14 19 33 31 22 12 24 17 26 29 41 32 55 47 38 40 19 17 28 15 16 7 36
1 1 5 6 6 6 3 4 8 10 3 5 7 17 22 7 2 2 9 12 16 36 34 41 28 31 47 36 31 31 30 41 55 49 37 40 40 23 43 23 12 21 6 4 5 8 8 9 11 14 22 25 35 30 36 38 41 48 48 51 52 53 37 26 16 11 10 3 4 11 16 14 25 28 20 23 34 23 26 9 35 12 16 35 41 56 64 72 37 21 30 25 29 32 20 45
2 3 7 9 14 8 4 5 12 12 3 4 10 23 15 3 2 4 8 12 26 31 35 37 43 32 47 41 52 53 50 41 18 28 37 35 35 18 32 29 24 17 11 8 15 12 6 18 10 6 7 20 34 52 37 39 57 56 53 36 54 34 16 20 21 14 5 3 3 9 23 15 22 29 34 26 35 23 29 25 18 39 20 8 11 34 55 69 35 44 34 30 26 46 20 20
2 4 4 8 21 12 5 6 11 16 3 3 11 22 9 4 2 5 13 14 15 20 26 35 52 33 40 39 32 51 56 42 38 31 31 19 25 22 27 21 20 12 10 15 23 18 10 14 6 3 6 29 41 26 53 56 31 37 27 28 24 21 30 30 15 13 11 3 4 6 27 18 21 21 26 36 28 30 15 28 13 44 26 21 12 10 28 44 55 69 41 36 29 37 15 18
3 7 5 6 9 21 7 10 20 6 4 4 8 30 14 4 2 8 13 15 26 38 37 50 52 47 27 31 50 46 26 51 76 59 28 24 17 24 33 20 12 19 20 9 11 7 10 5 14 13 18 26 32 46 57 40 53 38 38 40 33 27 24 18 17 15 7 4 4 9 10 32 20 20 23 26 45 43 28 48 19 17 28 28 21 18 18 33 53 58 41 41 35 36 23 30
4 5 14 11 5 15 5 13 40 7 6 13 19 25 8 7 1 4 17 20 36 29 33 54 55 52 45 18 15 18 26 25 30 14 15 22 37 23 19 29 25 17 12 8 7 4 5 10 17 25 28 28 35 47 65 60 57 46 36 44 37 39 39 20 20 17 8 6 6 18 20 20 38 19 21 26 48 42 29 22 38 19 15 36 35 21 24 25 42 54 61 39 33 24 40 19
5 7 17 23 11 27 7 13 44 17 7 20 26 15 6 2 1 3 7 21 39 41 35 37 47 58 40 19 22 19 24 24 27 23 16 10 19 23 37 29 22 14 7 10 9 5 6 5 1 3 22 25 21 38 38 28 33 53 51 44 46 25 26 24 18 17 15 3 8 18 23 21 24 10 29 30 31 49 59 44 48 27 19 18 35 26 18 30 46 79 73 39 25 21 39 17
6 8 9 28 12 23 13 11 18 25 11 30 25 5 2 3 4 7 12 27 30 32 44 26 35 48 61 23 21 20 30 30 25 27 21 24 20 23 17 5 8 16 8 11 14 6 5 2 8 12 20 37 52 49 35 58 57 73 53 37 43 42 39 34 31 17 13 8 11 22 20 32 43 22 19 46 35 51 43 37 55 23 30 31 52 28 14 20 16 37 59 34 32 17 49 35
6 6 5 15 38 17 30 11 35 17 35 16 5 2 6 6 10 8 31 41 21 32 36 41 16 34 48 60 32 31 19 30 22 14 11 13 17 11 9 8 8 4 3 2 6 3 5 4 10 11 11 25 27 42 54 54 36 58 43 26 32 35 34 31 16 13 10 18 18 23 28 35 9 27 40 45 44 32 52 27 64 28 31 23 29 51 35 36 43 34 46 27 50 21 29 53
15 10 7 9 16 32 36 18 52 27 25 5 3 6 8 13 13 9 12 11 24 27 34 58 52 30 38 16 37 51 18 30 16 13 18 19 25 15 13 9 8 7 15 9 4 2 2 2 7 15 16 29 30 27 41 37 35 33 23 9 23 31 29 25 14 11 11 21 21 24 28 44 14 15 8 14 38 57 69 27 55 45 32 33 20 18 59 29 44 41 41 47 22 20 36 51
12 17 11 9 9 20 50 23 24 9 5 1 5 8 19 25 26 10 12 16 25 31 28 12 17 16 19 31 14 19 42 59 36 24 10 24 8 11 14 3 5 7 4 3 4 9 5 4 8 12 18 15 17 26 29 33 23 42 31 33 44 31 30 18 24 23 14 23 23 27 26 42 14 27 16 22 21 16 38 41 27 55 35 37 21 44 47 17 39 55 54 46 23 23 22 29
12 20 15 19 26 37 39 22 24 5 8 5 8 19 21 27 30 20 21 23 27 31 25 19 16 22 19 12 14 26 16 21 26 41 35 47 11 7 7 8 9 5 7 8 3 3 5 6 7 17 31 16 17 25 41 20 39 60 66 55 48 33 34 31 26 24 25 38 25 27 28 35 20 32 29 23 37 32 37 53 21 54 34 53 21 19 40 13 19 27 53 36 15 25 25 51
15 25 20 26 34 45 38 9 5 3 11 10 18 23 23 34 22 43 38 24 29 29 27 30 35 23 23 16 18 39 21 6 6 8 10 28 35 18 21 35 21 17 8 7 6 4 1 7 19 15 22 10 12 25 30 33 48 71 40 43 52 31 35 28 26 26 29 44 28 29 30 33 31 31 43 23 37 35 33 34 54 76 42 52 36 13 43 24 9 17 32 43 23 31 22 9
18 32 34 29 60 46 10 6 9 10 21 19 15 29 26 41 14 28 57 19 33 28 15 22 31 40 14 22 25 26 46 16 11 6 7 5 6 4 10 28 36 15 10 11 11 6 4 5 12 11 10 11 18 26 41 43 41 44 43 29 50 40 29 11 32 17 19 53 33 30 42 32 47 31 43 35 34 40 32 27 24 16 61 62 46 18 20 23 12 9 20 47 28 32 38 22
19 27 54 46 59 12 11 10 12 21 24 25 33 46 18 32 18 28 32 53 21 38 16 13 17 33 28 30 26 17 10 29 8 13 9 6 6 7 6 10 13 6 5 9 4 2 2 7 6 10 10 10 7 21 38 52 24 50 67 56 29 24 16 9 43 29 28 44 40 30 46 33 64 42 41 47 30 30 45 30 23 14 41 45 46 22 9 48 17 14 26 39 53 41 27 28
14 31 60 74 41 6 11 21 23 25 41 49 26 31 23 18 44 19 28 29 27 27 25 17 19 27 23 38 26 27 32 20 30 10 13 9 7 6 4 9 8 4 4 3 3 3 5 13 6 9 11 8 15 29 46 43 71 49 37 52 35 18 7 17 23 51 30 35 44 28 33 34 54 46 31 44 44 28 31 46 33 10 22 52 57 27 8 24 24 15 28 20 61 45 18 53
15 36 64 45 7 8 25 25 17 46 33 60 20 38 25 17 22 59 20 30 48 24 42 16 16 33 36 29 26 37 20 24 34 11 14 11 8 11 3 10 7 3 8 9 7 5 13 11 12 15 21 22 26 23 28 41 52 40 43 38 34 18 9 26 22 37 29 32 42 32 30 31 33 54 30 28 50 31 31 31 42 17 21 27 46 25 13 19 35 21 12 15 15 44 29 29
18 52 48 27 12 18 29 31 20 38 18 56 26 33 48 17 38 59 16 37 56 19 48 19 14 32 40 40 16 10 33 10 11 25 40 23 5 9 4 7 4 2 2 4 4 5 6 10 17 17 17 12 12 17 17 24 35 43 28 49 38 21 18 28 33 42 20 27 35 44 26 26 16 41 32 28 35 39 31 26 12 11 37 20 44 28 17 10 17 40 8 21 41 40 29 8
21 43 45 32 15 17 36 51 19 26 21 46 22 29 59 22 38 56 25 19 31 37 32 20 15 18 18 27 28 35 12 20 8 6 2 24 24 6 4 5 3 5 7 6 5 7 6 11 10 17 16 22 16 18 20 23 17 28 30 18 23 30 27 27 27 34 39 30 36 47 15 29 16 26 39 27 33 15 13 29 17 15 13 17 46 56 18 9 16 35 6 9 34 41 42 19
37 37 53 23 16 28 29 39 19 28 23 29 39 19 53 20 20 45 26 15 16 17 65 36 13 13 14 13 20 22 35 18 6 13 3 3 20 7 3 5 3 7 12 10 4 6 2 4 13 19 26 17 15 10 10 24 32 52 34 16 9 26 27 26 28 29 49 22 38 47 17 24 28 27 45 5 21 33 15 12 31 14 12 13 21 40 18 8 10 38 10 8 9 36 64 45
72 41 18 17 26 27 30 32 20 50 30 17 41 18 49 20 17 29 28 13 14 25 47 28 10 15 12 24 24 28 22 21 17 15 2 6 6 15 2 3 7 10 6 7 8 7 5 2 8 17 27 30 18 16 22 29 36 52 47 21 8 33 28 19 27 29 35 27 21 44 25 14 17 38 45 17 12 13 32 10 18 37 16 13 48 40 8 17 3 36 25 11 7 5 13 19
21 9 18 16 22 26 42 31 34 37 25 16 61 19 19 48 17 42 36 11 13 21 21 53 19 19 10 21 29 29 19 11 18 25 7 6 5 16 5 3 4 5 4 4 4 5 6 6 9 26 20 20 22 18 17 21 15 37 40 8 16 22 33 16 25 28 21 40 16 39 31 20 22 15 32 14 15 18 17 21 8 5 34 13 22 45 13 28 8 17 54 11 23 15 8 6
38 20 39 27 23 27 50 26 48 42 12 22 41 24 23 46 14 16 56 9 22 19 12 44 12 18 22 15 16 19 25 27 4 10 9 6 3 4 23 4 1 5 5 9 7 3 3 9 20 21 37 32 9 16 21 3 16 24 17 9 15 40 37 15 13 29 20 32 16 19 63 14 26 29 18 14 21 14 26 16 25 12 9 29 8 34 39 33 12 18 66 18 12 9 21 9
73 32 17 31 31 32 33 25 50 32 19 22 19 24 20 30 12 11 45 17 21 16 8 17 26 22 16 10 11 11 15 15 19 6 6 19 5 4 6 11 3 7 6 8 7 7 5 2 19 7 3 4 5 14 16 36 25 16 15 15 12 29 23 16 15 26 37 11 35 9 41 15 22 27 8 12 23 8 13 23 22 22 10 4 8 7 27 55 21 14 34 18 16 10 19 13
82 32 19 26 23 30 13 24 29 13 19 20 22 29 16 34 15 13 33 11 10 26 9 4 3 7 6 5 16 34 12 16 18 2 5 1 10 4 4 26 4 4 3 4 8 4 11 5 40 10 8 7 8 8 26 37 21 7 7 27 11 8 23 17 25 14 43 13 42 10 17 27 14 30 9 20 12 13 10 9 19 24 11 8 7 8 3 8 25 39 27 24 16 9 24 14
64 25 14 30 16 17 17 19 31 11 19 15 15 35 14 41 15 25 22 10 7 15 13 6 6 8 8 9 11 14 24 14 7 6 3 2 2 6 3 16 2 2 2 6 4 3 13 15 4 7 11 11 3 20 32 31 19 12 5 26 16 12 7 29 23 26 35 15 35 17 12 15 31 37 11 10 17 7 12 3 4 19 8 11 7 6 7 4 3 11 37 17 9 12 27 16
68 23 38 18 19 16 15 16 20 10 16 20 9 39 31 10 15 17 24 12 16 7 18 8 15 15 10 15 8 7 11 10 12 5 2 4 2 3 5 7 5 1 3 2 3 3 4 16 3 3 6 7 11 32 36 28 17 16 5 9 27 11 20 12 24 42 18 29 8 23 43 9 29 50 15 3 12 5 7 4 12 9 13 9 4 2 4 7 7 4 15 29 21 5 21 8
66 32 18 16 16 19 26 13 23 9 14 13 15 18 38 6 6 6 12 3 15 8 14 14 15 15 13 15 17 3 5 8 19 9 3 2 12 2 2 9 17 1 4 2 3 9 9 12 3 3 4 8 22 24 29 17 5 13 14 6 22 10 17 18 7 14 15 20 9 12 37 10 17 28 1 5 5 11 12 6 2 10 3 4 8 1 1 2 6 6 7 3 21 7 14 3
15 41 9 18 15 15 19 11 40 10 12 19 13 4 24 12 11 6 23 8 8 12 12 18 14 7 14 16 17 3 5 5 10 9 10 4 3 7 2 1 9 1 2 2 1 17 24 7 4 4 7 17 22 23 31 12 6 16 12 13 20 12 6 5 18 14 7 22 8 10 29 19 32 13 2 7 3 1 4 11 4 5 5 5 9 3 4 3 4 3 4 10 10 17 11 2
16 47 16 11 6 14 18 16 10 18 11 14 13 7 10 10 10 7 44 7 5 7 11 29 8 7 11 18 14 5 5 5 11 7 12 7 2 3 5 2 9 1 2 1 1 5 4 9 2 12 8 21 25 31 16 6 10 17 9 17 24 19 30 9 9 13 6 25 6 9 8 16 24 6 2 2 3 4 7 5 6 1 1 8 7 10 7 5 3 3 2 1 3 21 9 3
15 49 38 3 9 9 24 15 8 19 9 6 5 7 4 14 3 12 9 3 6 5 11 7 15 8 7 10 7 7 3 8 10 9 7 5 5 4 7 2 9 1 2 2 1 3 8 22 6 4 14 32 33 28 5 8 14 22 13 18 10 27 13 22 14 7 5 7 5 10 12 24 11 10 6 7 1 7 9 4 7 2 1 5 4 21 16 4 3 2 3 2 1 5 9 9
6 12 38 4 9 5 17 14 7 16 13 4 1 8 5 18 5 11 8 11 5 4 12 15 10 4 5 7 8 12 1 3 6 12 9 4 5 11 3 5 11 3 2 4 2 2 2 15 18 17 29 41 30 9 5 18 21 18 14 21 21 12 6 10 22 3 6 8 9 4 8 10 9 15 6 6 4 11 7 1 11 17 4 6 2 2 6 6 3 3 1 2 4 9 3 8
7 14 30 7 8 2 4 9 8 6 10 3 1 3 8 30 6 4 8 2 7 10 10 12 7 2 4 4 8 6 4 5 10 6 2 1 5 8 7 2 5 4 3 5 4 3 6 36 21 46 57 43 4 6 8 9 16 17 10 12 22 6 16 11 7 19 37 5 3 2 3 19 5 10 12 8 7 13 12 6 10 35 7 9 3 1 3 7 17 11 5 2 8 6 4 15
7 9 30 9 12 4 4 7 2 8 12 8 3 3 5 13 7 3 7 3 6 7 6 3 5 2 11 1 5 11 5 5 10 12 4 2 7 3 3 7 1 3 1 3 14 38 59 28 30 32 19 4 5 7 11 12 13 12 7 7 7 5 10 11 2 17 8 1 0 6 4 6 17 6 16 11 10 10 15 6 12 16 6 9 5 4 4 3 4 7 7 11 3 9 15 27
8 4 2 21 5 3 1 1 1 5 18 4 4 2 3 8 3 3 11 2 4 4 4 3 2 3 3 2 1 8 4 5 4 6 4 5 3 4 1 2 2 2 1 34 23 29 61 69 36 10 3 5 6 10 9 8 12 12 9 2 0 2 8 21 17 30 3 2 1 11 15 8 7 2 20 6 16 6 16 4 9 11 10 14 7 8 2 1 3 2 2 2 10 3 12 13
8 6 4 22 1 3 4 1 8 1 8 3 3 4 5 9 3 4 9 4 2 3 3 7 1 4 1 7 1 1 3 4 8 6 2 3 12 5 1 2 6 36 47 49 62 27 44 71 45 2 4 7 8 7 2 6 6 6 6 0 0 7 24 31 23 9 4 10 11 5 12 15 4 3 8 8 17 14 28 30 37 20 6 11 8 7 6 0 2 5 4 2 3 7 16 14
6 3 2 29 3 1 2 2 9 1 2 7 2 2 2 7 3 5 13 4 2 3 3 9 2 5 2 4 5 5 2 4 6 5 5 5 5 4 3 10 26 43 69 57 69 72 61 46 2 3 8 6 6 7 3 3 11 15 4 2 2 10 25 15 9 6 8 10 10 6 13 23 37 6 4 8 8 10 15 8 4 8 11 27 18 10 4 2 5 1 7 7 4 7 24 6
4 3 2 5 12 8 3 2 8 2 2 7 1 2 1 1 4 3 4 3 1 0 0 3 1 5 5 4 7 2 2 4 2 7 3 5 3 1 5 16 13 15 37 65 72 60 3 2 6 4 4 3 6 6 4 2 2 31 6 7 4 7 4 14 10 4 11 12 8 27 20 25 4 5 7 13 13 11 11 9 11 12 14 8 14 4 5 3 4 1 1 7 3 5 20 7
4 3 1 2 15 3 3 1 4 1 1 3 3 1 0 1 1 1 3 2 2 0 1 1 4 6 3 3 4 2 4 4 4 2 4 5 2 1 6 10 6 19 15 9 9 3 8 12 8 7 3 3 2 0 2 6 2 10 10 4 4 7 2 7 3 4 4 13 15 28 8 4 5 9 8 10 26 12 13 10 16 13 15 12 14 2 4 2 6 2 8 6 3 3 7 3
3 3 2 1 7 1 1 2 5 2 1 1 6 1 1 1 1 1 3 3 1 1 1 2 6 4 3 4 2 2 2 5 4 5 4 2 4 2 12 11 39 47 15 4 7 6 2 3 4 1 2 0 2 1 2 6 1 18 6 2 3 4 8 5 1 4 5 22 20 1 4 0 2 10 22 22 13 12 7 8 13 10 12 14 9 5 5 5 3 2 5 6 4 5 4 2
1 1 3 4 4 0 2 1 3 1 1 0 2 1 1 1 1 2 1 3 1 1 0 1 3 4 4 2 1 2 1 2 3 4 1 3 4 3 9 6 7 13 8 7 9 4 3 6 10 6 2 0 0 1 3 7 2 7 6 3 3 4 4 3 1 3 9 16 3 0 1 4 3 3 5 15 17 20 5 8 10 11 15 4 9 6 5 6 7 3 3 7 2 1 1 2
5 1 2 6 10 1 1 1 3 1 1 0 1 1 1 0 1 1 1 1 1 1 0 1 2 5 4 1 1 1 0 1 3 1 2 2 2 2 13 4 6 13 4 6 2 6 2 1 3 7 5 1 0 1 0 2 6 1 5 0 1 6 5 1 3 9 13 18 3 0 1 6 4 3 5 9 16 8 4 5 9 12 9 8 5 5 8 6 3 2 5 3 2 1 1 1
3 1 0 1 1 2 1 1 1 1 1 0 0 1 1 0 1 1 1 0 1 0 0 3 2 2 3 0 1 2 1 0 1 1 2 2 4 21 6 40 39 19 3 1 1 8 5 2 2 5 3 3 0 1 2 1 9 5 1 0 0 4 5 3 8 10 12 14 1 2 3 5 17 2 3 8 8 5 3 3 7 6 4 2 4 9 3 6 1 2 2 2 1 0 1 0
1 2 0 1 0 3 1 1 0 0 1 0 0 0 0 0 1 1 4 0 0 1 1 2 1 1 1 0 1 1 1 0 1 1 2 5 10 14 41 21 17 20 9 2 2 3 0 0 0 2 4 2 2 1 2 4 1 10 3 1 2 10 2 1 5 7 6 10 2 4 5 4 7 1 2 3 5 8 5 2 1 1 1 1 2 2 1 2 1 1 1 1 0 0 0 0
1 2 2 1 0 2 0 1 0 0 1 0 0 0 1 0 0 1 1 0 0 0 1 1 1 1 1 0 1 0 1 1 1 1 2 19 26 44 66 30 4 2 5 3 2 1 4 10 2 6 9 1 2 6 3 5 1 3 3 4 1 9 2 2 5 6 5 12 2 2 3 4 4 1 0 1 4 5 20 5 1 1 2 2 1 1 1 1 1 0 0 1 0 0 0 1
