sesion_6_simulaciones/modelos_agentes/ejemplos_netlogo/scenarios/echam4_b2/rob_2050.asc
NCOLS 322 
NROWS 307 
XLLCORNER 451900 
YLLCORNER 4086900 
CELLSIZE 100 
NODATA_value -9999 
[rows 0 to 73 of 307, columns 192 to 287 of 322]
43 40 23 14 34 60 35 17 16 20 23 9 7 5 7 5 3 3 5 4 4 3 2 3 5 8 4 9 10 28 8 2 2 0 0 0 1 1 1 3 4 1 1 7 12 13 11 21 34 42 28 31 39 47 45 57 46 82 50 41 9 13 17 44 54 41 57 53 26 38 21 11 17 19 40 23 19 37 56 27 15 17 17 20 18 13 32 27 26 30 10 24 34 61 20 6
53 32 39 35 41 60 22 31 43 28 18 14 20 18 10 9 12 2 5 7 7 4 2 2 2 9 3 4 2 5 24 8 1 1 0 0 0 1 2 1 3 1 0 2 3 5 11 12 27 68 80 63 44 45 46 46 70 69 68 22 25 14 45 39 50 47 56 41 44 22 6 24 13 19 52 26 53 39 36 34 27 34 35 21 16 8 21 30 31 29 16 29 25 31 17 14
34 57 38 36 59 52 39 19 12 27 27 27 41 40 22 33 20 17 24 23 18 7 4 2 1 1 1 0 1 1 2 9 6 1 1 1 0 0 1 0 0 0 2 6 6 13 14 20 30 47 57 50 61 52 67 75 42 38 47 25 23 32 40 30 35 61 30 26 20 26 14 16 14 20 62 25 60 51 26 42 31 25 32 33 17 6 14 17 31 23 15 45 24 41 15 3
43 45 66 59 45 38 35 34 34 55 32 50 63 51 42 57 40 20 30 43 28 22 15 6 4 2 0 1 1 0 1 1 1 1 1 1 1 0 0 0 1 2 1 2 4 17 16 20 8 19 15 19 32 61 50 56 54 21 30 36 38 22 24 44 32 58 44 39 54 21 30 25 9 9 43 26 31 25 34 40 31 29 31 35 19 6 12 26 41 18 30 26 23 38 11 2
30 23 46 16 52 59 53 41 54 50 47 36 39 34 42 60 45 49 51 54 47 23 16 13 7 9 4 6 5 1 0 0 1 0 0 1 0 0 0 0 1 1 2 3 3 5 6 11 33 53 58 50 48 42 66 68 33 28 10 12 36 34 28 41 43 57 36 27 18 12 9 9 12 8 22 23 18 32 57 64 54 21 21 43 38 28 4 23 25 35 34 18 34 48 17 3
33 28 44 38 26 33 54 29 53 44 33 39 16 39 49 52 53 52 21 18 33 17 11 17 14 13 6 9 7 2 2 1 0 0 0 0 0 0 0 0 0 1 2 5 12 26 34 45 45 30 37 40 47 62 81 59 38 29 9 46 66 65 58 59 44 64 27 35 40 33 41 29 24 18 13 19 27 25 36 29 41 63 47 36 38 27 10 17 23 27 13 18 31 30 20 5
25 14 16 35 26 20 53 21 16 29 39 62 36 20 37 51 43 46 26 10 11 27 31 36 18 15 15 9 9 6 4 2 2 2 1 0 0 1 0 0 0 1 3 6 21 13 19 29 50 39 42 79 43 69 74 43 30 32 18 36 51 60 57 59 68 61 51 45 45 19 29 29 20 31 27 14 6 19 39 43 32 56 38 20 11 37 13 11 13 13 14 27 44 56 14 12
18 14 13 18 38 30 45 53 18 9 17 26 45 14 6 19 12 19 26 13 9 17 9 13 16 13 14 9 12 9 8 7 5 5 5 2 2 1 0 0 0 3 6 10 16 23 21 49 73 69 70 45 60 59 66 37 23 9 18 24 34 31 29 28 25 54 33 26 47 27 26 20 25 30 31 20 6 28 48 25 51 65 44 20 12 31 23 11 12 24 26 28 54 35 21 15
33 25 23 14 22 19 30 58 56 25 12 12 21 30 16 11 7 20 25 18 13 21 6 11 25 16 13 14 13 19 16 13 13 10 6 4 2 1 0 0 1 2 6 9 27 27 19 31 49 60 46 31 73 55 51 22 11 44 65 52 63 52 59 45 54 77 45 35 16 17 25 21 23 24 20 12 8 14 19 32 46 58 45 29 13 14 15 10 8 30 23 33 30 39 19 27
23 24 25 14 12 7 26 27 51 41 30 17 14 17 22 9 8 7 22 19 17 23 7 7 13 16 12 10 6 11 2 6 13 11 7 3 1 1 0 0 1 1 4 8 19 8 9 41 22 18 18 79 52 54 31 15 26 55 62 74 56 83 69 43 61 34 57 47 44 19 20 29 27 15 11 8 6 11 39 21 12 44 48 45 24 11 19 6 9 11 14 39 27 39 22 51
29 26 27 26 13 7 4 5 9 24 16 11 8 22 14 8 10 2 5 15 11 24 27 6 7 6 22 10 3 7 13 3 1 1 1 5 2 1 0 1 1 1 5 15 4 13 18 24 6 11 51 59 29 41 18 10 25 44 42 58 77 80 51 30 33 49 58 59 64 48 56 37 33 28 16 12 5 5 13 25 27 53 68 41 46 17 10 14 4 12 36 16 23 18 18 61
52 35 18 21 22 18 12 7 5 6 6 5 9 9 7 6 4 8 5 5 14 17 14 8 1 4 17 11 3 3 10 13 1 0 1 1 3 1 0 0 3 6 6 3 1 2 10 3 6 30 65 47 22 16 7 31 35 32 41 77 63 57 15 28 41 44 67 64 54 61 45 36 42 43 38 26 9 6 20 23 23 71 48 57 41 31 12 7 5 19 21 11 31 11 33 68
58 45 41 55 45 42 38 20 34 19 16 9 4 3 3 3 3 13 10 4 3 6 6 6 1 3 7 5 3 1 1 4 1 0 0 0 1 2 0 1 3 4 3 6 5 5 17 2 11 44 36 14 3 13 36 49 53 62 82 70 21 27 31 22 21 24 40 40 62 42 23 34 53 56 51 27 10 3 18 27 55 60 26 34 50 34 17 4 5 19 16 11 33 10 29 39
68 65 62 65 61 56 43 38 35 35 30 28 11 8 5 3 2 1 1 1 2 2 1 2 2 3 4 4 1 1 1 2 2 1 0 0 0 1 1 1 1 3 2 1 1 8 4 3 16 12 7 2 5 16 27 36 64 60 52 13 47 64 58 46 46 26 23 21 57 47 58 68 48 34 29 29 14 5 10 20 53 25 18 35 64 35 24 10 4 6 8 10 18 10 22 21
27 63 67 68 60 63 42 49 24 25 37 25 19 17 17 12 8 3 1 1 1 1 0 1 2 2 1 1 0 0 1 1 2 1 0 0 1 2 2 1 1 1 2 1 0 1 1 3 4 3 1 2 6 9 22 37 41 11 34 49 63 59 60 80 83 73 65 46 49 59 64 53 59 44 23 18 9 5 10 21 29 15 9 48 63 63 39 38 15 3 5 8 8 9 28 24
39 56 66 48 55 74 58 34 52 39 26 33 27 33 31 17 13 4 2 2 1 1 0 0 1 1 0 0 0 0 0 1 2 2 1 0 1 1 1 1 1 1 1 1 0 0 2 3 2 1 4 3 4 8 14 21 10 38 43 46 59 71 80 71 67 75 42 34 67 20 50 77 55 42 45 43 40 19 7 21 24 13 5 11 31 57 17 11 13 13 2 11 5 8 29 24
66 20 67 49 43 66 74 75 41 22 33 31 43 38 30 21 19 12 7 6 5 4 2 1 0 0 1 1 1 1 0 0 0 1 1 1 1 1 1 1 1 1 0 0 0 0 0 0 2 6 5 12 13 8 7 24 38 40 44 45 67 57 76 67 69 44 32 61 46 39 39 22 57 35 59 64 63 40 26 7 38 21 15 3 11 31 42 11 4 5 2 3 5 12 9 8
42 13 52 31 47 57 60 41 68 74 44 51 55 19 18 15 21 18 11 9 6 5 4 1 1 1 3 3 2 1 0 0 0 0 0 1 1 1 1 1 1 1 0 0 0 0 1 3 5 5 9 22 21 25 10 23 28 59 58 57 75 60 55 50 33 32 49 62 49 32 19 20 50 55 61 59 64 62 40 12 8 17 17 11 3 12 25 16 11 2 5 0 5 8 4 4
28 31 31 36 22 46 56 31 35 70 38 60 72 42 28 18 27 39 34 21 16 7 3 2 3 2 4 4 6 2 2 1 2 1 0 0 0 0 0 1 0 0 0 0 1 2 4 5 5 7 15 27 24 18 30 36 44 44 34 47 66 33 18 12 30 34 30 78 65 24 26 16 52 50 16 33 69 58 60 40 10 6 29 15 9 3 11 14 14 5 1 1 7 3 1 1
31 12 17 28 17 25 58 24 16 43 52 66 66 48 51 40 11 19 21 29 14 9 7 6 6 5 6 8 8 7 4 3 2 2 1 1 0 0 0 0 0 0 0 1 3 3 5 9 4 11 21 19 34 33 41 44 14 11 26 45 72 30 14 38 52 46 60 66 49 39 25 10 20 53 43 16 34 44 52 50 37 9 7 16 13 4 2 7 16 10 1 1 4 1 4 8
49 19 18 21 5 13 39 22 29 19 40 29 46 19 28 32 9 5 15 33 17 24 10 5 15 11 6 5 5 4 3 1 2 2 2 1 1 0 0 0 0 0 1 2 4 5 3 3 11 24 17 23 43 55 68 62 43 33 45 48 49 18 19 53 53 47 46 22 46 48 32 9 12 24 58 32 13 19 65 38 30 11 3 8 10 3 3 11 7 7 1 1 1 1 8 22
26 6 22 21 6 4 15 40 6 15 48 38 44 20 17 9 10 2 6 32 28 17 10 9 5 5 2 1 2 2 2 2 1 1 2 2 1 1 0 0 0 1 1 2 2 4 4 9 10 11 10 18 29 67 74 77 75 66 50 43 27 14 34 44 62 57 47 28 25 43 20 9 11 18 53 34 15 15 24 46 30 18 6 3 10 4 5 8 4 2 2 7 3 5 21 30
36 7 29 38 12 6 8 19 6 5 38 26 16 7 4 9 9 7 2 5 6 16 29 29 10 2 6 3 1 1 1 1 1 1 1 3 2 0 0 0 0 1 3 3 1 2 1 3 2 3 4 13 30 27 46 68 53 40 22 67 31 15 35 45 44 51 71 43 36 16 10 10 24 41 67 33 15 18 28 56 29 12 6 2 5 7 5 7 3 1 4 24 12 14 13 26
25 18 14 30 4 7 10 20 14 4 4 3 4 14 5 3 10 9 4 5 6 7 19 13 9 3 4 5 3 1 1 1 1 0 1 1 1 0 0 0 0 0 0 1 1 1 1 2 5 5 4 12 12 22 25 20 14 33 57 37 13 25 40 37 54 71 50 38 38 25 10 14 25 43 48 24 22 15 24 46 33 32 13 3 2 3 4 6 1 2 6 6 18 33 18 23
7 5 9 11 6 2 12 20 7 2 4 2 3 7 9 5 6 8 6 2 2 3 4 3 3 2 3 6 5 1 1 0 0 0 0 1 0 1 0 0 0 0 1 2 2 3 5 5 5 7 13 8 6 4 5 13 31 35 64 29 11 40 33 31 58 77 44 51 45 24 16 15 25 55 39 21 25 14 17 30 29 28 22 11 2 1 5 3 1 10 14 15 16 16 56 26
2 4 2 8 2 1 13 18 6 2 1 2 2 2 5 7 3 2 3 3 1 1 2 3 2 1 1 4 9 1 1 0 0 0 0 0 0 0 1 0 0 0 0 1 2 2 5 2 2 6 9 21 16 33 25 28 30 49 52 9 19 33 27 21 47 60 39 41 35 27 13 13 26 57 25 33 26 10 7 14 16 24 14 5 5 1 1 3 8 22 26 31 40 27 21 51
1 2 1 1 1 3 8 6 3 1 1 1 1 1 1 3 3 3 2 3 1 1 1 1 0 1 1 1 1 2 2 0 0 0 0 0 0 0 0 0 0 0 0 1 1 1 1 2 4 5 13 18 19 30 45 61 60 73 34 9 23 31 22 30 69 62 20 36 38 24 14 8 20 53 25 19 16 14 3 6 14 21 7 4 1 1 2 8 22 22 29 28 37 50 66 42
1 1 0 0 0 0 0 1 1 0 0 0 0 0 0 0 1 1 1 2 1 1 1 0 0 0 1 1 1 1 1 1 1 0 0 0 0 0 0 0 0 0 0 0 0 1 2 2 2 11 10 14 21 29 43 71 55 43 8 24 35 26 46 58 80 44 47 24 22 21 20 11 29 52 32 18 15 16 3 5 12 19 11 11 4 1 2 7 9 8 9 9 10 16 39 43
0 0 0 0 0 0 0 0 0 0 0 0 0 0 0 0 0 0 0 0 1 0 0 0 0 0 1 1 1 0 0 0 0 0 0 0 0 0 0 0 0 0 1 1 2 2 5 12 3 9 7 10 16 17 56 47 22 6 20 33 34 32 54 77 49 28 39 20 18 19 16 8 16 44 59 31 18 9 3 4 10 21 16 8 3 0 2 3 3 8 11 21 24 24 24 40
1 1 1 2 1 0 0 0 0 1 1 1 1 1 2 1 1 1 0 0 0 0 0 0 0 0 0 0 0 0 0 0 0 0 0 0 0 0 0 0 0 1 1 2 2 4 5 4 12 9 8 9 19 22 56 15 7 12 26 35 32 33 54 76 35 24 22 32 14 6 5 7 28 45 21 41 23 9 3 2 13 12 16 7 2 0 2 7 14 24 15 30 43 39 36 17
1 2 2 3 2 0 1 2 1 2 2 3 2 3 3 3 2 2 2 1 0 0 0 0 0 0 0 0 0 0 0 0 0 0 0 0 0 0 0 0 1 1 2 4 5 8 7 6 11 25 30 30 19 33 17 7 3 19 22 30 17 32 54 63 40 16 21 29 19 11 3 7 35 16 11 47 34 13 4 2 6 6 11 6 1 1 5 7 9 17 18 20 15 15 21 42
3 4 3 3 2 1 1 3 3 3 3 4 7 4 6 7 4 3 2 2 1 2 1 0 0 0 0 0 0 0 0 0 0 0 0 0 0 0 0 1 1 2 2 3 6 8 12 23 19 23 14 47 30 17 18 14 5 17 26 41 41 35 61 26 13 31 34 15 26 9 3 6 13 14 9 46 20 13 4 2 5 5 6 3 1 3 13 21 25 20 19 10 20 24 24 34
9 9 5 8 4 2 2 3 3 4 9 10 9 12 10 5 4 3 3 3 2 3 2 1 1 1 0 0 0 0 0 0 0 0 0 0 0 0 0 1 1 2 2 4 8 8 18 23 18 20 14 7 18 18 24 3 10 18 17 30 27 42 42 47 43 23 16 12 32 21 6 4 13 10 18 47 15 10 6 2 2 4 4 1 3 7 14 34 43 41 44 28 33 45 39 63
14 14 14 7 6 5 3 6 9 11 15 14 15 9 12 9 7 6 5 7 5 6 3 2 2 3 1 1 0 0 2 1 0 0 0 0 0 0 0 1 1 1 2 3 5 14 8 3 29 23 13 7 17 21 3 2 8 11 14 31 43 51 56 29 18 17 23 17 13 16 9 5 12 10 15 24 19 17 6 2 1 3 1 1 4 7 9 13 10 12 16 28 42 45 72 71
20 20 22 19 15 4 4 8 14 20 21 18 21 18 16 16 9 19 12 10 3 2 2 3 2 2 1 1 1 2 1 0 0 0 0 0 0 0 0 1 1 2 4 3 2 4 4 8 8 12 10 3 7 1 3 2 4 7 10 25 44 56 36 52 29 15 14 12 10 15 15 4 5 8 12 16 17 7 5 2 1 1 1 2 8 3 5 11 28 34 38 32 22 66 44 55
32 48 30 10 16 7 11 11 30 26 23 26 26 41 39 22 24 17 10 13 5 4 2 6 6 2 2 2 5 1 0 0 0 0 0 0 0 0 0 0 1 2 4 1 2 3 4 9 7 6 3 2 4 1 3 1 5 14 19 35 28 25 40 55 19 9 6 7 12 10 8 4 3 6 6 17 15 9 5 2 1 1 2 6 13 17 17 17 25 23 23 47 50 62 39 20
52 65 31 26 33 13 10 34 35 48 20 34 44 35 53 32 15 9 20 12 8 5 1 8 2 1 3 5 1 0 1 1 1 1 0 0 0 0 0 0 1 2 1 1 1 5 17 12 8 4 3 2 2 2 4 7 13 9 7 11 18 29 35 52 25 12 10 7 5 4 4 4 2 4 9 8 6 9 4 1 1 3 8 6 13 30 35 40 41 44 25 37 33 35 39 15
45 64 33 30 42 19 17 49 44 52 17 35 60 44 58 29 21 20 27 24 14 4 4 2 2 5 10 1 1 1 1 1 1 1 1 1 0 0 0 0 0 0 0 1 3 10 12 5 11 3 2 1 4 4 5 4 4 2 9 13 14 37 41 34 16 46 44 27 13 12 5 4 2 3 4 3 4 5 2 0 1 5 14 24 25 34 46 45 38 39 39 46 16 6 30 18
62 38 40 32 44 20 23 50 72 50 14 47 69 59 60 58 30 40 56 29 15 5 10 4 9 10 1 1 2 2 1 1 2 1 2 1 1 1 1 0 0 0 0 1 9 5 9 2 2 5 1 2 5 5 6 5 4 8 31 41 35 33 66 33 43 27 33 30 11 6 5 4 2 1 2 3 2 3 1 0 1 4 6 16 19 10 21 9 8 11 8 60 42 17 12 6
83 68 44 33 42 24 37 55 83 41 23 38 67 68 70 40 30 73 35 7 8 21 16 10 13 5 3 3 5 5 2 3 2 2 1 1 1 1 1 1 0 0 0 0 2 2 3 1 0 0 0 2 3 7 6 15 19 22 17 30 48 48 30 45 36 34 11 21 34 10 4 2 1 1 1 2 1 2 1 1 2 5 7 10 9 5 7 14 26 45 61 79 50 16 10 4
76 76 46 48 51 29 38 62 76 48 28 48 84 83 50 59 39 39 12 8 14 39 46 24 13 12 5 4 6 3 2 6 3 1 1 2 1 2 2 1 1 0 0 0 0 0 0 0 0 1 3 3 7 11 12 21 17 16 34 57 63 59 38 48 9 60 43 8 7 26 20 11 5 2 0 1 1 0 0 1 2 3 3 6 5 7 24 31 30 24 36 59 27 15 8 3
76 66 46 57 53 49 38 66 75 51 38 51 84 75 57 45 22 13 4 16 34 44 28 10 6 3 2 11 8 4 6 6 2 1 2 2 3 3 3 1 1 0 1 1 1 0 0 0 1 1 2 3 6 8 7 10 15 31 26 74 54 24 22 68 36 16 46 16 5 3 7 8 9 7 2 1 0 0 0 1 2 3 3 3 7 13 23 28 24 38 27 35 31 19 8 3
77 66 41 61 58 54 52 51 61 42 36 51 65 33 34 27 10 14 9 20 46 20 15 13 6 5 3 18 14 7 16 7 2 2 2 3 4 7 4 2 1 0 1 1 1 0 0 0 1 1 1 2 6 6 13 21 11 31 39 62 13 5 22 64 25 22 11 36 10 2 2 3 7 6 5 4 1 0 0 0 2 3 3 3 4 11 39 19 13 47 20 18 22 6 3 2
51 48 44 62 59 43 62 49 74 77 64 52 47 38 50 46 34 39 19 27 41 24 17 14 8 6 6 21 18 9 18 7 5 5 4 6 6 6 2 2 3 2 1 1 0 0 0 0 0 1 1 3 7 6 7 10 7 16 44 20 10 6 35 59 33 7 4 6 15 5 2 2 2 2 6 2 1 0 0 0 1 2 3 3 13 23 42 17 15 42 16 5 8 11 2 1
62 33 65 74 65 70 69 85 79 89 89 83 46 67 66 63 60 29 24 45 39 21 17 8 9 14 8 23 25 23 13 10 8 8 8 12 17 8 4 3 9 5 1 0 0 0 0 0 1 1 3 4 5 6 3 5 12 32 50 12 7 8 15 50 41 19 5 1 9 11 5 2 1 1 7 2 1 0 0 1 1 3 4 6 8 7 7 6 12 11 17 10 9 8 1 0
53 47 56 67 80 83 87 88 76 75 78 80 83 74 46 45 38 30 32 28 17 22 17 19 28 19 21 48 36 49 19 17 13 18 20 32 30 10 8 6 9 3 1 1 0 1 0 0 0 1 1 3 2 2 2 5 12 28 20 16 6 6 7 58 20 14 11 1 5 13 7 1 1 1 2 3 1 0 0 1 1 3 6 9 9 6 6 4 6 5 7 4 3 1 0 1
66 59 41 42 58 68 80 58 52 48 62 64 64 73 48 42 48 60 47 32 29 33 28 39 57 38 30 56 53 42 25 35 23 29 26 36 22 14 16 5 2 2 3 2 1 1 1 0 0 0 2 2 2 3 3 1 7 7 10 30 9 7 11 23 14 2 9 3 4 4 4 3 2 1 0 10 1 0 0 1 2 3 2 12 6 5 5 3 3 1 1 1 1 1 1 4
71 74 50 31 56 52 55 67 48 60 67 51 63 77 82 67 79 70 51 41 53 51 52 49 57 44 37 64 62 33 41 38 39 38 46 47 26 16 5 2 1 3 3 2 4 2 1 0 0 0 0 1 2 3 4 2 5 8 4 7 7 7 8 17 26 2 5 4 2 7 4 2 2 1 1 1 1 0 0 1 1 2 5 12 4 4 3 2 4 1 1 0 1 1 4 5
53 67 79 48 29 33 58 57 76 45 39 38 70 51 60 91 88 49 67 66 65 61 62 54 57 49 49 72 60 49 48 46 49 63 61 28 8 5 8 5 7 6 4 2 4 4 2 1 0 0 0 2 2 1 3 2 7 5 3 4 5 3 3 7 29 2 1 3 2 2 2 1 1 1 1 1 0 0 0 1 1 1 10 5 1 1 1 1 2 0 0 1 1 2 4 5
77 75 76 79 46 18 22 66 64 57 15 19 33 49 76 83 67 87 89 70 62 78 73 43 62 52 69 62 59 53 56 48 62 75 75 33 23 15 22 17 24 21 9 8 11 3 1 0 0 0 0 0 0 1 3 2 7 6 3 3 2 1 0 2 12 4 2 2 1 1 1 2 1 1 0 0 0 0 0 1 1 2 2 2 1 1 0 1 0 1 1 1 3 5 4 5
62 46 52 84 45 38 32 32 33 38 27 6 26 73 83 81 61 56 82 63 75 78 66 50 72 67 80 75 69 75 57 57 58 52 55 33 28 32 31 29 8 7 20 31 4 2 1 0 0 0 0 0 0 0 1 4 5 8 2 2 2 1 0 5 11 3 3 1 1 1 2 2 1 0 1 0 0 0 0 1 1 2 1 1 0 0 0 1 1 2 3 4 4 5 3 4
33 51 49 80 81 29 36 21 23 22 24 13 30 41 49 56 71 82 65 29 61 31 71 81 91 86 81 59 74 56 67 52 46 27 63 57 58 41 18 15 4 1 22 13 8 3 2 1 0 1 1 0 0 0 0 0 1 2 1 1 1 1 1 2 5 5 3 1 1 0 0 0 1 0 0 0 0 0 0 0 1 1 1 1 0 1 1 1 3 3 3 8 7 6 5 4
21 28 42 46 75 73 41 19 17 17 15 14 24 46 59 68 33 72 72 34 65 59 34 50 71 51 70 44 65 29 17 41 28 26 40 79 60 37 18 51 18 16 19 15 14 5 2 1 2 2 1 0 0 0 0 0 0 0 0 1 1 0 1 3 3 5 2 1 1 1 1 1 0 0 0 0 0 0 0 0 0 0 1 0 0 1 1 2 2 3 4 4 18 8 5 3
10 17 27 8 41 83 41 23 10 8 12 14 12 20 27 44 49 69 46 51 65 46 16 46 65 47 47 39 42 62 46 48 42 21 27 65 74 81 76 67 48 31 29 33 20 7 4 3 6 1 1 1 1 1 0 0 0 0 0 0 0 0 1 2 2 3 2 1 1 1 0 0 0 0 0 0 0 0 0 0 0 0 0 0 0 0 0 1 3 1 2 5 7 7 4 9
19 11 21 43 37 54 79 36 31 9 5 7 7 10 30 25 46 69 12 22 71 65 27 15 71 76 50 32 45 55 23 20 25 17 13 35 56 56 51 23 34 32 16 22 23 17 19 16 5 1 2 3 2 2 2 3 2 0 0 0 0 0 0 0 1 4 2 1 0 1 0 0 0 0 0 0 0 0 0 0 0 0 0 0 1 0 0 1 2 2 3 3 5 7 12 14
27 10 7 29 45 55 81 61 26 19 10 7 6 9 9 6 25 19 15 53 86 37 19 10 15 57 27 33 25 44 41 23 26 22 18 54 37 17 14 10 13 5 4 38 19 34 40 29 9 6 8 5 4 2 2 0 1 0 0 0 0 0 0 0 0 1 1 1 1 1 0 0 0 0 0 0 0 0 0 0 0 0 0 0 1 1 2 2 3 3 3 6 7 9 7 17
45 29 19 12 12 17 31 58 30 30 12 6 5 6 12 4 15 9 29 28 77 35 19 16 8 15 16 23 8 35 40 15 14 14 19 35 28 8 5 9 8 5 6 11 22 16 14 6 6 6 4 4 3 3 3 1 0 1 0 0 0 0 0 0 0 0 1 1 1 0 0 0 0 0 0 0 0 0 0 0 0 0 0 1 0 0 1 6 2 4 7 8 11 10 17 24
21 19 33 11 9 29 33 57 60 35 20 6 4 3 4 6 8 10 12 28 65 77 45 20 5 5 11 3 7 27 36 16 10 11 9 8 9 7 4 6 5 5 5 5 24 13 14 5 3 2 2 1 1 1 1 1 0 1 0 0 0 0 0 0 0 0 0 0 0 0 0 0 0 0 0 0 0 0 0 0 0 0 0 0 0 1 3 5 6 7 9 9 10 16 16 29
36 26 9 6 7 14 22 34 55 27 14 8 3 2 2 5 2 4 14 58 47 61 46 32 13 4 14 12 3 4 18 10 11 8 3 3 4 11 3 3 4 2 2 3 10 13 18 7 4 2 1 1 0 0 1 1 0 1 0 0 0 0 0 0 0 0 0 0 0 0 0 0 0 0 0 0 0 0 0 0 0 0 0 0 1 1 2 5 3 3 2 3 7 14 17 11
49 40 12 5 2 12 11 20 38 38 10 7 4 3 3 4 2 10 30 50 20 28 42 13 9 7 4 7 10 1 7 11 5 5 2 4 4 2 2 2 5 3 1 1 3 9 17 9 7 3 2 1 1 0 0 0 0 0 1 0 0 0 0 0 0 0 0 0 0 0 0 0 0 0 0 0 0 0 0 0 0 0 0 0 1 1 2 2 3 2 2 5 6 7 8 10
50 37 18 12 3 3 8 14 49 10 10 4 2 2 2 2 2 6 29 16 2 13 65 13 7 8 3 3 3 7 5 4 2 2 3 2 1 1 1 2 4 2 1 1 1 4 14 7 8 3 2 1 0 0 0 0 0 0 0 0 0 0 0 0 0 0 0 0 0 0 0 0 0 0 0 0 0 0 0 0 0 0 1 1 1 1 3 3 2 2 4 3 4 7 9 6
44 34 17 7 6 4 7 8 37 11 3 7 4 2 1 1 1 9 10 6 18 28 51 28 9 4 5 8 2 9 6 4 3 2 3 1 2 1 0 1 1 1 1 3 6 9 12 8 15 10 5 2 1 0 0 0 0 0 0 0 0 0 0 0 0 0 0 0 0 0 0 0 0 0 0 0 0 0 0 0 0 0 0 0 1 1 1 3 3 4 5 4 6 4 8 12
36 21 13 7 6 4 2 4 10 28 8 2 4 1 1 1 1 5 4 7 6 17 43 25 9 11 3 4 4 10 3 2 2 2 1 1 1 1 1 1 0 0 1 8 4 4 9 5 10 11 9 3 1 1 0 0 0 0 0 0 0 0 0 0 0 0 0 0 0 0 0 0 0 0 0 0 0 0 0 0 0 0 0 0 0 0 1 2 2 2 3 9 7 9 19 14
30 25 10 6 5 4 3 4 5 12 12 2 1 1 1 1 1 2 3 4 6 15 52 22 12 5 7 3 3 6 3 1 1 1 1 1 1 1 1 0 0 1 3 7 1 4 5 3 7 7 5 4 2 1 1 0 0 0 0 0 0 0 0 0 0 0 0 0 0 0 0 0 0 0 0 0 0 0 0 0 0 0 0 0 0 0 1 1 1 3 2 5 4 2 6 9
71 43 21 4 3 3 2 3 3 7 12 4 2 2 1 1 1 1 1 1 6 8 32 19 6 3 4 3 2 1 4 1 1 1 1 1 1 1 0 0 1 2 3 1 1 2 2 2 4 6 7 5 7 3 2 1 1 0 0 0 0 0 0 0 0 0 0 0 0 0 0 0 0 0 0 0 0 0 0 0 0 0 0 0 0 0 0 0 1 1 3 7 4 4 6 2
25 63 41 15 5 2 1 2 3 4 20 6 3 1 1 1 1 0 1 1 3 6 19 24 6 3 2 2 2 2 2 3 1 0 0 1 1 0 0 0 1 5 2 1 1 2 1 1 3 5 2 2 3 3 3 1 1 0 0 0 0 0 0 0 0 0 0 0 0 0 0 0 0 0 0 0 0 0 0 0 0 0 0 0 0 0 0 0 1 2 3 3 3 3 4 7
7 62 12 41 17 7 1 1 1 4 9 3 2 1 1 0 0 0 1 1 3 9 8 17 9 4 3 1 1 1 1 2 1 1 0 1 0 0 0 0 2 2 2 0 1 2 0 1 3 6 2 1 2 2 6 2 1 0 0 0 0 0 0 0 0 0 0 0 0 0 0 0 0 0 0 0 0 0 0 0 0 0 0 0 0 0 0 0 1 1 2 1 2 4 5 5
15 15 8 29 12 14 4 1 1 1 4 4 1 1 0 0 0 0 1 2 1 1 14 17 17 8 4 3 1 1 1 1 1 1 0 0 0 0 0 0 1 1 0 0 0 2 1 1 5 4 2 1 0 0 3 1 1 0 0 0 0 0 0 0 0 0 0 0 0 0 0 0 0 0 0 0 0 0 0 0 0 0 0 1 0 0 0 0 1 1 1 2 4 5 6 8
17 11 9 7 7 3 12 2 0 0 1 2 1 0 0 0 0 0 1 1 2 9 18 18 22 9 4 2 1 1 1 1 1 0 0 0 0 0 0 1 1 0 0 0 1 2 1 1 6 5 4 1 0 0 0 0 1 1 0 0 0 0 0 0 0 0 0 0 0 0 0 0 0 0 0 0 0 0 0 0 0 1 1 1 1 1 0 0 1 1 1 1 2 1 3 4
12 8 9 6 6 2 3 5 0 0 1 1 2 0 0 0 0 0 1 2 6 7 15 11 11 13 3 2 1 1 1 1 0 0 0 0 0 0 0 1 0 0 0 0 0 0 1 1 3 5 2 1 1 0 0 0 0 0 0 0 0 0 0 0 0 0 0 0 0 0 0 0 0 0 0 0 0 0 0 1 1 1 1 1 1 1 1 2 2 0 1 0 1 3 4 6
7 9 11 5 2 1 1 1 1 0 1 1 1 0 0 0 0 0 1 5 3 1 8 6 5 8 4 1 1 1 1 0 0 0 0 0 0 0 0 1 0 0 0 0 0 1 0 1 4 1 2 1 0 0 0 0 0 0 0 0 0 0 0 0 0 0 0 0 0 0 0 0 0 0 0 0 0 0 1 1 1 2 3 3 3 2 2 3 1 1 1 1 1 1 4 5
3 2 3 3 1 1 1 1 1 0 0 0 0 0 0 0 0 1 1 1 2 1 4 9 2 3 2 2 1 0 0 0 0 0 0 0 0 0 1 0 0 0 0 0 0 0 1 5 7 0 0 1 0 0 0 0 0 0 0 0 0 0 0 0 0 0 0 0 0 0 0 0 0 0 0 0 0 0 0 0 1 1 1 2 4 3 5 5 3 3 2 2 3 3 3 3
1 1 1 1 1 1 1 0 1 0 0 0 0 0 0 0 0 0 1 1 1 1 1 2 1 1 1 1 0 0 0 0 0 0 0 0 0 0 0 0 0 0 0 0 0 0 1 1 3 1 0 1 1 0 0 0 0 0 0 0 0 0 0 0 0 0 0 0 0 0 0 0 0 0 0 0 0 0 0 0 0 1 1 1 4 4 8 10 5 8 7 7 6 5 4 12
1 1 1 1 1 0 0 0 0 0 0 0 0 0 0 0 0 0 0 0 1 0 0 1 1 1 1 0 1 0 0 0 0 0 0 0 0 0 0 0 0 0 0 0 0 1 0 0 0 1 0 0 0 0 0 0 0 0 0 0 0 0 0 0 0 0 0 0 0 0 0 0 0 0 0 0 0 0 0 0 0 0 0 1 2 3 3 3 16 16 5 16 12 12 6 11
