sesion_6_simulaciones/modelos_agentes/ejemplos_netlogo/scenarios/echam4_b2/rob_2096.asc
NCOLS 322 
NROWS 307 
XLLCORNER 451900 
YLLCORNER 4086900 
CELLSIZE 100 
NODATA_value -9999 
[rows 222 to 295 of 307, columns 96 to 191 of 322]
16 8 6 4 2 2 1 0 1 0 0 0 0 0 0 0 0 0 1 1 0 1 1 2 1 4 11 21 9 5 5 11 13 19 4 2 1 0 1 1 2 3 5 11 12 18 24 40 44 43 41 38 38 40 34 32 30 34 46 40 43 49 15 22 5 9 9 10 14 13 8 9 6 7 12 10 10 2 2 1 5 5 6 7 9 5 18 34 47 26 24 31 23 18 30 22
12 5 2 2 1 1 0 0 0 0 0 0 0 0 0 0 0 1 0 2 1 1 1 2 3 3 4 8 33 12 9 17 30 9 3 2 1 0 1 2 2 3 7 9 12 17 21 31 37 37 39 26 29 33 37 56 62 28 13 15 18 18 9 10 22 3 3 5 13 12 8 16 5 7 12 8 7 2 3 5 7 32 12 10 10 12 9 11 40 67 48 46 50 32 32 32
5 2 1 1 1 0 1 0 0 0 0 0 0 0 0 0 0 1 1 1 2 2 2 3 8 5 3 7 25 18 16 24 11 6 2 1 0 0 1 1 2 3 6 8 10 13 17 21 32 36 33 34 47 24 40 64 24 16 15 12 4 13 10 8 4 8 1 6 9 8 13 14 3 6 5 6 4 3 4 7 5 5 20 24 12 16 20 11 11 45 80 63 61 44 51 46
6 2 1 0 0 0 0 0 0 0 0 0 0 0 0 0 0 1 3 3 8 3 3 4 11 15 5 14 21 44 31 12 5 3 3 1 0 0 0 1 2 4 6 8 10 14 16 18 28 29 31 31 46 37 20 14 14 13 11 7 21 37 13 11 12 33 17 5 6 6 13 11 7 5 8 8 5 4 4 10 10 6 2 9 35 40 20 21 19 20 65 65 58 57 42 36
7 3 1 0 0 0 0 0 0 0 0 0 0 0 0 0 0 1 2 8 15 7 8 5 10 21 26 12 27 37 13 8 2 2 1 0 0 0 0 1 2 3 4 4 6 15 20 26 26 26 37 46 38 29 25 21 27 18 11 16 7 10 24 16 16 52 13 14 3 7 6 7 7 4 8 9 5 2 4 19 7 9 17 13 16 10 13 27 29 42 24 37 54 42 27 34
4 2 0 0 0 0 0 0 0 0 0 0 0 0 0 1 0 1 1 2 4 15 8 11 9 14 34 40 30 25 8 5 6 5 4 1 0 0 1 1 2 3 7 9 12 17 19 21 25 26 30 25 18 24 21 24 37 28 25 11 11 17 14 19 36 15 10 15 24 6 3 5 9 2 2 3 3 3 11 4 38 28 53 28 50 23 41 36 27 23 24 44 38 31 22 15
5 3 1 1 0 0 0 0 0 0 0 0 0 0 0 1 1 2 2 4 5 5 18 35 10 17 28 41 32 11 16 12 7 5 4 1 0 1 1 1 1 4 5 6 7 13 15 18 30 27 36 30 32 31 23 32 36 62 26 19 11 24 36 54 27 19 16 13 5 5 8 2 3 2 2 3 4 3 24 15 6 6 17 46 32 35 30 36 25 33 33 26 22 30 29 36
4 2 1 1 1 0 0 0 0 0 0 0 0 0 0 1 2 5 8 5 6 5 6 26 14 18 21 61 40 23 33 27 9 7 5 1 0 1 2 3 2 4 6 9 8 9 9 13 24 27 26 25 27 19 38 40 21 18 12 23 12 10 14 22 12 4 7 8 3 4 1 4 3 2 3 1 1 7 4 9 8 9 14 30 16 18 30 45 26 36 23 16 22 18 21 24
2 2 1 1 0 1 0 0 0 0 0 0 0 0 0 1 2 4 8 13 21 21 6 10 37 12 13 40 57 63 36 26 15 8 2 1 1 1 3 3 8 6 4 9 11 12 14 13 15 15 15 15 20 22 31 16 16 14 14 13 15 12 13 16 15 19 17 17 7 4 5 7 2 1 2 3 1 6 4 9 15 16 18 41 25 12 23 18 19 30 19 13 12 20 22 18
4 2 2 1 1 0 0 0 0 0 0 0 0 0 0 0 2 3 8 15 20 24 19 18 21 26 16 22 59 56 38 24 14 8 4 1 1 2 3 7 10 12 16 11 12 15 13 16 19 18 20 21 19 18 10 11 8 8 6 6 5 5 5 17 23 21 8 14 10 6 4 2 2 1 1 2 3 3 7 23 17 21 26 36 27 27 16 19 20 24 26 20 14 14 21 13
3 2 1 1 1 2 1 0 0 0 0 0 0 0 0 1 2 5 10 20 20 19 9 20 46 29 18 20 45 52 45 37 10 8 3 2 1 3 4 5 11 13 17 30 18 18 12 22 32 36 42 31 16 12 9 12 9 9 14 14 9 12 9 8 6 7 8 6 6 7 8 7 7 1 1 1 4 4 10 14 12 20 26 24 25 48 39 26 25 20 16 13 20 14 15 9
5 4 1 2 2 1 0 0 0 0 0 1 1 1 1 0 2 4 8 15 19 33 8 20 19 35 33 38 55 57 48 36 17 5 5 2 2 5 8 6 7 14 18 17 27 39 26 12 26 39 44 50 31 16 17 19 29 25 26 33 23 18 14 9 12 22 9 7 5 6 11 15 11 5 2 7 13 4 20 11 45 43 24 38 28 27 37 39 58 31 18 14 16 10 5 6
12 4 3 4 1 1 0 0 0 0 1 1 1 1 1 0 1 5 10 12 20 25 15 10 21 22 57 44 36 35 30 24 9 4 2 2 2 5 9 8 12 17 20 21 22 28 28 46 25 30 35 32 28 35 25 32 29 30 44 30 16 16 20 12 8 6 9 12 4 4 1 1 1 1 4 1 3 24 10 11 4 14 49 38 26 32 51 31 49 26 36 23 11 14 11 12
17 9 8 3 1 1 0 0 0 1 1 2 3 2 1 1 2 4 5 16 26 26 31 12 15 26 30 55 34 23 19 11 4 1 1 3 5 6 10 14 15 18 21 21 27 31 33 35 44 31 35 31 35 50 26 25 30 28 26 28 23 31 24 20 12 6 9 10 12 5 3 2 2 1 11 2 1 3 7 7 5 2 43 54 38 43 54 64 47 43 44 38 30 39 16 6
13 15 7 1 1 1 0 0 0 1 3 3 6 5 3 1 2 3 4 12 14 25 48 24 12 29 28 57 40 29 11 5 4 3 2 6 7 7 12 14 16 19 22 27 34 37 51 38 43 55 41 49 40 35 36 24 25 25 43 30 29 23 16 24 24 8 5 6 5 3 7 2 1 2 2 4 3 10 14 10 12 9 7 37 41 59 74 61 40 33 22 27 27 13 9 13
38 19 6 3 1 1 0 1 1 1 2 6 10 12 5 2 5 7 5 7 23 31 26 38 10 19 27 43 38 33 27 20 11 4 3 6 7 6 18 15 16 21 21 34 43 44 60 50 37 26 54 71 72 36 35 13 21 20 37 24 40 24 15 10 10 7 3 5 3 8 2 2 1 1 1 1 2 5 7 9 9 10 13 15 37 29 18 49 43 31 30 16 11 14 14 11
19 9 4 3 1 0 0 1 4 2 2 5 14 15 12 8 4 8 9 11 19 25 31 43 25 25 35 52 48 42 39 20 13 4 3 7 14 10 13 19 20 22 29 48 46 53 57 54 52 39 38 52 53 46 34 12 18 21 12 27 36 24 5 22 4 7 5 3 2 4 1 0 1 2 2 3 4 10 20 21 29 14 18 18 20 14 30 32 28 36 19 13 13 11 9 8
9 4 2 0 0 1 1 1 4 6 4 4 12 22 24 10 5 11 20 28 26 14 39 59 41 33 45 51 43 55 40 20 14 6 3 10 13 11 10 16 26 25 32 40 46 56 55 54 52 51 40 48 58 53 35 10 16 21 26 18 21 17 3 9 8 5 7 2 3 2 1 1 2 1 1 1 2 6 15 6 21 30 34 19 26 21 21 31 25 14 14 18 20 17 18 7
4 2 1 0 0 1 2 3 5 10 10 7 13 26 30 18 7 14 16 47 37 14 32 52 48 21 15 74 67 44 35 24 14 5 2 11 18 18 13 25 28 39 32 42 52 43 58 57 55 61 38 50 51 33 32 8 13 18 19 25 15 11 9 6 6 5 4 3 2 1 1 1 1 2 2 2 2 8 14 10 14 18 44 48 29 43 43 29 16 14 11 9 14 13 12 7
3 2 1 1 0 1 4 3 6 13 23 15 11 22 37 33 14 8 20 35 41 26 32 48 60 24 26 72 51 54 51 30 18 3 3 16 17 11 29 19 35 44 36 45 44 42 66 58 54 53 49 38 30 35 56 18 8 20 26 14 7 5 3 9 6 4 3 4 1 1 1 1 1 2 3 3 5 20 22 21 20 21 29 33 38 53 41 39 31 23 15 16 16 7 10 3
2 3 2 1 1 2 3 7 7 12 21 19 14 24 41 40 16 10 38 31 31 41 35 51 66 67 54 69 64 61 44 26 10 4 5 14 18 19 22 35 24 41 52 40 31 38 55 59 56 47 47 47 39 34 62 27 23 5 12 28 12 9 4 3 2 4 3 3 1 1 0 2 2 1 2 2 6 25 26 25 41 16 18 20 29 33 49 48 25 21 20 16 16 11 12 6
6 4 3 1 1 3 5 10 9 13 24 36 27 32 33 50 21 12 29 32 34 42 41 52 66 77 55 74 48 43 46 26 7 5 6 7 12 38 22 25 38 31 45 39 40 55 53 43 53 51 45 41 47 63 54 43 13 5 15 18 17 6 3 3 2 1 1 1 1 0 2 2 1 4 1 3 3 12 18 25 24 24 49 32 22 23 18 22 25 24 18 15 14 12 9 4
12 5 2 3 2 3 7 14 20 25 29 28 44 23 42 53 24 28 17 47 50 44 36 52 62 58 47 38 28 34 25 20 5 3 5 7 18 33 35 23 27 45 20 58 41 44 54 37 37 56 48 25 47 51 39 40 24 7 5 4 5 8 4 2 1 0 0 0 0 1 4 1 2 4 39 22 14 15 18 26 40 47 36 49 41 47 35 34 31 22 18 9 7 7 3 1
7 2 1 4 5 4 10 17 15 30 33 33 50 24 42 52 28 41 20 35 58 51 63 42 68 57 36 34 25 26 25 10 4 4 11 9 12 19 32 35 44 29 27 31 61 37 33 39 50 58 47 31 25 22 25 34 35 7 4 5 7 3 2 1 1 1 0 0 1 2 1 2 9 16 24 42 19 35 25 43 56 47 34 18 32 28 38 36 23 24 19 8 6 4 2 1
3 1 2 7 8 10 13 19 24 20 35 41 58 39 45 55 28 37 46 26 32 47 35 75 53 59 32 31 32 17 7 6 8 8 14 16 16 9 14 10 17 29 39 61 40 40 48 45 38 39 49 46 17 16 11 9 18 9 5 2 3 1 1 0 0 0 0 1 1 1 1 1 3 11 5 24 61 57 50 55 70 43 28 31 34 19 20 21 28 25 6 6 6 5 5 2
3 1 4 14 21 12 17 22 27 31 35 43 48 58 35 58 27 28 48 38 35 53 29 57 67 38 25 24 9 8 12 16 14 9 18 17 16 16 12 27 22 26 36 48 66 42 26 34 29 41 34 31 31 22 10 5 5 7 4 2 2 1 1 1 1 0 0 1 1 1 2 3 5 5 6 8 24 34 49 38 26 25 26 29 25 24 26 20 14 9 7 4 2 3 7 3
5 2 7 20 24 16 17 23 19 30 40 45 47 53 50 70 31 27 44 45 39 52 76 54 35 41 41 29 18 14 22 21 19 10 7 18 14 19 26 25 27 32 35 42 42 55 31 24 32 30 33 21 24 25 10 4 2 4 3 2 1 1 1 1 0 0 0 1 1 1 2 3 19 14 14 12 10 6 24 37 36 17 18 18 29 25 14 6 5 3 2 4 5 7 8 7
7 2 7 22 24 25 16 31 22 35 58 45 43 43 72 64 32 31 30 41 40 55 72 26 42 44 30 26 31 31 40 43 24 19 10 19 15 23 36 18 29 43 52 48 36 44 31 43 28 37 27 42 16 7 6 3 5 1 1 4 1 1 1 1 0 0 0 2 1 1 3 11 34 21 16 15 13 14 14 22 32 24 16 21 28 27 13 10 8 4 3 4 8 8 9 9
7 4 8 25 26 27 18 37 36 38 59 45 61 52 52 57 60 38 44 30 46 40 75 62 40 30 33 37 31 43 49 51 27 15 12 6 22 33 19 34 40 41 58 62 60 38 48 12 6 11 28 9 12 7 8 3 1 1 0 1 1 0 1 0 0 0 2 0 1 1 1 2 2 7 14 12 14 17 15 16 21 13 20 22 31 37 25 34 15 9 3 8 10 9 15 11
7 5 9 28 32 40 19 39 45 42 37 46 35 60 59 31 26 62 38 35 29 49 59 38 34 31 34 38 48 72 48 30 17 17 20 8 14 16 47 39 42 47 50 64 37 52 36 25 16 24 21 3 14 12 7 2 2 1 1 0 1 0 0 0 0 0 0 2 2 1 2 9 10 17 19 17 14 20 24 33 29 26 27 27 28 40 46 18 15 5 5 10 11 12 17 5
5 15 16 27 35 45 23 23 33 47 50 52 29 26 43 63 25 17 61 54 24 42 58 39 47 23 51 73 62 40 31 30 28 19 13 5 12 9 24 34 37 63 59 39 22 32 28 35 33 31 14 9 14 13 11 6 3 1 0 0 1 0 0 0 0 0 1 1 0 1 2 4 8 11 20 25 17 19 15 25 14 11 16 41 42 44 28 18 5 7 12 12 13 21 22 6
9 22 28 31 37 32 38 33 30 22 33 54 22 18 38 50 49 37 9 26 28 44 36 31 27 54 42 31 41 29 33 41 33 14 16 9 17 22 29 27 19 40 38 23 27 28 28 19 32 24 21 14 23 13 5 3 1 1 0 0 0 0 0 0 0 0 0 1 1 2 1 5 12 13 16 26 16 18 12 23 34 27 45 36 38 28 34 18 9 12 13 14 24 24 20 11
13 24 31 28 36 49 43 53 42 32 21 33 59 21 43 33 35 50 29 12 23 50 12 30 63 28 30 39 45 48 40 25 13 16 20 15 17 26 32 25 29 42 29 17 29 32 14 9 21 19 7 4 7 4 3 1 1 0 1 0 0 0 0 0 1 1 0 1 2 1 4 7 15 24 31 38 28 18 24 27 38 33 45 32 36 37 20 14 9 14 15 15 27 39 12 9
18 26 32 17 23 60 63 47 39 35 49 29 35 55 27 29 34 13 48 19 19 24 58 39 31 40 46 52 53 51 36 20 14 15 30 13 15 26 38 42 38 42 42 33 28 16 18 19 10 8 7 4 3 3 2 1 1 1 0 0 0 0 0 1 1 0 1 1 2 2 6 6 9 24 36 27 22 31 26 30 38 38 30 38 35 24 9 10 16 14 25 26 32 33 17 10
25 38 33 23 28 47 45 58 59 33 42 45 38 40 50 25 36 16 12 33 12 13 52 46 44 42 38 49 52 33 35 32 25 10 19 7 12 16 29 46 46 43 24 35 23 27 18 15 15 14 9 5 4 4 3 2 0 0 0 0 0 0 0 0 0 1 1 2 1 2 5 6 12 12 22 48 22 24 13 14 17 21 36 34 30 23 16 11 17 18 26 19 53 24 19 15
22 29 39 28 33 32 45 42 43 50 56 45 37 37 56 49 17 12 16 14 31 34 49 36 44 54 49 52 50 44 36 34 27 13 27 8 9 20 30 42 44 52 42 39 30 27 23 29 12 11 9 5 2 3 1 2 1 0 0 0 0 0 0 0 0 0 0 0 0 3 2 5 12 15 20 23 14 7 6 19 33 33 14 30 42 36 14 21 18 27 22 21 53 24 19 16
25 40 44 41 42 31 32 46 47 44 58 52 49 36 46 46 26 24 17 18 14 34 42 39 26 40 41 47 35 46 44 35 28 24 34 5 22 28 33 28 19 44 48 41 29 31 29 17 13 18 16 10 2 3 2 1 0 0 0 0 0 0 0 0 0 0 0 1 1 1 2 4 7 7 21 8 10 12 8 34 34 16 26 29 33 46 24 33 30 20 20 13 38 24 21 17
27 35 61 41 44 40 34 46 49 43 38 50 41 38 56 28 32 34 21 14 14 27 25 24 25 35 41 45 42 31 32 34 44 38 14 4 21 39 43 42 32 44 49 31 26 28 18 11 16 28 17 10 7 2 2 1 1 0 0 0 0 0 0 0 0 1 1 2 1 2 4 8 9 6 7 9 16 29 15 29 30 30 25 26 25 30 39 38 20 23 20 7 26 37 7 10
30 22 50 56 41 39 33 48 48 41 33 33 43 48 47 37 25 41 19 10 13 49 25 42 27 32 45 51 41 32 41 46 40 27 18 12 14 30 53 59 47 45 30 41 24 23 17 11 14 9 6 4 4 3 1 0 0 0 0 0 0 0 0 0 0 1 1 2 3 2 5 5 3 4 6 22 20 29 37 9 23 25 33 39 30 27 51 42 24 27 15 17 32 28 11 16
29 25 35 58 54 37 44 48 41 39 37 28 37 48 44 28 23 15 17 9 13 32 26 44 32 30 34 33 37 31 54 40 31 24 26 18 21 32 40 46 62 59 45 26 32 13 11 17 10 6 4 4 3 2 3 1 0 0 0 0 0 0 0 0 0 0 1 3 2 1 2 4 5 10 9 25 27 31 20 27 23 14 33 32 26 39 41 28 40 22 13 15 46 21 14 21
34 55 41 43 50 37 32 45 40 34 39 26 11 18 48 45 33 16 13 23 11 38 44 19 29 42 26 28 27 37 37 41 40 17 21 15 20 41 36 37 32 42 34 40 24 25 9 17 18 5 8 7 4 2 2 1 0 0 0 0 0 0 0 0 0 0 2 0 1 0 2 6 14 8 11 24 14 19 29 26 8 12 29 35 49 42 32 22 35 27 15 20 36 33 24 20
32 35 52 51 48 34 31 41 34 29 28 31 22 24 29 38 26 7 10 24 8 34 26 27 30 27 13 28 24 33 45 41 48 28 19 16 21 41 34 40 52 32 18 36 14 18 19 9 13 8 11 7 3 2 1 0 0 0 0 0 0 0 1 0 0 1 1 0 3 2 6 6 7 16 10 7 16 32 17 7 7 23 41 34 38 45 28 25 20 19 29 20 19 45 25 21
40 47 44 47 43 33 38 34 32 27 14 24 22 33 29 27 23 21 26 25 19 24 20 22 23 35 28 28 40 22 40 50 42 34 35 13 18 37 53 38 39 31 27 26 20 12 17 4 8 6 8 4 2 1 1 1 0 0 0 0 0 0 0 0 0 0 0 1 2 2 2 6 16 19 11 10 26 22 22 16 16 21 9 15 33 47 26 26 18 29 28 19 14 58 26 31
40 43 36 35 11 23 46 25 32 31 21 18 27 32 22 27 13 25 20 25 18 13 24 15 16 29 44 43 19 30 30 40 48 28 27 13 16 39 34 38 32 21 33 27 20 10 5 14 7 14 4 3 1 2 1 1 0 0 0 0 0 0 0 0 0 0 1 1 2 2 1 6 22 18 8 21 19 12 14 51 38 13 17 33 23 22 28 13 18 26 27 19 28 60 45 38
36 27 14 7 6 11 44 24 13 16 20 12 13 27 42 34 10 8 17 9 14 12 22 30 9 24 46 26 20 27 20 46 50 45 23 5 12 31 29 38 25 22 26 31 28 19 5 4 1 1 4 4 1 1 1 1 1 0 0 0 0 0 0 0 0 0 0 0 2 2 2 5 19 6 9 20 21 3 21 22 14 26 43 35 25 21 23 8 25 26 28 19 38 78 47 28
35 36 24 21 19 13 21 36 9 11 8 20 13 19 35 21 23 7 10 12 12 17 26 34 22 10 26 33 28 16 40 35 40 34 22 10 10 19 34 42 14 23 38 30 24 10 8 6 4 4 2 2 3 1 0 0 0 0 0 0 0 0 0 0 0 0 0 0 0 1 3 3 6 13 7 7 8 7 16 14 16 32 35 26 20 9 8 7 16 24 24 20 41 58 46 14
45 30 33 29 16 18 15 15 19 16 12 31 16 16 14 12 20 19 11 17 14 12 22 22 9 12 21 18 21 24 39 38 23 22 33 16 12 11 23 29 6 11 13 11 10 7 6 4 14 8 3 2 1 0 0 0 0 0 0 0 0 0 0 0 0 0 0 0 1 1 1 2 2 4 4 5 4 22 16 29 16 17 13 16 18 11 9 16 18 25 25 32 36 58 18 12
25 26 29 23 25 14 10 21 35 33 9 8 24 19 7 6 4 7 16 10 4 4 8 17 19 4 17 21 13 36 28 29 30 20 31 15 21 8 21 36 27 9 11 12 5 6 2 1 2 3 1 4 1 1 0 0 0 0 0 0 0 0 0 0 0 0 0 1 1 1 1 2 2 3 2 5 12 23 32 14 14 16 20 28 18 11 9 17 26 26 23 21 45 57 40 11
25 41 28 25 25 22 14 22 32 21 18 10 6 13 18 5 10 5 2 7 3 6 13 21 16 10 18 11 11 34 29 33 25 10 24 13 16 12 6 25 20 29 19 9 6 8 6 2 3 4 4 3 1 1 0 0 0 0 0 0 0 0 0 0 0 0 0 1 1 1 1 1 1 1 6 9 9 17 20 13 11 15 20 17 14 13 9 21 27 16 25 21 13 32 44 14
27 26 23 17 23 34 14 20 20 23 17 13 19 10 5 15 9 4 3 6 10 2 3 7 7 19 18 29 12 15 30 23 18 32 17 10 13 20 8 25 29 33 29 7 7 12 6 2 4 4 1 2 1 1 0 0 0 0 0 0 0 0 0 0 0 0 0 0 0 0 1 1 3 6 4 6 6 7 9 11 7 10 14 19 19 9 8 13 29 14 27 16 16 17 31 12
22 21 35 21 27 30 9 14 22 25 20 15 16 15 22 8 14 15 3 8 9 2 4 6 9 23 24 39 15 18 22 24 33 17 12 8 8 27 11 12 21 33 13 12 12 12 1 1 9 14 2 1 1 0 0 0 0 0 0 0 0 0 0 0 0 0 0 0 0 1 1 2 2 3 2 1 3 8 7 7 11 23 12 13 16 8 14 15 25 12 16 4 2 6 25 38
21 25 33 29 23 19 8 14 21 26 20 13 10 7 15 18 6 2 6 5 3 2 3 4 11 10 26 17 19 37 35 29 19 20 8 3 3 29 11 10 11 18 13 9 10 8 0 2 3 3 5 2 1 0 0 0 0 0 0 0 0 0 0 0 0 0 0 0 1 2 3 4 2 2 2 2 13 12 9 9 16 14 15 23 6 7 15 21 17 12 4 4 8 11 11 22
23 12 13 29 20 26 16 5 20 18 21 12 14 7 10 5 10 2 2 2 1 2 4 5 4 12 9 20 29 42 28 31 26 26 20 2 14 25 8 9 15 6 10 11 9 5 1 2 2 2 2 1 1 1 0 0 0 0 0 0 0 0 0 0 0 0 0 1 0 1 1 1 1 1 3 6 10 9 6 21 18 16 19 7 6 15 32 14 5 3 5 14 9 29 16 17
20 5 15 24 29 22 20 11 6 12 17 7 10 9 11 9 4 3 3 3 1 2 10 5 6 7 4 9 15 20 27 31 21 13 15 7 15 10 14 8 15 11 10 13 14 7 3 2 1 2 1 1 0 0 0 0 0 0 0 0 0 0 0 0 0 0 0 0 0 0 1 1 1 4 4 6 9 12 11 20 16 10 7 4 15 25 7 3 3 7 8 20 19 19 20 14
17 7 8 5 18 21 26 11 2 6 12 7 9 5 19 9 3 1 2 2 1 3 4 4 4 2 7 12 17 17 23 19 25 18 10 8 9 6 10 6 2 11 8 14 12 10 9 12 6 4 2 3 1 0 0 0 0 0 0 0 0 0 0 0 0 0 0 0 0 0 0 1 3 6 3 3 13 17 10 9 7 11 3 11 16 7 2 7 8 12 13 15 15 23 19 13
23 12 15 4 19 27 22 10 2 1 2 7 11 4 5 6 2 2 2 3 2 1 3 3 2 2 7 13 15 13 14 13 21 15 13 14 16 4 13 7 3 4 7 8 11 6 3 2 2 1 1 1 0 0 0 0 0 0 0 0 0 0 0 0 0 0 0 0 0 0 0 1 3 4 5 5 14 18 13 12 8 4 9 15 8 2 5 13 11 10 13 12 15 13 12 11
29 9 16 4 8 18 11 4 3 3 3 3 4 12 6 4 2 1 1 2 1 2 3 2 3 5 4 9 16 14 10 16 12 7 14 14 9 8 6 12 6 4 6 5 7 6 8 4 2 3 3 1 0 0 0 0 0 0 0 0 0 0 0 0 0 0 0 0 0 0 0 1 2 4 3 4 6 7 16 7 5 5 11 4 5 14 13 11 11 10 11 8 6 5 6 11
20 8 14 6 5 19 11 11 6 6 3 4 5 6 8 7 6 2 1 1 1 1 1 3 4 3 8 17 15 9 11 14 8 6 27 14 8 9 7 3 3 5 5 9 7 7 8 3 4 2 2 1 1 0 0 0 1 0 0 0 0 0 0 0 0 0 0 0 0 0 0 1 2 3 4 2 4 11 10 17 14 8 3 5 6 8 7 16 15 8 11 8 6 3 5 2
13 9 14 10 6 10 4 12 4 4 5 3 5 3 2 2 2 2 1 1 1 0 1 3 3 4 4 6 12 9 12 12 12 6 20 12 11 7 16 4 9 10 3 5 9 12 11 5 4 4 1 0 1 0 0 0 0 0 0 0 0 0 0 0 0 0 0 0 0 0 0 0 1 2 2 2 7 15 39 19 9 4 1 5 3 18 11 9 10 11 20 17 5 4 5 1
19 8 12 8 4 4 2 6 8 5 4 4 3 3 2 2 2 1 0 0 1 0 1 2 3 2 5 9 8 9 8 10 8 12 18 10 16 26 7 5 5 5 6 5 13 5 7 6 3 2 3 1 1 0 0 0 1 0 0 0 0 0 0 0 0 0 0 0 0 0 0 0 1 2 1 8 10 12 24 17 7 2 3 9 6 9 14 6 10 14 11 13 4 3 4 1
20 8 18 8 3 3 7 4 12 4 7 5 2 1 2 1 1 1 0 1 0 1 1 1 1 2 5 7 5 8 8 4 7 10 7 21 9 25 12 5 11 4 10 5 11 13 7 6 3 3 2 1 0 1 0 0 0 0 0 0 0 0 0 0 0 0 0 0 0 0 0 0 1 1 5 7 3 10 9 17 7 4 5 10 20 10 8 13 11 9 8 5 3 2 2 1
16 6 18 8 2 2 16 6 6 4 4 5 2 2 2 1 1 1 1 0 0 0 0 0 1 1 6 9 10 6 4 4 6 15 11 6 11 11 9 5 10 2 8 2 5 10 11 6 3 4 1 2 0 0 1 0 0 0 0 0 0 0 0 0 0 0 0 0 0 0 0 0 1 4 3 2 3 24 13 9 7 4 10 6 18 16 7 10 8 9 5 2 4 2 1 0
19 5 12 4 2 3 6 6 4 11 7 3 2 1 1 1 1 1 1 1 0 0 0 1 1 2 3 4 6 4 2 3 11 7 11 9 19 8 6 5 10 2 7 4 6 9 12 6 3 3 2 2 0 0 0 0 0 0 0 0 0 0 0 0 0 0 0 0 0 0 0 1 1 1 3 2 3 18 12 2 2 6 13 10 9 12 4 6 12 10 4 2 4 1 1 1
18 5 12 4 2 3 3 11 4 9 10 6 2 1 1 1 2 1 0 0 0 0 0 1 0 1 1 4 3 2 4 3 17 10 11 12 12 5 3 12 5 4 4 16 13 8 7 4 6 4 1 1 1 0 0 0 0 0 0 0 0 0 0 0 0 0 0 0 0 0 0 0 1 1 3 3 7 12 13 3 2 9 13 12 10 8 2 4 7 6 2 2 1 2 1 1
21 11 3 5 2 2 6 10 5 3 7 4 3 1 1 2 1 1 0 0 0 0 0 0 0 1 2 2 3 3 3 5 2 5 2 6 6 3 2 11 4 3 1 6 27 7 4 5 4 2 2 1 1 0 1 0 0 0 0 0 0 0 0 0 0 0 0 0 0 0 0 0 1 1 3 7 6 9 9 5 4 12 8 5 7 4 5 4 2 2 4 1 1 2 1 1
9 4 2 4 3 2 10 7 7 2 1 2 3 0 1 0 0 1 0 0 0 0 0 1 1 1 1 2 3 1 8 2 4 4 7 6 4 6 3 8 3 6 2 4 14 14 4 3 4 2 2 1 0 0 0 0 0 0 0 0 0 0 0 0 0 0 0 0 0 0 1 1 2 2 6 22 2 13 8 6 5 5 6 3 4 2 5 8 3 1 2 1 1 1 1 1
8 3 1 4 3 2 5 1 3 4 1 1 2 1 0 0 0 0 0 0 0 0 1 0 0 1 1 3 2 2 3 4 7 15 8 5 12 4 5 9 3 3 4 5 10 6 3 8 2 1 1 1 1 0 0 0 0 0 0 0 0 0 0 0 0 0 0 0 0 0 0 1 2 7 8 4 5 11 9 4 2 3 11 2 4 4 4 2 4 2 1 2 2 1 0 1
7 1 2 3 2 2 3 1 0 1 2 3 1 2 0 0 0 0 0 0 0 0 0 0 0 0 1 1 2 5 2 3 7 4 3 10 4 3 7 4 7 8 7 6 10 5 2 2 3 1 0 0 0 1 0 0 0 0 0 0 0 0 0 0 0 0 0 0 0 0 0 1 3 2 5 4 7 4 3 2 2 7 7 6 3 3 3 2 1 1 2 1 1 1 0 0
9 1 2 3 2 3 3 1 1 1 1 2 2 1 0 0 0 0 0 0 0 0 0 0 0 0 1 2 2 1 1 4 2 3 11 2 2 4 6 3 7 6 5 11 10 8 3 1 1 1 0 0 1 1 0 0 0 0 0 0 0 0 0 0 0 0 0 0 0 0 0 2 3 2 1 3 7 2 3 2 3 5 6 4 2 2 2 2 1 2 1 1 0 0 0 0
4 1 1 4 1 2 4 2 1 1 0 2 1 1 1 0 0 0 0 0 0 0 0 0 0 0 1 1 2 0 3 1 1 5 5 2 4 5 9 6 1 9 8 8 10 6 2 1 1 1 1 0 0 0 0 0 0 0 0 0 0 0 0 0 0 0 0 0 0 0 1 2 3 1 1 4 4 3 2 2 2 3 3 4 2 2 1 1 1 1 1 0 1 0 0 0
2 1 1 2 1 2 2 1 1 1 1 1 0 0 0 0 0 0 0 0 0 0 0 0 0 0 2 1 1 1 3 2 1 7 3 2 3 10 6 4 2 7 7 10 2 4 1 1 0 0 1 0 0 0 0 0 0 0 0 0 0 0 0 0 0 0 0 0 0 1 2 4 3 1 1 4 3 1 1 2 2 2 3 1 2 1 0 1 1 0 1 0 0 1 0 0
3 1 2 1 0 2 1 0 1 0 1 0 1 0 0 0 0 0 0 0 0 0 0 0 0 0 1 0 0 1 1 1 2 3 3 1 2 8 10 3 2 5 4 7 5 3 1 1 1 0 0 0 0 0 0 0 0 0 0 0 0 0 0 0 1 1 2 1 2 5 3 4 3 1 5 7 2 1 1 2 2 2 3 1 2 1 0 0 1 0 0 0 0 0 0 0
3 1 0 0 0 1 0 0 1 1 1 1 0 0 0 0 0 0 0 0 0 0 0 0 0 0 0 0 1 0 1 1 2 1 1 3 2 9 8 2 2 4 3 3 2 1 1 1 0 0 0 0 0 0 0 0 0 0 0 0 0 0 0 0 0 0 1 2 3 11 14 8 1 2 4 8 2 0 1 4 2 3 1 1 1 2 0 0 1 0 0 0 0 0 0 0
2 0 0 0 0 0 0 0 0 1 0 1 1 0 0 0 0 0 0 0 0 0 0 0 0 1 0 0 0 0 1 1 0 1 1 2 1 7 5 1 1 2 1 2 2 1 1 0 0 0 0 0 0 0 0 0 0 0 0 0 0 0 0 0 0 0 1 9 15 11 14 1 2 3 4 7 5 1 2 2 1 1 1 1 1 1 0 0 0 0 0 0 0 0 0 0
