sesion_6_simulaciones/modelos_agentes/ejemplos_netlogo/scenarios/echam4_b2/rob_2024.asc
NCOLS 322 
NROWS 307 
XLLCORNER 451900 
YLLCORNER 4086900 
CELLSIZE 100 
NODATA_value -9999 
[rows 146 to 218 of 307, columns 0 to 95 of 322]
1 0 1 2 4 3 10 5 6 2 20 26 9 26 20 20 28 15 8 5 2 2 1 1 4 2 2 2 2 1 1 1 1 2 6 7 3 6 11 21 19 22 25 24 3 19 21 23 27 16 12 28 30 20 8 8 15 32 24 21 14 44 32 23 11 24 22 30 54 53 44 72 55 72 60 74 78 70 77 68 41 64 75 60 41 40 62 32 63 72 57 60 56 56 53 71
9 10 14 5 21 3 1 2 9 6 15 36 21 62 33 30 57 29 12 11 9 7 1 1 1 1 2 2 2 1 2 1 2 5 2 2 5 5 7 4 7 15 22 43 32 16 27 17 22 20 24 13 13 43 58 28 28 23 18 23 33 32 39 19 22 33 49 31 46 60 45 58 65 62 79 52 65 58 74 64 24 34 45 55 32 7 11 22 63 58 60 66 31 35 24 58
1 11 12 8 14 23 20 14 4 3 3 51 52 51 42 52 65 51 35 50 23 28 7 3 0 1 0 1 1 0 2 0 1 1 1 2 1 3 2 3 14 14 12 12 16 10 22 18 13 29 14 12 21 12 17 36 30 15 10 25 41 42 37 24 37 52 52 36 41 72 66 66 38 45 68 77 26 21 19 34 33 26 11 16 47 34 11 6 28 22 16 20 37 30 16 35
2 10 13 23 23 35 28 36 36 7 11 29 44 71 64 66 76 40 53 52 49 37 9 15 5 1 0 0 0 1 8 5 1 2 1 1 1 2 3 4 8 6 4 6 17 53 30 18 9 10 8 20 24 21 6 6 8 5 28 25 24 59 37 27 38 59 55 54 57 66 41 20 14 49 37 32 59 13 14 40 33 19 26 16 8 37 15 9 6 12 5 23 13 35 20 8
4 1 4 21 18 42 38 12 21 24 17 16 74 77 72 43 82 65 67 70 49 24 13 6 12 4 1 2 1 2 2 3 3 4 6 6 2 4 5 6 4 3 8 22 44 28 18 13 10 10 10 13 14 14 25 16 26 27 27 28 42 59 28 31 58 60 69 72 52 16 55 34 33 44 66 26 29 9 3 10 22 22 15 26 11 12 29 18 7 9 6 4 8 9 15 5
1 2 4 3 4 4 4 6 9 9 19 10 33 64 59 51 78 76 71 37 8 8 15 26 29 14 5 2 2 1 1 2 24 12 24 27 36 6 3 5 17 11 44 48 14 11 6 13 8 6 15 14 16 14 18 14 33 35 37 38 58 56 48 38 57 74 67 49 77 41 20 55 60 29 34 12 24 42 18 7 10 17 19 10 14 7 10 29 19 9 8 4 2 8 12 10
13 4 2 2 5 6 7 11 12 17 12 23 11 12 11 8 10 15 20 21 14 42 49 32 50 18 38 7 7 9 3 7 14 2 0 1 6 26 4 2 11 11 18 22 16 28 31 38 17 8 15 17 22 16 6 16 23 57 34 57 53 62 71 87 86 73 71 42 39 85 41 37 35 38 21 6 11 10 34 22 10 12 21 16 9 12 8 9 22 8 6 5 1 2 4 4
20 12 10 6 8 4 7 8 3 7 25 18 15 25 14 14 6 20 34 49 79 56 74 42 46 19 16 17 8 28 17 2 1 2 3 0 2 3 12 3 2 47 9 20 19 12 6 10 25 15 25 32 28 20 10 12 23 46 66 59 78 68 79 78 79 77 69 24 33 71 74 56 35 22 28 17 13 9 17 12 18 11 10 15 10 8 6 7 28 15 4 3 3 1 5 5
48 21 38 18 21 29 35 6 6 5 7 12 16 38 33 12 7 18 51 56 70 84 69 80 56 50 51 45 17 26 46 38 10 2 4 4 9 8 8 16 3 31 20 13 23 4 7 11 7 21 32 44 56 43 45 21 29 46 66 70 50 37 75 78 75 68 66 50 33 49 80 30 32 20 14 9 17 5 16 31 12 15 14 6 6 4 6 4 8 6 9 3 1 1 1 2
57 42 54 31 39 31 21 28 8 6 10 8 42 25 16 31 20 13 16 54 68 55 58 67 45 45 50 44 17 5 20 60 67 36 25 8 10 13 13 18 8 27 60 21 24 15 6 6 8 14 14 16 32 11 16 41 31 57 43 24 23 25 33 55 58 23 33 20 48 60 54 50 26 19 22 8 8 11 11 22 18 9 13 9 5 5 4 4 3 3 4 6 3 2 1 1
37 50 54 66 68 37 20 62 14 6 10 11 15 15 34 36 23 36 21 14 17 51 60 18 34 61 34 62 31 8 7 10 39 58 43 26 15 13 11 17 15 26 66 16 21 24 18 24 27 29 31 34 24 22 32 25 40 70 55 52 54 48 25 15 9 25 21 26 18 34 36 52 56 25 12 6 8 10 13 17 18 27 5 7 4 3 2 1 2 3 3 1 5 2 1 1
56 76 62 82 60 25 57 73 29 21 24 14 38 61 40 26 43 33 22 19 22 18 13 48 43 19 25 56 62 27 18 10 9 55 47 46 48 42 36 46 38 29 65 68 28 23 28 29 32 34 47 52 28 48 51 21 25 44 58 41 39 24 14 23 22 7 3 15 33 37 39 47 23 23 11 9 12 10 16 11 13 9 11 4 3 2 1 1 1 1 2 1 2 2 1 0
41 79 39 77 44 64 69 67 17 39 41 19 12 14 29 29 38 64 54 69 29 16 22 15 25 21 35 75 34 72 26 37 32 50 21 44 44 68 49 32 41 21 49 66 70 30 23 23 42 31 32 26 23 45 50 24 43 72 73 72 39 47 49 40 35 15 13 19 25 26 24 31 23 13 19 5 9 16 12 14 7 5 7 5 2 1 1 0 0 1 1 2 1 1 1 1
18 71 53 68 61 71 67 25 32 57 54 38 34 19 16 11 16 25 24 65 39 16 18 18 62 65 56 63 30 70 71 23 23 38 59 67 54 80 84 47 42 19 20 61 69 60 47 27 38 18 11 15 45 47 42 35 40 28 25 26 22 40 56 48 47 30 28 27 19 21 21 19 13 17 5 7 7 10 5 4 4 3 2 3 4 3 1 2 1 1 1 1 1 1 1 0
17 16 12 50 66 67 25 23 67 40 56 69 53 33 24 25 32 30 37 20 28 46 39 14 52 53 62 70 68 40 84 77 34 15 34 77 74 56 56 61 65 17 19 64 80 79 44 32 38 37 26 18 71 38 82 85 82 77 81 70 48 28 36 32 32 27 29 27 23 12 12 18 14 16 6 10 5 5 4 5 2 2 2 4 2 1 2 2 1 1 1 1 0 1 0 0
15 51 33 26 23 46 33 72 76 50 46 64 45 47 21 30 26 27 35 25 30 33 34 15 61 71 61 83 76 57 74 85 77 43 36 10 27 58 40 22 32 20 14 80 81 78 62 60 51 61 84 90 77 45 41 78 77 36 42 65 58 34 48 37 30 22 19 31 22 9 10 10 11 11 7 6 6 6 3 3 2 2 1 1 1 1 1 1 1 0 1 0 0 0 0 0
43 47 34 51 41 20 50 82 71 76 11 47 62 62 72 39 52 25 24 23 24 13 39 61 83 59 84 89 74 74 52 67 79 53 48 26 57 75 81 84 67 52 30 56 82 68 59 87 54 62 82 82 91 67 45 81 88 60 42 33 72 69 28 55 34 28 16 18 15 11 12 9 8 6 5 5 4 3 2 1 1 1 1 1 1 0 1 0 0 0 0 0 0 0 0 0
32 35 58 40 31 12 44 67 48 79 30 38 71 56 72 55 26 44 34 51 52 53 20 52 66 73 82 84 61 83 66 81 72 73 71 75 68 76 81 75 17 60 66 34 16 51 58 80 62 50 75 69 73 82 36 53 73 90 65 46 53 34 33 32 36 42 37 26 14 7 14 6 4 3 3 1 2 1 1 0 1 1 1 1 0 0 0 0 0 0 0 0 0 0 0 1
16 19 13 23 37 36 16 78 40 30 29 46 56 17 39 56 33 41 35 63 61 38 35 18 51 83 76 83 67 85 71 72 66 55 68 71 82 75 76 82 75 55 25 21 9 14 57 75 56 24 39 67 75 81 75 81 83 79 86 47 33 37 33 39 34 30 37 14 10 14 6 4 4 3 1 1 0 0 1 1 1 1 0 0 0 1 1 1 2 1 1 2 1 2 2 1
14 26 36 35 20 18 18 37 46 40 62 54 64 63 31 50 45 55 24 18 35 69 46 27 17 30 36 69 68 44 21 20 19 31 30 30 69 50 56 70 69 59 50 20 6 13 57 59 50 39 29 23 51 80 76 71 59 58 78 76 33 21 28 28 31 26 12 16 9 3 3 4 3 2 1 1 0 0 0 0 1 2 1 2 3 5 6 5 2 2 2 5 5 8 7 2
24 16 15 15 26 25 27 18 22 20 38 68 66 71 25 21 27 60 61 42 30 28 49 16 29 37 32 27 21 31 42 31 42 39 59 33 28 24 23 26 19 37 28 14 13 20 48 50 56 39 34 32 9 42 41 48 50 65 41 57 47 24 46 41 32 17 14 8 7 5 4 3 1 1 1 1 0 0 0 1 6 6 4 8 10 12 10 18 9 11 26 28 12 19 8 5
15 18 25 47 37 42 36 31 36 36 44 12 18 24 29 41 29 15 61 65 54 31 31 10 28 59 57 46 33 40 55 60 33 62 32 27 26 33 37 30 24 14 21 22 33 35 53 52 60 45 31 15 18 15 24 50 21 15 13 37 21 26 23 15 19 10 5 8 6 2 2 1 1 1 2 2 2 0 4 6 12 15 15 20 21 39 37 23 19 25 8 3 5 4 4 12
22 26 38 29 23 33 39 24 44 62 18 28 46 40 27 43 12 16 20 25 39 25 21 18 34 31 50 44 61 28 54 46 37 45 31 27 36 59 30 57 38 19 13 13 15 24 35 47 41 41 26 41 37 28 30 30 27 19 25 28 46 36 19 6 8 7 6 2 3 1 1 8 9 4 4 6 2 3 9 26 43 33 34 57 48 43 40 27 34 29 11 2 1 1 2 9
43 62 59 61 30 23 25 26 40 53 30 32 46 39 39 23 28 23 37 36 27 32 34 20 35 29 29 50 25 34 46 46 47 36 29 28 25 49 26 60 41 31 28 10 7 5 21 22 66 63 38 30 63 34 16 38 42 52 45 32 33 17 9 5 6 4 1 2 4 4 9 16 21 6 10 12 6 12 31 42 60 76 40 67 47 39 28 29 24 19 11 7 1 1 1 1
12 12 17 13 18 18 36 44 49 35 38 17 35 44 21 9 17 17 26 24 14 11 9 18 29 26 26 28 42 42 38 36 23 33 23 9 33 27 43 56 40 35 51 25 28 13 9 21 23 52 33 44 35 17 16 31 30 25 17 9 8 5 2 1 1 0 4 10 18 13 25 34 34 20 31 20 10 20 48 52 80 61 44 33 20 3 3 14 5 6 4 2 2 1 0 2
18 29 21 31 28 33 25 39 33 31 15 19 29 41 45 39 38 20 17 16 21 7 9 27 59 47 28 26 41 24 20 36 68 39 22 11 35 20 57 21 51 31 46 36 22 13 18 20 11 28 37 30 14 20 17 15 37 13 7 5 3 8 9 13 5 9 15 30 30 30 32 46 30 28 34 28 20 36 57 70 69 51 25 18 11 4 4 4 7 2 2 2 1 1 0 0
16 16 16 34 45 17 21 29 25 30 26 22 43 27 57 43 28 49 42 29 56 25 30 23 49 59 33 52 19 24 38 25 55 55 30 22 26 35 41 19 26 24 37 39 18 28 19 12 13 18 19 26 20 19 18 15 8 4 3 12 13 23 24 23 15 17 33 38 55 58 42 57 56 52 37 45 52 60 62 63 54 61 31 16 7 7 4 2 11 4 1 1 0 0 0 1
18 17 29 38 20 22 18 32 40 32 44 47 45 35 25 27 62 61 38 36 40 27 48 26 32 51 63 40 23 21 16 19 20 19 32 40 13 16 45 41 39 41 33 23 32 25 23 21 14 18 20 23 32 24 12 8 10 13 20 35 32 30 45 32 23 40 43 48 64 50 54 64 77 43 45 55 64 71 78 55 23 16 17 17 11 6 3 2 1 2 1 0 0 0 0 0
14 15 25 25 10 43 32 35 57 64 72 66 59 65 40 18 25 43 39 46 16 33 60 30 36 27 51 66 37 57 40 32 27 28 45 56 25 34 45 54 44 11 14 24 18 23 12 11 17 25 24 38 27 18 23 12 19 23 42 40 37 37 49 38 31 45 55 38 68 64 53 77 63 48 57 76 65 68 30 79 51 46 17 9 10 6 3 4 1 1 0 0 0 0 0 0
12 15 27 16 13 10 17 29 23 34 54 70 48 51 63 23 32 28 23 22 24 58 56 41 22 33 16 36 27 34 26 23 37 37 54 47 26 40 55 52 42 21 10 9 17 15 20 34 21 20 38 24 21 38 21 19 29 46 46 57 49 48 49 39 39 68 70 55 73 72 70 70 82 82 58 63 69 68 28 22 41 49 28 18 6 3 3 3 1 1 0 0 0 0 0 0
10 15 29 21 20 12 17 13 26 29 18 20 16 20 25 39 37 31 57 29 45 56 35 53 17 51 20 51 21 22 31 33 36 30 42 34 35 26 49 46 39 17 7 14 18 17 24 25 26 26 26 40 28 23 21 35 47 47 45 50 48 39 57 50 55 72 72 67 66 86 76 70 65 75 30 27 18 48 53 29 14 29 15 8 4 3 3 1 0 1 1 0 0 0 0 0
15 32 38 56 12 55 43 9 34 29 30 23 51 27 38 41 38 29 30 29 24 47 27 36 25 22 29 24 19 37 30 25 32 33 33 26 29 21 32 50 32 31 29 34 40 20 28 21 38 49 45 58 42 28 41 43 47 57 42 47 65 49 66 66 60 71 55 76 39 58 82 80 77 63 74 58 39 16 11 21 14 8 16 12 9 5 4 6 2 1 0 0 0 0 0 0
47 35 14 20 48 30 13 29 32 37 20 39 23 21 51 29 30 11 26 30 35 10 23 32 19 14 18 9 14 13 11 28 25 49 16 20 15 31 33 13 20 33 14 18 18 27 15 27 42 58 52 49 44 41 39 58 50 59 57 48 57 64 59 64 63 74 55 52 78 43 76 78 58 74 77 81 63 59 53 33 25 16 5 3 6 7 4 4 1 1 0 0 0 0 0 0
33 70 33 34 12 21 16 29 24 28 36 18 18 40 49 57 62 21 25 46 29 22 8 16 25 6 15 11 12 7 8 27 29 19 13 18 15 17 43 25 15 28 16 52 25 23 37 21 49 56 45 42 42 40 38 43 65 56 54 69 70 77 70 55 65 31 46 42 47 53 39 68 46 56 72 76 76 84 67 50 47 52 47 22 5 3 4 3 2 1 0 0 0 0 0 0
15 19 16 15 35 40 16 21 26 30 28 16 27 21 14 18 14 17 25 35 46 20 20 10 20 11 9 6 7 12 15 25 17 14 16 9 19 29 42 29 17 20 29 56 20 42 24 33 43 65 35 37 39 35 39 44 65 69 54 64 78 54 40 73 74 65 50 30 21 8 17 18 28 30 56 66 59 65 70 47 65 47 34 10 6 6 4 3 3 1 0 0 0 0 0 0
13 11 24 23 23 33 28 14 8 24 10 8 18 21 49 22 39 19 29 20 31 20 16 15 12 18 20 6 8 7 19 10 12 20 6 6 11 40 20 21 13 24 26 40 31 33 34 41 53 47 29 43 36 35 52 36 59 75 76 57 67 73 30 18 15 22 30 47 40 29 14 11 5 14 26 47 37 59 74 33 48 65 31 15 10 4 3 3 2 1 1 1 0 0 0 0
9 34 22 14 11 18 17 9 6 5 8 8 12 28 22 20 24 33 21 21 13 35 12 27 12 19 28 6 5 11 5 6 20 13 11 24 16 45 7 6 13 32 30 36 38 24 28 29 43 25 51 59 46 53 54 52 59 62 64 41 46 63 36 26 54 67 73 56 55 40 33 39 13 4 8 31 25 48 65 49 30 29 22 13 8 6 5 3 2 2 1 1 0 0 0 0
10 22 18 15 14 19 12 11 3 1 4 6 14 8 14 16 14 30 13 7 6 8 10 7 5 14 15 6 10 8 5 7 12 6 3 8 11 21 13 13 17 25 46 49 23 22 38 31 40 41 65 75 57 79 72 85 71 62 69 41 30 13 66 57 22 52 71 58 63 62 60 38 18 14 6 5 6 16 45 23 15 7 4 9 2 5 2 2 2 2 2 1 1 0 0 0
17 4 6 14 4 10 5 1 2 1 1 1 2 6 14 9 5 9 18 6 5 3 3 6 2 6 5 6 9 7 1 2 3 6 6 4 18 12 7 13 20 35 65 81 65 58 42 58 52 27 72 53 85 73 69 75 41 51 70 76 28 25 21 77 38 31 50 67 54 45 67 67 68 34 21 7 3 1 2 2 3 3 2 5 5 1 1 1 1 2 1 1 0 0 0 0
1 2 4 4 4 2 2 1 1 4 11 1 1 3 3 6 7 6 8 6 5 4 5 4 1 2 3 4 3 1 0 1 1 19 21 26 45 52 63 64 66 79 65 80 71 77 67 24 58 59 39 38 59 65 67 70 45 71 73 58 55 38 17 52 73 30 11 33 60 73 60 56 28 24 31 22 7 2 4 1 3 3 2 1 4 3 1 1 1 0 1 0 0 0 0 0
1 2 2 1 1 1 4 15 29 5 5 15 18 2 1 4 2 2 3 1 3 1 1 1 2 1 3 8 13 2 1 3 3 1 6 28 47 54 61 67 57 72 68 63 76 81 76 46 31 35 77 57 28 58 26 33 34 71 84 67 53 44 31 30 81 42 39 18 38 52 76 21 10 19 20 32 19 14 9 5 2 2 1 1 1 2 1 0 0 0 0 0 0 0 0 0
3 3 4 6 6 13 23 14 12 16 14 7 11 5 3 2 1 1 1 1 1 1 5 10 18 19 5 2 11 3 1 9 11 5 7 10 14 49 58 72 57 36 51 48 60 80 86 86 40 38 55 63 46 25 50 19 50 58 77 73 24 36 29 19 78 56 27 24 21 67 69 78 39 27 18 10 7 5 3 3 5 4 2 1 1 1 1 1 1 1 0 0 0 0 0 0
11 14 8 30 17 23 27 39 41 36 21 18 26 9 7 1 1 1 1 1 1 1 1 1 4 9 15 12 4 4 3 3 11 11 3 9 22 36 51 69 63 34 20 35 51 78 84 84 88 84 34 46 40 37 23 19 33 57 71 75 27 31 36 30 51 84 59 37 19 10 14 34 16 17 11 25 15 5 3 2 2 2 2 2 1 0 0 1 1 0 0 0 0 0 0 0
8 22 25 37 39 31 49 33 63 47 28 51 35 13 39 21 17 7 2 0 0 1 0 1 1 2 5 18 3 2 3 4 12 9 18 17 11 12 7 6 46 57 24 36 32 43 63 65 83 87 81 52 51 65 41 49 31 63 76 66 68 26 46 36 23 76 86 65 44 15 8 9 31 19 11 9 12 14 4 3 1 1 1 2 1 0 0 1 0 1 0 0 0 0 0 0
2 4 18 43 55 41 71 72 75 72 62 61 34 50 62 48 26 12 22 4 2 1 2 2 2 7 17 9 3 5 5 12 22 16 18 27 22 20 16 15 13 26 23 24 17 35 68 48 69 80 88 59 50 47 57 52 12 53 68 66 64 46 32 29 14 64 74 78 49 39 8 3 20 39 14 3 3 3 5 1 2 1 1 1 1 1 0 0 0 0 0 0 0 0 0 0
5 5 11 55 60 68 68 60 58 80 85 64 74 70 69 51 35 39 25 22 11 1 5 9 18 48 40 8 3 7 9 10 11 19 11 20 23 28 35 20 14 16 13 13 26 34 51 48 18 64 80 85 47 37 46 23 19 13 40 50 81 73 19 19 38 46 44 69 25 34 23 4 5 18 14 8 4 3 5 4 2 1 1 0 1 1 0 0 0 0 0 0 0 0 0 0
3 4 5 9 10 13 30 38 38 15 41 72 87 81 75 43 43 62 43 25 37 5 6 4 4 7 32 53 12 4 10 11 16 27 21 18 26 27 45 25 31 44 32 26 20 13 56 57 44 30 58 76 62 32 15 12 30 11 20 43 43 38 26 19 22 31 18 65 20 25 16 16 2 8 9 12 7 6 5 3 3 2 0 0 0 1 0 0 0 0 0 0 0 0 0 0
1 4 9 24 18 34 66 35 32 23 30 18 65 82 86 67 64 64 40 41 23 39 14 12 15 9 4 9 16 7 2 14 17 38 18 20 11 17 40 31 31 27 22 24 37 34 32 12 36 62 37 47 14 15 8 22 18 25 18 20 39 45 33 23 9 10 10 41 50 12 6 11 9 2 4 4 8 3 2 1 1 1 1 1 0 0 0 0 0 0 0 0 0 0 0 0
2 6 3 4 10 12 15 27 29 23 15 9 13 39 67 78 77 37 10 11 13 39 20 32 27 20 15 4 5 14 6 42 32 16 48 28 28 32 38 23 28 48 50 43 48 32 38 22 23 19 63 42 32 21 14 11 21 21 15 17 31 49 31 18 15 10 16 30 51 26 8 3 12 7 3 1 1 3 2 2 1 1 1 1 0 0 0 0 0 0 0 0 0 0 0 0
7 1 3 7 15 20 16 15 20 26 35 25 44 24 21 28 38 23 16 22 48 12 13 31 57 59 13 12 8 48 24 25 59 45 59 21 67 36 28 25 32 32 31 41 36 37 39 25 24 25 23 31 20 21 25 18 14 19 9 4 9 14 24 20 22 13 9 14 22 24 12 12 12 5 5 2 1 2 2 1 1 0 0 0 0 0 0 0 0 0 0 0 0 0 0 0
24 8 14 9 8 21 11 21 36 33 22 28 17 32 41 30 29 23 17 27 14 36 27 20 10 25 36 38 49 8 12 43 41 13 30 29 14 54 28 26 31 41 21 28 18 21 19 27 31 31 16 9 33 36 22 31 17 14 13 12 6 10 23 12 11 9 6 7 11 22 5 6 4 3 3 2 1 1 1 2 1 1 0 0 0 0 0 0 0 0 0 0 0 0 0 0
37 32 4 5 20 8 27 55 25 17 30 25 27 53 16 31 23 21 14 10 18 30 26 25 22 14 19 23 12 19 10 40 36 39 39 49 14 22 48 16 21 39 32 41 39 16 22 26 19 29 12 18 5 13 12 34 11 15 11 18 10 9 4 3 2 1 1 2 4 4 2 1 4 2 2 4 2 1 2 1 0 1 0 0 0 0 0 0 0 0 0 0 0 0 0 0
43 31 64 10 10 28 7 12 36 42 23 34 26 45 14 40 32 25 19 27 37 45 27 15 27 28 22 27 50 50 40 10 9 15 37 28 27 7 48 40 36 29 13 21 34 32 21 13 21 27 18 5 31 18 12 32 18 6 11 5 4 7 4 3 1 1 0 0 2 4 4 1 1 2 2 3 2 1 3 1 0 0 0 0 0 0 0 0 0 0 0 0 0 0 0 0
39 41 52 37 8 9 32 13 6 15 30 20 15 21 26 28 17 11 15 28 32 35 66 41 32 34 28 27 56 69 45 26 10 23 44 37 52 25 8 51 27 37 37 31 17 16 22 27 21 23 10 3 8 4 3 13 7 6 5 2 3 5 3 3 2 1 1 0 1 2 2 1 3 3 3 4 4 2 1 1 1 0 0 0 0 0 0 0 0 0 0 0 0 0 0 0
38 50 68 49 56 22 7 52 18 19 55 21 32 21 13 37 15 20 16 15 13 26 52 42 35 38 35 32 45 72 76 47 25 20 61 55 58 36 15 26 69 27 24 55 35 34 25 31 28 13 8 3 2 4 3 3 7 4 2 1 1 2 2 4 1 1 1 1 0 0 0 1 1 0 1 1 2 2 1 1 0 0 0 0 0 0 0 0 0 0 0 0 0 0 0 0
49 39 37 57 34 38 42 19 62 32 48 67 51 58 41 21 22 16 23 45 23 37 63 57 37 38 38 29 21 25 67 58 38 27 23 61 42 31 25 13 20 54 14 17 18 20 22 30 43 21 28 8 4 4 3 2 2 2 2 6 2 1 1 1 0 1 0 0 0 0 0 0 0 0 0 1 1 0 1 0 0 0 0 0 0 0 0 0 0 0 0 0 0 0 0 0
25 64 55 65 48 60 65 54 34 26 19 17 26 20 20 49 37 22 39 17 57 23 67 76 37 40 43 27 17 7 16 41 60 42 15 42 51 20 48 37 25 15 42 44 22 21 33 21 30 15 28 9 4 3 2 2 2 1 1 2 2 1 0 0 0 0 0 0 0 0 0 0 0 0 0 0 0 0 0 0 0 0 0 0 0 0 0 0 0 0 0 0 0 0 0 0
14 18 15 26 31 16 16 15 27 26 40 38 42 48 19 23 49 46 38 41 29 23 58 82 63 55 49 48 31 9 8 10 52 36 37 35 53 20 47 51 36 15 13 39 27 35 26 21 25 9 2 3 5 4 3 3 1 1 0 0 1 0 0 0 0 0 0 0 0 0 0 0 0 0 0 0 0 0 0 0 0 0 0 0 0 0 0 0 0 0 0 0 0 0 0 0
19 31 23 12 17 24 18 21 28 51 22 48 32 24 27 34 29 18 24 42 23 71 39 66 73 56 60 53 52 24 11 13 9 25 38 40 46 22 47 28 36 34 25 19 32 22 22 32 25 17 10 4 5 2 2 2 1 0 0 0 0 0 0 0 0 0 0 0 0 0 0 0 0 0 0 0 0 0 0 0 0 0 0 0 0 0 0 0 0 0 0 0 0 0 0 0
32 17 32 13 20 37 23 26 25 38 16 24 21 14 23 52 36 38 26 27 60 47 34 27 76 50 22 17 17 11 15 6 15 7 13 19 80 59 31 43 28 16 26 26 16 29 16 16 33 28 20 8 4 2 2 1 0 0 0 0 1 1 0 0 0 0 0 0 0 0 0 0 0 0 0 0 0 0 0 0 0 0 0 0 0 0 0 0 0 0 0 0 0 0 0 0
22 18 18 15 9 13 12 9 11 13 23 28 22 13 21 24 19 34 40 68 46 31 42 61 76 69 32 24 24 25 24 23 9 13 15 10 6 9 25 26 20 34 13 24 19 29 30 15 32 17 20 15 7 3 1 0 0 0 0 1 1 3 3 2 0 0 0 0 0 0 0 0 0 0 0 0 0 0 0 0 0 0 0 0 0 0 0 0 0 0 0 0 0 0 0 0
12 9 11 7 8 7 10 9 5 4 9 10 11 25 22 22 16 37 28 22 28 29 15 10 16 18 14 20 41 43 26 49 36 14 10 7 9 8 7 20 16 31 23 11 29 19 27 20 15 7 9 8 4 3 1 1 1 1 2 2 4 3 2 2 1 0 1 1 1 1 0 0 0 0 0 0 0 0 0 0 0 0 0 0 0 0 0 0 0 0 0 0 0 0 0 0
10 7 7 2 4 5 11 17 42 39 35 8 10 20 14 12 17 34 48 37 42 22 25 21 14 18 46 25 30 41 53 39 23 24 27 5 3 4 7 11 11 17 24 26 25 21 13 10 20 8 5 4 2 1 1 2 1 3 4 4 6 5 5 3 2 2 1 2 2 1 1 0 0 0 0 0 0 0 0 0 0 0 0 0 0 0 0 0 0 0 0 0 0 0 0 0
3 3 2 2 9 10 9 17 56 59 46 48 25 10 15 31 22 34 36 19 16 16 40 27 25 26 43 19 9 28 24 18 8 15 24 15 6 5 11 7 4 8 7 8 12 13 12 7 11 7 3 1 2 3 5 5 4 6 8 8 5 7 7 5 9 3 3 3 3 3 1 0 0 0 0 0 0 0 0 0 0 0 0 0 0 0 0 0 0 0 0 0 0 0 0 0
2 3 9 7 18 12 31 23 8 17 53 51 44 58 59 49 75 47 36 38 15 7 30 22 24 33 19 19 13 12 26 28 26 18 27 13 9 18 23 7 4 20 9 12 8 4 11 5 5 3 2 3 6 10 11 12 8 7 7 9 7 12 13 16 14 8 5 3 3 2 1 1 2 1 0 0 0 0 0 0 0 0 0 0 0 0 0 0 0 0 0 0 0 0 0 0
4 2 1 5 21 36 44 74 65 33 44 72 61 50 72 51 81 80 77 54 30 40 9 9 11 9 29 33 37 47 15 53 51 25 9 12 4 15 15 9 22 12 9 8 10 6 7 6 4 4 7 8 17 28 28 17 23 12 13 13 8 18 18 21 15 11 6 5 5 5 3 1 0 0 0 0 0 0 0 0 0 0 0 0 0 0 0 0 0 0 0 0 0 0 0 0
9 8 26 6 6 20 46 65 71 37 27 77 38 34 72 55 50 28 43 59 18 29 23 16 13 17 26 34 32 54 27 17 15 35 21 20 7 29 14 13 20 25 18 16 18 25 21 16 4 15 23 22 29 45 46 42 16 9 35 20 15 20 23 16 21 21 3 11 10 5 3 2 1 0 0 1 1 0 0 0 0 0 0 0 0 0 0 0 0 0 0 0 0 0 0 0
32 13 21 48 31 14 14 23 27 70 25 68 46 42 70 35 16 21 34 26 17 7 23 15 18 35 35 17 12 36 25 17 8 6 8 8 23 26 12 8 42 40 22 45 38 19 17 8 7 20 39 38 40 71 38 31 27 12 49 20 17 23 34 35 23 17 12 15 6 2 2 1 1 2 1 1 1 1 0 0 0 0 0 0 0 0 0 0 0 0 0 0 0 0 0 0
57 55 27 46 61 74 64 34 16 15 45 77 64 29 69 32 31 23 34 31 11 8 30 13 30 27 29 26 22 17 10 14 15 21 25 17 32 7 12 22 41 41 51 51 29 14 7 12 26 21 37 58 72 43 28 35 34 19 59 26 53 20 39 21 19 44 21 9 13 5 3 2 5 6 1 0 0 1 0 0 0 0 0 0 0 0 0 0 0 0 0 0 0 0 0 0
54 69 68 57 64 82 69 85 57 15 32 65 13 24 52 45 35 15 47 9 9 8 18 10 45 29 17 14 13 3 3 14 23 16 35 13 41 10 30 28 56 59 65 30 27 17 15 30 44 40 37 63 62 43 46 61 50 32 69 63 37 44 36 43 57 35 25 18 9 3 3 15 6 1 1 1 1 1 0 0 0 0 0 0 0 0 0 0 0 0 0 0 0 0 0 0
53 76 75 81 75 73 82 82 69 41 35 32 41 17 50 38 27 19 15 8 9 9 26 15 22 20 17 36 26 25 29 28 18 9 12 26 57 26 33 42 69 68 50 30 17 28 29 58 68 51 41 65 54 37 52 72 37 58 63 57 63 28 40 72 67 38 26 12 13 14 8 8 3 2 2 1 0 0 0 0 0 0 0 0 0 0 0 0 0 0 0 0 0 0 0 1
13 70 82 68 78 35 60 72 71 69 59 65 47 16 51 73 44 19 21 15 8 16 25 15 14 16 28 9 13 14 5 12 9 24 54 36 56 27 27 42 67 47 26 13 25 48 46 48 76 58 62 64 35 58 70 65 33 58 45 71 60 65 69 59 43 26 30 12 5 2 2 1 1 0 0 0 0 0 0 0 0 0 0 0 0 0 0 0 0 0 0 0 0 0 0 1
24 22 49 24 12 14 21 18 22 11 14 27 59 18 10 51 62 44 32 30 16 12 9 10 27 10 18 18 45 40 8 21 24 28 65 67 74 42 27 55 50 24 16 30 56 56 51 50 77 58 64 76 67 62 78 65 63 41 62 68 44 65 54 20 8 9 5 8 12 9 8 5 6 2 0 0 0 0 0 0 0 0 0 0 0 0 0 0 0 0 0 0 0 0 1 1
