sesion_6_simulaciones/modelos_agentes/ejemplos_netlogo/scenarios/echam4_b2/rob_2047.asc
NCOLS 322 
NROWS 307 
XLLCORNER 451900 
YLLCORNER 4086900 
CELLSIZE 100 
NODATA_value -9999 
[rows 74 to 147 of 307, columns 96 to 191 of 322]
14 39 25 16 13 17 13 41 16 16 12 50 23 64 54 35 8 3 4 6 39 37 12 6 5 2 2 0 2 4 1 1 4 3 2 1 1 1 2 1 1 1 3 1 1 2 3 1 1 3 2 7 18 12 11 6 10 15 26 19 14 64 51 36 46 51 30 44 55 56 46 58 42 60 33 33 51 56 43 40 22 46 64 58 41 23 25 26 14 19 14 12 11 5 1 0
18 20 20 14 9 14 21 27 16 31 31 21 14 16 30 51 22 28 30 49 79 42 34 12 7 5 2 1 3 1 1 20 5 4 7 4 1 1 1 0 1 6 7 8 12 4 3 17 20 2 2 2 3 10 3 5 12 21 16 9 22 24 44 34 42 30 26 38 47 59 32 70 34 42 33 22 49 25 20 45 51 46 22 24 34 34 29 25 35 31 41 40 20 13 4 2
32 18 16 15 11 20 11 35 14 39 44 15 17 36 24 21 31 54 46 54 69 64 58 40 10 5 3 1 2 3 10 14 10 6 7 6 6 1 2 3 2 1 3 1 2 6 4 7 8 10 2 1 3 2 3 4 9 17 7 9 14 7 31 29 31 27 38 28 55 40 19 48 40 29 39 32 19 14 66 40 30 32 50 37 54 58 54 65 68 51 53 47 30 20 11 6
33 10 24 22 18 14 17 24 21 27 70 25 25 25 26 34 62 31 56 55 72 75 47 33 33 5 3 4 9 6 13 3 6 4 9 2 16 5 2 10 2 1 1 0 2 4 10 9 6 23 16 9 5 1 2 2 6 3 4 3 9 4 23 16 18 11 32 28 34 17 11 16 37 12 32 15 15 22 47 29 43 40 37 55 73 70 77 61 61 70 46 48 28 22 15 11
34 19 26 24 36 16 23 24 10 47 69 58 36 20 35 41 47 59 76 37 35 46 59 66 20 14 16 25 29 14 14 5 7 9 1 4 6 5 6 12 6 1 1 1 3 4 13 16 5 35 26 18 18 9 8 2 2 2 3 2 5 3 4 6 6 7 10 20 11 6 7 7 29 19 12 4 17 24 24 28 48 69 79 72 76 77 54 63 68 48 52 32 24 26 23 36
51 52 17 52 58 36 13 29 11 33 32 64 44 30 32 6 40 80 49 43 44 26 55 68 29 15 56 57 49 43 44 16 3 2 3 10 12 2 5 11 12 2 1 3 3 4 8 45 35 35 32 27 31 8 23 15 13 3 1 1 4 7 2 2 3 6 6 10 3 2 8 15 15 10 36 35 10 10 26 45 60 64 64 66 56 70 70 80 63 44 42 30 25 37 59 36
79 84 63 60 22 17 12 10 11 39 19 12 48 57 12 30 73 46 33 24 38 20 9 44 54 54 63 48 58 44 72 50 10 12 14 22 8 6 2 6 22 6 2 3 7 19 10 9 44 24 38 58 36 24 33 11 18 26 20 15 15 4 17 6 2 1 5 8 9 17 12 2 3 4 8 30 36 53 25 50 52 43 69 55 51 55 69 76 62 55 50 37 68 67 28 25
63 60 73 18 13 15 21 17 15 22 22 5 13 24 27 40 20 52 52 37 28 39 7 14 51 68 65 33 26 35 36 17 33 36 32 26 26 27 5 7 24 17 2 3 12 13 7 4 20 8 51 62 29 66 43 18 41 16 13 12 23 6 12 18 11 4 11 13 30 9 19 5 4 4 7 4 10 49 50 52 28 47 68 60 43 54 76 65 60 54 54 61 74 60 29 50
79 79 66 34 36 37 41 28 14 19 30 5 15 28 35 22 18 69 45 31 35 69 35 32 61 90 59 12 28 37 19 19 6 9 64 34 9 11 5 18 30 30 6 5 9 9 8 11 15 35 39 74 71 72 44 40 43 23 41 18 26 17 19 16 15 14 5 9 25 10 33 43 27 18 8 9 10 11 40 67 75 37 54 53 35 74 59 41 54 69 57 76 54 49 38 69
35 55 77 72 15 14 38 38 52 26 26 8 25 55 38 11 18 80 28 45 40 39 25 62 40 47 24 39 46 32 23 18 9 36 76 46 25 10 7 26 12 4 11 4 6 5 7 11 14 28 20 65 61 76 53 50 65 35 53 37 28 31 15 15 22 10 28 9 22 37 50 48 27 15 18 7 8 16 16 61 55 50 23 45 66 34 41 44 58 49 57 49 34 44 46 84
21 30 43 57 62 17 32 22 16 47 38 17 26 53 40 24 35 77 42 41 22 16 70 71 60 46 22 54 52 34 14 7 46 83 79 74 61 26 25 33 24 3 11 7 8 14 13 10 18 6 4 25 72 83 52 61 50 52 72 57 37 29 14 8 36 14 47 26 23 40 62 52 16 12 19 13 16 19 18 27 64 73 65 41 20 52 65 67 56 69 29 47 45 67 45 77
18 29 45 31 53 57 46 45 22 35 55 15 29 61 44 53 39 51 57 68 62 18 40 47 80 68 62 67 61 65 36 75 85 72 65 82 74 30 17 39 20 5 14 9 8 15 16 12 17 12 15 30 75 79 53 41 51 81 72 70 42 14 26 34 50 31 65 52 40 24 65 42 45 37 30 16 16 24 20 20 35 72 55 70 65 33 59 25 64 33 30 55 42 76 49 64
17 11 6 7 20 44 22 12 18 29 35 18 42 68 51 18 39 31 54 66 74 65 30 33 38 44 72 86 55 57 79 82 84 67 74 72 57 71 41 48 26 44 26 33 14 17 30 33 24 26 17 32 67 89 66 47 77 68 78 68 44 27 29 34 66 42 61 52 50 29 54 39 29 9 27 11 5 16 20 16 9 57 72 60 45 79 52 49 52 50 51 65 70 78 78 45
12 6 1 2 18 19 5 9 14 24 13 29 64 58 24 12 23 31 58 59 71 89 55 29 25 35 78 77 83 40 84 68 67 70 87 80 56 73 42 56 45 79 23 53 35 21 20 16 19 21 19 16 43 83 69 78 68 79 89 63 37 39 46 63 60 45 59 52 43 12 15 24 45 34 39 20 9 13 22 30 41 12 61 66 61 72 81 84 90 71 84 86 73 42 80 34
17 15 5 3 18 12 7 12 19 14 20 31 44 53 22 8 50 51 40 46 53 65 79 77 56 37 61 73 84 78 75 86 82 51 55 41 44 72 27 41 85 67 42 28 23 29 15 26 37 44 47 23 30 61 61 71 68 82 83 66 59 70 68 69 69 35 54 60 46 18 16 40 56 43 24 49 15 8 16 27 34 24 21 58 67 85 75 47 48 61 62 81 73 44 58 71
18 8 8 3 8 6 4 25 15 12 10 18 64 41 16 8 47 31 45 57 56 67 77 75 75 49 54 28 48 77 65 69 73 63 63 60 45 35 51 85 49 63 29 15 24 47 27 31 42 51 43 42 27 32 30 58 70 73 82 62 50 62 58 81 75 44 58 72 28 9 10 33 30 35 69 49 21 19 7 28 24 40 43 17 57 79 75 71 71 63 46 43 60 40 27 49
9 10 4 3 3 2 2 16 16 6 24 42 65 60 17 7 30 9 34 72 71 71 38 52 74 60 58 46 72 91 86 81 58 70 52 33 39 32 65 40 37 34 14 43 71 46 36 38 30 28 28 29 25 25 11 16 55 70 83 53 70 65 81 87 86 49 76 60 46 23 14 25 48 61 80 27 19 50 14 20 22 35 50 38 17 63 66 48 29 44 41 39 31 46 46 44
21 18 10 5 4 2 2 4 11 13 18 51 36 25 37 15 36 10 5 23 30 67 44 41 40 25 48 65 85 91 74 80 83 79 72 43 24 36 77 20 51 50 64 70 73 49 64 21 18 26 56 55 64 61 59 28 11 9 42 55 55 67 80 87 87 61 90 65 62 49 23 29 46 83 62 21 46 40 21 13 30 39 46 41 34 11 30 51 42 42 26 40 63 71 61 60
12 9 5 3 3 2 1 1 5 15 24 28 28 11 13 6 38 16 7 36 32 39 27 36 49 42 36 66 41 69 73 71 73 64 22 32 43 50 51 27 65 66 81 66 59 41 72 58 61 44 51 49 51 37 46 18 8 9 11 40 67 85 78 86 79 51 80 73 37 30 35 55 46 66 35 43 65 47 44 43 33 45 36 37 44 31 9 18 21 29 50 60 69 71 68 60
6 5 5 4 3 3 2 1 2 5 14 25 24 20 9 6 39 12 4 19 15 20 23 31 25 47 45 55 41 15 36 42 34 25 46 49 69 80 53 52 28 68 92 59 38 75 65 51 67 46 51 43 29 38 39 46 27 13 14 63 82 78 84 88 85 82 79 84 68 28 48 37 38 17 26 63 55 21 44 17 27 31 33 33 43 31 40 18 7 33 54 74 80 75 72 46
9 4 10 14 8 7 6 6 4 5 9 16 14 11 11 5 18 8 3 8 17 14 11 15 19 35 37 37 40 31 14 12 18 39 44 74 83 58 63 70 47 83 88 59 74 66 62 39 79 53 65 52 65 72 72 60 40 16 19 33 77 69 85 86 81 75 79 85 76 47 33 46 48 42 44 47 54 75 31 32 19 18 38 34 25 40 56 52 20 21 31 29 45 51 56 48
26 23 14 25 22 16 17 15 9 2 5 7 7 8 6 7 6 5 4 7 8 10 5 8 14 19 25 27 28 39 10 14 17 39 82 86 67 46 73 78 65 76 81 67 59 69 62 54 80 60 51 68 59 68 71 60 42 21 14 18 24 69 81 83 75 68 83 76 52 20 33 59 29 48 69 58 67 41 17 49 19 23 34 35 64 46 29 37 47 47 44 22 14 14 24 28
36 19 31 29 33 24 33 19 10 8 1 2 2 3 6 4 5 5 2 3 7 8 5 5 5 6 27 23 20 9 14 6 24 75 72 74 33 62 87 70 54 57 66 28 38 83 56 75 79 73 53 70 81 56 34 39 44 46 37 23 28 45 67 73 74 70 54 60 32 28 46 46 38 55 65 72 56 40 41 46 36 16 33 66 64 62 45 41 47 51 63 59 41 18 9 18
33 37 43 27 41 34 25 21 18 17 16 6 3 1 1 2 5 4 2 1 4 2 2 3 2 5 19 28 15 11 17 5 33 65 51 32 42 79 88 76 41 50 47 35 79 69 50 54 86 82 45 55 57 73 60 41 14 25 29 38 35 42 34 46 31 52 58 54 26 44 57 53 45 43 65 58 51 59 26 10 38 31 42 59 67 51 50 44 33 42 57 52 48 25 23 7
46 33 43 49 45 30 28 35 19 21 15 12 11 5 3 1 1 3 1 2 3 3 2 2 1 4 5 19 4 5 17 5 24 46 21 30 42 62 58 63 51 54 33 72 77 33 57 87 85 76 76 36 23 32 27 36 17 24 38 45 35 51 34 23 22 39 31 28 24 53 48 64 35 58 64 57 72 36 38 22 44 18 20 28 40 62 63 45 36 29 52 45 51 46 41 19
32 23 47 52 22 33 15 19 36 25 17 17 13 12 6 2 1 1 0 0 1 1 1 2 1 1 2 2 2 18 10 3 6 8 12 42 49 60 87 69 62 48 60 62 58 45 51 89 84 74 90 70 46 59 57 37 20 16 9 18 48 36 29 18 22 37 27 22 32 43 57 63 54 27 33 35 45 38 30 34 8 41 26 37 44 56 54 58 66 47 47 51 56 66 43 31
17 33 70 47 44 25 48 25 40 37 21 20 15 6 5 5 4 3 3 3 3 2 1 1 1 0 1 1 4 18 2 5 6 4 17 46 55 20 48 44 55 46 46 60 47 48 67 87 82 82 84 85 46 32 29 26 25 31 24 5 8 19 21 19 20 26 21 22 22 41 51 64 56 58 18 31 46 37 17 19 40 21 16 39 49 51 56 65 56 70 59 69 69 66 51 43
22 38 63 38 36 37 23 28 42 30 28 24 16 15 7 10 5 7 7 7 4 7 3 2 4 3 0 1 2 9 2 5 8 6 15 23 22 26 20 10 43 57 38 29 38 71 84 85 78 68 79 79 61 46 51 60 56 41 33 12 3 16 13 9 18 15 13 17 30 40 37 46 41 36 46 42 31 47 77 73 59 63 36 35 37 39 48 59 72 60 76 72 66 67 65 63
22 55 25 29 37 30 30 20 36 37 17 12 24 13 10 7 7 9 9 9 9 8 7 6 4 5 2 0 1 4 1 3 6 8 13 14 17 25 25 11 22 60 46 20 49 54 85 79 41 35 45 69 82 74 58 56 51 37 20 9 4 18 10 5 8 11 14 27 34 41 38 42 46 60 71 74 61 79 75 68 59 41 30 15 18 39 62 59 59 65 74 76 75 79 73 68
52 21 27 26 20 32 34 26 13 17 23 25 24 22 9 14 11 11 12 19 18 11 16 8 12 6 5 1 0 2 1 2 4 6 13 16 24 23 23 7 14 27 41 15 40 42 71 44 25 27 52 59 81 76 69 54 52 38 20 15 4 7 6 4 13 10 18 38 36 41 42 39 68 72 86 70 77 67 68 47 18 13 15 31 11 35 48 51 71 81 74 59 46 42 36 34
15 21 37 61 54 41 15 10 12 31 31 25 14 24 21 20 18 24 23 23 24 22 15 18 15 8 3 2 0 0 0 1 1 5 9 29 40 23 24 11 9 9 13 4 15 26 20 28 31 45 47 68 85 77 71 70 65 52 47 22 7 5 6 3 10 15 22 17 18 31 53 53 59 63 64 69 69 56 36 27 30 20 40 37 65 41 25 50 76 66 54 57 58 57 53 51
35 48 44 15 14 22 27 12 22 35 35 29 27 26 23 34 22 30 29 35 16 32 28 22 15 7 2 2 1 0 0 0 1 2 6 14 15 20 27 15 16 12 14 4 11 19 30 63 76 74 87 71 86 84 79 64 66 45 33 19 7 8 6 2 2 5 9 21 34 33 47 69 44 49 46 61 63 23 13 25 22 29 54 46 67 42 66 48 54 50 56 59 55 63 66 60
40 25 33 32 33 20 27 14 38 38 35 36 51 34 45 39 36 53 45 29 31 32 39 15 19 10 6 2 1 1 0 0 0 1 4 7 17 32 29 10 6 10 10 7 11 24 58 43 69 62 65 56 90 86 80 58 42 30 20 8 6 2 2 1 0 4 12 33 45 36 43 65 54 38 31 41 26 29 48 44 27 53 51 50 64 72 52 44 46 48 42 53 58 66 60 76
21 19 13 13 12 10 6 22 43 37 38 55 42 49 48 51 58 30 25 51 39 45 41 19 11 8 7 5 3 2 1 1 0 1 3 3 2 10 19 11 7 8 9 10 20 25 15 30 48 82 53 64 83 70 76 66 48 28 11 7 5 2 0 2 1 2 11 20 49 36 39 17 29 41 30 44 46 46 40 36 35 57 52 51 61 58 32 56 26 34 50 61 64 45 74 76
11 18 27 33 29 16 15 26 39 57 53 52 40 50 70 70 47 31 34 60 46 28 27 22 13 9 9 8 4 3 2 2 1 0 3 3 2 2 2 1 2 4 5 8 18 14 20 37 74 33 27 51 85 72 60 38 29 23 23 14 4 3 1 1 0 2 7 12 21 31 29 22 42 32 38 47 59 70 66 64 59 77 54 39 40 49 60 75 68 43 43 49 45 58 65 60
19 39 28 50 24 22 25 41 41 57 54 24 27 52 53 43 36 34 49 73 38 31 27 25 15 14 8 7 4 2 1 1 2 1 0 2 2 1 1 1 1 3 4 4 6 13 26 16 60 25 40 67 84 60 36 35 26 13 9 10 5 4 0 1 1 1 3 4 12 15 30 37 50 46 71 71 83 52 35 23 71 70 73 50 19 54 72 87 78 67 74 41 67 53 49 80
34 37 59 52 25 43 43 45 64 56 43 31 36 60 41 60 25 40 73 44 32 29 32 30 30 21 11 8 3 4 3 3 3 2 1 0 2 1 1 1 1 2 2 3 5 10 17 15 10 20 47 76 79 52 42 33 16 14 11 7 5 2 1 1 1 1 4 10 18 26 36 45 57 67 74 66 33 33 26 65 69 76 80 83 42 60 82 82 71 61 53 58 45 55 38 56
48 53 32 25 32 43 40 64 32 45 20 44 47 76 60 44 26 64 25 22 47 28 23 16 20 16 14 12 12 7 7 6 3 2 1 1 0 1 1 1 1 1 1 3 7 17 7 15 4 8 28 59 88 81 47 32 20 8 10 5 4 2 2 1 0 2 6 17 34 42 42 51 59 53 46 50 45 58 68 73 71 77 67 82 72 65 65 36 21 17 41 74 65 49 33 39
57 45 30 21 33 46 57 14 53 21 27 45 63 68 47 27 58 53 36 18 19 30 12 11 20 19 29 15 20 17 12 10 4 3 3 2 1 0 0 1 1 1 1 3 4 9 2 9 2 12 24 11 60 70 40 23 10 7 5 2 5 5 2 1 0 4 10 13 19 26 33 38 43 46 67 71 68 67 69 57 67 60 47 74 67 47 38 47 61 63 76 32 53 51 31 31
29 44 27 24 39 62 65 20 53 44 58 43 75 44 32 44 61 28 33 28 59 39 23 16 25 41 30 37 30 34 15 6 1 7 4 3 3 1 0 0 1 1 1 3 4 1 4 9 2 9 9 43 56 34 33 26 22 12 5 3 5 4 3 2 0 1 4 11 16 19 24 30 43 39 37 36 37 39 81 42 66 73 55 52 44 31 64 69 65 78 72 50 42 57 60 60
84 32 45 47 56 41 42 53 50 46 56 51 46 40 36 71 32 41 35 66 59 37 46 34 21 47 52 50 64 41 29 7 3 3 2 2 2 3 2 0 0 1 2 2 1 2 15 5 2 9 37 49 61 22 22 27 15 11 8 4 4 2 2 1 0 0 1 4 9 12 5 17 15 17 34 47 45 47 70 62 54 68 85 45 36 53 52 61 78 68 58 68 51 57 46 59
76 92 85 87 80 50 14 8 54 30 63 77 85 74 58 64 61 72 53 67 52 52 52 47 44 55 70 77 44 45 27 14 15 7 5 5 2 3 3 1 0 1 1 2 1 1 1 2 1 8 20 57 53 14 22 21 20 10 5 6 4 2 2 0 0 0 5 8 11 22 28 38 55 49 31 31 47 77 70 74 77 58 61 74 46 50 65 65 54 37 71 82 48 41 56 65
62 87 71 78 72 56 71 28 55 41 18 36 82 86 88 58 42 53 66 65 59 54 65 50 64 65 77 63 61 55 44 30 19 17 17 6 4 4 3 2 1 0 0 1 2 1 1 1 1 5 17 9 26 10 27 14 19 15 7 3 3 3 1 0 0 2 5 13 18 33 54 46 29 44 66 45 60 76 76 89 78 64 61 58 17 29 32 49 70 82 86 59 80 48 47 58
41 84 61 75 72 63 87 63 38 73 49 43 71 79 71 61 71 53 80 89 89 74 59 44 79 68 72 62 50 41 43 32 29 28 22 14 8 4 2 2 2 1 0 1 2 1 2 0 1 2 4 6 33 18 36 30 14 15 7 7 1 1 1 0 1 3 7 8 17 32 55 64 68 58 73 77 80 76 70 85 83 53 40 37 21 28 51 68 62 90 61 71 77 80 52 52
47 79 68 59 78 50 60 24 46 76 57 32 13 60 68 64 73 58 56 83 87 53 77 41 73 61 72 59 54 26 36 53 49 46 38 14 5 4 4 3 1 1 0 0 2 1 2 0 0 0 3 12 35 7 11 5 15 18 16 5 1 1 0 0 1 3 8 8 18 28 42 59 51 35 34 48 83 59 80 81 88 85 29 23 20 38 65 43 73 85 72 79 66 57 42 59
12 36 23 47 71 57 58 15 49 82 44 25 17 35 70 65 70 68 33 42 68 51 47 64 32 32 79 52 32 21 10 16 26 21 21 20 10 10 8 3 1 1 0 0 1 1 1 1 0 1 3 15 13 22 11 5 5 4 2 1 2 1 1 0 1 2 4 5 11 18 26 22 30 45 47 63 88 89 74 65 80 85 68 22 12 30 29 53 81 68 62 29 21 26 38 56
12 42 69 50 60 40 70 46 59 83 67 37 36 35 70 83 53 12 13 26 38 23 34 71 40 20 65 53 62 24 2 18 40 31 15 26 20 14 5 2 1 0 0 0 0 2 2 1 1 3 6 11 5 7 7 7 2 1 3 3 2 1 0 0 1 1 2 3 5 12 23 29 47 46 58 81 88 87 83 52 60 72 66 35 11 21 43 66 61 32 31 61 61 55 60 72
21 13 13 19 28 42 74 28 65 68 85 56 38 30 31 25 17 13 14 33 27 26 19 63 27 49 57 45 60 74 33 20 22 16 20 24 18 12 6 4 1 0 0 0 0 0 1 1 0 1 6 13 1 3 4 10 3 1 2 2 1 1 0 0 1 3 16 12 18 35 48 68 74 57 72 93 89 88 81 63 21 41 58 55 14 23 42 64 48 48 86 64 46 49 41 75
25 33 15 14 27 46 68 58 39 58 77 59 27 12 32 33 14 35 13 16 24 22 20 64 24 19 53 41 47 61 40 30 36 14 7 8 3 5 3 3 3 2 0 0 0 0 0 0 1 1 5 6 1 3 2 2 4 5 2 1 0 0 0 1 1 3 6 19 43 55 81 56 34 51 81 93 88 79 79 79 66 27 56 54 14 24 47 43 32 72 68 52 63 78 22 10
26 37 27 17 24 17 64 70 62 29 79 51 19 6 27 25 34 38 26 15 20 27 6 28 54 7 19 23 51 74 33 8 18 11 18 17 11 9 4 3 2 1 1 0 0 0 0 0 0 1 6 6 1 2 3 2 3 2 1 1 0 0 0 1 1 4 8 22 44 42 22 25 49 58 76 79 84 76 72 58 71 33 24 27 21 38 31 25 64 86 49 60 67 74 66 22
42 28 29 12 12 15 49 77 41 36 65 64 40 7 24 25 46 37 30 21 22 38 16 19 74 17 25 25 47 48 50 36 33 35 26 17 15 11 7 2 1 0 1 0 0 0 0 0 1 3 9 7 1 2 2 0 1 2 2 1 0 0 0 1 2 6 26 33 24 15 33 42 57 87 77 66 84 58 40 34 63 41 25 6 6 29 31 51 84 60 46 58 79 64 64 31
71 17 30 16 12 18 33 43 14 12 74 53 9 4 23 25 44 37 47 35 39 31 28 21 34 21 11 25 33 32 41 49 29 17 15 7 9 8 7 5 1 1 1 0 0 0 0 0 1 2 6 4 2 1 1 0 0 0 0 0 0 0 0 0 2 10 16 11 7 13 39 51 79 85 84 67 48 67 28 30 59 27 8 3 14 40 52 66 74 30 58 84 75 69 78 40
18 30 14 13 11 9 14 22 17 22 60 29 12 5 16 19 40 15 35 25 24 29 26 16 25 34 18 9 4 19 20 39 18 12 15 10 5 3 4 3 1 1 1 0 0 0 0 0 2 4 5 1 1 1 1 0 1 0 0 0 0 0 0 1 3 8 4 2 9 30 42 51 81 85 72 60 45 53 56 17 25 19 6 5 18 24 48 71 48 45 78 69 67 67 61 52
18 13 25 25 10 11 4 6 6 7 21 10 26 12 7 16 36 15 11 29 12 8 4 25 28 40 7 6 2 7 26 40 36 16 10 5 5 2 2 1 1 1 0 0 0 0 0 0 1 2 3 1 1 1 0 1 1 0 0 0 0 0 0 1 4 2 1 3 16 32 47 76 74 76 68 64 44 33 52 23 12 15 6 6 17 24 52 60 48 37 40 54 49 42 57 63
31 19 12 30 32 18 14 5 3 11 10 8 23 25 7 13 22 25 8 9 8 9 7 49 25 24 15 2 2 2 6 10 29 27 14 7 4 2 1 1 3 1 1 0 0 0 0 0 1 1 2 1 2 1 1 1 1 0 0 0 0 0 0 1 1 0 1 7 20 53 60 80 79 63 42 21 17 18 22 24 17 6 4 5 13 18 38 40 26 16 37 31 21 36 54 67
35 23 12 17 20 32 13 5 1 10 10 5 5 10 5 7 13 18 7 5 5 3 3 9 3 6 18 2 3 3 1 7 24 29 12 6 6 14 10 5 2 1 0 0 0 0 0 0 0 1 1 1 1 1 1 1 1 0 0 0 0 0 0 0 0 1 1 4 19 73 71 67 81 72 43 22 7 2 7 14 10 3 2 3 9 17 31 16 10 30 41 46 73 60 73 65
68 36 20 7 13 23 34 4 6 12 14 7 2 5 4 3 7 17 5 4 3 2 1 4 1 2 10 7 1 3 1 1 8 39 22 10 4 3 2 1 1 1 1 0 0 0 0 0 0 1 1 1 1 1 1 0 1 0 0 0 0 0 0 0 1 4 6 21 45 47 78 82 68 76 66 36 18 7 2 3 8 5 1 1 2 7 8 3 10 29 37 71 74 63 59 63
53 79 32 16 4 8 7 6 7 10 8 5 9 3 4 1 2 14 7 4 2 2 1 2 3 0 4 6 2 3 2 1 3 14 33 16 7 6 7 4 1 1 0 0 0 0 0 0 0 0 1 1 1 0 1 0 0 0 0 0 0 0 0 0 1 7 14 9 17 42 69 64 57 56 72 38 17 6 2 1 1 1 0 1 2 1 2 5 18 31 64 69 42 55 65 64
13 65 72 45 17 8 2 12 5 3 4 4 11 4 3 2 1 12 8 5 2 1 0 1 4 0 2 3 2 3 2 1 3 3 5 22 7 2 4 3 2 0 0 0 0 0 0 0 0 0 0 1 1 1 1 0 0 0 0 0 0 0 0 0 1 1 1 8 45 59 57 54 43 43 43 34 17 7 6 2 1 0 0 1 3 8 9 6 14 37 40 28 31 53 69 62
8 38 45 59 26 12 5 10 10 2 7 3 5 5 6 4 2 3 10 2 1 1 0 1 2 1 2 2 0 3 3 1 3 3 3 2 21 9 6 3 1 0 1 0 0 0 0 0 0 0 0 0 0 0 1 0 0 0 0 0 0 0 0 0 1 2 5 10 40 64 58 72 55 17 16 23 13 12 8 4 1 0 0 1 3 7 22 33 15 13 12 25 44 55 77 57
16 24 18 36 17 8 8 7 9 6 4 4 4 6 5 4 3 3 4 4 1 1 0 1 2 2 1 2 1 1 4 1 0 1 2 6 8 2 11 3 1 0 0 0 0 0 0 0 0 0 0 0 0 0 1 0 0 0 0 0 0 0 0 0 1 2 4 18 38 53 80 69 67 37 12 7 11 8 6 4 1 0 0 3 4 9 24 46 47 37 41 28 47 56 80 69
9 19 7 19 19 17 11 6 6 5 3 2 2 2 3 4 2 2 1 3 2 1 0 1 1 2 2 2 1 0 1 0 0 1 3 7 7 2 14 2 2 1 1 0 0 0 0 0 0 0 0 0 0 0 1 0 0 0 0 0 0 0 0 0 1 2 4 10 35 27 68 64 50 42 43 16 11 7 2 1 0 0 0 2 7 16 29 42 59 50 54 51 45 69 91 78
13 9 9 6 9 4 6 5 14 11 4 1 2 2 2 3 1 1 2 1 1 1 0 0 1 1 1 1 1 1 0 0 1 1 10 15 5 4 2 3 2 1 1 0 0 0 0 0 0 0 0 0 0 0 1 0 0 0 0 0 0 0 0 0 1 2 5 23 43 53 60 68 54 36 24 22 9 5 1 0 0 1 1 0 3 11 21 33 46 34 54 59 76 91 91 79
4 10 5 4 3 2 2 2 3 3 2 2 1 1 1 1 1 1 1 1 1 1 0 0 0 2 0 1 1 1 0 0 1 4 6 10 15 30 23 11 2 1 0 0 0 0 0 0 0 0 0 0 0 0 0 0 0 0 0 0 0 0 0 0 1 4 19 37 45 63 62 61 62 43 13 8 8 2 1 0 0 1 4 3 3 2 6 10 17 38 44 71 69 89 90 75
2 4 2 2 1 1 1 0 1 1 1 1 1 0 0 1 1 1 1 1 1 1 0 0 0 1 0 1 1 0 0 0 0 1 2 2 2 2 2 0 1 1 1 0 0 0 0 0 0 0 0 0 0 0 0 0 0 0 0 0 0 0 0 1 2 2 6 13 38 58 36 69 42 30 10 5 4 2 1 0 0 1 4 9 21 13 18 17 32 56 63 67 80 83 76 64
0 1 1 0 0 0 0 0 1 1 0 0 0 0 0 0 0 0 0 0 0 0 1 0 0 1 1 0 1 0 0 0 0 0 0 0 0 0 1 1 1 0 0 0 0 0 0 0 0 0 0 0 0 0 0 0 0 0 0 0 0 0 0 1 1 4 4 11 24 23 32 44 42 18 6 3 1 0 0 0 0 0 2 5 10 24 44 42 59 79 73 58 73 64 67 52
2 0 0 0 0 0 1 1 1 1 2 2 2 3 1 1 0 0 0 0 0 0 0 0 0 0 1 0 1 1 0 0 0 0 0 0 0 0 0 0 1 1 1 0 0 0 0 0 0 0 0 0 0 0 0 0 0 0 0 0 0 0 0 0 1 3 5 22 17 20 33 21 22 6 3 1 0 0 0 0 1 2 3 7 10 29 72 72 30 39 76 86 62 29 30 44
7 3 1 2 2 2 2 5 3 3 6 8 12 8 4 2 1 1 0 0 0 0 0 0 0 1 1 0 0 1 0 0 0 0 0 0 0 0 0 0 1 0 0 0 0 0 0 0 0 0 0 0 0 0 0 0 0 0 0 0 0 0 0 0 1 4 6 6 11 15 18 12 15 4 2 1 0 0 0 1 2 4 6 12 38 48 41 12 23 60 88 84 84 28 15 19
14 4 2 7 7 9 9 10 10 14 13 11 12 20 8 5 3 2 1 0 0 0 0 0 0 0 0 0 0 0 0 0 0 0 0 0 0 0 0 0 0 0 0 0 0 0 0 0 0 0 0 0 0 0 0 0 0 0 0 0 0 0 0 0 2 5 10 5 3 3 7 7 3 2 0 0 0 0 1 2 4 5 15 36 36 14 5 13 36 80 87 74 55 51 7 3
17 12 6 16 18 29 18 19 33 22 31 21 32 19 13 9 13 5 1 2 1 1 0 0 0 0 0 0 0 0 0 0 0 0 0 0 0 0 0 0 0 0 0 0 0 0 0 0 0 0 0 0 0 0 0 0 0 0 0 0 0 0 0 0 1 4 8 7 2 5 3 2 1 0 0 0 0 0 1 1 5 15 14 11 4 2 9 27 50 69 72 66 32 50 13 3
30 22 14 33 52 72 57 46 64 53 47 34 62 47 39 28 10 3 3 6 2 1 1 1 1 0 0 0 0 0 0 0 0 0 0 0 0 0 1 0 0 0 0 0 0 0 0 0 0 0 0 0 0 0 0 0 0 0 0 0 0 0 0 0 1 3 11 7 3 1 2 1 1 0 0 0 0 0 1 1 6 8 5 1 2 9 19 50 66 52 57 38 21 23 31 2
65 69 56 46 52 49 33 21 52 32 31 28 32 44 47 16 14 15 11 10 5 1 0 1 1 1 0 0 0 0 0 0 0 0 0 0 0 0 0 0 0 0 0 0 0 0 0 0 0 0 0 0 0 0 0 0 0 0 0 0 0 0 0 0 0 4 14 12 2 3 1 0 0 0 0 0 0 0 1 2 1 0 0 2 6 13 23 70 72 89 47 12 8 9 17 3
60 45 71 51 44 56 47 35 25 21 33 42 27 20 30 56 41 16 3 2 2 1 0 0 1 1 1 0 0 0 0 0 0 0 0 0 0 0 0 0 0 0 0 0 0 0 0 0 0 0 0 0 0 0 0 0 0 0 0 0 0 0 0 0 0 2 8 16 7 3 1 0 0 0 0 0 0 0 1 0 0 0 3 6 9 13 45 44 60 70 62 16 3 1 8 5
60 24 60 58 26 11 26 31 37 34 17 13 56 19 21 39 21 16 8 4 3 1 1 1 1 1 1 0 0 0 0 0 0 0 0 0 0 0 0 0 0 0 0 0 0 0 0 0 0 0 0 0 0 0 0 0 0 0 0 0 0 0 0 0 0 1 2 7 7 2 1 0 0 0 0 0 0 0 0 0 0 2 3 6 17 34 45 43 31 28 57 19 4 1 1 2
