sesion_6_simulaciones/modelos_agentes/ejemplos_netlogo/scenarios/echam4_b2/rob_2080.asc
NCOLS 322 
NROWS 307 
XLLCORNER 451900 
YLLCORNER 4086900 
CELLSIZE 100 
NODATA_value -9999 
[rows 0 to 73 of 307, columns 192 to 287 of 322]
38 33 20 12 33 57 32 16 16 21 26 11 9 7 11 9 6 7 11 11 11 11 8 10 16 26 16 28 30 54 24 8 8 2 1 2 5 5 3 12 14 7 7 25 32 34 26 38 49 54 34 35 39 44 39 46 36 78 40 32 5 6 9 26 30 17 28 30 12 26 12 6 10 11 28 13 10 23 42 16 8 11 12 16 15 10 26 21 19 22 6 15 22 50 12 3
45 25 31 27 33 55 18 27 41 28 20 16 25 24 16 14 20 5 11 16 19 11 7 7 9 29 11 14 10 17 52 28 6 4 2 1 2 4 8 6 12 4 2 8 13 18 30 27 42 75 83 63 41 39 38 39 65 62 63 15 15 8 28 22 27 21 31 22 27 14 3 16 8 12 41 16 42 29 25 24 17 24 27 17 14 7 18 24 24 22 10 20 16 24 11 8
25 44 26 24 48 45 32 15 10 25 27 28 42 46 28 43 30 28 40 41 40 20 14 8 5 7 6 2 3 6 8 32 23 6 7 3 2 2 4 2 1 2 12 24 22 38 35 40 48 61 64 53 60 44 60 72 36 32 42 18 16 21 26 17 16 38 13 13 11 16 9 11 9 14 55 17 53 41 18 33 22 18 25 27 15 5 12 14 26 18 11 37 17 34 10 2
34 35 57 53 37 31 28 27 28 50 29 48 61 52 44 62 49 29 43 60 49 45 36 22 15 10 2 3 3 1 4 7 3 5 4 4 4 2 2 1 6 10 6 6 13 41 37 40 16 28 19 21 30 57 45 53 49 19 26 31 33 15 15 29 14 35 26 27 44 14 21 18 6 6 34 19 24 19 27 32 23 21 25 31 18 6 10 23 36 13 24 20 17 32 8 1
20 16 36 11 47 54 49 36 52 47 47 36 41 37 45 64 50 56 62 67 65 45 38 37 23 30 18 25 18 4 2 1 3 2 2 4 1 1 1 2 5 5 9 13 12 18 17 24 49 62 62 49 43 36 66 69 29 25 9 10 29 26 18 25 22 34 22 17 13 8 6 6 8 5 17 17 14 28 53 60 49 16 16 37 33 24 3 20 21 32 29 14 28 41 13 2
24 20 36 31 19 27 55 26 53 44 34 44 19 46 57 60 65 63 30 30 51 35 27 40 37 35 20 32 24 9 8 5 2 1 1 0 0 1 1 1 3 6 11 22 38 57 60 64 57 36 39 39 49 64 83 59 34 27 9 41 58 53 40 36 22 42 15 22 28 23 31 22 19 13 11 17 25 23 34 25 35 58 41 33 35 26 8 15 21 25 11 16 26 25 15 3
17 9 12 30 21 16 54 21 15 31 41 72 46 27 51 65 59 61 38 16 22 46 54 62 38 35 40 29 29 24 18 12 11 9 6 1 3 4 2 0 2 6 14 22 49 34 39 45 61 47 49 82 47 71 76 44 29 34 17 34 46 49 39 40 48 39 32 32 36 13 21 21 16 27 25 13 5 17 35 39 29 54 34 18 10 37 13 11 13 12 12 24 38 52 11 9
13 10 10 16 37 29 48 58 19 10 21 32 59 23 10 32 21 35 40 24 19 35 21 31 36 31 36 25 36 32 29 26 23 22 19 9 12 5 2 1 3 12 22 32 43 48 42 66 82 78 77 51 66 64 71 43 25 10 17 21 28 22 17 16 12 34 21 19 39 20 19 15 20 27 29 19 5 26 46 22 49 66 45 19 11 32 25 12 14 27 26 27 52 30 17 11
24 20 20 12 23 21 36 63 64 32 16 18 34 49 31 23 15 41 48 36 30 44 16 28 52 38 33 36 36 48 44 40 42 36 23 19 9 4 1 2 7 10 24 31 55 56 43 51 67 77 62 42 80 64 62 29 12 44 62 45 53 40 51 31 36 62 30 27 11 12 18 16 20 22 19 11 7 14 18 31 46 60 43 29 13 15 17 12 10 35 26 35 29 38 16 24
16 20 22 14 14 8 32 32 64 52 43 28 27 34 43 22 22 17 46 45 42 51 22 23 37 40 29 29 22 32 8 22 37 35 26 11 7 4 2 3 3 7 16 26 44 24 24 68 48 39 32 85 67 67 43 21 32 55 57 67 47 81 67 34 48 20 38 34 34 13 14 24 23 14 11 8 6 11 41 20 12 44 47 44 26 13 24 8 12 15 17 44 29 42 22 53
22 21 25 26 15 8 5 7 14 37 25 20 16 43 31 23 28 8 17 42 30 54 57 20 24 22 47 29 11 24 33 11 4 4 8 20 10 6 3 3 6 8 20 42 16 38 45 54 19 26 70 76 52 60 29 17 31 44 38 53 77 79 46 24 23 34 40 39 50 36 46 30 29 26 16 12 6 5 14 25 27 54 71 44 48 21 14 20 6 18 43 20 27 21 21 67
44 29 16 21 23 21 16 10 9 9 11 12 21 22 21 17 14 24 18 21 42 48 41 24 5 15 40 32 14 12 31 32 6 2 3 4 15 6 0 3 17 22 26 12 7 8 29 11 19 57 81 70 48 36 15 43 39 31 39 78 65 57 12 23 33 32 52 43 36 47 35 29 37 40 38 27 11 7 22 24 25 75 51 62 44 38 18 11 8 29 30 16 39 14 41 75
56 39 36 52 45 45 42 25 43 29 26 20 11 10 10 10 12 39 33 15 12 25 23 20 5 13 24 19 15 6 6 15 6 2 1 1 6 9 1 3 13 15 14 24 22 19 48 10 30 70 65 37 9 31 56 62 59 64 84 74 21 22 23 16 15 16 27 25 44 29 15 26 46 52 49 29 13 3 21 30 61 65 28 41 56 39 26 8 9 31 27 18 46 15 39 53
71 65 58 62 58 56 45 42 41 45 44 49 25 21 14 12 9 7 7 6 11 9 5 9 9 14 17 16 6 3 5 10 10 7 1 1 3 7 4 6 6 13 10 6 6 31 16 12 43 34 22 7 17 38 46 51 71 68 56 13 42 56 46 33 32 16 14 12 38 30 43 58 41 31 29 33 18 6 13 26 60 29 21 44 71 43 34 17 7 13 14 18 29 16 34 31
28 67 69 70 61 63 41 51 29 32 50 42 37 38 38 36 27 14 5 5 4 3 2 7 9 9 7 5 2 1 5 6 6 5 1 1 4 9 9 5 5 6 9 5 3 7 6 11 16 14 4 10 21 25 42 52 51 14 37 47 56 50 54 76 79 65 56 34 34 46 54 44 52 42 25 20 12 7 14 28 37 19 13 61 73 72 49 53 27 7 11 17 17 18 44 40
43 62 71 50 59 78 60 36 56 45 34 48 46 56 58 43 36 16 11 11 7 4 2 2 6 4 2 1 1 1 1 6 8 9 6 2 3 5 5 7 4 5 4 3 1 2 10 15 9 6 18 14 15 23 31 38 16 46 45 44 55 71 80 66 60 72 35 25 57 13 44 76 50 38 42 44 45 27 11 29 33 19 8 18 44 70 26 19 24 27 6 23 13 17 49 43
74 25 75 57 52 73 80 81 49 27 41 41 59 56 53 45 48 36 28 24 21 17 8 3 2 2 7 7 4 3 1 1 2 3 6 4 4 4 4 7 4 3 3 3 2 1 2 2 9 24 19 39 34 24 19 40 49 46 46 43 68 59 77 66 66 40 26 52 36 33 34 17 54 30 52 60 64 45 34 12 49 29 22 6 19 48 59 22 9 12 6 7 14 26 19 21
53 19 64 44 63 70 71 53 78 81 56 63 67 32 34 34 47 47 36 32 27 23 18 8 7 7 15 12 9 6 1 1 1 1 2 3 3 3 3 4 4 4 2 1 0 2 7 17 20 20 28 51 50 49 24 40 39 64 60 58 77 64 60 51 30 29 43 54 41 27 17 16 47 51 60 59 62 63 48 19 13 26 27 20 7 23 41 29 23 4 11 1 14 22 10 10
43 46 48 53 40 65 71 48 52 82 54 75 84 61 48 37 52 68 66 53 47 29 14 10 16 10 20 18 27 9 8 7 8 4 3 2 3 2 3 3 1 1 0 1 4 8 18 23 19 27 43 54 48 37 52 53 55 52 39 51 67 39 22 12 29 30 27 75 58 20 23 13 49 50 14 32 71 59 63 50 16 11 45 27 17 7 24 29 30 14 2 3 18 10 2 2
50 24 32 49 38 48 76 43 33 66 71 82 83 72 74 67 28 41 45 61 41 32 28 23 22 23 23 30 28 24 17 13 11 10 7 3 2 1 1 1 0 0 2 5 15 15 19 31 19 36 51 42 59 56 58 57 19 14 30 49 75 37 15 37 49 43 59 64 42 35 23 9 17 53 43 15 33 44 57 57 52 17 16 31 25 9 5 16 34 24 3 1 12 2 10 19
69 40 38 42 15 34 65 43 56 43 65 54 73 45 56 62 25 19 39 60 42 54 34 19 45 37 25 18 23 19 13 7 9 8 10 7 4 2 1 0 0 1 5 13 18 24 13 13 37 58 42 49 66 71 78 70 47 34 46 53 55 23 20 51 48 42 44 19 42 46 32 8 11 24 59 31 14 20 71 45 43 21 8 18 22 7 8 24 16 16 2 2 2 4 19 42
50 18 47 44 19 13 36 66 21 40 75 68 73 50 46 26 29 9 20 64 58 41 30 27 18 18 8 7 10 9 12 10 6 5 11 8 4 4 2 0 1 3 7 10 9 20 18 29 34 34 30 41 50 78 81 81 78 66 51 47 32 16 34 42 58 53 43 25 24 43 19 9 10 18 54 35 16 18 29 54 43 35 15 9 25 9 13 19 12 5 4 16 6 13 39 49
66 22 59 63 32 20 25 45 20 19 69 56 43 26 13 30 29 24 8 18 25 40 62 61 31 10 21 12 5 7 6 4 3 3 6 11 8 2 1 0 1 5 11 14 6 9 5 14 9 12 11 31 52 41 59 77 61 45 25 72 37 16 34 41 37 47 69 38 35 16 10 10 24 41 69 35 18 24 36 66 43 23 13 5 11 18 12 18 7 4 12 46 23 25 25 42
56 48 41 61 16 24 29 44 39 16 16 14 18 40 18 13 35 31 15 22 23 23 50 36 33 12 16 19 12 3 4 3 3 3 3 4 7 3 1 0 1 2 2 5 4 3 6 8 16 17 13 28 26 36 38 28 18 36 62 46 16 27 38 33 49 69 48 34 38 25 10 15 25 47 51 27 28 24 38 61 47 52 26 7 6 9 11 18 3 5 16 14 33 49 28 33
25 21 33 32 20 8 34 49 25 9 18 11 13 27 32 17 24 28 24 9 9 14 19 15 14 9 11 19 18 6 3 2 2 2 2 3 2 4 1 0 1 2 5 6 9 15 18 19 18 23 35 20 14 9 10 19 38 39 70 37 14 42 32 28 54 76 40 50 46 25 17 17 29 60 42 26 38 25 33 50 44 45 43 26 8 4 13 8 3 23 28 27 28 26 65 30
12 17 9 28 12 5 36 46 23 8 7 11 12 7 22 22 13 9 13 14 6 6 10 12 10 8 5 13 30 6 4 2 1 1 1 1 2 1 3 1 1 2 2 4 9 10 18 9 9 23 26 43 34 51 36 38 37 56 60 12 22 34 26 19 47 61 38 40 36 30 15 16 33 63 29 42 41 20 17 29 30 42 30 13 15 4 3 8 20 41 45 45 53 35 25 53
7 8 5 6 4 14 29 23 12 6 3 6 6 3 3 11 14 13 11 12 5 4 5 7 3 4 4 5 7 9 7 2 1 0 0 1 1 1 2 1 1 1 1 3 5 7 5 7 17 18 35 38 35 47 57 69 69 80 46 11 26 30 20 29 71 62 20 39 42 28 19 11 27 61 31 27 28 31 8 15 30 41 17 13 5 4 7 22 43 41 46 41 47 56 67 39
4 4 2 1 1 2 3 4 3 2 1 1 1 1 1 2 4 3 6 8 5 4 3 2 1 1 5 4 4 4 7 4 4 2 0 1 1 1 2 1 1 0 1 1 2 4 9 11 10 34 27 32 40 45 56 80 68 59 12 31 37 25 43 58 83 42 50 27 27 29 28 17 40 62 40 27 27 33 9 13 27 38 26 28 12 2 8 19 24 17 17 15 15 21 43 44
1 2 2 2 1 0 1 1 1 0 1 0 0 0 0 0 1 1 1 2 3 2 2 1 1 1 5 4 4 2 2 2 2 1 2 1 0 1 1 1 1 2 5 7 7 9 17 37 13 27 22 25 31 29 68 61 38 11 29 39 37 31 54 80 52 28 43 25 26 30 25 14 25 56 71 44 33 22 10 12 26 43 35 21 10 1 7 10 7 19 22 31 33 29 25 40
3 6 6 10 5 2 2 1 1 4 4 5 5 5 10 5 4 4 1 0 1 1 0 1 0 2 2 2 2 1 1 1 2 1 1 1 0 0 0 1 2 6 7 7 10 17 22 16 40 27 25 22 35 37 71 29 17 25 38 41 34 34 55 79 38 25 25 39 23 12 10 15 42 61 32 57 42 23 10 6 36 31 38 19 8 2 8 19 32 44 27 42 49 43 36 16
7 12 11 13 10 3 3 11 6 11 11 15 13 14 15 15 12 9 8 4 2 1 1 0 0 0 0 1 2 1 1 1 1 1 1 1 0 0 1 2 6 6 8 17 20 29 30 25 35 58 57 53 36 51 32 17 7 37 35 40 21 34 58 68 43 18 26 37 29 22 6 14 54 28 21 64 54 32 14 6 19 17 31 17 4 5 17 20 21 32 31 28 19 18 21 41
16 16 16 17 10 7 7 16 15 16 16 18 30 20 27 26 18 14 11 10 5 9 8 2 2 2 1 0 0 0 0 0 0 1 1 0 0 1 2 7 7 7 11 13 25 30 37 57 47 49 34 71 53 34 37 32 14 33 42 54 50 39 65 30 14 38 45 23 40 18 6 15 28 29 18 65 38 32 13 8 20 18 18 13 3 9 33 43 47 34 28 14 25 26 24 36
35 33 23 32 20 10 10 15 15 18 34 35 35 38 36 22 20 17 14 14 13 14 11 7 6 5 2 2 1 1 2 3 1 0 0 0 0 0 2 5 6 8 9 15 27 32 48 52 44 44 33 22 40 38 46 11 26 37 31 43 36 46 47 54 52 33 24 20 49 37 15 11 30 22 37 68 35 27 19 8 9 16 14 6 9 21 34 60 62 55 55 33 38 47 41 68
42 42 43 28 24 22 13 22 34 36 46 40 43 33 40 29 25 23 20 29 24 22 13 9 8 14 6 5 2 2 10 3 1 1 0 0 0 1 1 3 3 5 9 11 20 39 26 11 57 50 37 22 39 45 9 9 22 26 29 46 54 58 62 35 25 24 35 29 24 31 22 13 30 25 34 47 42 42 20 7 6 11 6 6 16 21 24 28 20 20 21 34 46 47 78 78
47 46 53 48 42 19 16 29 40 49 52 47 48 45 44 44 30 48 40 34 16 10 11 11 12 10 7 6 6 8 3 2 1 1 1 1 0 0 1 4 4 8 16 12 9 15 14 25 24 34 34 10 25 6 12 8 12 18 21 39 56 65 42 60 40 23 24 22 21 34 35 13 15 22 34 39 41 23 17 7 3 6 6 10 25 13 16 24 45 48 45 37 25 73 55 67
59 72 60 28 44 23 32 34 60 54 51 51 52 69 68 51 52 47 30 42 22 18 8 22 21 9 8 8 18 5 2 2 1 1 2 1 1 1 2 3 7 10 17 6 10 13 15 25 22 21 14 9 14 5 12 6 16 33 39 53 41 34 48 62 28 15 13 14 28 26 22 13 10 20 20 43 42 28 16 7 3 3 9 22 37 41 36 33 40 32 28 54 60 72 52 34
71 81 50 49 61 35 28 61 60 71 42 57 67 59 76 60 38 25 48 38 31 23 7 31 9 8 11 19 6 3 3 5 4 4 3 2 2 2 1 1 5 8 4 4 5 15 39 34 25 16 14 7 8 8 16 23 33 26 19 22 29 39 42 61 36 20 20 17 14 11 14 16 8 16 28 27 21 32 16 6 3 11 28 21 34 57 56 58 54 53 31 46 46 51 55 28
58 75 46 47 64 39 37 70 63 69 32 54 74 60 75 48 43 44 56 56 42 19 17 11 12 19 36 5 3 6 6 5 5 4 3 2 2 2 1 1 1 1 2 4 11 30 32 18 36 11 8 5 13 13 19 14 12 7 24 27 23 47 48 42 22 58 61 48 33 30 16 15 7 13 15 13 18 21 8 2 5 20 41 57 51 59 68 62 52 50 50 57 26 11 49 37
71 45 48 43 61 36 38 66 80 64 25 62 78 69 70 71 47 62 77 59 39 19 34 17 31 34 6 6 11 10 6 6 10 6 7 4 3 3 4 2 2 2 2 6 31 19 30 7 9 17 6 6 18 17 19 17 13 23 55 59 48 44 73 42 54 40 49 52 30 19 17 15 7 5 9 14 9 13 3 1 7 16 21 42 44 26 43 19 15 19 12 71 57 32 27 17
86 70 51 40 51 33 50 65 86 51 33 49 71 72 74 49 43 84 59 20 24 49 44 31 37 16 14 14 20 19 10 12 11 9 4 7 4 8 5 4 2 1 0 1 10 10 11 3 2 2 2 6 11 23 22 38 45 45 33 46 60 61 41 57 50 48 23 41 59 28 14 8 6 2 6 8 5 8 4 4 10 21 24 29 25 14 19 28 42 62 74 88 68 33 25 12
77 77 48 50 55 33 43 66 77 51 31 52 84 83 51 65 49 54 25 19 32 66 71 52 38 35 21 19 25 16 13 29 16 5 5 10 7 11 10 4 4 2 2 1 0 1 1 1 2 6 13 16 26 31 33 46 39 33 54 71 75 74 55 59 17 75 61 20 21 53 45 32 19 8 2 5 5 3 2 3 10 12 12 24 18 21 49 53 49 43 54 77 48 33 24 11
74 62 43 55 51 46 34 64 74 48 34 51 83 74 60 53 33 23 9 31 54 65 52 26 21 11 9 37 33 19 26 25 12 6 7 11 12 14 12 3 3 3 3 3 3 1 0 1 3 5 12 13 21 24 23 26 36 53 42 82 73 47 40 77 56 34 68 35 17 12 23 25 29 25 11 5 3 2 2 3 12 12 11 14 24 36 48 49 47 60 49 61 57 42 23 11
72 58 31 54 48 45 42 43 55 33 27 45 62 32 36 34 17 24 19 37 64 36 31 33 18 18 11 45 40 24 46 27 9 13 11 18 18 26 19 9 7 3 6 5 3 1 0 1 3 5 5 8 20 21 35 46 28 54 57 80 33 13 42 76 46 46 29 61 28 8 11 14 25 20 18 15 4 2 1 2 7 12 13 11 15 30 64 43 32 73 44 43 49 20 10 9
42 36 32 47 44 28 47 33 61 65 50 40 40 35 49 50 40 50 28 39 57 39 35 33 24 20 20 49 48 31 50 27 20 19 17 28 26 23 9 11 17 10 7 3 2 1 0 0 2 4 5 11 22 21 25 33 21 37 67 42 30 17 62 74 60 20 13 19 36 18 10 7 10 7 19 8 5 2 1 2 5 10 16 13 36 54 71 46 39 70 40 18 24 33 10 4
41 17 45 53 45 54 54 79 73 88 88 81 41 60 63 62 63 35 31 55 52 36 33 22 25 34 22 51 51 51 40 32 27 29 30 38 51 28 15 13 34 21 4 2 2 0 0 0 3 4 12 14 17 23 13 16 34 57 72 30 21 24 37 71 64 45 16 5 30 31 17 7 6 7 23 7 3 2 1 4 6 13 16 23 26 23 27 21 35 32 44 32 30 26 6 1
27 22 34 51 72 78 84 87 73 72 77 81 83 73 44 45 39 31 36 36 23 33 31 36 50 39 40 71 59 73 44 42 38 44 48 63 65 31 29 22 32 12 6 3 2 3 2 0 1 6 5 10 10 8 9 21 37 53 46 38 19 19 22 78 43 39 35 4 22 36 25 7 5 6 7 13 4 1 1 5 6 13 24 30 29 22 23 15 21 20 25 18 13 6 2 4
45 42 25 27 45 59 77 51 46 43 61 67 66 73 47 40 45 58 52 35 32 39 36 51 69 55 44 71 68 61 43 57 44 54 51 66 49 38 46 20 10 8 12 9 6 7 3 1 1 2 8 7 7 12 14 6 22 21 30 61 28 24 34 48 33 8 30 12 15 20 16 14 7 4 2 34 4 1 1 4 9 13 10 33 21 18 19 14 12 6 7 5 4 4 7 16
58 67 40 23 50 47 50 62 45 59 69 55 67 79 82 66 76 67 48 39 52 51 54 53 63 53 46 72 71 45 56 56 56 59 69 72 56 42 15 7 7 13 12 11 15 9 8 2 1 0 2 6 8 12 14 9 21 24 16 25 26 24 28 44 51 9 18 18 11 26 17 8 10 5 5 5 3 0 1 3 6 10 19 33 16 17 13 11 15 4 3 2 3 7 16 20
41 60 77 46 25 30 56 54 75 48 44 44 77 56 63 92 88 45 61 60 60 57 60 54 58 52 54 77 66 57 59 56 61 76 76 49 21 19 27 22 27 22 19 13 21 17 11 3 1 0 0 11 7 5 14 11 22 18 13 16 19 11 12 22 56 8 6 14 9 9 11 6 5 4 3 4 2 1 1 3 5 7 33 18 7 6 6 7 7 1 1 5 6 10 17 18
74 72 76 79 43 16 21 68 67 65 20 26 45 55 80 85 70 88 89 69 58 76 70 40 60 51 70 64 63 58 62 53 68 81 82 50 45 35 48 45 55 51 31 31 36 14 6 2 0 0 0 1 2 3 12 11 22 20 13 11 9 5 2 7 32 15 8 7 8 7 6 9 5 5 2 2 2 1 1 3 5 7 11 9 4 4 2 3 1 4 5 7 16 20 17 18
57 41 50 84 44 37 33 35 38 47 37 11 38 81 87 85 66 59 84 66 77 80 68 48 69 66 80 75 70 77 61 61 63 61 63 45 47 55 55 58 25 24 49 64 17 8 6 2 0 0 1 1 1 1 4 14 18 30 9 10 8 4 2 18 33 11 11 7 6 6 7 8 4 2 3 2 2 1 1 3 4 8 7 3 2 2 2 5 6 11 14 17 19 21 13 14
31 50 49 82 82 31 39 26 31 31 36 21 46 57 60 64 77 85 69 32 65 34 74 83 93 88 84 62 78 63 75 60 55 36 74 69 72 64 39 34 13 3 51 39 27 15 11 6 2 4 4 2 1 0 1 2 3 9 4 7 5 3 4 10 18 19 11 7 7 1 2 3 5 2 1 1 2 1 1 2 4 4 4 3 1 3 7 7 13 12 14 29 25 20 17 15
21 30 44 48 78 76 47 25 27 29 27 27 44 65 74 79 45 79 78 41 69 64 41 57 76 58 75 51 73 37 24 53 40 40 58 87 73 56 36 74 40 39 44 40 42 20 9 6 9 11 7 2 0 0 0 0 0 2 1 6 5 2 6 12 11 19 10 6 4 3 3 3 2 2 1 1 1 1 0 1 1 2 3 2 1 4 5 7 11 13 17 15 49 27 16 10
12 20 33 9 47 85 48 32 19 17 26 32 28 40 50 65 65 79 60 60 68 54 22 57 73 56 55 50 54 74 62 64 60 37 46 81 87 90 87 82 69 55 56 62 48 25 20 14 27 8 4 4 4 3 2 2 1 0 0 1 1 2 3 11 11 12 11 6 3 3 2 1 1 1 1 0 1 0 0 0 1 1 0 1 1 1 2 5 11 6 10 21 23 22 12 24
23 14 29 54 48 63 84 47 46 20 13 17 21 25 56 47 67 81 23 33 74 73 38 23 83 86 63 48 62 71 40 38 47 35 31 62 78 79 75 49 60 60 35 45 50 44 50 46 20 4 8 11 9 8 8 12 10 2 1 1 1 1 1 2 6 15 8 6 3 4 2 1 1 1 1 0 0 0 0 0 0 1 1 2 3 2 2 3 8 10 12 13 20 22 33 35
33 13 11 43 61 69 87 72 41 37 24 20 19 26 24 18 52 38 28 66 87 49 30 20 28 74 46 53 46 67 64 48 53 50 42 78 65 45 36 29 35 19 15 66 41 64 72 63 29 20 25 17 16 10 7 2 3 2 1 1 1 1 1 2 1 4 7 5 3 3 1 1 1 1 1 1 0 0 0 0 0 1 1 2 4 7 8 10 13 15 14 21 22 25 21 40
52 38 29 21 24 28 45 70 44 53 31 19 15 21 32 15 38 24 52 46 81 46 32 30 18 34 33 46 23 60 65 39 36 38 48 64 62 29 18 29 26 19 19 31 48 40 35 19 19 19 15 15 13 12 14 3 2 3 1 1 1 1 1 1 1 2 4 5 3 1 1 0 0 1 1 1 0 0 0 1 1 1 2 4 2 1 5 25 9 18 25 27 34 29 38 45
28 29 51 23 21 49 51 71 74 58 47 19 15 12 14 19 26 30 29 46 74 81 60 39 14 14 28 9 19 53 64 42 32 33 27 27 30 23 17 21 19 17 16 16 49 32 34 19 10 8 8 3 3 3 7 5 1 3 1 1 1 1 1 1 1 2 2 2 2 1 1 1 0 0 0 0 0 0 0 1 1 1 1 1 1 4 12 19 24 27 29 29 31 41 39 54
46 42 19 15 17 31 44 57 72 52 37 28 12 7 10 20 10 13 34 74 65 71 61 56 32 11 35 33 10 16 45 31 35 27 12 14 18 37 14 13 17 11 7 12 28 30 40 22 14 9 6 4 1 2 3 4 1 3 2 1 1 1 1 1 1 1 1 1 2 1 1 0 0 0 0 0 0 0 0 1 0 1 1 2 3 6 9 22 13 14 11 13 24 39 41 26
60 57 28 14 5 29 28 42 59 64 28 26 13 11 14 16 8 28 56 73 41 43 56 30 25 21 12 23 28 5 24 36 17 18 10 17 16 10 10 11 17 13 4 6 11 26 38 26 22 12 10 5 2 1 1 2 1 2 3 1 1 0 0 0 0 1 1 1 1 1 0 0 0 0 0 0 0 0 0 0 0 1 1 2 5 5 9 11 12 9 8 16 23 25 24 26
63 56 37 31 10 11 25 35 69 27 29 17 10 9 9 10 7 20 58 39 7 27 77 30 21 24 10 14 14 23 18 16 12 12 12 7 6 4 4 9 16 6 4 4 5 13 36 21 25 12 7 5 2 1 0 1 1 1 2 1 0 0 0 0 0 0 0 1 1 0 0 0 0 0 0 0 0 0 1 1 0 1 3 4 3 5 13 13 10 11 17 14 18 25 28 18
59 56 38 20 18 12 24 26 62 29 10 22 16 8 7 6 5 29 35 19 39 52 66 50 26 15 17 26 9 29 19 13 15 8 13 6 7 6 2 6 3 3 4 10 17 23 30 24 39 31 19 9 3 2 0 0 1 1 1 1 1 0 0 0 0 0 0 0 0 0 0 0 0 0 0 0 0 0 0 1 1 1 1 2 3 5 6 11 15 18 20 18 22 14 26 32
52 41 30 21 18 17 10 17 31 52 23 11 16 8 6 5 7 19 17 22 20 37 63 48 28 35 13 16 16 31 12 9 10 9 5 3 6 5 4 3 1 2 4 24 13 11 27 16 28 30 29 12 6 4 1 0 0 1 1 1 1 0 0 0 0 0 0 0 0 0 0 0 0 0 0 0 0 0 1 0 1 1 2 2 2 2 6 8 9 11 14 31 24 31 47 32
44 46 26 17 18 16 13 16 17 29 33 9 7 7 6 6 6 7 10 16 20 37 70 42 33 19 26 11 13 22 10 3 5 5 6 3 3 4 2 2 1 2 12 24 5 12 15 8 21 21 17 18 11 7 5 2 1 0 0 0 0 0 0 0 0 0 0 0 0 0 0 0 0 0 0 0 0 1 1 0 1 2 2 1 1 2 3 3 6 13 10 19 18 10 20 26
81 60 46 15 10 13 10 11 13 22 32 15 11 7 7 5 4 6 6 6 20 26 54 38 17 13 13 15 11 7 14 4 4 4 3 5 3 3 1 2 6 7 13 4 4 8 6 7 12 17 22 18 24 14 9 5 3 1 0 0 0 0 0 0 0 0 0 0 0 0 0 0 0 0 0 0 0 0 0 0 1 1 1 1 0 1 1 2 4 6 12 27 16 17 20 6
45 76 59 37 16 7 6 9 11 15 44 19 11 6 4 3 3 2 4 6 12 20 40 44 16 10 7 7 9 9 8 12 6 3 2 5 3 1 1 2 5 17 8 4 5 7 6 4 12 17 8 9 11 14 12 7 3 2 1 0 0 0 0 0 0 0 0 0 0 0 0 0 0 0 0 0 0 0 1 0 1 1 1 1 1 2 2 2 3 8 10 15 12 14 15 24
21 77 30 66 42 26 6 6 7 16 30 14 9 4 3 2 1 1 4 5 13 27 20 38 28 16 10 6 6 8 6 9 6 4 2 3 1 1 1 2 8 8 7 2 3 6 2 3 12 18 7 6 7 9 26 13 7 3 2 0 0 0 0 0 0 0 0 0 0 0 0 0 0 0 0 0 0 1 1 1 1 0 1 1 2 2 1 2 5 7 7 5 8 15 16 19
36 41 25 58 33 33 16 3 5 5 14 13 4 4 2 1 1 1 4 10 4 5 32 38 40 28 16 15 4 2 3 4 4 3 1 1 1 0 1 1 8 3 2 2 2 8 2 3 15 17 10 3 2 1 13 8 6 4 1 1 0 0 0 0 0 0 0 0 0 0 0 0 0 0 0 0 1 1 1 1 2 3 2 3 3 2 2 2 3 4 5 8 17 21 23 25
38 35 28 23 27 12 36 8 2 2 5 8 4 2 2 1 1 3 3 4 10 29 44 45 49 29 16 8 6 3 4 5 3 3 2 1 1 1 2 4 3 2 1 1 3 10 5 6 21 17 17 4 1 0 2 2 3 4 1 1 0 0 0 0 0 0 0 0 0 0 0 0 0 0 0 0 1 1 3 2 3 4 4 4 3 3 2 2 6 4 4 6 8 6 11 15
34 26 30 19 22 7 11 19 2 1 4 6 8 2 1 1 1 1 4 8 23 24 39 31 33 40 13 7 6 4 4 3 2 2 1 1 0 1 1 4 2 1 1 1 1 2 3 3 13 20 9 4 5 1 1 2 1 1 1 1 0 0 0 0 0 0 0 0 0 0 0 0 0 0 0 0 1 2 1 4 5 4 4 6 4 5 5 10 8 2 3 3 4 13 16 20
24 32 32 19 9 6 6 6 3 1 3 4 5 2 1 0 1 2 7 19 13 7 25 21 18 26 14 7 6 4 3 2 1 1 1 0 0 1 3 4 1 1 1 0 1 4 1 3 17 5 7 3 2 1 1 2 2 1 1 1 0 0 0 0 0 0 0 0 0 0 0 0 0 0 0 1 1 2 3 3 7 11 11 13 15 12 12 12 8 6 5 7 5 6 15 17
11 9 14 16 7 6 3 3 4 2 1 2 2 1 0 0 1 3 6 7 9 8 16 36 8 11 9 12 4 3 2 2 1 1 1 0 0 2 5 1 1 0 0 0 1 2 3 18 30 3 1 6 2 1 1 1 2 1 1 1 0 0 0 0 0 0 0 0 0 0 0 0 0 0 0 1 1 1 1 2 4 4 6 10 17 13 19 20 14 15 8 9 15 13 11 12
4 4 5 5 4 3 3 2 3 2 1 1 1 1 0 0 1 2 2 3 5 4 4 7 6 6 5 5 2 2 1 1 1 1 1 0 1 2 1 1 1 0 0 0 1 2 5 5 17 4 1 3 3 1 1 2 1 1 1 0 0 0 0 0 0 0 0 0 0 0 0 0 0 0 0 0 1 1 1 1 2 3 5 4 16 16 25 30 20 30 27 26 22 21 15 36
5 6 6 4 3 2 2 1 1 1 0 0 0 1 0 0 1 1 1 2 3 2 2 3 4 4 3 2 3 2 1 1 1 0 0 0 1 1 1 1 0 0 1 2 2 4 1 1 2 3 2 2 2 2 2 1 1 1 0 0 0 0 0 0 0 0 0 0 0 0 0 0 0 0 0 0 0 1 1 1 1 2 2 4 8 14 12 14 44 42 19 40 37 36 22 30
