sesion_6_simulaciones/modelos_agentes/ejemplos_netlogo/scenarios/echam4_b2/rob_2095.asc
NCOLS 322 
NROWS 307 
XLLCORNER 451900 
YLLCORNER 4086900 
CELLSIZE 100 
NODATA_value -9999 
[rows 0 to 74 of 307, columns 192 to 287 of 322]
37 31 18 11 30 56 30 15 15 19 24 10 8 6 10 8 6 6 10 10 10 10 7 8 15 23 14 25 26 52 22 8 8 2 1 2 4 4 3 10 13 6 6 22 31 32 24 36 47 52 33 34 37 43 37 46 37 79 39 32 5 6 9 26 31 19 32 32 13 26 12 6 9 10 28 13 10 23 42 15 8 11 11 15 14 10 26 19 18 22 5 14 21 50 11 3
44 23 28 25 31 54 16 25 39 26 19 15 24 22 14 13 19 5 9 14 18 10 6 6 7 26 10 13 9 15 48 26 5 3 2 1 2 4 7 5 10 4 2 8 12 16 28 25 40 74 82 62 39 37 36 40 65 61 63 14 14 7 28 23 29 24 32 23 28 14 3 15 7 12 41 15 42 28 24 24 17 23 26 16 13 6 17 22 23 21 9 19 15 23 10 7
23 42 24 23 46 44 29 14 9 23 25 27 40 44 26 41 28 26 37 38 37 18 13 8 4 6 5 2 2 5 7 27 20 5 5 3 2 2 4 2 1 2 10 22 21 34 32 37 46 60 63 52 59 43 59 72 36 32 41 17 15 21 25 18 18 42 14 14 12 16 9 10 9 13 54 16 51 40 17 33 22 17 24 26 14 5 11 13 25 16 10 36 16 34 10 2
33 33 56 53 36 30 26 25 26 48 27 46 60 50 42 60 47 27 40 58 46 42 34 18 13 8 1 2 3 1 3 6 3 5 4 3 4 1 1 1 4 9 5 6 12 40 35 38 15 27 18 20 29 56 45 53 48 18 25 29 31 14 14 29 15 39 27 26 43 14 21 17 6 5 33 17 22 18 27 32 23 20 24 30 17 5 9 22 34 13 24 19 16 32 7 1
19 14 34 10 46 53 48 35 50 45 46 35 40 36 44 63 49 54 60 65 63 42 34 35 20 28 15 23 17 4 2 1 3 2 2 4 1 0 1 2 4 5 8 12 10 16 15 23 47 60 60 47 42 36 66 69 28 24 8 9 28 25 17 25 24 38 25 18 12 7 5 5 8 5 16 16 13 26 52 60 50 16 16 35 31 23 3 19 20 30 27 14 26 39 12 2
23 18 34 28 17 24 54 25 52 43 33 43 18 45 56 59 64 62 29 29 50 33 25 38 33 33 17 28 22 8 8 4 1 1 1 0 0 1 0 1 2 5 9 18 34 53 57 62 55 34 38 38 49 63 83 58 33 26 8 39 57 51 40 37 24 43 16 22 26 22 29 21 18 13 10 16 24 22 33 24 34 58 40 31 34 25 8 14 20 23 10 15 25 24 15 3
16 8 11 28 19 15 52 21 15 29 40 71 45 26 50 64 58 60 36 15 22 44 53 61 35 33 36 27 27 22 17 11 10 9 5 1 2 3 1 0 2 5 12 19 48 32 38 44 60 46 49 82 46 70 76 43 28 33 16 34 45 49 40 43 52 40 34 33 36 12 20 21 15 26 24 12 5 16 35 38 28 54 33 17 9 36 12 10 13 11 12 23 37 50 10 8
11 9 10 14 35 28 47 57 18 9 20 30 58 22 9 30 20 34 39 23 18 33 20 30 33 28 33 23 34 27 25 22 22 20 18 7 10 5 2 1 3 11 21 30 39 46 41 65 82 78 77 50 67 63 70 42 24 9 16 20 27 22 18 17 13 37 22 20 39 19 18 14 19 26 28 18 5 24 44 21 48 66 45 18 10 30 24 11 12 25 25 25 52 29 16 10
22 18 18 12 21 19 34 62 63 31 16 17 33 48 29 22 14 39 47 34 28 43 14 26 51 37 31 33 33 44 40 36 37 32 20 17 8 3 1 2 6 9 21 27 54 53 42 50 66 77 61 41 80 64 61 28 11 43 61 44 52 40 53 32 38 65 30 27 10 11 17 15 19 21 18 10 7 13 17 30 45 60 42 28 12 14 17 11 9 33 24 34 28 38 15 22
15 18 21 13 13 7 31 31 63 51 41 26 25 33 41 20 21 16 45 43 41 50 19 21 36 37 28 28 19 31 8 19 32 33 22 10 5 4 2 2 2 5 15 24 42 22 22 66 45 37 31 85 67 67 42 20 31 54 56 66 47 81 68 34 49 20 41 34 33 13 14 22 22 13 10 7 6 11 40 19 11 43 47 42 25 12 23 7 11 14 16 43 28 40 21 52
20 20 23 25 14 8 4 6 13 35 24 19 15 41 29 21 26 7 16 38 29 51 53 18 23 19 45 28 9 21 32 9 3 3 6 17 9 5 2 3 4 6 19 40 14 34 41 50 18 26 69 75 50 58 27 16 30 43 37 53 77 80 45 23 23 36 43 39 50 35 45 28 27 24 15 11 5 5 13 25 26 54 70 43 47 19 13 18 5 17 41 18 26 19 20 67
42 28 15 20 21 20 15 9 8 8 10 11 19 21 19 15 13 22 17 19 37 43 37 23 5 14 39 30 11 12 29 31 6 2 2 3 12 6 0 2 14 20 24 11 5 6 26 10 18 54 81 69 45 34 14 42 38 30 38 79 65 56 11 22 32 31 55 47 38 45 34 29 35 39 36 26 10 6 21 23 24 75 50 62 43 37 17 10 7 27 28 15 38 13 41 75
55 38 34 50 43 42 39 23 40 28 25 17 10 9 9 9 11 35 29 14 11 24 19 18 5 11 23 17 13 6 5 14 5 1 1 1 5 8 1 3 12 14 12 20 20 18 42 8 29 69 62 34 8 30 54 61 58 63 84 74 20 20 22 15 15 16 28 26 47 30 15 25 45 50 49 28 12 3 19 29 60 64 27 41 56 37 25 7 8 29 24 17 44 14 38 51
71 65 57 60 57 54 43 40 39 42 42 46 23 20 12 12 8 5 5 5 9 8 4 8 8 12 14 15 5 3 4 9 9 6 1 0 2 6 4 5 5 11 9 5 5 26 13 10 41 32 20 7 16 36 45 49 71 67 55 12 40 55 45 32 30 16 14 13 40 32 42 57 41 30 28 31 17 5 12 25 59 28 20 43 71 42 32 16 6 12 13 17 27 14 34 30
27 67 68 70 60 62 39 49 28 30 48 40 34 35 36 32 25 13 4 4 3 3 2 6 8 7 6 4 1 1 4 5 6 4 1 1 3 7 8 4 4 5 7 4 2 6 5 9 14 12 4 9 18 24 40 51 50 14 36 45 54 50 53 77 80 66 57 35 36 47 56 44 51 40 24 19 11 6 13 27 36 18 12 60 73 72 48 50 26 6 10 16 15 16 43 38
43 61 71 49 58 78 59 35 54 42 33 47 44 52 56 41 34 14 10 9 6 3 2 1 6 4 1 1 1 1 1 5 7 9 5 2 3 4 5 6 4 4 4 2 1 2 8 14 8 5 15 12 14 21 29 36 15 45 44 43 55 71 80 66 60 71 35 26 58 14 43 76 49 36 41 43 43 25 11 29 32 18 7 16 43 70 25 17 23 24 6 21 11 15 47 41
74 24 75 56 52 73 80 81 49 25 40 39 58 55 50 42 46 34 24 22 19 16 7 3 2 2 5 6 4 3 1 1 1 2 5 3 3 4 3 6 3 3 2 2 1 1 2 2 7 21 16 37 32 21 17 39 48 45 44 42 68 60 77 65 66 40 26 54 36 34 33 16 54 29 51 59 63 43 33 11 48 28 20 6 17 47 58 21 8 11 5 6 12 24 17 19
52 18 64 44 63 70 71 52 78 81 55 62 65 30 32 31 45 45 34 27 25 21 17 7 5 6 13 11 8 6 1 0 1 1 1 3 3 2 3 3 3 3 1 1 0 2 6 13 19 17 26 49 45 47 22 38 38 63 59 58 77 64 59 50 29 28 43 56 41 26 16 15 46 50 59 58 62 62 47 17 12 25 25 19 7 21 40 28 20 4 10 1 13 19 9 9
42 45 47 51 38 64 70 47 51 81 54 74 84 61 46 36 51 67 64 51 45 27 13 9 13 9 17 17 23 8 7 6 7 3 2 1 2 1 2 2 1 1 0 1 4 6 16 19 18 23 39 52 46 35 49 52 54 51 39 51 68 39 21 12 28 29 28 76 58 19 22 12 48 50 14 31 71 58 62 49 15 10 42 25 16 6 23 28 27 12 2 2 16 8 2 2
49 23 31 47 37 47 76 42 32 66 70 81 82 71 73 66 27 40 42 59 37 30 24 20 21 19 19 26 26 22 14 10 10 9 6 3 1 1 1 1 0 0 2 3 11 13 17 29 16 32 47 40 55 53 56 55 18 13 29 50 75 37 14 36 48 43 60 64 42 34 22 8 17 53 43 14 31 43 56 56 50 16 14 29 23 7 4 15 31 21 2 1 10 2 9 18
69 37 37 40 14 33 64 42 55 43 65 52 72 42 53 59 22 18 38 58 39 52 30 17 43 33 24 17 21 16 12 6 8 6 9 5 4 1 1 0 0 1 4 11 14 20 12 11 32 54 40 45 63 70 77 69 46 33 45 53 56 22 19 49 47 42 44 19 40 44 31 8 10 23 58 30 13 19 71 44 41 19 7 16 21 6 7 21 15 15 1 2 2 3 17 40
49 17 46 44 17 12 35 65 20 38 72 67 72 48 44 24 27 7 17 63 57 39 29 26 17 17 6 6 9 8 10 8 5 4 9 7 4 3 1 0 1 3 5 9 7 16 15 28 30 31 27 38 48 78 81 81 77 65 50 47 32 15 33 40 57 53 44 25 23 42 19 8 10 17 54 34 15 17 28 54 42 33 14 8 22 8 11 18 10 4 4 14 5 12 36 47
64 21 57 60 30 19 22 44 17 18 67 54 39 25 12 29 27 21 7 17 23 38 60 57 29 9 18 11 4 6 5 4 2 3 5 9 6 2 1 0 1 4 10 12 5 8 4 13 8 11 11 30 50 39 57 76 61 44 25 72 36 15 32 39 36 47 69 37 35 15 10 10 24 40 69 34 17 22 35 66 42 21 12 5 11 17 11 17 6 3 11 44 22 22 22 40
55 46 39 59 15 22 28 42 35 13 15 13 17 38 17 12 31 29 14 20 21 22 47 34 31 11 13 17 11 2 3 3 2 2 2 4 5 2 1 0 1 2 1 4 4 3 5 7 15 16 12 27 24 35 36 27 18 36 62 46 15 26 37 32 48 69 48 33 38 24 10 14 25 46 50 25 27 22 37 59 46 50 24 6 5 9 10 16 3 5 14 13 30 47 26 30
23 20 31 30 19 8 30 46 23 8 17 10 10 22 30 16 20 24 20 8 8 12 17 14 12 8 10 17 16 5 3 2 1 1 2 2 2 3 1 0 0 2 4 6 8 12 17 17 15 20 31 19 14 8 9 18 36 38 70 37 13 41 31 27 54 76 39 49 45 24 16 16 28 60 41 25 37 24 31 48 43 44 41 24 7 3 12 7 3 21 25 24 27 24 64 29
11 14 8 23 11 4 31 43 21 7 6 10 9 6 20 20 11 8 12 13 5 6 9 10 9 7 4 12 24 5 3 2 1 0 1 0 2 1 2 0 1 2 2 3 7 9 17 8 8 20 24 41 32 49 35 36 36 57 60 12 21 33 25 18 47 61 37 39 35 29 15 15 32 63 28 40 40 19 16 26 28 41 29 12 14 3 3 7 18 38 42 44 51 33 23 51
6 7 4 5 4 13 27 21 11 5 2 5 5 3 3 10 12 12 10 10 5 4 4 6 2 3 4 4 5 8 6 1 1 0 0 1 1 1 2 1 1 1 1 2 4 5 4 6 15 16 32 36 34 45 56 68 69 80 45 11 25 29 19 28 71 61 19 38 41 27 18 10 26 61 30 26 27 29 7 14 28 39 16 12 4 3 6 21 41 39 43 38 45 55 66 38
3 3 1 1 1 2 2 3 3 2 1 1 1 1 1 2 3 2 5 7 4 3 3 2 1 1 5 3 3 4 6 4 3 1 0 1 1 1 1 0 1 0 1 1 2 3 8 9 9 30 25 31 38 43 55 80 68 58 12 29 36 24 43 57 83 41 49 26 26 28 27 15 38 61 40 26 26 31 8 13 26 35 24 27 11 2 6 17 21 15 15 13 14 20 41 43
1 1 2 2 1 0 0 1 1 0 0 0 0 0 0 0 0 0 1 1 2 1 1 1 1 1 4 3 3 2 2 2 1 1 2 1 0 0 1 1 0 1 4 5 6 8 16 35 11 25 20 23 30 28 68 61 37 10 28 38 36 30 54 80 51 27 43 25 25 29 24 13 25 56 70 43 31 21 10 11 25 41 32 20 9 1 6 8 6 17 20 29 31 27 24 40
3 5 4 8 4 2 1 1 1 4 4 4 4 4 7 4 3 3 1 0 0 0 0 0 0 1 2 1 2 1 1 0 1 1 1 1 0 0 0 0 2 5 5 7 9 15 21 14 35 25 22 21 34 36 71 29 16 23 37 40 33 33 54 79 37 24 24 38 22 11 10 14 41 60 31 56 40 21 8 5 32 29 36 18 7 1 7 17 30 42 25 40 47 41 35 15
6 11 10 12 9 3 2 9 6 10 10 12 12 13 12 13 11 8 7 3 2 1 1 0 0 0 0 1 1 1 1 1 1 1 1 0 0 0 0 1 5 5 7 14 19 27 28 23 31 56 55 52 35 51 32 17 6 35 34 39 20 33 57 68 43 18 26 37 28 20 6 13 53 27 20 64 54 30 12 5 18 16 29 16 4 4 15 17 20 31 29 26 18 17 20 39
14 15 14 16 9 6 6 14 14 13 14 16 28 19 26 24 16 11 9 9 5 8 5 2 2 1 1 0 0 0 0 0 0 1 0 0 0 0 1 5 6 6 9 12 20 28 35 53 45 47 31 69 51 33 35 31 13 32 40 53 49 38 65 30 14 37 44 22 39 18 6 14 27 27 17 63 36 29 12 8 17 15 15 11 3 8 31 41 44 32 25 13 24 25 23 35
33 31 21 30 19 9 9 12 14 16 32 31 33 35 34 20 19 14 13 13 12 13 10 6 4 5 2 1 1 1 1 2 1 0 0 0 0 0 1 4 5 7 8 13 25 30 46 50 41 41 32 21 39 37 45 9 25 35 30 42 34 45 47 54 52 32 23 18 48 35 14 10 28 21 35 68 32 26 18 7 8 13 13 5 9 18 32 57 60 53 53 32 36 46 41 68
39 40 41 26 23 20 12 21 32 34 41 38 40 31 38 27 23 22 17 28 22 20 12 8 6 12 5 4 2 2 7 2 1 0 0 0 0 0 1 2 3 4 8 10 19 37 24 10 53 49 33 21 38 43 8 8 21 25 27 45 54 58 62 35 25 23 33 27 22 29 21 12 27 24 33 46 40 39 18 7 6 10 5 5 14 20 22 26 19 19 20 33 45 46 78 78
43 43 51 46 40 17 15 27 38 47 48 45 46 43 42 40 29 46 35 32 15 9 10 10 9 9 6 5 5 7 2 2 1 1 0 0 0 0 1 2 3 6 14 11 8 14 13 22 23 32 30 9 22 5 11 7 11 17 20 38 56 65 42 60 39 22 22 21 20 32 34 11 14 21 31 37 39 21 14 6 3 5 5 8 23 11 14 22 43 46 43 35 25 73 54 66
57 71 58 27 42 21 30 32 58 51 49 49 50 65 67 49 50 45 29 40 20 16 7 20 19 8 7 7 16 4 1 1 1 1 1 1 1 1 1 2 5 8 15 5 9 12 12 24 20 19 12 8 13 4 10 5 15 32 38 53 41 33 48 62 27 15 12 13 25 24 20 12 8 17 19 41 38 24 15 5 2 3 7 21 35 39 33 31 38 31 27 54 60 71 51 32
70 80 48 47 59 34 25 60 58 69 40 56 65 57 74 58 34 23 46 34 27 22 6 29 8 7 10 17 5 2 3 4 3 2 2 2 2 1 0 1 4 6 3 3 5 14 36 32 24 14 12 7 7 7 13 21 31 23 18 22 28 38 42 61 35 19 19 16 13 11 12 14 7 15 27 23 20 28 15 5 2 10 23 18 30 53 53 56 53 51 30 46 46 50 54 26
57 74 44 45 62 37 35 68 62 68 30 53 73 59 74 46 41 42 54 54 37 16 16 10 11 17 34 4 3 5 5 4 4 3 2 2 2 1 1 1 0 1 2 3 9 27 29 16 30 10 8 4 12 13 18 13 11 6 22 26 22 46 47 42 22 57 60 46 30 28 15 13 6 11 14 11 16 17 6 2 5 19 39 52 50 58 67 60 51 48 49 57 25 11 46 35
70 44 46 42 59 34 37 65 79 63 24 60 77 68 69 70 45 60 76 58 37 17 32 16 27 32 5 5 8 8 5 5 9 5 6 3 2 3 3 2 2 2 2 5 24 15 26 6 8 15 5 6 15 16 18 16 12 22 54 58 47 44 73 42 54 39 49 51 27 18 16 12 6 5 7 13 7 12 3 1 6 15 18 39 42 24 40 17 15 18 11 71 56 31 26 15
85 68 50 38 50 31 49 64 86 51 32 48 70 71 74 48 41 84 58 19 23 45 42 29 36 15 11 13 19 17 9 11 9 8 3 6 4 7 4 4 2 1 0 1 9 7 9 3 2 2 1 6 10 20 21 37 41 43 32 44 60 61 40 57 50 48 22 39 58 26 13 7 5 2 5 7 4 7 3 3 9 19 22 27 24 13 17 27 40 61 73 87 68 32 24 10
76 76 46 47 54 31 42 65 77 50 30 51 84 82 50 64 49 54 25 17 30 64 69 51 37 33 19 16 23 15 11 26 12 4 4 8 5 9 8 4 3 2 1 1 0 1 0 1 2 6 11 13 22 29 31 45 36 32 54 71 75 73 55 59 16 74 61 19 19 51 43 30 15 7 1 5 5 2 2 3 9 10 11 21 16 19 47 52 48 41 54 76 46 30 22 10
73 61 41 54 49 43 32 63 73 47 32 49 82 73 59 53 32 23 8 29 53 64 50 25 20 9 8 35 31 18 24 23 11 5 6 10 11 11 11 2 3 2 3 2 2 1 0 1 3 4 9 11 18 23 22 25 35 52 41 82 73 45 39 76 55 33 67 34 15 10 21 23 25 23 10 4 2 2 1 2 9 11 10 12 22 34 47 48 46 58 49 59 54 39 20 9
71 57 29 53 47 42 40 41 55 31 26 44 61 32 35 34 17 23 18 36 63 35 30 32 17 17 11 43 38 22 44 23 8 10 10 16 16 24 17 7 6 2 5 4 3 1 0 1 3 3 4 7 19 20 33 45 26 54 57 79 31 12 41 75 45 45 28 60 26 6 9 13 21 17 17 13 4 2 1 2 5 10 12 10 14 29 61 42 31 71 43 41 47 19 9 9
41 36 30 46 43 27 46 33 61 64 49 40 40 33 47 49 38 48 27 38 56 38 34 31 22 19 19 47 46 27 45 25 19 17 14 23 22 21 8 10 15 9 6 3 1 0 0 0 1 4 4 10 21 20 22 31 19 35 66 41 27 16 60 73 58 19 13 18 34 15 8 7 9 6 17 7 4 2 1 2 4 9 13 10 32 50 69 42 37 67 38 17 22 31 9 4
43 16 45 52 45 55 54 80 74 89 88 82 41 58 61 60 62 34 30 54 50 34 32 21 23 32 21 49 49 50 38 30 25 28 25 36 49 26 14 12 32 17 3 1 1 0 0 0 2 4 11 13 15 21 11 15 32 55 71 29 19 22 36 70 63 44 15 4 26 30 16 6 6 6 21 6 2 2 1 3 6 12 15 20 24 21 24 20 30 28 40 30 28 24 5 1
27 21 35 51 73 79 85 87 72 71 77 81 83 73 44 44 38 30 35 35 22 32 30 33 48 38 38 69 57 71 42 38 34 42 46 62 63 29 27 21 28 11 5 3 2 2 2 0 1 5 5 9 9 7 8 18 32 51 44 36 18 18 20 77 39 35 31 3 19 34 23 6 5 5 6 11 4 1 1 4 5 11 22 29 27 18 21 14 18 18 23 16 12 5 2 3
45 43 24 26 45 57 76 50 45 41 60 67 65 74 48 39 43 57 52 34 31 38 35 49 68 53 43 69 67 59 41 55 43 52 49 63 47 36 44 19 9 7 10 8 6 5 3 1 1 2 7 6 7 11 11 5 21 19 28 58 26 22 29 45 31 7 28 10 13 16 14 12 7 3 2 30 3 1 1 3 7 11 9 28 18 15 16 13 11 6 6 4 3 4 6 15
57 68 41 23 50 46 49 61 44 58 68 54 67 80 83 67 76 66 46 38 51 50 52 51 62 52 45 71 70 43 54 54 54 57 68 70 54 41 14 7 6 12 11 10 14 8 6 1 1 0 2 5 7 11 13 8 19 22 15 24 22 22 24 39 47 8 17 16 10 24 16 7 7 4 4 4 3 0 1 3 6 8 17 28 14 16 12 10 14 4 3 2 2 6 13 18
40 60 78 46 24 28 55 52 75 47 43 43 77 56 63 92 89 45 60 58 58 55 59 53 57 50 52 76 64 56 57 54 60 75 75 48 20 16 23 20 25 20 17 10 19 15 9 2 1 0 0 8 6 5 13 9 20 16 12 14 17 10 11 20 53 7 6 12 8 8 10 5 4 3 3 3 2 1 1 2 4 6 30 17 5 4 5 6 6 1 1 5 6 9 16 15
74 72 76 80 41 15 20 67 67 64 19 25 44 55 80 85 70 88 89 69 58 75 69 39 58 50 69 63 61 56 61 52 67 80 82 49 42 33 46 43 52 49 29 26 33 12 5 1 0 0 0 1 1 2 10 9 20 18 10 10 8 4 1 6 29 12 7 6 6 5 6 8 5 4 2 2 1 1 1 2 5 6 8 6 3 3 2 3 1 3 5 6 14 19 15 16
56 39 50 84 44 36 31 33 36 45 35 10 37 81 87 85 66 59 84 66 77 80 69 48 68 65 80 75 69 77 60 60 62 60 63 44 46 52 53 55 24 23 47 62 15 7 5 2 0 0 1 0 0 1 3 12 16 24 8 9 7 4 2 16 30 10 10 6 5 5 6 6 3 2 2 2 1 1 1 2 3 7 6 2 2 1 2 4 5 10 13 16 17 19 11 13
29 49 48 82 82 31 38 25 30 30 35 20 45 56 59 64 78 85 69 31 65 34 75 83 93 88 84 62 78 63 74 59 54 36 74 68 71 62 38 32 12 3 49 35 25 13 10 4 2 3 3 2 1 0 0 2 2 6 3 6 4 2 3 8 15 17 9 6 5 1 2 2 3 1 1 1 1 1 1 1 3 3 3 2 1 2 5 6 11 10 13 27 23 17 15 14
21 29 42 48 79 77 46 25 25 27 25 26 42 64 74 79 45 79 78 40 69 64 41 57 76 58 74 51 73 36 23 52 39 38 57 87 73 55 34 73 39 37 43 38 40 19 8 5 8 8 5 2 0 0 0 0 0 1 1 5 3 2 5 10 10 16 9 5 3 3 2 2 2 1 1 0 1 1 0 1 1 1 2 1 1 3 4 6 10 11 14 14 46 23 15 8
11 19 32 8 46 85 48 31 18 16 25 31 27 39 49 65 65 79 60 61 69 54 21 57 73 55 54 49 53 74 61 63 59 36 45 80 87 90 87 82 68 54 55 61 46 24 16 13 24 6 3 3 3 3 2 1 1 0 0 1 1 1 2 9 9 10 8 5 3 2 2 1 1 1 1 0 0 0 0 0 0 1 0 0 1 1 1 4 9 5 9 19 22 19 11 22
22 14 28 54 47 64 84 47 45 19 13 16 20 24 54 45 67 81 23 33 74 73 38 22 82 85 62 47 61 70 39 37 46 34 30 61 78 78 74 48 59 59 34 44 48 42 48 43 18 3 7 10 8 7 6 11 9 2 1 1 1 1 1 2 4 13 6 5 2 2 1 1 1 1 1 0 0 0 0 0 0 1 1 1 2 2 2 3 7 9 10 12 18 20 31 33
32 12 10 42 61 69 87 72 41 36 23 19 17 25 23 17 51 38 28 66 88 49 30 19 28 73 45 52 45 66 63 46 50 49 41 77 64 43 34 27 33 18 15 63 39 62 71 61 27 18 23 16 14 9 6 2 3 2 1 1 1 1 1 1 1 3 5 4 3 2 1 0 0 0 1 0 0 0 0 0 0 1 1 2 3 6 7 8 12 13 12 18 21 21 20 38
51 37 28 20 23 28 44 70 44 52 30 18 14 19 31 14 37 23 52 45 82 46 32 29 18 33 32 44 22 59 64 37 34 36 46 62 61 27 17 27 25 18 17 29 47 37 33 18 18 18 13 13 10 10 12 3 1 3 1 1 1 1 1 1 1 2 3 4 2 1 1 0 0 0 1 1 0 0 0 0 1 1 2 3 1 1 5 20 8 16 21 25 32 27 34 42
27 29 49 22 21 49 50 71 74 57 46 19 14 11 13 18 24 29 29 45 74 82 60 38 13 13 28 9 18 52 63 40 29 32 25 26 28 21 14 19 17 16 15 15 47 31 32 18 9 7 6 2 3 3 6 3 1 2 1 1 0 0 1 1 1 1 2 1 1 1 1 0 0 0 0 0 0 0 0 0 1 1 1 1 1 3 10 15 23 25 27 27 29 40 37 52
46 41 18 14 16 30 43 57 72 51 36 26 11 7 9 17 9 12 33 74 65 71 61 55 31 10 33 32 10 15 43 30 33 25 11 13 17 35 13 12 16 10 7 11 26 28 39 21 12 7 6 3 1 1 2 3 1 2 2 1 0 0 0 0 0 1 1 1 1 1 1 0 0 0 0 0 0 0 0 0 0 0 1 2 3 5 7 20 12 13 10 11 22 36 38 24
60 57 27 13 5 29 27 40 59 63 28 24 12 11 13 15 7 26 54 72 40 43 56 29 23 20 11 21 27 5 22 35 16 17 9 16 13 9 9 10 16 12 4 5 10 24 36 24 20 11 9 4 2 1 1 2 1 2 3 1 1 0 0 0 0 1 1 1 1 0 0 0 0 0 0 0 0 0 0 0 0 1 1 2 4 5 8 10 10 8 7 15 21 23 23 24
63 56 36 29 9 10 24 34 69 26 29 15 9 8 8 10 7 19 56 38 7 27 77 29 20 22 9 13 13 22 17 15 11 11 11 6 6 3 4 8 15 6 3 3 5 12 34 19 23 11 6 4 2 1 0 1 1 1 1 1 0 0 0 0 0 0 0 0 0 0 0 0 0 0 0 0 0 0 0 0 0 1 2 3 2 4 11 12 9 10 14 13 16 24 26 17
58 55 37 19 18 11 23 25 61 28 9 21 15 7 6 5 5 27 33 18 37 50 66 49 25 14 16 24 8 28 18 12 14 7 11 5 7 6 2 5 3 2 4 8 15 21 29 22 36 29 17 8 2 2 0 0 0 1 1 1 1 0 0 0 0 0 0 0 0 0 0 0 0 0 0 0 0 0 0 0 0 1 1 1 2 3 5 8 14 17 18 17 20 11 24 30
51 40 29 20 16 16 9 16 29 50 21 10 15 7 6 5 6 17 16 21 18 35 62 47 26 33 12 14 14 29 11 8 9 8 4 3 6 4 4 3 1 1 3 22 11 10 25 15 26 28 26 10 5 3 1 0 0 0 1 0 1 0 0 0 0 0 0 0 0 0 0 0 0 0 0 0 0 0 0 0 1 1 2 1 2 2 5 7 8 10 12 29 22 26 45 30
44 45 25 16 17 15 13 14 16 29 31 9 6 6 5 6 6 6 9 15 18 35 68 41 32 18 25 10 12 20 9 3 4 5 6 2 3 4 2 1 1 2 9 21 4 10 14 8 20 19 15 16 10 5 4 2 0 0 0 0 0 0 0 0 0 0 0 0 0 0 0 0 0 0 0 0 0 0 1 0 1 1 1 1 1 2 3 2 5 11 9 17 16 9 18 24
81 60 45 14 9 12 9 10 12 20 30 16 10 6 6 4 4 6 6 5 18 24 52 36 16 12 12 13 10 6 13 4 3 4 3 4 3 3 1 1 5 6 11 3 4 7 5 6 11 16 20 16 21 12 7 4 2 1 0 0 0 0 0 0 0 0 0 0 0 0 0 0 0 0 0 0 0 0 0 0 0 1 1 1 0 1 1 2 3 6 11 25 15 14 19 6
45 75 58 36 15 6 6 9 10 14 41 19 10 5 3 3 3 2 4 5 11 19 38 42 15 9 7 7 8 8 7 10 5 2 2 4 3 1 0 2 4 15 6 3 4 6 5 4 11 15 7 7 9 12 10 5 3 2 1 0 0 0 0 0 0 0 0 0 0 0 0 0 0 0 0 0 0 0 0 0 0 0 0 0 1 1 1 2 3 7 9 13 11 13 14 22
20 77 29 64 40 25 6 6 6 14 27 13 8 3 3 2 1 1 3 5 12 25 21 36 26 15 9 5 5 7 6 8 5 4 1 3 1 0 1 1 7 7 6 2 2 5 2 2 10 16 6 5 6 7 22 11 5 2 2 0 0 0 0 0 0 0 0 0 0 0 0 0 0 0 0 0 0 0 1 1 0 0 0 1 1 1 1 2 4 5 6 5 6 14 15 17
37 39 24 56 31 31 15 3 4 5 12 13 4 4 2 1 1 1 4 9 4 4 30 36 38 26 15 13 3 2 3 3 3 2 1 1 1 0 1 1 6 2 2 2 1 7 2 3 13 15 8 2 1 1 10 6 5 3 1 1 0 0 0 0 0 0 0 0 0 0 0 0 0 0 0 0 0 1 1 1 2 2 1 2 2 2 1 1 3 3 4 8 14 19 22 23
36 33 27 22 25 11 32 7 2 2 4 7 4 2 1 1 1 2 3 3 9 26 41 42 46 26 16 7 5 2 4 4 3 2 2 1 1 0 1 3 3 2 1 1 2 8 4 5 18 14 15 3 1 0 1 1 3 3 1 1 0 0 0 0 0 0 0 0 0 0 0 0 0 0 0 0 1 1 2 1 2 3 4 3 3 2 1 2 5 3 4 5 7 5 10 14
32 24 28 18 20 6 10 16 2 1 4 5 7 2 1 0 1 1 3 7 20 21 35 28 30 36 11 6 5 4 3 3 2 2 1 1 0 0 1 3 2 1 1 1 1 2 3 2 11 17 7 3 4 1 1 2 1 1 1 1 0 0 0 0 0 0 0 0 0 0 0 0 0 0 0 0 0 1 1 3 4 3 3 5 4 4 4 8 6 2 3 2 4 12 13 18
22 29 33 18 8 6 5 5 3 1 2 3 4 1 1 0 1 1 6 16 11 6 22 18 18 23 12 6 5 3 2 2 1 1 1 0 0 0 2 3 1 1 1 0 1 3 1 3 14 4 6 3 2 1 1 1 1 1 1 1 0 0 0 0 0 0 0 0 0 0 0 0 0 0 0 1 1 2 2 3 6 9 9 11 13 10 10 11 7 5 5 6 4 5 14 16
11 8 13 14 6 6 3 2 3 2 1 1 2 1 0 0 1 2 5 5 8 6 13 32 7 9 7 10 3 2 1 1 1 1 1 0 0 1 4 1 0 0 0 0 1 2 2 15 26 2 1 5 2 1 1 1 1 1 1 0 0 0 0 0 0 0 0 0 0 0 0 0 0 0 0 0 1 1 1 2 3 4 5 8 15 12 17 18 12 13 7 8 13 12 10 11
4 4 4 5 4 3 3 2 2 2 0 1 1 1 0 0 1 1 2 3 5 4 3 6 5 5 4 4 2 1 1 1 1 1 0 0 1 2 1 1 0 0 0 0 1 2 4 4 14 3 1 2 3 1 1 1 1 1 0 0 0 0 0 0 0 0 0 0 0 0 0 0 0 0 0 0 0 1 0 1 1 2 4 4 14 14 23 28 19 28 25 24 18 19 13 34
5 5 5 3 3 2 1 1 1 1 0 0 0 0 0 0 1 1 1 1 3 2 1 3 3 3 2 2 3 1 1 1 1 0 0 0 1 1 1 1 0 0 1 1 2 3 1 1 2 2 2 1 1 2 1 1 1 0 0 0 0 0 0 0 0 0 0 0 0 0 0 0 0 0 0 0 0 1 1 1 1 2 1 3 7 12 10 12 42 39 18 38 35 34 21 28
1 1 1 1 1 0 0 0 0 0 0 0 0 0 0 0 0 0 0 1 1 1 1 2 2 1 2 1 2 1 1 0 0 0 0 0 1 1 1 1 0 0 1 1 1 1 1 0 2 3 3 1 1 3 1 0 0 0 0 0 0 0 0 0 0 0 0 0 0 0 0 0 0 0 0 0 0 0 1 1 1 1 1 1 1 1 1 2 3 5 5 7 29 46 47 34
