sesion_6_simulaciones/modelos_agentes/ejemplos_netlogo/scenarios/echam4_b2/rob_2079.asc
NCOLS 322 
NROWS 307 
XLLCORNER 451900 
YLLCORNER 4086900 
CELLSIZE 100 
NODATA_value -9999 
[rows 148 to 221 of 307, columns 0 to 95 of 322]
0 0 0 0 0 1 1 0 0 0 0 5 5 5 3 5 8 5 2 4 1 1 0 0 0 0 0 0 0 0 0 0 0 0 0 0 0 0 0 0 1 1 1 1 1 1 3 2 2 7 3 3 7 4 7 17 15 6 4 13 25 25 23 14 24 34 32 18 21 48 45 48 24 28 59 74 23 23 18 31 31 27 12 21 60 46 18 12 47 40 34 39 61 58 38 64
0 0 0 1 1 2 1 2 2 0 1 3 5 13 9 12 19 4 6 6 4 3 0 1 0 0 0 0 0 0 0 0 0 0 0 0 0 0 0 0 0 0 0 0 1 8 4 3 1 2 2 5 8 8 2 2 3 2 13 11 10 36 19 13 20 35 29 25 28 43 20 9 6 36 27 29 62 12 14 38 34 21 28 22 13 58 27 18 14 26 14 54 35 66 50 25
0 0 0 1 1 3 3 1 1 2 1 2 21 22 18 8 38 16 14 15 6 2 0 0 0 0 0 0 0 0 0 0 0 0 0 0 0 0 0 0 0 0 0 1 5 3 2 2 2 2 2 3 4 5 10 6 11 11 11 11 19 31 11 12 30 27 36 45 28 6 35 19 20 34 63 27 30 9 3 10 22 25 19 37 19 24 51 35 19 26 19 14 30 32 45 21
0 0 0 0 0 0 0 0 0 1 2 1 5 20 17 16 48 42 29 5 1 0 1 1 2 1 0 0 0 0 0 0 1 0 1 1 2 0 0 0 1 1 3 5 1 1 1 2 1 1 4 4 5 4 7 5 13 13 14 14 24 21 17 12 25 46 41 27 64 22 9 39 50 24 35 13 25 44 18 8 12 21 26 16 25 15 24 57 46 29 28 17 13 33 44 40
0 0 0 0 0 0 0 0 0 1 1 2 1 2 2 2 2 3 4 2 1 3 4 2 5 1 3 0 0 0 0 0 1 0 0 0 0 1 0 0 0 0 1 2 1 3 5 8 4 2 3 4 7 5 2 6 8 26 10 22 18 26 37 66 69 49 50 22 23 77 27 24 26 32 19 6 10 13 44 26 13 17 33 28 19 28 21 26 55 26 23 22 8 9 24 25
1 0 0 0 0 0 0 0 0 0 2 1 2 3 2 2 1 4 5 8 21 8 15 4 4 1 1 1 0 1 1 0 0 0 0 0 0 0 0 0 0 4 0 1 2 1 1 2 5 3 6 10 9 7 3 5 9 17 26 23 51 41 59 56 66 63 54 12 20 59 61 45 28 18 28 18 15 11 25 16 25 20 21 33 27 23 20 21 67 46 16 16 19 9 30 33
4 1 2 1 1 1 2 0 0 0 0 1 1 4 5 2 1 3 13 13 20 39 19 27 7 4 5 4 1 1 4 2 0 0 0 0 0 0 0 1 0 2 1 1 2 0 1 2 1 5 10 17 29 21 25 11 14 16 31 41 21 17 58 65 63 56 55 38 24 38 73 25 29 22 15 12 24 8 24 45 19 30 31 19 19 17 21 17 31 26 42 18 11 9 8 15
7 4 6 2 3 2 1 1 0 0 0 0 3 2 2 4 3 2 3 16 28 16 17 23 9 6 5 5 1 0 1 9 11 2 1 0 0 1 1 1 0 2 8 1 2 2 1 1 1 3 4 6 15 4 7 25 12 22 14 8 8 11 19 42 46 14 21 13 40 53 48 45 24 22 30 12 13 17 18 35 32 22 31 27 18 20 19 19 18 21 26 33 21 13 9 7
4 6 6 10 11 3 1 8 1 0 0 0 1 1 3 4 3 6 3 2 4 21 24 3 5 11 2 8 2 0 0 1 4 7 4 2 1 1 1 1 1 2 14 1 1 2 2 3 4 5 8 13 9 8 14 11 15 32 19 20 29 27 12 8 5 19 15 19 13 29 33 51 59 32 17 11 14 18 23 33 39 56 18 25 18 16 15 8 13 22 19 6 32 13 5 7
11 25 13 31 9 3 8 16 2 1 1 1 3 9 4 2 6 5 3 3 5 4 3 18 10 2 2 7 8 2 1 1 1 10 10 6 5 4 3 4 4 3 19 12 2 1 2 2 3 4 8 13 7 16 19 6 7 13 20 16 19 12 7 14 14 5 2 11 28 35 42 53 28 34 18 17 23 21 35 29 35 29 37 17 17 15 8 6 9 10 15 10 14 19 8 4
10 37 7 33 8 16 21 18 1 4 3 1 1 1 4 4 6 23 18 29 6 3 5 3 4 2 3 16 3 16 2 6 5 12 4 8 6 15 6 3 5 2 12 17 13 2 1 1 3 3 3 3 3 9 13 5 13 29 36 43 19 26 29 25 25 10 9 16 25 30 29 40 33 22 36 11 21 34 34 40 25 19 26 25 9 8 5 2 3 9 10 14 14 12 15 10
4 38 20 30 22 32 25 4 4 9 8 3 3 2 2 1 3 7 8 35 13 3 4 4 23 15 9 11 3 18 21 3 4 14 30 27 15 33 35 8 7 3 3 15 14 7 4 2 3 1 1 1 6 7 6 5 8 5 6 9 8 21 37 33 34 23 25 27 22 28 30 29 23 33 12 20 19 30 19 15 17 16 12 17 24 17 10 17 10 6 6 7 13 13 8 5
4 4 3 23 37 34 6 3 18 7 11 16 8 3 2 3 5 6 10 6 10 20 15 4 22 16 15 20 22 8 46 34 10 4 17 58 50 18 19 22 23 3 3 23 25 22 4 2 3 3 2 1 19 6 40 41 38 36 51 43 25 14 21 21 22 21 26 32 30 20 22 31 28 35 18 29 16 18 18 24 13 13 13 21 12 11 14 15 9 10 12 6 6 8 4 2
3 13 9 8 10 26 11 32 31 13 11 19 7 7 2 4 3 4 9 8 13 14 15 5 31 36 23 46 33 22 43 61 50 20 17 3 11 28 12 5 8 4 3 47 42 28 14 9 6 11 32 46 25 10 11 44 39 10 20 45 39 20 34 25 23 19 20 41 34 17 20 22 29 32 22 24 23 25 14 14 11 13 5 10 10 6 11 8 6 6 6 6 2 3 3 4
6 7 6 16 15 7 25 58 36 43 2 12 20 21 28 9 14 4 6 7 9 5 22 42 69 32 60 66 45 45 28 46 63 33 27 12 33 49 59 70 50 23 8 23 57 35 15 40 10 15 40 45 65 27 14 50 69 28 20 18 58 57 20 47 28 27 20 28 26 21 27 26 27 22 22 24 21 17 15 7 6 7 8 8 10 5 7 6 4 4 3 3 1 1 1 1
3 5 19 11 10 3 24 51 27 54 9 11 36 26 43 23 7 12 8 17 23 26 10 38 53 60 67 69 39 69 50 69 63 69 63 65 52 60 68 59 7 40 39 11 4 29 22 33 18 14 38 30 40 53 12 22 51 81 42 31 38 22 23 26 33 43 44 40 27 17 34 22 17 16 14 9 15 8 4 4 4 6 6 5 5 2 3 1 2 3 1 4 6 6 5 7
1 3 2 5 11 14 7 65 23 15 11 18 25 5 16 28 10 11 11 35 36 17 18 11 50 80 69 75 56 82 66 68 69 61 70 69 79 72 72 76 65 37 10 7 2 4 31 32 17 5 13 39 52 59 53 65 70 70 78 33 24 28 27 38 34 37 51 26 21 35 19 15 16 15 6 4 3 3 8 9 12 5 4 2 4 8 12 12 21 5 10 21 11 21 20 13
1 3 6 8 5 7 8 24 35 24 42 31 40 42 15 30 22 25 7 7 19 53 29 18 13 27 28 63 61 40 17 16 15 22 24 29 76 59 60 73 69 50 32 8 2 4 25 19 15 12 9 9 29 67 58 56 43 44 72 68 27 17 26 31 38 39 22 32 23 11 13 16 17 10 8 6 4 3 3 3 7 13 10 15 20 29 30 31 19 15 17 32 29 45 45 23
2 2 2 3 7 9 13 10 13 11 23 52 51 58 13 8 13 34 34 17 14 16 37 10 16 23 17 15 12 19 28 17 27 26 45 27 25 20 19 22 15 26 16 6 5 7 18 18 22 14 14 16 4 26 26 33 40 58 35 51 43 24 53 55 46 30 27 19 20 16 15 17 7 4 9 8 3 2 3 8 31 33 23 35 40 43 38 52 38 38 67 68 46 63 43 32
1 1 3 10 10 15 16 15 17 15 22 5 8 11 12 17 11 6 39 46 36 20 24 7 20 40 34 26 18 22 34 39 19 46 20 17 16 23 25 21 14 8 12 10 14 14 27 27 30 20 12 6 8 8 14 37 15 12 11 36 22 33 35 23 34 20 14 20 20 9 9 6 8 6 10 10 14 3 28 27 42 40 40 47 46 64 65 50 48 59 33 17 26 23 27 54
1 2 4 4 4 9 14 8 19 32 7 12 23 17 10 18 4 5 8 15 27 19 14 12 23 17 26 20 35 13 31 23 17 26 18 15 22 41 17 39 22 9 7 6 6 10 15 29 22 20 11 22 23 18 21 20 20 17 24 32 58 53 33 12 18 18 16 7 10 6 5 31 30 17 18 28 13 20 38 57 66 52 50 73 69 67 67 55 66 67 40 15 8 9 17 43
5 16 16 20 6 5 6 6 12 19 10 13 17 14 12 7 9 8 18 20 15 19 22 12 22 14 11 22 9 13 21 18 21 17 14 14 12 28 12 42 21 14 13 4 2 2 9 11 59 45 21 17 52 25 12 31 40 58 55 45 54 32 22 15 18 13 5 6 14 13 27 41 51 23 33 40 27 40 58 59 70 83 53 83 72 70 61 64 60 56 44 38 11 7 7 11
1 2 4 3 3 3 7 8 11 7 11 5 11 13 6 3 6 7 13 13 7 5 5 10 17 13 11 10 15 15 14 16 9 16 12 5 17 12 20 31 19 15 26 9 10 4 3 11 16 39 19 31 26 13 15 31 35 31 25 17 17 12 7 4 5 2 13 27 40 29 44 56 54 40 55 43 27 46 63 58 82 69 60 59 47 12 14 46 25 34 25 15 15 5 3 20
2 4 4 5 4 6 3 5 5 8 4 6 8 11 13 13 15 8 8 8 12 3 5 16 39 24 11 8 12 6 8 20 52 21 12 6 23 10 34 8 22 10 18 13 8 5 7 9 6 17 22 20 9 17 16 18 49 22 14 12 7 20 23 32 15 24 35 48 45 41 40 56 41 42 51 45 34 46 58 69 71 60 43 41 32 18 18 19 33 17 15 13 8 6 3 4
1 2 2 4 6 2 2 3 3 5 6 4 10 7 26 16 9 21 19 13 37 13 17 14 31 29 10 17 5 8 17 12 42 43 21 15 17 24 27 8 8 6 11 14 6 11 7 5 5 9 10 18 14 17 20 20 13 7 6 25 22 39 39 40 28 30 45 49 59 57 39 55 57 58 46 56 52 55 57 63 61 76 51 39 24 28 25 12 48 26 11 6 1 6 6 8
1 2 3 4 1 2 1 3 5 4 8 10 9 8 6 10 38 42 18 16 20 12 25 10 13 19 21 10 6 7 6 10 13 15 20 25 8 10 26 18 12 12 9 7 12 9 9 8 7 8 11 14 25 21 14 12 16 23 31 47 40 37 49 40 30 44 46 45 56 41 44 55 70 38 42 49 55 62 76 54 29 29 33 42 36 28 18 14 12 14 7 5 5 3 5 5
1 1 2 1 1 5 3 5 16 22 27 22 20 28 14 7 14 31 23 31 7 15 30 10 11 7 12 19 9 23 16 13 11 12 22 33 12 19 23 22 13 2 3 7 6 8 4 4 8 12 14 26 20 17 25 15 24 27 45 40 35 33 45 34 29 37 46 27 53 47 36 62 46 32 42 64 54 61 28 82 58 62 35 27 35 31 23 25 10 7 3 4 2 1 3 1
1 1 2 1 1 1 2 5 5 10 23 40 22 26 38 9 14 12 9 9 11 28 21 11 4 6 2 5 5 9 7 7 12 12 21 20 9 17 24 18 11 5 3 2 5 5 7 15 10 9 21 14 14 31 18 17 27 44 41 46 38 36 37 28 29 53 53 34 53 47 46 47 64 65 46 55 68 65 25 24 53 67 52 48 26 18 21 27 13 8 5 2 2 4 4 2
0 1 2 1 2 1 2 2 5 6 3 4 3 5 7 14 14 13 28 11 19 22 8 12 2 9 2 7 3 4 7 7 8 7 11 9 10 8 15 11 9 4 2 4 6 6 9 11 12 13 14 25 18 16 15 27 39 36 32 35 31 23 39 34 37 52 48 42 48 78 63 55 50 65 20 18 15 52 57 36 25 52 37 28 23 18 23 10 6 14 8 4 3 2 1 1
1 2 4 8 1 12 8 1 6 4 4 3 11 5 10 11 12 8 8 9 6 12 4 5 3 2 3 2 2 5 4 4 5 5 6 5 6 4 6 11 6 7 8 11 14 7 11 9 18 27 25 39 26 18 29 29 31 39 24 28 45 29 44 43 35 45 31 63 27 46 78 76 73 59 70 48 33 18 15 33 28 22 45 39 36 29 26 40 18 6 6 4 4 2 2 0
4 3 1 2 10 5 2 4 3 3 2 4 3 3 11 5 6 2 6 5 7 1 3 3 1 1 1 1 1 1 1 2 2 8 2 3 2 5 5 2 3 7 3 4 5 9 6 10 20 31 26 26 24 23 20 36 27 33 32 25 34 37 28 32 35 51 33 37 74 34 73 77 56 73 77 80 61 56 53 42 42 37 17 11 27 35 22 27 12 9 5 3 4 2 1 0
3 18 4 6 2 3 2 3 2 2 2 1 2 5 11 16 28 6 5 8 4 3 1 2 2 0 1 1 1 0 1 2 2 2 1 2 2 2 5 3 2 6 4 17 7 7 13 6 20 23 18 16 19 17 17 20 38 26 24 39 34 40 34 23 39 14 29 31 37 46 34 68 48 59 78 79 79 87 70 57 61 73 75 58 22 19 22 22 15 7 6 3 2 1 1 0
1 2 2 3 5 4 1 1 1 2 2 1 2 2 2 4 4 5 5 5 6 2 2 1 1 1 0 0 0 1 1 2 1 1 1 1 2 2 4 3 2 3 5 14 4 13 6 8 12 21 7 10 11 12 13 17 30 30 18 24 34 18 16 55 62 53 36 21 15 6 15 19 34 36 66 74 68 74 78 61 79 70 67 35 28 31 29 20 25 11 5 5 2 1 1 0
1 1 3 3 3 2 2 1 0 1 0 0 1 2 8 5 11 4 5 3 3 1 1 1 1 1 1 0 0 0 1 0 1 1 0 0 1 4 1 2 1 3 3 5 4 6 6 7 10 8 4 8 6 6 13 8 17 26 25 18 28 45 12 7 6 10 15 30 30 22 13 12 7 21 37 64 55 77 87 54 72 87 66 51 40 27 24 23 19 9 6 6 3 2 1 0
0 2 2 1 1 1 1 0 0 0 0 0 0 2 2 2 3 3 2 2 1 2 1 1 1 1 1 0 0 0 0 0 1 1 1 1 1 3 0 0 1 3 2 3 4 2 3 3 5 2 7 11 7 10 13 12 16 16 18 11 16 43 19 10 28 43 51 38 42 31 30 43 18 8 16 54 51 77 86 78 64 64 61 50 35 34 33 23 19 15 11 10 6 2 1 0
0 1 1 1 1 1 1 0 0 0 0 0 0 0 1 1 1 2 1 0 0 0 0 0 0 1 1 0 0 0 0 0 0 0 0 0 1 1 1 1 1 2 3 4 1 1 3 2 3 4 12 26 15 40 36 58 34 21 27 12 9 4 54 35 9 36 58 43 46 50 53 39 26 24 13 16 21 48 79 58 46 27 22 40 16 30 15 14 15 18 15 9 7 3 2 1
1 0 0 1 0 0 0 0 0 0 0 0 0 0 1 0 0 0 1 0 0 0 0 0 0 0 0 0 0 0 0 0 0 0 0 0 1 1 0 1 1 2 11 26 9 6 4 8 6 3 22 15 60 42 37 49 18 23 33 45 9 10 10 71 23 21 38 63 47 35 59 66 74 48 40 20 12 7 10 9 13 13 11 29 31 12 11 7 6 15 7 8 5 3 1 1
0 0 0 0 0 0 0 0 0 0 1 0 0 0 0 0 0 0 0 0 0 0 0 0 0 0 0 0 0 0 0 0 0 1 1 1 3 5 8 9 10 19 12 25 15 17 13 2 10 13 8 11 32 41 42 49 24 49 44 31 31 18 7 46 67 19 6 28 61 72 58 59 37 38 51 49 27 11 16 5 15 16 14 10 25 25 8 9 6 6 6 3 3 2 2 1
0 0 0 0 0 0 0 1 2 0 0 1 1 0 0 0 0 0 0 0 0 0 0 0 0 0 0 0 1 0 0 0 0 0 0 1 4 5 7 9 7 19 17 15 26 28 24 7 4 6 38 24 11 40 11 16 19 53 68 46 35 26 18 24 81 31 29 15 40 59 81 27 15 28 36 59 49 42 37 24 14 12 6 8 10 23 13 5 4 2 3 3 2 1 1 1
0 0 0 0 0 1 1 1 1 1 1 0 1 0 0 0 0 0 0 0 0 0 0 0 1 1 0 0 0 0 0 0 0 0 0 0 1 5 8 15 10 6 11 11 18 40 47 51 9 9 22 33 24 13 36 9 37 43 61 59 14 24 18 15 80 54 23 22 26 79 81 88 51 43 35 29 23 21 17 18 29 29 15 6 7 7 17 12 6 6 2 5 3 1 0 0
1 1 0 2 1 1 1 3 3 3 1 1 2 0 0 0 0 0 0 0 0 0 0 0 0 0 1 0 0 0 0 0 0 0 0 0 2 4 9 25 16 7 4 9 17 49 57 62 68 61 12 22 21 23 15 13 25 48 60 63 17 23 29 27 58 87 57 38 24 16 21 54 28 32 25 54 41 21 17 12 13 15 19 15 7 3 5 9 7 5 2 4 2 1 2 1
0 1 1 3 3 3 5 2 9 5 2 4 2 1 3 1 1 0 0 0 0 0 0 0 0 0 0 1 0 0 0 0 0 0 1 1 1 1 1 1 13 19 6 12 11 16 34 43 68 75 63 33 34 52 30 44 27 60 72 56 58 21 43 38 28 82 90 68 51 26 16 20 57 41 31 31 44 48 24 21 10 12 12 16 15 4 2 8 4 7 3 2 1 2 1 0
0 0 1 4 6 4 16 27 22 22 13 9 3 6 8 5 1 1 1 0 0 0 0 0 0 0 1 0 0 0 0 1 1 1 1 2 2 2 2 2 3 8 8 9 6 15 47 27 58 69 81 43 40 38 52 55 10 54 66 63 61 45 35 35 19 76 84 85 60 58 17 8 47 69 39 13 20 15 29 11 15 12 11 9 15 6 3 3 6 4 3 2 1 1 1 1
0 0 1 8 11 21 35 35 32 57 60 19 20 15 12 6 2 4 2 1 0 0 0 0 1 4 3 0 0 0 0 0 1 1 1 1 2 3 5 3 3 5 4 4 12 17 33 33 10 52 73 82 40 33 44 22 20 14 44 53 84 79 23 27 52 65 66 83 39 58 48 13 16 51 41 30 21 22 28 26 15 15 7 5 6 8 5 1 1 3 3 2 1 1 1 0
0 0 0 0 1 1 4 8 11 4 20 52 61 36 22 5 5 11 3 2 4 0 0 0 0 0 2 6 1 0 1 1 1 2 1 1 3 3 7 5 8 15 12 10 9 6 48 53 36 23 50 74 62 33 15 13 33 12 22 54 52 48 37 34 40 59 38 84 39 52 41 46 9 29 33 45 37 31 34 26 24 15 5 4 3 7 5 2 1 2 1 1 1 1 0 0
0 0 0 1 1 3 20 6 8 6 8 6 43 64 59 23 18 15 4 4 2 2 1 1 1 1 0 1 1 0 0 1 1 3 1 2 1 2 8 6 8 9 8 10 20 21 21 8 35 63 32 48 15 18 10 26 23 35 27 31 58 64 54 46 24 29 30 74 78 38 20 35 35 12 23 22 38 22 19 12 16 11 11 9 2 4 2 2 3 1 1 0 1 1 1 0
0 0 0 0 0 1 2 6 6 5 4 2 3 18 53 62 47 7 1 1 1 3 1 2 2 1 1 0 0 1 1 6 3 1 6 3 3 5 8 5 8 18 25 23 29 18 26 16 18 20 71 46 36 25 19 16 29 39 30 35 58 76 60 45 44 37 50 68 83 66 35 19 48 33 23 7 8 24 22 16 9 8 9 8 5 1 1 2 2 2 0 1 0 0 0 0
0 0 0 0 1 1 1 1 2 4 7 5 16 7 6 10 10 3 1 1 5 1 1 2 9 9 1 1 1 10 3 3 15 10 13 3 21 7 6 6 10 12 12 21 20 24 30 19 22 29 30 42 28 30 36 29 25 39 24 13 26 41 58 59 63 53 45 54 64 70 48 50 54 31 34 15 9 18 19 9 14 4 4 3 2 2 2 1 1 1 0 0 0 0 0 0
2 0 1 0 0 1 1 1 3 4 3 7 4 8 12 8 5 3 1 2 1 3 2 1 1 3 5 6 10 1 2 10 9 3 5 5 2 21 7 8 11 18 8 14 11 15 14 22 30 40 27 16 53 54 39 50 35 32 31 34 22 40 67 48 48 49 34 40 52 70 33 38 29 19 20 16 9 7 12 17 10 8 3 3 1 1 2 1 1 1 1 0 0 0 0 0
4 4 0 0 1 0 2 6 2 1 3 4 4 14 3 8 3 2 1 0 1 2 2 2 2 2 3 4 2 3 2 12 13 15 9 14 3 6 22 5 7 18 15 26 27 11 17 23 20 41 24 40 12 29 28 64 32 40 35 52 39 40 20 24 20 9 8 16 26 30 21 9 26 18 14 26 19 11 16 8 5 6 5 3 1 1 1 1 1 0 0 0 0 0 0 0
5 3 14 1 0 2 0 1 5 5 2 4 3 11 3 8 4 2 1 2 3 6 2 1 3 5 4 7 20 18 13 3 2 5 10 6 7 2 27 16 15 13 6 12 25 23 17 12 26 42 40 16 62 46 36 67 53 25 43 25 24 38 24 22 11 8 5 3 17 35 27 12 11 19 18 23 20 13 27 12 4 4 3 1 2 1 1 0 0 0 0 0 0 0 0 0
4 4 7 4 0 1 3 1 0 1 3 2 2 3 4 4 1 1 1 2 4 4 13 5 5 7 8 9 33 45 18 8 3 9 17 11 20 7 2 31 11 19 20 20 11 11 18 28 27 40 29 14 28 15 12 43 34 31 30 15 20 31 24 22 23 11 7 5 5 14 20 13 22 21 23 27 30 18 8 9 7 2 1 1 1 1 0 0 0 0 0 0 0 0 0 0
4 6 15 6 8 1 0 9 2 2 14 3 5 3 2 7 1 2 1 1 1 3 9 5 6 11 13 14 26 64 60 25 10 8 43 27 27 14 6 14 51 14 13 41 25 26 21 31 37 29 26 11 10 16 15 18 34 29 18 13 11 15 19 28 13 15 8 6 5 3 3 9 10 5 6 9 13 18 9 6 3 3 2 1 1 0 1 0 0 0 0 0 0 0 0 0
7 5 3 9 3 3 5 2 20 6 17 30 16 20 11 3 3 1 2 7 3 7 19 11 8 11 17 16 10 15 55 40 20 13 12 39 20 13 10 6 10 37 8 11 12 15 19 32 55 43 60 29 20 18 17 14 19 16 14 35 16 8 10 10 6 6 5 3 2 2 2 2 2 1 3 6 6 4 6 4 3 2 2 1 1 0 0 0 0 0 0 0 0 0 0 0
4 20 11 13 7 12 19 14 8 7 4 3 5 4 5 18 7 3 6 2 16 4 28 33 8 13 21 14 10 3 9 30 49 29 8 25 29 9 29 19 13 8 32 31 16 16 32 25 46 34 66 35 18 17 15 13 16 14 8 17 20 12 5 4 2 3 5 4 2 0 1 1 1 1 1 2 2 2 4 2 2 1 2 1 0 0 0 0 0 0 0 0 0 0 0 0
2 3 2 4 5 2 2 3 5 4 8 6 8 11 5 7 17 11 7 8 5 4 24 55 25 22 23 29 18 5 4 5 45 27 26 23 36 10 30 34 22 9 9 31 20 30 26 26 42 27 11 14 25 24 23 21 9 7 3 2 7 3 3 2 3 2 3 2 2 1 1 1 1 1 0 0 1 1 2 1 1 0 0 0 0 0 0 0 0 0 0 0 0 0 0 0
2 3 2 1 1 2 2 2 3 8 3 6 4 3 5 7 5 3 4 10 5 39 15 40 45 30 35 32 33 13 6 8 6 20 30 31 35 14 34 18 24 24 18 14 26 19 27 44 42 40 35 19 25 14 15 15 9 4 2 1 2 2 1 1 1 1 0 0 1 1 0 0 0 0 0 0 0 0 1 1 0 0 0 0 0 0 0 0 0 0 0 0 0 0 0 0
3 1 2 1 1 3 1 2 2 3 1 2 2 2 3 10 4 5 4 6 27 23 16 12 60 27 9 8 9 6 9 3 9 4 9 16 80 59 26 33 22 11 22 22 14 27 19 24 54 55 53 31 22 14 14 12 3 2 1 4 9 9 4 5 3 3 3 1 0 0 0 0 0 0 0 0 0 0 0 0 0 0 0 0 0 0 0 0 0 0 0 0 0 0 0 0
1 1 1 1 0 1 1 0 0 1 1 2 2 1 2 2 2 5 8 33 19 15 32 49 64 55 16 10 13 14 14 15 5 9 11 7 5 8 25 21 17 32 11 22 18 32 37 26 54 39 49 47 36 24 13 5 3 3 5 8 16 22 24 20 4 6 3 3 2 1 1 0 0 0 0 0 0 0 0 0 0 0 0 0 0 0 0 0 0 0 0 0 0 0 0 0
1 0 0 0 0 0 0 0 0 0 0 0 1 2 1 1 1 4 5 5 10 14 6 4 8 9 6 9 22 27 15 33 25 10 9 6 7 7 6 18 14 30 23 10 32 24 39 33 33 22 32 30 23 21 8 9 7 7 16 22 29 24 21 20 13 6 8 7 7 5 4 3 1 0 1 2 0 0 0 0 0 0 0 0 0 0 0 0 0 0 0 0 0 0 0 0
0 0 0 0 0 0 0 1 3 3 3 0 0 1 1 1 1 5 12 10 20 9 10 8 5 8 26 13 18 23 34 26 15 18 23 4 3 4 7 11 10 16 25 28 30 30 22 19 43 26 22 22 15 9 13 20 11 24 30 23 36 30 31 24 18 15 13 21 21 15 10 4 1 1 2 1 1 1 0 0 1 0 0 0 0 0 0 0 0 0 0 0 0 0 0 0
0 0 0 0 0 0 0 1 9 11 7 6 2 1 1 2 2 5 8 5 5 6 17 10 10 11 23 9 4 15 14 11 4 10 20 13 5 5 10 6 4 9 9 12 20 22 24 18 30 27 15 9 15 18 29 29 28 33 39 39 26 38 40 29 45 22 26 25 28 25 6 3 1 2 3 2 3 1 0 1 0 0 0 0 0 0 0 0 0 0 0 0 0 0 0 0
0 0 0 0 1 1 2 2 0 1 10 8 5 11 11 8 22 8 7 13 5 2 12 8 10 15 8 9 7 8 18 19 16 13 22 11 8 17 20 6 4 22 11 18 15 9 26 15 16 14 13 17 27 38 37 45 34 30 31 37 29 44 46 56 55 43 33 28 29 23 13 11 17 9 3 4 2 1 1 1 1 0 0 0 0 0 0 0 0 0 0 0 0 0 0 0
0 0 0 0 1 3 5 23 16 5 10 27 15 10 24 11 40 44 40 23 11 16 3 3 4 3 15 17 23 32 9 47 47 21 8 10 4 13 14 8 24 13 13 13 18 12 17 17 17 16 28 27 45 59 58 45 58 40 46 44 33 53 52 57 49 45 38 34 35 33 26 8 4 1 1 2 5 2 0 2 1 0 0 0 0 0 0 0 0 0 0 0 0 0 0 0
0 0 2 0 0 1 8 20 27 8 5 35 6 6 30 17 14 7 13 33 7 13 8 5 5 7 14 21 22 45 18 14 13 36 20 17 6 27 12 11 20 26 23 22 27 40 43 38 16 42 51 45 48 61 66 68 39 28 67 52 41 50 51 41 55 61 18 50 49 31 27 16 10 4 1 5 10 4 1 1 1 1 0 0 0 0 0 0 0 0 0 0 0 0 0 0
2 1 1 6 3 1 1 3 5 33 4 27 11 10 32 9 4 6 13 11 6 3 10 6 7 19 20 10 7 28 20 15 8 6 9 7 20 23 11 8 40 40 23 51 48 30 33 22 21 46 61 51 49 79 53 48 46 26 72 43 39 47 62 64 54 47 43 52 31 21 22 14 13 18 8 7 9 5 3 2 1 1 0 0 0 0 0 0 0 0 0 0 0 0 0 0
8 9 2 5 10 18 17 7 3 4 16 47 31 7 37 8 9 8 15 16 4 3 17 6 15 13 17 17 15 11 7 11 13 19 23 14 32 6 10 19 37 35 48 54 38 23 15 25 44 34 48 63 73 48 33 43 46 31 74 43 70 38 63 41 42 73 57 37 55 30 20 21 42 38 11 2 4 7 3 2 1 1 1 0 0 0 0 0 0 0 0 0 1 0 0 2
8 15 15 10 16 42 29 56 25 4 10 36 4 8 24 19 13 5 28 3 4 3 9 4 28 17 10 8 9 2 2 11 20 13 30 10 40 8 26 22 48 51 60 33 33 26 25 42 49 42 37 60 62 41 45 60 52 37 75 72 49 61 55 63 77 63 57 51 40 20 24 63 38 7 11 11 6 6 3 2 2 1 0 0 0 0 0 0 0 0 0 0 0 0 2 2
13 28 24 41 39 42 58 66 43 19 16 13 18 6 29 18 10 7 7 3 4 4 14 8 12 12 10 25 18 17 21 21 14 7 10 20 52 20 25 32 59 59 46 33 20 33 34 59 62 42 34 57 47 29 42 68 34 59 64 58 69 36 51 81 80 61 56 38 47 50 39 40 26 19 17 5 4 3 3 2 1 1 0 0 0 0 0 0 0 0 0 0 0 0 2 11
2 32 48 33 53 13 36 57 60 58 44 48 30 7 34 58 26 8 10 7 4 9 14 8 8 9 20 6 8 9 3 8 7 19 46 26 44 17 17 30 56 39 26 15 27 47 39 43 68 45 50 52 23 44 58 54 27 56 42 70 58 65 74 69 60 48 60 41 25 12 13 10 6 3 3 2 1 1 1 1 0 0 0 0 0 0 0 0 0 0 0 0 1 1 2 8
4 5 18 7 3 5 9 10 14 6 7 16 46 8 4 36 49 30 17 16 8 6 4 5 16 6 11 11 33 28 5 14 17 20 56 52 57 25 15 38 38 19 14 30 49 44 37 38 63 37 43 57 50 49 72 56 54 33 55 63 41 68 60 28 16 20 16 27 46 43 39 31 36 16 5 1 1 1 1 1 1 1 0 0 0 0 0 0 0 0 0 0 1 4 8 10
3 5 2 3 7 23 29 9 13 2 5 6 3 1 6 5 5 13 4 4 2 14 7 9 4 18 14 19 11 18 17 34 27 27 52 58 36 31 25 40 20 22 24 41 49 41 47 26 44 50 47 75 83 65 66 82 83 64 82 81 82 88 71 78 60 56 55 50 37 14 21 18 11 11 10 9 5 3 1 1 1 0 0 0 0 0 1 1 1 1 1 0 0 2 5 15
6 9 9 7 16 23 35 26 9 7 13 9 9 6 6 9 7 3 3 4 5 18 7 7 14 19 8 44 35 27 35 42 36 34 42 19 11 21 11 41 30 25 26 37 44 44 44 37 43 58 55 74 71 74 29 44 79 87 87 74 31 26 52 49 81 61 49 64 31 17 14 14 21 9 3 2 1 1 1 1 0 0 0 0 0 1 1 2 2 1 1 1 1 2 6 8
4 1 6 8 14 15 25 17 5 8 8 11 24 18 7 8 3 7 5 5 1 3 32 15 11 3 6 21 31 19 22 29 44 17 41 10 17 13 6 39 25 22 38 42 33 44 52 43 70 78 53 36 39 31 20 24 64 74 64 44 58 48 45 59 48 45 44 27 44 31 31 14 12 10 6 4 2 2 0 0 0 0 0 0 0 1 2 5 8 4 4 2 2 6 12 12
