sesion_6_simulaciones/modelos_agentes/ejemplos_netlogo/scenarios/echam4_b2/rob_2084.asc
NCOLS 322 
NROWS 307 
XLLCORNER 451900 
YLLCORNER 4086900 
CELLSIZE 100 
NODATA_value -9999 
[rows 0 to 73 of 307, columns 96 to 191 of 322]
1 0 0 0 0 0 0 0 0 0 0 0 1 3 4 1 2 1 1 0 2 1 1 2 1 0 1 1 1 1 0 0 1 1 1 0 0 1 2 1 0 3 18 27 40 27 42 37 47 25 19 30 13 4 8 8 12 2 4 3 3 1 1 1 4 6 11 2 2 10 15 8 8 11 10 9 12 16 9 51 40 25 38 42 53 37 40 43 49 63 38 27 21 7 14 27
0 0 0 0 0 0 0 0 0 0 0 0 2 2 2 2 0 0 0 1 1 0 0 0 1 0 1 0 0 3 1 0 0 1 0 0 1 1 1 2 3 6 8 12 62 69 66 55 76 37 51 34 9 7 23 3 2 3 1 1 0 2 1 1 2 1 1 6 7 6 4 13 30 13 23 32 42 17 20 25 26 22 39 44 54 38 38 48 51 42 48 37 44 20 27 28
0 0 0 0 0 0 0 0 0 0 0 0 1 1 0 0 1 2 2 2 3 0 1 0 0 1 1 0 1 1 2 2 0 1 3 2 2 3 4 5 9 17 13 18 4 3 7 24 80 57 57 52 12 31 21 16 7 3 2 2 1 6 24 17 24 9 5 14 3 5 6 7 15 15 20 41 56 58 33 23 24 24 39 40 48 40 42 59 35 35 45 33 40 40 26 28
0 0 0 0 0 0 0 0 0 0 0 0 0 1 1 1 1 2 2 2 1 0 1 1 0 0 0 0 0 0 1 1 1 2 3 2 6 7 15 29 40 47 34 8 3 4 2 4 21 6 10 9 4 10 22 4 12 1 1 3 5 11 41 38 39 48 35 14 19 11 9 15 11 13 22 25 36 18 13 23 32 32 46 51 48 38 36 45 31 28 44 44 29 37 21 37
0 0 0 0 0 0 0 0 0 0 0 0 0 0 1 1 1 4 2 1 1 0 1 1 1 1 0 0 0 1 3 2 1 3 7 7 10 19 40 57 66 56 42 17 9 3 4 13 6 5 6 8 2 18 6 8 11 5 1 2 16 34 22 45 32 14 40 10 19 27 25 12 11 7 22 17 23 19 24 29 36 29 67 48 33 36 35 49 34 35 45 55 21 38 42 50
0 0 0 0 0 0 0 0 0 1 0 0 0 0 1 0 1 1 2 1 0 1 2 1 1 1 1 0 0 0 1 2 2 1 11 21 23 44 61 54 64 65 60 30 9 12 10 10 10 8 12 22 3 6 5 11 5 4 3 3 23 33 8 4 5 11 13 4 5 12 3 15 37 19 16 9 14 14 17 30 25 31 38 37 44 32 32 51 47 28 44 26 37 38 63 24
0 0 0 0 0 0 0 0 0 1 0 0 0 0 0 1 0 1 2 2 2 1 1 1 1 1 1 1 0 0 0 3 3 3 9 44 56 61 58 64 65 65 30 13 16 42 16 25 19 19 13 15 13 12 15 9 3 6 9 4 3 4 4 6 3 4 21 37 15 15 4 10 8 3 20 21 23 20 12 25 21 15 20 18 34 39 30 43 41 20 44 33 40 35 22 20
0 0 0 0 0 0 0 0 0 0 2 2 1 0 0 0 0 0 1 1 2 6 2 3 4 1 1 0 1 1 1 1 4 16 12 34 50 60 63 60 53 22 23 18 42 34 24 47 30 25 11 14 28 26 15 12 9 26 37 33 17 6 1 1 6 4 16 7 19 9 15 7 3 8 4 20 26 61 37 12 26 28 19 21 49 28 30 32 39 42 34 24 8 15 18 14
0 0 0 0 0 0 0 0 0 0 1 2 5 4 1 2 0 0 0 1 1 1 1 2 1 0 1 1 0 1 2 3 11 34 55 28 14 25 19 19 31 20 14 26 57 47 21 31 34 21 17 10 60 26 17 27 19 29 6 14 36 24 10 1 5 7 4 4 2 6 18 14 5 5 16 7 12 16 22 50 43 70 26 35 21 11 20 62 33 36 31 71 44 24 18 24
0 0 0 0 0 0 0 0 0 0 0 0 0 0 0 0 0 0 0 0 0 1 1 1 1 1 1 1 1 2 3 12 16 17 40 31 29 30 15 16 10 9 14 30 62 39 13 15 22 27 23 15 19 74 57 55 8 16 5 26 20 22 5 6 2 4 3 2 6 11 10 11 16 12 20 30 9 10 47 54 27 59 39 28 12 16 13 22 25 44 19 36 72 64 21 15
0 0 0 0 0 0 0 0 0 0 0 0 0 0 0 0 0 0 1 0 0 0 1 0 1 1 0 1 2 4 11 19 54 43 24 23 24 45 43 28 18 8 7 10 39 15 13 21 27 20 29 14 24 32 78 59 19 11 14 31 10 11 7 2 4 6 6 3 12 22 20 26 12 9 26 38 23 9 9 42 28 20 41 50 18 21 14 21 61 48 42 33 66 80 52 25
0 0 0 0 0 0 0 0 0 0 0 0 0 1 0 0 0 1 1 0 2 1 0 0 1 0 0 1 1 20 25 30 35 33 26 19 23 42 42 32 19 9 11 20 24 12 13 36 18 21 44 17 27 44 23 41 21 18 23 21 8 7 17 11 6 4 13 11 18 53 63 63 12 21 34 41 24 14 16 52 28 6 29 54 22 26 24 22 46 29 22 31 54 61 60 50
0 0 0 0 0 0 0 0 0 0 0 0 0 0 0 1 1 1 2 1 5 4 1 0 0 1 0 1 3 13 38 24 28 24 25 35 47 19 25 45 18 8 9 33 26 12 21 23 25 35 52 39 38 61 39 32 33 25 34 12 9 9 16 13 7 5 4 14 31 21 43 41 27 18 18 39 20 18 6 14 28 5 41 65 25 26 37 25 18 47 34 15 22 38 58 70
0 0 0 0 0 0 0 0 0 0 0 0 0 0 0 0 1 0 4 1 1 1 2 1 1 0 1 5 10 11 19 24 19 10 11 12 14 10 9 14 19 4 3 3 12 9 16 19 50 64 69 66 49 50 30 45 45 32 28 26 8 6 20 20 14 13 7 7 11 6 3 3 16 25 20 26 16 26 16 9 4 8 19 55 58 25 34 36 25 22 43 23 35 55 79 59
0 0 0 0 0 0 0 0 0 0 0 0 0 0 0 0 0 1 4 2 1 3 4 1 1 1 2 2 11 18 10 6 6 9 15 13 14 12 6 2 14 3 10 6 2 4 18 35 40 71 70 66 53 61 40 63 58 43 40 42 6 17 26 25 15 11 5 7 4 2 3 15 39 33 26 30 31 25 12 13 23 8 23 55 64 29 15 18 24 19 15 12 31 45 55 50
0 0 0 0 0 0 0 0 0 0 0 0 0 0 0 0 0 1 0 0 1 1 0 4 2 2 1 2 4 4 5 12 18 19 14 19 38 38 21 4 5 6 2 7 3 4 3 23 39 44 56 47 44 43 55 37 45 37 47 40 7 18 5 26 41 24 7 9 10 2 7 29 38 39 18 9 17 28 36 30 23 22 22 46 71 84 56 39 21 17 17 10 32 68 58 41
0 0 0 0 0 0 0 0 0 0 0 0 0 0 0 0 0 1 0 1 1 0 0 1 6 2 3 5 18 15 16 6 9 15 17 30 45 49 38 4 9 9 4 6 16 18 19 5 21 35 25 23 19 19 30 49 49 51 52 52 13 28 18 21 33 9 6 8 6 5 8 34 25 36 10 8 14 15 37 28 29 27 32 38 72 87 84 38 23 22 20 15 36 61 69 62
0 0 0 0 0 0 0 0 0 0 0 0 0 0 0 0 0 0 0 1 0 0 0 0 2 3 1 4 5 4 9 9 15 9 30 54 35 45 37 20 28 32 22 23 36 36 41 25 8 3 4 7 5 2 10 57 81 89 63 27 44 26 21 14 25 16 8 16 5 5 37 34 37 32 10 20 40 22 27 36 21 20 16 10 61 67 63 63 43 26 26 20 26 46 50 26
0 0 0 0 0 0 0 0 0 0 0 0 0 0 0 0 0 0 0 0 0 0 1 0 4 7 2 3 3 6 10 14 9 23 29 35 14 18 24 44 34 41 50 61 55 36 47 44 23 17 13 13 17 3 4 15 82 86 59 34 31 39 19 12 21 6 7 9 2 26 53 50 39 48 17 16 43 41 37 70 42 29 17 11 23 51 56 54 56 36 31 32 18 33 72 23
0 0 0 0 0 0 0 0 0 0 0 0 0 0 0 0 0 0 0 0 0 1 1 0 2 2 3 3 4 5 6 15 19 16 19 8 21 28 23 35 57 62 55 34 40 23 38 47 29 24 22 7 12 7 13 9 32 44 54 53 35 19 15 30 26 4 8 29 56 39 59 75 33 72 32 12 36 63 46 67 56 50 37 18 20 57 75 61 67 47 42 29 14 23 63 52
0 0 0 0 0 0 0 0 0 0 0 0 0 0 0 0 0 0 0 0 0 0 0 0 1 2 2 1 1 4 3 4 8 14 22 14 13 25 16 50 29 34 54 43 28 25 30 42 41 22 31 26 10 18 24 19 25 49 63 54 16 16 55 44 24 5 22 33 44 54 40 42 25 33 57 41 24 23 27 68 31 28 50 38 32 17 65 44 69 39 46 29 21 21 29 51
0 0 0 0 0 0 0 0 0 0 0 0 0 0 0 0 0 0 0 1 0 0 0 0 2 2 4 3 1 3 3 6 9 26 35 20 43 20 33 14 32 22 20 22 39 43 71 60 58 26 27 24 23 24 36 29 30 44 65 64 59 16 23 25 14 15 44 10 32 51 54 36 42 20 53 62 37 22 28 79 85 49 24 65 52 20 16 27 67 55 48 47 24 22 22 51
0 0 0 0 0 0 0 0 0 0 0 0 0 0 0 0 0 0 0 1 1 1 1 1 3 1 2 5 2 2 12 24 32 8 5 48 41 14 16 18 29 46 30 22 20 51 46 21 27 21 39 26 27 29 29 32 20 31 51 35 28 24 14 13 14 31 49 6 29 17 44 57 45 17 16 46 44 59 32 61 86 65 58 30 52 29 11 26 68 74 26 57 40 24 28 44
0 0 0 0 0 0 0 0 0 0 0 0 0 1 1 0 0 0 0 2 1 2 2 1 3 3 2 11 9 5 6 5 3 2 2 8 18 25 9 22 24 41 40 44 39 16 13 8 6 5 18 16 10 13 24 13 15 17 18 28 37 26 15 20 42 37 27 11 22 22 26 45 36 38 28 66 67 48 44 25 68 69 52 71 35 25 18 20 20 55 21 38 36 18 15 22
0 0 0 0 0 0 0 0 1 0 0 0 1 1 1 1 2 1 1 1 3 4 9 5 3 4 11 8 23 11 4 3 8 8 6 1 3 22 24 8 17 36 52 60 45 39 33 26 21 19 9 7 5 3 3 4 4 6 23 34 46 26 32 34 19 41 21 26 33 30 22 33 54 61 20 59 66 48 51 37 55 69 42 23 55 38 21 20 16 26 27 29 40 19 10 11
1 0 0 0 0 0 0 0 0 0 0 1 1 2 2 2 3 5 1 2 9 26 33 49 42 34 35 20 33 21 43 52 58 25 8 7 9 7 6 15 32 23 33 41 56 56 57 43 38 36 20 20 19 19 17 17 18 14 38 48 40 32 24 24 20 39 38 48 20 47 21 17 51 39 22 48 47 27 35 32 33 43 70 24 25 17 22 10 10 16 13 22 11 10 7 9
1 0 1 0 1 0 0 0 1 1 1 1 1 5 7 5 6 17 12 29 40 47 65 62 52 65 59 53 59 65 40 18 30 40 29 11 16 11 5 4 22 27 33 52 48 48 56 47 47 43 35 33 37 35 19 31 21 24 36 29 35 23 13 14 11 47 29 47 41 46 15 21 30 38 28 47 43 56 21 31 32 16 40 27 15 33 14 11 3 8 14 11 13 8 9 8
0 1 1 1 1 1 1 1 1 2 3 6 5 8 15 38 34 23 37 14 21 30 36 65 64 62 78 73 73 73 14 9 8 9 21 21 30 14 19 14 16 39 45 45 47 45 38 66 57 44 38 38 37 37 34 34 36 11 21 21 24 15 15 23 40 61 57 31 40 20 25 15 29 33 34 23 21 34 40 23 35 21 31 28 10 27 14 9 3 5 13 12 9 12 7 4
1 2 1 1 2 1 1 1 3 6 15 25 35 48 70 71 52 47 62 39 17 8 28 48 34 33 24 55 57 48 34 6 4 3 5 8 16 13 18 21 9 20 28 33 20 20 13 30 40 39 52 53 38 36 35 51 38 14 15 14 9 19 35 43 52 43 26 26 19 36 32 42 25 24 25 21 21 23 37 25 22 20 18 13 15 13 14 10 7 3 8 4 5 8 3 3
1 3 1 1 4 3 3 8 15 33 45 53 59 77 69 82 61 60 80 24 51 19 11 26 19 12 15 17 19 19 39 22 12 2 4 2 8 6 7 20 18 18 40 17 23 20 12 27 28 18 15 14 12 22 24 11 39 24 17 12 15 21 38 44 47 38 19 38 50 32 37 26 24 20 17 11 14 13 19 19 18 17 7 12 8 4 5 3 4 3 2 1 1 1 1 2
1 5 3 4 6 12 19 34 33 61 61 79 65 80 70 75 46 52 77 62 21 27 13 7 8 6 3 3 10 10 16 56 21 5 6 5 18 46 45 30 30 20 21 12 10 16 18 7 5 9 9 21 31 33 19 18 39 23 35 12 19 26 39 29 44 22 15 30 50 45 31 23 12 21 16 8 5 2 5 8 10 6 4 3 2 3 3 2 1 2 1 1 9 4 5 7
4 9 15 16 32 51 52 55 58 69 67 87 73 72 51 66 50 65 65 70 17 34 33 12 8 2 2 1 4 6 5 12 16 6 6 11 7 13 13 15 12 13 14 23 25 16 19 10 16 17 41 57 48 32 54 14 40 38 10 5 5 18 15 36 28 30 18 11 15 22 18 18 9 4 4 5 7 5 12 15 10 13 8 12 15 15 12 10 10 15 5 6 21 14 8 17
19 33 38 55 59 52 71 64 73 65 87 64 36 51 48 46 53 56 57 62 26 15 20 12 10 6 2 3 8 9 9 18 11 4 13 10 15 14 23 16 28 20 31 32 37 38 30 27 21 26 37 62 63 61 62 33 42 38 19 26 15 4 5 6 8 7 13 8 7 7 8 7 7 13 21 20 33 19 32 18 20 28 16 27 18 41 27 13 22 20 10 11 21 17 11 23
49 58 68 58 73 66 76 62 66 50 66 12 22 18 26 42 44 32 30 49 28 12 5 4 6 9 9 6 11 4 28 32 26 15 22 25 23 18 22 23 23 27 29 30 45 34 43 31 17 52 45 46 58 43 33 30 61 38 31 49 38 26 27 28 27 26 41 31 23 22 23 23 36 36 36 22 37 35 36 35 35 35 31 31 46 37 29 23 24 14 22 15 26 16 33 32
9 19 34 35 62 58 69 63 30 5 3 4 10 7 8 9 11 21 37 50 28 7 8 14 7 7 25 16 26 18 26 26 25 20 19 37 30 15 35 27 26 37 38 39 30 29 39 31 27 37 47 41 53 60 41 46 41 29 38 41 38 41 41 45 44 39 54 45 41 24 37 38 36 37 51 38 39 51 38 49 50 36 41 40 63 39 34 30 31 29 27 21 36 39 39 49
8 6 4 5 4 5 17 18 16 5 4 6 12 13 6 3 2 5 22 28 14 7 28 7 16 25 32 23 35 22 21 17 31 19 13 25 24 12 25 30 23 40 26 24 26 30 47 34 22 27 44 42 23 68 44 56 30 34 42 33 49 37 34 35 38 28 56 41 28 38 37 38 50 37 49 37 38 54 53 53 40 38 52 45 51 41 36 35 33 33 33 29 59 47 37 37
15 28 24 9 9 7 2 5 8 3 7 10 9 6 2 4 1 11 8 14 20 32 35 15 30 24 29 25 18 6 2 7 19 16 12 17 10 12 21 29 34 20 24 20 21 40 31 20 32 30 44 53 28 61 55 23 54 49 42 28 41 34 50 49 36 43 40 40 38 25 38 51 51 38 51 50 40 57 41 51 41 53 55 67 54 38 22 46 36 37 46 49 57 28 56 37
18 16 17 11 6 5 6 5 11 13 16 19 14 5 5 12 13 17 20 30 53 47 43 25 25 16 15 21 20 16 9 6 16 12 13 10 8 12 14 21 9 7 22 26 21 56 27 28 43 22 52 22 50 49 24 33 56 45 26 37 28 43 46 34 22 42 41 39 25 40 58 63 56 39 51 54 53 59 41 38 45 55 55 52 44 29 26 50 43 29 57 58 56 29 19 61
8 15 19 15 17 9 17 14 19 20 26 35 27 21 16 25 15 22 35 39 48 31 15 24 27 14 7 11 19 16 10 6 10 12 5 13 7 21 15 9 14 9 25 15 12 56 31 36 26 21 30 49 35 23 22 20 36 55 25 40 38 51 44 23 49 45 51 39 20 41 52 73 57 43 49 57 58 46 38 30 48 72 66 59 56 29 50 70 53 27 46 69 67 37 21 57
14 22 12 14 8 14 22 16 13 24 25 28 26 25 29 26 25 34 33 33 39 26 22 22 15 9 9 16 12 13 5 10 5 4 12 13 11 9 12 7 9 5 23 7 5 31 33 32 16 22 24 12 34 6 4 4 12 36 16 43 54 40 39 59 47 47 31 16 25 55 60 78 64 45 49 66 75 51 50 28 52 76 55 41 41 34 55 71 53 35 28 77 82 57 36 49
5 13 11 16 13 20 18 17 15 14 27 24 20 21 40 18 23 31 26 23 32 26 12 19 11 11 13 12 9 17 5 10 4 4 5 10 4 7 5 9 7 9 12 8 18 14 31 23 7 13 20 12 14 7 6 4 6 13 8 42 50 43 47 60 24 42 17 15 25 58 67 72 67 49 54 69 80 41 49 25 59 84 59 31 28 36 58 73 55 39 31 65 76 66 25 48
3 5 16 12 8 11 15 7 7 8 18 17 13 21 17 16 11 22 27 13 12 16 20 13 8 7 7 5 4 24 5 7 4 4 4 8 7 5 3 6 4 9 7 6 11 8 14 4 6 4 7 18 10 8 6 6 16 8 9 29 24 33 66 34 43 39 26 29 39 44 66 63 66 37 43 67 53 33 56 29 44 72 60 46 30 35 60 73 52 43 32 47 69 49 33 48
1 1 3 3 2 2 5 4 3 5 5 7 8 14 11 10 11 10 14 11 8 4 6 9 8 5 7 4 2 4 7 9 2 2 3 6 3 2 2 4 3 7 6 4 4 6 4 3 2 2 2 6 2 2 4 5 10 3 10 14 13 28 17 26 59 26 25 31 49 35 47 68 43 23 40 60 47 29 58 30 41 64 40 35 37 27 29 70 68 41 25 46 66 44 27 44
0 0 0 1 1 1 2 2 1 3 3 5 6 6 5 9 7 5 8 9 4 2 2 7 6 3 5 2 2 5 4 4 1 1 3 2 1 2 2 4 5 2 3 6 4 2 1 3 1 1 1 2 1 1 2 4 6 9 9 5 5 4 12 45 14 23 37 19 28 28 21 43 18 15 28 46 25 28 43 17 45 51 31 31 33 39 16 28 69 32 25 37 59 49 35 28
0 0 0 0 0 0 0 0 1 2 1 4 3 3 3 5 4 4 3 4 5 2 5 3 4 3 2 2 0 2 3 3 0 1 1 2 1 0 1 1 4 1 2 1 1 1 1 0 1 1 1 2 2 1 2 2 7 5 5 14 9 4 16 14 21 31 11 13 15 22 8 28 8 8 12 30 13 28 33 12 24 28 15 36 37 40 20 21 62 39 19 35 40 23 28 20
0 0 0 0 0 0 1 0 1 1 1 2 2 1 2 3 3 5 3 1 1 1 7 0 2 2 2 1 0 1 1 1 0 0 1 0 0 0 1 0 2 1 1 1 1 1 1 5 7 16 9 6 8 4 2 3 4 3 4 7 6 4 9 3 15 6 8 8 10 18 4 11 6 9 4 11 7 17 15 11 24 15 10 18 32 14 21 16 29 19 24 16 40 41 45 32
0 0 0 0 0 0 0 0 0 0 1 1 1 1 1 2 1 2 3 1 0 1 2 1 1 1 1 2 0 0 0 0 0 1 0 0 0 0 1 0 1 1 1 3 1 10 4 17 5 7 3 3 7 13 17 8 8 1 1 7 3 4 1 2 6 3 4 5 6 11 11 9 8 7 4 13 4 15 5 5 25 5 22 19 31 14 19 15 16 25 25 33 39 51 63 79
0 0 0 0 0 0 0 0 0 0 0 0 0 1 0 1 1 2 1 2 1 2 1 2 0 0 1 0 1 0 0 0 0 0 2 4 2 1 6 15 5 5 4 15 5 4 21 19 4 11 7 5 7 21 12 7 13 11 8 19 8 19 13 5 3 5 7 7 6 8 15 15 9 32 38 28 35 54 41 19 21 34 39 38 12 64 60 43 30 13 22 19 29 60 41 51
0 0 0 0 0 0 0 0 0 0 0 0 0 1 1 1 1 1 1 1 1 1 1 2 1 0 0 0 0 0 0 0 0 0 0 2 4 1 1 6 7 9 5 13 23 5 7 10 14 17 20 4 5 25 29 7 36 21 37 28 10 18 9 11 6 12 7 20 28 3 4 26 26 11 27 38 21 40 22 54 18 38 59 43 24 64 53 41 70 62 48 19 34 51 33 23
0 0 0 0 0 0 0 0 0 0 0 0 0 0 0 0 0 1 0 0 1 0 1 1 0 0 0 0 0 0 0 0 0 0 0 0 1 0 0 3 6 3 10 20 13 3 5 6 9 15 20 5 7 20 15 27 16 12 19 28 10 3 6 20 18 23 22 20 19 29 4 23 42 10 30 49 8 5 10 67 55 30 29 36 50 61 59 69 80 67 34 57 22 19 54 66
0 0 0 0 0 0 0 0 0 0 0 0 0 0 0 0 0 0 0 0 0 0 0 0 0 0 0 0 0 0 0 0 0 0 0 0 0 2 1 4 3 8 5 5 26 13 6 5 10 12 20 21 9 36 34 65 14 35 58 57 32 3 14 16 16 42 36 49 23 50 12 10 41 17 33 56 21 13 10 58 45 53 8 8 18 59 69 62 76 59 19 63 38 29 48 60
0 0 0 0 0 0 0 0 0 0 0 0 0 0 0 0 0 0 0 0 0 0 0 0 0 0 0 0 0 0 0 0 0 0 0 0 1 1 5 25 5 12 7 19 20 28 9 10 29 23 60 62 26 40 73 82 35 65 71 55 42 11 40 42 21 19 16 13 37 66 20 11 31 12 40 49 74 23 32 77 45 64 54 19 17 36 59 54 53 36 59 84 40 28 17 18
0 0 0 0 0 0 0 0 0 0 0 0 0 0 0 0 0 0 0 0 0 0 0 0 0 0 0 0 0 1 1 1 0 1 1 2 1 4 14 13 10 4 5 29 34 16 8 9 18 33 60 48 51 25 60 83 48 54 66 55 63 50 55 68 17 21 35 16 46 60 54 30 9 20 67 65 70 62 28 80 32 59 74 40 23 21 52 42 44 18 74 86 63 42 45 19
0 0 0 0 0 0 0 0 0 0 0 0 0 0 0 0 0 0 0 0 0 0 0 0 0 0 0 1 1 0 0 0 1 1 1 2 1 4 9 8 26 9 28 8 58 13 18 16 9 25 56 53 29 11 14 46 54 70 76 72 86 66 69 65 60 32 39 33 46 50 73 46 21 18 49 68 78 77 46 60 60 58 66 77 42 27 16 18 16 31 72 53 76 47 45 29
0 0 0 0 0 0 0 0 0 0 0 0 0 0 0 0 0 0 0 0 0 0 0 0 0 0 0 0 0 0 0 1 1 1 4 3 2 1 1 5 6 4 1 1 11 10 46 37 12 8 24 9 16 7 6 11 13 48 54 52 61 66 61 56 83 35 39 34 9 66 89 37 24 17 61 49 48 60 30 44 49 21 68 81 66 41 12 13 14 22 14 38 79 47 31 38
0 0 0 0 0 0 0 0 0 0 0 0 0 0 0 0 0 0 0 0 0 0 0 0 0 1 0 0 0 0 0 0 2 3 3 4 3 5 3 1 2 8 3 2 4 7 15 24 27 9 11 8 17 9 11 21 16 9 17 34 33 16 28 61 89 63 30 36 46 74 87 50 18 10 21 32 54 41 56 62 48 14 52 70 81 33 21 11 35 40 22 40 89 62 55 60
0 0 0 0 0 0 0 0 0 0 0 0 0 0 0 0 0 0 0 0 0 0 0 0 0 1 1 0 0 1 1 1 2 4 2 1 6 7 2 2 3 14 8 4 8 7 9 9 12 6 12 31 36 33 25 23 17 13 11 8 2 1 10 74 75 70 46 23 28 69 80 76 61 22 13 33 50 39 41 27 52 39 25 76 77 63 28 19 41 31 54 83 84 83 68 64
0 0 0 0 0 0 0 0 0 0 0 0 0 0 0 0 0 0 0 0 0 0 0 0 0 1 1 1 1 2 1 1 3 2 4 6 5 11 5 10 7 13 15 8 4 17 10 15 12 5 10 46 58 63 56 47 33 29 25 23 26 21 23 43 46 59 50 21 10 44 41 77 78 34 15 44 55 40 26 45 70 36 24 23 77 80 32 19 52 60 55 76 52 79 49 32
0 0 0 0 0 0 0 0 0 0 0 0 1 0 0 0 0 0 0 0 0 0 0 0 0 0 0 1 1 1 1 1 1 1 5 10 4 4 12 26 17 19 15 10 3 7 29 22 17 11 10 31 73 76 71 70 59 56 47 46 74 77 81 71 58 54 43 27 11 7 35 50 83 63 58 21 41 49 29 6 22 35 39 53 71 77 52 33 19 40 42 35 79 78 87 60
0 0 0 0 0 0 1 0 0 0 0 0 0 0 0 0 0 0 0 0 0 0 0 0 0 0 0 1 1 1 0 2 4 4 9 8 7 16 32 14 33 28 12 17 22 21 31 36 25 19 12 19 47 73 70 78 80 76 55 42 33 49 59 66 77 73 74 63 38 3 11 50 59 67 57 50 34 17 23 22 56 49 25 34 32 72 71 31 16 26 33 38 30 72 59 75
0 0 0 0 0 0 0 0 0 0 0 0 0 0 0 0 0 0 0 0 0 0 0 0 1 0 0 1 1 2 2 12 6 3 5 12 9 12 10 4 8 42 54 30 49 35 28 26 30 32 31 16 13 18 59 60 57 77 77 68 61 55 40 47 54 73 77 76 73 63 42 65 57 77 45 45 35 24 36 27 24 29 19 51 39 75 79 29 14 39 47 32 33 33 61 77
0 0 0 0 0 0 1 0 0 0 0 0 0 0 0 0 0 0 0 0 0 0 0 0 0 0 0 0 0 0 0 1 1 4 4 6 8 12 15 16 10 4 13 60 63 74 62 44 39 19 28 32 26 16 28 45 39 32 52 57 61 71 72 60 38 42 71 78 78 63 66 81 63 84 72 53 48 49 30 18 20 41 20 32 45 32 69 42 14 27 45 43 20 13 55 78
0 0 4 1 0 0 0 1 1 0 0 0 0 0 0 0 0 0 0 0 0 0 0 0 0 0 1 2 1 1 1 2 2 3 4 12 15 17 18 24 28 23 12 9 11 59 68 62 40 28 21 33 27 18 7 7 8 10 9 12 21 44 39 52 55 32 33 49 49 42 69 68 68 65 63 66 70 64 40 46 43 38 20 22 59 66 48 55 21 9 35 41 23 42 79 39
0 0 1 0 0 0 0 0 2 6 4 3 0 0 0 0 0 1 0 0 0 0 0 0 1 0 1 1 0 1 2 2 1 2 4 7 8 14 15 17 23 21 36 34 36 23 14 10 36 39 47 17 16 12 17 26 25 25 24 22 24 10 7 11 14 11 10 8 10 30 42 58 54 50 42 34 34 60 53 45 36 23 50 43 45 58 47 64 44 15 11 33 50 80 50 72
0 0 1 4 1 0 0 0 0 3 1 0 0 0 0 0 0 0 0 0 0 0 0 0 0 0 0 0 0 0 0 1 1 2 2 3 7 14 10 18 24 31 33 37 41 32 29 29 21 12 12 9 12 28 31 42 41 44 42 55 26 9 8 25 26 40 22 25 8 6 15 37 32 22 22 24 28 38 45 61 57 25 22 25 27 31 45 56 62 23 11 27 85 62 51 63
1 0 1 2 1 1 3 0 0 0 0 0 0 0 0 1 0 0 0 0 0 0 0 0 0 0 0 0 0 0 0 0 1 1 2 3 4 7 8 17 21 19 19 20 28 23 21 32 27 25 31 34 35 47 43 40 55 58 60 56 32 27 28 43 40 31 39 22 9 12 11 4 3 4 6 5 13 13 6 12 22 15 15 11 12 12 33 45 42 26 11 62 70 44 68 65
1 1 1 0 2 2 6 5 2 1 1 0 0 0 1 0 2 1 0 0 1 1 0 0 0 0 0 0 0 0 0 1 1 1 0 1 4 7 4 4 11 18 15 12 21 18 25 28 33 30 37 24 26 41 51 52 53 57 67 60 39 37 47 46 55 57 59 50 28 26 9 5 3 6 7 15 36 25 16 14 11 8 5 7 6 9 15 25 45 46 20 74 33 20 56 73
2 2 2 3 2 4 2 1 1 3 1 1 0 1 1 3 5 2 1 1 1 0 0 0 0 0 0 0 0 0 0 0 0 0 1 1 3 7 9 9 14 14 24 18 25 23 27 29 34 20 47 36 33 29 43 48 69 69 70 56 28 50 45 59 59 75 67 63 52 32 23 24 24 29 32 46 54 43 27 27 40 46 26 13 17 10 4 7 19 51 34 66 22 23 64 86
2 3 1 1 3 3 10 7 3 2 2 5 3 1 2 9 8 2 1 2 0 2 0 0 0 0 0 0 0 0 0 0 0 1 1 1 1 4 7 8 12 11 12 17 18 23 27 39 31 24 35 46 28 30 48 56 68 60 48 40 40 48 57 58 58 78 73 63 55 32 45 45 46 51 49 49 62 47 45 47 47 47 31 44 44 24 21 5 9 28 25 28 25 16 39 63
3 4 4 1 9 12 13 9 21 7 3 1 1 6 8 6 4 2 1 8 0 3 0 0 0 0 0 0 0 0 0 0 0 0 1 1 2 4 3 6 13 12 5 13 15 15 26 36 29 15 15 38 33 27 40 56 58 47 33 24 27 57 52 54 74 73 63 59 35 29 45 44 46 59 53 65 64 66 49 51 63 54 54 66 55 49 29 9 5 19 16 28 20 8 22 43
3 1 4 2 1 13 7 4 6 14 16 8 1 3 13 7 1 1 4 8 0 7 0 0 1 1 0 0 0 2 0 0 0 0 1 0 0 1 2 2 7 6 9 9 11 6 26 11 25 9 30 22 21 15 34 58 35 36 21 33 32 44 41 58 72 66 60 61 33 50 60 60 42 58 67 62 65 57 48 58 67 63 58 69 42 31 16 13 6 4 6 15 17 5 16 12
4 3 2 5 1 3 20 27 31 13 4 4 1 6 5 10 2 5 17 5 2 7 1 0 0 1 0 1 1 0 1 2 0 0 0 0 0 0 1 1 3 3 3 7 5 6 8 7 3 4 32 6 13 9 34 17 19 27 14 20 20 30 45 62 48 63 53 41 33 49 59 59 38 62 55 66 71 57 49 57 74 61 66 46 28 36 31 36 29 9 2 2 8 7 5 8
7 3 6 5 6 5 11 22 20 20 22 7 14 2 1 0 7 34 23 4 6 6 1 1 1 1 0 1 1 1 1 0 0 0 0 0 0 0 0 2 1 1 3 4 1 2 2 3 4 6 3 2 7 16 6 12 11 9 12 10 10 22 50 44 47 39 28 32 46 58 55 57 47 59 39 48 56 34 45 55 74 45 32 36 46 53 68 49 35 15 9 3 1 4 4 3
6 8 6 6 23 12 30 59 19 18 13 18 20 23 1 0 2 3 2 1 3 9 3 1 0 1 0 1 1 1 0 0 0 0 0 0 0 0 1 1 0 1 2 1 0 1 1 2 1 1 1 2 3 6 4 5 3 4 11 13 8 33 31 34 33 43 31 28 35 53 49 34 38 55 35 19 62 36 42 69 41 45 41 47 76 81 65 44 39 30 14 10 7 2 3 2
