sesion_6_simulaciones/modelos_agentes/ejemplos_netlogo/scenarios/echam4_b2/rob_2055.asc
NCOLS 322 
NROWS 307 
XLLCORNER 451900 
YLLCORNER 4086900 
CELLSIZE 100 
NODATA_value -9999 
[rows 0 to 73 of 307, columns 96 to 191 of 322]
2 0 0 0 0 0 0 0 0 0 1 1 2 5 7 2 3 2 2 1 3 2 1 4 1 1 1 1 2 2 1 1 1 2 1 1 1 1 3 1 1 5 30 37 54 37 54 49 58 38 34 43 20 6 12 12 19 4 6 5 5 3 2 1 7 12 17 3 3 15 22 12 10 15 14 12 14 19 11 55 44 28 41 44 54 39 41 44 51 65 41 30 24 9 16 30
0 0 0 0 0 1 0 0 0 0 0 1 3 3 3 3 1 1 1 1 2 0 1 1 2 1 1 1 1 4 2 1 1 1 1 1 1 1 3 4 5 12 13 19 70 75 73 64 84 51 62 46 15 11 36 5 4 5 2 3 1 3 2 1 4 2 3 10 11 10 7 21 40 19 31 40 48 21 24 29 29 25 42 46 56 41 41 50 53 45 53 41 47 24 31 32
0 0 0 0 0 0 0 0 0 0 0 0 1 2 1 1 1 3 3 3 5 1 1 1 1 1 1 0 1 2 4 3 0 1 5 4 3 5 8 10 17 28 21 25 6 4 10 31 85 67 65 62 18 44 32 27 11 4 4 4 2 11 37 27 34 15 8 23 5 10 11 12 23 21 30 49 63 63 38 27 28 28 43 44 52 44 45 62 39 39 50 38 44 45 31 33
0 0 0 0 0 0 0 0 0 0 0 0 1 1 2 2 2 4 4 4 1 0 1 1 0 1 1 1 1 1 2 2 1 4 6 4 9 11 23 40 52 58 44 11 5 6 3 5 30 9 15 14 6 16 33 6 22 2 2 4 8 18 52 53 51 58 46 22 27 18 15 22 17 18 31 34 43 21 16 27 37 37 52 55 54 43 40 50 36 31 49 51 33 42 25 42
0 0 0 0 0 0 0 0 1 0 0 0 0 0 2 2 1 7 3 2 2 1 1 3 2 1 1 1 1 3 5 3 2 5 11 12 17 30 56 67 74 64 50 22 12 5 6 19 10 7 9 13 3 25 8 14 18 9 1 3 24 45 33 57 43 20 51 15 27 37 35 20 19 11 33 24 31 24 29 35 42 35 72 55 38 41 40 54 38 40 50 60 27 45 48 55
0 0 0 0 0 0 0 0 1 1 0 1 0 0 1 0 2 2 4 3 1 1 3 2 2 2 1 1 0 0 2 4 5 2 18 30 37 56 69 62 71 71 65 36 12 16 13 14 16 12 16 30 5 9 9 17 8 7 5 6 33 45 12 6 8 18 19 7 7 18 5 22 49 29 25 15 19 21 23 38 33 39 46 44 51 38 38 58 54 33 51 32 44 44 67 29
0 0 0 0 0 0 0 0 0 1 1 0 0 0 0 1 0 2 4 4 4 2 1 1 2 2 2 2 1 0 1 5 7 5 15 56 65 70 65 69 70 69 34 16 20 48 20 31 26 24 18 20 18 17 23 13 5 10 15 7 5 6 6 9 4 6 30 46 21 21 7 17 13 5 29 31 33 31 19 34 28 20 27 24 42 47 38 52 51 26 54 42 48 40 26 23
0 0 0 0 0 0 0 0 0 0 5 4 2 1 1 0 0 1 1 1 4 10 3 5 7 2 2 1 1 1 1 2 7 23 18 43 58 67 68 65 58 27 28 21 48 39 29 53 36 31 15 18 36 37 21 19 13 35 46 46 24 9 2 2 9 5 22 9 26 13 22 10 5 12 7 27 36 70 46 18 36 39 26 28 59 36 38 40 49 50 40 29 11 19 21 17
0 0 0 0 0 0 0 0 0 0 1 3 9 7 2 4 1 0 0 2 3 2 2 3 2 1 1 1 1 2 4 5 16 47 64 35 19 31 23 23 36 23 17 30 60 50 25 36 39 26 22 13 67 34 24 35 28 40 10 21 47 31 14 2 7 9 5 5 3 8 25 20 7 8 23 10 17 21 29 57 50 75 36 44 28 16 25 69 40 42 37 74 49 29 21 28
0 0 0 0 0 0 0 0 0 0 0 0 0 0 0 0 1 0 0 1 1 1 2 1 3 2 2 1 2 3 4 19 25 24 47 40 35 36 19 20 12 11 16 34 65 43 16 18 26 32 28 18 24 78 64 62 11 21 8 37 28 31 7 9 2 5 4 3 8 16 14 17 23 16 25 38 13 14 54 60 32 63 45 35 17 21 17 29 30 49 23 40 75 67 25 18
0 0 0 0 0 0 0 0 0 0 0 0 0 0 0 0 0 0 1 0 1 1 1 1 2 1 1 1 3 7 19 27 63 52 30 29 29 52 48 32 22 9 7 12 42 17 16 23 31 23 33 17 29 38 80 62 24 15 19 39 14 15 10 3 6 8 9 4 16 28 26 32 17 12 32 47 29 12 12 47 33 24 46 56 24 28 19 25 66 52 47 36 68 82 56 29
0 0 0 0 0 0 0 0 0 0 0 0 1 1 1 0 1 2 2 1 4 1 1 1 1 1 1 1 3 31 38 39 43 40 31 24 28 48 48 36 21 11 12 22 26 14 14 40 20 24 48 21 32 50 28 45 27 22 30 26 10 9 22 15 7 5 17 14 22 58 67 68 15 25 40 47 30 17 18 56 33 8 33 59 26 31 30 25 50 33 26 34 56 64 63 54
0 0 0 0 0 0 0 0 0 0 1 0 0 0 0 1 2 2 3 2 10 9 1 1 1 1 1 2 6 22 51 32 34 29 31 42 51 22 29 49 21 9 10 34 28 13 23 25 28 39 56 43 42 65 44 36 38 30 40 15 11 12 20 17 9 7 6 17 35 24 46 46 30 21 22 47 24 21 8 17 32 7 45 69 29 30 43 28 21 49 37 17 23 40 60 72
0 0 0 0 0 0 0 0 0 0 0 0 0 0 0 0 2 1 8 2 1 1 4 2 1 1 2 9 17 17 26 30 24 12 14 15 16 12 10 17 21 4 3 3 13 10 17 21 52 67 72 68 52 54 33 48 50 37 34 31 11 8 24 26 18 17 9 9 13 8 3 3 19 28 24 32 21 31 20 12 6 10 21 58 61 28 37 40 28 24 46 25 37 57 79 61
0 0 0 0 0 0 0 0 0 0 0 0 0 0 1 0 0 1 8 3 1 5 7 2 2 2 3 4 18 25 13 8 8 12 18 16 16 14 7 2 16 3 11 7 2 4 19 37 42 72 71 67 55 63 42 65 61 47 45 48 8 20 30 31 19 13 6 8 5 3 3 18 45 38 31 36 37 31 16 16 27 9 26 58 66 31 16 20 27 22 16 14 32 47 56 51
0 0 0 0 0 0 0 0 0 0 0 0 0 0 0 0 1 1 1 1 1 2 1 7 4 5 2 4 6 7 7 17 23 24 17 24 43 43 24 5 6 6 3 8 4 5 4 23 40 45 57 48 45 44 56 38 48 41 53 45 8 21 6 31 46 27 9 11 12 2 9 33 43 45 22 12 21 33 41 35 26 25 25 49 72 85 58 42 23 19 18 11 33 68 58 42
0 0 0 0 0 0 0 0 0 0 0 0 0 0 0 0 1 1 1 2 2 0 1 1 10 4 5 9 27 23 23 9 12 20 21 36 52 54 42 5 11 10 5 7 18 20 21 5 21 35 25 23 19 20 30 50 51 54 56 55 15 32 21 25 38 11 8 9 7 6 9 38 28 41 13 10 18 18 41 31 32 31 36 40 73 87 84 39 24 23 21 16 37 60 69 62
0 0 0 0 0 0 0 0 0 0 0 0 0 0 0 0 0 1 1 2 1 1 1 1 4 6 2 6 9 7 13 12 20 12 39 61 41 50 40 23 32 35 25 25 39 38 43 26 9 3 4 7 5 2 10 57 81 90 66 30 48 31 25 16 28 19 10 18 6 6 41 39 44 36 13 23 45 27 30 39 24 23 18 12 62 68 64 65 45 27 27 20 26 44 49 26
0 0 0 0 0 0 0 0 0 0 0 0 0 0 0 0 0 0 0 0 1 1 1 1 8 14 3 5 4 12 15 21 13 31 37 43 19 21 28 49 39 46 54 64 58 39 49 44 25 17 13 13 17 3 4 15 82 87 60 38 34 41 21 15 23 7 9 11 3 29 58 54 44 52 20 19 47 44 41 71 45 31 18 12 24 52 57 55 56 36 31 31 17 32 71 22
0 0 0 0 0 0 0 0 0 0 0 0 0 0 0 0 0 0 0 0 1 1 1 1 4 4 5 5 7 9 11 23 29 22 25 12 27 34 29 41 62 67 60 37 43 24 40 48 30 24 22 7 12 6 14 9 32 45 54 55 38 21 17 34 30 5 10 33 61 43 62 77 37 74 34 14 40 66 48 67 57 52 39 19 20 56 74 59 65 45 40 28 13 22 60 49
0 0 0 0 0 0 0 0 0 0 0 0 0 0 0 0 0 0 0 0 0 1 0 0 2 4 3 2 2 6 5 6 13 21 29 18 18 31 20 56 33 37 58 45 30 26 31 42 41 22 30 26 9 17 24 19 24 48 63 55 18 18 58 47 27 6 24 36 46 57 44 47 28 36 59 43 27 25 29 68 32 30 50 38 32 17 63 42 66 37 43 27 19 19 25 48
0 0 0 0 0 0 0 0 0 1 0 0 0 0 0 0 0 0 0 1 0 1 1 1 4 3 6 5 3 5 6 10 15 34 44 29 51 25 41 18 36 25 22 23 40 42 70 55 56 25 26 22 22 23 34 28 29 42 63 64 60 18 25 27 16 18 46 12 35 54 57 39 45 22 55 63 39 24 29 79 84 49 25 65 51 19 15 25 64 51 45 43 21 19 18 46
0 0 0 0 0 0 0 0 0 0 0 0 0 0 0 0 0 0 0 1 2 2 2 1 5 2 4 10 4 4 18 32 41 13 7 58 50 19 21 22 34 50 32 22 20 48 42 17 24 19 36 24 24 26 26 30 18 29 47 34 28 25 15 14 15 34 51 7 32 20 48 59 47 18 17 47 46 60 33 60 85 64 57 29 50 27 10 23 64 69 23 53 36 20 23 38
0 0 0 0 0 0 0 0 1 0 1 0 0 3 1 0 1 0 0 3 2 5 4 2 6 5 3 18 15 8 9 8 4 3 3 12 23 32 12 27 29 45 43 45 39 15 11 7 5 4 16 14 8 12 21 12 12 15 14 26 37 27 17 22 44 39 29 13 24 25 28 47 38 40 29 66 67 50 44 25 66 67 50 67 34 23 16 17 17 47 17 33 30 14 12 18
0 0 0 0 1 0 0 0 2 1 0 1 1 1 2 2 4 1 1 1 4 6 16 8 6 7 17 13 31 16 7 5 12 11 8 1 4 26 29 11 21 41 56 63 46 38 30 25 17 17 8 7 4 2 3 3 3 4 20 31 47 27 34 36 20 43 23 28 35 32 23 35 55 62 20 59 65 48 51 36 53 66 39 21 51 34 18 17 13 21 22 24 34 15 8 8
1 1 0 0 1 0 0 0 1 1 1 1 2 3 4 3 7 8 3 3 14 40 48 62 52 43 44 26 43 29 54 58 65 31 11 10 12 9 8 18 37 28 38 45 58 58 57 42 36 34 18 18 17 16 15 15 14 12 34 45 40 33 25 25 21 40 40 50 21 48 22 18 52 40 22 47 46 27 33 30 31 40 66 21 21 15 18 7 7 13 10 18 8 8 5 6
1 1 2 1 1 0 0 0 1 2 2 1 2 8 13 8 9 28 19 41 53 61 73 72 60 71 66 60 66 72 46 22 37 45 35 14 21 16 7 5 26 32 38 57 52 51 57 48 46 43 34 32 35 33 18 28 19 20 33 28 35 23 14 15 12 49 31 49 42 46 15 21 31 38 27 46 42 54 20 29 29 14 36 23 13 28 11 9 2 6 11 8 10 6 6 6
1 2 2 1 2 2 2 2 2 5 5 10 9 13 23 51 51 33 49 22 29 38 45 71 69 67 80 77 76 77 18 11 10 11 25 26 36 17 23 17 19 44 50 48 49 47 40 68 58 45 38 38 36 35 33 33 35 11 20 21 24 15 15 24 41 62 57 32 41 20 25 15 29 31 32 21 20 32 37 21 31 19 27 22 7 22 11 7 2 4 9 9 7 9 5 3
1 4 2 1 3 2 3 3 5 11 23 36 51 63 79 78 63 59 72 50 23 11 35 57 40 40 29 60 62 53 38 7 6 4 6 10 20 17 21 25 11 23 31 36 23 22 14 31 41 41 53 53 39 37 35 50 38 14 14 13 9 19 35 44 53 44 27 27 20 35 31 41 23 23 23 20 19 21 33 21 19 16 15 11 12 10 11 8 5 2 6 3 3 6 2 2
2 5 2 2 7 7 6 13 23 45 60 65 68 81 75 86 68 67 85 31 58 24 14 31 24 15 18 21 23 22 44 26 15 3 5 3 10 8 9 23 21 20 43 19 26 22 13 27 28 18 15 14 12 23 23 12 39 24 17 12 16 22 38 44 47 38 19 37 49 31 36 25 22 17 15 9 12 11 16 16 14 13 5 9 6 3 3 2 3 2 1 0 1 1 1 1
2 9 6 6 10 19 29 46 44 71 69 83 70 84 75 79 53 58 81 68 25 32 17 9 9 8 4 3 13 12 19 59 25 7 7 6 21 50 48 33 33 22 23 13 11 17 19 8 5 9 9 22 33 34 20 19 40 24 35 12 19 26 39 30 44 22 15 28 46 42 29 21 11 18 13 7 4 2 4 6 8 5 3 2 2 2 2 2 1 1 1 1 7 3 4 5
7 14 25 26 44 63 64 67 67 76 72 89 77 75 57 71 55 69 69 74 20 39 39 15 11 3 3 1 4 7 6 14 19 8 8 13 8 15 15 18 14 15 16 26 27 17 20 10 16 18 42 58 51 34 56 14 41 39 11 5 5 18 15 34 27 29 16 10 13 20 17 17 8 3 3 4 6 4 10 12 7 9 6 9 12 12 9 8 7 10 3 4 16 10 6 13
27 44 53 66 70 64 78 70 77 69 88 69 41 56 55 52 59 60 61 66 30 18 25 15 13 7 3 4 10 11 12 22 15 5 16 13 19 18 28 19 34 23 35 35 41 41 31 28 23 28 38 63 66 65 64 36 43 39 20 26 16 4 5 6 8 7 12 8 7 6 7 6 7 12 19 18 29 17 28 15 17 23 13 22 15 34 22 10 17 16 8 8 15 13 9 18
60 68 75 65 78 74 80 67 70 55 70 14 27 21 30 47 48 36 35 54 32 15 6 5 8 11 11 8 13 5 32 38 32 19 28 31 29 23 27 27 27 32 34 34 51 38 46 33 18 53 48 48 61 47 36 33 63 41 33 51 39 27 27 27 26 25 41 30 22 21 21 22 33 33 34 21 34 33 33 32 31 31 27 27 41 32 24 18 20 11 18 11 21 12 27 26
12 25 42 41 66 63 74 69 35 7 3 5 13 9 10 11 13 24 41 54 32 9 10 16 8 9 30 20 31 22 31 32 31 26 25 44 37 19 41 32 31 44 44 44 35 34 43 34 30 40 50 45 57 65 47 50 45 33 42 45 41 43 42 47 45 40 54 45 39 23 36 36 36 36 50 36 36 50 36 47 48 33 37 36 59 33 30 25 26 22 23 17 31 34 33 44
11 8 6 6 5 7 22 22 20 7 5 7 14 15 7 4 3 6 24 31 16 8 33 9 20 29 38 28 41 27 26 22 38 27 17 32 30 15 32 36 29 46 31 29 31 35 53 40 26 31 49 47 26 72 50 62 34 39 47 37 53 41 37 39 41 30 56 42 27 38 37 38 51 37 50 38 38 54 52 52 39 37 51 43 49 38 31 31 29 29 29 25 55 43 34 34
22 35 31 12 11 10 3 7 10 4 9 12 11 7 3 5 1 12 10 16 23 37 41 19 36 31 35 31 23 9 3 9 25 22 17 25 15 18 28 36 41 25 29 25 26 46 36 24 37 35 50 58 34 68 62 29 60 55 48 32 46 38 54 53 39 46 42 41 40 26 39 52 52 39 52 52 41 58 41 51 41 53 55 66 52 36 20 41 34 34 43 46 54 26 54 35
27 21 22 15 8 6 7 7 14 16 20 23 17 6 6 14 16 19 23 34 58 53 49 29 31 20 20 27 27 21 13 9 22 17 18 16 12 17 20 28 13 9 28 33 26 63 33 34 49 26 58 28 59 59 31 41 64 52 31 43 33 48 50 38 25 45 44 42 26 41 60 64 58 41 53 56 54 61 43 40 45 56 56 51 43 28 24 48 41 28 56 58 55 28 18 60
12 21 25 19 21 12 21 18 24 26 31 41 31 24 19 30 18 26 40 44 54 36 19 30 35 19 10 16 26 22 14 8 15 17 8 20 13 30 21 14 19 13 32 20 15 63 40 43 32 25 37 58 46 34 30 28 44 62 31 46 44 56 48 27 53 49 55 42 22 44 55 75 61 46 52 60 61 48 41 32 49 74 67 60 56 29 49 70 53 27 46 70 68 37 21 57
21 31 18 18 10 18 29 21 18 31 31 34 32 30 34 31 30 40 38 38 46 32 29 31 21 13 14 22 16 19 8 15 8 6 18 19 18 14 19 11 13 8 30 10 8 39 42 40 21 29 34 18 45 9 7 6 18 46 21 50 61 47 44 64 52 51 35 18 27 58 63 80 67 49 53 69 77 54 53 31 54 78 57 43 42 35 56 72 54 36 28 77 82 58 37 49
10 19 17 22 17 26 25 23 21 20 35 30 27 26 47 22 27 37 32 29 39 35 18 27 17 17 19 17 13 24 9 17 8 6 8 16 7 11 7 13 11 13 18 12 24 21 47 32 11 18 29 18 22 12 10 6 11 19 12 52 59 51 54 65 28 47 20 18 28 61 70 75 71 54 59 72 82 44 54 28 61 85 62 34 30 38 60 74 57 41 32 67 77 67 26 49
6 9 23 18 12 16 22 12 11 13 28 23 18 28 23 21 14 28 34 18 17 22 29 20 13 11 11 8 6 35 8 11 7 8 7 13 11 8 5 9 6 13 11 9 17 14 22 6 9 7 11 31 17 15 10 10 24 12 14 42 33 42 73 39 49 44 29 31 43 47 71 68 72 42 49 71 58 37 60 33 47 75 62 50 33 38 62 75 55 45 34 49 71 50 36 50
2 3 5 5 3 3 8 6 5 9 8 11 12 20 15 14 16 14 20 16 12 6 9 16 13 9 12 7 4 7 11 14 5 4 5 10 6 3 4 7 5 12 9 7 7 10 7 5 4 4 4 11 4 5 7 8 18 6 15 22 19 38 22 34 65 31 29 35 53 41 54 75 50 28 47 67 54 34 63 35 46 68 45 41 42 31 33 73 72 44 28 49 69 47 31 48
0 1 1 1 1 2 3 4 2 6 5 9 11 10 8 14 11 8 12 14 7 4 3 11 11 5 10 3 3 8 6 7 3 2 5 3 2 4 4 6 9 3 5 10 8 4 2 6 3 2 1 4 1 2 3 7 9 15 14 8 9 7 17 55 21 29 44 24 34 36 29 53 24 20 37 56 32 34 51 21 52 58 37 38 40 45 20 31 73 37 30 41 65 55 41 34
0 0 0 0 1 0 1 1 1 3 3 6 6 6 6 7 6 6 5 6 8 3 9 6 7 5 4 4 1 3 5 7 1 1 2 4 2 1 2 2 7 3 4 2 2 2 2 1 2 2 2 3 3 2 3 4 11 10 8 22 17 7 24 20 30 40 16 19 21 31 14 38 13 12 18 40 20 37 42 16 31 36 20 46 46 48 26 26 68 46 24 41 47 29 35 26
0 0 0 0 1 0 1 1 1 1 2 5 3 2 3 5 6 8 5 2 2 1 11 1 3 4 3 2 1 1 1 2 0 0 2 0 0 0 2 0 3 1 2 1 1 2 2 8 12 25 15 10 12 7 3 6 8 6 8 11 10 9 14 5 26 10 12 13 16 27 8 17 9 15 6 19 10 28 22 16 33 21 16 26 43 20 30 21 36 25 32 23 49 52 55 42
0 0 0 0 0 0 0 0 1 1 2 2 1 3 1 3 1 4 5 2 1 2 4 1 3 3 2 3 0 0 0 1 1 1 0 0 1 1 2 1 1 1 2 6 3 15 7 29 9 11 5 6 12 21 26 15 13 3 3 14 6 8 2 4 12 6 6 8 11 18 18 14 13 11 8 21 8 24 8 8 36 9 31 27 40 20 27 20 22 35 34 44 48 59 69 83
0 0 0 0 0 0 1 0 1 0 0 0 0 1 1 2 1 3 2 3 2 3 2 4 1 1 1 1 1 1 0 0 1 0 4 7 3 2 9 23 9 8 7 24 8 7 31 29 7 20 12 8 12 30 22 11 21 19 12 28 13 26 20 9 5 8 12 11 9 13 23 23 14 41 48 38 45 67 51 27 33 44 48 48 18 73 68 55 39 18 29 25 40 67 48 57
0 0 0 0 0 1 0 0 0 0 0 0 0 1 1 1 1 2 1 1 2 1 1 3 1 0 0 0 0 0 0 0 1 0 0 3 7 1 2 11 11 15 8 21 35 8 12 16 22 25 29 6 8 35 39 11 46 30 50 40 15 27 16 17 11 19 13 29 37 5 7 35 35 17 38 52 29 51 31 62 27 47 67 51 31 71 62 48 76 68 54 24 41 57 38 28
0 0 0 0 0 0 0 0 0 0 0 0 1 1 0 1 0 1 1 1 1 1 1 1 1 0 0 0 0 1 0 0 0 0 0 1 2 1 1 6 10 5 17 34 24 5 9 10 14 22 29 8 11 29 23 37 27 21 28 40 15 5 9 28 27 34 32 28 30 38 8 30 56 17 40 60 13 8 14 74 63 38 36 43 57 68 65 73 83 73 39 61 26 22 58 69
0 0 0 0 0 0 0 0 0 0 0 0 0 0 0 1 0 1 0 0 0 1 1 0 1 1 0 0 0 1 0 0 0 0 0 0 1 4 2 8 4 13 8 8 38 20 10 8 15 18 28 29 14 44 45 73 21 46 68 67 43 5 21 26 25 54 47 59 31 58 18 15 50 24 42 65 29 20 14 65 53 62 11 12 23 63 73 67 79 63 23 67 43 33 51 62
0 0 0 0 0 0 0 0 0 0 0 0 0 0 0 1 0 0 0 0 0 1 0 0 0 0 0 0 0 0 0 0 0 0 0 1 1 2 8 37 9 21 12 28 29 39 15 16 39 30 68 71 34 49 79 86 43 73 79 64 53 17 50 56 31 27 22 19 45 72 29 15 37 17 51 58 79 30 39 80 52 69 60 22 21 40 63 58 56 40 63 86 44 30 19 19
0 0 0 0 0 0 0 0 0 0 0 0 0 0 0 1 1 0 0 0 0 0 0 0 0 0 0 0 1 1 1 1 1 1 2 4 2 6 24 21 17 6 9 39 48 23 12 13 25 40 67 56 60 31 67 87 56 63 72 63 71 59 63 75 25 28 43 22 52 67 60 36 11 24 73 71 75 66 34 83 38 63 76 44 26 24 55 46 46 21 77 86 65 44 47 20
0 0 0 0 0 0 0 0 0 0 0 0 0 0 0 0 0 0 0 0 0 0 0 0 0 0 0 1 2 0 1 0 2 3 2 3 2 7 14 13 37 14 38 12 68 18 25 22 12 31 62 59 36 16 17 54 60 74 80 76 88 71 74 72 68 41 45 38 50 55 78 52 25 21 56 72 81 79 51 65 64 60 67 79 45 28 18 20 17 33 74 55 77 50 47 30
0 0 0 0 0 0 0 0 0 0 0 0 0 0 0 0 0 0 0 0 0 0 0 0 0 0 0 0 1 0 0 2 1 2 7 5 4 2 1 8 9 6 2 2 16 15 53 45 16 10 28 12 20 9 8 14 16 53 59 57 67 70 64 61 85 42 45 38 11 69 90 42 27 21 65 54 53 64 34 48 53 23 69 81 67 43 13 14 15 24 15 40 80 49 32 40
0 0 0 0 0 0 0 0 0 0 0 0 0 0 0 0 0 0 0 0 0 0 0 0 1 2 1 0 0 0 1 1 4 5 5 6 5 9 4 2 3 11 5 3 5 9 19 30 33 11 13 10 21 11 14 26 20 11 21 40 38 19 31 65 90 68 34 40 49 76 88 53 21 12 24 36 58 45 58 64 52 16 53 71 81 34 23 12 36 42 24 42 89 63 57 61
0 0 0 0 0 1 0 0 0 0 0 0 0 0 0 0 0 0 0 0 0 1 0 0 1 2 2 0 0 1 1 1 3 8 4 2 10 11 4 4 5 20 11 6 11 10 12 12 14 7 14 35 41 37 29 28 20 15 13 9 3 1 11 76 78 74 49 26 31 71 81 77 63 25 15 37 54 42 43 29 54 40 27 76 77 63 29 19 42 32 55 83 83 83 68 64
0 0 0 0 0 0 1 0 0 0 0 0 0 0 0 0 0 0 0 0 0 0 0 0 1 1 1 1 1 3 1 1 5 3 7 10 8 17 8 15 10 18 21 11 6 22 13 19 14 6 12 49 61 67 60 51 37 33 29 26 29 24 25 47 50 62 53 22 11 46 43 78 79 37 17 46 58 42 27 46 70 38 25 24 77 79 33 19 51 60 55 76 52 78 50 33
0 0 0 0 0 0 0 0 0 0 0 0 1 0 0 0 0 0 0 0 0 0 0 0 0 0 1 3 1 2 1 2 2 1 10 15 6 6 16 33 22 25 21 14 5 9 34 27 21 13 12 34 75 77 73 72 61 59 51 49 76 79 82 73 59 56 46 29 12 8 37 52 83 65 59 22 43 51 30 7 23 36 39 53 71 76 51 31 18 40 42 36 79 77 87 61
0 0 0 0 1 0 2 0 0 0 0 0 1 1 0 0 0 0 0 0 0 0 0 0 0 0 1 2 1 1 1 3 8 6 15 13 11 21 39 18 39 34 15 21 26 26 37 42 29 22 14 21 49 74 71 79 80 77 56 44 35 51 61 67 77 74 75 64 40 3 12 52 60 67 59 52 35 18 24 23 56 49 25 34 32 71 69 30 15 25 32 38 31 71 58 74
1 0 0 0 0 1 1 0 0 1 0 0 0 0 0 0 0 0 0 0 0 0 0 0 1 0 1 2 1 3 3 19 10 5 8 18 12 16 12 5 11 46 59 35 54 40 33 30 34 36 34 17 14 19 60 61 58 76 77 69 63 56 41 48 54 73 77 76 72 63 43 66 58 76 46 46 36 25 37 28 25 28 19 50 38 74 77 28 12 37 45 31 33 33 60 76
0 1 0 0 0 1 3 1 0 0 0 0 0 0 0 0 0 0 0 0 0 0 0 1 1 1 0 1 1 1 1 1 1 6 7 9 11 16 19 21 13 6 16 63 65 76 65 47 43 21 32 34 28 17 28 45 39 32 50 56 59 70 71 60 37 42 70 77 77 62 65 81 63 83 71 53 48 49 31 18 20 39 19 31 43 31 66 40 12 24 42 41 19 13 53 77
0 0 6 1 0 1 0 1 2 1 1 0 0 0 0 0 0 0 0 0 0 0 0 0 1 1 1 3 2 1 2 5 4 5 7 19 23 24 24 31 34 28 15 11 13 61 69 63 43 30 23 35 29 18 7 7 8 9 9 11 20 42 37 50 53 30 31 47 45 39 67 67 66 64 61 64 68 62 39 44 41 36 19 21 56 63 45 52 19 8 31 39 22 41 79 38
0 0 1 1 1 0 0 0 3 10 7 6 0 0 0 0 0 1 0 0 0 0 0 0 2 0 1 2 1 1 3 4 2 4 7 11 13 21 21 24 30 25 42 40 41 25 15 11 38 41 49 18 17 12 18 27 25 25 25 23 24 10 7 10 13 10 9 7 9 28 40 55 51 47 38 32 31 57 50 43 33 21 45 39 41 53 44 61 41 12 9 29 48 79 48 71
1 0 1 7 2 1 1 0 0 6 1 1 1 0 1 0 1 0 0 0 0 0 0 0 1 0 1 0 0 1 1 1 2 3 3 5 12 24 15 25 33 40 40 44 46 36 32 33 23 13 13 10 13 29 32 44 43 44 43 55 25 9 8 24 25 40 21 24 7 6 14 33 28 20 19 21 25 33 40 55 50 22 19 21 23 25 40 51 58 20 9 24 84 60 49 62
1 1 1 3 3 3 5 0 0 0 0 0 0 0 0 2 0 0 0 0 0 0 0 0 0 0 0 0 1 1 0 1 1 2 4 5 8 12 12 25 28 25 24 25 34 27 25 37 31 28 34 36 37 50 45 43 57 60 62 56 32 26 27 43 40 30 38 21 8 10 10 3 3 3 5 4 11 11 5 10 18 12 13 8 9 10 28 39 37 21 9 58 66 40 66 64
2 2 1 0 3 3 10 8 3 2 1 1 0 0 2 1 4 2 1 0 1 1 0 0 0 0 0 0 0 0 0 1 2 1 0 2 7 12 7 6 16 26 20 15 26 22 30 32 38 35 41 27 29 44 54 56 57 61 70 62 40 37 48 46 55 58 59 48 26 22 7 4 2 5 6 13 32 22 14 12 9 7 4 5 4 7 10 18 39 40 16 69 28 17 53 71
3 3 3 5 4 9 3 2 2 5 1 2 1 1 2 5 9 4 1 1 2 0 1 1 0 0 0 0 0 0 1 0 0 0 1 2 5 13 14 13 20 21 31 24 30 29 32 34 39 24 52 41 38 33 49 53 73 72 73 58 30 52 47 61 61 76 68 62 51 30 21 22 22 27 30 44 52 41 25 25 36 41 22 11 13 7 3 6 15 45 28 61 18 19 60 84
4 5 1 1 6 4 16 12 4 4 4 9 6 2 4 16 15 5 1 4 1 3 1 1 0 0 0 1 0 0 0 0 0 1 1 1 3 6 11 13 19 16 17 22 24 29 33 47 37 29 39 52 34 35 53 63 73 64 52 44 42 51 60 61 62 80 74 64 54 31 44 44 43 49 48 49 62 47 45 46 45 44 28 38 38 19 17 4 7 23 20 23 21 12 34 58
6 7 6 2 13 19 19 14 31 12 6 2 1 9 16 10 6 3 2 13 1 6 1 1 0 0 0 1 1 0 0 0 0 1 1 2 3 7 6 12 20 18 8 19 21 20 34 46 37 20 19 47 41 34 48 65 65 52 37 28 31 62 58 59 77 75 65 60 36 30 45 45 47 59 54 66 65 67 49 51 63 53 53 63 51 43 24 7 4 15 13 23 16 6 18 34
5 2 6 4 2 18 10 6 10 24 24 12 1 5 21 11 1 1 7 13 1 11 1 0 1 1 0 1 1 4 0 0 0 0 1 1 1 1 3 3 12 9 14 13 17 10 35 16 35 14 39 30 30 21 48 67 44 42 26 39 39 51 47 64 76 70 63 63 35 51 62 62 43 60 69 64 66 59 51 59 68 64 58 67 39 27 12 10 5 3 5 12 14 4 13 9
6 5 4 8 2 5 26 36 41 20 6 6 2 9 9 17 4 8 26 9 3 11 1 1 0 1 1 1 2 1 2 3 1 0 0 1 0 1 1 3 5 5 6 13 8 10 14 12 5 6 44 10 20 14 45 25 26 36 20 27 26 38 54 69 53 66 56 44 36 51 62 63 40 64 58 69 73 60 52 60 75 62 66 44 25 30 26 29 24 7 1 1 6 5 4 6
11 5 8 7 9 8 16 29 27 26 31 10 21 4 2 1 11 47 33 8 10 10 2 2 2 1 0 2 1 2 1 0 0 0 0 0 0 1 1 4 2 3 6 6 3 4 4 5 7 10 5 4 12 25 10 19 16 13 17 15 16 30 60 51 54 45 32 36 51 62 60 62 51 62 42 52 61 38 50 58 76 46 32 34 44 49 64 43 28 11 7 2 1 3 3 2
10 11 8 9 30 16 38 66 25 22 18 24 27 32 2 1 3 5 3 1 5 15 5 1 1 2 1 1 1 1 0 0 0 1 0 0 0 0 1 1 1 1 4 1 1 1 1 4 2 1 2 3 6 12 8 8 5 8 18 19 14 45 42 44 42 50 35 33 42 60 54 41 44 59 42 23 68 45 49 73 44 46 43 48 75 79 62 38 33 24 10 8 5 1 2 2
