sesion_6_simulaciones/modelos_agentes/ejemplos_netlogo/scenarios/echam4_b2/rob_2056.asc
NCOLS 322 
NROWS 307 
XLLCORNER 451900 
YLLCORNER 4086900 
CELLSIZE 100 
NODATA_value -9999 
[rows 0 to 73 of 307, columns 192 to 287 of 322]
40 35 21 12 33 58 33 16 16 21 26 11 8 7 11 8 6 6 10 10 9 9 6 8 13 21 12 22 24 46 19 7 6 1 1 2 3 3 3 9 10 5 5 19 26 30 23 35 48 53 34 35 39 45 41 50 40 81 43 35 6 8 10 31 36 23 37 37 16 29 14 7 11 12 32 15 12 27 46 18 10 12 13 17 16 11 28 22 20 24 7 16 24 54 13 4
48 26 32 29 35 57 18 28 42 28 21 16 25 24 15 13 20 4 10 14 16 9 5 6 6 23 8 11 7 13 44 21 4 3 1 1 2 3 6 4 9 3 2 6 9 14 26 24 39 75 83 64 43 40 40 42 67 64 65 16 17 9 33 27 34 28 37 28 33 16 4 17 9 14 44 18 46 31 28 27 19 26 29 18 14 7 19 25 25 23 11 22 17 26 12 9
27 47 29 27 51 48 33 16 11 25 28 29 43 46 27 42 29 26 38 38 35 16 11 6 3 5 4 2 2 4 6 24 17 4 5 2 2 1 3 1 1 1 8 19 17 31 30 37 45 60 63 54 61 47 62 74 38 34 43 20 17 24 30 21 22 46 18 17 14 18 10 11 10 15 57 18 54 43 20 36 25 19 26 28 16 5 12 15 27 18 12 39 18 36 11 2
37 38 60 55 40 33 30 29 29 52 30 48 63 53 44 62 49 28 41 58 46 39 30 17 12 7 1 2 2 1 3 5 2 4 3 3 3 1 1 1 4 8 4 5 10 35 34 37 15 26 19 21 31 58 47 55 50 19 27 32 34 16 16 32 19 43 31 30 47 16 23 20 7 6 36 20 25 20 29 35 26 23 26 32 18 6 11 24 37 14 26 21 18 34 8 2
23 17 38 12 49 56 51 38 53 48 48 37 42 37 46 65 51 56 61 66 63 41 33 31 18 25 13 19 15 3 1 0 2 2 2 3 1 0 1 1 3 4 6 10 9 14 14 23 47 61 62 50 44 38 68 70 30 26 9 10 31 27 20 29 28 42 28 21 14 8 6 6 9 5 18 18 15 28 54 62 52 17 17 38 34 25 3 21 22 32 30 15 29 42 14 2
27 22 38 32 20 28 56 27 54 45 35 44 19 46 57 60 64 62 30 29 49 32 23 35 32 31 16 25 20 6 6 3 1 1 1 0 0 1 0 1 2 4 8 16 31 50 55 62 56 36 40 39 50 65 83 60 36 28 9 43 60 56 45 43 29 48 18 25 31 25 33 23 20 14 11 17 26 24 35 26 36 60 42 33 36 27 9 16 22 25 11 16 27 26 16 4
19 10 13 31 22 18 54 22 16 31 42 71 46 27 50 64 58 59 37 15 20 44 50 58 33 30 34 23 24 18 13 9 8 6 4 1 2 3 1 0 1 4 10 17 45 29 35 42 60 47 49 82 47 71 77 45 30 34 18 35 47 53 45 48 57 45 39 37 39 14 22 23 17 28 26 14 6 18 37 41 30 56 35 18 10 38 13 11 14 13 13 25 40 53 12 9
13 11 11 16 38 30 49 58 19 10 21 32 58 22 10 30 20 33 38 23 18 32 19 27 32 27 31 20 29 25 22 20 17 16 14 6 8 4 2 1 2 10 17 25 37 44 38 63 81 78 77 51 66 64 71 43 25 10 18 22 29 25 21 20 16 41 25 22 42 22 20 16 21 28 31 19 6 26 46 23 50 67 46 20 11 32 25 13 13 27 26 27 53 31 17 12
26 21 21 13 23 21 36 63 64 32 16 17 33 46 28 21 14 38 45 33 26 40 13 24 46 33 29 31 30 41 37 32 34 28 17 14 6 3 1 1 4 8 18 24 50 50 38 48 64 75 60 41 79 64 61 28 12 45 63 47 57 43 56 37 42 68 36 29 12 13 19 17 20 23 19 12 7 14 19 32 46 60 44 30 14 15 18 11 10 34 26 36 30 39 17 24
18 21 24 14 15 8 32 32 63 51 42 26 25 31 39 19 19 15 43 39 37 45 18 19 31 33 24 24 17 25 6 16 29 27 19 9 4 3 1 2 2 4 13 21 39 19 19 63 43 35 30 84 66 67 42 20 32 55 59 69 50 82 69 36 53 24 45 38 36 14 15 25 24 14 11 8 7 12 42 21 12 45 48 45 26 13 24 8 11 14 17 44 29 42 22 53
23 23 26 27 15 9 5 7 14 35 24 18 15 40 28 19 24 6 14 35 26 47 50 16 18 17 42 23 8 19 29 8 3 3 5 15 7 4 2 2 4 5 15 34 12 30 38 47 16 24 67 73 48 58 27 17 31 44 39 56 78 80 48 25 26 39 47 45 55 40 48 31 30 26 16 12 6 5 14 26 27 55 71 44 49 21 13 19 6 18 43 19 27 20 21 67
46 31 17 22 23 21 16 10 8 9 10 11 18 19 17 14 11 20 15 16 33 39 33 20 3 11 35 27 10 9 24 27 5 2 2 3 10 4 0 2 12 18 19 9 5 5 23 9 15 51 78 65 43 33 14 42 39 32 40 79 66 58 12 24 35 35 58 52 42 50 38 31 38 41 38 28 11 7 22 24 25 75 51 62 45 38 17 10 7 28 29 15 38 13 41 75
57 41 37 54 46 45 42 25 42 28 25 17 9 8 8 9 9 31 26 12 9 19 17 16 4 10 18 15 10 4 4 11 4 1 0 1 4 6 1 2 9 12 10 17 16 14 38 7 26 66 59 31 7 28 54 61 59 64 84 73 21 23 25 18 16 18 31 30 51 34 17 27 48 53 51 29 12 3 21 31 61 65 28 41 56 38 25 7 8 29 25 18 45 14 38 51
71 66 60 63 60 57 46 43 41 44 42 46 22 18 12 10 7 5 5 4 8 6 4 6 6 10 12 11 4 2 3 7 7 5 1 0 2 5 3 4 4 9 7 4 4 23 11 9 37 29 18 6 14 34 44 49 71 67 57 13 44 58 49 36 35 19 16 15 45 36 47 61 43 32 30 33 17 5 12 26 59 29 21 43 71 43 33 16 6 12 13 17 27 15 33 30
28 67 69 71 61 64 42 51 29 31 49 39 34 33 35 30 23 11 3 3 2 2 2 4 6 6 5 3 1 1 3 4 5 3 1 1 3 6 6 3 3 4 6 3 2 5 4 8 12 10 3 8 17 22 39 51 50 14 37 47 57 53 56 79 81 69 59 38 40 51 58 48 54 43 25 20 12 7 13 27 37 19 12 60 72 72 49 51 26 6 10 16 16 16 43 38
44 62 71 51 60 78 61 37 56 44 34 47 43 52 53 37 31 11 8 8 5 2 1 1 4 3 1 1 0 1 1 4 5 7 4 2 2 3 3 5 3 3 3 2 1 1 7 11 6 4 13 10 12 19 28 36 15 46 46 45 57 72 81 68 62 73 37 28 61 15 45 77 51 39 43 45 45 26 11 29 32 19 7 17 43 69 25 18 23 24 6 21 11 15 47 40
74 25 74 57 52 73 79 80 49 27 41 40 58 54 49 40 41 31 21 20 15 14 5 2 1 2 4 5 3 2 0 1 1 2 4 2 3 3 3 5 3 2 2 2 1 1 1 2 6 18 14 32 30 19 16 39 49 46 46 44 69 60 78 67 68 42 28 56 39 36 36 18 56 31 54 61 64 45 33 11 48 28 21 6 18 47 58 21 8 11 5 6 12 23 17 18
52 19 63 43 61 69 70 52 77 81 55 62 66 30 31 30 42 40 29 25 20 17 12 5 4 5 11 8 7 4 1 0 0 0 1 2 2 2 2 2 2 2 1 1 0 2 5 11 16 15 23 46 43 44 21 37 38 64 61 59 77 64 60 51 31 30 45 58 44 28 18 17 48 52 61 59 63 64 48 18 12 25 26 19 7 22 39 27 21 4 10 1 12 19 9 9
41 44 46 51 37 63 69 46 50 80 52 73 83 59 45 34 48 63 60 45 39 21 10 7 11 7 14 13 20 6 6 5 6 3 2 1 2 1 2 2 1 1 0 1 3 5 14 16 16 20 36 48 45 35 49 52 55 52 40 51 67 38 22 13 29 31 29 77 61 21 24 14 50 51 15 32 72 60 63 50 15 10 42 25 15 6 22 27 27 12 2 2 17 8 2 2
47 22 30 46 34 44 74 40 30 63 68 80 80 68 70 62 24 38 39 54 34 25 22 17 18 17 17 23 23 19 12 9 7 6 5 2 1 1 1 1 0 0 1 3 10 10 13 23 14 29 44 37 54 52 55 55 19 14 30 49 75 37 15 38 51 45 61 66 44 36 24 9 18 54 44 15 33 45 57 57 50 16 14 29 22 7 4 15 30 21 2 1 10 2 9 17
65 36 34 38 12 29 60 38 50 38 61 49 68 39 50 56 20 15 33 55 36 49 27 14 36 30 19 13 16 13 10 5 6 5 8 4 3 1 0 0 0 1 3 8 12 17 9 9 29 50 37 44 63 70 77 70 47 34 47 53 55 23 21 51 50 44 45 20 43 46 33 9 11 25 59 32 14 20 71 45 42 19 7 16 20 6 7 21 14 15 1 2 2 3 17 39
46 15 42 39 15 10 32 60 17 33 69 61 67 42 38 22 23 7 15 57 51 33 24 23 14 15 5 5 7 6 8 7 4 3 7 5 3 2 1 0 1 2 4 7 6 14 13 24 27 28 25 36 48 77 81 82 78 66 52 47 32 16 35 42 59 55 45 26 24 44 20 9 11 19 55 36 16 18 29 54 42 32 14 8 22 8 11 17 10 4 4 13 6 11 36 47
59 17 51 57 27 15 20 38 15 14 62 50 35 20 11 24 23 18 6 15 19 32 53 53 26 7 16 9 3 5 4 3 2 3 4 8 5 1 1 0 0 3 7 9 4 6 3 10 7 10 9 28 48 39 58 76 61 45 25 71 37 16 34 41 39 49 70 39 36 16 11 10 25 42 70 35 18 23 35 65 42 21 12 5 10 16 11 16 6 3 10 43 22 22 22 40
48 39 33 53 12 18 23 39 31 12 13 10 13 32 14 9 27 23 11 16 18 19 40 30 25 8 11 14 8 2 2 2 2 2 2 3 4 2 1 0 1 1 1 3 3 2 4 6 13 15 10 26 23 34 36 27 18 37 62 45 16 27 39 34 50 71 49 35 39 25 10 15 26 47 51 26 27 22 37 59 46 49 23 6 5 8 10 15 3 5 14 13 30 47 26 31
18 15 25 26 16 6 26 40 18 6 13 8 9 19 24 14 17 21 17 6 6 9 13 11 10 6 8 16 13 4 2 1 1 1 1 2 1 3 1 0 0 1 4 4 6 10 14 15 13 18 29 18 13 8 9 18 38 40 70 37 14 42 33 28 56 77 41 51 46 26 17 17 29 60 43 26 37 23 31 47 42 43 40 23 6 3 12 7 3 21 24 24 27 25 65 29
8 12 7 20 8 4 28 37 16 5 5 7 8 5 16 18 9 7 10 10 4 4 7 8 6 5 3 10 22 4 2 1 1 0 0 0 1 1 2 0 1 1 2 2 6 7 13 6 7 18 22 38 31 49 34 37 37 56 59 12 22 34 27 20 48 62 39 41 37 30 15 15 33 63 29 41 39 19 15 25 27 40 28 11 13 3 3 7 18 37 42 44 52 34 24 52
4 6 3 4 3 10 21 17 8 4 2 4 4 2 2 8 9 9 7 8 3 3 3 4 2 2 3 3 4 7 4 1 0 0 0 0 1 1 1 1 0 0 1 2 3 5 4 5 12 15 29 35 33 45 56 69 68 79 45 12 26 31 21 30 72 63 20 39 42 28 18 11 27 61 30 26 27 28 7 13 27 38 16 11 4 3 6 20 40 38 43 39 46 56 68 40
3 2 1 1 1 1 2 3 2 1 1 1 1 0 1 2 2 2 4 6 3 2 2 2 1 1 3 3 2 3 4 3 2 1 0 0 1 0 1 0 0 0 1 1 2 2 7 7 7 27 23 30 37 43 55 79 66 57 12 30 38 25 45 59 83 43 50 27 27 29 27 16 39 61 40 26 25 29 7 12 25 34 23 25 10 2 6 17 20 15 15 14 14 21 43 44
1 1 1 1 1 0 0 0 1 0 0 0 0 0 0 0 0 0 1 1 2 1 1 0 1 1 3 2 2 2 1 1 1 1 1 1 0 0 1 0 0 1 4 4 5 6 12 31 10 23 19 22 29 28 67 59 36 10 29 39 37 32 55 80 52 28 44 25 25 29 24 13 24 55 70 43 31 19 9 10 23 39 31 19 8 1 5 8 6 17 20 29 32 28 26 41
2 4 4 6 3 1 1 1 1 3 3 3 3 4 6 3 3 2 1 0 0 0 0 0 0 1 2 1 1 1 1 0 1 1 1 1 0 0 0 0 1 3 5 5 7 13 16 12 32 23 20 18 33 34 69 27 15 23 37 41 35 34 56 79 38 25 25 39 22 11 10 14 40 60 31 55 39 20 7 5 30 27 34 17 6 1 6 16 29 42 25 41 48 43 36 17
5 8 8 9 7 2 2 7 4 7 7 10 9 11 10 10 8 7 5 3 1 1 1 0 0 0 0 0 1 1 1 0 1 1 1 0 0 0 0 1 3 5 6 12 14 21 22 18 28 51 53 50 34 48 30 15 6 34 34 39 21 34 58 68 44 18 26 37 28 20 6 13 51 26 20 62 52 28 11 5 17 15 27 15 3 4 14 17 19 30 29 27 18 18 22 41
11 13 11 12 6 4 5 11 12 11 11 12 22 14 20 21 12 9 7 7 4 7 5 2 1 1 1 0 0 0 0 0 0 1 0 0 0 0 1 4 5 5 7 10 18 24 32 49 42 45 29 67 49 32 33 29 12 30 40 53 50 39 65 30 14 38 44 22 39 17 6 13 26 26 16 62 34 27 11 7 16 14 14 10 3 8 29 40 43 32 26 14 25 26 25 36
27 26 17 24 15 7 7 10 10 12 26 27 27 32 28 16 15 12 10 10 9 9 7 5 4 3 1 1 1 1 1 2 1 0 0 0 0 0 1 4 4 6 7 11 22 24 42 46 38 38 28 18 37 35 40 8 22 34 29 41 35 46 47 54 52 33 23 19 47 35 13 10 26 19 34 66 31 24 16 6 7 12 11 4 8 17 31 55 59 53 54 33 38 47 42 68
34 35 35 22 18 16 9 18 26 30 37 34 34 26 32 24 20 19 15 22 17 17 9 7 5 9 4 3 2 2 6 2 1 0 0 0 0 0 1 2 2 4 6 9 14 33 19 9 50 45 30 19 35 40 7 7 18 24 26 45 54 58 62 35 25 23 34 27 22 28 20 11 26 22 29 44 37 36 16 6 5 9 4 4 13 18 21 25 18 19 20 34 46 48 78 78
41 41 45 43 37 14 12 22 35 44 45 40 41 40 37 37 24 43 32 28 12 8 7 9 8 7 5 4 4 5 2 1 1 0 0 0 0 0 1 2 2 5 12 8 7 12 11 19 20 26 27 8 19 4 10 7 10 16 18 36 55 65 42 60 39 22 22 21 19 31 32 10 13 19 29 35 36 19 13 5 2 4 5 7 21 10 13 21 43 46 44 36 26 73 54 66
54 70 54 24 37 19 28 28 55 49 45 48 47 64 63 45 48 39 26 33 16 14 6 18 17 7 6 6 14 3 1 1 1 1 1 1 1 1 1 2 4 7 12 4 7 10 11 21 18 15 10 7 11 4 9 5 13 28 36 51 40 34 48 62 27 15 12 13 24 23 18 11 8 16 16 38 35 22 13 5 2 2 6 18 33 37 31 31 38 32 28 54 59 71 51 32
69 79 48 45 56 30 23 58 57 68 38 53 64 55 73 55 33 22 41 31 24 17 5 23 7 5 9 15 4 2 2 3 2 2 2 1 1 1 0 1 3 5 3 3 3 11 34 29 21 12 9 6 6 6 12 18 29 22 16 21 28 39 42 60 35 19 19 15 12 10 11 12 6 13 24 21 18 25 13 4 2 9 21 16 28 52 52 56 54 52 31 46 45 49 53 25
57 75 45 44 61 36 34 67 61 68 30 52 73 59 73 46 39 39 50 49 34 14 12 7 8 15 27 3 2 5 4 4 4 3 2 1 1 1 0 0 0 1 1 3 7 23 27 14 27 7 6 3 11 11 15 12 9 6 21 25 22 47 48 41 22 57 58 45 29 25 14 12 5 10 13 9 14 15 5 2 3 17 36 50 47 56 65 59 51 48 49 56 25 11 45 34
70 45 48 42 59 33 37 64 79 63 23 60 77 68 69 70 45 59 75 54 34 14 26 13 24 26 4 4 7 6 4 4 6 3 5 2 2 2 2 1 1 1 1 4 22 13 24 5 7 13 4 5 13 14 16 14 11 20 50 57 47 43 73 42 53 38 47 49 25 16 14 11 6 4 6 11 6 11 2 1 5 13 16 37 40 23 38 17 15 18 12 70 55 30 25 14
86 70 51 39 50 33 49 64 86 51 32 48 71 72 75 49 42 83 55 17 20 43 37 24 30 13 10 10 14 13 6 9 8 7 3 4 3 5 3 3 1 1 0 1 7 7 7 2 1 2 1 4 9 18 17 34 39 40 31 44 59 60 40 56 49 47 21 36 55 24 11 6 5 2 4 6 3 5 3 3 8 17 20 25 22 12 16 26 39 60 73 87 67 30 22 10
77 77 48 50 56 33 43 66 78 52 32 52 85 84 51 65 49 53 23 17 29 61 68 46 31 29 15 13 18 11 8 20 10 3 3 6 4 7 6 3 2 1 1 1 0 1 0 0 2 4 10 11 19 26 29 42 34 29 52 70 74 72 54 57 16 73 59 18 16 48 40 25 13 6 1 4 3 2 1 2 8 8 10 19 15 17 45 50 46 40 52 75 44 28 21 10
75 64 43 57 51 47 35 65 75 49 35 51 83 75 60 53 32 22 8 29 51 62 48 23 17 8 6 29 25 14 18 18 8 4 5 8 9 9 9 2 2 2 2 2 2 1 0 1 2 4 8 9 15 19 18 23 31 50 40 80 70 42 36 75 53 31 65 31 13 9 18 19 22 21 8 3 2 2 1 2 8 10 9 10 20 31 44 45 44 56 46 57 51 36 18 8
74 61 34 56 51 47 45 45 58 34 30 47 63 33 36 34 16 23 17 34 62 34 29 28 15 15 9 37 34 17 40 20 6 9 7 12 14 21 13 6 4 2 4 3 2 1 0 0 2 3 3 6 16 18 30 42 25 51 55 77 29 11 39 73 43 40 26 57 23 6 8 10 18 15 14 12 3 1 1 1 5 8 10 9 12 26 58 39 29 69 40 39 45 17 8 8
45 40 34 52 49 33 52 38 66 69 55 45 43 36 50 51 39 49 28 38 55 38 32 30 21 16 16 44 40 24 41 20 16 15 12 20 19 19 6 8 12 8 5 2 1 0 0 0 1 3 3 9 18 17 19 26 18 32 63 36 25 13 57 71 55 16 11 16 31 14 7 6 6 5 15 6 3 1 1 1 3 8 11 9 29 47 66 39 34 64 36 15 20 28 8 4
49 20 52 61 50 61 60 82 76 89 89 83 43 62 64 63 63 35 31 54 51 34 31 19 21 31 20 45 47 45 33 27 22 23 22 32 42 22 12 9 25 15 2 1 1 0 0 0 2 3 9 11 13 17 10 12 27 52 69 25 16 20 33 68 60 38 12 4 23 26 12 5 5 5 18 5 2 1 1 3 5 10 13 17 22 19 21 18 27 25 36 27 25 22 4 1
34 29 42 57 76 81 86 88 75 73 79 82 84 75 46 46 40 32 36 35 23 33 30 33 47 36 36 68 55 70 38 36 31 40 43 56 58 24 23 18 24 9 4 2 2 2 1 0 1 4 4 8 8 6 7 16 29 45 38 30 16 16 18 75 36 32 28 3 16 31 20 5 4 4 5 10 3 1 1 3 4 9 19 25 24 16 19 12 16 16 20 14 11 4 1 3
53 50 30 32 50 62 78 53 48 45 62 67 66 74 49 41 46 59 53 35 33 39 36 50 68 53 43 69 67 59 39 54 42 51 48 61 44 33 38 15 7 5 9 7 5 4 2 1 0 1 5 4 6 10 10 4 18 17 23 55 21 18 26 42 29 6 23 9 12 14 12 10 5 2 2 28 3 0 1 2 6 9 8 25 15 13 13 11 9 5 5 4 3 3 5 13
62 72 45 26 53 48 51 64 46 60 69 55 67 79 82 68 78 68 49 40 54 52 54 53 63 52 46 72 70 44 54 54 55 56 66 68 50 35 13 6 5 10 9 7 12 6 5 1 0 0 1 4 5 9 11 7 15 18 11 19 19 19 21 35 45 6 14 14 8 21 13 5 6 3 3 4 2 0 1 2 5 6 13 25 12 14 10 8 12 3 2 2 2 4 11 16
44 63 79 48 26 30 57 55 76 48 44 44 77 56 63 92 88 47 64 62 61 59 61 55 59 53 54 77 66 57 57 56 59 75 75 46 19 15 21 16 20 18 13 9 14 13 7 2 0 0 0 7 5 3 10 7 17 14 10 11 15 9 9 18 51 6 5 9 7 6 8 4 3 3 2 2 1 1 1 2 3 5 27 14 5 4 4 5 5 1 1 4 5 8 14 14
75 74 77 80 44 16 21 68 68 65 20 25 44 55 79 85 69 88 89 71 61 77 71 41 60 52 70 65 63 58 62 53 68 80 82 48 41 32 42 38 49 45 26 23 30 11 4 1 0 0 0 1 1 2 9 7 16 16 9 7 7 3 1 5 24 10 6 5 5 4 4 7 4 3 2 1 1 1 1 2 3 5 7 5 3 3 1 2 1 3 4 5 12 16 14 15
59 43 52 84 46 38 33 35 37 46 36 10 37 80 87 85 66 59 84 66 77 80 69 50 71 67 81 76 70 78 62 61 63 60 63 44 45 52 52 53 20 19 43 55 12 6 4 1 0 0 1 0 0 1 3 11 12 21 7 8 6 3 1 14 27 9 9 5 4 4 5 5 3 2 2 2 1 1 1 2 2 5 5 2 2 1 1 4 4 9 11 14 15 17 9 11
31 51 50 82 82 32 40 25 31 30 35 21 45 55 59 64 77 84 70 32 65 34 74 83 93 88 84 63 78 63 74 60 54 35 73 68 71 61 35 31 11 2 43 31 22 11 8 4 1 3 2 1 1 0 0 1 2 6 2 4 4 2 2 7 14 15 7 4 5 1 1 2 3 1 1 1 1 1 1 1 2 3 3 2 1 1 4 5 10 8 11 24 20 15 14 12
22 31 44 49 78 76 47 25 25 27 26 25 40 62 72 78 44 79 78 40 69 64 41 57 76 58 75 52 72 37 24 52 39 38 56 86 72 54 33 71 37 33 40 35 33 14 6 5 6 7 4 2 0 0 0 0 0 1 1 3 3 2 4 9 7 14 8 4 2 2 2 2 2 1 1 0 1 1 0 1 1 1 2 1 1 2 3 5 8 10 12 12 43 21 13 8
12 20 33 9 47 84 48 31 17 15 24 29 25 38 46 63 63 78 58 59 68 53 22 56 73 56 55 49 53 73 60 63 58 35 44 79 86 89 85 80 65 52 50 58 43 19 14 11 19 5 3 3 2 2 1 1 1 0 0 1 1 1 2 7 8 9 7 4 2 2 1 1 1 1 1 0 0 0 0 0 0 1 0 0 0 1 1 4 7 4 7 17 19 17 10 20
23 14 28 54 47 62 83 46 45 18 12 15 18 23 52 42 64 80 21 31 73 72 37 23 81 85 62 46 60 69 38 35 44 31 27 57 76 75 70 43 53 54 31 40 45 38 43 39 16 3 6 9 7 6 5 9 6 2 1 1 0 1 1 1 3 10 5 3 2 2 1 1 1 1 1 0 0 0 0 0 0 0 1 1 2 1 2 2 6 8 9 10 16 18 29 31
33 13 10 41 59 67 86 71 40 34 22 18 16 21 21 15 47 34 26 65 87 48 29 18 26 71 43 50 43 63 61 43 48 44 36 74 61 38 31 23 28 14 12 60 37 59 67 57 24 16 20 14 12 7 5 2 2 2 1 1 1 1 1 1 1 3 4 3 2 2 1 0 0 0 0 0 0 0 0 0 0 1 1 1 3 5 6 6 10 10 11 16 17 20 18 36
52 38 28 19 22 27 44 69 42 49 26 16 12 16 28 12 32 20 48 43 81 45 31 28 16 30 30 42 20 56 60 33 32 33 40 56 54 23 15 24 20 14 15 26 41 34 28 15 16 16 12 10 9 9 9 2 1 2 1 1 1 0 1 1 1 2 3 4 2 1 1 0 0 0 0 0 0 0 0 0 0 1 2 3 1 1 4 18 7 14 18 23 29 26 33 41
28 28 49 22 19 46 49 69 73 55 41 16 11 10 12 16 22 24 25 42 72 81 58 36 12 11 24 8 16 48 60 35 26 29 22 23 25 17 12 17 15 14 13 13 43 26 27 14 8 6 5 2 2 2 5 3 1 2 1 1 0 0 0 1 1 1 2 1 1 1 1 0 0 0 0 0 0 0 0 0 1 1 1 1 1 3 9 13 17 22 24 25 26 37 35 50
46 40 17 13 15 29 40 54 70 48 32 22 9 6 7 15 7 10 30 71 62 69 58 53 29 9 31 27 8 12 40 24 27 22 9 10 13 29 11 9 12 7 6 9 23 26 33 19 11 6 4 3 1 1 2 2 1 2 2 0 0 0 0 0 0 1 1 1 1 0 0 0 0 0 0 0 0 0 0 0 0 0 1 1 2 4 6 17 9 11 8 10 20 34 37 23
59 55 25 12 4 26 24 38 55 60 24 20 9 9 10 11 6 23 51 70 37 41 54 27 21 18 10 19 22 4 19 29 14 15 7 14 11 7 8 8 14 9 3 4 8 20 33 21 18 9 7 3 2 1 1 1 1 1 2 1 1 0 0 0 0 1 1 1 0 0 0 0 0 0 0 0 0 0 0 0 0 1 1 1 4 4 7 8 8 7 6 13 19 21 21 23
62 54 33 27 8 9 21 29 65 22 25 12 7 6 7 7 6 17 52 34 6 23 75 26 18 20 8 10 10 19 15 13 8 8 8 5 5 2 3 6 11 5 3 3 3 9 29 17 21 9 5 3 2 1 0 0 1 1 1 1 0 0 0 0 0 0 0 0 0 0 0 0 0 0 0 0 0 0 0 0 0 1 2 3 2 3 10 8 7 8 12 11 14 21 24 16
57 52 34 17 16 10 19 21 58 24 7 18 11 6 4 4 4 24 26 15 34 47 64 46 22 12 14 21 7 22 16 11 10 5 10 4 5 4 1 4 2 2 3 8 14 17 26 20 33 26 13 7 2 1 0 0 0 1 1 1 0 0 0 0 0 0 0 0 0 0 0 0 0 0 0 0 0 0 0 0 0 1 1 1 2 3 4 7 12 14 16 15 18 10 22 28
50 37 26 17 15 13 7 12 24 47 19 8 11 5 4 4 5 15 12 18 15 32 59 42 22 27 9 11 12 25 10 6 8 7 3 2 4 3 3 3 1 1 3 20 10 8 22 12 23 23 23 9 5 2 1 0 0 0 0 0 0 0 0 0 0 0 0 0 0 0 0 0 0 0 0 0 0 0 0 0 1 1 2 1 1 1 4 6 6 8 11 26 18 24 42 28
43 42 23 14 15 12 10 13 14 24 26 6 5 4 4 4 4 5 8 11 16 30 66 36 26 14 20 9 9 18 8 2 4 3 4 2 2 3 2 1 1 2 8 19 3 9 12 7 17 17 13 13 7 5 3 2 0 0 0 0 0 0 0 0 0 0 0 0 0 0 0 0 0 0 0 0 0 0 1 0 1 1 1 1 1 1 2 2 4 10 8 15 14 8 15 22
79 56 40 12 8 10 7 9 10 18 25 12 8 5 5 3 3 4 5 4 16 20 49 34 14 9 10 10 8 5 9 3 3 3 2 3 2 2 1 1 4 6 8 3 3 6 4 6 8 14 18 14 19 9 5 4 2 0 0 0 0 0 0 0 0 0 0 0 0 0 0 0 0 0 0 0 0 0 0 0 0 1 1 1 0 1 1 1 3 5 9 20 13 12 17 5
41 73 56 31 11 5 4 7 9 10 39 15 8 4 2 2 2 1 3 4 10 15 33 40 13 8 5 6 7 7 5 8 4 2 1 3 2 1 0 2 3 12 5 2 4 5 4 3 8 13 6 6 9 10 9 4 2 2 1 0 0 0 0 0 0 0 0 0 0 0 0 0 0 0 0 0 0 0 0 0 0 0 0 0 1 1 1 1 2 6 8 11 10 10 11 20
17 75 24 60 34 20 4 4 5 11 22 10 6 3 2 1 1 1 3 4 9 21 17 33 21 11 7 4 4 5 4 7 4 3 1 2 1 0 1 1 6 5 5 2 2 4 1 2 8 14 5 5 5 6 20 8 4 2 2 0 0 0 0 0 0 0 0 0 0 0 0 0 0 0 0 0 0 0 0 1 0 0 0 1 1 1 1 1 3 4 5 4 5 12 13 16
32 33 20 50 28 26 12 2 3 4 11 10 3 3 2 1 1 1 3 7 3 3 28 33 34 21 13 10 3 2 2 2 2 2 1 1 0 0 0 1 5 2 2 1 1 6 1 2 12 12 7 2 1 1 10 6 5 2 1 1 0 0 0 0 0 0 0 0 0 0 0 0 0 0 0 0 0 1 1 1 1 2 1 2 2 2 1 1 2 3 4 6 12 17 19 21
33 28 21 17 20 10 27 6 1 1 4 5 3 2 1 1 1 2 2 3 7 22 35 36 42 21 12 5 4 2 3 3 2 2 1 1 1 0 1 3 2 1 1 1 2 6 3 4 17 13 12 2 1 0 1 1 2 2 1 0 0 0 0 0 0 0 0 0 0 0 0 0 0 0 0 0 1 1 2 1 2 2 3 2 2 2 1 2 4 3 3 4 6 4 9 12
27 21 22 15 16 5 8 13 1 1 3 4 5 1 1 0 0 1 3 6 17 19 30 23 27 30 9 5 4 3 2 2 1 1 1 0 0 0 1 3 2 1 1 1 1 2 2 2 10 13 7 3 3 1 1 1 1 1 1 1 0 0 0 0 0 0 0 0 0 0 0 0 0 0 0 0 0 1 1 3 3 3 3 4 3 3 3 7 5 2 3 2 3 10 11 16
18 24 27 14 6 4 3 4 3 1 2 3 4 1 0 0 0 1 4 15 9 5 20 16 14 21 11 5 4 3 2 1 1 1 1 0 0 0 2 3 1 1 0 0 0 3 1 2 13 3 5 2 1 1 1 1 1 1 1 0 0 0 0 0 0 0 0 0 0 0 0 0 0 0 0 1 1 2 2 2 5 7 8 8 10 7 9 9 6 4 3 5 3 5 12 14
8 7 10 10 4 5 2 2 2 1 1 1 1 1 0 0 1 2 4 5 6 5 12 26 6 7 6 7 3 2 1 1 1 1 1 0 0 1 3 1 0 0 0 0 1 1 2 12 21 2 1 4 2 1 1 1 1 1 1 0 0 0 0 0 0 0 0 0 0 0 0 0 0 0 0 0 1 1 1 1 3 3 4 7 13 10 14 14 10 11 6 6 11 10 8 10
3 3 3 3 3 2 2 2 2 1 0 0 1 1 0 0 0 1 2 2 4 3 2 5 4 4 3 3 1 1 1 1 1 0 0 0 1 1 1 0 0 0 0 0 1 1 4 3 11 2 1 2 2 1 1 1 1 1 0 0 0 0 0 0 0 0 0 0 0 0 0 0 0 0 0 0 0 0 0 1 1 2 3 3 12 12 20 24 16 25 20 19 16 17 12 31
4 4 4 3 2 1 1 0 0 0 0 0 0 0 0 0 0 1 1 1 2 1 1 2 2 2 2 1 2 1 1 1 0 0 0 0 1 1 1 1 0 0 1 1 2 3 1 1 1 2 2 1 1 1 1 0 0 0 0 0 0 0 0 0 0 0 0 0 0 0 0 0 0 0 0 0 0 1 1 1 1 2 1 3 6 10 9 11 38 36 15 34 32 31 19 26
