sesion_6_simulaciones/modelos_agentes/ejemplos_netlogo/scenarios/echam4_b2/rob_2090.asc
NCOLS 322 
NROWS 307 
XLLCORNER 451900 
YLLCORNER 4086900 
CELLSIZE 100 
NODATA_value -9999 
[rows 0 to 74 of 307, columns 96 to 191 of 322]
0 0 0 0 0 0 0 0 0 0 0 0 0 1 2 0 1 0 0 0 1 0 0 1 0 0 0 0 0 0 0 0 0 0 0 0 0 0 0 0 0 1 7 12 19 12 22 18 26 9 7 11 4 1 3 2 4 1 1 1 1 0 0 0 1 2 4 1 1 4 6 3 3 5 5 5 7 9 5 37 29 17 29 33 46 30 33 36 41 55 29 19 14 5 9 19
0 0 0 0 0 0 0 0 0 0 0 0 0 1 1 1 0 0 0 0 0 0 0 0 0 0 0 0 0 1 0 0 0 0 0 0 0 0 0 1 1 2 3 5 41 47 46 31 59 20 28 14 3 2 11 1 1 1 0 1 0 1 0 0 1 0 1 2 2 2 1 6 15 6 11 18 27 10 12 16 17 14 28 33 45 30 29 38 41 31 36 26 32 13 18 19
0 0 0 0 0 0 0 0 0 0 0 0 0 0 0 0 0 0 1 1 1 0 0 0 0 0 0 0 0 0 1 1 0 0 1 1 1 1 1 2 3 7 5 8 2 1 3 11 61 35 32 28 5 15 8 6 2 1 1 1 0 2 11 6 9 3 2 6 1 2 2 3 6 6 10 22 38 42 21 14 16 15 27 28 37 30 31 47 25 24 32 22 28 27 16 17
0 0 0 0 0 0 0 0 0 0 0 0 0 0 0 0 0 1 1 1 0 0 0 0 0 0 0 0 0 0 0 0 0 1 1 1 2 2 5 11 20 26 16 3 1 2 1 1 9 3 4 4 1 4 8 1 5 0 0 1 1 4 21 18 17 28 15 6 7 4 3 6 4 5 10 12 21 10 7 14 20 20 32 37 35 26 25 33 21 18 30 30 18 24 11 22
0 0 0 0 0 0 0 0 0 0 0 0 0 0 0 0 0 1 0 0 0 0 0 1 0 0 0 0 0 0 1 1 0 1 2 2 3 7 20 34 45 34 24 7 4 1 2 6 3 2 3 3 1 7 2 3 4 2 0 1 6 14 9 22 14 6 18 4 7 12 11 4 4 3 9 8 12 10 13 17 22 16 51 34 21 24 23 35 22 23 31 38 12 23 26 34
0 0 0 0 0 0 0 0 0 0 0 0 0 0 0 0 0 0 1 0 0 0 1 0 0 0 0 0 0 0 0 1 1 0 4 7 10 23 39 33 47 47 43 16 4 6 5 5 5 4 6 11 1 2 2 4 1 1 1 1 9 16 3 1 2 4 6 2 2 4 1 5 18 8 7 3 6 7 8 16 12 16 22 21 27 19 19 34 31 16 28 15 20 23 48 14
0 0 0 0 0 0 0 0 0 0 0 0 0 0 0 0 0 0 1 1 1 1 0 0 0 0 0 0 0 0 0 1 1 1 3 23 31 38 37 47 49 51 18 7 9 26 9 13 10 9 6 8 6 5 6 3 1 2 3 1 1 2 1 3 1 2 10 18 7 6 1 4 3 1 9 8 9 8 5 11 9 6 9 8 17 22 16 26 25 10 27 18 25 22 12 11
0 0 0 0 0 0 0 0 0 0 1 1 0 0 0 0 0 0 0 0 1 2 1 1 1 0 0 0 0 0 0 0 1 6 5 17 31 43 45 45 38 14 14 11 29 22 14 32 17 14 6 7 15 13 6 4 3 11 17 16 7 2 0 0 3 1 7 3 9 4 6 3 1 3 2 8 11 36 18 5 11 13 8 9 26 13 14 16 21 25 18 13 4 8 10 8
0 0 0 0 0 0 0 0 0 0 0 1 2 1 0 1 0 0 0 0 0 0 0 1 0 0 0 0 0 0 1 1 4 16 32 14 7 15 10 12 21 13 9 17 45 35 13 20 20 12 9 5 42 14 7 12 9 15 3 5 19 10 4 0 2 3 2 2 1 2 8 6 2 2 7 3 5 7 9 32 23 49 12 17 9 5 9 43 17 20 18 58 30 14 10 14
0 0 0 0 0 0 0 0 0 0 0 0 0 0 0 0 0 0 0 0 0 0 0 0 0 0 0 0 0 0 1 5 6 8 20 17 16 18 9 10 6 5 9 20 51 28 8 9 13 17 14 8 10 60 38 33 3 7 2 12 9 11 2 3 1 2 1 1 2 5 4 5 8 5 9 15 4 5 29 35 15 43 23 14 5 7 6 11 13 28 10 24 64 50 12 9
0 0 0 0 0 0 0 0 0 0 0 0 0 0 0 0 0 0 0 0 0 0 0 0 0 0 0 0 1 1 4 7 30 25 12 12 14 31 29 18 12 5 4 6 28 9 8 13 17 12 18 8 14 19 69 45 9 5 7 16 5 5 3 1 2 3 3 1 6 11 10 14 6 4 13 22 11 4 4 28 17 12 29 35 9 10 8 12 47 34 30 23 55 74 40 16
0 0 0 0 0 0 0 0 0 0 0 0 0 0 0 0 0 0 0 0 1 0 0 0 0 0 0 0 1 7 10 13 18 17 14 11 14 29 29 22 12 6 7 14 16 7 8 26 11 13 30 10 17 30 14 30 12 9 11 11 3 3 8 5 3 2 7 6 10 39 48 48 6 11 20 25 12 7 9 37 17 3 20 38 12 14 14 13 33 19 14 20 45 52 50 36
0 0 0 0 0 0 0 0 0 0 0 0 0 0 0 0 0 0 1 0 2 1 0 0 0 0 0 0 1 5 19 11 15 13 15 23 33 12 16 31 12 5 6 25 19 8 15 15 17 25 39 28 27 47 27 22 21 14 19 7 5 4 8 6 3 3 2 7 19 13 31 29 17 9 9 24 11 10 3 8 17 3 30 52 15 15 25 16 12 38 25 10 16 29 50 63
0 0 0 0 0 0 0 0 0 0 0 0 0 0 0 0 0 0 1 0 0 0 1 0 0 0 0 2 4 4 9 12 10 5 7 7 8 6 5 9 12 2 2 2 8 6 12 13 41 55 60 56 38 40 21 34 31 20 17 15 4 3 10 11 7 7 4 4 6 4 1 2 11 15 10 15 8 14 8 5 2 4 12 42 45 16 23 26 18 15 34 17 29 48 75 52
0 0 0 0 0 0 0 0 0 0 0 0 0 0 0 0 0 0 1 1 0 1 1 0 0 0 1 1 4 7 4 3 3 5 9 8 8 7 3 1 9 2 7 4 1 2 13 27 31 63 64 58 44 53 32 55 47 30 26 28 4 9 15 15 8 6 2 4 2 1 1 9 27 19 15 18 17 13 6 7 14 4 14 44 55 21 10 13 18 13 10 8 25 39 49 44
0 0 0 0 0 0 0 0 0 0 0 0 0 0 0 0 0 0 0 0 0 0 0 1 1 1 0 1 1 2 2 6 10 11 8 11 25 26 13 3 3 4 1 5 2 3 2 17 33 36 50 40 37 35 47 30 36 26 33 28 4 11 3 15 26 14 4 5 6 1 4 20 26 26 9 5 9 16 22 19 14 14 14 37 66 81 47 29 15 12 12 7 27 65 53 35
0 0 0 0 0 0 0 0 0 0 0 0 0 0 0 0 0 0 0 0 0 0 0 0 2 1 1 2 7 6 7 3 4 8 9 18 31 35 27 2 6 6 3 4 11 12 14 3 17 30 20 18 15 15 25 42 41 40 40 40 8 18 11 12 21 5 4 4 4 3 5 23 15 25 5 4 7 8 26 17 20 19 23 30 68 84 82 31 17 16 16 12 32 59 67 59
0 0 0 0 0 0 0 0 0 0 0 0 0 0 0 0 0 0 0 0 0 0 0 0 1 1 0 1 2 2 4 4 6 4 16 36 22 31 28 13 18 21 15 16 27 26 31 19 6 3 3 6 4 2 9 52 77 86 53 19 32 17 13 8 16 9 4 9 3 3 25 23 24 20 5 12 26 13 18 26 15 14 11 7 55 61 57 56 37 21 22 17 23 44 47 22
0 0 0 0 0 0 0 0 0 0 0 0 0 0 0 0 0 0 0 0 0 0 0 0 1 2 0 1 1 2 4 5 4 11 15 20 8 10 15 32 23 30 37 49 43 27 37 34 18 13 10 10 14 2 3 12 79 83 52 25 22 28 13 7 13 3 4 5 1 17 38 36 27 37 10 10 30 30 26 64 33 22 12 8 18 44 52 49 53 32 27 30 16 32 72 21
0 0 0 0 0 0 0 0 0 0 0 0 0 0 0 0 0 0 0 0 0 0 0 0 1 1 1 1 2 2 2 6 8 7 9 4 11 16 14 22 43 49 44 25 29 15 30 38 23 19 18 5 10 5 10 7 27 38 48 45 27 14 10 21 16 2 4 19 42 26 46 65 22 65 23 7 25 54 36 64 49 42 29 14 16 54 74 59 67 46 40 27 13 23 64 52
0 0 0 0 0 0 0 0 0 0 0 0 0 0 0 0 0 0 0 0 0 0 0 0 0 1 1 0 0 1 1 1 3 6 9 6 6 14 8 34 18 24 43 34 21 19 24 38 37 19 28 22 8 15 20 16 21 46 59 47 12 12 47 33 16 3 15 24 33 41 28 29 16 24 47 32 17 16 21 65 26 23 45 33 28 15 63 44 70 39 47 28 21 21 30 54
0 0 0 0 0 0 0 0 0 0 0 0 0 0 0 0 0 0 0 0 0 0 0 0 1 1 1 1 1 1 1 2 3 11 16 9 24 10 20 8 21 15 14 16 33 38 70 59 57 25 27 21 21 22 33 27 28 42 63 60 54 12 17 18 9 10 36 7 23 39 42 26 32 14 46 54 29 17 22 78 84 45 20 62 49 19 15 27 69 57 51 49 26 24 25 57
0 0 0 0 0 0 0 0 0 0 0 0 0 0 0 0 0 0 0 0 0 0 0 0 1 0 1 2 1 1 4 9 16 4 2 27 23 7 8 10 18 33 23 17 17 49 47 21 27 22 41 27 26 28 29 31 19 32 52 33 25 19 10 9 9 23 40 4 19 11 35 48 35 12 12 39 37 53 25 58 86 61 56 27 50 28 11 26 71 77 30 63 43 27 33 53
0 0 0 0 0 0 0 0 0 0 0 0 0 0 0 0 0 0 0 1 0 1 1 0 1 1 1 4 3 2 2 2 1 1 1 4 9 13 4 13 15 29 31 36 34 14 12 9 6 5 20 17 10 14 27 14 16 20 19 28 33 20 11 14 33 28 19 7 15 16 19 37 28 32 23 62 63 42 38 21 66 68 50 70 34 25 19 22 22 60 26 45 42 23 21 28
0 0 0 0 0 0 0 0 0 0 0 0 0 0 0 0 1 0 0 0 1 1 3 2 1 1 4 3 9 4 2 1 3 3 2 0 1 11 14 4 10 24 39 49 38 34 30 25 20 19 9 8 5 3 4 4 4 7 26 33 42 21 25 26 14 33 15 18 26 23 16 27 48 56 16 56 64 44 47 33 53 70 41 22 58 39 23 24 19 32 34 34 50 26 15 16
0 0 0 0 0 0 0 0 0 0 0 0 0 1 1 0 1 2 0 1 3 11 15 27 20 15 18 8 16 10 25 32 38 12 4 3 4 3 3 7 18 14 22 30 44 49 51 39 35 35 20 19 20 19 19 18 18 16 40 46 34 26 18 18 15 32 31 38 15 42 17 13 45 33 18 43 44 24 31 29 32 45 73 26 29 21 27 13 12 22 18 30 15 15 11 12
0 0 0 0 0 0 0 0 0 0 0 0 0 1 2 1 2 7 4 11 19 26 41 41 31 44 39 32 39 44 24 10 18 26 17 5 8 6 2 2 13 17 21 39 36 37 47 39 40 39 32 31 34 33 19 31 21 23 36 26 30 18 10 11 8 41 23 39 34 41 12 16 26 33 24 44 41 55 20 30 32 16 43 31 19 38 17 16 4 11 20 14 18 13 14 13
0 0 0 0 0 0 0 0 0 1 1 2 1 3 5 16 16 9 15 6 10 16 19 45 47 43 68 61 58 56 8 5 4 5 12 12 17 7 10 7 9 26 33 35 37 35 31 57 48 37 31 32 33 32 30 31 33 10 20 18 20 12 11 18 33 56 52 25 33 16 21 13 26 29 32 22 20 34 42 23 35 24 36 32 12 35 19 12 4 8 18 19 15 19 11 6
0 1 0 0 0 0 0 0 1 2 5 9 16 24 45 45 29 26 39 21 8 4 16 32 21 21 15 41 43 34 22 3 2 2 2 4 9 7 10 13 5 12 19 23 14 13 8 24 34 32 44 44 31 30 30 46 35 13 14 12 7 15 29 36 46 37 22 22 15 30 28 39 23 22 24 22 22 24 39 28 26 24 23 16 20 18 18 15 11 5 12 6 8 12 5 5
0 1 0 0 1 1 1 2 6 13 23 27 37 59 48 68 39 41 64 12 33 11 6 16 11 6 9 10 11 11 26 13 6 1 2 1 4 3 4 12 11 11 30 11 16 15 9 22 23 14 12 10 9 17 19 9 33 20 14 10 12 17 32 38 41 34 16 35 47 28 34 24 22 19 18 12 15 14 23 24 23 21 9 17 11 6 7 4 6 4 3 1 1 2 2 4
0 2 1 1 2 4 7 13 13 34 38 60 47 67 54 61 28 32 62 46 11 15 7 4 4 3 2 1 6 6 10 45 12 3 3 3 11 35 35 22 21 13 15 9 7 12 15 5 4 7 7 16 25 27 15 15 32 18 28 9 15 22 35 25 40 20 14 28 47 44 30 22 12 22 16 9 6 2 7 11 16 10 6 5 4 4 4 3 2 2 2 2 14 7 9 11
2 3 6 6 12 23 29 32 36 50 50 80 60 58 37 52 34 51 49 55 9 20 21 7 5 1 1 1 2 3 3 7 10 3 4 6 4 7 7 9 7 8 9 16 17 11 14 7 12 14 35 49 39 23 46 10 34 31 8 4 4 14 12 32 25 27 17 10 15 22 19 19 10 4 4 5 8 6 14 20 13 17 11 17 19 20 17 15 15 20 7 8 31 19 12 23
7 14 19 30 37 29 47 43 59 51 81 49 23 36 35 32 40 42 41 47 16 9 13 7 6 3 1 2 4 5 5 11 6 2 7 5 8 8 14 9 18 11 19 21 27 27 22 21 16 19 28 53 54 51 53 25 35 31 15 20 11 3 4 5 7 7 12 8 8 8 9 8 7 13 22 21 33 21 33 21 23 33 20 31 23 50 32 18 27 27 15 16 28 24 17 32
28 35 48 39 56 48 58 43 51 36 52 6 13 10 16 29 30 22 20 36 19 7 3 2 4 5 5 4 6 2 18 20 15 8 12 13 14 10 13 12 14 17 18 19 32 23 33 22 11 43 35 35 46 31 22 21 52 29 22 39 31 20 21 23 23 23 37 28 23 21 23 23 34 34 34 22 37 34 36 36 35 37 34 34 50 43 35 28 31 19 30 19 35 22 41 39
4 9 21 22 46 42 56 48 17 3 1 2 6 4 4 6 7 13 27 37 18 4 4 8 3 4 15 9 15 10 16 16 13 11 10 21 17 7 20 15 15 24 25 25 19 19 28 22 18 28 36 29 40 46 28 32 30 20 27 31 29 31 31 36 36 32 47 41 37 21 35 35 32 33 48 34 35 49 35 47 48 36 40 40 65 40 37 34 36 32 33 26 43 42 42 53
4 3 2 2 2 3 10 10 9 3 2 3 7 8 3 2 1 3 15 19 8 4 17 4 9 14 19 13 19 12 10 8 16 10 5 12 12 5 13 16 12 25 15 14 15 18 33 23 14 18 32 29 13 54 28 39 18 22 28 22 37 27 24 26 29 21 47 35 23 33 32 32 44 32 43 32 33 49 47 50 37 34 49 43 51 41 37 38 35 36 35 32 63 48 38 38
7 15 13 5 5 4 1 3 4 2 4 6 5 3 1 2 1 6 5 8 12 21 21 8 17 14 15 14 9 3 1 3 9 7 5 7 4 6 9 14 18 9 13 11 12 24 19 12 21 20 30 35 16 41 33 12 36 32 26 16 28 22 36 35 26 33 32 31 31 20 31 43 42 31 43 43 33 51 34 44 35 47 50 63 52 38 22 47 37 38 46 48 55 26 54 35
8 7 8 6 3 3 3 3 6 7 9 11 8 3 3 7 8 10 12 19 38 32 27 14 14 7 7 10 9 7 4 2 7 5 5 4 3 4 6 10 4 3 11 14 10 37 15 15 27 13 35 11 28 28 10 16 38 28 15 23 16 28 33 23 15 32 31 30 18 32 49 54 47 30 41 45 43 50 34 31 38 47 47 48 40 27 24 48 40 27 55 55 52 26 17 57
3 6 9 7 9 5 9 7 10 11 14 21 17 13 10 16 9 13 22 26 32 18 8 12 13 6 3 5 8 7 4 2 4 4 2 5 3 8 5 4 6 4 12 7 5 33 15 18 14 10 16 25 15 10 9 8 18 35 13 24 23 34 30 15 36 33 39 30 15 32 42 64 46 33 38 47 48 36 29 23 40 65 58 52 51 25 46 67 48 23 42 65 63 32 18 53
5 9 6 7 4 7 11 8 6 12 13 16 15 15 17 16 16 21 20 20 23 14 11 10 7 3 4 6 5 5 2 3 2 1 4 4 4 3 4 3 3 2 9 3 2 15 14 14 8 10 11 4 16 2 2 1 5 18 8 25 35 24 23 43 33 34 22 10 17 44 48 68 50 34 36 57 66 41 37 21 42 69 46 33 34 29 49 66 45 30 23 73 78 50 30 42
2 5 5 8 6 9 8 6 6 6 12 11 11 10 26 10 13 19 14 12 16 12 5 7 4 4 5 5 3 6 2 4 2 1 2 4 1 2 1 3 2 3 5 3 7 6 14 9 3 5 8 4 4 3 2 2 3 6 3 21 30 24 30 44 15 29 11 10 16 47 54 61 54 36 40 57 69 30 36 17 51 79 48 23 21 29 50 66 45 32 26 59 71 59 19 40
1 2 6 5 3 4 5 3 2 3 8 7 6 11 9 8 6 11 12 6 5 6 7 5 3 3 2 2 1 9 1 2 1 1 1 2 2 1 1 2 1 3 3 2 4 3 5 1 2 1 2 7 3 3 2 2 5 3 4 12 9 16 46 20 29 27 17 19 27 31 51 43 50 23 28 51 35 22 40 19 35 63 48 35 20 26 49 63 40 34 25 39 63 41 23 39
0 0 1 1 1 1 2 1 1 2 1 2 3 5 4 4 5 4 6 4 3 1 2 3 2 2 2 1 1 1 2 3 1 1 1 2 1 1 1 1 1 2 2 1 1 2 1 1 1 1 1 2 1 1 1 2 4 1 3 6 4 13 7 13 40 14 15 21 34 22 27 46 25 12 22 39 27 15 40 18 27 48 26 22 24 17 19 58 55 29 17 35 56 32 17 32
0 0 0 0 0 0 0 1 0 1 1 2 2 2 2 3 2 2 3 3 1 1 1 2 2 1 2 0 1 1 1 1 0 0 1 0 0 1 1 1 1 1 1 2 1 1 0 1 0 0 0 1 0 0 0 1 2 3 3 1 2 1 4 23 7 11 21 10 16 13 8 21 8 7 12 24 11 13 24 8 26 31 16 16 18 23 9 17 53 20 15 24 45 31 21 15
0 0 0 0 0 0 0 0 0 0 0 1 1 1 1 1 1 1 1 1 2 1 2 1 1 1 1 1 0 1 1 1 0 0 0 1 0 0 0 0 1 0 1 0 0 0 0 0 0 0 0 0 1 0 0 1 2 2 1 5 3 1 5 5 9 13 5 5 5 8 3 12 3 3 4 12 5 12 15 5 12 13 6 17 18 23 10 12 43 21 9 19 22 10 13 8
0 0 0 0 0 0 0 0 0 0 0 1 1 0 0 1 1 2 1 0 0 0 2 0 1 1 0 0 0 0 0 0 0 0 0 0 0 0 0 0 0 0 0 0 0 0 0 1 2 5 3 2 3 1 0 1 1 1 1 2 2 1 3 1 6 2 3 3 3 6 1 4 2 3 1 4 2 7 5 4 11 5 4 6 13 5 9 6 14 8 10 7 19 19 22 15
0 0 0 0 0 0 0 0 0 0 0 0 0 0 0 1 0 1 1 0 0 0 1 0 0 0 0 0 0 0 0 0 0 0 0 0 0 0 0 0 0 0 0 1 0 4 1 7 2 2 1 1 3 5 6 3 3 0 0 2 1 1 0 1 2 1 1 1 2 4 3 2 2 2 1 5 1 6 2 2 9 2 9 7 13 5 7 5 6 10 10 14 19 29 42 64
0 0 0 0 0 0 0 0 0 0 0 0 0 0 0 0 0 0 0 0 0 0 0 1 0 0 0 0 0 0 0 0 0 0 1 1 1 0 2 5 1 1 1 5 1 1 7 6 1 4 2 1 2 7 4 3 6 4 3 7 3 7 5 2 1 1 2 2 2 3 6 6 3 13 18 11 16 33 18 7 10 16 19 18 4 46 36 26 15 5 9 7 15 38 22 33
0 0 0 0 0 0 0 0 0 0 0 0 0 0 0 0 0 0 0 0 0 0 0 0 0 0 0 0 0 0 0 0 0 0 0 0 1 0 0 2 2 3 1 4 8 1 2 4 5 6 8 1 2 9 11 2 18 7 15 11 4 6 3 3 2 4 2 9 13 1 1 10 10 4 11 20 8 18 8 37 8 19 38 21 10 41 31 22 50 42 31 9 19 32 18 13
0 0 0 0 0 0 0 0 0 0 0 0 0 0 0 0 0 0 0 0 0 0 0 0 0 0 0 0 0 0 0 0 0 0 0 0 0 0 0 1 2 1 3 8 5 1 2 2 3 5 7 2 3 7 5 10 7 4 7 10 3 1 2 7 6 8 7 7 9 13 1 8 21 4 13 25 3 2 3 46 36 15 14 19 29 44 40 52 66 53 19 44 12 11 39 54
0 0 0 0 0 0 0 0 0 0 0 0 0 0 0 0 0 0 0 0 0 0 0 0 0 0 0 0 0 0 0 0 0 0 0 0 0 1 0 1 1 3 1 1 11 4 2 2 3 4 8 8 3 15 14 39 5 15 35 30 15 1 5 6 6 19 17 26 10 29 4 4 20 7 14 30 9 5 4 39 24 37 3 4 9 41 52 45 66 45 11 53 25 21 38 48
0 0 0 0 0 0 0 0 0 0 0 0 0 0 0 0 0 0 0 0 0 0 0 0 0 0 0 0 0 0 0 0 0 0 0 0 0 0 1 8 2 4 2 7 7 10 3 4 13 10 35 38 11 20 52 65 17 42 50 29 20 4 18 22 8 7 7 6 19 46 9 4 14 6 22 28 57 10 16 64 27 48 40 10 10 23 46 40 39 25 47 79 29 19 11 12
0 0 0 0 0 0 0 0 0 0 0 0 0 0 0 0 0 0 0 0 0 0 0 0 0 0 0 0 0 0 0 0 0 0 0 1 0 1 5 4 4 1 2 13 16 6 3 4 9 16 40 27 32 11 39 71 27 35 44 34 39 26 33 44 7 9 16 7 28 41 35 15 4 9 47 45 51 43 14 68 19 46 64 27 15 15 40 32 31 12 67 81 52 31 35 14
0 0 0 0 0 0 0 0 0 0 0 0 0 0 0 0 0 0 0 0 0 0 0 0 0 0 0 0 0 0 0 0 0 0 0 1 0 1 3 3 10 3 13 3 33 5 7 7 4 13 38 34 15 5 6 28 35 54 60 54 74 46 51 49 40 17 20 19 33 35 62 28 11 9 32 53 66 64 30 45 48 48 58 70 31 19 12 12 10 22 63 47 70 38 37 24
0 0 0 0 0 0 0 0 0 0 0 0 0 0 0 0 0 0 0 0 0 0 0 0 0 0 0 0 0 0 0 0 0 0 1 1 1 0 0 2 2 1 0 0 4 4 24 20 6 4 13 4 8 3 3 5 6 32 38 33 44 50 47 42 72 19 23 20 5 54 84 24 14 10 47 34 34 46 18 31 38 14 61 77 58 33 8 9 10 15 10 31 75 38 24 32
0 0 0 0 0 0 0 0 0 0 0 0 0 0 0 0 0 0 0 0 0 0 0 0 0 0 0 0 0 0 0 0 1 1 1 1 1 2 1 0 1 3 1 1 1 3 6 12 16 5 6 4 9 4 5 11 9 5 9 22 20 9 19 50 81 47 18 25 34 66 82 36 11 5 13 21 41 30 45 53 37 10 43 66 79 27 17 8 28 32 17 33 86 55 47 53
0 0 0 0 0 0 0 0 0 0 0 0 0 0 0 0 0 0 0 0 0 0 0 0 0 0 0 0 0 0 0 0 1 1 1 0 2 2 1 1 1 5 3 2 3 3 4 5 6 3 6 19 22 19 14 13 9 7 6 4 1 1 6 65 63 57 31 16 19 61 75 68 49 14 8 23 39 29 32 20 43 31 19 72 76 58 24 15 36 25 48 81 82 81 62 59
0 0 0 0 0 0 0 0 0 0 0 0 0 0 0 0 0 0 0 0 0 0 0 0 0 0 0 0 0 0 0 0 1 1 1 2 2 4 2 4 2 5 6 3 2 8 4 7 6 3 6 34 46 51 41 34 21 18 16 15 17 13 14 31 34 46 39 14 6 36 31 71 71 26 10 36 46 31 20 39 65 30 18 18 75 80 29 16 49 55 51 74 47 78 45 28
0 0 0 0 0 0 0 0 0 0 0 0 0 0 0 0 0 0 0 0 0 0 0 0 0 0 0 0 0 0 0 0 0 0 2 3 1 2 5 13 8 9 7 4 1 3 14 12 10 6 6 22 66 70 62 60 50 47 35 35 67 71 76 65 49 44 33 19 8 5 27 44 80 56 51 15 31 40 22 4 18 29 33 49 68 78 49 31 17 36 37 30 78 78 87 56
0 0 0 0 0 0 0 0 0 0 0 0 0 0 0 0 0 0 0 0 0 0 0 0 0 0 0 0 0 0 0 1 1 1 3 3 3 7 17 7 20 15 6 8 10 10 18 22 15 12 8 13 38 67 63 71 77 72 47 33 25 40 51 60 74 69 70 56 31 2 7 44 54 62 48 43 26 13 18 17 50 45 21 30 28 71 71 30 15 24 29 33 27 71 60 73
0 0 0 0 0 0 0 0 0 0 0 0 0 0 0 0 0 0 0 0 0 0 0 0 0 0 0 0 0 0 0 4 2 1 2 5 4 5 5 2 4 28 40 19 35 21 16 16 19 22 21 11 9 12 53 54 51 74 74 64 55 48 34 40 47 70 75 73 70 58 37 60 50 74 38 38 28 19 30 23 21 27 17 48 35 74 80 28 13 40 45 29 30 30 62 76
0 0 0 0 0 0 0 0 0 0 0 0 0 0 0 0 0 0 0 0 0 0 0 0 0 0 0 0 0 0 0 0 0 1 1 2 3 5 7 8 5 2 7 48 52 65 51 32 27 12 19 23 20 12 22 40 35 28 48 55 58 68 69 57 33 38 70 78 77 62 63 79 59 82 69 48 43 44 26 15 18 39 18 30 44 29 70 42 14 29 46 43 18 12 56 78
0 0 1 0 0 0 0 0 0 0 0 0 0 0 0 0 0 0 0 0 0 0 0 0 0 0 0 0 0 0 0 1 1 1 1 4 6 7 8 12 15 12 6 5 7 50 61 54 31 21 14 24 22 15 6 6 6 7 8 10 20 42 37 52 56 31 32 50 49 41 68 67 66 64 62 65 70 62 38 43 42 38 19 22 60 67 48 56 22 9 40 43 22 43 81 40
0 0 0 0 0 0 0 0 1 2 1 1 0 0 0 0 0 0 0 0 0 0 0 0 0 0 0 0 0 0 0 1 0 1 1 2 3 5 6 7 11 10 21 22 24 15 9 7 28 31 40 12 13 9 13 20 19 20 20 18 20 9 7 11 15 11 10 7 10 31 43 58 53 49 40 34 35 62 54 46 37 26 53 46 48 62 51 67 47 16 12 36 53 82 53 74
0 0 0 1 0 0 0 0 0 1 0 0 0 0 0 0 0 0 0 0 0 0 0 0 0 0 0 0 0 0 0 0 0 0 1 1 2 5 3 7 10 15 16 22 25 19 18 20 14 8 8 7 9 23 24 33 32 34 34 48 22 8 7 22 23 38 20 24 7 6 16 40 34 23 23 25 31 42 50 65 59 29 25 29 31 34 51 61 66 26 13 31 87 66 55 67
0 0 0 0 0 0 1 0 0 0 0 0 0 0 0 0 0 0 0 0 0 0 0 0 0 0 0 0 0 0 0 0 0 0 1 1 1 2 2 6 8 8 9 10 16 13 12 20 17 16 22 24 26 36 31 29 43 48 51 48 28 24 24 38 34 27 35 20 9 12 12 4 3 4 6 5 14 14 7 14 26 18 19 13 15 16 41 53 47 30 14 67 74 49 72 70
0 0 0 0 1 0 2 1 0 0 0 0 0 0 0 0 1 0 0 0 0 0 0 0 0 0 0 0 0 0 0 0 0 0 0 0 1 2 1 1 4 8 7 5 11 10 15 17 22 20 25 15 17 28 36 38 39 45 59 52 33 31 39 38 46 51 55 46 27 27 10 5 3 6 8 16 37 27 18 16 13 10 7 9 9 13 20 31 54 54 25 78 37 24 63 77
0 1 1 1 1 1 1 0 0 1 0 0 0 0 0 1 2 1 0 0 0 0 0 0 0 0 0 0 0 0 0 0 0 0 0 0 1 2 3 3 5 5 11 8 13 13 15 16 20 11 32 23 19 17 29 33 54 56 61 46 21 40 34 48 50 68 61 59 50 32 23 24 24 30 32 45 53 42 27 28 42 51 32 17 22 14 6 12 26 62 43 74 30 30 71 89
1 1 0 0 1 1 3 2 1 1 1 2 1 0 1 3 3 1 0 1 0 1 0 0 0 0 0 0 0 0 0 0 0 0 0 0 0 1 2 3 4 4 4 7 8 11 13 22 17 13 20 28 15 16 29 37 51 45 36 30 30 37 44 46 47 70 66 58 50 28 42 43 42 47 44 45 57 43 43 44 45 47 32 47 50 31 28 9 13 37 35 38 35 22 51 72
1 1 1 0 3 4 4 3 7 2 1 0 0 2 3 2 1 0 0 2 0 1 0 0 0 0 0 0 0 0 0 0 0 0 0 0 0 1 1 2 5 4 2 5 6 6 12 16 12 6 6 18 17 12 19 34 40 30 21 15 17 42 38 39 61 63 55 51 29 24 38 37 40 54 46 58 57 60 41 45 57 50 52 66 58 57 39 13 8 29 25 40 30 12 32 53
1 0 1 1 0 5 2 1 2 5 5 2 0 1 4 2 0 0 1 2 0 2 0 0 0 0 0 0 0 1 0 0 0 0 0 0 0 0 0 1 2 2 3 3 4 2 10 4 9 3 12 8 9 5 16 31 19 18 11 18 17 26 23 38 57 54 50 52 25 40 51 51 34 50 58 52 55 48 40 51 60 58 54 69 44 37 22 20 11 7 11 25 27 8 26 19
1 1 1 2 1 1 8 11 12 5 1 1 0 2 2 3 1 1 6 1 0 2 0 0 0 0 0 0 0 0 0 0 0 0 0 0 0 0 0 0 1 1 1 2 1 2 3 2 1 1 12 2 4 3 13 7 7 12 6 9 9 15 24 41 28 46 40 30 24 37 47 48 28 53 43 54 59 46 37 49 66 54 63 46 31 40 38 47 42 16 3 4 14 11 10 13
2 1 2 2 2 2 5 9 8 7 9 2 5 1 0 0 2 13 8 1 2 2 0 0 0 0 0 0 0 0 0 0 0 0 0 0 0 0 0 1 0 0 1 1 0 1 1 1 1 2 1 1 2 5 2 4 4 3 4 4 4 8 26 22 26 24 17 21 33 43 40 43 33 44 25 35 41 21 31 43 64 39 28 33 44 54 72 56 47 24 15 5 3 6 7 5
2 3 2 2 10 6 15 37 9 7 5 7 7 10 0 0 1 1 0 0 1 3 1 0 0 0 0 0 0 0 0 0 0 0 0 0 0 0 0 0 0 0 1 0 0 0 0 1 0 0 0 0 1 2 1 1 1 1 4 4 3 14 13 15 16 25 17 17 21 35 29 19 23 36 20 10 43 21 24 54 31 37 36 41 73 81 68 51 50 41 22 18 12 3 5 4
2 10 6 4 3 5 4 14 4 4 3 15 4 22 13 5 1 0 0 0 5 4 1 0 0 0 0 0 0 0 0 0 0 0 0 0 0 0 0 0 0 0 0 0 0 0 0 0 0 0 0 0 1 1 1 0 1 1 3 2 1 15 8 6 10 17 8 14 19 19 15 21 12 21 7 8 17 18 16 20 12 33 57 55 44 29 38 46 34 43 39 38 38 23 6 2
