sesion_6_simulaciones/modelos_agentes/ejemplos_netlogo/scenarios/echam4_b2/rob_2015.asc
NCOLS 322 
NROWS 307 
XLLCORNER 451900 
YLLCORNER 4086900 
CELLSIZE 100 
NODATA_value -9999 
[rows 222 to 295 of 307, columns 0 to 95 of 322]
23 35 43 60 47 37 47 35 8 23 26 30 53 24 21 13 11 5 6 8 19 33 31 41 33 28 23 36 56 31 23 49 61 37 62 54 33 31 38 65 39 38 51 66 60 75 54 59 61 81 81 52 36 32 30 14 17 28 15 18 21 10 6 16 8 10 4 5 3 2 1 1 0 0 0 0 0 0 0 0 0 0 0 0 0 0 0 1 1 0 0 0 0 1 2 1
44 58 44 32 32 41 40 47 27 12 16 31 35 17 9 10 12 24 28 29 32 45 29 66 52 48 38 39 34 47 31 48 43 48 71 21 25 39 44 67 63 59 50 73 36 22 34 22 22 62 70 50 46 25 17 18 9 10 16 17 11 18 6 8 12 5 3 4 4 1 1 1 0 0 0 0 0 0 0 0 0 0 0 0 0 0 0 0 1 1 0 1 1 2 0 0
45 68 68 76 58 58 45 48 35 39 47 60 27 23 19 30 27 43 25 25 64 19 41 47 47 36 30 63 45 45 41 51 43 60 41 31 44 54 45 64 65 64 63 87 80 70 59 56 48 23 29 37 23 17 11 10 9 12 10 9 10 10 5 17 16 6 4 2 2 1 1 0 0 0 0 0 0 0 0 0 0 0 0 0 0 0 0 1 2 2 1 1 2 2 0 0
56 60 51 67 63 68 38 26 19 58 56 43 26 21 24 32 11 6 4 44 24 35 65 56 42 48 43 50 42 30 45 44 56 18 25 51 45 69 46 73 65 73 78 64 62 76 61 67 67 41 20 19 11 15 7 7 7 12 7 6 8 3 3 2 3 3 1 1 1 0 0 0 0 0 0 0 0 0 0 0 0 0 0 0 0 1 1 1 5 5 4 4 1 1 0 0
20 35 35 26 34 75 52 13 40 44 58 29 44 38 9 6 4 3 16 51 18 49 64 63 45 47 33 19 40 32 48 73 58 33 39 47 72 82 58 68 78 82 82 52 64 67 66 33 60 70 24 15 6 8 7 10 6 5 5 3 2 1 2 1 1 1 2 1 0 0 0 0 0 0 0 0 0 0 0 0 0 0 0 0 0 1 2 5 7 10 5 2 1 0 0 0
43 30 35 31 37 31 19 22 19 29 49 56 57 16 4 4 22 31 52 66 36 42 63 76 63 46 52 28 35 50 26 54 82 38 29 37 55 55 83 89 64 57 41 70 48 51 68 47 32 13 21 25 19 14 12 10 10 4 4 2 2 1 1 1 1 1 1 0 0 0 0 0 0 0 0 0 0 0 0 0 0 0 0 0 0 1 3 13 9 1 1 0 0 0 0 0
47 39 36 52 35 33 39 39 28 49 42 38 31 15 24 44 54 61 62 75 42 51 63 70 29 27 57 20 42 60 27 22 43 60 40 65 49 34 68 81 75 47 63 41 81 56 35 34 30 24 15 29 25 21 18 13 5 4 1 1 1 0 0 0 0 0 0 0 0 0 0 0 0 0 0 0 0 0 0 0 0 0 0 0 1 1 2 14 5 1 1 1 0 0 0 0
19 36 52 33 32 28 49 48 44 43 44 56 36 43 40 61 57 40 66 70 50 47 44 47 27 59 27 11 43 53 27 27 41 49 70 81 66 45 31 47 58 37 28 20 36 72 54 31 25 21 15 14 13 19 21 16 5 3 1 1 0 0 0 1 1 0 0 0 0 0 0 0 0 0 0 0 0 0 0 0 0 0 1 1 2 4 6 8 3 1 1 2 1 0 0 0
55 50 36 45 49 39 58 47 52 43 32 46 35 56 41 62 62 56 48 71 30 41 50 43 42 17 28 36 36 52 25 40 30 38 46 69 56 70 44 18 36 58 44 46 58 26 31 20 13 13 8 7 13 11 8 8 7 3 3 1 1 1 0 0 0 0 0 0 0 0 0 0 0 0 0 0 0 0 0 0 1 0 1 1 1 8 24 8 3 3 4 2 1 0 0 0
36 54 47 61 42 39 50 76 27 55 32 32 43 53 41 63 60 46 45 57 38 43 44 48 29 25 29 33 25 27 16 28 60 50 40 30 69 40 47 39 18 28 67 71 74 43 18 10 20 19 15 5 7 10 6 6 4 1 1 2 1 0 0 0 0 0 0 0 0 0 0 0 0 0 0 0 0 0 1 1 2 2 2 1 1 4 19 5 2 7 5 1 1 0 0 0
32 28 59 49 37 45 44 56 33 38 36 37 43 59 46 43 62 23 32 38 19 39 9 29 21 36 22 17 30 14 25 39 41 69 50 44 33 34 41 19 30 22 19 31 29 18 15 10 17 10 14 7 6 4 4 7 3 1 0 0 0 0 0 0 0 0 0 0 0 0 0 0 0 0 0 0 0 1 1 2 5 8 4 2 1 3 9 6 7 4 2 1 0 0 0 0
19 27 51 43 31 62 59 46 46 39 49 53 34 60 45 38 42 23 26 30 41 12 9 7 21 25 10 19 34 18 24 21 21 21 13 28 17 20 20 14 26 38 59 32 26 11 11 4 5 5 7 4 4 4 5 2 1 1 0 0 0 1 0 0 0 0 0 0 0 0 0 0 0 0 0 0 0 1 2 5 13 11 7 6 2 4 24 18 9 3 2 1 1 1 0 0
21 12 16 35 26 49 56 51 60 31 43 56 18 35 25 37 56 27 25 26 33 22 8 9 27 13 7 29 37 48 49 19 35 29 46 47 45 44 36 44 55 57 57 61 53 44 38 13 12 20 11 4 4 2 2 2 1 0 0 0 0 1 1 0 0 0 0 0 0 0 0 0 0 0 0 0 1 2 3 6 8 18 12 15 9 27 15 14 5 6 4 3 2 1 0 0
6 12 21 21 25 33 38 42 21 42 54 44 17 18 18 14 43 11 15 15 6 18 12 24 12 12 11 25 43 26 71 75 66 57 74 58 62 45 49 41 50 64 59 73 39 20 14 3 7 13 17 9 3 2 1 1 1 1 2 1 0 1 0 0 0 0 0 0 0 0 0 0 0 0 1 0 1 1 4 8 23 16 22 19 34 18 18 15 4 4 9 5 3 1 1 1
4 11 11 8 18 28 34 27 21 26 30 34 9 18 10 19 20 10 8 5 4 6 9 6 15 11 31 43 46 28 39 60 82 60 72 89 88 73 74 63 31 63 70 63 73 52 45 19 15 15 9 7 6 2 2 4 3 2 1 1 1 1 1 0 0 0 0 0 0 0 0 0 1 1 1 1 1 1 2 3 25 36 34 11 10 49 16 17 13 11 5 4 3 2 1 1
2 5 5 12 11 26 17 39 29 37 17 8 11 4 11 12 5 50 5 13 46 36 21 11 8 7 9 21 22 31 36 31 35 74 61 81 86 80 81 74 67 35 71 72 72 45 50 24 13 11 5 3 1 2 1 1 1 1 1 1 0 0 0 0 0 0 0 0 0 0 0 0 1 2 2 1 1 2 2 3 17 38 30 9 33 35 21 32 30 11 9 6 4 2 4 2
3 2 6 11 24 11 19 26 26 28 13 13 7 3 5 3 2 1 21 24 27 46 43 23 14 7 17 18 21 28 26 37 34 33 25 56 86 64 79 47 58 54 51 59 56 42 21 8 23 16 9 6 6 5 2 1 1 1 0 0 0 0 0 0 0 0 0 0 0 0 0 0 1 2 6 2 2 2 5 10 26 46 20 18 34 11 4 8 11 4 3 6 3 4 2 1
1 2 3 2 4 10 16 20 18 11 13 8 4 2 2 6 3 4 3 16 19 9 52 40 14 4 20 38 31 34 36 24 32 43 24 28 60 70 65 60 57 46 51 37 39 45 33 13 5 12 9 8 5 6 4 1 1 0 0 0 0 0 0 0 0 0 0 0 0 0 0 0 1 2 4 7 3 2 5 22 31 63 20 23 46 13 11 7 4 2 2 3 3 2 0 0
0 1 1 3 2 5 7 8 13 13 7 4 3 2 3 3 6 6 13 27 10 7 9 36 42 11 27 42 46 46 56 42 43 52 42 30 24 57 40 44 22 26 16 23 20 19 4 16 7 6 7 4 3 3 3 3 2 1 1 1 0 0 0 0 0 0 0 0 0 0 1 1 1 1 2 9 16 6 16 18 54 49 44 61 16 17 15 10 11 10 4 5 3 1 0 0
0 0 1 2 1 2 4 5 5 7 7 2 4 3 3 2 5 15 25 13 7 4 8 47 29 30 31 20 12 24 35 36 42 41 41 44 22 19 19 14 24 13 6 6 9 12 9 10 4 3 5 3 3 2 2 1 1 1 1 0 0 0 0 0 0 0 0 0 0 0 1 1 2 2 3 3 30 7 10 37 59 41 50 54 40 29 17 30 24 4 4 3 1 0 0 0
0 0 0 0 1 1 1 2 4 4 4 3 1 2 5 5 3 9 23 27 14 9 7 15 15 19 20 44 17 44 57 38 35 41 38 49 41 21 13 7 6 9 13 9 14 12 7 3 3 4 3 2 2 2 1 1 1 0 0 0 0 0 0 0 0 0 0 0 0 1 2 1 0 2 11 9 32 18 22 48 63 60 41 45 25 12 12 23 13 10 2 1 1 0 0 0
0 0 0 0 1 1 0 4 2 1 1 2 11 16 30 26 13 5 7 7 13 11 10 22 41 39 38 34 38 38 50 52 48 49 45 53 48 59 36 13 13 7 7 5 5 4 4 2 1 3 2 2 2 2 1 1 0 0 0 0 0 0 0 0 0 0 0 0 1 1 1 1 1 3 9 9 30 49 33 54 61 60 57 46 25 29 15 16 14 7 3 2 1 0 0 0
0 0 0 0 0 0 0 2 1 0 0 4 2 2 9 35 14 6 5 5 10 14 16 16 12 17 42 59 59 59 56 57 60 65 62 53 54 56 60 49 19 12 10 10 9 5 2 3 4 2 4 4 1 1 1 1 1 0 0 0 0 0 0 0 0 0 1 1 2 3 2 2 1 4 21 10 6 43 80 55 62 61 49 37 22 14 3 9 13 6 2 1 1 0 1 0
0 0 0 0 0 0 1 0 0 4 8 14 6 4 7 5 4 3 6 11 12 29 17 21 38 25 9 29 31 63 67 65 75 80 66 50 64 72 70 51 24 20 14 18 15 15 5 11 5 2 1 1 1 1 0 0 0 0 0 0 0 0 0 0 0 1 1 2 4 4 4 5 3 6 20 32 9 38 61 53 47 29 17 9 10 14 5 5 5 3 2 1 1 1 1 1
0 0 0 0 0 0 0 0 1 1 0 1 3 9 13 5 6 9 5 18 29 17 19 36 24 38 25 9 9 51 38 69 84 71 69 68 53 56 62 59 46 42 27 14 19 24 8 7 5 2 2 2 1 1 1 0 0 0 0 0 0 0 0 0 0 1 1 3 4 8 7 11 4 6 21 39 38 29 63 34 22 12 18 11 8 3 2 4 7 5 2 1 1 1 1 0
0 0 0 0 1 0 0 1 0 1 1 1 3 6 2 3 11 18 10 23 14 21 27 26 24 36 45 24 19 15 21 14 53 61 53 49 38 54 44 26 20 12 9 7 11 18 7 5 3 3 2 1 1 0 0 0 1 0 0 0 0 0 0 0 0 1 2 3 3 6 20 11 14 6 10 37 39 69 39 23 27 15 13 11 13 4 6 7 5 1 1 3 3 1 1 0
0 0 0 0 0 0 1 0 1 1 3 9 5 3 1 10 11 28 20 9 7 12 10 21 17 21 35 32 51 49 28 38 43 29 15 27 31 36 22 22 10 9 4 6 5 6 5 7 2 2 1 1 1 1 0 0 0 1 0 0 0 0 0 0 0 1 1 1 2 2 7 24 37 8 6 28 24 62 25 34 19 16 9 12 12 10 9 2 3 3 3 4 2 1 0 0
0 0 0 0 0 1 0 0 0 1 3 8 4 2 9 11 23 11 33 9 10 13 15 18 29 30 63 53 27 23 18 20 41 47 33 26 38 42 33 25 25 16 25 17 7 6 5 6 4 3 1 1 1 1 1 1 1 0 0 0 0 0 0 0 0 1 2 4 2 2 4 8 19 28 15 20 57 45 37 26 12 20 17 9 4 9 9 6 7 8 3 3 1 1 0 0
0 0 1 0 0 2 0 0 0 1 2 1 4 3 7 14 21 8 14 11 16 17 17 19 68 72 64 42 61 65 55 37 53 52 43 38 44 55 41 34 39 24 15 12 10 7 12 13 6 3 3 2 2 2 1 0 0 0 0 0 0 0 0 0 1 1 3 6 6 3 2 4 12 32 41 25 66 46 44 46 35 17 20 22 15 12 16 10 6 8 6 2 2 1 0 0
0 0 0 0 1 0 0 0 1 3 4 6 5 4 10 18 28 23 8 21 16 18 28 37 53 73 76 59 34 44 46 41 28 29 38 30 29 37 33 52 54 26 27 22 26 19 14 13 7 5 5 5 3 1 1 1 1 0 0 0 0 0 0 0 1 2 6 6 4 5 4 8 11 12 10 61 67 46 36 35 22 25 38 27 25 27 21 23 11 7 3 1 1 1 1 0
0 1 0 1 0 0 0 1 4 13 28 9 3 8 11 7 10 12 7 12 13 23 31 59 61 32 57 57 46 63 64 50 26 18 20 21 35 42 49 45 30 27 52 39 42 29 15 6 4 3 1 2 3 1 1 1 0 0 0 0 0 0 0 1 2 4 8 8 7 12 11 11 29 39 33 42 63 53 28 33 32 40 33 17 23 21 18 9 12 4 2 1 2 1 1 0
0 0 0 1 0 0 2 8 19 12 39 35 7 6 14 10 10 2 4 7 7 9 13 42 17 23 41 64 65 70 84 49 64 45 26 16 28 68 52 52 53 11 13 5 6 12 6 8 4 4 2 3 2 2 1 0 0 0 0 0 0 0 0 1 3 8 7 8 5 24 43 12 38 63 69 54 42 42 37 22 30 26 27 37 26 19 10 7 8 5 4 4 2 2 1 0
0 0 0 1 0 0 1 2 4 7 4 3 8 10 14 14 27 9 9 9 10 9 22 29 9 7 9 40 43 34 46 77 54 68 62 55 49 47 40 40 47 40 26 30 25 12 11 15 7 6 4 2 1 1 1 1 1 1 0 0 0 0 1 2 4 6 9 8 6 7 26 54 28 55 69 68 53 36 48 37 48 47 27 17 22 18 10 6 6 11 7 5 2 1 1 0
1 0 1 0 0 0 1 3 8 6 7 13 10 9 11 13 27 11 5 17 22 16 22 44 16 3 16 10 24 32 15 24 60 53 62 59 35 13 11 11 25 25 20 26 32 30 15 6 11 7 3 4 4 2 1 1 1 1 0 0 0 1 2 4 10 13 8 7 21 20 14 15 56 68 56 69 51 51 69 63 21 18 17 20 17 10 15 9 9 4 3 1 1 1 0 0
0 0 1 0 0 1 1 1 2 4 8 11 5 8 8 9 16 2 5 7 6 35 30 48 36 14 15 23 32 23 25 11 9 18 20 17 17 15 14 9 6 9 7 10 22 21 10 15 12 8 7 5 3 2 2 2 1 1 0 0 0 1 3 7 13 14 10 16 18 40 30 29 21 26 47 52 67 63 40 40 33 42 33 36 24 16 20 16 6 3 2 2 1 0 0 0
0 0 0 0 0 0 0 1 2 2 5 7 6 6 8 18 15 4 5 5 11 36 43 41 18 3 17 37 25 39 41 16 44 50 50 42 39 31 29 13 9 10 32 37 34 16 17 13 12 12 10 6 4 3 2 2 1 1 0 0 0 1 5 11 10 22 13 21 21 19 66 48 41 33 19 60 45 67 55 49 51 62 55 41 25 32 18 11 4 2 2 1 0 0 0 1
0 0 0 0 0 0 1 0 1 2 2 6 20 23 24 36 31 8 4 4 29 35 40 32 20 39 9 35 34 44 30 47 46 31 35 36 30 27 13 21 39 48 23 22 14 20 14 11 15 10 12 9 5 3 2 2 1 1 0 0 0 1 3 11 31 25 15 27 24 20 22 43 62 20 15 28 69 80 75 64 58 53 50 49 38 20 19 9 12 4 2 1 0 1 0 2
0 0 0 0 0 0 0 0 0 4 7 9 21 32 30 13 5 3 2 14 25 28 36 49 46 20 24 30 24 24 32 70 35 34 40 41 39 23 31 33 57 46 40 35 31 29 25 17 23 15 14 9 6 3 3 1 1 1 1 0 0 1 3 8 26 22 35 42 32 51 53 59 61 32 33 48 66 62 64 54 53 46 41 41 27 19 16 16 15 9 2 1 1 1 1 3
0 0 0 0 0 0 0 1 1 7 11 13 15 68 26 10 14 9 6 19 19 22 26 17 14 13 44 16 30 24 49 36 49 56 43 42 41 41 49 42 30 47 48 50 42 42 29 32 23 11 7 6 4 5 4 2 1 1 1 0 0 1 3 7 19 18 19 36 59 47 68 61 66 36 60 59 64 64 46 45 46 44 29 20 19 17 14 11 7 7 4 3 1 2 3 3
0 0 0 0 0 0 0 0 2 5 8 11 5 15 11 2 10 11 16 13 17 31 30 15 12 27 18 27 40 60 65 54 52 52 41 44 56 53 56 48 51 65 63 42 33 45 41 33 17 13 9 7 5 3 3 3 2 1 0 0 0 2 3 9 12 20 18 24 50 74 69 67 59 83 68 49 38 40 49 49 41 40 39 28 18 21 9 14 8 4 5 3 1 3 4 4
0 0 0 0 0 0 0 0 4 3 5 5 3 1 1 2 10 10 7 14 17 15 17 32 29 15 17 43 61 29 24 25 47 43 51 57 58 56 53 52 55 62 45 47 54 45 43 39 18 14 11 8 5 2 2 3 1 1 1 0 0 1 6 11 21 19 20 21 25 30 48 54 60 69 19 45 43 42 36 37 33 30 24 35 27 23 16 13 7 6 5 2 2 5 5 7
0 0 0 0 0 0 0 0 3 6 9 7 7 9 8 4 1 3 4 19 27 16 53 52 22 25 29 45 28 28 29 35 40 37 50 57 58 57 47 72 59 46 43 52 22 35 48 43 32 23 6 6 4 5 5 2 2 2 1 0 0 1 2 10 16 21 52 36 42 44 44 30 44 62 50 56 55 39 40 37 41 34 35 33 27 8 7 5 6 11 6 1 3 9 11 11
0 0 0 0 0 0 0 2 5 12 11 3 4 9 10 8 5 1 5 23 21 48 36 17 22 41 29 27 28 29 38 35 26 38 44 65 47 45 62 56 48 66 68 35 49 44 41 38 24 11 8 10 10 7 6 5 4 2 1 1 0 1 4 7 13 31 53 75 45 55 48 32 35 69 77 43 48 54 55 36 31 32 40 28 16 6 13 9 6 4 2 1 4 11 13 14
0 0 0 0 0 1 3 7 10 14 2 2 3 1 1 3 5 2 8 17 18 22 9 16 33 14 11 23 28 32 51 38 30 37 50 57 52 66 71 66 48 41 42 51 42 43 28 27 22 16 13 17 13 5 6 4 4 2 2 1 0 1 3 8 19 26 48 68 65 66 52 54 58 72 46 44 40 40 47 49 34 63 42 18 20 22 14 8 4 1 1 2 7 14 14 17
0 0 0 0 1 0 0 2 5 3 0 1 4 4 5 7 14 7 21 9 9 7 5 15 16 22 26 34 46 37 34 26 30 35 61 44 76 72 70 43 31 29 36 49 54 45 37 34 30 26 20 17 9 5 4 3 3 2 2 1 1 2 4 12 26 32 32 38 65 78 72 36 42 71 45 50 69 65 61 66 58 39 32 28 26 23 8 6 3 2 2 6 11 14 12 21
0 0 0 0 0 0 0 2 2 2 0 3 4 6 8 10 5 8 24 17 19 18 3 19 22 36 38 35 29 18 28 30 33 38 74 41 27 18 19 36 38 55 65 65 61 50 38 35 20 28 14 11 14 6 5 3 3 3 2 2 1 5 8 12 31 36 34 22 43 69 72 50 57 69 47 31 51 73 72 68 63 31 35 32 24 20 7 5 8 3 7 10 6 19 21 24
0 0 0 0 0 0 0 1 4 6 1 3 5 1 3 3 4 26 14 10 13 17 15 13 36 28 29 34 23 27 39 38 28 75 30 24 50 54 53 51 63 69 62 65 64 61 50 37 23 22 17 15 14 11 9 6 5 3 2 1 3 6 17 41 41 42 32 42 52 59 74 48 47 61 75 55 56 56 69 69 53 53 34 34 28 16 9 2 3 6 9 6 10 15 40 27
0 0 0 0 0 0 0 2 3 4 5 5 1 1 3 4 7 13 11 20 14 18 15 17 30 30 28 29 34 28 40 43 48 37 12 38 44 49 60 84 62 60 69 69 66 62 42 33 24 18 18 16 16 8 10 6 7 6 3 3 5 13 13 32 40 39 39 50 57 52 80 74 54 71 69 57 62 62 58 52 57 41 27 24 23 11 4 1 3 12 6 13 19 20 42 28
0 0 0 0 0 0 0 0 1 3 2 1 1 3 3 3 11 6 5 24 46 24 6 11 42 28 39 34 21 26 57 82 50 12 22 52 41 71 75 68 65 74 71 52 56 49 45 40 23 24 20 19 17 13 12 10 8 7 4 5 6 8 13 18 41 61 51 69 73 63 57 59 58 65 75 75 58 52 42 40 41 32 24 26 19 9 3 2 9 12 14 28 36 29 37 29
0 0 0 0 1 0 1 1 2 2 2 3 3 2 1 11 6 9 13 24 15 8 16 28 6 34 27 20 45 48 65 43 16 25 58 31 54 46 57 78 81 62 50 77 65 42 46 44 36 31 24 22 19 16 15 13 11 5 5 7 8 18 12 15 19 45 71 75 73 73 82 81 57 70 57 51 35 42 53 54 37 35 22 26 19 3 2 9 8 16 28 35 33 22 37 36
0 0 0 0 0 0 1 0 0 1 2 3 1 1 0 21 5 2 3 4 8 12 24 11 5 20 13 19 58 50 43 13 17 30 55 70 51 57 71 74 72 61 65 35 47 40 49 57 38 34 31 25 22 18 17 15 8 5 10 16 11 21 21 24 28 43 54 81 65 64 46 70 54 39 39 51 60 47 40 39 33 20 30 20 6 3 6 9 17 16 21 30 49 37 40 39
0 0 1 0 0 0 1 0 1 1 1 1 1 1 3 15 5 5 5 4 19 12 15 3 20 28 15 38 67 36 26 15 23 27 70 72 67 59 61 63 60 66 53 40 45 72 56 47 43 54 36 30 27 21 20 16 8 5 15 20 34 42 31 37 32 45 62 66 77 61 54 45 52 60 52 67 51 51 42 39 25 25 13 6 4 6 14 19 17 32 32 24 26 37 34 29
0 0 0 0 0 0 0 0 1 0 1 2 1 3 10 5 4 3 11 16 10 14 8 14 43 16 19 47 39 28 35 25 46 58 72 61 57 61 51 39 40 60 68 62 67 56 58 55 62 44 41 47 17 23 20 11 5 15 25 27 51 54 40 57 44 32 42 76 77 39 76 53 50 60 61 59 54 52 47 32 23 23 8 9 7 14 18 24 22 26 37 27 30 39 46 37
0 0 0 0 0 0 1 1 0 0 1 1 1 8 1 2 4 8 13 15 9 7 11 11 26 18 21 49 20 19 30 29 55 56 53 56 46 55 46 51 58 61 62 76 59 58 56 70 52 49 58 39 35 28 15 13 7 15 38 42 47 64 52 63 64 46 47 56 84 40 43 77 74 57 55 55 63 49 53 47 25 19 5 6 9 19 25 36 42 42 41 44 31 37 57 46
0 0 0 0 0 1 3 0 0 0 1 0 4 2 2 4 5 2 1 10 5 8 19 15 22 31 23 11 18 23 34 45 52 58 26 18 53 45 52 45 49 60 65 74 73 58 75 49 68 67 43 39 38 31 18 15 9 18 42 55 50 66 50 53 70 47 65 44 71 45 49 71 49 64 62 56 51 49 67 38 29 7 5 9 17 21 30 39 30 23 32 54 26 31 49 64
0 0 0 0 0 0 0 1 0 1 1 1 3 2 1 2 2 2 1 2 3 6 15 17 10 24 18 10 21 17 28 14 38 23 15 37 27 31 37 59 63 65 70 72 63 45 65 71 65 54 53 41 39 36 33 18 18 20 47 69 70 69 63 52 67 65 34 42 83 48 66 62 57 58 51 43 52 27 25 26 9 6 9 20 22 29 39 43 24 30 44 26 18 22 33 64
0 0 0 0 1 1 1 0 0 1 0 1 1 3 3 7 5 1 1 1 1 11 11 6 13 23 11 28 30 34 54 48 38 19 13 17 34 33 35 32 40 64 51 57 66 37 30 31 48 49 58 49 41 38 24 13 25 36 52 61 83 76 56 56 61 64 62 28 66 17 26 38 47 55 55 57 56 53 38 33 11 7 12 22 25 49 55 48 36 35 43 43 37 22 31 51
0 0 1 1 1 1 1 0 0 0 1 2 5 3 4 5 8 3 7 2 10 18 8 17 23 12 14 4 5 14 39 13 15 10 16 24 16 22 24 26 59 54 42 56 37 41 43 54 54 66 53 53 47 29 25 16 28 41 56 64 74 58 59 65 71 44 45 52 62 32 34 30 29 20 36 48 42 41 25 20 8 14 23 26 31 56 52 25 37 50 34 47 26 28 35 55
0 0 0 0 0 0 0 0 0 1 1 4 9 8 5 15 6 3 8 9 17 8 6 16 13 9 3 6 7 18 21 9 9 23 33 28 34 29 31 47 40 47 65 41 44 45 61 57 66 53 52 50 50 31 12 29 33 67 60 65 67 72 61 73 74 54 39 63 49 32 43 58 54 57 58 53 42 18 12 6 10 25 27 31 36 62 63 23 27 49 36 54 32 31 37 72
0 0 1 1 1 2 1 1 1 1 3 3 6 6 1 2 1 1 5 15 12 6 9 5 17 18 4 5 7 23 11 8 11 32 44 25 27 32 39 22 55 51 39 52 47 60 62 71 69 59 67 50 35 34 22 36 42 61 75 61 65 74 57 47 71 71 41 46 55 60 62 46 46 46 36 42 32 18 7 20 17 29 35 51 44 61 67 38 38 40 23 59 36 36 38 54
1 3 4 8 9 6 3 3 2 2 3 1 3 2 7 2 2 4 10 9 14 8 8 4 6 8 3 5 10 23 10 10 51 38 18 17 24 30 34 43 68 55 61 41 52 71 73 59 58 74 62 43 37 37 23 50 66 58 62 76 67 73 78 54 81 79 47 49 50 57 44 43 58 45 44 26 30 25 15 33 34 34 41 54 45 51 58 50 54 38 36 61 37 39 33 49
5 7 10 3 8 21 7 3 1 3 0 0 1 2 2 1 2 10 17 6 4 9 4 4 11 15 4 4 7 16 19 44 21 10 20 20 12 9 39 38 54 33 69 57 63 74 47 57 70 64 50 46 40 38 37 55 67 66 65 76 63 69 75 68 63 73 50 23 40 68 47 53 53 55 43 44 43 36 26 37 38 51 45 56 43 40 53 52 48 44 41 61 38 31 40 47
1 6 9 1 1 4 6 7 0 0 1 2 2 2 4 2 4 7 5 5 3 3 8 4 15 28 8 5 14 20 31 42 21 22 25 5 7 10 23 42 36 48 62 64 65 59 62 59 62 59 48 46 40 42 46 49 62 77 67 65 82 59 69 72 58 40 18 15 11 33 45 59 55 50 42 39 30 15 25 35 39 53 49 58 44 56 66 68 55 51 40 51 54 20 43 51
1 1 1 2 1 0 0 0 0 1 1 0 0 1 4 2 5 7 1 3 1 3 3 4 12 10 3 3 8 11 8 13 23 16 15 14 12 5 53 19 30 20 58 48 70 54 57 45 63 62 44 43 40 41 45 66 63 77 76 75 72 69 61 65 24 18 38 52 38 44 43 45 48 33 31 25 13 24 38 38 39 55 60 40 55 54 66 67 53 52 39 48 54 25 28 60
1 1 3 1 1 1 0 1 0 1 1 1 0 1 0 1 4 2 3 3 2 9 8 8 16 10 3 3 4 6 5 20 22 17 25 17 26 8 50 28 7 25 59 51 64 55 58 69 60 56 51 44 42 63 63 59 66 67 76 58 67 72 46 42 35 31 38 58 47 34 58 56 67 61 46 14 24 26 39 53 59 46 59 43 57 69 66 63 51 53 38 46 58 49 24 40
0 1 1 2 2 0 0 2 1 1 1 0 1 1 0 2 3 6 2 4 16 5 8 11 27 14 3 4 4 16 16 13 17 39 18 23 28 17 70 45 13 34 22 58 53 46 64 44 57 54 43 46 42 60 74 63 61 60 71 77 54 59 51 33 35 23 31 30 37 29 53 58 63 70 33 22 27 40 37 58 59 58 56 57 42 67 67 68 56 58 27 49 43 42 33 25
1 1 0 0 0 1 1 2 0 1 1 0 1 1 2 2 2 5 1 3 5 15 10 16 12 3 1 1 1 11 17 7 12 20 25 38 17 20 44 52 27 38 22 61 48 39 46 36 53 50 56 42 42 52 59 85 54 61 54 49 57 35 38 29 20 23 37 33 39 33 56 56 35 49 23 21 42 41 40 44 59 58 57 54 54 69 66 75 61 53 36 55 51 27 35 22
1 1 1 0 0 1 0 1 0 1 0 0 1 1 3 3 1 3 2 1 1 1 1 3 2 2 2 1 4 4 13 17 24 18 25 26 15 14 14 67 40 43 39 54 20 51 40 52 56 39 51 39 41 38 63 65 72 57 48 30 45 22 17 29 24 21 36 31 48 41 47 47 36 23 28 43 42 44 44 41 47 58 68 56 52 72 71 74 68 47 34 61 46 42 39 19
1 1 1 0 0 1 1 0 0 1 0 0 0 0 2 2 1 2 4 2 2 2 3 5 4 15 6 2 1 2 7 15 20 21 24 19 19 16 10 39 70 58 40 25 22 33 31 52 39 21 49 39 40 35 49 73 59 65 37 17 21 6 7 7 12 14 28 43 48 52 56 37 23 23 47 46 49 63 58 44 41 55 55 63 70 80 59 76 57 44 36 69 47 57 30 19
0 0 0 0 2 1 0 0 0 0 1 0 1 0 2 1 1 2 1 0 1 2 2 10 16 3 3 2 2 1 2 4 6 20 14 6 20 14 14 22 75 58 31 18 22 35 50 24 37 19 31 44 36 56 58 51 42 42 50 17 22 11 13 7 22 36 35 37 42 34 40 37 17 27 41 42 61 53 50 38 38 27 55 67 63 55 68 73 66 44 31 69 46 51 47 17
0 0 0 0 1 1 0 0 0 0 1 0 0 1 2 2 3 1 1 1 5 4 4 5 4 5 9 4 2 1 7 8 3 7 8 6 30 3 3 22 43 50 34 23 19 64 46 23 18 32 44 47 32 52 70 49 62 27 39 32 19 15 17 10 17 17 21 27 45 46 25 21 25 40 37 41 37 42 31 13 31 38 54 54 63 61 77 69 28 51 28 60 62 31 21 26
0 0 0 0 1 1 0 0 0 0 1 1 1 1 1 2 0 0 2 1 1 1 1 3 5 15 5 2 3 2 11 8 10 15 11 10 14 6 10 13 32 41 41 31 28 74 37 35 23 28 43 36 40 69 70 51 58 28 25 25 14 5 6 31 24 25 32 29 49 23 23 25 41 37 38 36 49 51 40 30 36 54 49 67 61 64 61 73 33 43 36 32 61 22 18 24
0 0 0 0 0 0 0 1 0 1 2 2 1 0 1 2 1 0 1 1 1 1 4 9 12 4 3 6 1 2 6 13 14 24 19 15 20 12 12 19 33 46 31 42 16 42 31 49 34 17 18 43 52 54 62 47 47 28 19 18 11 4 9 15 24 36 36 32 36 35 40 37 38 40 51 24 30 53 41 29 44 47 45 61 51 58 37 51 43 36 65 34 43 21 25 24
0 0 0 0 0 1 1 1 0 2 3 1 0 0 1 1 0 1 0 1 1 1 14 6 6 7 9 13 8 9 3 13 14 25 11 24 16 24 24 20 20 27 29 48 13 41 44 48 36 29 32 47 43 37 53 29 28 28 14 9 4 8 9 11 14 24 23 48 55 41 38 36 35 52 35 19 24 54 53 32 41 44 41 40 62 58 21 26 48 55 52 37 27 15 29 37
