sesion_6_simulaciones/modelos_agentes/ejemplos_netlogo/scenarios/echam4_b2/rob_2064.asc
NCOLS 322 
NROWS 307 
XLLCORNER 451900 
YLLCORNER 4086900 
CELLSIZE 100 
NODATA_value -9999 
[rows 222 to 295 of 307, columns 0 to 95 of 322]
8 14 23 38 31 23 36 29 5 17 19 21 41 16 14 9 7 3 4 5 13 24 27 34 22 19 16 31 49 22 16 39 51 23 47 37 21 22 29 60 28 29 44 55 48 71 51 58 62 83 82 56 42 43 41 23 32 49 32 39 46 30 20 42 27 32 16 19 12 9 7 5 2 1 1 1 0 0 0 0 0 0 0 0 0 0 1 2 3 2 1 1 2 4 10 5
15 25 18 13 15 25 27 38 23 10 12 23 28 14 7 7 8 16 19 19 23 33 20 57 36 33 27 27 29 35 21 35 28 31 57 14 15 25 29 59 49 41 35 58 25 16 29 20 21 65 74 57 58 39 32 33 20 23 37 42 32 46 21 23 36 18 15 15 17 6 3 2 1 1 0 0 0 0 0 0 0 0 0 0 0 0 1 2 4 5 2 3 5 6 1 1
17 41 50 67 45 44 35 41 27 30 39 53 23 18 14 21 18 30 16 16 56 14 29 31 30 21 18 51 31 30 26 32 22 40 28 19 28 34 27 51 46 42 40 78 71 62 53 51 47 24 33 49 35 30 22 21 21 30 28 28 30 32 18 44 42 23 13 9 6 4 2 2 1 1 0 0 0 0 0 0 0 0 0 0 1 1 1 3 9 9 3 5 9 7 1 1
31 43 42 62 61 66 31 22 15 48 46 34 20 14 15 21 6 3 2 34 18 24 52 37 25 32 28 32 23 15 24 23 31 9 13 36 25 44 25 55 39 49 60 48 48 67 55 69 71 46 27 31 22 30 15 17 20 32 23 20 27 16 11 9 13 10 6 5 3 2 2 1 1 1 0 0 0 0 0 0 0 0 0 1 1 3 4 5 19 18 14 15 5 3 2 1
7 16 20 16 29 75 50 9 32 35 48 20 33 28 5 4 2 1 11 45 12 35 46 41 25 32 19 9 22 14 23 48 31 15 23 27 41 52 26 39 57 69 71 39 53 61 61 35 69 81 35 27 12 17 17 25 19 16 17 12 8 6 8 4 3 6 8 4 2 1 1 0 1 0 0 0 0 0 0 0 0 0 1 1 1 3 9 16 24 31 17 7 5 2 1 1
19 15 23 24 31 29 16 15 16 25 42 44 48 12 3 2 13 21 42 57 22 27 40 51 37 24 27 13 17 25 9 26 56 16 14 14 25 28 69 79 43 40 30 67 43 48 69 50 42 20 34 41 34 29 28 28 29 15 14 11 8 3 4 3 3 3 3 1 1 1 1 0 0 0 0 0 0 0 0 0 0 0 1 1 1 3 13 37 27 3 2 1 1 2 1 1
17 20 21 39 27 23 28 27 18 39 34 29 25 10 15 35 42 46 47 59 23 31 34 41 11 8 26 6 18 27 8 7 21 27 13 31 20 13 55 74 64 35 56 40 84 59 36 39 40 36 26 49 45 41 41 34 16 15 7 4 3 1 0 1 2 2 1 1 1 0 0 0 0 0 0 0 0 0 0 0 0 1 1 2 4 7 9 40 18 5 4 2 1 2 1 1
6 15 33 23 23 22 38 34 29 30 32 43 28 31 29 49 39 22 48 44 27 22 17 17 6 26 8 3 19 19 7 8 12 16 38 53 38 24 17 34 46 26 22 17 43 80 59 39 35 35 30 30 29 41 48 42 19 12 3 2 1 1 1 3 3 2 0 0 1 0 0 0 0 0 0 0 0 0 0 1 2 1 3 3 9 16 18 24 9 5 6 8 3 2 1 1
18 23 20 28 34 27 47 29 36 29 17 30 23 41 26 46 42 32 26 41 9 13 13 11 11 4 8 11 9 15 5 11 8 12 17 37 30 53 29 11 29 53 40 45 59 31 39 28 21 24 20 18 31 30 25 25 24 14 11 3 3 2 1 2 2 1 0 0 0 0 0 0 0 0 0 0 0 0 1 1 3 2 7 5 5 28 52 25 12 14 17 9 2 1 1 0
9 20 23 38 23 22 30 59 16 35 18 18 25 33 22 40 33 22 17 21 10 9 9 11 7 5 6 6 4 5 4 7 27 17 15 12 48 22 33 27 12 22 66 75 80 52 25 15 32 35 33 14 22 28 20 20 14 4 6 8 3 2 1 1 1 1 0 0 0 0 0 0 0 0 0 0 1 2 3 4 7 8 10 5 4 14 43 17 10 26 18 5 2 2 1 1
6 7 24 27 21 23 19 33 17 22 17 18 21 33 23 18 33 8 10 10 3 6 1 5 3 6 3 2 4 2 6 9 12 39 24 24 16 20 29 13 22 19 19 37 39 28 27 17 31 23 33 19 17 15 14 22 10 6 2 1 2 1 0 0 0 1 1 0 0 0 0 0 0 0 0 1 1 3 6 11 17 28 15 9 6 8 21 24 25 17 6 3 1 1 2 1
2 4 16 15 11 34 26 21 21 19 23 22 11 27 16 12 13 5 6 6 7 1 1 1 3 3 1 2 5 3 4 4 5 6 4 14 8 11 14 10 18 32 58 37 34 17 21 8 12 12 19 14 14 16 17 9 7 2 1 0 1 2 1 1 1 1 1 1 0 0 0 0 0 1 1 1 2 7 8 21 39 35 25 25 11 13 47 51 32 13 8 4 3 3 2 1
2 1 2 9 8 21 32 35 46 10 15 20 4 12 5 7 14 4 4 3 5 3 1 1 4 1 1 4 7 14 15 3 8 8 18 24 27 30 23 32 44 48 53 62 58 57 57 27 28 42 29 15 13 10 7 7 3 1 1 2 1 4 4 2 1 0 0 0 0 0 0 1 1 1 1 1 2 7 12 25 27 48 39 41 29 59 39 38 20 22 15 12 6 4 2 1
1 1 3 4 6 11 10 16 9 18 17 10 2 3 2 2 7 1 2 2 1 2 1 4 1 1 1 4 8 5 36 48 36 31 56 37 41 28 35 32 47 57 51 72 45 29 28 8 17 31 42 27 13 7 6 5 5 4 8 4 2 2 1 2 1 0 0 0 0 0 1 1 2 1 2 2 2 5 17 29 54 43 51 46 63 45 46 41 15 15 34 20 12 4 3 4
0 1 1 1 2 6 8 10 8 9 7 6 1 3 1 2 3 1 1 0 0 1 1 1 1 1 6 10 9 5 11 30 70 46 63 86 84 67 67 55 27 66 72 63 76 63 63 37 31 36 28 22 22 8 8 16 13 7 4 2 2 4 3 1 0 0 0 0 0 0 0 1 3 5 4 3 4 3 9 12 52 69 66 33 28 75 41 44 38 39 20 20 13 8 4 4
0 0 0 1 1 5 3 11 9 11 3 1 2 0 1 2 1 19 1 2 13 7 3 1 1 1 1 3 3 7 11 10 17 67 50 81 85 81 80 71 63 38 77 78 80 58 69 45 31 30 17 13 6 7 3 2 4 4 3 2 1 1 0 0 0 0 0 0 0 0 1 1 2 6 7 4 4 7 10 12 41 67 59 23 58 59 45 64 61 34 33 24 18 9 13 8
0 0 1 2 5 1 3 5 6 7 2 2 1 0 0 0 0 0 3 4 5 15 11 3 2 1 2 2 4 7 8 14 18 22 15 51 86 59 80 48 58 56 55 71 68 60 40 22 49 39 26 21 23 17 9 5 4 3 2 2 1 0 0 0 0 0 0 0 0 0 1 2 3 9 21 10 7 11 23 27 52 70 43 38 57 25 12 23 33 14 12 21 14 13 7 3
0 0 0 0 0 1 2 3 3 2 2 1 0 0 0 1 0 0 0 2 2 1 20 11 2 0 3 9 6 9 13 9 17 30 16 23 57 69 69 66 65 55 61 52 56 66 59 33 14 34 31 26 19 21 15 5 3 1 1 1 0 0 0 1 0 0 0 0 0 0 1 1 4 6 16 26 12 12 15 50 58 81 36 41 69 30 28 22 15 9 8 12 12 7 2 1
0 0 0 0 0 0 1 1 1 1 1 1 0 0 0 0 1 0 1 5 1 1 1 8 11 2 5 9 12 15 26 20 25 38 33 28 25 61 47 55 29 36 26 39 38 38 12 39 23 20 24 15 12 16 12 10 7 4 2 3 1 1 1 0 0 0 0 0 1 1 2 3 4 7 8 32 45 22 42 40 74 67 59 77 33 36 37 31 35 32 15 16 11 6 2 1
0 0 0 0 0 0 0 1 0 1 1 0 0 0 0 0 1 2 3 2 1 1 1 13 7 5 6 3 2 6 14 18 25 30 33 41 23 23 25 19 33 21 10 12 20 29 24 29 14 12 17 13 10 7 6 6 4 3 2 1 1 0 0 0 0 0 0 1 2 2 3 4 8 7 11 13 65 21 25 62 74 55 62 70 62 52 38 63 54 16 14 9 5 2 1 1
0 0 0 0 0 0 0 0 0 0 0 0 0 0 0 0 0 1 4 4 2 1 1 3 4 4 3 12 3 14 30 19 20 31 30 45 42 25 18 10 10 17 23 21 31 30 20 11 12 16 12 9 7 8 5 5 4 1 1 1 0 0 0 0 0 0 1 1 2 3 6 3 2 9 37 32 61 41 44 64 73 69 53 61 45 29 29 52 38 27 9 6 4 2 1 0
0 0 0 0 0 0 0 0 0 0 0 0 2 3 6 4 1 1 1 1 2 2 2 7 17 12 10 9 11 11 21 28 30 37 34 47 46 63 45 19 21 13 14 13 15 13 14 8 5 10 7 10 9 6 3 3 2 1 1 1 0 0 0 0 0 1 2 2 2 4 7 7 4 12 31 22 53 71 50 65 67 70 70 67 45 56 38 40 35 25 13 8 3 2 1 1
0 0 0 0 0 0 0 0 0 0 0 1 0 0 1 8 2 1 1 1 2 3 3 4 3 5 16 31 38 30 29 31 40 50 50 44 49 57 66 61 30 21 21 26 25 15 8 10 14 9 14 14 5 3 5 3 3 2 1 1 0 0 0 0 0 1 2 4 8 11 9 11 7 14 50 29 14 59 86 62 70 72 65 57 45 32 10 24 33 20 9 3 3 2 3 2
0 0 0 0 0 0 0 0 0 0 1 2 1 0 1 0 0 0 1 1 2 5 3 4 9 8 3 13 14 46 53 52 60 68 56 42 58 70 73 61 36 34 28 37 35 37 18 32 16 8 3 3 5 5 1 2 1 1 0 1 1 0 0 1 1 2 3 8 14 16 15 22 16 22 48 60 21 50 68 61 60 42 31 19 25 35 16 19 19 11 8 5 5 4 3 2
0 0 0 0 0 0 0 0 0 0 0 0 0 1 2 1 1 1 1 2 5 2 3 7 4 12 8 3 3 34 26 66 82 61 59 62 50 54 67 67 60 63 48 31 42 50 24 24 18 9 7 7 3 4 2 1 1 2 2 1 0 0 1 1 2 2 3 11 14 28 24 37 19 19 43 64 54 37 70 43 31 20 33 24 21 10 8 12 23 19 8 6 6 6 4 1
0 0 0 0 0 0 0 0 0 0 0 0 0 1 0 0 1 3 1 3 2 2 5 4 4 9 17 8 7 6 9 8 49 54 46 44 35 56 50 36 33 24 21 18 28 44 22 17 13 12 8 5 2 1 1 2 2 2 1 1 0 0 0 1 1 4 9 11 13 22 50 33 43 19 23 58 51 75 47 32 38 26 25 25 31 14 18 20 15 7 8 12 12 6 3 1
0 0 0 0 0 0 0 0 0 0 0 1 1 0 0 1 1 3 2 1 1 1 1 3 3 5 10 10 24 25 14 25 29 21 11 22 32 41 26 33 19 19 10 15 16 18 16 21 9 7 6 5 5 4 1 1 2 3 2 1 0 0 0 1 1 4 3 4 6 8 22 53 67 24 15 42 31 68 31 44 26 26 17 27 29 26 20 9 17 13 14 18 7 4 2 1
0 0 0 0 0 0 0 0 0 0 0 1 0 0 1 1 3 2 6 1 1 1 2 3 6 7 24 23 11 11 9 12 28 36 26 21 40 47 41 35 38 31 47 38 21 19 19 20 16 8 3 4 4 2 3 2 2 1 1 0 0 0 0 1 2 3 6 14 12 7 14 23 45 56 33 29 64 52 43 35 18 33 33 23 12 25 28 21 28 31 14 11 4 3 2 2
0 0 0 0 0 0 0 0 0 0 0 0 0 0 1 2 4 1 2 1 2 2 2 3 34 45 30 14 32 46 39 23 40 39 35 34 43 59 48 45 54 41 31 30 27 23 34 36 20 12 12 8 9 9 4 2 1 1 1 0 0 0 0 1 3 5 11 21 23 14 9 12 31 53 62 36 72 51 52 53 46 29 38 44 36 32 42 32 24 29 25 10 7 5 2 2
0 0 0 0 0 0 0 0 0 0 0 1 1 0 2 3 7 4 1 5 2 3 5 10 29 54 53 28 15 25 29 28 19 21 31 26 29 39 37 61 68 42 47 44 53 46 37 38 23 16 17 18 11 5 5 3 3 1 1 0 0 1 1 2 4 9 25 23 15 17 16 24 30 27 20 71 72 51 43 42 31 37 56 49 50 56 49 55 39 31 13 8 6 4 3 2
0 0 0 0 0 0 0 0 0 2 6 1 0 1 3 1 1 2 1 2 2 5 8 34 39 15 37 34 28 46 47 37 20 13 18 18 33 42 53 52 41 41 70 63 66 57 35 20 15 12 5 9 10 5 3 2 1 1 1 0 0 1 1 3 7 13 25 26 25 35 33 30 56 60 48 51 68 59 33 41 43 55 53 35 47 48 44 31 38 16 8 6 9 5 3 2
0 0 0 0 0 0 0 1 4 2 10 8 1 1 4 2 2 0 1 1 1 2 3 23 7 10 25 49 50 66 83 42 54 36 22 13 26 68 54 56 65 20 24 11 16 31 17 25 13 13 10 11 9 7 2 1 1 1 1 0 0 1 1 3 10 27 25 26 18 53 73 29 61 76 77 61 47 48 44 29 40 38 44 60 50 43 29 26 27 20 18 18 12 8 3 1
0 0 0 0 0 0 0 0 0 1 0 0 1 2 2 2 4 1 1 1 2 2 6 14 4 3 4 31 32 26 45 78 50 61 56 52 50 50 43 46 57 56 43 49 47 28 31 39 23 20 16 7 5 4 3 2 2 2 1 0 1 2 5 8 15 22 29 27 25 21 50 74 43 66 74 72 59 37 55 45 59 61 44 35 45 43 29 20 23 36 27 19 8 4 3 1
0 0 0 0 0 0 0 0 1 1 1 2 1 2 2 2 5 2 1 3 4 3 6 23 7 1 7 5 17 26 12 22 57 48 64 62 41 15 16 16 34 39 36 46 57 58 38 20 31 24 13 16 13 6 3 5 2 2 2 0 1 3 8 16 30 38 27 23 51 46 33 28 68 74 59 72 54 51 74 71 29 28 31 39 37 27 39 28 31 15 13 6 3 3 1 1
0 0 0 0 0 0 0 0 0 0 1 1 0 2 1 1 2 0 1 1 1 9 9 25 17 5 7 12 19 16 16 7 6 14 17 17 17 17 17 13 10 17 16 22 44 45 28 41 35 28 23 17 12 9 9 6 5 2 2 0 2 5 10 23 37 39 32 43 44 67 51 48 30 31 50 55 72 64 43 48 42 56 52 60 50 38 51 43 20 10 8 7 4 1 1 1
0 0 0 0 0 0 0 0 0 0 1 1 1 1 1 2 3 1 1 1 2 10 15 20 8 1 8 20 14 27 28 10 34 43 47 43 39 34 35 17 14 17 49 57 57 37 41 35 36 36 30 20 16 12 8 7 5 2 1 0 1 4 17 32 31 51 37 49 50 40 81 61 48 35 20 65 48 67 56 55 60 73 71 63 51 60 43 33 16 10 8 6 3 2 2 3
0 0 0 0 0 0 0 0 0 0 0 1 6 7 5 11 6 1 1 1 6 8 15 14 8 19 4 17 19 31 18 36 37 25 31 35 29 31 16 26 53 63 37 39 31 43 35 31 40 31 34 26 17 13 10 9 3 2 1 1 1 2 9 30 63 55 38 54 48 41 38 54 65 20 15 30 72 79 76 67 64 64 65 70 62 43 45 27 37 17 8 4 2 3 2 9
0 0 0 0 0 0 0 0 0 0 1 1 4 8 8 2 1 0 0 2 5 6 12 24 23 10 13 16 12 14 20 61 27 26 34 38 38 26 37 40 65 57 55 52 53 54 51 42 53 40 36 26 20 14 12 5 3 2 2 1 1 2 9 22 54 48 62 67 55 71 66 66 62 30 31 47 66 61 67 58 59 57 56 60 49 41 39 41 41 29 9 7 5 6 5 14
0 0 0 0 0 0 0 0 0 1 2 2 2 33 5 1 2 1 1 3 4 5 10 6 5 5 27 7 16 13 36 26 38 46 36 38 39 43 53 48 38 55 59 66 62 65 55 61 52 28 23 20 16 17 16 7 5 3 2 1 2 4 9 21 43 42 40 59 76 62 76 64 64 33 55 59 64 66 49 48 54 55 44 37 37 37 34 31 26 24 18 13 5 11 15 16
0 0 0 0 0 0 0 0 0 1 1 1 1 2 1 0 1 1 2 2 3 10 12 5 4 13 8 12 21 41 49 42 40 42 33 38 51 52 58 52 57 71 71 56 51 66 66 61 42 36 28 24 17 12 10 12 9 4 2 1 2 6 11 23 32 45 38 44 68 82 74 67 57 82 69 46 34 41 51 54 49 53 53 49 36 43 25 40 25 18 18 13 6 14 16 15
0 0 0 0 0 0 0 0 1 0 0 1 0 0 0 0 1 1 1 2 4 4 5 12 11 6 7 22 44 16 14 16 37 33 41 49 52 52 52 52 57 67 55 58 70 64 66 66 40 38 29 23 19 9 10 11 5 5 4 1 1 3 17 30 47 43 42 39 40 42 54 55 58 68 18 39 41 41 37 41 41 41 37 57 48 46 40 35 22 21 19 9 9 19 18 26
0 0 0 0 0 0 0 0 1 1 1 1 1 1 1 1 0 0 1 3 6 3 20 25 8 9 12 25 14 15 17 24 30 28 39 47 50 51 43 70 59 49 51 64 36 54 69 68 62 52 21 20 16 19 17 9 6 7 4 1 1 3 7 25 38 45 75 55 57 53 48 29 44 63 46 50 54 42 41 41 49 45 52 51 49 20 22 16 20 33 20 6 13 30 34 33
0 0 0 0 0 0 0 0 1 2 1 0 0 1 1 1 1 0 1 4 4 15 12 5 7 16 10 11 12 16 23 23 18 26 33 57 37 37 57 50 44 66 73 43 61 61 60 63 50 31 23 31 27 24 20 17 14 9 5 2 1 3 11 19 32 57 73 84 54 61 49 31 33 70 73 38 46 54 58 39 38 44 54 47 33 14 32 29 21 14 8 3 18 35 37 35
0 0 0 0 0 0 0 1 2 2 0 0 0 0 0 0 1 0 1 3 3 4 2 4 12 4 3 8 12 16 33 25 19 29 39 46 41 57 64 62 47 42 47 59 55 60 47 50 44 40 36 44 38 19 18 16 16 7 6 3 2 5 9 22 42 51 68 77 69 67 51 51 57 72 45 39 37 39 49 53 39 71 57 33 40 45 34 25 13 6 4 10 25 37 37 41
0 0 0 0 0 0 0 0 1 0 0 0 0 0 1 1 2 1 3 1 2 1 1 3 4 7 8 13 23 19 19 14 17 24 49 33 69 65 65 38 28 29 39 57 65 59 57 58 57 52 48 41 29 18 14 12 10 9 9 6 3 8 15 30 53 56 50 49 68 78 69 32 43 71 38 43 65 63 61 68 62 48 46 45 47 47 22 22 11 8 8 22 30 35 28 41
0 0 0 0 0 0 0 0 0 0 0 0 0 1 1 1 1 1 3 3 4 4 1 4 5 11 13 14 13 8 13 16 20 25 63 32 21 12 14 31 33 53 66 70 70 65 58 59 44 57 38 33 35 20 20 11 10 10 9 8 5 15 26 31 57 56 50 30 49 69 67 45 57 66 40 25 45 71 71 68 68 40 49 49 45 44 21 17 26 11 23 30 16 41 41 43
0 0 0 0 0 0 0 0 0 1 0 0 1 0 0 0 0 4 2 2 2 4 3 3 10 8 9 13 9 11 20 22 15 62 19 14 34 40 41 41 58 67 62 68 71 73 67 61 47 48 43 40 36 33 26 21 19 12 10 5 11 20 40 68 63 59 46 50 56 58 68 40 46 56 68 46 49 51 67 70 58 62 47 50 48 36 25 8 11 23 24 16 25 33 60 45
0 0 0 0 0 0 0 0 0 0 1 0 0 0 0 0 1 2 1 3 2 4 3 3 6 8 8 10 13 11 20 21 27 23 6 21 26 33 47 79 57 56 67 70 70 72 60 54 47 37 42 41 41 25 30 17 23 21 11 13 17 36 33 56 59 54 48 57 59 49 75 65 47 66 61 49 55 57 55 54 63 52 41 40 43 27 13 5 10 32 17 28 37 37 60 42
0 0 0 0 0 0 0 0 0 0 0 0 0 0 0 0 1 1 1 4 11 5 1 2 12 6 13 12 7 10 29 59 29 5 10 30 23 54 62 59 59 69 69 54 59 61 61 59 45 48 44 44 42 37 35 31 27 24 16 17 20 24 32 38 59 73 58 74 73 59 51 48 55 57 68 69 51 47 41 42 48 44 39 44 38 23 10 6 25 29 31 49 56 44 51 40
0 0 0 0 0 0 0 0 0 0 0 0 0 0 0 1 1 1 2 4 3 1 3 6 1 8 7 5 17 18 40 22 6 10 33 15 34 27 41 70 75 55 45 77 71 51 58 61 57 52 48 47 44 41 39 34 30 19 19 23 25 42 30 32 32 56 75 75 71 68 76 72 48 61 46 44 31 38 51 57 43 47 36 45 39 11 8 24 23 34 48 54 49 32 47 46
0 0 0 0 0 0 0 0 0 0 0 0 0 0 0 2 0 0 0 1 1 2 5 2 1 4 2 4 26 20 20 4 6 12 27 46 29 35 54 62 62 54 62 35 51 46 59 71 57 55 52 50 48 43 42 40 24 14 26 41 31 46 42 43 42 53 58 82 60 57 35 60 42 30 29 44 54 44 40 41 42 31 48 37 16 9 18 26 35 31 36 47 60 48 48 45
0 0 0 0 0 0 0 0 0 0 0 0 0 0 0 2 1 0 1 0 3 2 2 0 3 6 3 10 29 12 10 4 7 9 39 49 42 36 41 48 49 59 48 38 44 75 63 59 56 69 57 51 50 46 45 40 25 17 38 44 60 65 49 50 41 54 64 65 74 51 39 31 38 47 41 59 46 48 42 45 34 40 27 17 11 18 33 38 33 51 48 35 36 45 38 33
0 0 0 0 0 0 0 0 0 0 0 0 0 0 1 1 0 0 1 2 1 2 1 2 9 3 3 14 11 8 11 7 18 28 47 36 32 36 30 25 28 49 63 58 64 55 61 63 71 58 57 68 33 48 44 30 16 37 50 50 73 68 50 62 46 36 46 74 71 26 62 35 33 47 50 51 48 49 50 40 34 41 20 23 18 32 39 42 36 39 48 35 35 44 49 40
0 0 0 0 0 0 0 0 0 0 0 0 0 1 0 0 0 1 1 2 1 1 1 2 4 3 3 14 3 4 7 7 22 32 37 35 22 30 25 32 44 49 55 71 55 55 56 74 59 58 72 59 55 52 35 31 18 36 62 61 62 71 55 63 63 45 47 51 75 24 29 59 60 43 44 47 59 48 57 56 40 36 14 13 20 36 46 51 55 51 47 47 34 39 57 45
0 0 0 0 0 0 0 0 0 0 0 0 0 0 0 0 1 0 0 1 1 1 3 2 3 4 4 2 2 4 9 14 25 32 9 6 28 22 29 27 33 46 56 67 67 53 74 52 71 74 56 55 57 54 38 33 21 36 62 66 59 67 48 49 65 41 62 35 53 25 26 55 30 51 52 50 49 54 71 50 47 16 13 20 33 37 46 52 40 27 36 56 27 30 47 63
0 0 0 0 0 0 0 0 0 0 0 0 0 0 0 0 0 0 0 0 0 1 2 2 1 3 2 1 3 3 7 3 14 9 5 15 11 14 18 39 45 51 58 63 54 39 62 70 67 60 64 55 56 55 52 34 34 38 65 76 70 66 57 44 62 58 28 34 66 23 40 40 37 44 44 43 56 34 35 40 19 13 18 35 36 43 52 50 30 33 45 27 17 20 31 61
0 0 0 0 0 0 0 0 0 0 0 0 0 0 0 1 1 0 0 0 0 1 1 1 2 3 1 6 7 7 16 15 13 6 4 6 16 15 17 18 23 48 38 45 58 33 28 29 48 52 64 59 55 55 40 24 40 52 64 65 82 72 48 46 51 56 44 17 40 6 10 21 33 44 50 58 59 58 49 49 23 13 23 35 36 61 65 54 39 36 42 41 35 19 27 46
0 0 0 0 0 0 0 0 0 0 0 0 1 0 0 1 1 0 1 0 1 2 1 2 3 2 2 1 1 2 10 3 4 3 5 12 6 9 11 13 39 39 29 45 28 34 38 51 53 66 56 61 59 42 38 25 38 53 66 65 70 50 50 53 57 28 30 30 32 10 14 18 20 15 38 50 49 50 34 32 15 22 35 36 41 63 56 27 37 49 31 44 23 24 30 50
0 0 0 0 0 0 0 0 0 0 0 0 1 1 1 2 1 0 1 1 2 1 1 2 2 1 0 1 1 3 5 2 2 6 14 9 16 12 15 29 25 32 49 29 33 36 54 52 63 52 53 55 58 41 19 38 43 74 64 64 60 62 48 64 57 32 20 39 19 11 21 40 42 53 58 52 45 23 20 11 16 35 35 38 42 66 62 21 23 45 31 51 26 26 30 66
0 0 0 0 0 0 0 0 0 0 0 0 1 1 0 0 0 0 0 2 1 1 1 1 3 2 0 1 1 4 2 1 3 10 18 8 10 13 21 11 36 33 24 38 34 49 53 65 65 57 67 54 41 42 27 42 46 66 75 54 57 60 39 27 47 45 17 21 22 33 40 29 36 41 33 44 36 25 11 28 24 35 40 54 45 61 64 31 33 33 18 55 28 27 30 44
0 0 0 2 2 1 0 0 0 0 0 0 0 0 1 0 0 0 1 1 2 1 1 0 1 1 0 1 1 4 2 2 19 13 5 5 8 12 15 23 49 37 48 26 38 59 64 50 51 70 61 45 41 41 27 54 67 57 61 69 53 54 54 27 53 47 20 16 18 31 24 28 47 38 44 28 34 33 21 39 39 37 42 53 42 44 49 42 47 31 28 55 28 28 24 39
1 1 2 1 2 6 1 0 0 0 0 0 0 0 0 0 0 1 2 1 0 1 1 0 1 2 0 0 1 2 3 15 6 2 5 6 4 3 17 18 30 18 56 41 46 63 35 46 62 58 46 45 39 39 38 56 62 63 58 65 44 42 43 32 25 37 18 6 15 42 27 39 45 50 41 42 45 43 29 38 38 49 42 50 37 32 43 42 39 33 30 55 27 21 28 37
0 1 1 0 0 1 1 1 0 0 0 0 0 0 0 0 0 1 1 1 0 0 1 0 2 4 1 1 2 3 10 16 5 6 8 2 2 3 8 20 15 26 42 46 47 45 48 47 54 51 43 42 35 39 44 44 55 72 56 46 57 24 32 33 18 13 4 3 3 14 27 52 53 45 36 37 32 16 25 33 35 49 44 50 36 45 54 56 43 37 27 42 41 14 30 38
0 0 0 0 0 0 0 0 0 0 0 0 0 0 0 0 0 1 0 0 0 0 0 0 2 1 0 0 1 2 1 2 5 4 4 5 3 2 27 7 13 9 38 27 52 36 41 31 52 53 36 36 32 33 41 58 54 70 59 51 39 31 23 21 4 4 9 18 13 19 27 40 40 27 27 25 14 21 35 32 34 48 51 31 43 41 51 53 39 38 25 37 39 15 17 44
0 0 0 0 0 0 0 0 0 0 0 0 0 0 0 0 0 0 0 0 0 1 1 1 2 1 0 0 1 1 1 4 5 4 7 5 9 3 26 11 2 11 40 30 43 37 41 54 47 45 40 34 33 53 55 46 56 51 51 26 28 29 11 11 8 6 10 21 18 14 37 44 58 55 46 16 20 21 33 44 50 35 47 31 42 54 50 47 34 37 23 31 42 34 12 23
0 0 0 0 0 0 0 0 0 0 0 0 0 0 0 0 0 1 0 1 2 1 1 2 4 2 0 1 0 2 2 2 3 11 4 7 9 5 48 22 4 18 9 37 32 27 50 27 41 41 30 34 29 49 64 44 44 42 44 39 15 17 12 7 8 4 7 9 14 11 32 44 53 67 35 20 23 32 29 48 47 44 40 41 27 50 48 50 38 41 14 32 25 26 17 12
0 0 0 0 0 0 0 0 0 0 0 0 0 0 0 0 0 1 0 0 1 2 1 2 2 0 0 0 0 2 3 1 2 4 7 11 5 6 23 23 9 20 9 38 25 20 28 19 34 34 40 27 27 37 45 73 29 30 23 17 17 6 7 6 3 4 11 9 13 14 36 43 28 51 25 16 34 32 30 32 46 43 39 35 34 50 45 58 40 33 19 33 30 13 17 9
0 0 0 0 0 0 0 0 0 0 0 0 0 0 0 0 0 0 0 0 0 0 0 0 0 0 0 0 0 1 2 3 4 3 5 7 4 3 4 37 13 17 17 30 8 26 19 29 34 22 31 23 25 23 46 44 43 24 14 6 9 4 3 5 4 4 8 8 20 19 28 38 34 24 21 33 32 33 31 27 32 42 49 34 30 50 47 51 45 25 15 39 23 22 20 8
0 0 0 0 0 0 0 0 0 0 0 0 0 0 0 0 0 0 0 0 0 0 0 0 1 2 1 0 0 0 1 3 4 4 4 4 4 3 2 17 33 24 18 10 8 13 13 27 20 10 27 21 22 17 29 45 31 26 9 3 4 1 1 1 2 2 6 13 22 31 44 32 23 16 36 33 34 48 42 28 25 36 34 39 44 56 30 48 30 19 15 46 22 31 14 8
0 0 0 0 0 0 0 0 0 0 0 0 0 0 0 0 0 0 0 0 0 0 0 1 2 0 0 0 0 0 0 1 1 4 3 1 4 3 3 7 43 27 9 6 7 14 23 9 18 8 13 23 16 32 31 19 14 12 12 3 4 1 2 1 3 7 9 13 21 21 33 34 11 16 26 25 43 33 30 21 20 13 32 42 34 25 34 37 31 16 10 41 19 24 23 6
0 0 0 0 0 0 0 0 0 0 0 0 0 0 0 0 0 0 0 0 0 0 0 1 0 1 1 1 0 0 1 1 0 1 1 1 7 1 0 6 15 18 10 6 6 37 21 8 7 14 21 22 13 26 39 17 22 6 9 5 3 2 2 1 2 3 4 10 25 37 21 13 14 24 20 24 21 22 15 6 14 19 30 26 30 28 41 27 6 17 7 26 28 11 7 9
0 0 0 0 0 0 0 0 0 0 0 0 0 0 0 0 0 0 0 0 0 0 0 0 1 2 1 0 0 0 2 1 1 2 2 2 3 1 2 3 12 11 12 9 8 51 14 13 8 11 17 14 16 38 35 14 19 6 4 3 2 1 1 4 4 5 9 12 40 19 13 14 24 21 21 20 28 28 20 13 16 29 23 33 25 25 20 28 6 12 9 8 26 6 5 7
0 0 0 0 0 0 0 0 0 0 0 0 0 0 0 0 0 0 0 0 0 0 0 1 1 1 0 1 0 0 1 2 2 4 3 3 4 2 2 4 12 16 7 13 4 15 10 20 12 5 6 17 25 21 26 12 10 4 3 3 2 0 1 2 4 8 11 16 19 19 21 20 20 22 31 11 14 29 19 12 21 21 17 27 16 17 7 13 8 6 21 7 13 5 7 6
0 0 0 0 0 0 0 0 0 0 0 0 0 0 0 0 0 0 0 0 0 0 1 1 1 1 1 2 1 1 0 2 2 4 1 4 3 4 4 4 6 7 6 12 2 13 15 19 13 10 11 19 15 11 15 5 6 5 2 1 0 1 1 1 2 5 6 21 29 19 18 17 16 29 17 8 10 28 25 12 17 16 13 13 21 15 3 4 10 12 13 7 6 3 7 10
