sesion_6_simulaciones/modelos_agentes/ejemplos_netlogo/scenarios/echam4_b2/rob_2065.asc
NCOLS 322 
NROWS 307 
XLLCORNER 451900 
YLLCORNER 4086900 
CELLSIZE 100 
NODATA_value -9999 
[rows 222 to 295 of 307, columns 96 to 191 of 322]
2 1 1 0 0 0 0 0 0 0 0 0 0 0 0 0 0 0 0 0 0 0 0 0 0 0 1 2 1 0 1 1 1 2 0 0 0 0 0 0 0 0 1 1 2 4 6 15 21 26 29 31 36 44 42 46 50 59 73 71 75 81 54 70 41 53 43 38 40 37 24 26 17 21 33 34 38 18 17 15 39 32 28 25 25 14 35 53 62 40 33 34 21 13 18 9
1 1 0 0 0 0 0 0 0 0 0 0 0 0 0 0 0 0 0 0 0 0 0 0 0 0 0 1 4 1 1 2 3 1 0 0 0 0 0 0 0 0 1 1 2 3 5 8 14 17 26 19 27 35 48 69 73 49 30 38 42 44 35 44 73 24 25 25 46 38 26 43 17 22 36 29 33 14 26 38 39 75 43 34 28 28 20 21 51 75 58 52 47 25 17 15
1 0 0 0 0 0 0 0 0 0 0 0 0 0 0 0 0 0 0 0 0 0 0 0 1 0 0 1 3 2 2 3 1 1 0 0 0 0 0 0 0 0 1 1 1 2 3 5 11 16 19 24 43 27 48 69 38 32 32 30 12 36 35 34 29 47 14 38 42 34 48 43 12 19 20 27 21 20 34 44 32 25 52 53 29 34 37 21 17 53 82 64 57 35 33 24
1 0 0 0 0 0 0 0 0 0 0 0 0 0 0 0 0 0 0 0 1 0 0 0 1 1 1 2 3 9 5 1 0 0 0 0 0 0 0 0 0 0 0 1 1 2 3 4 9 12 15 19 38 37 23 20 23 24 23 17 43 62 37 38 48 81 66 39 40 36 52 44 25 20 31 37 29 27 37 52 43 24 9 23 58 61 36 34 29 25 62 60 48 40 24 16
1 0 0 0 0 0 0 0 0 0 0 0 0 0 0 0 0 0 0 1 2 1 1 0 1 2 3 2 5 8 2 1 0 0 0 0 0 0 0 0 0 0 0 0 1 2 3 6 8 9 19 31 29 27 29 28 40 32 24 32 16 26 50 43 47 85 55 60 26 49 39 41 29 16 38 45 34 19 35 71 35 34 46 32 34 20 24 39 36 43 23 31 39 24 13 13
0 0 0 0 0 0 0 0 0 0 0 0 0 0 0 0 0 0 0 0 0 2 1 1 1 2 6 8 6 4 1 1 1 0 0 0 0 0 0 0 0 0 1 1 1 2 3 5 7 10 13 14 11 19 21 29 50 44 40 22 23 36 34 46 68 49 40 57 73 46 30 39 45 11 14 26 26 33 58 26 73 58 76 51 70 39 55 45 31 21 19 34 24 16 9 5
1 0 0 0 0 0 0 0 0 0 0 0 0 0 0 0 0 0 0 0 1 0 2 5 1 2 5 10 7 2 2 1 1 0 0 0 0 0 0 0 0 0 0 1 1 2 2 4 8 9 17 17 22 24 21 35 45 70 40 35 24 45 59 75 54 45 45 46 29 40 51 24 20 11 12 25 38 33 74 53 23 19 37 63 46 51 42 43 26 29 23 16 11 14 12 13
0 0 0 0 0 0 0 0 0 0 0 0 0 0 0 0 0 1 1 0 1 1 1 3 2 3 4 22 10 4 6 4 1 1 1 0 0 0 0 0 0 0 1 1 1 1 1 2 6 9 11 12 16 14 33 41 27 25 21 37 23 22 28 42 27 13 24 34 23 30 12 30 24 17 23 12 15 47 30 40 30 23 28 41 25 28 39 47 24 27 13 7 10 7 7 7
0 0 0 0 0 0 0 0 0 0 0 0 0 0 0 0 0 0 1 1 2 2 1 1 8 2 2 11 21 21 6 3 2 1 0 0 0 0 0 0 1 1 0 1 1 2 2 2 3 4 5 7 11 15 25 16 18 17 21 21 24 23 25 30 33 43 46 53 37 33 44 46 23 13 20 30 10 41 31 41 45 40 36 59 38 18 26 18 15 21 10 6 5 7 6 4
0 0 0 0 0 0 0 0 0 0 0 0 0 0 0 0 0 0 1 1 2 3 3 3 4 6 3 5 22 19 8 3 2 1 0 0 0 0 0 1 1 1 2 1 2 2 2 3 4 6 7 9 10 11 7 9 8 9 8 9 10 9 10 31 41 41 22 40 40 35 33 25 22 12 13 27 27 27 37 61 48 46 48 53 40 34 19 18 14 15 13 8 4 4 5 2
0 0 0 0 0 0 0 0 0 0 0 0 0 0 0 0 0 0 1 2 3 2 1 3 11 7 5 6 15 18 11 6 1 1 0 0 0 0 0 0 1 1 2 5 3 3 2 5 10 13 19 16 9 7 6 9 8 10 19 21 15 23 19 16 13 15 21 20 24 35 47 53 49 14 13 14 40 34 47 42 36 43 48 42 39 58 43 25 17 10 7 5 6 3 3 1
1 0 0 0 0 0 0 0 0 0 0 0 0 0 0 0 0 0 1 2 2 5 1 4 4 11 11 15 23 22 12 7 2 1 0 0 0 0 1 1 1 2 2 3 5 10 6 3 8 16 21 31 20 11 13 16 29 30 34 48 39 34 28 21 27 45 26 23 19 29 49 57 54 44 24 44 62 30 57 35 65 62 45 57 42 36 41 36 46 16 7 4 4 2 1 1
1 0 0 0 0 0 0 0 0 0 0 0 0 0 0 0 0 1 1 1 3 3 2 2 4 6 24 19 13 10 6 4 1 0 0 0 0 1 1 1 1 2 3 4 4 7 7 17 9 13 17 19 19 29 24 32 34 40 57 48 32 33 41 29 21 17 26 36 17 21 10 13 12 8 33 12 25 68 40 31 13 30 68 59 40 41 55 28 34 13 16 7 2 3 2 2
2 1 1 0 0 0 0 0 0 0 0 0 0 0 0 0 0 0 0 2 4 4 6 2 3 7 10 27 11 5 3 1 0 0 0 0 0 1 1 2 2 3 4 4 6 9 11 13 18 14 20 20 27 49 28 30 39 41 41 48 44 57 49 45 33 18 27 33 45 27 23 20 22 13 60 24 12 17 23 23 14 6 61 70 52 52 59 59 31 26 19 14 8 10 3 1
1 1 1 0 0 0 0 0 0 0 0 0 1 0 0 0 0 0 0 1 2 5 13 6 3 9 10 30 14 7 2 1 0 0 0 1 1 1 1 2 2 3 4 6 9 12 22 17 22 36 29 40 37 37 39 32 35 38 61 52 52 49 39 54 57 29 20 25 28 22 47 27 15 24 26 38 27 44 45 30 30 21 15 54 53 61 70 53 27 18 8 8 7 2 1 2
6 2 1 0 0 0 0 0 0 0 0 1 1 1 0 0 0 1 0 1 3 7 6 11 3 5 10 20 14 8 5 2 1 0 0 1 1 1 2 2 2 4 4 8 14 18 35 30 22 16 44 63 71 44 43 20 34 34 57 45 67 53 39 33 35 29 14 28 18 49 17 19 18 21 12 13 18 25 28 26 23 22 25 25 45 33 17 36 28 14 11 4 2 2 2 1
2 1 0 0 0 0 0 0 0 0 0 0 1 2 1 1 0 1 1 1 3 5 8 14 7 8 15 27 19 12 9 3 1 0 0 1 2 1 2 3 4 4 6 14 18 27 35 37 38 30 34 51 56 55 45 20 32 38 26 49 65 55 17 57 19 34 28 23 17 33 19 6 14 24 29 29 30 42 51 46 55 29 30 28 24 15 25 21 14 16 6 3 3 2 1 1
1 0 0 0 0 0 0 0 0 0 0 0 1 3 3 1 0 1 3 5 5 3 11 27 17 14 23 27 18 20 9 3 2 1 0 1 2 2 2 2 6 6 9 14 20 34 36 41 42 47 38 50 66 65 50 20 31 40 48 39 47 48 14 37 37 32 39 16 24 20 10 14 24 20 17 15 16 29 40 18 40 49 50 27 31 19 14 18 10 5 4 4 4 3 3 1
0 0 0 0 0 0 0 0 0 1 1 1 1 4 5 3 1 2 3 12 10 4 10 26 25 10 6 54 40 15 8 4 2 1 0 1 3 3 2 5 7 12 10 16 27 25 44 46 49 60 44 59 64 48 52 18 28 37 38 50 41 38 37 33 35 36 31 29 20 14 16 19 20 23 18 16 17 34 36 26 29 31 59 57 33 39 31 13 6 4 3 2 3 2 1 1
0 0 0 0 0 0 0 0 1 1 3 2 1 3 7 6 2 1 4 9 14 8 11 25 41 13 15 53 25 23 17 6 2 0 0 2 3 2 6 4 10 16 14 21 23 27 54 52 55 59 58 51 43 53 75 35 19 40 51 37 24 21 20 43 40 32 27 37 18 9 9 11 23 25 31 27 33 60 52 44 38 36 42 40 40 47 27 20 12 7 4 3 3 1 1 0
0 0 0 0 0 0 0 1 1 1 3 3 2 4 10 11 3 2 10 9 10 18 14 30 51 54 43 53 39 27 14 5 1 0 1 2 3 4 5 11 7 15 26 20 16 25 45 58 61 56 60 63 59 55 80 52 44 14 29 58 39 34 20 21 16 36 36 31 12 10 6 24 23 18 23 21 32 64 53 42 58 28 26 24 28 26 34 26 9 6 5 4 3 1 1 1
1 0 0 0 0 0 0 1 1 2 3 7 5 8 9 18 5 3 8 11 14 21 21 35 56 70 43 58 24 18 15 5 1 1 1 1 2 9 5 7 14 13 23 23 26 43 48 45 61 64 62 61 68 79 78 71 32 16 38 50 56 33 22 24 22 17 10 10 9 9 25 25 11 36 15 22 19 40 40 42 37 39 60 36 21 16 10 9 9 7 4 3 2 2 1 0
1 1 0 0 0 0 1 2 2 4 5 6 12 6 14 23 8 9 5 21 28 26 22 39 56 50 33 22 12 13 6 4 1 0 1 1 4 9 10 7 10 21 10 41 30 35 50 41 46 70 67 45 67 73 66 71 56 23 16 18 27 45 32 20 19 8 3 2 6 9 39 19 20 32 84 67 49 42 42 48 58 60 43 50 36 35 20 16 12 6 4 1 1 1 0 0
1 0 0 0 0 0 1 2 2 5 7 8 18 7 16 24 11 19 9 17 40 38 52 36 63 47 23 18 9 8 5 1 1 1 2 1 2 4 10 13 20 14 15 20 51 33 35 47 62 74 67 52 48 43 53 71 72 28 16 18 34 26 22 18 9 10 7 3 14 27 13 22 50 61 62 78 50 66 49 64 69 56 39 18 24 19 20 16 8 6 4 1 1 0 0 0
0 0 0 1 1 1 2 3 4 4 8 13 27 16 21 31 14 21 30 16 23 41 29 73 51 51 19 14 11 4 1 1 1 1 2 3 4 3 4 3 6 14 24 49 33 37 54 56 52 58 70 71 38 37 30 35 61 43 26 10 19 10 7 5 5 2 6 13 12 15 13 9 24 47 21 54 81 77 69 69 75 50 30 28 23 9 8 7 9 6 1 1 1 1 1 0
0 0 0 2 3 2 2 4 5 7 10 15 20 32 18 41 16 17 39 32 32 53 31 59 64 29 12 8 2 2 3 3 3 2 3 4 4 4 3 9 9 12 23 38 62 43 34 47 47 62 58 59 59 50 32 23 29 45 27 14 17 13 13 9 11 3 3 11 12 15 20 25 31 23 21 21 48 57 67 51 34 30 26 25 15 11 9 5 3 2 1 0 0 0 1 0
0 0 1 3 4 2 3 4 4 7 12 18 22 29 32 57 24 22 40 44 42 57 80 55 35 33 23 11 6 4 6 5 4 2 1 4 4 6 9 10 12 18 22 34 40 62 43 39 50 53 60 47 54 60 38 21 14 32 27 17 10 10 11 10 9 7 5 16 11 11 24 26 64 45 37 30 23 14 41 49 42 19 16 12 15 9 3 1 1 0 0 1 1 1 1 1
1 0 1 3 4 5 3 7 5 11 25 21 23 24 60 57 29 31 33 46 48 64 78 30 44 37 16 13 15 13 17 16 7 5 2 5 4 7 14 7 14 27 38 43 36 52 41 64 50 61 54 74 46 27 28 20 34 11 7 40 10 7 16 12 6 4 9 27 11 10 22 48 74 53 38 34 29 29 24 33 37 25 14 14 14 9 3 2 2 1 0 1 1 1 1 1
1 0 1 4 5 5 4 10 11 14 29 25 41 38 45 56 62 44 50 39 57 53 83 71 44 25 24 25 19 25 26 22 8 4 3 1 7 13 7 16 24 28 47 58 64 50 64 26 14 25 55 29 40 30 38 22 8 7 6 8 15 4 12 6 2 4 25 8 11 14 10 15 9 23 35 28 29 34 25 22 23 13 16 14 17 14 9 10 3 2 1 1 2 2 3 2
1 1 1 5 7 11 4 11 17 19 18 27 23 52 56 31 29 68 51 50 44 66 72 49 40 33 32 33 36 57 25 12 6 6 6 2 4 6 24 21 25 33 40 64 46 66 54 45 34 47 46 9 47 50 43 15 19 12 7 4 15 4 6 5 2 3 7 25 21 7 21 44 37 45 44 37 30 35 36 41 31 26 21 18 16 18 18 4 3 1 1 2 2 2 3 1
1 2 3 6 9 15 6 7 13 24 31 37 21 22 39 65 32 24 72 70 40 61 74 52 57 30 54 72 52 25 16 14 11 7 4 1 3 3 10 19 22 50 55 43 30 45 44 57 59 56 39 30 47 55 57 46 28 8 6 6 9 5 4 4 2 3 11 8 4 6 20 25 30 35 44 49 33 33 24 31 15 11 13 30 26 22 10 4 1 1 2 3 3 5 5 1
1 4 6 8 12 10 14 13 14 10 19 41 19 15 36 55 60 51 16 38 47 65 53 46 41 64 47 29 29 19 19 20 14 5 6 3 5 8 13 15 11 28 36 27 36 41 45 39 57 52 50 41 63 57 40 31 10 18 3 5 6 8 1 3 3 4 2 10 17 19 14 30 43 40 40 47 32 30 20 30 39 27 41 28 24 12 12 5 2 3 3 3 7 6 5 3
2 5 8 7 13 22 19 28 25 19 14 26 56 21 45 41 49 65 46 21 36 68 26 50 76 38 35 38 34 34 24 11 5 6 8 5 7 11 15 14 19 33 30 21 39 47 27 20 42 43 23 16 28 24 26 10 14 8 13 2 3 7 1 2 10 14 8 16 29 15 34 39 50 58 59 62 46 31 36 36 43 34 42 24 22 18 7 3 3 4 4 5 8 13 3 2
3 6 9 5 8 32 39 28 25 25 40 28 35 61 36 40 50 23 67 36 37 38 76 60 48 52 53 53 46 39 21 9 5 6 14 5 6 12 22 29 29 37 46 42 41 29 33 38 26 22 22 16 16 19 14 16 13 9 7 8 2 1 4 12 18 5 11 14 28 19 41 33 37 56 62 48 38 47 40 40 45 42 27 29 21 10 3 3 5 5 8 9 11 11 5 2
6 12 11 7 10 24 26 43 47 25 39 45 44 50 63 38 54 30 25 54 26 30 70 67 61 53 49 52 47 26 23 18 12 4 10 3 5 9 17 34 39 43 29 43 35 44 34 31 35 36 28 19 20 22 22 15 7 5 6 5 3 2 5 2 3 12 15 25 11 16 36 31 41 35 46 69 39 38 22 20 22 23 36 27 17 9 5 4 6 6 10 7 24 8 6 4
6 9 15 12 15 16 28 29 34 44 57 49 46 50 70 66 31 25 31 28 57 60 72 58 63 67 60 58 49 36 24 19 14 6 13 4 4 10 19 32 39 54 49 52 48 46 41 52 30 31 30 21 12 19 13 24 16 4 1 1 2 2 3 2 3 3 2 2 4 28 18 25 40 39 42 39 27 13 11 29 42 39 15 24 29 18 7 9 7 11 9 8 26 9 7 6
8 16 22 22 24 18 21 37 41 44 61 61 60 51 62 64 46 44 34 36 32 62 66 62 44 57 53 54 37 43 35 24 16 14 19 3 12 17 22 22 16 48 57 57 48 53 53 37 32 43 48 37 13 17 19 16 6 5 2 1 1 1 4 1 3 4 7 10 9 13 15 18 23 20 41 18 20 23 15 50 45 20 29 26 24 31 12 16 16 9 9 5 17 10 8 7
9 14 37 23 28 28 24 39 47 48 47 62 57 53 72 49 54 59 43 34 32 54 49 46 43 52 55 53 47 31 29 27 31 25 7 2 10 25 34 39 31 49 61 47 46 50 38 28 38 61 51 39 37 15 20 12 7 6 2 2 2 1 3 1 5 9 20 24 16 20 21 30 25 16 18 21 33 46 27 46 42 39 30 26 20 21 25 22 9 11 10 3 10 18 3 4
14 10 31 42 31 32 29 46 52 49 46 47 61 66 67 59 48 65 42 27 34 76 51 66 46 52 60 62 49 35 42 40 30 16 9 6 6 20 44 57 51 55 45 60 45 45 37 27 35 28 23 19 27 20 8 6 5 4 3 3 4 1 2 3 8 10 15 24 27 12 26 18 10 13 15 46 39 48 55 17 35 33 39 41 27 22 41 27 14 14 7 8 15 13 5 8
15 13 23 49 48 34 41 49 48 50 54 43 55 66 65 51 46 35 43 27 35 62 57 69 54 50 50 47 49 38 56 36 24 16 16 10 12 23 35 47 69 70 63 45 56 31 28 39 29 20 17 21 22 18 30 15 4 3 3 3 2 2 2 3 3 4 17 28 15 7 9 17 17 27 25 50 49 52 36 43 35 22 43 36 27 34 34 19 25 12 7 8 26 10 7 11
20 42 34 40 51 38 33 52 50 47 58 43 21 32 69 69 61 40 36 55 35 72 74 42 53 62 39 42 37 47 41 40 34 12 14 10 13 33 36 43 41 56 52 61 49 49 24 42 46 20 30 33 26 20 21 7 5 3 4 1 1 2 4 3 5 6 24 5 9 3 14 24 41 23 29 51 31 36 50 43 13 19 39 44 50 39 25 15 24 16 9 11 23 20 15 12
24 30 50 53 52 40 38 50 48 44 44 52 42 43 50 64 54 23 32 58 29 70 56 55 55 43 24 43 36 45 54 44 44 24 15 12 15 35 37 49 64 49 34 58 32 40 45 25 39 31 44 42 25 22 15 6 4 3 2 3 1 2 7 5 2 10 7 6 21 18 33 29 27 41 30 21 35 55 30 14 14 38 54 45 42 45 23 18 14 14 20 13 11 35 18 14
38 46 47 55 53 43 51 48 48 46 28 44 43 54 52 53 53 51 61 64 60 66 52 49 45 55 47 46 57 34 51 56 42 29 30 11 14 37 57 50 55 49 48 48 43 32 42 15 32 28 37 27 17 14 13 8 8 4 3 2 1 4 1 2 3 6 7 14 15 15 13 29 47 50 32 28 52 42 40 31 29 35 15 21 41 47 24 20 16 23 23 15 11 52 22 26
39 45 41 44 16 34 61 39 51 52 40 38 49 54 45 54 37 60 56 68 61 52 61 42 39 52 66 63 34 47 43 51 51 30 27 12 14 41 41 52 49 39 58 50 45 31 17 44 30 54 22 25 15 17 12 17 6 4 3 1 1 3 8 8 2 3 7 16 22 12 11 34 62 52 27 49 42 27 32 71 58 23 29 45 30 26 28 12 17 25 24 17 25 56 43 36
40 32 18 11 10 17 59 40 24 30 38 26 28 49 67 63 30 28 58 44 58 53 61 61 24 46 68 44 38 44 33 58 58 48 22 4 11 31 37 53 43 40 47 56 56 49 20 15 6 8 29 31 10 11 13 10 10 3 2 1 1 4 4 5 5 5 6 7 20 15 17 35 63 26 33 51 46 9 44 43 29 44 61 49 35 27 25 9 27 27 29 19 37 78 51 30
41 44 33 32 31 22 35 55 18 22 19 41 29 39 61 51 57 29 42 53 55 64 67 67 48 27 49 55 48 32 59 49 50 39 23 10 9 19 40 59 26 42 61 59 53 31 27 25 21 21 15 18 28 11 4 4 3 2 1 1 1 2 1 2 3 3 5 3 5 9 31 27 35 48 27 26 21 18 35 30 32 52 52 37 26 10 10 8 20 27 28 24 45 63 50 18
56 42 45 43 28 32 28 28 35 32 27 55 34 37 35 38 56 59 51 67 65 57 64 52 24 30 45 38 39 44 57 52 32 31 38 17 14 11 28 40 13 24 30 28 27 23 22 17 49 41 24 19 11 6 7 4 2 4 1 0 0 1 2 3 5 7 4 2 15 15 9 17 11 23 21 19 11 46 36 52 33 32 23 25 25 15 11 20 22 31 32 39 44 64 23 17
36 37 43 37 42 27 22 38 56 55 22 19 48 43 20 20 16 33 63 59 30 27 34 43 45 12 38 43 28 59 46 44 43 30 38 19 25 10 23 42 44 19 25 30 16 20 8 4 11 17 10 38 19 13 5 1 0 0 1 0 0 2 1 3 4 6 2 9 13 8 11 13 18 18 8 18 34 49 57 33 29 31 36 42 27 15 12 23 35 35 32 28 55 66 52 18
37 56 43 41 42 40 28 42 55 42 40 24 18 34 46 20 38 28 20 47 27 40 49 53 40 28 40 27 28 57 49 50 37 17 32 19 21 16 8 28 32 50 41 24 19 25 23 10 14 23 28 28 11 7 6 4 2 1 1 0 0 0 1 2 2 2 5 13 18 15 11 13 11 7 27 31 29 41 42 28 24 29 35 27 23 20 13 30 37 25 38 32 20 41 57 25
42 41 39 32 40 56 29 39 41 46 39 31 43 28 16 46 41 24 26 47 52 19 17 29 25 46 42 56 31 32 51 39 30 47 26 15 19 28 12 31 41 53 55 19 21 38 23 8 17 23 11 18 10 9 6 3 2 2 1 1 0 1 0 1 2 3 5 2 4 4 7 6 23 31 19 21 20 20 23 23 15 22 26 31 30 15 15 22 42 24 42 28 30 29 46 25
37 36 54 38 47 52 20 33 45 50 43 36 39 40 53 33 54 63 32 48 49 20 24 30 34 58 55 66 35 38 42 42 50 27 20 13 13 39 18 18 32 47 29 30 32 39 7 3 37 56 15 14 13 5 4 2 3 1 1 0 0 1 0 1 1 1 1 3 5 8 12 16 11 16 11 6 11 23 19 18 27 43 25 24 28 14 24 26 42 24 30 9 4 13 38 57
37 42 54 51 43 38 19 31 46 52 46 34 27 24 44 58 34 22 43 42 23 14 23 20 45 39 62 44 43 62 58 50 31 31 13 5 5 42 19 17 19 31 27 23 28 27 1 10 17 19 33 18 8 2 1 1 1 0 1 0 0 1 0 0 0 0 1 3 10 26 29 29 14 11 8 11 41 32 23 23 37 29 29 40 11 15 27 36 27 20 8 7 17 22 23 40
41 24 27 51 41 49 36 14 43 42 48 33 37 24 35 26 50 23 23 25 13 20 26 27 24 46 35 54 60 69 51 52 42 39 29 3 22 38 15 16 26 13 21 26 24 17 4 11 10 11 18 10 14 8 6 2 1 1 1 1 0 1 0 0 0 1 3 8 8 8 16 8 6 8 17 25 34 27 17 44 39 34 38 16 14 30 51 24 9 6 11 25 19 50 35 36
37 11 31 46 53 45 43 26 16 33 44 23 32 31 41 42 31 25 28 25 9 23 57 32 32 35 22 33 41 46 50 52 36 22 25 12 24 18 26 17 29 24 22 28 34 23 12 8 7 10 10 15 7 7 4 2 1 1 2 2 1 1 0 0 1 3 2 5 6 3 10 14 12 24 22 27 33 34 30 44 35 22 15 10 30 43 14 6 7 14 17 38 37 40 44 35
34 15 18 12 38 45 52 28 6 17 34 22 31 23 58 47 30 8 17 23 10 27 36 29 25 10 33 44 46 42 47 37 42 33 19 16 18 13 20 12 5 22 18 30 28 28 30 40 27 22 16 25 13 5 2 1 2 1 1 2 2 0 0 0 2 3 1 2 2 3 4 17 30 38 21 14 44 44 29 25 17 24 8 23 30 14 4 14 17 24 28 32 33 47 45 37
43 27 33 9 40 53 49 26 8 4 6 25 36 18 28 37 17 20 23 29 19 10 26 28 19 17 37 47 41 35 32 28 39 30 27 27 30 10 25 16 7 10 15 19 26 18 12 10 9 9 6 13 4 2 3 5 4 1 1 0 0 0 1 1 2 2 1 1 2 2 5 18 28 31 28 24 45 46 35 30 19 10 20 27 15 4 10 27 24 23 29 27 34 32 34 34
53 23 35 11 17 42 30 14 9 8 10 12 17 43 34 29 22 13 13 27 15 24 31 19 20 33 22 34 44 37 26 34 27 16 29 29 20 17 14 24 15 9 14 13 17 17 25 15 11 17 22 12 4 3 1 4 5 2 1 1 1 1 0 1 1 1 1 2 2 3 6 15 22 31 22 20 24 24 41 17 12 12 23 8 10 27 27 25 26 24 26 22 17 15 19 36
41 21 32 16 12 43 30 31 20 19 12 15 22 29 41 44 47 26 14 15 11 11 16 26 35 29 44 54 43 26 28 32 18 14 49 29 17 20 16 7 7 11 11 22 18 20 25 14 20 13 15 6 9 5 1 2 11 3 1 1 1 0 0 0 1 2 1 2 4 3 4 10 23 25 28 10 18 37 31 36 31 17 7 10 14 18 16 35 34 21 27 23 19 11 18 7
30 22 33 25 17 25 14 33 15 15 17 13 22 18 15 21 26 24 17 16 17 7 11 32 29 36 31 30 37 29 29 29 27 15 40 26 25 17 30 9 21 22 7 12 23 31 31 20 18 24 10 5 11 3 3 4 4 2 1 1 1 0 0 0 1 1 5 3 1 2 6 6 7 14 14 12 28 47 67 36 19 10 3 11 6 36 26 24 26 29 46 44 17 16 21 6
43 21 32 23 13 13 8 21 27 19 18 19 17 17 13 22 18 14 5 8 12 5 17 24 32 19 32 41 31 28 24 26 22 30 40 24 34 49 17 12 13 13 15 12 31 16 22 21 16 12 20 14 6 4 7 4 9 2 1 1 1 0 0 0 0 1 5 3 2 2 4 5 13 17 9 41 42 37 41 33 15 4 8 20 16 21 32 17 27 35 33 39 18 13 16 7
45 22 44 24 10 11 22 14 39 16 29 25 13 9 13 11 9 14 7 9 4 10 9 12 15 17 33 34 20 26 25 12 20 28 20 44 22 49 28 13 25 11 23 14 26 34 22 21 13 17 18 8 5 9 7 5 3 3 1 2 1 1 0 0 0 2 3 3 3 5 3 3 9 11 34 36 18 27 24 34 17 10 13 23 41 25 22 35 31 29 27 20 17 11 12 5
42 21 47 27 9 7 44 22 24 17 20 27 13 14 12 11 9 14 9 8 2 4 2 3 8 11 37 42 37 23 14 12 21 38 29 16 28 27 22 14 24 6 20 7 14 27 33 22 16 25 10 19 4 5 7 7 5 2 2 2 1 0 0 0 0 0 1 2 6 4 3 7 18 32 27 14 14 52 31 20 15 10 25 16 40 37 20 30 27 30 22 13 21 11 9 3
49 19 36 14 8 12 22 23 17 41 32 18 19 10 12 12 14 12 12 10 2 2 5 14 20 25 24 28 29 18 10 10 34 25 30 24 43 20 15 14 23 6 18 12 16 24 36 26 15 19 20 14 6 2 5 6 4 1 1 1 1 0 0 0 0 0 1 2 3 3 4 7 12 11 21 14 16 41 26 7 7 14 31 27 26 34 12 21 39 38 17 10 22 6 9 7
50 21 41 15 9 12 13 41 18 38 47 36 14 7 7 9 23 12 2 7 1 4 5 11 6 10 10 23 15 10 17 12 52 35 34 32 31 14 9 30 15 11 11 37 32 24 25 21 27 23 13 10 9 6 5 2 4 2 1 0 0 0 0 0 0 0 0 1 3 3 3 3 8 9 20 19 29 34 30 8 5 22 31 32 30 26 9 17 28 29 10 11 9 11 12 11
59 42 13 21 11 9 24 40 24 15 38 31 26 5 14 22 12 10 7 5 3 2 4 3 4 7 21 14 18 16 15 24 9 17 8 20 18 11 6 28 12 8 2 14 57 25 18 26 26 19 16 10 8 4 11 8 6 3 1 1 0 0 1 0 0 1 1 1 3 1 5 6 9 9 19 32 24 28 24 14 10 29 22 17 23 14 19 20 12 13 22 10 8 16 12 8
40 19 13 18 11 8 41 33 36 12 7 18 29 4 9 7 5 9 5 6 1 1 4 8 10 10 6 21 20 9 37 12 18 14 23 20 13 16 9 21 8 17 7 10 37 44 22 20 25 19 16 13 7 7 4 2 3 1 1 1 0 0 1 0 0 0 1 1 2 3 9 15 20 19 32 53 6 39 21 18 15 15 19 9 15 10 19 36 17 9 19 10 8 11 14 10
37 17 7 20 16 12 26 4 18 31 6 8 25 14 3 6 4 6 3 3 2 5 9 5 6 8 10 22 14 12 17 23 29 49 28 17 33 14 15 24 9 9 12 14 26 26 16 46 17 15 10 11 12 6 2 2 3 2 1 1 1 0 0 0 0 0 1 1 1 3 6 9 21 40 30 13 20 37 27 12 8 11 30 9 17 19 21 13 22 12 7 14 15 12 5 8
39 7 13 19 11 11 19 4 4 5 14 28 10 20 4 4 3 3 1 3 2 2 2 5 5 6 8 15 15 31 11 15 31 19 10 31 14 9 21 14 20 21 17 18 26 26 14 16 25 8 5 4 8 8 3 2 2 1 1 1 1 0 0 0 0 0 1 1 2 3 4 12 20 11 20 14 25 17 9 5 6 22 24 22 12 16 17 12 11 10 15 8 7 11 3 3
45 8 12 22 10 20 24 9 4 4 14 22 29 19 5 2 4 3 4 1 1 1 4 7 3 3 9 23 14 12 9 26 11 15 37 10 9 14 22 11 21 18 15 29 33 36 23 10 8 12 5 4 7 9 6 2 1 0 0 0 0 1 0 0 0 0 1 1 2 6 7 21 21 11 6 14 29 9 9 8 10 17 23 20 10 14 13 12 5 19 9 13 6 4 2 1
27 9 10 24 7 17 31 17 7 6 3 16 8 11 16 2 2 3 2 3 2 2 1 2 1 3 12 16 20 5 21 8 6 29 23 10 14 19 30 19 5 28 24 27 39 33 19 5 9 15 12 3 2 3 4 4 1 1 0 0 0 1 0 0 0 2 4 3 1 2 10 21 18 8 4 20 20 12 9 8 9 14 16 19 11 12 4 11 7 10 12 3 8 3 2 4
17 8 8 22 5 15 21 8 5 5 9 7 5 4 6 4 1 2 2 1 1 1 1 1 1 3 28 10 11 5 27 14 5 36 17 9 16 36 26 15 9 25 26 38 14 30 14 11 6 5 7 8 2 1 2 4 2 1 0 0 0 0 0 0 1 3 2 6 7 11 17 31 19 4 7 20 13 6 6 7 11 10 16 8 10 9 4 6 9 5 10 3 3 8 5 3
32 9 19 10 3 23 11 4 7 4 13 4 7 5 3 2 1 0 1 1 2 4 2 1 1 2 14 5 3 12 10 7 15 20 18 7 13 37 39 15 9 19 18 33 28 23 9 9 7 3 2 2 4 2 1 0 1 0 0 0 1 0 0 3 9 16 21 19 30 41 27 29 17 4 23 34 10 5 5 11 9 10 17 8 18 12 2 4 7 4 5 2 2 1 3 3
30 16 3 3 3 10 4 5 7 7 7 8 5 6 1 1 1 0 1 1 1 2 1 1 1 3 6 2 11 3 6 17 18 10 8 16 16 44 39 12 9 18 15 21 19 11 10 14 6 6 3 1 4 3 1 0 0 0 0 0 1 1 1 2 2 1 12 23 34 54 57 33 5 12 24 37 13 1 5 23 9 18 8 12 8 16 2 5 9 3 4 2 4 2 4 1
19 6 3 4 4 6 1 4 5 7 3 7 11 2 1 1 1 0 1 0 1 1 0 1 1 8 1 4 8 2 15 15 6 5 13 15 7 40 32 6 9 13 11 15 22 13 10 6 5 3 4 1 1 2 1 0 0 0 0 0 1 1 2 3 4 4 14 49 60 48 48 7 7 16 27 39 26 4 11 12 9 9 10 10 7 12 2 3 6 4 5 3 2 2 1 2
