sesion_6_simulaciones/modelos_agentes/ejemplos_netlogo/scenarios/echam4_b2/rob_2069.asc
NCOLS 322 
NROWS 307 
XLLCORNER 451900 
YLLCORNER 4086900 
CELLSIZE 100 
NODATA_value -9999 
[rows 148 to 221 of 307, columns 192 to 287 of 322]
2 5 4 11 20 24 33 41 54 25 48 25 4 2 1 0 0 0 0 0 0 0 0 0 0 0 0 0 0 0 0 0 0 0 0 0 0 0 0 0 0 0 0 0 0 1 1 2 1 5 3 2 2 2 2 1 1 1 3 4 29 29 20 47 45 51 57 34 32 71 42 56 38 13 15 63 25 36 42 28 16 11 3 1 1 0 0 0 0 0 0 0 0 0 0 0
0 1 3 12 8 16 18 36 38 45 23 6 5 2 1 0 0 0 0 0 0 0 0 0 0 0 0 0 0 0 0 0 0 0 0 0 0 0 0 0 0 0 0 0 0 1 1 1 2 2 2 1 1 1 0 0 0 1 2 9 7 12 43 49 23 45 66 67 47 62 75 71 65 25 23 58 28 40 23 11 13 4 3 1 1 0 0 0 0 0 0 0 0 0 0 0
0 0 1 4 6 7 16 19 22 36 10 5 3 1 0 0 0 0 0 0 0 0 0 0 0 0 0 0 0 0 0 0 0 0 0 0 0 0 0 0 0 0 1 1 1 1 0 0 1 1 1 0 0 0 0 0 1 1 2 4 4 7 29 25 21 38 26 32 65 78 72 64 54 38 29 51 41 12 6 5 1 1 1 0 0 0 0 0 0 0 0 0 0 0 0 0
0 0 0 0 0 3 4 3 12 23 8 7 6 1 0 0 0 0 0 0 0 0 0 0 0 0 0 0 0 0 0 0 0 0 0 0 0 0 0 0 0 1 0 0 0 0 0 0 0 0 0 0 0 0 0 0 1 1 2 2 3 11 11 19 28 23 14 29 35 25 43 64 54 43 71 48 31 11 8 6 1 0 1 0 0 0 0 0 0 0 0 0 0 0 0 0
1 0 0 0 0 0 1 2 10 12 24 10 6 2 0 0 0 0 0 0 0 0 0 0 0 0 0 0 0 0 0 0 0 0 0 0 0 0 0 0 0 0 0 0 0 0 0 0 0 0 0 0 0 0 0 0 0 1 1 2 6 5 4 4 15 7 14 19 16 22 23 49 54 57 52 49 26 20 13 4 3 2 3 1 1 0 0 0 0 0 0 0 0 0 0 0
1 0 0 0 0 0 0 1 4 2 14 13 6 2 0 0 0 0 0 0 0 0 0 0 0 0 0 0 0 0 0 0 0 0 0 0 0 0 0 0 0 0 0 0 0 0 0 0 0 0 0 0 0 0 0 0 0 1 0 2 7 3 3 2 3 7 9 7 20 23 31 29 38 53 35 26 28 33 30 21 14 5 3 3 1 1 0 0 0 0 0 0 0 0 0 0
1 0 0 0 0 0 0 1 1 1 5 5 2 1 0 0 0 0 0 0 0 0 0 0 0 0 0 0 0 0 0 0 0 0 0 0 0 0 0 0 0 0 0 0 0 0 0 0 0 0 0 0 0 0 0 0 0 0 1 1 1 1 1 2 1 4 9 7 4 9 17 19 32 50 39 32 11 7 12 10 10 4 2 1 1 0 0 0 0 0 0 0 0 0 0 0
0 0 0 0 0 0 0 0 0 1 2 2 1 0 0 0 0 0 0 0 0 0 0 0 0 0 0 0 0 0 0 0 0 0 0 0 0 0 0 0 0 0 0 0 0 0 0 0 0 0 0 0 0 0 0 0 0 0 1 1 0 0 1 1 1 1 2 3 8 13 16 32 39 54 25 26 27 7 5 2 1 1 0 0 0 0 0 0 0 0 0 0 0 0 0 0
0 0 0 0 0 0 0 0 0 0 0 0 0 0 0 0 0 0 0 0 0 0 0 0 0 0 0 0 0 0 0 0 0 0 0 0 0 0 0 0 0 0 0 0 0 0 0 0 0 0 0 0 0 0 0 0 0 0 0 0 0 0 1 4 4 3 5 15 27 27 38 30 60 62 55 62 38 14 9 6 5 2 1 0 0 0 0 0 0 0 0 0 0 0 0 0
0 0 0 0 0 0 0 0 0 0 0 0 0 0 0 0 0 0 0 0 0 0 0 0 0 0 0 0 0 0 0 0 0 0 0 0 0 0 0 0 0 0 0 0 0 0 0 0 0 0 0 0 0 0 0 0 0 0 0 0 0 1 2 5 5 8 5 16 26 40 23 18 27 32 68 34 14 12 22 21 7 3 2 1 1 1 0 0 0 0 0 0 0 0 0 0
0 0 0 0 0 0 0 0 0 0 0 0 0 0 0 0 0 0 0 0 0 0 0 0 0 0 0 0 0 0 0 0 0 0 0 0 0 0 0 0 0 0 0 0 0 0 0 0 0 0 0 0 0 0 0 0 0 0 0 0 0 1 2 2 4 8 11 15 15 22 62 37 35 41 57 38 55 36 26 23 12 6 2 1 0 0 0 0 0 0 0 0 0 0 0 0
0 0 0 0 0 0 0 0 0 0 0 0 0 0 0 0 0 0 0 0 0 0 0 0 0 0 0 0 0 0 0 0 0 0 0 0 0 0 0 0 0 0 0 0 0 0 0 0 0 0 0 0 0 0 0 0 0 0 0 1 1 2 1 3 7 12 7 21 21 32 32 20 50 55 74 66 33 11 6 4 2 1 1 0 0 0 0 0 0 0 0 0 0 0 0 0
0 0 0 0 0 0 0 0 0 0 0 0 0 0 0 0 0 0 0 0 0 0 0 0 0 0 0 0 0 0 0 0 0 0 0 0 0 0 0 0 0 0 0 0 0 0 0 0 0 0 0 0 0 0 0 0 0 0 0 1 3 2 3 8 9 7 9 8 8 18 27 24 25 25 59 55 47 36 7 4 2 1 0 1 0 0 0 0 0 0 0 0 0 0 0 0
0 0 0 0 0 0 0 0 0 0 0 0 0 0 0 0 0 0 0 0 0 0 0 0 0 0 0 0 0 0 0 0 0 0 0 0 0 0 0 0 0 0 0 0 0 0 0 0 0 0 0 0 0 0 0 0 0 0 1 1 4 3 4 3 7 8 12 39 40 22 45 48 35 43 63 69 36 24 17 7 4 1 1 0 1 1 0 0 0 0 1 0 0 0 0 0
0 0 0 0 0 0 0 0 0 0 0 0 0 0 0 0 0 0 0 0 0 0 0 0 0 0 0 0 0 0 0 0 0 0 0 0 0 0 0 0 0 0 0 0 0 0 0 0 0 0 0 0 0 0 0 0 0 0 1 2 2 4 6 5 4 7 11 20 28 28 42 55 33 48 73 72 38 25 16 7 3 1 1 0 1 1 0 0 1 1 0 0 0 0 0 0
0 0 0 0 0 0 0 0 0 0 0 0 0 0 0 0 0 0 0 0 0 0 0 0 0 0 0 0 0 0 0 0 0 0 0 0 0 0 0 0 0 0 0 0 0 0 0 0 0 0 0 0 1 1 1 0 1 1 1 2 4 5 8 13 10 3 3 7 10 31 32 32 30 32 59 72 41 48 26 7 2 1 2 1 2 1 1 1 1 1 0 0 0 0 0 0
0 0 0 0 0 0 0 0 0 0 0 0 0 0 0 0 0 0 0 0 0 0 0 0 0 0 0 0 0 0 0 0 0 0 0 0 0 0 0 0 0 0 0 0 0 1 0 0 0 0 0 0 0 0 1 1 2 2 1 2 3 4 5 8 12 19 12 9 9 16 25 29 26 31 45 71 43 35 19 5 4 1 4 2 4 3 4 4 1 0 0 0 0 0 0 0
0 0 0 0 0 0 0 0 0 0 0 0 0 0 0 0 0 0 0 0 0 0 0 0 0 0 0 0 0 0 0 0 0 0 0 0 0 0 0 0 0 0 0 0 0 0 0 0 1 0 0 0 0 0 0 0 2 10 3 3 5 4 5 8 11 22 27 19 14 26 29 26 45 63 61 69 58 41 25 9 5 5 8 4 8 3 1 0 0 0 0 0 0 0 0 0
0 0 0 0 0 0 0 0 0 0 0 0 0 0 0 0 0 0 0 0 0 0 0 0 0 0 0 0 0 0 0 0 0 0 0 0 0 0 0 0 0 0 0 0 0 1 1 1 0 1 0 0 0 0 0 1 2 2 3 8 15 10 7 8 11 28 40 32 23 28 30 32 51 47 65 67 44 39 28 19 9 9 8 16 9 4 1 0 0 0 0 0 0 0 0 0
0 0 0 0 0 0 0 0 0 0 0 0 0 0 0 0 0 0 0 0 0 0 0 0 0 0 0 0 0 0 0 0 0 0 0 0 0 0 0 0 0 0 0 1 0 0 0 1 1 1 1 1 0 0 0 1 2 2 2 3 4 6 10 29 16 16 18 28 20 37 23 20 16 29 53 73 50 47 30 21 21 35 12 15 20 8 1 1 1 1 0 0 0 0 0 0
0 0 0 0 0 0 0 0 0 0 0 0 0 0 0 0 0 0 0 0 0 0 0 0 0 0 0 0 0 0 0 0 0 0 0 0 0 0 0 0 0 0 1 0 0 0 1 0 0 2 4 2 1 1 1 2 1 1 1 3 7 4 11 6 29 19 10 9 14 11 44 59 48 51 46 62 29 29 29 39 56 24 36 14 5 3 1 0 0 0 0 0 0 0 0 0
0 0 0 0 0 0 0 0 0 0 0 0 0 0 0 0 0 0 0 0 0 0 0 0 0 0 0 0 0 0 0 0 0 0 0 0 0 0 0 0 0 0 0 0 0 0 1 1 0 1 1 3 3 2 1 1 1 2 2 3 3 9 14 21 25 53 24 16 24 21 35 51 44 68 47 74 30 58 66 62 55 51 33 19 10 4 2 0 0 0 0 0 0 0 0 0
0 0 0 0 0 0 0 0 0 0 0 0 0 0 0 0 0 0 0 0 0 0 0 0 0 0 0 0 0 0 0 0 0 0 0 0 0 0 0 0 0 0 0 0 1 1 0 1 3 1 2 2 6 3 3 1 1 2 6 3 4 6 11 11 16 26 46 37 18 24 37 70 43 46 73 69 73 68 59 72 68 52 21 5 3 2 1 0 0 0 0 0 0 0 0 0
0 0 0 0 0 0 0 0 0 0 0 0 0 0 0 0 0 0 0 0 0 0 0 0 0 0 0 0 0 0 0 0 0 0 0 0 0 0 0 0 0 1 1 1 0 2 2 1 2 3 2 4 6 5 4 2 3 4 5 5 6 6 6 7 10 15 28 54 34 28 29 65 34 33 45 66 71 81 76 73 37 21 12 6 4 1 0 0 0 0 0 0 0 0 0 0
0 0 0 0 0 0 0 0 0 0 0 0 0 0 0 0 0 0 0 0 0 0 0 0 0 0 0 0 0 0 0 0 0 0 0 0 0 0 0 0 0 1 0 1 2 2 1 3 2 9 12 5 3 26 8 7 7 6 5 10 7 8 8 10 10 25 39 42 53 68 50 24 55 37 69 71 48 68 71 71 40 17 13 4 3 2 2 1 0 0 0 0 0 0 0 0
0 0 0 0 0 0 0 0 0 0 0 0 0 0 0 0 0 0 0 0 0 0 0 0 0 0 0 0 0 0 0 0 0 0 0 0 0 0 0 0 0 1 1 1 3 3 7 4 8 10 16 14 12 22 12 9 9 8 8 13 9 6 9 14 17 23 27 48 44 21 58 56 50 58 57 49 40 43 32 52 60 31 19 14 10 5 2 2 1 0 0 0 0 0 0 0
0 0 0 0 0 0 0 0 0 0 0 0 0 0 0 0 0 0 0 0 0 0 0 0 0 0 0 0 0 0 0 0 0 0 0 0 0 0 0 0 0 1 1 1 3 4 11 11 14 11 30 30 37 39 33 27 25 16 8 26 19 12 6 12 17 36 37 51 65 73 55 57 51 74 50 63 47 44 36 15 12 28 19 13 6 3 2 2 1 0 0 0 0 0 0 0
0 0 0 0 0 0 0 0 0 0 0 0 0 0 0 0 0 0 0 0 0 0 0 0 0 0 0 0 0 0 0 0 0 0 0 0 0 0 0 0 1 1 1 3 6 5 7 5 13 25 30 41 48 49 56 42 41 40 25 40 20 15 9 10 19 11 30 41 56 63 60 49 34 59 60 57 47 44 39 38 25 16 17 9 6 4 7 1 0 0 0 0 0 0 0 0
0 0 0 0 0 0 0 0 0 0 0 0 0 0 0 0 0 0 0 0 0 0 0 0 0 0 0 0 0 0 0 0 0 0 0 0 0 0 0 0 0 1 3 1 9 17 9 12 17 23 40 48 56 54 45 66 52 51 52 51 30 34 13 21 26 43 26 38 40 51 45 55 72 51 66 46 56 57 57 52 30 25 16 5 4 4 3 1 1 0 0 0 0 0 0 1
0 0 0 0 0 0 0 0 0 0 0 0 0 0 0 0 0 0 0 0 0 0 0 0 0 0 0 0 0 0 0 0 0 1 1 1 0 0 0 0 0 0 0 2 5 9 20 25 21 27 44 53 61 61 72 78 63 61 62 62 56 41 22 38 38 39 26 26 28 37 41 51 64 63 47 51 69 70 50 48 46 25 15 5 2 3 2 1 0 0 0 0 0 0 0 1
0 0 0 0 0 0 0 0 0 0 0 0 0 0 0 0 0 0 0 0 0 0 0 0 0 0 0 0 0 0 0 0 0 0 0 0 1 1 1 2 5 1 1 1 2 3 6 44 47 50 27 53 58 73 80 50 50 75 71 68 69 62 48 45 66 57 36 25 30 29 36 38 39 73 72 60 59 71 62 46 38 29 23 7 2 2 1 0 0 0 0 0 0 0 1 1
0 0 0 0 0 0 0 0 0 0 0 0 0 0 0 0 0 0 0 0 0 0 0 0 0 0 0 0 0 0 0 0 0 1 1 0 0 0 0 1 2 5 3 1 3 10 8 29 29 50 61 48 62 69 68 73 67 44 80 80 72 67 50 48 64 57 41 25 32 39 37 47 49 63 71 56 63 67 57 42 41 39 20 9 4 1 1 0 0 0 0 0 0 0 1 1
0 1 1 0 0 0 0 0 0 0 0 0 0 0 0 0 0 0 0 0 0 0 0 0 0 0 0 0 0 0 0 0 0 1 0 0 0 0 0 0 1 1 5 11 16 10 16 8 10 13 19 34 60 63 58 73 59 65 58 80 74 68 54 53 73 40 28 25 23 37 44 60 71 74 55 50 49 55 42 29 27 21 16 8 2 1 1 1 0 0 0 0 0 0 1 1
0 1 1 0 0 0 0 0 0 0 0 0 0 0 0 0 0 0 0 0 0 0 0 0 0 0 0 0 0 0 0 0 0 0 0 0 0 0 0 0 0 1 1 7 9 8 4 3 11 12 18 30 56 51 57 74 77 74 78 72 70 75 70 67 46 26 42 42 20 29 32 45 64 40 37 31 33 35 21 21 24 18 7 5 2 1 1 1 1 0 0 0 0 0 0 1
1 1 0 0 0 0 0 0 0 0 0 0 0 0 0 0 0 0 0 0 0 0 0 0 0 0 0 0 0 0 0 0 0 0 0 0 0 0 0 0 0 1 1 1 2 3 2 10 17 14 14 43 22 48 72 47 78 64 48 50 82 78 73 49 20 28 42 50 36 45 46 35 61 31 41 34 35 34 41 31 24 14 10 9 5 2 2 1 1 0 0 0 0 0 0 0
3 0 0 0 0 0 0 0 0 0 0 0 0 0 0 0 0 0 0 0 0 0 0 0 0 0 0 0 0 0 0 0 0 0 0 0 0 0 0 0 1 1 0 1 1 1 5 9 16 14 20 22 29 44 33 44 46 43 36 37 26 54 63 50 50 29 67 69 54 49 60 68 75 69 60 61 58 53 54 38 31 30 19 18 8 2 1 1 1 0 0 0 0 0 0 0
2 1 0 0 0 0 0 0 0 0 0 0 0 0 0 0 0 0 0 0 0 0 0 0 0 0 0 0 0 0 0 0 0 0 0 0 0 0 0 0 0 0 1 1 1 1 3 5 8 18 18 16 29 28 29 42 42 58 60 47 38 51 64 58 74 45 60 74 71 40 48 77 52 68 74 70 67 58 56 56 46 32 12 8 5 2 1 1 0 0 0 0 0 0 0 0
2 2 2 1 0 0 0 0 0 0 0 0 0 0 0 0 0 0 0 0 0 0 0 0 0 0 0 0 0 0 0 0 0 0 0 0 0 0 0 0 0 0 0 1 1 1 2 7 20 25 23 29 26 46 25 47 46 26 38 50 46 47 70 91 93 75 71 69 60 45 45 29 21 39 34 34 32 39 50 46 27 18 12 10 8 4 2 1 0 0 0 0 0 0 0 0
5 4 2 1 1 0 0 0 0 0 0 0 0 0 0 0 0 0 0 0 0 0 0 0 0 0 0 0 0 0 0 0 0 0 0 0 0 0 0 0 0 0 0 0 1 2 2 1 11 9 13 15 11 19 36 41 16 20 33 51 56 53 51 63 44 76 60 67 30 21 54 64 56 52 47 50 43 25 14 20 26 12 10 20 8 3 2 1 1 0 0 0 0 0 0 0
5 4 1 1 0 0 0 0 0 0 0 0 0 0 0 0 0 0 0 0 0 0 0 0 0 0 0 0 0 0 0 0 0 0 0 0 0 0 0 0 0 0 0 0 1 2 2 1 5 4 6 2 3 3 4 5 10 27 31 34 53 58 45 44 33 45 41 19 45 41 25 46 72 67 37 36 54 56 62 53 37 20 5 8 10 4 2 2 1 0 0 0 0 0 0 0
5 4 1 1 0 0 0 0 0 0 0 0 0 0 0 0 0 0 0 0 0 0 0 0 0 0 0 0 0 0 0 0 0 0 0 0 0 0 0 0 0 0 1 1 1 2 1 1 1 1 1 2 3 4 5 7 12 11 31 24 35 27 32 22 18 16 34 30 41 45 42 29 29 51 28 30 58 71 59 50 29 13 8 10 7 2 1 1 1 1 0 0 0 0 0 1
5 2 1 1 1 1 1 0 0 0 0 0 0 0 0 0 0 0 0 0 0 0 0 0 0 0 0 0 0 0 0 0 0 0 0 0 0 0 0 0 0 0 0 1 1 1 1 1 1 1 3 6 9 11 15 20 14 26 13 12 22 47 47 34 49 47 45 32 50 38 52 56 26 43 42 52 63 54 40 25 17 13 7 4 3 1 0 0 1 1 0 0 0 0 1 2
5 2 2 1 2 1 0 0 0 0 0 0 0 0 0 0 0 0 0 0 0 0 0 0 0 0 0 0 0 0 0 0 0 0 0 0 0 0 0 0 0 0 0 0 0 1 1 2 2 2 2 8 21 23 25 34 38 30 42 20 31 43 69 64 48 62 57 53 41 46 60 72 36 45 37 45 73 62 49 41 23 16 6 3 6 1 1 2 1 0 0 0 0 0 1 2
3 2 3 4 2 1 1 0 0 0 0 0 0 0 0 0 0 0 0 0 0 0 0 0 0 0 0 0 0 0 0 0 0 0 0 0 0 0 0 0 0 0 0 0 0 1 3 4 6 4 8 17 16 25 29 33 41 44 52 53 39 50 50 62 66 69 61 55 33 24 30 30 25 28 46 61 49 39 31 16 21 16 7 2 0 1 1 1 1 0 0 0 0 0 1 1
2 4 7 6 3 1 1 1 1 0 0 0 0 0 0 0 0 0 0 0 0 0 0 0 0 0 0 0 0 0 0 0 0 0 0 0 0 0 0 0 0 0 0 0 0 1 1 3 8 15 34 29 19 23 40 58 41 49 66 63 55 40 45 60 49 36 45 39 22 43 49 33 23 30 40 34 37 22 21 17 16 4 2 2 3 2 1 1 1 0 0 0 0 0 0 1
4 7 5 7 5 2 1 2 2 1 1 0 0 0 0 0 0 0 0 0 0 0 0 0 0 0 0 0 0 0 0 0 0 0 0 0 0 0 0 0 1 1 1 0 0 1 1 1 3 4 15 32 51 44 38 60 46 57 74 71 73 37 29 30 30 32 35 44 18 48 41 45 32 29 16 15 16 7 10 11 8 7 9 4 9 2 1 1 0 0 0 0 0 1 1 1
9 10 9 10 7 4 4 3 3 1 1 0 0 0 0 0 0 0 0 0 0 0 0 0 0 0 0 0 0 0 0 0 0 0 0 0 0 0 0 1 2 3 2 1 2 1 2 3 3 5 8 16 25 60 60 54 74 69 52 63 75 74 59 39 25 15 25 42 23 49 55 45 30 21 23 35 30 39 41 29 25 28 19 8 4 2 2 1 0 0 0 0 1 1 1 2
27 13 9 4 10 7 4 3 2 1 0 0 0 0 0 0 0 0 0 0 0 0 0 0 0 0 0 0 0 0 0 0 0 0 0 0 0 0 0 1 3 3 5 4 2 3 4 7 11 11 17 29 37 38 47 50 65 72 69 70 46 60 48 74 68 31 24 31 49 65 61 60 58 54 25 37 53 69 59 49 42 19 5 2 4 2 0 0 0 0 0 0 0 1 2 2
36 22 8 3 5 5 2 1 0 0 0 0 0 0 0 0 0 0 0 0 0 0 0 0 0 0 0 0 0 0 0 0 0 0 0 0 1 1 0 1 2 4 6 9 6 5 9 10 14 25 19 36 45 42 47 54 37 43 64 61 62 60 35 46 40 38 16 44 59 49 49 42 41 50 45 68 49 43 59 49 34 10 11 6 3 2 1 0 0 0 0 0 0 1 3 7
26 19 6 2 3 2 1 1 0 0 0 1 0 0 0 0 0 0 0 0 0 0 0 0 0 0 0 0 0 0 0 0 0 0 0 1 0 2 2 1 3 5 8 12 13 6 13 20 30 31 25 57 53 51 50 52 54 20 21 27 17 22 44 49 23 43 42 69 32 23 24 28 37 54 71 72 65 33 45 26 20 14 9 5 3 1 1 0 0 0 0 0 0 1 1 4
21 10 3 2 1 1 1 1 1 1 1 0 0 0 0 0 0 0 0 0 0 0 0 0 0 0 0 0 0 0 0 0 0 1 2 1 2 2 1 3 8 7 13 17 19 8 12 22 27 36 44 55 51 55 56 39 34 38 45 43 39 47 42 38 40 7 30 17 16 18 42 66 69 69 59 66 67 61 50 30 26 13 10 6 3 1 0 0 0 0 1 1 1 1 1 2
31 16 13 8 7 3 4 3 3 2 1 1 0 0 0 0 0 0 0 0 0 0 0 0 0 0 0 0 0 0 0 0 0 1 2 2 3 3 2 3 3 4 3 3 7 15 29 27 34 32 40 51 50 54 53 63 52 22 65 68 48 42 40 36 45 17 29 37 49 44 61 63 68 79 69 51 65 51 50 28 24 25 12 4 2 0 0 0 0 1 1 1 1 1 2 3
40 27 32 23 8 1 0 2 2 1 1 1 1 0 0 0 0 0 0 0 0 0 0 0 0 0 0 0 1 0 1 1 0 1 2 3 5 4 5 2 4 5 5 4 4 5 21 40 45 48 31 35 50 53 54 56 53 70 54 41 50 63 66 65 35 14 28 51 56 57 63 42 55 57 53 55 58 65 59 52 41 21 11 4 1 0 0 0 1 1 1 1 1 3 5 8
53 46 19 5 2 1 5 4 2 1 1 2 1 1 0 0 0 0 0 0 0 0 0 0 0 0 0 0 1 1 1 2 1 1 1 4 6 9 9 4 11 7 12 9 6 7 8 15 48 68 45 31 48 63 55 50 58 44 63 65 47 47 65 62 27 26 19 12 49 73 72 69 65 66 50 63 64 59 38 38 23 14 18 6 1 1 0 0 1 1 1 1 1 2 5 10
46 22 14 4 3 5 7 3 2 1 1 1 1 0 0 0 0 0 0 0 0 0 0 0 0 0 0 0 1 2 2 3 1 1 1 2 3 5 8 11 20 24 15 21 21 8 9 38 50 60 49 34 40 41 67 50 46 54 36 40 42 58 62 46 39 28 39 44 40 31 59 70 68 79 69 53 74 56 36 26 30 18 3 10 2 0 0 0 1 1 2 2 2 2 3 4
19 25 26 7 6 13 5 5 5 3 1 1 0 0 0 0 0 0 0 0 0 0 0 0 0 0 0 1 1 1 4 4 2 1 2 2 2 4 3 15 22 31 29 16 37 18 18 45 51 31 66 36 44 42 42 74 62 54 77 67 39 38 48 56 33 33 31 28 39 61 64 71 72 56 75 59 43 36 48 19 21 15 3 1 1 0 0 0 0 1 2 2 5 8 9 5
26 24 30 27 23 16 13 8 3 1 1 0 0 0 1 0 0 0 0 0 0 0 0 0 0 0 0 0 1 1 1 2 4 5 4 3 3 4 5 9 11 23 30 46 36 33 27 49 44 38 59 63 25 43 45 25 24 26 51 53 59 27 34 39 28 47 42 52 41 61 71 64 50 63 47 64 46 46 38 26 21 5 1 0 0 0 0 1 1 1 1 1 6 11 10 10
56 47 47 28 24 14 5 5 2 1 0 0 1 1 0 0 0 0 0 0 0 0 0 0 0 0 0 0 1 1 3 4 6 10 9 7 4 5 11 8 15 13 18 54 57 51 38 57 26 29 48 30 31 35 39 47 29 26 25 29 28 56 58 46 35 25 45 54 33 27 17 24 34 26 42 38 45 43 28 22 13 5 1 0 0 0 0 1 1 1 1 1 3 6 8 13
58 45 33 33 21 5 2 2 2 2 1 2 2 0 0 0 0 0 0 0 0 0 0 0 0 0 1 1 1 1 3 7 11 12 12 21 6 4 8 17 16 19 26 41 61 49 36 54 63 60 41 57 82 42 47 52 41 27 27 37 15 18 31 32 47 19 25 37 61 58 40 33 29 7 7 12 19 19 24 14 6 3 2 0 0 0 0 0 0 1 1 2 4 2 5 6
51 32 23 22 12 9 6 2 3 4 2 1 0 0 0 0 0 0 0 0 0 0 0 0 0 1 1 2 2 3 4 8 25 19 12 28 14 10 12 13 25 23 38 41 60 45 32 46 64 77 55 54 71 67 40 52 51 49 29 36 44 37 28 24 51 14 38 66 58 62 61 60 41 35 25 15 6 10 11 13 7 1 0 0 0 0 0 1 1 1 1 2 3 3 9 14
30 26 33 16 15 11 7 11 2 1 0 0 1 1 0 0 0 0 0 0 0 0 0 0 0 0 1 3 5 5 15 19 27 35 35 19 29 21 16 22 37 39 46 51 34 49 71 50 38 24 51 49 27 56 62 44 54 49 31 17 23 45 33 27 33 49 51 51 58 61 64 54 35 52 48 41 26 16 7 5 4 1 0 0 0 0 0 0 1 1 1 2 3 3 5 7
50 30 41 25 17 35 17 4 2 1 1 2 2 1 0 0 0 0 0 0 0 0 0 0 0 1 1 3 5 9 14 30 52 52 46 45 35 49 39 29 50 61 49 30 42 63 72 68 42 45 45 59 56 39 48 49 49 40 41 29 15 32 38 12 10 26 37 50 55 61 74 80 62 51 55 53 55 29 12 3 2 1 0 0 0 0 0 0 1 1 1 2 4 4 5 9
46 42 22 17 16 7 9 9 8 7 4 1 1 0 0 0 0 0 0 0 0 0 0 0 1 1 1 2 4 6 8 24 39 70 65 37 45 61 62 36 41 72 53 48 34 57 70 68 78 62 50 46 62 72 59 28 52 61 56 27 16 14 17 13 31 21 59 71 83 55 40 67 73 40 14 20 29 28 8 2 1 0 0 0 0 0 0 0 1 1 2 2 3 5 5 7
28 36 27 15 6 3 1 7 4 2 2 1 0 0 0 0 0 0 0 0 0 0 0 1 1 2 3 3 3 2 6 12 22 52 76 35 29 73 72 43 42 65 71 48 45 58 58 71 73 68 24 23 48 60 37 34 45 45 46 61 25 16 19 19 23 44 22 18 41 84 55 34 43 45 14 8 9 21 8 2 1 0 0 0 0 0 0 0 1 1 2 2 3 4 10 14
29 28 18 14 15 13 5 6 3 2 1 0 0 0 0 0 0 0 0 0 0 0 0 0 1 2 3 3 7 8 7 10 13 25 48 73 42 43 79 74 48 48 71 57 44 54 55 69 77 72 55 24 67 54 47 37 32 11 16 29 15 10 8 22 27 29 28 50 53 63 66 39 29 10 6 3 1 5 6 1 0 0 0 0 0 0 0 1 1 1 1 1 3 4 4 6
16 13 9 12 7 8 4 6 2 2 1 0 0 0 0 0 0 0 0 0 0 0 0 0 1 1 2 2 3 3 15 11 15 14 34 56 81 49 30 72 67 49 75 61 37 50 53 66 55 63 71 36 36 41 31 42 23 17 17 9 12 22 16 37 23 38 47 43 38 67 63 38 24 26 13 6 1 1 2 1 0 0 0 0 0 0 0 1 1 2 1 4 5 7 8 8
22 19 24 31 12 9 3 4 2 1 1 0 0 0 0 0 0 0 0 0 0 0 0 0 0 1 1 4 6 5 18 39 59 53 61 76 72 67 55 40 42 66 68 52 37 38 58 66 64 43 69 35 38 36 36 47 37 16 19 29 22 18 20 33 73 59 65 59 47 49 27 38 39 37 21 8 3 1 0 0 0 0 0 0 0 1 0 0 1 1 2 2 4 6 11 17
32 29 22 18 11 11 6 3 2 1 0 0 0 0 0 0 0 0 0 0 0 0 0 0 0 1 1 1 2 11 15 26 38 49 26 27 48 72 71 71 42 34 76 54 37 45 44 30 66 45 31 47 17 35 23 19 42 14 21 20 19 13 30 33 59 56 41 44 33 32 52 53 57 36 25 11 1 1 0 0 0 0 0 0 0 0 0 0 0 1 1 1 2 2 5 9
7 10 11 11 8 7 7 5 3 1 1 1 0 0 0 0 0 0 0 0 0 0 0 0 0 0 0 2 3 4 11 8 8 13 30 51 63 44 61 79 80 66 66 52 59 36 37 30 19 25 28 16 41 22 37 12 13 23 8 16 7 12 13 20 19 17 32 49 49 62 68 60 35 24 6 11 4 2 0 0 0 0 0 0 0 0 0 0 1 2 1 3 3 2 6 12
5 3 6 6 4 3 6 4 2 2 1 1 1 0 0 0 0 0 0 0 0 0 0 0 0 0 0 1 1 2 5 10 10 26 39 48 44 51 48 75 56 38 43 49 63 58 49 27 22 51 23 28 17 33 43 20 10 8 18 8 15 18 43 42 48 41 56 62 64 65 68 47 39 23 6 2 2 1 0 0 0 0 0 0 0 0 1 1 1 0 1 2 2 3 3 5
10 8 8 5 2 1 1 3 3 2 1 1 0 0 0 0 0 0 0 0 0 0 0 0 0 0 0 0 0 1 3 9 12 40 49 50 54 44 47 35 42 37 36 27 38 47 67 33 27 26 12 14 25 24 42 24 23 22 10 12 42 24 46 72 55 54 57 58 59 76 72 68 48 22 9 3 1 0 0 0 0 0 0 0 0 0 0 1 1 1 2 2 4 6 6 8
20 21 8 6 5 4 4 4 1 1 1 1 0 0 0 0 0 0 0 1 1 0 1 1 1 0 0 1 1 2 2 4 13 27 60 60 41 56 45 34 45 47 48 47 34 27 21 48 34 22 22 21 17 23 5 42 29 10 10 24 38 51 42 79 76 81 81 49 30 26 63 71 83 51 9 4 2 1 0 0 0 0 0 0 0 0 1 1 1 2 3 5 4 7 11 9
30 15 14 24 17 9 6 4 2 1 1 0 0 0 0 0 0 0 0 1 2 1 1 2 2 1 1 2 3 3 5 3 11 25 47 36 56 42 42 36 46 36 33 53 33 19 20 17 19 11 28 17 11 14 19 7 5 11 6 31 56 56 53 83 89 80 81 91 78 55 46 52 61 39 33 10 4 1 0 0 0 0 0 0 1 1 1 1 2 2 3 3 7 6 8 20
10 4 2 15 8 4 4 1 1 0 0 0 0 0 0 0 0 0 1 1 2 4 3 3 3 2 3 3 4 4 5 7 7 21 28 28 24 37 41 35 55 48 46 61 39 30 32 23 25 12 39 14 6 5 15 26 3 6 23 24 38 29 19 59 84 70 73 85 91 79 34 16 9 15 18 1 0 0 0 0 0 0 0 0 0 0 0 1 1 2 4 3 4 4 10 14
