sesion_6_simulaciones/modelos_agentes/ejemplos_netlogo/scenarios/echam4_b2/rob_2096.asc
NCOLS 322 
NROWS 307 
XLLCORNER 451900 
YLLCORNER 4086900 
CELLSIZE 100 
NODATA_value -9999 
[rows 222 to 295 of 307, columns 0 to 95 of 322]
0 1 2 4 3 2 7 9 1 5 5 5 12 4 4 2 2 1 1 1 3 7 8 11 6 5 4 10 17 6 4 12 14 4 10 8 4 5 9 26 7 7 13 12 8 25 15 27 36 67 64 34 23 28 25 15 24 42 26 37 47 33 28 58 41 53 37 47 39 37 33 30 13 10 7 5 3 3 0 0 0 0 0 0 1 3 7 18 21 14 9 9 15 26 48 32
1 1 1 1 1 3 4 10 7 3 3 6 8 4 2 2 2 4 5 5 6 9 5 20 9 8 6 6 7 8 4 7 5 5 12 2 2 4 5 18 10 6 4 9 3 2 8 6 8 43 56 37 40 27 23 25 15 20 36 45 40 61 36 45 60 41 41 45 53 34 18 17 11 8 3 2 1 2 1 1 0 0 0 1 2 4 8 13 30 31 14 20 29 34 9 10
1 3 7 17 7 7 6 11 7 8 11 18 7 5 4 6 4 9 3 3 20 3 6 5 5 4 3 12 6 5 4 5 3 6 4 3 4 4 4 9 5 4 4 20 22 19 19 22 22 10 16 32 23 20 16 16 18 29 33 39 45 54 38 73 74 55 45 37 35 22 15 15 8 6 5 2 1 0 0 0 0 0 1 3 5 11 8 21 46 44 21 29 37 33 9 9
2 5 7 17 21 24 7 6 3 15 12 8 5 3 3 5 1 1 0 8 4 4 12 6 3 5 4 5 3 2 2 2 3 1 2 5 2 5 2 7 3 5 10 8 11 27 21 45 49 25 14 20 14 22 12 14 20 38 33 34 51 35 33 28 40 37 28 28 18 14 14 7 6 5 2 1 1 0 0 0 0 1 3 5 7 22 28 30 61 58 50 52 27 20 12 11
0 1 2 2 6 40 19 2 8 8 12 4 8 7 1 1 0 0 2 13 2 7 7 5 2 4 2 1 2 1 2 6 3 1 2 2 3 4 2 3 7 16 20 7 15 25 32 17 54 70 21 18 8 13 15 25 24 25 31 26 22 19 27 18 16 28 38 24 13 7 6 4 7 2 1 1 1 0 0 0 0 1 5 6 7 22 45 55 61 70 53 32 25 14 11 7
1 1 3 4 8 10 5 4 4 6 9 10 15 3 1 1 3 5 11 16 3 4 5 6 3 2 2 1 1 2 1 2 6 1 1 1 2 2 14 22 5 6 5 31 15 21 44 30 28 13 23 30 26 25 25 30 38 28 31 29 28 15 19 14 15 21 19 8 5 9 5 2 2 1 1 0 0 0 1 1 2 3 8 12 10 21 50 75 63 13 13 8 10 13 8 7
1 1 2 7 6 6 6 6 3 8 6 5 6 2 4 10 10 12 10 12 3 3 3 3 1 0 2 0 1 2 0 0 1 1 1 2 1 1 9 23 15 6 19 15 69 36 16 22 24 24 16 40 36 36 43 42 28 36 21 16 14 5 2 3 11 12 11 7 6 4 3 2 1 1 0 0 0 1 2 3 5 9 10 15 26 33 37 74 45 21 18 15 12 14 8 11
0 1 3 3 5 5 7 6 5 4 4 9 6 8 7 12 7 3 8 5 2 1 1 1 0 2 0 0 1 1 0 0 1 1 3 5 3 2 1 6 10 5 5 6 26 70 38 22 20 24 22 23 25 39 54 57 36 32 11 11 5 4 6 18 19 12 4 3 5 2 1 1 0 0 0 1 3 3 4 5 14 12 24 21 45 54 52 53 31 22 26 39 19 14 9 8
1 2 2 3 6 5 10 3 5 4 2 5 4 9 5 8 6 3 2 4 1 1 1 0 1 0 0 1 0 1 0 0 0 1 1 3 2 8 4 2 7 19 15 20 36 17 23 15 12 17 15 17 29 33 34 40 48 36 34 15 17 13 8 11 16 9 3 3 1 1 0 0 0 0 1 2 3 5 7 11 24 17 33 28 27 63 79 51 37 45 55 42 18 11 9 3
0 1 2 4 3 3 3 8 1 4 2 2 3 3 2 5 3 1 1 1 0 0 0 0 0 0 0 0 0 0 0 0 2 1 1 1 7 3 5 5 2 6 39 56 68 33 14 9 21 27 29 14 23 35 31 38 36 15 23 31 16 12 6 10 5 9 4 2 1 1 1 1 1 1 2 3 6 16 20 29 38 36 40 24 18 37 68 38 30 62 55 29 18 14 9 6
0 0 2 2 2 2 1 3 1 2 1 1 2 3 2 1 3 0 0 0 0 0 0 0 0 0 0 0 0 0 0 0 1 3 2 2 2 3 5 2 6 6 7 22 26 17 19 11 23 19 34 21 22 24 26 49 31 23 9 7 10 6 3 4 1 8 5 3 2 2 1 1 1 2 4 6 10 23 34 47 54 64 45 30 21 25 43 44 53 47 28 18 9 9 13 11
0 0 1 1 1 2 2 1 1 1 2 1 1 2 1 1 1 0 0 0 0 0 0 0 0 0 0 0 0 0 0 0 0 0 0 1 1 2 3 2 5 11 32 22 20 10 14 6 9 12 21 18 22 30 39 27 25 11 4 1 8 16 6 11 9 7 6 6 3 1 0 2 2 5 5 8 14 36 39 58 74 65 53 52 28 31 69 70 57 38 33 22 19 23 16 7
0 0 0 0 0 1 3 4 6 1 1 1 0 1 0 0 1 0 0 0 0 0 0 0 0 0 0 0 0 1 1 0 0 0 1 2 3 5 4 8 13 18 26 37 37 43 52 24 25 41 34 22 23 21 20 22 12 6 4 10 8 21 24 13 7 4 2 1 2 1 1 5 6 8 12 8 19 38 48 63 57 73 59 61 45 73 53 56 38 51 48 47 36 26 16 11
0 0 0 0 0 1 0 1 1 1 1 0 0 0 0 0 0 0 0 0 0 0 0 0 0 0 0 0 0 0 3 6 3 3 9 3 5 4 7 7 17 23 21 47 26 18 24 5 14 34 51 43 24 16 18 19 21 18 35 21 13 15 10 13 5 1 1 0 1 0 5 7 18 11 19 13 15 28 51 64 79 64 67 59 71 50 53 56 33 36 66 58 48 24 17 25
0 0 0 0 0 0 0 1 0 1 0 0 0 0 0 0 0 0 0 0 0 0 0 0 0 0 0 0 0 0 1 2 21 8 17 44 40 21 23 19 8 45 50 38 59 49 54 31 27 38 37 35 42 21 22 43 41 29 20 13 14 25 21 6 1 1 2 1 0 1 2 6 23 29 26 15 20 16 33 35 73 78 73 39 34 77 46 56 59 64 46 52 47 39 29 30
0 0 0 0 0 0 0 1 1 1 0 0 0 0 0 0 0 1 0 0 1 0 0 0 0 0 0 0 0 0 1 1 1 20 11 45 51 50 48 39 33 20 63 67 70 45 67 40 30 35 24 25 15 19 9 10 17 21 18 13 11 8 2 1 0 2 3 1 1 2 4 9 18 34 36 21 22 30 33 31 57 73 65 26 60 59 48 71 76 58 60 58 54 40 54 44
0 0 0 0 0 0 0 0 0 0 0 0 0 0 0 0 0 0 0 0 0 1 1 0 0 0 0 0 0 0 0 1 1 3 2 18 64 25 59 27 34 33 33 62 54 52 37 22 53 48 38 36 43 40 27 18 17 14 12 11 9 3 2 1 2 1 2 1 1 2 4 14 23 42 62 39 28 35 49 52 61 71 44 37 57 23 14 32 51 31 31 52 42 49 34 20
0 0 0 0 0 0 0 0 0 0 0 0 0 0 0 0 0 0 0 0 0 0 1 1 0 0 0 0 0 0 1 1 2 5 3 7 28 44 47 49 48 39 45 39 47 62 58 36 18 45 43 45 40 46 42 23 16 7 10 8 4 3 3 5 1 0 1 1 2 4 10 9 26 32 52 61 34 31 37 65 60 78 30 34 64 28 33 32 26 21 20 36 38 34 12 6
0 0 0 0 0 0 0 0 0 0 0 0 0 0 0 0 0 0 0 0 0 0 0 0 1 0 0 0 1 1 2 2 3 7 8 10 11 40 29 40 16 23 17 30 31 35 12 43 30 30 40 31 30 40 39 39 31 23 17 23 12 8 6 2 1 0 1 2 5 10 18 22 25 32 32 62 70 44 61 46 70 60 48 69 27 33 40 39 50 56 37 45 42 29 14 6
0 0 0 0 0 0 0 0 0 0 0 0 0 0 0 0 0 0 0 0 0 0 0 1 0 0 0 0 0 0 1 2 3 6 9 18 10 12 15 10 20 13 6 9 15 28 26 37 22 23 34 30 29 24 24 25 22 18 14 11 5 3 3 1 1 1 2 5 13 13 18 25 36 29 37 34 81 36 37 59 66 43 50 61 55 50 40 69 69 33 39 35 27 12 7 5
0 0 0 0 0 0 0 0 0 0 0 0 0 0 0 0 0 0 0 0 0 0 0 0 0 0 0 0 0 1 2 2 2 6 8 19 22 13 10 6 6 11 15 17 28 31 25 17 22 33 29 26 21 27 23 23 22 9 8 6 4 2 1 0 1 2 5 11 14 19 34 17 9 36 68 53 73 46 44 57 61 55 41 53 39 28 30 58 53 54 28 25 19 10 8 3
0 0 0 0 0 0 0 0 0 0 0 0 0 0 0 0 0 0 0 0 0 0 0 0 1 1 1 0 1 1 1 3 4 8 9 20 23 42 30 11 13 8 11 12 17 16 21 14 11 22 20 26 29 25 16 16 11 8 7 6 4 2 1 1 2 5 15 13 17 24 29 30 20 39 58 42 63 71 42 50 52 60 61 61 40 54 40 47 55 51 40 35 17 15 7 7
0 0 0 0 0 0 0 0 0 0 0 0 0 0 0 0 0 0 0 0 0 0 0 0 0 0 1 2 4 2 2 3 6 11 15 16 23 34 47 45 20 15 17 25 28 19 13 18 28 23 35 37 19 15 23 16 21 14 6 5 2 2 2 3 2 9 16 28 36 43 36 37 25 39 72 41 20 57 78 48 62 64 57 50 40 35 13 36 56 50 31 18 17 15 21 17
0 0 0 0 0 0 0 0 0 0 0 0 0 0 0 0 0 0 0 0 0 0 0 0 0 0 0 1 1 7 10 10 11 18 17 14 27 43 54 46 25 25 23 35 36 43 27 45 31 19 10 11 17 20 7 11 9 8 3 5 4 2 2 5 8 16 21 37 50 50 45 51 37 44 61 66 24 43 57 51 50 30 24 16 24 40 23 29 38 35 28 23 24 23 21 17
0 0 0 0 0 0 0 0 0 0 0 0 0 0 0 0 0 0 0 0 0 0 0 0 0 1 0 0 0 4 3 23 41 18 20 28 24 29 49 52 48 55 43 28 43 61 36 39 35 23 22 24 15 22 13 8 10 12 12 9 4 1 5 7 14 15 21 45 47 63 53 62 36 37 54 65 50 26 58 29 21 13 27 21 25 13 14 24 46 49 30 27 32 29 22 9
0 0 0 0 0 0 0 0 0 0 0 0 0 0 0 0 0 0 0 0 0 0 0 0 0 1 1 1 0 0 1 1 15 19 16 16 14 35 33 25 25 19 18 19 31 53 33 34 30 31 24 20 13 8 6 12 17 12 9 7 2 1 3 4 12 25 38 44 40 53 76 54 58 32 31 57 45 64 35 20 25 18 19 22 33 18 29 40 40 21 26 38 47 30 23 9
0 0 0 0 0 0 0 0 0 0 0 0 0 0 0 0 0 0 0 0 0 0 0 0 0 0 1 1 2 2 1 4 6 5 3 7 15 25 15 23 13 15 9 16 19 24 26 40 22 21 20 21 25 21 6 10 12 17 12 5 1 0 1 8 10 21 20 19 25 27 48 71 76 31 20 43 24 55 19 32 16 18 13 24 31 36 40 21 36 33 41 50 32 24 15 9
0 0 0 0 0 0 0 0 0 0 0 0 0 0 0 0 0 0 0 0 0 0 0 0 0 0 1 2 1 1 1 2 5 9 8 7 22 29 26 25 29 25 43 38 25 27 31 37 35 26 12 19 17 14 18 16 14 8 5 2 0 1 2 5 13 22 28 48 35 21 34 39 54 59 32 29 51 38 28 25 11 25 30 24 15 35 43 39 51 59 38 38 22 14 11 16
0 0 0 0 0 0 0 0 0 0 0 0 0 0 0 0 0 0 0 0 0 0 0 0 3 5 2 1 3 6 7 4 10 12 12 13 22 38 31 32 41 32 27 31 30 31 48 56 38 30 35 30 37 38 25 11 8 9 6 3 1 4 3 7 19 27 44 56 54 33 23 25 42 55 58 30 59 34 37 37 32 21 31 43 38 40 56 51 45 57 57 31 32 23 11 13
0 0 0 0 0 0 0 0 0 0 0 0 0 0 0 0 0 0 0 0 0 0 0 1 3 8 7 2 1 3 4 5 4 6 10 10 13 21 20 44 57 32 40 42 56 54 50 57 46 40 45 52 40 26 24 20 18 9 6 3 1 5 6 15 26 40 61 55 37 37 32 38 38 28 18 63 59 35 28 26 20 26 47 44 50 61 60 70 60 56 34 25 23 24 16 11
0 0 0 0 0 0 0 0 0 0 0 0 0 0 0 0 0 0 0 0 0 0 0 3 4 1 4 3 3 7 8 7 4 3 6 7 15 22 32 33 27 30 62 59 69 61 48 36 34 33 17 30 38 23 18 16 9 7 7 2 1 5 6 18 33 47 56 53 49 57 47 38 60 54 39 38 53 43 19 25 30 43 46 31 47 52 54 43 60 36 24 21 34 23 17 14
0 0 0 0 0 0 0 0 0 0 1 0 0 0 0 0 0 0 0 0 0 0 0 2 0 1 3 8 9 22 55 10 18 13 8 5 10 43 32 37 52 14 19 10 17 37 26 43 29 35 31 33 34 31 15 10 10 9 7 3 2 8 10 20 42 65 55 50 37 70 78 30 59 68 64 47 32 31 29 16 27 27 36 56 50 48 37 36 44 40 41 45 39 36 17 6
0 0 0 0 0 0 0 0 0 0 0 0 0 0 0 0 0 0 0 0 0 0 0 1 0 0 0 5 5 5 16 52 18 26 26 25 30 31 25 27 41 45 35 44 48 34 40 56 45 45 43 26 23 21 19 15 14 13 11 4 5 12 32 36 47 54 55 49 39 34 58 71 34 53 59 56 41 19 39 29 43 49 36 31 46 47 39 32 38 61 56 51 30 18 17 6
0 0 0 0 0 0 0 0 0 0 0 0 0 0 0 0 0 0 0 0 0 0 0 2 1 0 1 1 3 6 3 7 27 20 41 43 27 7 9 9 22 29 30 39 55 61 48 33 52 47 35 46 41 25 19 28 15 13 13 4 7 19 40 54 65 68 48 41 66 53 34 26 58 59 40 53 34 29 57 54 18 19 24 34 37 31 50 42 48 34 36 23 14 14 8 7
0 0 0 0 0 0 0 0 0 0 0 0 0 0 0 0 0 0 0 0 0 0 1 2 2 1 1 2 3 3 4 1 2 4 6 8 8 8 9 7 6 13 12 18 41 45 34 56 56 53 49 46 42 38 35 31 25 15 11 3 13 24 38 62 70 64 47 56 54 71 45 40 22 18 30 32 57 41 23 33 29 43 41 53 48 43 59 55 34 24 23 24 15 6 7 8
0 0 0 0 0 0 0 0 0 0 0 0 0 0 0 0 0 0 0 0 0 1 1 2 1 0 1 3 2 5 7 2 10 17 24 23 20 19 20 10 9 11 38 50 54 39 49 47 53 56 55 47 44 43 36 32 27 17 8 3 5 21 56 66 59 71 51 57 54 43 79 48 32 19 10 50 30 42 34 37 42 59 62 56 48 61 52 45 29 25 25 22 12 8 12 15
0 0 0 0 0 0 0 0 0 0 0 0 1 1 0 1 0 0 0 0 0 0 1 1 1 2 0 2 3 6 4 11 11 9 13 16 14 16 8 15 39 50 28 31 28 44 42 42 55 48 58 56 48 41 38 36 21 17 9 7 5 12 36 64 81 69 48 58 50 40 33 43 45 10 6 15 51 55 56 47 45 48 55 65 60 43 51 39 56 36 24 19 7 15 9 30
0 0 0 0 0 0 0 0 0 0 0 0 0 0 1 0 0 0 0 0 0 0 1 2 2 1 1 2 2 2 4 23 8 9 13 18 19 12 20 24 49 42 43 42 48 52 54 50 64 59 60 52 51 44 42 25 19 15 17 7 9 13 34 53 71 57 66 68 53 65 55 51 39 13 13 24 38 34 46 39 41 41 43 51 43 42 44 53 59 56 28 25 17 23 18 37
0 0 0 0 0 0 0 0 0 0 0 0 0 3 0 0 0 0 0 0 0 0 1 0 0 0 4 1 2 2 7 6 11 17 14 17 18 24 34 29 24 38 45 54 55 61 56 67 64 46 42 43 42 48 48 31 24 19 14 6 10 18 33 48 60 51 42 57 69 50 63 45 40 14 25 32 38 42 31 30 37 41 32 29 32 37 39 41 38 47 43 36 16 31 36 34
0 0 0 0 0 0 0 0 0 0 0 0 0 0 0 0 0 0 0 0 0 1 1 0 0 1 1 1 3 7 11 10 11 15 12 15 27 29 36 32 37 54 58 45 41 60 64 66 53 53 49 49 43 37 35 41 38 21 10 7 11 26 40 49 49 51 40 41 62 74 58 45 31 59 41 20 15 22 31 35 31 39 42 41 31 42 29 48 38 32 41 35 18 32 33 28
0 0 0 0 0 0 0 0 0 0 0 0 0 0 0 0 0 0 0 0 0 0 0 1 1 0 1 2 7 2 2 3 11 11 15 21 26 28 29 30 37 49 39 45 61 58 63 68 50 55 51 48 42 30 33 40 23 22 20 8 9 19 51 56 60 49 43 35 33 32 38 33 31 39 7 14 19 22 21 23 27 28 27 48 43 45 41 42 35 34 38 22 21 37 30 42
0 0 0 0 0 0 0 0 0 0 0 0 0 0 0 0 0 0 0 0 0 0 1 2 1 1 1 2 1 2 3 5 8 7 13 18 22 24 20 47 37 30 33 51 26 45 65 69 69 65 37 40 38 46 44 34 28 31 20 9 4 15 26 51 52 49 74 48 45 39 31 13 22 34 17 22 29 23 22 23 34 31 39 42 45 19 24 21 30 48 38 14 28 46 46 44
0 0 0 0 0 0 0 0 0 0 0 0 0 0 0 0 0 0 0 0 0 1 1 0 0 1 1 1 1 2 4 4 4 7 10 25 14 15 30 23 21 45 57 30 48 52 55 63 56 41 40 51 53 51 47 49 43 37 24 12 6 14 35 42 46 62 69 78 38 43 29 14 14 42 38 14 22 31 39 21 24 29 41 40 31 14 37 36 31 23 17 7 32 46 42 39
0 0 0 0 0 0 0 0 0 0 0 0 0 0 0 0 0 0 0 0 0 0 0 0 1 0 0 1 1 2 5 5 4 7 10 15 13 22 31 34 25 23 30 43 42 50 40 47 49 51 51 62 62 41 44 45 45 29 28 16 10 24 31 46 54 54 64 67 53 47 29 25 29 37 19 15 16 20 29 31 23 56 46 26 36 43 39 33 20 11 9 20 39 45 40 41
0 0 0 0 0 0 0 0 0 0 0 0 0 0 0 0 0 0 0 0 0 0 0 0 0 0 1 1 2 2 3 2 3 5 14 7 28 25 32 16 12 14 22 38 51 48 49 55 60 62 60 59 50 39 34 32 30 30 30 27 15 30 42 53 61 57 45 35 51 59 42 12 20 39 12 15 37 38 38 47 43 32 36 36 42 47 25 30 19 16 17 35 38 40 28 39
0 0 0 0 0 0 0 0 0 0 0 0 0 0 0 0 0 0 0 0 0 0 0 0 0 1 1 1 1 1 2 2 3 4 17 7 4 3 4 11 14 30 44 53 56 53 50 57 46 64 50 47 57 40 45 31 28 30 28 27 18 40 50 48 59 51 41 19 33 47 38 17 27 30 12 7 18 43 47 46 51 26 37 40 39 44 26 22 37 18 32 34 19 41 39 37
0 0 0 0 0 0 0 0 0 0 0 0 0 0 0 0 0 0 0 0 0 0 0 0 1 0 1 1 1 1 3 3 2 15 3 2 6 11 14 16 29 43 39 49 56 62 59 59 48 52 52 52 54 54 50 47 41 31 31 17 34 44 60 73 60 50 35 35 38 33 36 12 17 20 30 16 20 24 41 49 41 47 33 40 44 39 31 11 16 30 28 17 25 29 52 34
0 0 0 0 0 0 0 0 0 0 0 0 0 0 0 0 0 0 0 0 0 0 0 0 0 0 1 1 1 1 2 2 3 3 1 2 4 7 14 48 28 30 43 49 54 60 51 49 46 40 48 50 53 42 50 38 46 44 31 30 37 59 47 59 53 44 35 42 38 24 39 25 14 23 23 19 23 27 30 33 45 39 30 32 40 31 19 6 15 38 18 27 34 31 49 29
0 0 0 0 0 0 0 0 0 0 0 0 0 0 0 0 0 0 0 0 1 0 0 0 1 0 1 1 0 1 3 9 3 0 1 4 3 12 20 23 26 40 46 32 41 46 51 53 42 48 48 50 52 52 53 50 50 47 35 33 35 39 43 41 52 62 42 59 52 30 18 14 20 18 26 32 21 22 21 23 33 32 29 39 43 31 15 8 31 30 29 46 48 32 37 26
0 0 0 0 0 0 0 0 0 0 0 0 0 0 0 0 0 0 0 0 0 0 0 0 0 0 0 0 1 1 4 2 0 1 4 1 5 4 9 29 42 26 21 57 56 35 46 51 52 50 49 50 50 50 52 52 49 34 34 36 37 55 33 34 27 44 60 56 46 33 34 26 12 17 12 15 11 17 29 37 29 37 31 47 49 15 9 30 24 30 42 46 35 19 31 29
0 0 0 0 0 0 0 0 0 0 0 0 0 0 0 0 0 0 0 0 0 0 0 0 0 0 0 0 2 1 2 0 0 1 2 6 3 5 12 19 24 24 36 18 33 29 44 60 48 48 50 51 51 49 52 52 36 25 38 49 37 50 40 38 34 40 39 66 29 21 7 15 9 6 7 15 23 22 21 24 29 26 48 47 24 13 20 27 32 25 28 35 44 30 31 27
0 0 0 0 0 0 0 0 0 0 0 0 0 0 0 0 0 0 0 0 0 0 0 0 0 0 0 1 2 1 1 0 0 1 4 6 6 5 7 11 15 26 22 18 24 57 46 44 44 61 52 48 50 51 51 49 34 25 45 47 61 61 40 38 27 43 44 36 40 13 7 5 7 11 11 23 19 25 23 30 25 35 28 21 14 21 33 36 27 40 35 23 22 26 21 17
0 0 0 0 0 0 0 0 0 0 0 0 0 0 0 0 0 0 0 0 0 0 0 0 0 0 0 1 1 0 1 0 1 2 6 4 4 5 5 4 6 17 33 32 39 33 41 46 57 46 48 63 32 48 48 34 21 43 50 47 70 59 35 44 27 22 29 43 26 4 14 4 5 10 13 19 20 25 30 28 26 38 19 25 18 31 34 36 27 26 31 20 19 24 28 21
0 0 0 0 0 0 0 0 0 0 0 0 0 0 0 0 0 0 0 0 0 0 0 0 0 0 0 1 0 0 0 0 1 4 5 4 2 4 3 6 11 16 23 43 29 31 35 58 43 43 63 51 50 50 35 33 21 39 59 54 55 57 36 41 39 24 24 18 26 3 4 12 12 9 11 15 29 26 40 44 33 33 15 12 17 32 39 39 40 33 28 27 18 20 34 24
0 0 0 0 0 0 0 0 0 0 0 0 0 0 0 0 0 0 0 0 0 0 0 0 0 0 0 0 0 0 1 1 2 3 1 0 3 2 4 4 6 13 23 36 37 27 53 33 54 61 44 44 50 49 36 33 20 36 57 56 44 46 25 25 36 17 28 8 10 2 3 12 4 10 13 18 25 42 68 43 44 17 12 16 27 29 36 36 24 14 19 34 13 14 25 38
0 0 0 0 0 0 0 0 0 0 0 0 0 0 0 0 0 0 0 0 0 0 0 0 0 0 0 0 0 0 0 0 1 1 0 1 1 1 2 6 10 15 22 27 24 16 37 47 47 43 51 42 45 47 48 30 29 34 58 67 50 39 28 18 30 23 6 7 13 2 5 5 6 9 13 20 44 27 29 39 17 11 14 28 26 33 40 32 17 17 25 12 7 8 13 35
0 0 0 0 0 0 0 0 0 0 0 0 0 0 0 0 0 0 0 0 0 0 0 0 0 0 0 0 0 0 1 1 1 0 0 0 1 2 2 2 4 12 10 14 27 14 12 13 27 33 48 44 43 45 32 20 33 44 55 50 63 44 20 16 16 17 8 2 6 0 1 2 5 10 18 33 41 42 38 39 18 10 16 26 26 47 50 36 22 19 22 21 16 8 12 22
0 0 0 0 0 0 0 0 0 0 0 0 0 0 0 0 0 0 0 0 0 0 0 0 0 0 0 0 0 0 1 0 0 0 0 1 0 1 1 2 7 9 6 14 9 12 17 26 30 44 37 45 45 30 28 17 27 41 54 46 44 20 17 16 13 4 5 4 4 1 1 2 3 3 18 41 40 38 24 25 10 14 23 24 26 45 37 13 18 26 14 23 10 10 12 24
0 0 0 0 0 0 0 0 0 0 0 0 0 0 0 0 0 0 0 0 0 0 0 0 0 0 0 0 0 0 0 0 0 0 1 1 1 1 2 5 4 6 14 7 10 12 26 26 38 30 33 37 43 28 12 25 29 61 46 39 28 24 13 21 12 3 2 6 2 1 2 5 8 20 33 31 29 14 14 8 10 22 21 22 25 46 40 8 9 23 13 27 10 10 13 38
0 0 0 0 0 0 0 0 0 0 0 0 0 0 0 0 0 0 0 0 0 0 0 0 0 0 0 0 0 0 0 0 0 1 1 1 1 1 3 1 6 6 4 9 10 18 23 36 39 33 45 34 26 28 16 27 28 50 56 24 19 17 6 3 7 5 2 2 2 4 6 4 8 15 13 28 22 18 7 18 13 21 24 34 26 38 39 14 14 14 7 30 11 10 11 20
0 0 0 0 0 0 0 0 0 0 0 0 0 0 0 0 0 0 0 0 0 0 0 0 0 0 0 0 0 0 0 0 1 1 0 0 1 1 2 3 9 6 12 6 10 24 30 21 24 44 38 26 23 25 14 37 46 34 35 29 14 10 8 3 7 5 2 1 1 4 2 4 12 12 22 15 20 24 13 25 23 19 23 30 20 20 24 19 23 12 10 30 10 10 8 15
0 0 0 0 0 0 0 0 0 0 0 0 0 0 0 0 0 0 0 0 0 0 0 0 0 0 0 0 0 0 0 1 0 0 0 0 0 0 2 2 4 2 15 9 13 24 11 17 31 29 23 24 20 21 21 35 37 37 22 17 6 5 5 3 2 3 2 0 1 5 3 8 12 21 20 22 26 28 16 20 20 27 22 25 16 12 18 17 16 13 11 27 9 7 10 13
0 0 0 0 0 0 0 0 0 0 0 0 0 0 0 0 0 0 0 0 0 0 0 0 0 0 0 0 0 0 1 1 0 0 1 0 0 0 1 2 2 3 7 11 11 12 14 17 22 22 20 20 16 18 24 19 26 37 16 7 8 2 3 2 1 1 0 0 0 1 3 14 24 19 15 18 18 8 11 15 16 24 21 24 15 20 24 27 17 14 9 18 15 4 11 13
0 0 0 0 0 0 0 0 0 0 0 0 0 0 0 0 0 0 0 0 0 0 0 0 0 0 0 0 0 0 0 0 0 0 0 0 0 0 3 1 1 1 6 4 13 8 10 8 20 23 15 15 12 13 18 24 19 27 12 8 4 3 2 1 0 0 1 1 1 2 3 10 13 9 11 12 7 9 16 14 15 23 23 11 16 15 20 20 14 13 7 12 13 4 4 15
0 0 0 0 0 0 0 0 0 0 0 0 0 0 0 0 0 0 0 0 0 0 0 0 0 0 0 0 0 0 0 0 0 0 0 0 1 0 3 1 0 1 6 4 8 7 10 17 14 15 15 12 11 23 22 12 18 11 8 2 2 2 1 1 0 0 1 2 2 1 5 10 21 24 26 8 8 9 13 19 24 13 19 9 14 20 18 15 10 11 6 9 12 9 3 5
0 0 0 0 0 0 0 0 0 0 0 0 0 0 0 0 0 0 0 0 0 0 0 0 0 0 0 0 0 0 0 0 0 1 0 0 1 0 6 2 0 2 1 5 4 5 11 5 10 12 8 10 8 18 22 10 8 6 5 4 1 1 1 0 0 0 0 1 1 1 4 8 16 35 20 9 9 13 11 21 18 15 13 12 6 14 14 16 9 11 3 8 5 5 3 2
0 0 0 0 0 0 0 0 0 0 0 0 0 0 0 0 0 0 0 0 0 0 0 0 0 0 0 0 0 0 0 0 0 0 0 1 0 0 2 2 1 2 1 5 3 3 4 3 6 7 10 5 6 9 9 24 3 3 2 1 1 0 0 0 0 0 1 1 1 1 5 8 7 28 14 6 13 12 10 11 17 13 10 8 7 12 10 15 9 7 3 6 5 2 3 1
0 0 0 0 0 0 0 0 0 0 0 0 0 0 0 0 0 0 0 0 0 0 0 0 0 0 0 0 0 0 0 0 0 0 0 0 0 0 0 3 1 1 2 4 1 3 2 4 6 3 6 4 5 4 10 6 5 2 1 0 1 0 0 0 0 0 1 1 2 2 4 9 12 12 7 12 11 11 9 7 9 11 13 7 5 10 9 9 7 4 2 6 3 3 3 1
0 0 0 0 0 0 0 0 0 0 0 0 0 0 0 0 0 0 0 0 0 0 0 0 0 0 0 0 0 0 0 0 0 0 0 0 0 0 0 1 3 2 2 1 1 1 1 3 3 1 5 3 3 2 4 6 3 2 0 0 0 0 0 0 0 0 0 1 2 4 10 9 10 4 12 11 10 15 12 7 5 7 6 7 8 10 3 6 3 2 2 8 2 4 2 1
0 0 0 0 0 0 0 0 0 0 0 0 0 0 0 0 0 0 0 0 0 0 0 0 0 0 0 0 0 0 0 0 0 0 0 0 0 0 0 1 4 2 1 0 1 1 2 1 2 1 2 3 2 4 3 2 1 1 1 0 0 0 0 0 0 0 0 1 2 3 8 12 3 4 7 6 12 7 6 3 3 2 5 6 4 3 4 4 3 1 1 5 2 2 3 1
0 0 0 0 0 0 0 0 0 0 0 0 0 0 0 0 0 0 0 0 0 0 0 0 0 0 0 0 0 0 0 0 0 0 0 0 0 0 0 0 1 1 1 0 0 4 2 1 1 2 3 3 1 3 4 1 2 0 0 0 0 0 0 0 0 0 0 1 3 8 6 3 3 5 4 5 4 4 2 1 2 3 4 3 3 3 4 2 0 1 0 2 3 1 1 1
0 0 0 0 0 0 0 0 0 0 0 0 0 0 0 0 0 0 0 0 0 0 0 0 0 0 0 0 0 0 0 0 0 0 0 0 0 0 0 0 1 1 1 1 1 7 1 1 1 1 2 1 2 4 3 1 1 0 0 0 0 0 0 0 0 0 1 1 9 4 2 3 5 4 4 4 5 5 3 2 2 3 3 4 2 2 1 2 0 1 1 1 2 0 0 1
0 0 0 0 0 0 0 0 0 0 0 0 0 0 0 0 0 0 0 0 0 0 0 0 0 0 0 0 0 0 0 0 0 0 0 0 0 0 0 0 1 1 0 1 0 1 1 2 1 0 0 2 2 2 2 1 1 0 0 0 0 0 0 0 0 0 1 2 2 3 3 3 3 4 6 2 2 4 3 1 2 2 2 3 1 1 0 1 0 0 1 0 1 0 0 0
0 0 0 0 0 0 0 0 0 0 0 0 0 0 0 0 0 0 0 0 0 0 0 0 0 0 0 0 0 0 0 0 0 0 0 0 0 0 0 0 0 0 0 1 0 1 1 1 1 1 1 2 1 1 1 0 0 0 0 0 0 0 0 0 0 0 0 2 3 2 2 2 2 4 2 1 1 4 3 1 2 1 1 1 1 1 0 0 1 1 1 0 0 0 0 1
