sesion_6_simulaciones/modelos_agentes/ejemplos_netlogo/scenarios/echam4_b2/rob_2072.asc
NCOLS 322 
NROWS 307 
XLLCORNER 451900 
YLLCORNER 4086900 
CELLSIZE 100 
NODATA_value -9999 
[rows 74 to 147 of 307, columns 96 to 191 of 322]
4 15 9 7 5 8 6 21 7 7 4 24 7 33 21 10 1 0 1 1 8 8 2 1 1 0 0 0 0 0 0 0 0 0 0 0 0 0 0 0 0 0 0 0 0 0 0 0 0 0 0 1 2 1 1 1 1 2 5 4 3 22 14 9 16 24 13 21 26 27 22 31 18 32 12 13 25 26 23 25 15 40 61 58 46 31 38 46 32 42 35 33 32 18 4 2
6 8 8 6 4 6 11 14 8 17 15 8 5 6 10 22 6 6 6 12 36 9 5 2 1 1 0 0 0 0 0 2 1 0 1 0 0 0 0 0 0 1 1 1 2 0 0 2 3 0 0 0 0 1 0 1 1 3 3 1 4 4 10 7 11 9 8 11 15 24 10 35 10 13 8 5 17 9 8 25 35 39 21 23 34 36 35 34 50 49 62 65 46 36 16 8
13 7 7 7 5 10 5 21 7 25 27 7 7 17 9 7 10 20 15 17 27 20 16 8 1 1 0 0 0 0 1 2 1 1 1 1 1 0 0 0 0 0 0 0 0 1 0 1 1 2 0 0 0 0 0 0 1 2 1 1 2 1 5 5 6 6 9 5 15 10 4 13 9 6 8 6 5 4 32 17 18 24 41 30 47 54 54 67 74 61 67 68 56 47 32 22
16 4 12 11 9 7 9 13 11 17 59 13 13 12 12 16 34 9 23 21 34 36 12 6 7 1 0 0 1 1 2 0 1 0 1 0 3 0 0 2 0 0 0 0 0 0 1 1 1 5 2 1 1 0 0 0 1 0 0 0 1 0 3 2 3 2 6 4 6 3 2 2 6 2 6 2 2 4 16 10 22 24 24 42 64 64 74 60 63 75 58 65 51 47 35 32
16 8 14 13 21 10 14 14 5 35 60 46 23 10 18 24 27 31 48 12 10 16 21 25 4 2 3 4 5 2 2 1 1 1 0 0 1 1 1 2 1 0 0 0 0 0 2 2 1 8 5 3 2 1 1 0 0 0 0 0 1 0 1 1 1 1 1 3 1 1 1 1 4 3 2 1 2 4 5 7 19 42 63 56 66 72 49 61 69 52 60 46 41 45 44 63
34 34 9 39 44 26 8 18 7 22 26 57 31 17 18 3 24 61 27 19 19 9 26 36 7 3 17 18 12 10 10 2 0 0 0 1 2 0 1 2 2 0 0 0 0 0 1 10 6 7 7 6 6 1 4 2 2 0 0 0 1 1 0 0 0 1 1 1 0 0 1 3 3 2 10 8 2 1 5 14 23 36 42 49 42 62 63 76 61 47 46 37 34 50 72 58
69 77 53 50 14 10 7 6 7 26 12 8 39 46 7 18 59 27 16 10 17 8 3 21 25 17 21 12 20 12 30 12 1 1 2 3 1 1 0 1 4 1 0 0 1 3 1 1 9 4 10 20 8 4 6 1 3 5 3 2 2 0 3 1 0 0 1 1 2 3 2 0 0 1 1 6 9 17 5 12 16 15 42 35 35 43 60 71 57 52 49 39 71 73 40 37
54 52 69 12 9 11 14 11 11 15 15 3 10 18 17 26 11 36 32 20 14 18 3 5 25 37 30 10 6 8 8 3 6 9 6 4 4 4 1 1 5 3 0 0 2 2 1 1 4 1 18 26 6 23 9 3 10 3 2 2 4 1 2 3 2 1 2 2 6 1 4 1 0 0 1 1 2 16 17 20 6 15 36 36 27 38 66 56 52 47 49 58 75 63 36 58
77 78 62 30 33 32 35 23 11 14 23 3 11 21 27 13 10 57 29 18 20 50 19 15 37 78 30 3 7 10 4 4 1 1 22 6 1 1 1 3 5 6 1 1 1 1 1 2 3 10 12 42 33 30 11 8 11 4 11 3 4 3 3 3 2 2 1 1 4 1 8 11 5 3 1 1 2 2 13 37 42 10 19 22 15 53 41 28 41 59 49 72 50 47 39 70
31 54 80 74 15 14 38 36 51 22 22 6 20 46 30 7 12 72 17 30 25 26 13 46 22 24 10 18 17 10 6 4 2 9 31 11 4 1 1 5 2 1 2 1 1 1 1 2 3 9 5 36 28 40 18 15 26 8 18 10 5 6 3 3 5 2 6 1 4 11 15 14 5 3 4 1 1 3 4 34 25 19 5 14 33 14 22 26 40 34 46 42 27 38 41 83
21 32 49 66 68 19 34 24 18 48 36 14 22 47 34 18 26 69 30 27 12 9 58 60 44 28 11 31 25 11 4 2 14 48 41 33 20 5 5 7 4 0 1 1 1 2 2 2 5 2 1 9 46 56 21 29 19 19 38 21 9 6 3 1 10 3 14 5 5 12 24 15 3 2 4 2 3 3 4 10 40 43 30 14 4 21 34 44 36 53 19 35 36 62 37 74
22 39 60 45 66 66 57 57 28 38 56 13 28 60 42 50 33 43 48 58 51 11 27 35 72 55 48 51 38 40 15 46 58 38 31 52 41 7 3 9 3 1 2 1 1 2 3 2 4 4 6 12 56 58 29 16 25 54 42 34 13 3 6 8 17 8 29 17 12 6 29 13 14 11 8 3 3 5 5 6 15 47 23 34 32 9 26 9 38 16 16 37 27 63 36 56
24 21 13 13 35 57 36 22 25 34 39 18 41 70 53 17 35 27 48 59 68 56 22 22 27 33 63 81 39 39 65 63 67 41 46 42 30 37 11 15 5 11 5 7 2 3 6 9 7 10 7 15 53 81 47 28 56 44 58 40 16 8 8 8 31 13 27 19 19 9 21 12 8 2 6 2 1 3 5 5 3 35 48 31 19 49 22 21 26 26 26 41 51 67 71 35
19 11 1 4 30 33 10 17 21 31 17 31 64 60 26 13 24 30 55 54 66 88 44 20 17 25 73 70 76 27 75 52 50 57 75 63 31 46 15 25 15 42 4 17 9 4 4 3 6 8 9 8 29 77 60 69 54 67 81 40 17 14 16 28 27 16 26 23 16 3 4 7 16 9 12 4 1 2 4 8 16 4 41 44 38 44 57 63 78 49 70 74 57 30 76 27
26 24 8 5 31 24 15 24 29 21 26 36 48 58 28 10 58 58 41 44 49 61 76 74 49 29 54 67 80 76 66 80 72 34 37 25 24 53 12 16 62 30 12 6 5 6 3 5 11 19 27 14 20 51 53 66 64 78 77 53 43 46 40 40 40 11 24 29 20 6 5 18 29 13 5 17 3 2 3 6 11 10 11 41 55 72 54 25 25 39 44 70 62 34 51 68
28 14 15 6 17 13 10 46 26 20 16 23 71 47 21 11 59 41 56 63 59 67 79 77 74 45 49 22 42 76 58 61 65 52 50 45 32 23 31 69 25 27 7 3 7 14 5 7 12 24 24 29 20 25 23 53 69 73 81 54 39 44 38 61 52 19 30 44 12 3 3 16 11 11 30 18 5 4 1 5 6 15 23 9 46 70 59 56 55 46 31 30 48 32 20 44
14 18 9 8 6 5 6 36 31 11 35 51 74 70 25 11 42 14 48 81 78 77 44 56 77 60 56 42 72 91 84 78 52 64 45 26 28 22 48 21 17 12 4 14 37 17 9 10 8 11 14 19 18 19 8 12 52 71 83 49 66 58 70 75 75 27 59 38 25 10 6 12 24 26 49 6 4 19 3 4 5 10 23 24 11 56 53 34 18 30 29 29 23 39 39 38
32 29 19 11 10 5 5 12 26 27 29 63 49 37 53 23 52 18 9 37 44 78 57 50 46 29 50 67 87 92 74 81 84 77 71 37 18 28 68 10 34 25 35 41 41 19 27 5 4 9 31 38 50 51 52 23 8 7 38 54 53 62 74 81 81 45 83 49 46 34 13 15 23 56 28 5 12 11 5 2 8 13 20 22 25 8 22 41 32 32 19 31 55 66 57 57
19 17 10 8 8 7 4 2 15 33 41 43 42 19 22 12 57 30 15 57 50 57 43 53 62 53 41 71 47 76 79 76 78 69 21 28 35 41 39 19 49 48 62 44 34 17 40 27 25 17 25 29 37 29 40 15 6 7 9 38 64 84 75 83 71 38 73 63 25 20 26 40 25 39 14 14 27 14 15 14 8 14 14 17 31 21 6 12 15 22 44 56 66 69 68 62
11 10 11 10 9 7 7 4 6 13 29 42 41 34 18 12 61 25 10 39 30 37 42 53 41 63 58 67 51 21 44 52 41 28 45 43 65 76 44 43 18 55 87 41 22 57 37 22 31 15 24 23 18 28 33 40 23 11 12 63 83 78 84 88 82 78 76 80 59 20 39 28 23 7 9 28 19 5 14 4 6 10 12 15 27 20 29 12 5 27 51 75 82 76 75 51
15 7 20 28 18 15 15 16 10 12 21 33 29 23 22 12 38 19 8 20 36 31 27 33 38 57 55 54 57 44 23 18 26 45 43 73 82 52 56 64 38 78 84 46 64 52 42 17 49 21 35 31 48 63 67 56 37 14 17 31 79 71 87 86 81 73 80 83 73 41 28 36 31 22 19 17 18 44 9 10 4 4 15 15 12 24 42 42 16 19 30 29 49 58 63 57
35 33 23 39 36 28 31 29 21 5 13 18 17 20 15 18 16 12 10 20 21 25 13 20 36 42 47 47 47 60 21 27 29 46 85 87 67 41 69 76 59 72 78 61 52 60 46 30 54 28 25 46 46 65 71 59 42 20 13 18 24 72 84 85 78 68 83 74 46 16 30 50 17 28 43 26 32 12 4 16 4 5 12 14 41 27 18 27 38 42 42 23 16 19 33 39
39 23 37 35 44 34 47 33 20 19 3 6 5 10 17 12 16 14 8 9 22 23 15 15 15 18 51 45 41 21 30 16 41 83 79 79 35 58 87 66 48 53 62 22 34 80 45 62 59 46 30 56 76 53 33 41 49 50 41 25 30 48 71 76 78 73 52 57 29 26 42 38 27 36 42 45 28 15 15 15 11 4 9 32 36 39 29 29 37 44 59 60 46 24 16 31
30 36 43 29 46 42 35 33 30 31 33 16 10 4 4 6 15 13 6 5 13 6 8 10 9 16 46 58 37 26 37 12 57 80 66 42 45 80 90 74 37 48 43 32 78 68 47 42 73 66 30 45 54 73 61 45 18 31 39 49 41 49 40 54 35 56 61 55 27 44 53 46 34 29 46 36 27 33 7 2 10 6 11 23 36 30 33 31 24 35 53 51 51 33 33 14
39 28 39 46 47 34 36 47 30 35 28 27 25 15 9 4 6 11 5 8 12 10 6 8 6 14 18 48 14 15 40 15 49 71 39 43 49 67 61 63 49 53 32 73 76 32 54 84 79 65 65 30 20 29 27 40 24 34 57 62 47 61 44 31 30 45 36 32 27 54 46 58 26 45 49 39 55 17 12 5 14 4 4 7 15 36 45 31 25 22 47 41 52 51 52 31
23 17 41 49 22 36 19 25 47 39 29 32 28 28 19 8 4 3 2 1 2 3 5 7 3 5 7 9 8 40 25 10 18 22 26 58 61 70 91 76 66 50 64 66 60 49 53 88 82 70 86 61 41 57 58 43 30 28 21 37 69 54 43 27 30 48 35 28 38 45 55 58 47 19 22 23 29 18 10 10 1 11 6 10 14 29 33 41 53 38 40 46 54 69 53 46
11 25 62 39 41 26 51 31 50 49 33 35 30 15 14 14 13 11 10 10 10 9 5 5 4 2 3 5 16 45 9 15 21 12 38 66 70 32 64 58 65 52 53 68 54 53 69 88 82 81 83 81 38 29 30 30 35 48 45 14 19 35 34 33 33 40 32 33 29 44 49 61 53 49 12 21 26 13 4 4 10 4 3 9 15 21 32 45 40 58 49 63 67 67 59 58
13 27 53 30 30 33 24 30 48 39 39 40 30 30 17 25 14 20 20 21 14 22 10 9 16 10 1 3 7 28 10 17 23 20 35 41 38 42 34 19 59 68 50 41 50 75 86 86 78 70 80 77 54 42 49 62 62 52 50 25 8 32 27 22 33 26 23 26 39 44 37 43 36 29 35 27 14 18 47 36 23 26 10 8 9 14 21 33 53 45 67 66 63 66 69 71
13 42 17 20 31 26 28 21 41 44 24 20 41 25 22 17 19 21 23 24 25 23 22 18 14 18 7 1 5 13 6 12 19 24 30 32 34 44 44 22 36 76 64 33 65 66 89 83 42 34 46 67 80 71 55 56 56 48 34 20 11 39 24 14 18 23 26 39 42 46 39 40 41 54 60 59 38 50 45 34 23 13 8 3 4 11 28 31 36 46 62 68 71 78 74 75
37 13 18 17 14 26 32 27 16 21 30 36 37 37 19 26 24 26 27 39 38 27 37 24 34 20 16 4 2 10 7 8 14 21 35 37 44 42 43 16 26 48 61 30 61 58 80 53 27 28 51 58 79 74 67 54 57 50 34 33 12 19 17 11 31 24 34 56 47 46 43 37 65 67 82 60 60 41 40 19 5 3 3 8 2 8 16 19 41 63 59 49 41 41 38 42
8 12 24 50 45 35 14 9 13 35 38 35 20 36 35 35 31 43 41 41 41 42 34 41 38 24 13 10 2 2 2 5 4 18 25 56 66 48 49 27 21 21 30 10 29 42 29 34 33 44 45 67 84 75 71 72 70 65 65 45 20 15 18 10 29 35 44 33 26 38 56 53 55 59 56 60 55 34 15 9 8 5 12 10 30 14 6 16 44 38 35 45 51 54 53 56
21 33 30 10 10 17 23 10 21 36 38 34 32 35 32 46 33 44 45 54 29 53 51 45 34 23 10 8 3 2 1 2 3 9 22 38 36 47 56 35 39 31 31 11 23 35 43 71 79 76 88 71 86 84 81 70 75 61 53 41 18 21 19 7 6 14 21 40 49 42 53 71 42 45 38 52 50 13 5 9 6 9 22 15 31 15 34 18 20 21 34 46 46 57 64 61
24 14 22 22 25 15 23 12 35 34 32 35 52 37 50 47 46 63 56 42 48 51 61 33 39 29 22 6 6 3 1 1 1 5 12 21 43 59 60 30 19 29 28 19 26 43 72 54 77 68 69 59 91 87 83 66 54 48 40 20 17 8 7 2 2 11 31 56 62 47 50 70 57 35 26 34 18 17 24 18 8 20 20 20 37 45 23 19 15 21 21 37 48 58 53 74
12 11 8 8 8 7 4 17 36 30 31 49 39 46 47 52 64 38 34 62 52 62 60 38 28 21 24 18 15 11 4 3 1 3 11 10 10 32 48 34 22 24 27 26 44 46 27 47 61 88 61 69 85 73 80 74 61 45 26 19 14 9 1 5 2 7 26 42 68 51 50 22 33 39 26 37 36 29 17 12 12 23 21 28 38 33 11 24 7 10 24 40 47 33 65 70
6 9 17 22 20 11 11 20 30 45 41 42 32 44 66 69 48 34 37 67 55 41 42 42 30 23 29 28 17 12 10 9 4 2 10 13 6 8 8 5 8 17 18 24 39 32 38 55 85 48 38 58 88 77 68 50 45 41 44 32 13 9 2 3 2 6 21 30 43 49 44 29 45 30 34 41 48 52 40 30 24 49 25 21 25 31 34 45 34 14 13 22 22 41 53 51
10 24 15 35 15 14 17 30 30 42 41 16 19 44 46 39 33 35 50 75 46 41 42 45 35 35 25 22 16 9 5 7 10 4 2 7 10 6 5 5 6 13 16 14 18 33 47 32 79 41 55 74 87 66 47 49 45 26 21 27 17 14 1 5 3 3 10 11 29 31 44 46 53 44 67 66 78 36 16 7 43 43 49 32 11 40 54 72 56 38 40 15 42 38 39 77
16 19 40 36 15 30 29 30 48 40 29 21 26 50 32 54 21 36 71 47 38 36 46 48 51 45 30 23 13 16 12 10 11 9 2 1 6 3 4 4 4 10 10 11 15 29 37 35 25 38 63 83 84 61 54 49 31 29 27 20 15 6 6 4 3 3 13 28 40 45 51 52 60 66 71 61 24 19 11 34 42 52 65 74 31 51 75 71 52 36 27 29 21 39 32 50
23 30 16 14 18 26 24 46 19 30 12 29 33 66 48 34 20 60 23 24 53 36 32 27 34 33 31 32 32 20 25 22 14 12 5 5 1 5 4 3 3 4 5 11 20 40 20 37 12 18 50 72 91 86 60 49 40 18 26 17 14 7 9 2 1 5 19 37 60 60 55 60 63 54 45 45 34 38 42 46 49 62 56 77 67 60 59 27 11 6 19 46 41 35 29 35
27 22 15 10 17 26 37 7 36 11 15 29 48 55 33 17 49 46 34 19 20 36 18 19 34 34 50 31 44 43 32 32 16 14 12 8 5 2 2 3 4 4 5 12 15 27 6 25 8 31 45 20 71 81 58 39 23 19 16 7 15 16 7 3 2 14 25 31 37 44 47 49 53 51 68 69 59 53 46 32 47 46 39 71 66 45 34 36 39 34 50 14 34 38 26 29
8 18 12 10 18 33 39 9 31 23 34 24 58 29 20 31 52 22 28 26 61 45 30 23 37 56 45 58 54 63 40 20 5 24 14 13 13 6 2 1 2 5 5 11 13 4 13 25 6 27 21 61 71 51 50 47 43 28 15 10 16 14 10 6 1 2 13 26 36 35 40 47 58 47 39 35 29 25 60 21 47 66 52 51 41 29 62 61 49 56 42 24 23 43 52 57
68 12 18 18 25 17 19 28 26 23 35 31 25 22 21 59 22 31 27 59 56 38 49 41 27 55 60 63 78 63 56 23 11 12 9 8 11 11 10 1 1 4 8 8 4 9 43 14 6 24 64 69 77 40 38 49 32 26 21 12 15 8 7 3 2 2 4 12 21 26 12 28 24 22 34 43 35 30 47 44 43 66 86 47 34 54 53 55 67 52 32 39 27 40 37 53
54 82 62 67 56 24 5 3 35 16 48 68 78 59 42 47 45 59 39 54 43 46 50 47 46 55 73 82 57 64 52 37 36 24 18 20 7 12 13 4 0 3 4 6 3 4 6 6 3 24 42 77 72 30 40 43 41 25 13 19 14 7 7 1 2 2 15 22 27 43 47 51 61 50 30 28 34 59 51 61 71 58 63 77 49 54 68 64 44 22 49 59 20 22 41 56
45 76 54 63 50 36 51 14 40 26 10 26 77 80 81 44 28 44 57 56 47 42 56 44 60 62 76 67 70 70 66 53 43 40 41 19 15 18 12 7 4 1 2 4 8 6 5 2 4 17 38 22 48 22 48 32 41 35 19 11 11 12 5 1 1 7 16 31 39 55 69 56 34 45 63 39 46 61 63 84 75 66 65 63 20 34 34 48 63 72 75 34 58 22 24 40
27 76 44 65 56 45 81 50 27 64 38 33 66 75 60 50 62 44 76 87 87 70 52 36 73 62 69 64 56 52 60 53 52 54 50 36 25 17 10 10 9 3 2 2 6 4 7 2 3 6 11 16 58 36 60 58 33 41 19 20 5 5 4 2 4 11 23 22 38 53 69 71 71 58 71 70 70 65 61 83 83 56 45 45 28 35 55 69 57 88 48 53 58 57 23 27
35 70 56 46 68 35 50 15 37 69 48 23 8 55 61 54 66 49 49 81 86 49 77 38 71 59 70 60 58 36 49 67 68 67 63 38 17 15 19 11 5 3 2 1 8 4 8 2 2 1 8 27 58 20 29 14 36 43 38 17 5 3 2 1 5 10 25 22 39 51 60 68 56 36 32 39 76 49 78 81 89 87 35 32 30 47 70 45 71 83 66 71 50 36 19 30
7 25 14 35 61 46 49 10 43 80 35 18 13 32 67 61 67 66 30 38 66 49 47 64 29 31 81 53 36 27 16 24 42 39 44 47 28 32 29 12 6 3 1 0 3 5 5 5 1 5 12 34 29 46 27 16 18 14 9 5 7 3 2 1 3 8 14 16 26 36 44 30 33 44 43 56 84 87 73 68 83 87 74 32 20 40 35 55 82 66 57 20 11 12 17 31
7 34 61 41 52 30 64 38 53 83 63 31 34 37 70 83 50 11 11 23 35 22 36 76 41 20 70 55 65 32 3 27 54 49 29 53 45 36 16 7 3 2 0 0 0 6 8 4 2 10 16 27 15 23 19 19 5 4 10 11 6 3 1 2 5 5 7 10 13 27 36 34 49 44 53 78 87 87 84 56 67 78 74 45 19 31 49 68 61 29 27 49 42 30 41 53
14 9 9 14 20 36 69 22 61 66 86 56 40 32 31 23 16 13 14 32 26 25 21 70 31 58 62 51 67 79 43 27 35 30 37 47 40 31 22 15 6 2 0 0 0 2 6 4 2 5 16 29 4 11 16 32 12 5 6 7 2 2 1 1 4 9 42 30 38 53 58 72 75 55 69 92 89 89 83 67 28 54 70 68 25 33 49 68 49 47 86 58 32 30 26 65
16 26 11 11 22 40 65 53 35 59 81 62 30 15 37 33 14 36 14 16 24 25 24 74 32 29 65 51 58 71 49 41 55 26 17 20 10 14 11 11 11 8 1 0 0 1 1 2 2 5 14 19 3 11 8 7 15 15 6 2 1 1 0 2 4 10 19 40 63 69 87 62 36 50 81 93 89 82 83 84 75 40 73 72 26 35 57 49 34 74 69 48 52 64 13 6
19 30 23 14 21 15 65 71 64 31 83 56 24 9 33 28 36 39 29 18 24 32 8 40 68 11 31 36 66 84 42 13 30 23 35 39 31 26 15 11 9 5 5 1 0 0 0 1 1 4 19 18 4 7 10 6 11 8 4 3 2 1 1 2 2 12 22 46 64 63 33 31 51 58 77 81 87 81 80 69 82 52 44 49 38 55 43 31 68 87 50 58 60 63 47 14
36 23 26 11 12 16 51 81 49 44 74 71 53 10 33 31 52 42 36 28 31 48 24 27 84 29 44 43 67 66 66 49 48 56 48 37 37 31 23 8 4 2 4 2 1 0 1 1 3 11 27 22 5 9 8 2 3 6 7 3 1 0 0 2 7 18 51 56 46 29 44 46 58 88 79 69 88 68 58 52 78 62 47 17 16 46 44 61 88 65 50 57 76 54 48 20
68 14 30 17 14 22 41 51 18 17 82 64 14 7 31 34 56 48 61 49 55 48 46 35 55 39 23 47 59 54 63 67 45 34 32 17 25 25 25 16 6 4 2 1 1 0 0 1 2 7 20 14 7 4 2 2 1 1 1 1 2 1 0 1 7 30 35 27 18 25 48 54 80 86 86 73 63 78 47 52 77 50 21 9 31 60 69 76 81 38 62 85 74 64 66 28
16 29 13 15 14 13 19 34 27 34 73 41 20 8 25 31 56 24 55 43 42 54 48 35 46 57 37 24 11 40 40 60 35 24 34 26 15 10 17 13 5 2 2 1 0 0 0 1 6 12 15 4 4 4 3 1 2 1 1 0 0 0 1 3 8 21 12 5 19 43 48 54 83 87 77 70 64 71 75 37 49 41 18 15 38 47 67 84 62 57 82 72 67 64 50 40
16 12 27 29 13 15 8 12 11 14 34 16 41 19 13 29 57 30 23 51 29 20 10 51 54 63 17 15 7 20 54 66 60 35 24 15 16 8 8 3 4 4 1 1 1 0 0 1 3 5 8 6 2 3 2 2 3 1 0 0 0 0 2 3 14 7 2 10 35 45 54 78 76 80 75 74 64 57 73 47 29 35 17 15 37 46 72 78 66 51 49 59 51 40 48 54
29 21 14 35 39 26 24 9 6 23 18 14 40 43 17 27 42 45 19 24 22 26 20 75 50 48 34 5 8 6 21 27 52 49 32 21 14 8 5 3 12 5 2 1 0 0 0 1 4 5 6 5 7 3 3 3 3 2 0 0 0 0 1 5 6 1 4 17 37 64 66 83 82 70 54 37 35 38 48 48 38 16 12 15 30 38 61 62 45 28 46 34 21 33 47 61
34 26 15 26 29 43 23 10 3 19 23 11 13 23 13 17 29 39 19 16 16 10 10 26 10 20 43 8 10 9 5 20 51 53 29 18 20 38 31 17 8 3 1 1 1 0 0 0 1 3 3 4 5 3 3 2 4 2 0 0 0 0 0 1 1 2 5 11 37 81 76 71 84 80 58 38 17 8 19 33 27 11 5 10 22 36 53 34 21 44 50 50 74 58 68 61
73 42 27 11 23 37 53 8 12 23 29 17 6 13 13 7 19 39 15 12 11 9 3 14 3 6 28 20 5 12 4 5 25 67 48 25 13 9 9 6 4 3 3 1 0 1 1 0 0 3 3 3 3 6 2 1 2 1 1 0 0 0 0 0 2 11 16 40 64 59 82 85 76 84 79 57 38 18 7 8 21 14 4 2 7 18 23 9 21 43 47 76 76 62 55 61
65 86 43 25 8 15 14 13 14 22 18 11 23 8 11 4 5 37 19 12 8 6 3 9 10 1 16 22 7 12 7 3 13 37 56 37 21 20 23 15 5 3 2 1 0 0 1 0 0 0 3 4 3 1 3 2 1 1 0 0 0 0 0 1 4 18 32 21 31 54 76 72 69 71 85 61 37 15 7 4 5 4 0 2 7 4 6 13 35 46 74 75 46 56 62 63
21 79 84 61 31 16 5 26 11 9 9 10 28 13 8 6 6 32 22 16 6 2 2 5 13 1 9 11 8 12 7 4 13 10 14 44 20 7 13 13 7 2 1 1 0 0 0 0 0 0 1 3 3 2 2 1 1 0 0 0 0 0 0 1 4 3 4 20 63 69 66 63 57 62 67 58 37 17 17 7 2 1 1 2 10 21 23 17 29 54 55 37 34 54 68 62
14 58 65 78 48 25 12 24 23 7 17 11 14 13 20 13 6 13 29 8 5 4 1 3 9 4 6 9 2 12 13 3 11 11 12 6 47 24 21 11 6 2 2 1 0 0 0 0 0 0 1 1 1 1 3 1 1 1 0 0 0 0 0 2 3 7 15 23 59 74 67 79 69 31 34 45 31 27 21 12 3 0 1 2 9 19 43 56 31 26 21 33 46 56 77 58
33 47 40 64 36 20 19 18 21 17 13 11 13 20 16 14 11 10 16 15 5 4 2 6 11 9 6 7 3 5 16 6 2 5 8 19 24 6 33 12 4 2 1 2 0 0 0 0 0 0 0 0 1 1 3 1 1 1 0 0 0 0 0 1 3 6 12 37 58 67 86 79 79 56 27 17 27 21 17 12 2 0 2 8 13 23 46 65 62 50 51 32 49 56 81 71
25 41 17 43 47 40 28 20 18 15 10 7 8 10 10 14 8 9 6 12 7 4 2 3 3 8 7 7 4 2 4 2 1 6 10 18 20 9 36 7 9 6 2 2 1 0 0 0 0 0 0 0 0 1 4 2 1 0 0 0 0 0 0 1 3 7 13 24 55 44 79 76 66 61 65 34 28 18 7 2 1 0 1 6 20 36 52 61 70 59 58 52 45 70 91 80
33 28 26 19 27 14 19 16 42 32 14 4 9 7 6 12 6 6 7 7 6 6 2 1 3 6 2 6 5 2 2 1 3 4 32 36 17 13 6 11 8 5 2 1 1 0 0 0 0 0 0 0 0 0 3 1 1 0 0 0 0 0 0 0 3 7 13 44 63 69 74 80 70 55 47 45 23 16 5 1 0 2 4 2 8 27 42 53 61 42 58 61 77 91 90 81
17 30 19 14 12 9 10 7 10 11 7 7 4 5 4 4 4 4 4 6 6 4 2 0 1 7 1 4 2 3 2 1 4 12 18 27 36 58 51 31 7 4 2 1 1 0 0 0 0 0 0 0 0 0 1 1 1 0 0 0 0 0 0 1 3 13 40 60 66 79 78 77 77 64 29 23 23 8 5 0 1 5 13 10 9 7 16 22 28 45 47 73 71 90 91 80
9 18 9 11 4 5 4 1 4 3 2 3 5 2 2 3 2 3 3 3 4 3 2 1 1 3 1 3 3 1 2 1 1 3 5 6 7 6 8 1 5 3 3 1 1 0 0 0 0 0 0 0 0 0 0 0 1 1 0 0 0 0 0 2 8 6 17 30 60 77 60 82 62 53 26 14 12 9 4 0 1 4 13 24 45 31 38 32 44 62 66 71 82 85 82 76
2 2 4 2 2 2 2 1 4 4 1 2 1 1 2 1 1 1 1 2 2 2 3 1 1 3 5 1 3 2 1 1 1 0 0 0 1 2 3 3 3 1 1 0 0 0 0 0 0 0 0 0 0 0 0 0 0 0 0 0 0 0 0 3 4 11 12 27 46 42 54 66 64 40 18 10 5 2 1 0 1 2 7 14 24 45 64 56 69 83 76 62 77 71 78 70
9 2 1 1 2 2 3 6 4 4 8 9 9 16 5 4 1 1 0 0 1 1 1 1 1 1 3 2 2 2 1 1 0 0 0 1 0 0 1 2 4 3 2 2 1 0 0 0 0 0 0 0 0 0 0 0 0 0 0 0 0 0 1 1 3 8 13 43 37 40 56 43 45 18 10 5 1 1 0 1 2 6 11 21 26 49 84 81 41 45 79 88 70 46 51 66
23 13 4 7 8 9 9 17 9 12 22 24 32 28 19 11 6 3 2 1 1 0 1 0 0 2 2 1 1 3 1 0 0 0 1 1 0 1 0 1 3 2 1 0 1 0 0 0 0 0 0 0 0 0 0 0 0 0 0 0 0 0 0 1 3 11 15 15 23 33 34 30 38 12 8 3 1 0 1 3 7 12 19 30 59 68 60 24 35 67 90 87 89 46 31 38
34 15 9 21 23 24 26 28 29 32 30 29 30 49 29 17 11 9 6 2 2 2 0 0 0 0 1 1 2 1 0 0 0 0 1 1 1 0 0 0 1 1 1 0 0 1 0 0 0 0 0 0 0 0 0 0 0 0 0 0 0 0 0 1 6 14 25 14 8 8 19 20 11 8 2 1 0 1 2 5 14 16 34 60 59 29 12 25 48 85 89 80 71 68 17 9
37 30 16 35 35 48 33 35 51 38 53 38 53 39 32 26 37 20 5 8 6 2 1 1 1 0 0 0 0 0 0 0 0 0 1 1 1 1 1 1 1 2 2 1 0 0 0 0 0 0 0 0 0 0 0 0 0 0 0 0 0 0 1 1 5 12 22 20 6 15 10 8 6 2 0 0 0 1 3 5 14 36 32 27 11 7 19 42 61 77 79 76 51 72 29 8
42 37 25 49 64 80 67 58 73 64 60 47 74 65 64 58 29 13 13 24 10 3 3 4 3 2 1 0 0 0 0 0 0 0 0 0 0 1 2 1 0 1 0 1 1 0 0 0 0 0 0 0 0 0 0 0 0 0 0 0 0 0 1 1 4 11 28 20 7 5 7 4 2 0 0 0 0 2 3 4 19 19 14 2 7 22 37 64 75 62 71 55 39 47 55 8
68 72 63 55 61 63 47 31 66 45 44 41 44 61 67 37 36 38 33 35 21 4 1 2 6 3 2 1 1 0 0 0 0 0 1 1 0 0 0 0 0 0 0 0 0 1 0 0 0 0 0 0 0 0 0 0 0 0 0 0 0 0 0 1 1 12 36 31 6 11 4 2 1 0 0 0 0 1 3 6 5 1 2 8 18 29 41 81 79 92 63 22 19 23 35 10
65 52 77 64 63 74 69 57 45 39 51 63 41 33 51 76 69 39 11 9 10 3 1 1 3 4 2 2 1 1 0 0 0 0 0 0 0 1 0 0 0 1 1 0 0 0 0 0 0 0 0 0 0 0 0 0 0 0 0 0 0 0 0 1 2 7 21 41 20 10 3 1 0 0 0 0 0 1 3 1 0 2 8 17 23 30 64 63 76 82 79 29 8 4 21 17
70 33 73 75 46 25 53 56 65 61 38 30 75 37 41 63 42 37 24 15 13 5 6 3 4 6 3 2 1 1 1 0 0 0 0 0 0 0 0 0 0 0 0 0 0 0 0 0 0 0 0 0 0 0 0 0 0 0 0 0 0 0 0 1 1 3 6 22 21 8 3 1 0 0 0 0 0 0 0 1 2 6 10 18 37 55 64 60 54 48 76 38 12 3 3 5
