sesion_6_simulaciones/modelos_agentes/ejemplos_netlogo/scenarios/echam4_b2/rob_2041.asc
NCOLS 322 
NROWS 307 
XLLCORNER 451900 
YLLCORNER 4086900 
CELLSIZE 100 
NODATA_value -9999 
[rows 219 to 291 of 307, columns 192 to 287 of 322]
9 8 3 2 1 1 1 1 0 0 0 0 0 0 0 0 0 0 0 0 0 0 0 0 0 0 0 0 0 0 1 1 4 13 42 44 32 51 44 37 51 57 58 60 47 44 37 67 53 38 38 36 32 44 13 62 53 30 28 50 59 62 48 82 78 82 80 49 30 24 54 58 75 31 4 2 1 0 0 0 0 0 0 0 0 0 0 0 0 1 1 2 1 2 4 3
14 5 5 9 6 3 1 1 1 0 0 0 0 0 0 0 0 0 0 0 1 0 0 0 1 0 0 1 1 1 1 1 4 11 27 22 46 35 40 37 51 44 43 63 47 32 36 33 40 24 49 35 23 30 41 20 15 34 19 53 70 60 54 82 88 79 79 90 74 48 35 37 47 25 16 4 1 0 0 0 0 0 0 0 0 0 0 0 1 1 1 1 2 2 2 7
4 1 1 5 2 1 1 0 0 0 0 0 0 0 0 0 0 0 0 0 1 1 1 1 1 1 1 1 1 1 2 2 2 9 15 17 15 30 38 37 59 55 56 69 51 46 50 43 46 26 64 32 17 13 38 56 10 20 48 41 50 34 22 58 82 67 71 82 91 73 22 7 4 6 7 0 0 0 0 0 0 0 0 0 0 0 0 0 0 1 1 1 1 2 3 4
2 2 1 0 3 2 1 0 0 0 0 0 0 0 0 0 0 0 0 0 0 1 4 3 2 2 2 1 3 5 2 3 10 11 12 11 18 36 35 40 45 39 41 61 42 53 55 36 44 56 54 45 19 17 26 27 23 43 59 63 47 37 47 29 59 79 70 60 75 80 42 21 7 2 1 0 0 0 0 0 0 0 0 0 0 0 0 0 0 0 1 1 2 2 2 2
8 8 5 3 1 1 1 1 0 0 0 0 0 0 0 0 0 0 0 0 1 2 4 8 4 4 5 4 7 8 5 6 12 16 17 12 21 18 26 31 38 35 41 61 51 37 52 35 45 40 43 29 28 21 12 16 20 36 32 35 27 39 46 30 36 65 53 43 62 70 43 15 7 2 0 0 0 0 0 0 0 0 0 0 0 0 0 0 0 1 1 1 2 2 3 3
9 7 6 3 2 1 1 0 0 0 0 0 0 0 0 0 0 0 0 0 1 3 5 13 11 7 7 10 11 18 20 13 14 16 20 13 23 11 26 28 23 32 39 58 66 34 46 47 24 23 28 29 41 13 5 21 19 43 23 42 41 43 47 43 17 20 5 3 8 44 54 15 4 1 0 0 0 0 0 0 0 0 0 0 0 0 0 0 1 0 1 2 2 2 4 8
5 3 3 2 1 1 0 0 0 0 0 0 0 0 0 0 0 1 1 1 1 2 3 10 17 18 13 16 15 23 53 35 22 22 13 16 19 18 38 23 20 23 34 41 60 52 24 32 13 14 13 11 18 22 5 16 19 19 31 51 57 48 56 46 20 22 13 14 5 5 24 8 2 2 1 1 1 0 0 0 0 0 0 0 0 0 0 0 1 1 1 3 3 3 4 6
5 3 2 1 0 0 0 0 0 0 0 0 0 0 0 0 0 1 1 2 1 2 6 8 17 40 24 24 25 18 36 52 24 34 27 29 34 36 24 26 15 22 22 24 28 35 28 46 39 12 37 35 19 14 7 13 46 40 45 50 63 52 48 31 23 21 26 32 13 7 6 1 2 1 2 1 1 0 0 0 0 0 0 0 0 0 0 0 0 0 1 1 2 4 3 5
3 4 3 2 1 1 0 0 0 0 0 0 0 0 0 0 1 1 1 4 4 6 7 10 18 40 60 34 50 28 38 53 37 25 43 47 38 33 34 30 9 15 13 24 33 39 48 57 70 31 29 28 22 10 15 17 31 29 44 53 55 40 35 26 49 37 41 32 15 10 3 2 2 3 3 2 1 1 0 0 0 0 0 0 0 0 0 0 0 0 0 1 1 1 4 6
5 3 1 1 1 0 0 0 0 0 0 0 0 0 0 0 0 1 3 5 8 18 29 19 25 38 71 36 55 32 38 55 20 23 44 45 50 45 36 35 22 23 20 16 34 40 39 56 56 50 42 33 26 15 33 48 46 41 57 70 52 32 34 48 74 64 35 22 14 7 6 4 5 4 6 3 2 1 0 0 0 1 1 0 1 0 0 1 0 1 1 1 1 2 2 6
6 3 1 1 0 0 0 0 0 0 0 0 0 0 0 0 0 1 1 3 4 13 29 49 44 41 63 62 70 41 61 34 21 20 33 51 54 49 30 33 33 36 23 22 26 42 41 45 41 35 52 40 26 19 32 36 49 34 42 22 33 56 58 78 71 48 32 20 22 20 14 11 8 11 4 2 2 1 0 0 0 1 1 1 0 1 1 1 0 0 1 1 3 3 4 7
1 2 1 0 0 0 0 0 0 0 0 0 0 0 0 0 1 0 1 2 6 11 30 31 54 56 68 73 67 40 54 27 22 48 36 47 54 41 36 46 38 47 23 25 40 44 53 46 56 33 32 30 26 8 17 12 73 43 27 39 50 50 55 47 31 25 25 24 17 18 25 25 15 4 1 1 1 0 0 0 0 0 1 1 1 1 2 3 1 1 1 1 2 2 4 6
0 0 1 0 0 0 0 0 0 0 0 0 0 0 1 1 1 1 2 5 7 15 31 42 45 54 62 61 66 62 70 38 29 40 52 41 52 46 40 40 43 31 37 24 24 29 45 55 51 38 24 20 18 16 30 29 12 77 81 56 35 19 36 32 40 32 22 14 8 23 51 27 9 3 1 1 0 0 0 0 0 0 1 1 1 1 1 2 3 1 1 2 2 3 3 6
1 0 0 0 0 0 0 0 0 0 0 0 0 0 1 1 1 1 4 4 6 20 39 52 44 48 62 58 78 82 58 47 46 57 39 55 53 50 48 45 43 39 48 19 37 30 44 40 32 15 29 24 28 30 37 50 40 33 40 48 28 46 30 30 26 29 25 9 14 27 29 11 8 6 1 0 0 0 0 0 0 0 0 2 2 1 0 1 6 1 1 2 3 3 3 4
0 0 0 0 0 0 0 0 0 0 0 0 0 0 1 1 2 3 5 13 10 12 49 46 65 52 59 67 28 79 57 57 45 62 48 41 47 57 49 47 47 39 64 23 22 57 42 41 34 27 43 25 24 37 50 25 48 48 30 14 25 16 24 28 26 25 15 41 30 11 18 7 5 3 2 0 0 0 0 0 0 1 0 1 1 2 1 2 3 3 3 1 2 6 4 4
1 1 1 0 0 0 0 0 0 0 0 0 0 0 0 0 1 2 6 13 25 33 61 49 66 69 72 66 72 62 83 50 41 56 45 23 32 53 56 62 49 23 41 50 14 25 37 57 34 39 48 35 22 32 29 28 15 18 22 38 33 34 30 44 18 20 29 14 9 14 10 7 4 1 0 0 0 0 1 0 0 1 1 1 2 3 1 1 3 4 11 4 2 3 9 7
0 1 0 0 0 0 0 0 0 0 0 0 0 0 0 0 1 2 5 12 29 22 41 14 34 55 56 29 29 52 75 47 50 78 43 48 53 59 38 15 28 15 41 51 15 37 57 37 15 34 43 44 21 33 23 14 40 46 44 33 19 27 54 63 43 32 48 40 30 18 9 5 1 1 0 0 1 0 1 0 1 1 1 1 3 2 5 2 4 2 1 7 3 3 3 7
0 0 0 0 0 0 0 0 0 0 0 0 0 0 0 0 1 1 4 9 15 12 13 36 34 38 29 37 45 52 66 62 69 71 58 54 54 50 50 26 39 32 40 50 15 26 45 40 24 19 26 34 24 24 12 28 43 21 26 34 34 58 65 65 64 57 35 21 25 16 26 9 2 1 0 0 0 1 1 0 1 1 1 1 1 3 2 6 5 5 3 9 5 1 3 3
1 0 0 0 0 0 0 0 0 0 0 0 0 0 0 0 1 1 2 2 4 24 29 27 37 48 47 36 43 55 56 53 63 68 46 56 51 51 56 24 53 47 33 53 14 19 39 35 43 44 19 19 40 31 22 30 30 26 54 38 66 48 49 71 78 45 35 13 30 10 6 4 1 1 0 0 0 1 1 1 2 1 1 1 2 1 3 9 15 20 3 3 7 3 5 10
0 0 0 0 0 0 0 0 0 0 0 0 0 0 0 0 0 0 1 3 6 11 20 17 16 32 48 36 48 37 49 54 56 69 60 68 52 60 44 43 27 41 22 41 13 11 24 23 30 40 44 22 18 9 23 13 11 38 40 35 44 34 58 62 62 66 33 9 4 5 3 1 0 1 1 1 1 1 2 2 4 2 2 2 2 2 1 1 2 5 15 12 8 5 5 10
0 0 0 0 0 0 0 0 0 0 0 0 0 0 0 0 1 1 1 3 6 12 11 18 28 42 35 30 39 39 25 29 47 48 41 58 39 58 46 41 40 39 70 47 20 23 35 52 28 17 23 19 7 24 9 15 31 61 49 73 71 54 36 42 37 22 23 20 8 3 1 0 0 2 1 3 1 1 3 5 4 6 3 2 2 2 3 2 2 4 9 8 8 26 9 15
0 0 0 0 0 0 0 0 0 0 0 0 1 1 1 0 1 1 1 1 3 2 5 9 12 25 23 21 23 28 42 43 29 25 19 70 53 73 36 49 39 31 70 51 38 22 52 45 39 31 18 48 22 48 34 47 47 22 34 41 46 40 24 32 41 27 27 10 9 4 2 0 1 1 1 3 4 1 2 3 5 9 5 6 4 2 2 4 1 1 2 2 2 10 15 9
0 0 0 0 0 0 0 0 0 0 0 0 0 1 2 1 1 2 2 5 9 13 20 26 36 31 38 53 61 48 48 59 55 45 53 50 75 61 42 42 35 27 23 59 34 14 28 32 43 29 41 44 54 64 87 79 78 68 70 46 44 44 48 55 40 25 17 9 6 3 1 0 1 2 4 3 4 3 4 8 5 10 7 9 5 3 3 5 7 2 4 5 3 2 3 5
0 0 0 0 0 0 0 0 0 0 0 1 0 1 2 1 0 1 5 10 20 19 29 43 55 65 64 56 75 62 52 47 44 29 21 23 42 51 47 38 38 21 20 39 22 16 12 30 21 32 12 7 10 14 33 49 84 85 68 62 47 42 21 46 30 18 14 8 2 1 0 0 1 2 2 3 4 7 5 9 5 3 14 13 7 3 3 8 7 3 5 8 7 13 17 25
0 0 0 0 0 0 0 0 0 0 0 0 1 1 1 3 0 0 1 3 11 26 14 34 35 56 64 54 11 28 46 36 26 24 36 43 46 31 56 30 29 28 9 27 24 26 10 12 8 27 19 16 14 12 14 13 33 63 74 77 81 43 36 24 17 14 12 9 6 1 0 1 3 3 3 4 14 10 11 11 12 4 5 22 12 4 4 6 6 4 8 5 10 15 20 29
0 0 0 0 0 0 0 1 0 0 0 0 1 1 1 2 1 0 1 3 6 11 9 24 22 23 24 17 14 16 27 27 26 35 30 22 35 51 51 10 24 27 14 24 24 7 5 26 26 21 35 26 34 34 36 38 42 55 50 38 51 76 57 41 31 25 21 9 4 1 1 3 4 7 8 6 10 16 12 9 9 8 3 12 21 10 10 4 11 6 11 12 8 18 18 14
0 0 0 0 1 1 1 1 1 1 0 1 1 1 2 1 4 0 1 1 2 2 7 9 13 25 27 34 41 29 37 25 25 43 37 32 27 22 10 14 21 31 61 28 19 16 7 12 21 24 33 57 28 40 59 37 30 26 30 22 22 36 53 48 34 19 17 9 3 1 2 4 4 7 9 11 8 21 15 25 11 20 12 11 39 16 22 8 15 14 14 25 15 17 15 23
0 0 0 0 1 1 1 1 1 1 1 1 1 1 3 2 2 1 1 2 1 2 6 8 14 23 30 29 32 52 44 54 47 67 24 19 23 29 25 27 50 46 22 19 45 21 15 14 14 48 55 25 38 40 31 31 47 42 51 32 27 21 20 22 22 15 8 6 2 1 2 5 5 10 9 9 9 14 21 30 21 13 23 12 41 13 16 18 11 28 17 17 17 13 16 14
0 0 1 1 1 0 1 1 2 2 1 0 1 1 4 11 1 1 1 4 5 7 5 7 11 14 23 19 24 37 42 36 31 32 36 34 33 40 38 26 17 12 9 7 18 21 28 16 47 61 25 11 17 38 43 39 30 42 29 26 29 21 17 12 10 7 6 3 2 2 4 6 7 8 9 10 12 16 26 21 23 20 22 35 44 15 18 21 12 30 19 9 24 10 6 14
0 1 1 1 1 1 1 1 3 3 1 0 1 2 4 5 2 2 1 3 7 8 8 5 6 5 15 20 25 35 27 25 34 32 32 32 31 27 25 18 18 12 9 7 9 6 6 37 15 32 17 13 16 16 28 76 51 55 42 35 25 21 15 11 8 6 5 2 2 2 4 6 4 9 9 14 19 13 17 37 29 35 36 36 44 31 35 13 35 27 9 15 21 8 12 16
1 1 1 3 2 1 1 2 3 6 1 1 1 2 3 8 5 3 2 7 11 16 10 13 13 5 9 14 18 16 24 19 26 31 31 19 17 10 12 18 31 30 36 28 16 31 23 15 7 11 21 40 42 35 40 26 38 41 51 47 35 19 15 13 9 6 5 2 1 5 6 7 10 10 19 17 15 26 17 14 25 26 27 40 20 77 40 14 26 25 7 17 12 28 16 20
1 3 1 4 2 1 1 2 3 6 1 1 2 3 5 7 9 1 5 8 11 24 14 16 17 23 14 12 10 12 15 25 42 35 14 30 16 26 17 21 26 28 22 15 13 21 12 10 18 32 37 32 39 39 47 19 14 15 16 27 23 23 19 16 13 12 8 3 1 5 6 6 12 15 20 8 14 11 25 12 19 16 31 20 41 67 24 18 40 15 9 17 16 24 28 29
1 1 3 3 3 3 1 2 5 10 1 2 3 5 6 11 2 1 5 10 17 25 32 19 40 26 28 28 18 19 12 48 54 38 41 27 24 33 22 17 27 15 18 11 12 18 18 16 13 27 35 29 41 42 41 17 30 35 37 40 35 30 26 29 21 18 9 3 1 7 7 7 19 12 17 28 28 20 11 22 16 24 25 38 31 53 43 37 35 17 16 25 13 14 7 34
1 1 4 5 5 4 2 3 6 8 2 4 6 14 17 6 2 1 7 11 13 30 30 40 26 28 47 37 32 33 32 43 58 53 42 46 46 27 50 28 16 27 9 5 7 13 11 13 17 20 29 29 39 33 40 42 44 50 49 52 52 51 36 24 13 8 8 2 3 9 12 10 20 23 17 20 30 22 25 8 31 11 14 33 37 53 61 71 36 21 28 23 29 31 20 42
2 2 5 8 10 6 3 4 10 10 2 3 8 19 12 3 1 3 7 11 21 26 31 36 43 33 46 40 52 55 52 45 21 32 42 41 42 22 38 35 33 23 15 11 20 17 9 24 15 9 10 25 41 57 40 43 61 57 54 36 53 33 15 19 17 11 4 2 2 8 21 12 20 24 32 24 33 22 26 23 16 36 18 8 10 33 53 67 34 43 33 30 26 44 19 20
2 3 4 5 17 10 4 5 8 12 2 2 9 18 7 3 2 4 10 11 14 19 24 34 52 32 39 39 33 53 59 47 43 35 36 23 29 28 33 26 27 16 14 22 30 27 15 21 8 5 9 35 48 30 57 60 33 39 28 29 23 19 29 28 14 10 8 2 3 4 24 16 17 18 22 34 27 27 13 26 13 41 26 21 12 9 27 42 56 68 40 35 29 35 15 18
2 6 4 5 6 18 6 8 18 4 3 4 6 24 12 4 2 6 11 13 22 33 36 50 51 49 27 33 52 49 29 55 79 64 33 29 21 28 39 27 16 26 26 13 19 11 14 8 22 20 25 34 38 52 61 44 56 40 39 41 32 27 23 17 14 12 6 3 3 7 8 29 18 17 22 23 43 40 26 45 19 16 28 27 21 18 17 32 52 58 41 40 34 35 22 31
3 4 12 9 5 12 4 11 32 6 5 11 15 21 6 5 1 3 13 18 34 25 30 54 55 54 47 20 16 20 29 28 33 16 18 27 44 28 24 37 32 25 17 13 10 6 8 14 26 35 35 35 41 54 69 63 59 49 38 44 36 37 36 19 18 15 6 5 4 15 16 18 36 17 20 24 46 42 30 22 36 18 15 35 37 22 24 25 41 54 62 40 34 25 41 20
5 6 14 21 8 24 6 10 37 15 7 18 20 12 4 1 1 2 6 19 37 41 35 37 47 58 42 21 25 22 27 28 31 27 19 12 23 29 44 36 29 21 10 15 15 8 10 8 2 5 29 32 26 43 42 31 35 55 53 46 47 25 23 20 15 15 12 3 6 16 21 18 21 9 28 29 29 49 60 43 47 28 20 19 36 26 19 31 46 79 73 40 26 22 40 18
5 6 8 22 11 20 12 10 16 23 9 24 19 4 2 3 4 6 11 23 26 32 44 26 36 49 63 27 23 23 35 34 31 32 26 30 25 28 21 7 11 22 13 15 21 10 9 2 12 19 26 45 61 56 39 62 60 74 54 38 43 42 38 33 29 14 12 6 9 20 19 30 40 19 18 43 36 50 43 38 55 24 32 33 53 29 15 22 17 36 59 35 34 18 50 37
5 6 5 13 34 16 25 11 32 15 32 14 5 2 5 5 9 6 25 38 20 31 36 40 17 35 50 63 36 35 22 35 26 17 14 17 21 14 11 11 11 6 4 3 8 5 8 7 15 15 15 34 33 49 59 58 38 59 43 27 32 35 33 30 15 12 9 17 17 22 25 34 8 24 37 45 42 31 51 28 64 29 33 24 29 52 38 38 45 36 45 29 53 23 31 56
13 8 6 8 14 30 32 15 50 22 20 4 2 5 7 12 12 8 11 10 21 26 34 59 54 32 40 18 41 57 22 35 19 17 22 24 32 19 17 12 10 9 20 13 5 2 2 4 12 21 24 36 37 33 46 41 37 34 23 10 24 30 26 22 12 9 10 18 19 23 25 40 14 13 7 13 37 57 68 28 55 47 35 35 22 19 59 31 47 43 41 50 24 21 39 54
9 16 11 8 8 18 46 22 20 8 5 1 5 8 16 24 23 8 12 13 25 29 29 12 17 17 21 33 16 21 45 65 41 29 13 30 11 14 20 5 7 10 6 4 5 14 7 7 12 17 25 19 22 32 33 36 25 44 33 35 45 31 30 17 23 22 13 22 22 24 24 41 14 26 16 22 20 17 38 42 29 57 37 40 24 47 49 19 42 58 56 48 24 25 24 32
12 19 14 18 25 35 37 20 20 5 7 5 8 18 19 26 29 18 21 23 28 31 25 20 17 23 21 14 16 28 18 25 30 46 40 55 14 9 9 11 13 7 11 11 5 4 8 8 12 23 39 22 23 29 46 23 43 62 68 56 48 34 34 31 26 22 23 37 25 27 26 32 20 30 30 24 37 33 37 55 24 56 37 56 24 21 42 15 21 29 55 37 17 29 29 55
13 24 17 24 33 43 35 8 5 2 9 8 17 22 23 31 20 40 38 24 30 31 27 32 37 25 27 19 21 43 24 7 7 10 12 34 42 24 27 44 28 23 11 9 9 6 2 9 26 23 31 13 16 30 35 38 52 72 42 45 52 31 35 28 25 26 29 44 29 29 29 33 31 32 43 24 37 37 34 35 57 77 46 55 40 16 45 27 10 18 34 45 26 35 25 10
15 31 34 29 59 42 9 6 9 10 19 17 14 28 25 38 14 28 58 19 35 28 16 23 32 42 17 25 30 31 50 19 14 7 8 6 8 6 13 34 43 20 15 17 15 11 6 7 18 15 14 15 24 31 48 48 45 45 46 31 51 42 28 11 33 17 19 52 34 31 44 34 48 33 45 37 36 43 35 29 26 18 62 65 48 21 22 26 15 11 22 47 30 36 43 26
19 27 54 46 57 11 10 10 11 21 24 23 33 43 16 31 17 29 33 52 21 40 17 14 19 35 32 35 32 20 12 34 10 16 11 8 8 9 8 13 17 9 7 13 6 2 4 10 9 16 14 13 9 26 44 57 28 54 69 59 29 24 17 9 44 30 30 44 41 30 48 34 65 45 44 49 33 33 49 33 27 16 43 47 48 26 11 52 20 16 29 41 56 46 32 33
13 30 60 71 39 7 12 22 23 24 39 48 26 32 23 20 42 20 30 30 28 29 25 19 22 30 27 42 30 32 37 24 35 13 17 13 9 8 5 13 11 6 5 5 5 4 8 18 10 13 16 10 20 35 53 48 75 53 40 54 36 18 7 19 24 52 32 36 44 30 35 36 56 49 33 47 47 32 35 50 36 12 25 54 60 30 10 27 27 19 32 23 64 49 21 57
15 36 63 42 7 8 26 25 18 47 33 60 20 37 25 17 22 60 21 31 50 26 44 18 18 36 40 34 30 44 24 29 42 15 18 15 10 14 4 13 10 5 11 12 11 8 18 15 18 21 28 28 33 29 34 47 56 43 47 39 36 19 10 28 24 38 31 35 44 34 33 33 36 56 33 32 54 35 35 35 47 20 24 30 49 28 16 22 39 26 15 18 18 48 34 33
19 51 46 26 11 18 30 33 21 39 19 57 27 35 50 19 42 60 17 40 58 21 50 21 17 36 44 45 19 12 39 13 14 30 47 29 6 11 5 9 6 3 3 5 7 7 9 14 23 26 24 16 16 22 22 28 39 47 32 51 40 23 19 30 36 44 22 28 37 46 30 29 17 43 35 31 39 42 35 30 14 13 42 22 48 31 20 12 19 45 11 24 45 46 33 10
23 44 44 32 16 19 37 54 20 27 23 47 25 32 59 25 40 58 28 23 33 41 35 23 18 21 21 30 32 40 15 24 10 8 3 28 30 7 5 7 5 7 10 10 7 11 9 15 16 24 21 29 23 24 24 27 20 32 34 19 25 32 30 30 30 37 43 33 39 49 18 33 19 29 42 31 37 18 15 34 21 18 15 21 50 60 21 11 20 39 8 11 39 46 47 24
40 40 53 24 18 29 32 40 22 31 26 31 43 22 54 23 23 47 29 18 19 19 68 41 16 15 17 16 24 26 41 22 8 17 3 4 26 9 4 7 4 10 18 14 6 8 3 7 18 26 34 24 21 13 13 29 37 57 37 18 11 30 31 29 31 32 50 24 41 49 19 27 32 30 47 6 24 37 18 15 35 17 15 16 24 42 22 10 12 42 13 10 11 40 67 49
74 41 19 19 28 30 33 37 23 55 33 20 45 21 54 23 20 32 31 15 18 30 50 32 13 19 15 29 29 33 27 25 23 19 3 8 8 19 3 4 10 14 9 9 12 12 7 3 12 26 34 38 25 19 27 34 42 56 50 23 10 36 32 21 31 32 38 30 23 47 30 17 20 42 48 20 15 16 36 11 21 42 19 16 53 43 10 21 4 39 30 13 8 6 16 23
22 10 20 18 26 29 45 35 38 41 29 19 65 22 23 52 20 46 41 13 16 25 24 57 23 23 12 26 34 34 23 15 23 32 9 8 6 22 7 5 6 7 5 5 5 9 11 9 13 32 26 28 28 23 21 25 18 40 42 10 18 25 37 19 29 32 24 44 19 42 35 24 27 18 34 17 18 21 21 25 10 6 38 17 26 48 17 34 9 20 59 14 28 19 10 7
42 24 43 31 28 31 55 31 53 46 15 27 47 30 28 52 17 19 59 11 27 23 15 48 15 23 26 19 20 23 30 34 6 13 12 9 4 5 31 6 2 6 8 12 11 4 6 12 26 25 44 38 12 20 25 4 19 26 19 10 18 44 40 18 15 33 23 36 19 22 66 17 31 34 21 18 25 18 31 20 29 15 12 32 10 39 44 40 15 23 70 23 16 12 26 12
75 37 20 36 35 38 38 30 57 36 24 27 23 29 24 35 16 13 49 21 25 20 10 20 31 27 20 13 15 14 19 19 25 8 8 24 7 5 9 14 4 10 9 12 10 10 7 3 22 10 4 6 7 18 20 42 28 18 18 18 14 32 26 19 18 30 42 13 39 11 43 18 26 32 10 15 26 11 17 27 26 27 13 6 10 9 31 61 26 17 39 21 21 13 24 17
84 37 23 31 28 37 17 28 34 16 23 24 28 34 19 40 20 17 38 14 12 32 11 5 5 8 8 6 20 41 16 21 23 3 7 2 15 6 7 36 6 5 4 6 12 6 16 8 47 15 12 9 11 10 31 41 24 8 9 31 14 10 27 20 30 18 47 16 46 13 20 31 18 35 11 24 15 17 13 11 24 30 14 10 9 11 4 11 29 45 32 29 21 12 30 18
67 29 18 35 21 21 21 23 36 14 24 19 18 41 18 47 20 30 26 13 10 19 17 8 8 10 10 12 14 18 30 18 10 8 4 3 3 8 5 22 3 3 4 8 7 5 17 18 6 11 17 15 4 25 37 36 22 14 6 29 20 15 8 34 27 31 40 18 39 21 15 18 37 43 14 13 20 9 15 4 5 22 10 15 9 7 9 5 4 15 42 24 12 17 33 21
72 28 46 22 23 21 19 20 25 12 20 25 11 45 37 13 19 21 29 15 20 10 22 10 19 19 12 19 10 10 14 13 17 7 3 5 3 4 8 10 7 1 4 3 5 6 7 22 5 5 9 11 15 40 41 32 21 19 7 11 31 14 23 15 28 47 22 34 10 27 47 10 34 57 19 4 15 7 9 5 16 13 17 12 5 3 5 9 10 6 19 36 28 8 28 10
70 38 22 20 19 23 33 18 28 12 19 17 19 22 45 8 8 8 16 4 19 11 18 18 19 19 16 19 21 4 7 10 24 14 5 3 16 3 2 13 24 2 6 3 5 12 12 18 4 5 5 11 30 31 34 20 6 16 17 7 26 13 21 22 9 16 19 24 12 15 42 13 22 33 2 6 6 15 15 8 2 13 3 6 11 1 2 3 8 8 9 5 28 10 18 5
18 45 13 22 18 20 24 15 47 13 16 24 17 6 28 16 15 8 28 10 10 16 16 23 18 10 18 20 22 4 6 7 13 12 13 6 5 10 2 2 13 1 3 3 2 20 27 10 7 5 10 22 29 28 34 14 8 20 15 16 24 15 8 7 21 18 9 26 11 13 36 24 36 17 3 9 4 2 6 14 6 6 7 7 13 4 5 5 6 5 6 13 16 21 16 3
21 52 20 15 8 17 23 21 13 23 14 18 17 9 13 13 14 9 51 10 7 9 14 35 10 9 15 24 18 6 7 7 15 10 16 10 4 4 7 2 12 2 2 2 2 8 5 12 3 17 11 27 31 36 18 8 13 21 12 21 29 24 36 11 12 15 8 31 7 11 10 20 29 7 3 2 4 5 9 7 7 2 1 10 9 15 10 8 4 4 2 2 4 28 14 4
20 55 44 3 11 13 31 20 12 25 12 9 6 9 6 18 4 16 12 5 8 7 14 9 20 11 10 14 9 9 4 11 13 12 9 7 8 6 10 4 12 2 3 3 2 4 10 30 9 6 21 40 40 33 6 11 17 27 16 23 12 33 17 28 18 9 7 9 7 12 16 30 13 13 8 9 1 8 12 5 9 2 1 7 6 28 21 5 5 3 4 3 2 7 14 11
9 16 43 5 13 6 22 19 9 22 17 6 2 11 7 23 7 15 10 14 7 6 15 20 13 5 6 9 11 16 2 4 8 17 12 5 8 18 5 8 16 5 3 6 3 3 2 19 22 25 36 46 34 11 7 23 26 23 18 26 26 16 8 13 26 4 8 10 12 6 11 14 11 19 8 8 5 14 9 2 15 23 5 8 2 3 8 9 3 5 1 3 6 14 5 11
10 19 36 9 11 3 5 12 10 8 13 4 1 5 11 38 8 5 11 3 10 13 14 17 10 3 5 5 11 8 6 7 13 8 3 2 8 12 12 4 8 6 4 8 6 4 8 40 29 55 63 47 5 7 10 12 21 22 13 15 28 9 21 15 10 25 42 7 5 3 4 23 7 13 15 11 9 17 15 9 13 44 10 12 4 2 4 10 25 15 7 4 11 8 6 20
9 12 36 13 16 5 5 10 3 11 17 10 4 5 8 17 9 4 10 5 9 10 8 5 8 3 15 2 7 14 6 6 14 17 6 3 11 5 4 10 1 5 1 6 20 45 62 32 34 38 23 6 7 9 15 15 18 17 10 9 10 7 13 14 2 21 11 1 1 8 6 9 22 8 22 15 13 13 19 8 16 21 8 13 7 6 6 5 6 10 10 18 5 14 21 32
11 6 3 27 7 4 2 2 2 8 24 6 5 3 5 11 4 4 15 4 5 7 6 5 3 4 4 2 1 10 5 7 7 9 5 9 5 6 1 3 2 3 2 39 27 34 67 72 41 13 5 7 8 14 12 11 16 16 12 3 1 2 12 26 22 35 4 2 2 14 20 11 11 3 27 9 21 9 21 5 12 14 14 19 10 10 3 2 4 3 2 4 13 4 16 17
11 9 6 28 1 4 5 2 11 1 12 5 4 5 7 12 4 5 12 6 2 5 4 10 2 5 1 9 1 2 4 6 11 9 3 4 16 8 2 3 8 41 54 52 66 34 50 73 51 2 5 10 10 9 2 8 9 8 8 1 1 9 31 38 28 11 5 14 15 8 16 19 5 4 10 10 21 18 34 35 44 25 8 16 13 10 8 0 2 6 7 4 5 11 19 19
9 5 3 36 4 2 2 2 12 1 3 9 3 3 4 10 4 6 19 6 2 4 4 13 2 7 2 5 7 7 3 6 8 7 7 7 8 6 5 13 30 50 71 61 72 73 65 52 3 4 11 9 8 9 4 4 16 22 6 3 3 14 33 22 11 8 11 13 14 8 16 30 43 9 6 10 11 14 18 10 5 11 14 33 25 13 6 2 7 2 10 11 6 10 28 8
6 5 3 7 17 11 4 2 12 3 3 10 1 3 2 2 5 4 7 5 2 1 0 6 2 7 7 5 10 4 3 5 3 10 4 9 5 2 6 19 16 19 45 68 73 63 4 3 8 6 6 4 8 8 5 3 3 39 8 10 5 11 6 20 14 5 16 16 12 34 25 30 5 7 9 18 16 14 14 11 15 16 20 11 19 6 7 4 6 1 2 10 4 9 25 9
6 4 2 3 21 5 4 2 6 2 2 4 4 1 0 1 2 1 4 3 4 0 1 2 5 9 5 4 6 3 5 5 6 4 6 8 4 2 7 13 8 25 19 12 11 4 10 16 10 10 5 5 3 1 3 9 3 13 13 6 6 10 3 10 5 6 6 20 21 35 10 5 7 11 11 15 34 14 16 14 21 18 20 17 19 4 6 4 9 3 12 10 5 6 9 4
4 5 4 1 12 1 2 2 8 3 1 2 8 2 1 2 2 1 5 4 2 1 1 4 9 6 4 5 2 3 3 7 6 7 5 3 5 3 17 14 47 52 19 5 9 8 3 5 6 2 2 0 3 1 3 9 2 24 9 3 5 6 12 7 2 6 7 30 27 1 5 1 3 14 30 29 17 16 9 11 18 13 17 19 12 7 6 7 4 3 8 8 6 8 6 3
2 2 4 6 7 1 3 2 4 1 1 1 4 2 2 1 1 3 1 5 1 1 0 2 5 6 6 3 1 3 2 4 4 6 2 5 6 5 11 8 10 17 11 9 12 6 5 7 13 8 3 0 1 1 4 10 3 10 9 5 5 5 6 5 2 4 12 21 4 1 2 6 3 4 7 22 23 26 7 11 14 14 20 7 15 10 9 9 11 4 5 9 3 1 2 2
