sesion_6_simulaciones/modelos_agentes/ejemplos_netlogo/scenarios/echam4_b2/rob_2059.asc
NCOLS 322 
NROWS 307 
XLLCORNER 451900 
YLLCORNER 4086900 
CELLSIZE 100 
NODATA_value -9999 
[rows 0 to 73 of 307, columns 192 to 287 of 322]
39 34 20 12 33 57 32 16 16 21 25 11 9 7 11 9 6 7 11 11 11 11 7 9 16 24 15 27 28 54 23 8 8 2 1 2 4 5 3 11 14 6 6 23 32 34 25 37 49 53 34 35 39 44 39 47 37 79 40 32 5 7 9 27 31 17 31 30 13 26 12 6 9 11 28 12 11 24 41 16 8 11 12 15 15 10 26 20 19 22 6 14 22 50 12 3
45 25 31 27 33 56 18 27 41 28 20 16 25 24 15 14 20 5 10 16 18 11 7 7 8 27 10 14 10 16 50 28 6 3 2 1 2 4 8 6 11 4 2 8 13 17 30 26 42 75 83 63 41 39 37 40 64 62 63 15 15 8 29 22 26 23 31 22 29 14 3 16 8 12 42 16 43 29 25 24 17 24 27 17 14 7 18 24 24 22 10 20 15 23 10 7
25 44 26 25 48 46 32 15 10 25 27 28 42 46 27 43 30 27 39 40 38 19 14 8 4 6 6 2 2 5 8 29 21 6 6 3 2 2 4 2 1 2 11 24 22 36 34 39 47 61 64 53 60 44 59 72 37 33 42 18 16 22 26 18 18 38 13 14 12 16 9 11 10 14 55 17 53 40 18 33 22 17 25 27 15 5 12 14 26 18 11 37 17 34 10 2
35 36 58 53 38 32 28 27 28 50 29 48 61 52 44 62 49 28 42 59 48 45 36 20 14 9 1 3 3 1 3 7 3 5 4 4 5 1 2 1 5 10 6 6 13 41 37 39 16 28 19 20 30 57 45 54 49 19 26 30 33 15 15 28 15 35 26 26 44 14 21 18 6 6 34 19 24 19 28 32 24 20 25 31 18 6 10 23 35 13 24 19 17 31 8 1
21 16 37 11 48 55 50 37 52 47 47 36 41 37 45 64 50 56 61 67 65 44 36 37 22 30 16 25 18 4 2 1 3 2 2 4 1 1 1 2 4 5 9 13 11 18 16 24 48 62 61 49 43 37 66 69 29 25 9 9 29 26 17 25 22 34 22 18 13 8 6 6 8 5 17 17 13 27 53 60 49 16 16 37 32 24 3 20 21 31 29 14 27 41 13 2
24 20 36 31 20 27 55 26 53 44 34 44 19 46 57 60 65 63 30 30 51 35 27 40 36 35 19 30 24 8 8 5 2 1 1 0 0 1 1 1 3 6 10 20 36 55 58 63 56 36 39 39 49 64 83 59 34 26 8 41 58 53 41 38 24 42 14 21 28 23 31 22 19 13 10 16 25 23 34 25 35 58 41 32 35 26 8 15 21 24 11 15 25 25 16 3
18 10 12 30 21 16 54 21 15 31 41 72 46 27 51 65 59 61 38 16 22 45 54 61 38 35 38 27 29 24 18 12 11 9 5 1 2 4 2 0 2 6 13 20 50 34 39 45 61 47 49 82 47 70 77 44 29 34 17 34 46 50 39 40 51 38 34 32 36 13 20 21 16 27 25 13 5 17 35 39 28 54 34 18 10 37 13 11 13 12 12 23 38 52 11 8
13 10 10 16 37 29 48 58 19 10 21 32 59 22 10 31 21 35 40 24 19 34 21 31 35 30 35 25 34 30 27 24 21 22 19 8 11 5 2 1 3 12 23 32 41 48 42 65 82 78 77 51 66 64 71 43 25 9 17 21 28 22 18 17 13 34 21 19 39 20 19 15 20 27 29 19 5 26 45 22 49 66 45 19 10 32 24 12 13 26 26 27 52 30 17 11
24 20 20 12 23 21 35 63 64 32 16 18 34 49 30 23 15 40 47 35 30 43 15 27 51 38 32 35 34 46 42 38 40 34 21 17 8 4 1 2 7 10 22 29 55 55 43 51 66 77 61 42 80 64 62 29 12 44 62 45 54 40 51 33 38 62 30 26 11 12 18 16 19 22 19 11 7 14 18 31 45 60 43 29 13 15 17 12 10 35 26 35 29 38 16 23
16 20 22 14 14 8 32 32 64 52 43 28 27 34 43 21 21 17 46 45 40 49 21 22 36 38 29 28 21 30 8 20 34 33 24 11 6 4 2 2 3 6 16 26 44 24 24 67 48 38 32 85 67 67 43 21 32 55 57 67 47 81 67 34 50 20 38 34 34 14 14 24 23 14 11 8 6 11 41 20 12 44 47 44 26 13 24 8 12 15 17 44 29 42 22 52
22 21 25 26 14 8 5 7 14 36 25 19 16 42 31 22 27 7 16 40 30 53 55 19 24 20 47 29 10 23 33 10 4 3 7 18 10 5 2 3 5 7 20 42 15 36 43 52 19 26 69 75 51 60 29 17 31 44 38 53 77 80 46 23 24 34 42 39 49 37 46 30 28 25 16 12 5 5 14 25 27 54 71 43 48 21 14 20 6 18 43 19 27 21 21 67
44 29 16 21 23 21 16 10 9 9 11 11 20 21 20 16 13 23 18 19 39 45 39 24 4 14 40 32 12 12 29 33 6 3 3 4 13 6 0 2 15 22 26 12 6 7 27 11 20 55 81 70 46 36 15 43 39 31 39 79 65 57 11 22 33 32 52 46 38 46 35 29 37 40 37 27 11 7 22 24 25 75 50 62 44 37 18 11 8 29 30 16 39 14 41 75
56 39 36 52 45 44 41 25 42 29 26 19 11 9 10 10 12 37 31 15 12 23 21 20 5 12 22 19 15 5 6 14 6 2 1 1 5 8 1 3 13 15 13 22 22 19 45 9 30 70 64 35 9 31 56 62 59 64 84 74 21 22 23 16 15 16 28 26 43 31 16 26 46 52 49 29 13 3 21 30 61 65 28 41 56 39 26 8 9 31 26 18 45 15 39 52
71 66 59 62 58 56 45 42 41 44 44 48 24 20 14 12 8 6 6 6 10 8 5 8 8 13 15 15 5 3 4 9 9 6 1 1 2 6 4 6 5 12 10 5 5 28 15 11 43 34 22 7 17 37 46 50 71 68 56 13 42 57 47 33 32 17 15 12 40 32 42 58 41 31 29 32 18 6 13 26 60 29 21 44 71 43 34 17 7 12 14 18 29 16 34 31
28 67 69 70 61 63 41 51 29 31 49 41 36 36 38 34 27 14 4 5 4 3 2 6 8 8 7 4 2 1 4 5 6 5 1 1 4 8 9 5 5 6 8 5 2 7 6 10 16 13 4 10 20 25 42 52 51 14 36 47 56 49 54 77 79 66 56 34 35 46 55 44 52 42 25 20 12 6 13 28 37 19 13 61 73 72 49 52 27 7 11 17 17 17 44 40
43 62 71 50 59 78 60 36 56 44 34 48 45 54 57 41 36 14 11 10 7 4 2 2 5 4 2 1 1 1 1 5 8 9 5 2 3 5 5 6 4 5 4 3 1 2 9 15 9 6 16 14 15 22 31 37 16 46 45 44 55 71 80 67 60 72 35 25 57 13 44 75 50 38 42 44 45 26 11 29 33 19 8 17 44 70 26 19 24 27 6 23 13 17 49 43
74 25 75 57 52 73 80 81 49 26 41 40 59 56 52 44 46 36 26 24 19 18 7 3 2 2 6 6 4 3 1 1 1 3 5 4 4 4 4 7 4 3 2 2 2 1 2 2 8 22 18 39 34 24 18 40 49 46 46 43 68 59 77 66 66 40 26 51 36 34 34 17 54 29 52 60 64 45 34 12 49 29 22 6 18 48 59 22 9 12 6 7 14 26 19 21
53 19 64 44 63 70 71 53 78 81 56 63 67 32 33 33 46 44 33 29 24 23 18 7 6 6 14 12 9 6 1 0 1 1 1 3 3 3 3 3 4 3 2 1 0 2 6 15 20 19 28 51 48 49 23 40 39 63 60 58 77 64 60 51 30 29 43 55 41 27 17 16 47 51 60 59 62 63 48 18 13 26 27 20 7 23 41 29 23 4 11 1 14 21 10 10
42 45 47 52 39 64 70 47 51 81 54 74 84 61 47 36 52 67 64 51 45 26 14 9 15 9 18 16 25 8 8 7 8 4 2 1 2 1 2 3 1 1 0 1 4 7 18 20 20 25 41 54 48 37 51 53 55 52 39 51 67 39 22 12 29 30 27 76 58 20 23 13 49 50 14 32 71 59 63 50 16 11 45 26 17 7 24 29 29 13 2 3 18 9 2 2
49 23 32 48 38 47 76 42 32 66 71 81 82 71 73 67 27 41 43 59 39 30 26 21 22 21 21 28 28 24 15 11 11 10 6 3 2 1 1 1 0 0 2 4 13 15 19 31 18 34 49 42 57 54 58 56 19 14 29 50 75 37 15 37 49 43 59 64 42 34 23 9 17 53 43 15 32 44 56 57 51 17 16 31 25 9 5 16 32 24 2 1 11 2 10 19
68 39 37 41 15 32 63 43 54 42 64 53 72 44 54 60 24 18 37 59 40 54 32 17 42 35 23 18 20 17 13 7 8 7 10 6 4 2 1 0 0 1 4 13 16 22 13 12 34 56 42 47 65 71 78 70 47 34 46 53 55 23 20 51 48 42 43 19 42 45 32 8 11 24 59 31 13 20 71 45 43 21 8 18 22 6 8 24 16 16 2 2 2 4 19 42
50 17 45 43 18 12 36 65 20 38 73 66 72 50 44 26 29 8 19 62 56 41 28 27 18 18 7 6 10 9 10 9 5 4 10 8 4 3 2 0 1 3 6 10 8 18 16 29 32 32 28 40 50 78 81 81 78 66 51 47 32 16 34 41 57 53 44 25 24 43 19 8 10 18 54 35 16 17 29 54 43 35 15 9 24 9 12 19 11 5 4 16 6 13 38 49
64 20 57 62 32 19 23 43 19 17 69 56 41 24 13 28 27 22 8 18 23 40 59 59 31 10 19 12 5 7 6 4 3 3 5 11 7 2 1 0 1 5 11 14 6 9 5 12 8 12 11 31 51 41 58 77 61 45 25 72 37 15 34 41 37 47 69 38 35 16 10 10 24 41 69 35 18 23 36 66 43 23 13 5 11 18 12 18 7 3 12 46 23 25 24 42
54 45 38 61 15 22 27 44 37 15 16 13 16 38 18 12 32 28 15 20 23 23 47 36 30 12 15 17 10 3 3 3 3 2 3 4 6 3 1 0 1 2 2 5 4 3 6 8 16 17 13 28 26 36 37 28 18 36 62 46 16 27 38 33 49 69 48 34 38 25 10 15 25 46 51 27 28 23 38 60 47 51 26 7 6 9 11 17 3 5 15 14 33 48 28 32
25 19 30 32 20 7 31 46 23 8 16 10 11 24 29 17 21 26 21 9 8 12 19 14 13 9 11 19 16 6 3 2 1 2 2 3 2 4 1 0 1 2 5 6 9 14 18 19 16 21 33 20 14 9 10 19 37 39 70 37 14 42 32 28 54 76 39 50 46 25 17 17 28 60 42 26 38 25 33 49 44 45 42 26 8 4 13 8 3 23 28 27 28 26 65 30
10 15 9 25 10 5 33 43 20 8 6 10 10 7 20 22 12 9 13 13 6 5 9 11 9 7 5 13 27 5 3 2 1 0 1 1 2 1 3 0 1 2 2 3 8 10 18 8 9 21 25 43 33 51 36 37 37 56 60 12 22 34 26 19 47 61 38 40 36 30 15 15 33 63 29 42 41 20 17 29 30 42 30 13 15 4 3 8 20 41 44 45 53 35 25 53
6 8 4 5 3 13 26 21 11 5 3 5 5 3 3 11 14 12 10 12 4 4 5 7 2 4 4 4 6 9 7 2 1 0 0 1 1 1 2 1 1 1 1 2 5 6 5 7 17 18 33 38 35 46 56 69 69 80 46 11 25 30 20 29 71 62 20 39 42 28 18 11 27 61 31 27 28 30 8 15 30 40 17 13 4 4 7 22 43 40 46 40 47 56 67 39
4 3 1 1 1 2 2 4 3 2 1 1 1 1 1 2 3 3 5 8 4 3 3 2 1 1 5 4 3 4 6 4 4 2 0 1 1 1 2 1 1 0 1 1 2 3 9 10 10 32 27 32 39 44 56 80 68 59 12 30 37 25 44 58 83 42 50 27 27 29 28 17 39 62 40 27 27 33 9 13 27 38 25 28 12 2 8 19 23 17 17 15 14 21 42 44
1 2 2 2 1 0 1 1 1 0 0 0 0 0 0 0 1 1 1 2 3 2 1 1 1 1 4 3 3 2 2 2 1 1 2 1 0 0 1 1 0 1 5 6 7 9 17 37 12 27 22 24 31 29 69 61 38 11 29 39 37 31 54 80 52 28 43 25 26 30 25 14 25 56 70 44 32 22 10 12 26 43 35 21 10 1 7 10 7 19 22 31 33 28 25 40
3 5 5 9 5 2 1 1 1 4 4 4 4 5 8 4 4 3 1 0 1 0 0 1 0 2 2 2 2 1 1 1 2 1 1 1 0 0 0 1 2 5 6 7 10 17 20 15 37 27 23 22 35 37 71 30 17 24 38 41 34 34 55 79 38 25 25 39 23 12 10 14 42 61 32 57 41 23 9 6 34 31 38 19 7 2 8 19 32 44 26 42 49 42 36 16
6 10 10 12 9 2 3 10 6 11 11 13 12 14 13 13 11 9 8 4 2 1 1 0 0 0 0 1 2 1 1 1 1 1 1 0 0 0 1 1 6 6 8 15 20 29 30 22 33 56 57 53 36 51 32 17 7 36 34 40 21 33 58 68 43 18 26 37 29 21 6 14 54 28 21 64 54 31 13 6 19 17 31 17 4 5 17 19 21 32 30 28 19 18 21 40
14 16 14 15 9 6 6 14 15 15 14 18 28 18 25 26 16 12 10 9 6 9 6 2 2 1 1 0 0 0 0 0 0 1 1 0 0 0 1 6 7 7 10 13 23 30 38 55 47 49 32 70 52 34 36 32 14 33 42 53 50 39 65 30 14 38 45 23 40 18 6 14 28 28 18 65 37 32 13 8 19 17 18 12 3 9 33 43 46 34 28 14 25 26 24 35
33 31 21 30 18 9 9 13 13 16 31 33 32 38 34 20 18 15 13 13 11 13 10 7 5 5 2 1 1 1 1 2 1 0 0 0 0 0 1 5 5 8 9 15 27 30 48 52 42 43 33 20 40 38 46 10 26 37 31 43 35 46 47 54 52 33 24 19 49 37 15 11 29 22 36 68 34 27 19 8 9 16 14 6 9 21 34 58 62 55 55 33 38 46 41 68
39 40 41 26 22 20 12 22 32 36 43 40 43 31 37 29 25 23 19 27 22 22 11 9 7 12 6 5 2 2 8 3 1 0 0 0 0 0 1 3 3 5 9 11 18 39 26 11 55 51 35 22 39 45 9 8 22 26 28 46 54 58 62 35 25 24 35 29 23 31 22 13 30 25 34 47 41 41 20 7 6 11 6 5 16 21 24 28 20 20 21 34 46 47 78 78
45 46 50 48 42 17 15 27 40 49 50 45 48 45 42 42 28 48 37 34 15 10 9 11 10 10 6 5 5 7 3 2 1 1 1 1 0 0 1 3 3 7 16 11 9 15 14 23 24 34 31 10 23 6 12 8 12 18 20 39 56 65 42 60 40 23 23 22 21 33 35 12 15 22 33 39 41 23 15 7 3 6 6 9 25 12 15 24 44 47 45 36 25 73 55 67
58 72 58 27 42 23 32 32 60 53 49 51 51 67 67 49 52 45 30 39 20 18 8 22 21 9 8 8 18 4 2 1 1 1 2 1 1 1 1 2 6 10 15 5 10 13 13 25 22 21 13 8 14 5 11 6 15 33 39 53 41 34 48 62 28 15 13 14 27 26 22 13 9 19 20 43 39 28 16 6 3 3 9 22 37 41 36 33 40 32 28 54 60 72 52 34
70 80 50 48 59 34 26 61 60 70 41 57 66 58 75 58 36 25 48 36 29 21 7 28 9 7 11 19 5 2 3 4 3 3 2 2 2 2 0 1 4 7 4 4 5 13 39 34 25 16 12 7 8 8 14 23 33 25 18 22 29 39 42 61 36 20 20 17 13 11 13 15 8 16 28 25 22 30 16 6 3 11 28 21 32 55 56 58 54 53 31 46 47 51 55 28
58 75 46 46 63 39 37 69 62 69 31 54 74 60 75 48 42 43 54 54 39 17 16 10 11 19 33 5 3 6 6 5 5 4 3 2 2 2 1 1 0 1 2 3 11 27 32 18 33 11 8 4 14 13 18 14 12 7 23 27 23 47 48 42 22 58 60 48 32 30 16 14 7 13 15 13 18 19 7 2 5 20 41 55 52 59 68 62 52 49 49 57 26 11 48 37
70 45 48 43 60 35 38 66 80 64 24 61 78 69 70 71 47 61 77 58 39 17 32 16 29 31 6 5 9 9 6 5 9 5 7 3 3 3 3 2 2 2 2 5 28 17 29 7 9 17 6 6 16 17 19 17 13 23 55 59 48 44 73 42 54 40 49 52 28 19 17 14 7 5 8 14 9 14 3 1 7 16 21 42 44 26 42 19 15 19 12 71 56 32 27 16
86 70 51 40 51 33 50 65 86 51 32 49 71 72 74 49 42 84 58 19 23 47 42 29 35 16 12 14 20 19 9 12 11 9 4 7 4 7 4 4 2 1 0 1 9 9 11 3 2 2 2 6 11 22 21 39 43 45 33 45 60 61 41 57 50 48 23 40 59 28 14 8 6 2 5 8 5 7 4 4 10 21 24 29 25 14 18 28 42 62 74 88 68 33 25 12
77 77 48 50 55 33 43 66 77 51 31 52 84 83 51 65 49 54 25 19 32 64 71 50 36 35 19 17 23 14 11 26 14 5 4 9 6 10 9 4 4 2 1 1 0 1 1 1 2 6 13 14 24 31 33 46 38 33 54 71 75 74 55 59 17 75 61 20 21 53 45 32 17 8 2 5 5 3 2 3 10 12 12 23 18 21 49 53 49 42 54 77 48 33 24 11
74 62 43 55 51 46 34 64 74 48 34 51 83 74 60 53 33 23 9 31 53 64 51 26 20 10 8 35 30 17 23 23 11 5 7 11 12 12 12 3 3 2 3 3 3 1 0 1 3 5 10 11 19 22 21 26 35 53 42 81 72 46 39 77 56 34 68 35 16 11 23 25 27 25 11 5 3 2 2 3 10 12 11 13 24 36 48 49 47 60 49 61 55 43 21 10
72 58 31 54 49 45 42 43 55 33 28 45 62 32 36 34 17 24 18 36 63 36 31 32 18 18 11 45 40 22 46 25 8 11 10 16 18 27 17 8 7 2 5 4 3 1 0 1 3 4 5 8 20 22 35 46 28 54 57 79 32 13 42 75 46 46 29 61 28 7 10 14 25 19 18 15 4 2 1 2 7 12 13 11 15 30 64 43 32 72 44 43 49 20 10 9
42 36 32 48 44 29 48 35 63 66 51 41 41 35 49 50 40 50 28 39 56 39 34 33 24 19 19 49 45 29 48 25 20 19 16 25 24 23 8 11 15 10 7 3 2 1 0 0 2 4 4 11 22 21 23 31 21 36 67 41 28 16 61 73 59 20 13 19 36 17 9 7 10 6 19 7 5 2 1 2 5 10 14 13 36 52 71 44 39 68 40 18 24 33 9 5
43 17 47 55 45 57 56 79 74 88 88 82 41 60 62 62 63 35 31 55 51 35 33 21 24 34 22 49 51 49 38 32 27 27 27 38 48 28 15 12 31 19 3 1 1 0 0 0 3 4 12 14 17 21 12 15 32 57 72 29 19 24 37 71 64 46 16 5 28 31 17 7 6 7 23 7 3 2 1 4 7 13 16 23 26 23 25 21 32 32 44 32 30 26 6 1
29 24 37 53 73 78 85 87 73 72 78 81 83 73 44 45 39 31 36 35 23 33 31 34 49 38 40 70 59 73 42 40 36 44 48 61 63 31 29 23 30 12 6 3 2 3 2 0 1 6 5 10 10 8 9 19 34 53 43 38 19 19 22 78 41 37 33 4 20 36 25 7 5 6 7 13 4 1 1 4 6 12 24 31 29 22 23 15 21 20 25 18 13 6 2 4
47 45 26 28 47 59 77 51 47 43 61 67 66 74 48 40 45 58 52 35 32 39 36 50 69 54 44 70 68 61 43 57 44 54 51 65 49 38 44 18 9 7 12 9 6 6 3 1 1 2 7 6 7 12 12 6 22 21 30 61 28 22 32 48 33 8 30 11 15 18 16 14 7 3 2 34 4 1 1 4 9 13 10 33 19 16 19 14 12 6 6 5 4 4 7 17
59 69 42 24 51 47 50 62 45 59 69 55 67 79 82 67 77 67 48 39 52 51 53 53 63 53 46 72 71 45 56 55 56 58 68 71 54 40 15 7 6 13 12 11 16 9 7 2 1 0 2 5 7 12 14 9 19 24 16 25 23 24 26 41 51 8 18 18 11 26 17 8 9 5 4 5 3 0 1 3 6 9 19 31 16 18 13 11 15 4 3 2 3 7 16 20
41 60 78 46 25 30 56 54 75 48 44 44 77 56 63 92 88 45 62 61 60 57 60 54 58 52 54 77 66 57 58 56 61 75 76 49 21 17 25 20 25 22 17 11 18 17 9 3 1 0 0 10 7 5 13 10 22 18 13 14 19 11 12 22 56 8 6 14 9 9 11 6 5 4 3 3 2 1 1 3 5 7 33 18 6 5 6 7 7 1 1 5 6 10 17 18
74 72 76 79 43 16 21 68 67 65 20 26 44 55 80 85 70 88 89 70 59 76 70 40 60 51 70 64 63 58 62 53 68 81 82 50 43 35 48 43 55 51 31 29 36 14 6 2 0 0 0 1 1 3 12 10 22 20 11 10 9 4 2 7 32 13 8 7 7 6 6 9 5 5 2 2 1 1 1 3 5 7 10 7 4 4 2 3 1 4 5 7 16 21 17 18
58 41 51 84 45 37 33 35 37 46 36 10 38 81 87 85 66 59 84 66 77 80 69 49 69 66 80 75 70 77 61 61 63 61 63 45 47 54 55 57 24 22 49 62 17 8 6 2 0 0 1 1 0 1 4 14 18 27 9 10 8 4 2 18 33 11 11 7 6 6 7 8 4 2 3 2 2 1 1 3 3 8 7 3 2 1 2 5 5 11 15 17 19 21 12 14
31 50 49 82 82 31 39 25 31 30 36 21 46 56 60 64 77 85 69 32 65 34 75 83 93 88 84 62 78 63 75 59 55 36 74 69 72 63 38 34 13 3 48 37 27 15 11 5 2 4 3 2 1 0 0 2 3 8 3 7 5 3 3 10 18 19 9 6 6 1 2 2 4 2 1 1 2 1 1 2 4 4 4 3 1 3 7 7 13 11 14 29 25 18 17 15
21 30 44 48 78 76 47 25 26 28 27 26 43 65 74 79 45 79 78 41 69 64 41 57 76 58 75 51 73 37 24 52 40 39 57 87 73 56 36 74 40 37 44 40 39 18 8 6 9 9 6 2 0 0 0 0 0 1 1 6 4 2 5 12 10 19 10 5 4 3 3 3 2 2 1 1 1 1 0 1 1 2 3 2 1 3 4 7 11 13 16 15 49 27 16 10
12 20 33 9 47 85 48 32 18 16 25 31 27 40 49 65 65 79 60 60 68 54 22 57 73 56 55 50 54 74 61 64 60 37 46 81 87 90 87 82 68 55 54 62 49 23 18 14 24 7 4 4 3 3 2 2 1 0 0 1 1 2 3 9 11 12 10 6 3 3 2 1 1 1 1 0 0 0 0 0 1 1 0 1 1 1 2 5 10 6 10 21 23 22 12 24
23 14 29 54 48 63 84 47 46 20 13 17 20 25 56 45 66 81 23 32 74 73 38 23 82 86 63 47 62 71 40 38 46 34 30 60 78 78 75 47 58 59 35 46 50 44 50 46 20 4 8 11 9 8 7 12 10 2 1 1 1 1 1 2 5 13 6 6 2 3 2 1 1 1 1 0 0 0 0 0 0 1 1 2 3 2 2 3 8 10 11 13 20 22 33 35
33 13 11 42 61 68 86 72 41 36 23 20 19 25 24 17 51 37 28 66 87 49 30 19 28 73 45 52 46 66 64 46 52 48 41 78 65 43 36 29 33 17 14 64 41 64 72 63 29 20 25 17 16 10 6 2 3 2 1 1 1 1 1 2 1 4 6 5 3 3 1 1 1 1 1 1 0 0 0 0 0 1 1 2 4 7 8 10 13 15 14 19 22 23 21 40
52 38 29 20 23 28 45 70 44 52 29 19 14 19 32 14 37 23 51 45 81 46 32 30 18 33 33 46 22 60 64 37 36 38 46 62 60 27 18 29 24 17 19 31 46 38 33 19 20 20 15 15 11 12 12 3 2 3 1 1 1 1 1 1 1 2 4 5 3 1 1 0 0 1 1 1 0 0 0 1 1 1 2 4 1 1 5 23 9 18 25 27 34 29 38 44
28 29 51 23 21 48 51 71 74 58 45 19 14 12 14 19 26 28 28 45 74 81 60 39 14 13 27 9 19 53 64 40 30 33 27 27 30 21 16 21 19 17 16 16 49 30 32 17 10 8 7 2 3 3 6 4 1 3 1 1 1 1 1 1 1 2 2 2 2 1 1 0 0 0 0 0 0 0 0 1 1 1 1 1 1 4 12 17 24 27 29 29 31 41 39 54
46 42 19 14 17 31 43 56 72 51 36 26 11 6 9 18 9 12 34 74 64 71 61 56 32 11 35 31 10 14 45 29 32 27 12 12 17 35 14 12 15 10 7 12 28 30 38 22 14 8 6 4 1 1 3 3 1 3 2 1 0 0 1 1 1 1 1 1 1 1 1 0 0 0 0 0 0 0 0 1 0 1 1 2 3 6 8 22 13 14 11 12 24 39 41 26
60 57 27 13 5 29 27 42 58 64 28 24 12 11 13 14 7 28 56 73 41 43 56 30 25 21 12 23 26 5 24 34 17 18 10 17 15 10 10 10 17 12 4 6 10 24 38 26 22 12 9 5 2 1 1 2 1 2 3 1 1 0 0 0 0 1 1 1 1 1 0 0 0 0 0 0 0 0 0 0 0 1 1 2 5 5 9 11 11 9 8 16 23 25 24 26
63 56 36 30 10 10 24 33 68 26 29 15 9 8 8 9 7 20 58 39 7 26 77 29 21 24 10 12 13 23 18 16 11 10 11 7 6 3 4 8 15 6 4 4 4 12 34 21 25 12 6 4 2 1 0 1 1 1 1 1 0 0 0 0 0 0 0 0 0 0 0 0 0 0 0 0 0 0 0 1 0 1 3 4 3 5 13 13 10 11 16 14 18 25 28 18
58 55 37 19 18 12 23 24 60 28 9 22 14 7 6 6 5 29 32 19 39 52 66 50 26 15 17 26 9 27 19 13 13 7 13 5 7 6 2 5 3 3 3 10 17 21 30 24 39 31 17 9 3 2 0 0 1 1 1 1 1 0 0 0 0 0 0 0 0 0 0 0 0 0 0 0 0 0 0 1 1 1 1 2 3 4 5 10 15 18 20 18 22 13 26 32
52 40 29 20 18 16 9 15 29 52 23 10 14 7 6 5 7 19 15 20 18 37 62 47 26 33 11 14 16 31 12 8 10 9 4 3 6 5 4 3 1 2 4 24 13 10 27 15 28 28 29 12 6 3 1 0 0 0 1 1 1 0 0 0 0 0 0 0 0 0 0 0 0 0 0 0 0 0 1 0 1 1 2 2 2 2 6 8 8 11 14 31 22 29 47 32
44 45 26 16 18 14 13 16 17 29 31 8 6 6 6 5 6 7 10 15 20 35 70 40 31 17 24 11 12 22 10 3 5 5 6 2 3 4 2 1 1 2 11 24 4 12 15 8 21 21 17 16 10 7 4 2 1 0 0 0 0 0 0 0 0 0 0 0 0 0 0 0 0 0 0 0 0 0 1 0 1 2 2 1 1 2 3 3 6 13 10 19 18 10 20 26
80 59 44 14 10 13 9 11 13 22 30 15 10 7 6 4 4 6 6 5 20 24 54 38 17 12 13 13 10 6 12 4 4 4 3 5 3 3 1 1 6 7 11 3 4 8 6 7 11 17 22 18 24 12 7 5 3 1 0 0 0 0 0 0 0 0 0 0 0 0 0 0 0 0 0 0 0 0 0 0 1 1 1 1 0 1 1 2 4 6 12 27 16 15 20 6
44 75 58 36 14 7 6 9 11 13 41 19 11 5 3 3 3 2 4 5 12 18 38 44 16 10 7 7 9 9 7 10 5 2 2 4 3 1 1 2 5 15 7 3 5 7 5 4 11 17 8 8 11 14 12 6 3 2 1 0 0 0 0 0 0 0 0 0 0 0 0 0 0 0 0 0 0 0 1 0 1 1 0 1 1 1 2 2 3 8 10 15 12 13 14 24
20 77 28 64 39 24 6 6 7 14 27 13 8 4 3 2 1 1 4 5 12 25 20 38 26 14 9 6 5 7 6 9 6 4 2 3 1 1 1 1 7 7 7 2 3 5 2 3 10 18 7 6 7 8 26 11 6 3 2 0 0 0 0 0 0 0 0 0 0 0 0 0 0 0 0 0 0 1 1 1 0 0 1 1 2 2 1 2 5 6 7 5 7 15 16 19
36 38 24 55 33 31 15 3 4 5 14 13 4 4 2 1 1 1 4 9 4 5 32 38 40 25 16 13 3 2 3 3 3 2 1 1 1 0 1 1 7 2 2 2 2 7 2 3 15 15 9 3 1 1 13 8 6 3 1 1 0 0 0 0 0 0 0 0 0 0 0 0 0 0 0 0 1 1 1 1 2 3 2 2 2 2 2 2 3 4 5 8 16 21 23 25
38 33 26 21 24 12 33 7 2 2 5 7 4 2 1 1 1 2 3 4 9 27 41 42 49 26 16 7 5 3 4 5 3 2 2 1 1 1 2 4 3 2 1 1 3 9 5 5 21 17 15 3 1 0 2 2 3 3 1 1 0 0 0 0 0 0 0 0 0 0 0 0 0 0 0 0 1 1 3 2 3 3 4 3 3 3 2 2 6 4 4 6 8 6 11 15
32 26 27 19 20 6 11 17 2 1 4 5 7 2 1 0 1 1 3 8 20 24 35 28 33 36 11 7 5 4 3 3 2 2 1 1 0 0 1 4 2 1 1 1 1 2 3 3 13 17 9 4 4 1 1 2 1 1 1 1 0 0 0 0 0 0 0 0 0 0 0 0 0 0 0 0 1 2 1 4 5 4 4 5 4 5 5 10 7 2 3 2 4 13 14 20
22 29 32 17 7 6 5 6 3 1 3 4 5 1 1 0 1 2 6 19 12 6 23 21 18 26 14 6 5 4 3 2 1 1 1 0 0 1 3 4 1 1 1 0 1 3 1 3 17 4 7 3 2 1 1 1 2 1 1 1 0 0 0 0 0 0 0 0 0 0 0 0 0 0 0 1 1 2 3 3 7 9 11 11 13 10 12 12 8 5 5 7 5 6 15 17
11 9 13 14 6 6 3 3 3 2 1 2 2 1 0 0 1 2 5 6 8 6 16 32 8 9 9 10 3 2 2 1 1 1 1 0 0 1 5 1 0 0 0 0 1 2 3 16 27 2 1 5 2 1 1 1 1 1 1 0 0 0 0 0 0 0 0 0 0 0 0 0 0 0 0 0 1 1 1 2 4 4 6 10 17 13 19 18 14 15 8 9 15 13 10 12
4 4 4 5 4 3 3 2 2 2 0 1 1 1 0 0 1 1 2 3 5 4 3 6 5 5 4 4 2 2 1 1 1 1 1 0 1 2 1 1 1 0 0 0 1 2 5 4 15 3 1 3 3 1 1 2 1 1 0 0 0 0 0 0 0 0 0 0 0 0 0 0 0 0 0 0 1 1 1 1 2 3 5 4 16 16 25 30 20 30 25 24 20 21 15 36
5 5 5 4 3 2 1 1 1 1 0 0 0 1 0 0 1 1 1 1 3 2 1 3 3 3 3 2 3 1 1 1 1 0 0 0 1 1 1 1 0 0 1 2 2 4 1 1 2 3 2 2 2 2 1 1 1 1 0 0 0 0 0 0 0 0 0 0 0 0 0 0 0 0 0 0 0 1 1 1 1 2 2 4 8 14 12 14 44 42 19 40 37 36 22 30
