sesion_6_simulaciones/modelos_agentes/ejemplos_netlogo/scenarios/echam4_b2/rob_2069.asc
NCOLS 322 
NROWS 307 
XLLCORNER 451900 
YLLCORNER 4086900 
CELLSIZE 100 
NODATA_value -9999 
[rows 74 to 147 of 307, columns 0 to 95 of 322]
0 0 0 0 0 0 0 0 0 0 0 0 0 0 0 0 0 0 0 0 0 0 0 0 0 0 0 0 0 0 0 0 0 0 0 0 1 1 1 1 0 1 0 0 0 0 0 0 0 0 0 0 0 0 0 0 0 0 0 0 0 1 1 1 0 0 1 1 1 2 3 2 2 1 6 22 11 11 15 39 43 6 9 8 12 5 2 1 3 4 3 4 2 2 5 4
0 0 0 0 0 0 0 0 0 0 0 0 0 0 0 0 0 0 0 0 0 0 0 0 0 0 0 0 0 0 0 0 0 0 0 0 0 0 1 1 0 1 1 0 0 0 0 0 0 0 0 0 0 0 0 0 0 0 0 0 0 0 1 2 1 1 2 2 1 1 1 3 3 2 6 35 12 4 4 29 25 13 10 5 2 7 7 4 3 3 4 7 7 4 3 19
0 0 0 0 0 0 0 0 0 0 0 0 0 0 0 0 0 0 0 0 0 0 0 0 0 0 0 0 0 0 0 0 0 0 0 0 0 1 1 1 1 2 1 0 0 0 0 0 0 0 0 0 0 0 0 0 0 0 0 0 0 1 1 2 2 2 3 2 4 2 2 1 1 1 4 34 51 13 6 4 22 17 7 2 2 18 19 17 12 3 2 2 8 10 9 17
0 0 0 0 0 0 0 0 0 0 0 0 0 0 0 0 0 0 0 0 0 0 0 0 0 0 0 0 0 0 0 0 0 0 0 0 0 0 0 0 1 0 1 0 1 1 0 0 0 0 0 0 0 0 0 0 0 0 0 0 0 1 1 1 1 1 2 3 3 5 6 6 6 5 3 6 25 19 11 4 23 34 6 2 11 34 7 28 23 11 3 10 21 21 15 10
0 0 0 0 0 0 0 0 0 0 0 0 0 0 0 0 0 0 0 0 0 0 0 0 0 0 0 0 0 0 0 0 0 0 0 0 0 0 0 1 1 1 0 1 1 3 1 1 1 0 0 0 0 0 0 0 0 0 0 0 0 0 0 0 1 1 1 3 3 3 5 10 7 8 4 1 2 7 8 4 9 10 5 5 17 7 4 3 3 13 9 11 8 15 18 17
0 0 0 0 0 0 0 0 0 0 0 0 0 0 0 0 0 0 0 0 0 0 0 0 0 0 0 0 0 0 0 0 0 0 1 1 0 0 0 1 1 2 2 0 1 1 4 5 7 8 4 2 1 1 0 0 0 0 0 0 0 0 0 0 0 0 0 0 1 3 5 5 7 10 7 6 3 7 2 2 4 8 6 8 13 5 11 8 4 11 14 32 50 42 30 32
0 0 0 0 0 0 0 0 0 0 0 0 0 0 0 0 0 0 0 0 0 0 0 0 0 0 0 0 0 0 0 0 0 0 1 2 1 0 0 2 1 1 4 2 1 1 2 6 19 31 43 35 20 3 2 1 1 1 0 0 0 0 0 0 0 0 0 1 1 2 5 4 6 10 9 5 5 2 1 0 2 7 7 9 9 12 5 5 6 13 52 54 55 26 30 55
0 0 0 0 0 0 0 0 0 0 0 0 0 0 0 0 0 0 0 0 0 0 0 0 0 0 0 0 0 0 0 0 0 0 0 1 2 0 0 1 3 8 5 7 5 2 2 1 1 2 8 11 17 23 11 3 1 0 0 0 0 0 0 1 0 0 0 0 0 1 1 6 6 9 11 7 2 0 1 1 2 4 4 14 5 10 16 18 11 11 8 6 23 14 20 39
0 0 0 0 0 0 0 0 0 0 0 0 0 0 0 0 0 0 0 0 0 0 0 0 1 0 0 0 0 0 0 0 0 0 0 0 0 0 0 1 2 2 2 7 4 3 4 2 1 0 0 0 1 7 5 13 4 1 0 2 4 1 1 0 1 1 0 0 0 0 1 3 7 7 5 6 3 2 2 5 2 1 6 22 7 19 21 22 21 25 16 7 7 21 58 76
0 0 0 0 0 0 0 0 0 0 0 0 0 0 0 0 0 0 0 0 0 0 0 0 0 0 0 0 0 0 0 0 0 0 0 0 0 0 0 1 3 4 2 2 1 1 1 1 0 1 1 0 1 1 1 3 5 3 7 11 3 0 0 0 1 0 0 1 1 1 7 5 7 5 4 6 8 11 5 3 5 4 19 23 15 42 49 74 45 40 41 37 10 9 15 18
0 0 0 0 0 0 0 0 0 0 0 0 0 0 0 0 0 0 0 0 0 0 0 0 0 0 0 0 0 0 0 0 0 0 0 0 0 0 1 1 1 4 5 4 0 0 0 1 1 0 0 2 8 4 3 2 1 4 19 5 1 1 0 0 1 0 1 1 1 3 3 3 4 4 5 5 6 6 10 2 4 4 8 9 17 56 15 36 47 65 36 41 43 28 22 19
0 0 0 0 0 0 0 0 0 0 0 0 0 0 0 0 0 0 0 0 0 0 0 0 0 0 0 0 0 0 0 0 0 0 0 0 0 1 1 1 2 2 5 7 3 4 5 4 4 5 3 4 7 4 3 2 2 3 6 3 2 2 1 0 0 0 0 1 2 1 2 3 13 3 2 9 6 6 8 5 5 3 4 12 2 32 23 57 56 74 83 83 61 41 30 29
0 0 0 0 0 0 0 0 0 0 0 0 0 0 0 0 0 0 0 0 0 0 0 0 0 0 0 0 0 0 0 0 0 0 0 0 0 0 0 1 2 1 3 3 2 3 4 2 2 4 3 1 2 2 2 2 3 3 2 4 4 1 0 0 0 0 0 0 0 1 1 3 1 1 9 6 4 4 17 10 12 5 3 6 20 35 32 31 67 60 55 58 72 34 34 34
0 0 0 0 0 0 0 0 0 0 0 0 0 0 0 0 0 0 0 0 0 0 0 0 0 0 0 0 0 0 0 0 0 0 0 0 0 0 0 1 1 1 0 1 1 1 2 1 1 2 1 1 1 2 2 2 2 1 2 2 2 1 0 0 0 0 1 2 2 2 2 1 2 1 1 2 8 18 6 9 10 6 6 6 9 12 28 48 57 67 15 39 56 57 34 34
0 0 0 0 0 0 0 0 0 0 0 0 0 0 0 0 0 0 0 0 0 0 0 0 1 0 0 0 0 0 0 0 0 0 0 0 0 0 0 0 0 0 1 1 1 1 2 1 1 3 1 1 1 2 1 1 1 1 2 2 1 0 0 0 1 0 0 0 3 1 1 2 1 2 4 3 3 5 4 4 3 6 12 11 8 10 11 10 26 23 14 42 23 60 50 42
0 0 0 0 0 0 0 0 0 0 0 0 0 0 0 0 0 0 0 0 0 0 0 0 0 1 1 1 0 0 0 1 0 0 0 0 0 0 0 0 0 0 0 0 1 1 1 0 0 1 0 1 0 1 1 1 1 0 1 1 0 0 0 1 1 0 0 0 6 1 2 1 1 2 1 6 7 14 14 18 24 14 8 5 18 26 24 24 11 9 21 39 45 20 44 39
0 0 0 0 0 0 0 0 0 0 0 0 0 0 0 0 0 0 0 0 0 0 0 1 1 0 1 1 0 1 0 1 0 1 0 1 0 0 0 0 0 0 0 0 0 0 0 0 0 0 0 1 0 2 0 1 1 0 1 0 0 0 1 0 0 0 0 0 1 12 7 3 2 6 6 8 28 25 7 11 31 22 29 27 25 29 31 32 28 14 7 35 34 18 14 6
0 0 0 0 0 0 0 0 0 0 0 0 0 0 0 0 0 0 0 0 0 0 0 0 1 0 0 5 3 1 0 1 1 1 1 2 0 0 0 0 0 0 0 0 0 0 0 0 0 0 2 3 6 3 5 0 0 1 0 0 0 0 0 0 0 0 1 1 1 0 5 3 24 57 32 16 6 6 40 15 3 19 32 25 22 29 36 38 35 17 12 13 9 5 8 26
0 0 0 0 0 0 0 0 0 0 0 0 0 0 0 0 0 0 0 0 0 0 0 0 0 2 1 1 11 1 0 0 0 0 0 1 0 1 2 1 0 0 0 1 1 1 1 0 1 4 9 3 2 1 4 8 1 0 0 0 0 1 0 0 0 0 0 1 2 1 1 1 1 2 2 26 9 8 6 14 28 9 12 41 29 35 42 40 46 48 28 7 15 31 17 29
0 0 0 0 0 0 0 0 0 0 0 0 0 0 0 0 0 1 0 0 0 0 0 0 0 1 0 0 1 1 4 0 0 0 0 0 0 2 0 0 1 0 0 1 2 2 1 3 4 4 15 14 3 10 7 13 3 5 2 1 1 1 0 0 0 0 0 1 1 0 1 0 1 1 1 4 4 7 6 8 16 37 18 23 33 39 28 43 30 16 28 31 38 10 8 13
0 0 0 0 0 0 0 0 0 0 0 0 0 0 0 0 0 1 0 0 0 0 0 0 0 1 0 0 0 2 9 2 0 0 0 1 0 1 4 0 2 0 0 4 4 5 5 13 8 31 26 23 15 47 28 26 13 12 8 2 1 1 0 0 0 0 1 2 1 1 1 3 5 4 3 2 3 8 12 11 6 7 33 34 32 21 36 19 17 37 36 27 38 37 28 16
0 0 0 0 0 0 0 0 0 0 0 0 0 0 0 0 0 0 0 0 0 0 0 0 0 0 1 0 0 0 4 5 1 1 0 0 0 0 3 0 2 0 1 3 4 5 25 24 27 50 47 23 23 28 29 18 13 19 2 0 2 0 0 0 0 0 0 1 1 1 6 2 1 2 2 4 20 23 25 18 16 12 15 25 18 11 27 25 23 30 45 36 22 17 25 22
0 0 0 0 0 0 0 0 0 0 0 0 0 0 0 0 0 0 0 0 0 0 0 0 1 0 1 1 1 0 3 10 1 0 0 1 0 1 4 3 5 4 1 2 9 27 60 46 40 61 31 5 10 3 4 19 29 19 3 8 5 4 1 0 0 0 1 1 1 2 1 2 4 1 2 11 10 7 19 28 32 15 9 11 8 13 24 44 36 35 35 43 20 22 22 35
0 0 0 0 0 0 0 0 0 0 0 0 0 0 0 0 0 0 0 0 0 0 0 1 2 2 1 2 1 1 3 11 1 0 2 1 0 1 1 4 10 24 3 6 18 41 70 58 17 32 5 7 3 1 0 1 23 37 30 17 5 9 1 0 2 3 0 0 0 1 1 4 2 7 10 2 7 23 14 28 22 28 33 13 21 23 33 34 43 26 43 41 28 34 31 45
0 0 0 0 0 0 0 0 0 0 0 0 0 0 0 0 0 0 0 1 1 1 1 1 2 3 2 5 4 3 3 6 2 1 1 1 1 2 1 2 4 19 10 19 27 35 72 84 71 41 12 4 1 1 0 1 1 1 53 30 16 1 0 2 1 2 2 0 0 0 2 1 4 4 4 3 3 3 10 15 29 39 31 17 23 36 28 24 43 16 63 27 27 30 24 29
0 0 0 0 0 0 0 0 0 0 0 0 0 0 0 0 0 0 1 1 1 1 2 4 5 10 10 9 9 11 2 6 8 4 2 1 1 1 1 0 1 13 2 5 8 16 75 80 71 20 11 10 5 4 1 1 1 2 2 3 1 1 2 2 2 1 1 0 0 1 1 1 2 2 2 1 2 6 9 18 23 30 20 20 15 22 29 11 31 24 63 36 32 16 26 38
0 0 0 0 0 0 0 0 0 0 0 0 0 0 0 0 1 0 0 0 1 1 0 1 1 4 6 3 11 13 5 26 35 12 3 6 2 2 2 1 4 14 12 6 8 13 7 26 49 6 12 14 8 5 8 3 2 4 3 5 2 1 2 2 2 1 1 0 1 0 0 0 1 3 3 3 5 9 9 13 15 22 20 17 18 14 21 16 42 48 12 28 33 33 37 26
0 0 0 0 0 0 0 0 0 0 0 0 0 0 0 0 0 2 1 1 0 2 2 2 5 8 7 4 2 2 3 26 27 10 13 15 23 16 2 1 9 7 39 16 18 18 21 6 3 7 22 16 10 7 3 5 6 3 2 2 2 1 3 3 1 1 1 1 1 0 0 0 1 1 2 4 5 6 7 10 11 10 10 17 18 12 13 16 32 5 11 24 20 7 5 14
0 0 0 0 0 0 0 0 0 0 0 0 0 0 0 0 0 0 1 1 2 4 4 7 10 25 12 13 8 3 2 2 25 38 31 9 47 25 7 15 21 5 38 15 67 55 16 7 6 4 14 19 12 7 7 2 5 3 3 1 3 3 9 9 3 1 0 0 1 0 0 0 0 0 0 3 3 3 4 7 6 6 8 14 6 18 15 32 14 7 18 19 21 13 12 21
0 0 0 0 0 0 0 0 0 0 0 0 0 0 0 0 0 0 1 1 3 4 17 15 18 15 35 18 6 7 6 5 2 18 36 6 7 4 32 16 12 3 44 18 10 3 10 8 13 8 11 21 22 12 6 2 1 1 0 1 2 1 5 6 1 1 1 0 0 0 1 1 0 1 1 0 2 3 4 5 4 10 4 2 5 22 8 33 11 3 6 9 11 10 18 23
0 0 0 0 0 0 0 0 0 0 0 0 0 0 0 1 0 0 0 1 1 3 22 32 12 9 12 16 17 18 12 12 5 2 3 9 3 5 34 6 5 7 27 8 7 5 12 10 10 7 4 13 15 12 5 2 1 1 0 1 1 0 1 0 1 1 1 0 0 1 1 0 1 1 1 1 3 2 3 3 12 3 3 6 7 12 11 11 11 2 2 8 10 18 20 39
0 0 0 0 0 0 0 0 0 0 0 0 0 0 0 0 1 1 3 3 3 5 9 6 3 1 7 16 19 15 26 26 6 3 1 2 4 17 10 8 2 22 43 12 11 11 10 14 18 4 5 8 8 7 3 3 2 1 1 0 0 0 0 1 1 1 1 1 1 1 1 1 0 1 1 1 2 1 2 5 3 2 4 3 7 3 7 14 20 7 6 8 13 15 9 34
0 0 0 0 0 0 0 0 0 0 0 0 0 0 0 0 1 1 2 2 3 11 7 4 6 6 2 7 11 9 10 6 3 6 6 6 13 9 15 7 7 15 32 31 19 11 5 6 9 3 2 11 13 14 12 4 2 1 2 3 2 1 1 1 1 0 3 3 1 1 1 6 4 1 1 1 1 1 1 3 1 2 2 1 4 3 7 13 9 16 10 15 13 24 19 27
0 0 0 0 0 0 0 0 0 0 0 0 0 1 1 2 1 1 2 5 8 10 14 8 5 8 7 6 12 14 6 5 7 10 12 14 4 5 8 9 7 2 4 16 17 7 1 3 4 4 5 7 6 5 3 2 3 1 8 6 2 2 0 1 1 1 3 33 20 5 2 2 4 8 2 1 1 1 2 1 0 3 1 2 3 6 2 3 5 7 16 13 35 21 9 14
0 0 0 0 0 0 0 0 0 0 0 0 0 0 1 1 4 5 3 6 6 4 12 8 4 4 3 2 2 4 8 7 11 12 5 12 10 10 8 5 2 5 11 2 17 12 8 7 6 2 3 3 2 10 6 4 4 1 1 2 1 1 1 1 2 3 2 19 47 20 1 3 3 1 5 4 1 1 1 1 2 4 2 11 5 4 4 8 6 7 15 21 12 12 11 6
0 0 0 0 0 0 0 0 0 0 0 0 0 0 0 0 0 0 2 3 6 6 13 19 10 6 10 8 4 2 5 1 3 5 5 10 10 7 10 4 2 8 4 4 17 9 9 6 7 4 3 3 3 8 14 1 2 1 2 2 1 4 4 7 7 4 7 5 33 17 12 2 2 2 1 4 3 3 2 4 1 2 3 7 3 6 5 3 4 23 11 6 15 11 14 15
0 0 0 0 0 0 0 0 0 0 0 0 0 0 1 1 0 0 1 5 6 13 22 26 30 9 6 2 1 2 2 1 1 1 3 3 6 8 8 6 6 7 2 10 2 1 3 4 5 6 9 11 4 7 5 3 2 3 4 1 2 4 2 4 39 6 8 5 3 43 37 5 5 1 8 16 13 21 9 6 4 3 1 4 14 5 16 12 9 15 16 7 14 20 23 13
0 0 0 0 0 0 0 0 0 0 0 0 0 0 0 0 0 2 1 6 29 15 7 13 19 10 7 7 3 0 2 3 4 2 1 3 9 9 2 5 14 12 11 9 3 2 3 10 11 16 9 27 14 12 7 4 2 2 1 4 2 1 1 3 3 14 7 7 3 12 27 42 21 3 1 10 4 24 3 2 8 26 1 4 1 6 10 33 49 29 47 15 18 17 18 19
0 0 0 0 0 0 0 0 0 0 0 0 0 0 0 0 2 2 3 2 2 13 20 11 11 10 14 21 11 4 3 7 5 5 6 2 2 6 5 7 6 10 10 9 6 6 15 19 13 13 16 9 17 10 6 7 10 13 6 1 2 2 2 9 3 10 19 7 4 4 24 29 24 12 4 6 1 12 5 2 0 10 6 3 4 19 7 7 3 3 24 12 12 52 20 32
0 0 0 0 0 0 0 0 0 0 0 0 0 0 0 0 1 1 3 3 3 1 13 37 21 18 16 20 22 7 6 10 5 5 10 14 5 3 3 6 11 7 5 20 9 12 11 39 41 21 36 11 16 34 55 48 18 6 3 2 2 13 6 2 12 3 16 15 8 3 28 24 16 25 4 6 1 11 17 4 2 18 2 4 4 1 10 8 2 6 55 16 5 35 62 54
0 0 0 0 0 0 0 0 0 0 0 0 0 0 0 0 0 1 2 6 6 6 3 9 16 15 5 6 15 7 5 5 3 3 4 8 8 5 4 8 6 3 3 3 14 18 16 32 21 13 10 25 12 8 8 5 5 3 4 4 3 7 13 5 5 14 2 30 16 4 19 37 19 28 7 6 3 16 4 4 1 42 9 4 8 6 4 7 5 12 46 60 10 13 56 55
0 0 0 0 0 0 0 0 0 0 0 0 0 0 0 0 0 0 2 8 12 8 5 2 2 1 4 2 1 1 4 0 1 3 5 4 6 9 8 5 11 9 10 7 13 19 17 16 10 10 17 22 16 23 10 13 11 6 3 5 2 4 9 10 5 34 14 20 49 11 8 17 37 12 29 6 4 17 9 21 15 34 60 12 10 10 4 14 10 5 24 72 23 7 11 58
0 0 0 0 0 0 0 0 0 0 0 0 0 0 0 0 1 1 2 4 9 7 4 6 3 3 4 2 0 1 2 2 1 2 2 4 7 8 5 13 24 14 11 10 5 10 14 11 10 28 16 30 17 15 11 19 13 8 6 7 7 10 5 14 7 33 24 11 47 30 4 19 29 17 51 12 16 9 13 9 28 19 68 29 5 12 12 33 10 6 8 47 29 11 24 25
0 0 0 0 0 0 0 0 0 0 0 0 0 0 0 0 0 1 1 3 5 7 5 5 9 7 8 5 1 0 1 0 0 2 2 1 7 8 5 5 19 13 9 5 10 6 8 8 6 27 44 43 42 22 10 12 35 11 16 15 20 28 7 4 5 7 22 10 23 38 14 12 12 51 32 26 41 15 20 49 37 14 35 59 15 14 8 7 8 10 13 48 28 34 17 6
0 0 0 0 0 0 0 0 0 0 0 0 0 0 0 0 1 1 4 6 6 18 9 11 5 6 8 10 6 1 0 0 3 3 8 9 7 14 13 11 14 11 7 5 6 5 6 9 8 8 9 15 8 12 27 41 41 8 61 38 6 30 14 16 20 7 5 4 16 31 14 31 13 33 6 28 63 40 21 44 59 48 38 72 15 18 19 9 9 3 18 32 34 12 8 10
0 0 0 0 0 0 0 0 0 0 0 0 0 0 0 0 0 1 1 1 2 1 2 4 8 15 6 8 12 2 1 5 6 6 3 2 6 6 6 21 16 5 9 14 12 10 17 17 9 17 20 10 21 39 32 46 25 33 31 34 10 24 36 17 29 41 40 26 12 47 52 66 57 28 24 31 50 57 41 45 51 58 39 70 62 32 5 6 7 15 25 33 48 17 8 6
0 0 0 0 0 0 0 0 0 0 0 0 0 0 0 0 0 0 1 1 1 3 3 6 15 8 9 12 12 11 4 32 8 3 5 4 14 14 14 18 39 16 19 16 18 17 11 13 10 12 15 8 6 29 13 19 48 49 31 30 36 54 61 46 10 49 51 57 43 30 45 63 16 30 29 33 50 38 68 71 57 40 37 77 66 28 27 6 11 31 18 42 32 32 23 16
0 0 0 0 0 0 0 0 0 0 0 0 0 0 0 0 0 0 0 3 2 3 3 5 6 6 12 9 10 8 9 32 7 8 8 6 9 11 11 20 29 13 15 18 14 18 5 7 15 6 7 10 5 4 3 4 24 42 55 56 50 42 50 74 39 30 60 61 53 31 15 26 35 23 28 43 55 77 58 40 38 30 81 70 70 30 17 17 11 18 24 45 12 7 10 34
0 0 0 0 0 0 0 0 0 0 0 0 0 0 0 0 0 0 0 2 3 5 1 2 3 7 8 4 12 9 17 14 11 16 7 4 5 10 27 25 9 9 13 25 21 15 6 7 4 13 7 6 13 10 5 2 9 10 9 28 22 18 45 70 61 39 21 10 15 21 16 17 18 20 24 24 60 53 43 28 11 30 83 69 71 56 22 25 7 24 31 54 53 39 17 9
0 0 0 0 0 0 0 0 0 0 0 0 0 0 1 0 0 0 1 2 2 2 0 3 2 1 5 2 11 15 12 14 21 11 10 13 15 11 25 17 9 17 7 10 18 5 5 5 3 7 5 4 9 5 9 5 5 8 10 4 13 24 24 38 40 17 15 23 20 32 18 12 14 18 17 8 31 24 31 18 16 11 43 27 44 70 28 40 10 34 51 41 34 32 33 12
0 0 0 0 0 0 0 0 0 0 0 0 0 0 0 1 0 0 0 0 1 0 2 2 1 1 2 2 9 5 8 10 20 7 12 16 16 9 13 10 8 12 7 6 14 4 4 4 3 15 6 4 10 10 9 7 13 13 21 11 8 11 5 10 4 3 11 21 23 26 25 14 11 6 6 7 14 15 17 16 21 17 20 16 30 38 12 31 9 29 53 50 29 17 73 55
0 0 0 0 0 0 0 0 0 0 0 0 0 0 0 1 1 0 0 0 1 1 1 1 1 2 7 4 9 5 11 20 6 11 12 18 10 7 17 5 9 10 4 5 8 9 3 5 2 8 6 6 6 15 5 9 9 16 12 15 16 23 12 9 8 5 18 14 18 13 7 5 22 10 6 3 6 15 12 10 11 10 12 25 28 24 18 27 12 64 68 68 68 23 7 18
0 0 0 0 0 0 0 0 0 0 0 0 1 1 0 0 1 0 0 1 1 1 1 2 1 2 7 3 3 2 4 6 8 26 9 7 8 2 9 4 5 3 5 3 3 3 3 4 5 7 6 6 5 8 8 11 16 9 13 10 24 11 8 18 4 10 14 24 12 8 12 30 22 17 16 20 6 4 12 10 11 16 11 33 18 14 42 14 26 66 62 60 77 39 43 12
0 0 0 0 0 0 0 0 0 0 0 0 0 0 0 0 0 0 0 0 0 0 0 1 1 3 2 4 3 3 4 14 7 10 16 6 4 5 6 2 4 3 1 2 2 3 1 2 2 1 2 1 3 6 13 14 21 12 5 16 10 13 12 9 33 9 15 18 21 41 30 21 11 12 18 21 21 25 26 28 40 45 19 19 17 31 53 34 48 61 30 51 82 63 64 43
0 0 0 0 0 0 0 0 0 0 0 0 0 0 0 0 0 0 0 0 0 0 0 0 0 0 1 3 2 3 4 8 3 6 10 4 3 3 3 3 3 2 1 2 4 3 1 6 15 8 11 6 13 23 18 9 11 13 12 8 12 13 26 16 31 19 20 19 37 9 5 8 10 5 4 6 25 20 34 44 52 47 40 19 15 37 64 31 33 17 25 57 90 55 71 61
0 0 0 0 1 0 0 0 0 0 0 0 0 0 0 0 0 0 1 1 3 2 1 1 2 0 1 2 5 3 3 2 2 3 7 3 2 1 1 2 2 13 5 2 6 5 6 4 21 37 55 24 36 54 35 12 21 9 5 5 6 7 21 11 13 21 17 26 8 8 10 16 31 19 21 16 8 29 48 66 62 24 16 23 14 43 61 39 34 28 30 82 85 50 60 89
0 0 0 0 0 0 1 1 0 0 0 0 0 0 0 0 0 0 1 1 2 7 4 1 1 2 4 3 3 2 7 3 2 2 2 2 1 1 3 2 6 2 5 16 4 13 13 10 12 54 53 62 20 45 38 33 22 31 16 11 9 12 3 13 20 25 27 8 11 11 20 36 25 33 53 31 19 51 69 72 36 23 16 32 22 44 24 20 37 40 61 88 69 83 64 91
0 0 0 0 0 0 0 0 0 0 0 0 0 0 0 0 0 0 1 2 1 6 6 12 15 16 10 9 4 2 3 3 1 2 3 7 9 14 18 13 17 21 11 34 10 20 38 44 10 7 5 55 55 20 49 23 14 57 42 28 7 9 12 16 20 23 15 20 20 30 27 14 26 26 31 30 60 58 47 47 26 18 16 22 19 32 22 23 26 27 43 81 59 79 37 70
0 1 1 0 0 0 0 0 0 0 0 0 0 0 0 0 0 0 2 7 1 1 8 32 11 27 14 23 20 27 23 24 19 30 10 20 4 24 39 15 28 50 18 42 51 19 49 20 66 31 13 74 52 49 52 45 74 73 25 44 12 4 9 10 10 16 13 9 8 15 15 19 14 28 35 60 72 65 23 11 26 15 11 18 10 18 19 32 33 54 69 82 54 57 51 48
0 1 2 0 1 2 0 0 0 0 0 0 0 0 0 0 0 0 0 3 2 1 0 3 3 3 9 20 24 20 19 21 45 37 16 28 38 28 34 46 22 61 59 22 46 38 62 25 58 79 44 48 54 39 26 74 61 56 38 47 38 9 8 7 19 15 17 23 25 27 34 23 36 34 62 68 54 33 26 11 3 8 9 14 15 8 17 29 31 44 71 73 31 36 41 43
0 0 0 2 1 1 1 1 1 0 0 0 1 0 0 0 0 0 1 0 0 0 1 1 1 3 13 9 11 22 24 37 22 25 27 46 42 39 49 52 43 59 51 48 53 52 62 68 17 62 46 24 73 21 43 75 56 17 57 16 17 57 7 7 14 15 24 31 29 26 26 34 52 80 79 70 53 32 7 10 9 5 3 3 9 5 17 16 23 34 57 44 34 21 45 58
0 1 1 1 1 1 0 0 1 1 1 0 0 1 0 0 0 0 0 2 1 1 1 1 2 3 1 1 2 3 4 3 4 5 3 3 4 3 5 6 5 8 8 12 10 8 15 66 48 38 75 26 57 55 56 61 17 13 17 18 49 41 19 10 19 24 28 20 22 48 66 71 78 77 71 65 46 13 5 5 5 4 4 2 6 3 9 6 11 16 30 29 29 15 27 32
1 1 1 1 0 0 0 0 0 0 1 0 0 0 0 0 0 0 0 0 1 2 2 2 3 3 2 2 4 5 3 3 9 8 5 7 5 5 8 11 10 13 18 12 15 11 20 8 10 13 43 44 57 66 60 28 27 35 26 35 48 28 16 18 26 23 32 50 66 70 74 59 43 45 31 30 8 9 9 9 8 7 3 4 2 2 2 2 4 5 12 12 18 11 10 14
4 5 2 1 0 0 0 0 0 0 0 0 0 0 0 0 0 0 0 1 1 1 1 1 2 1 1 4 2 2 4 4 1 1 1 4 4 4 5 4 7 11 12 6 5 11 9 20 14 17 12 16 16 21 27 28 37 30 29 32 13 11 13 23 26 19 18 17 39 65 71 67 47 37 18 16 22 21 33 30 19 11 3 5 7 7 8 5 3 1 1 3 6 15 13 10
1 1 0 1 0 0 0 0 0 0 0 0 0 0 0 0 0 0 0 0 0 1 1 1 1 1 1 1 3 4 2 1 2 1 2 3 3 4 5 6 6 5 6 3 3 3 5 6 10 18 26 46 33 28 29 25 25 23 22 9 7 12 12 28 20 11 17 18 23 31 27 42 47 23 15 24 32 31 11 8 4 6 6 11 22 21 22 11 11 8 3 4 2 2 4 4
1 1 0 0 0 0 0 0 0 0 0 0 0 0 0 0 0 0 0 0 0 2 2 1 2 1 1 3 4 1 1 2 1 6 4 2 2 4 4 4 4 4 13 10 9 7 7 11 17 14 22 29 25 21 25 21 21 14 13 14 2 13 14 17 32 31 31 39 30 27 16 17 10 16 23 33 53 36 18 11 10 15 15 29 25 24 26 28 29 14 17 10 6 5 3 2
1 1 0 0 0 0 0 0 0 0 0 0 0 0 0 0 0 0 0 0 0 1 1 1 2 1 2 6 2 1 1 1 3 2 4 3 4 5 5 7 3 6 6 8 7 13 14 12 11 9 17 12 32 20 36 28 16 14 9 6 8 12 14 10 51 57 26 44 40 36 25 27 14 25 37 46 28 11 17 21 20 31 20 34 42 36 45 32 32 31 26 27 21 16 7 13
0 0 0 0 0 0 1 1 0 0 0 0 0 0 0 0 0 0 0 0 0 1 0 1 1 2 4 12 3 1 1 2 2 5 4 5 5 6 3 4 6 10 8 9 9 14 14 8 24 9 18 19 21 14 27 13 27 6 14 5 19 33 14 44 71 42 42 25 24 28 20 12 16 26 36 35 17 24 24 30 39 34 39 53 52 47 46 34 50 51 34 51 33 21 19 18
0 0 0 0 0 2 1 1 2 3 0 0 0 0 0 0 0 0 0 0 0 0 0 1 1 6 5 1 1 1 1 2 2 3 8 4 4 5 7 7 5 6 6 6 6 5 14 13 12 14 20 16 17 14 20 13 23 16 9 4 9 27 45 60 52 54 30 30 29 16 14 17 24 11 38 17 27 27 44 43 54 41 46 57 58 44 57 54 54 39 42 48 36 31 40 43
0 0 0 0 0 1 1 1 4 2 1 1 1 0 0 0 0 0 0 0 0 0 0 1 1 1 1 1 2 3 2 1 2 1 4 3 3 7 4 5 2 7 3 2 3 4 7 17 14 12 10 26 6 13 23 17 8 8 14 10 3 16 17 24 40 61 47 62 42 11 26 21 31 24 70 31 29 29 40 37 51 38 45 61 42 39 56 69 59 56 43 44 40 56 51 40
0 0 0 0 0 0 0 0 2 1 1 3 2 0 0 0 0 0 0 0 0 0 0 0 0 1 1 1 1 2 1 1 1 1 1 2 1 2 2 6 8 3 3 4 2 3 4 5 10 12 12 12 8 5 19 3 9 22 11 11 4 6 11 11 10 11 34 24 14 30 55 28 32 27 65 26 35 35 49 53 72 62 77 75 68 60 63 64 81 77 50 44 45 46 73 53
0 0 0 0 0 0 0 0 0 0 0 2 2 1 1 1 0 0 0 0 0 0 0 0 0 1 1 0 0 0 0 0 0 1 1 1 1 1 1 3 5 10 5 2 13 8 9 4 8 6 3 10 5 11 9 12 14 9 13 11 6 20 30 23 18 12 14 27 35 31 42 42 25 38 53 47 53 46 60 78 65 59 80 79 80 78 77 75 79 72 59 51 69 73 74 61
0 0 0 0 0 0 1 0 1 0 2 3 1 3 2 2 4 2 1 0 0 0 0 0 0 0 0 0 0 0 0 0 0 0 0 1 0 1 1 3 3 3 5 6 1 5 6 8 11 6 5 14 14 8 3 4 7 18 15 15 10 33 24 19 9 23 23 29 51 43 34 61 39 58 47 67 73 68 76 65 37 62 77 63 44 47 69 40 71 80 67 68 67 68 65 81
1 1 1 0 2 0 0 0 1 1 2 5 3 15 4 4 10 4 1 1 1 1 0 0 0 0 0 0 0 0 0 0 0 0 0 0 0 0 1 0 1 2 3 11 9 4 8 5 7 7 10 6 6 26 41 15 14 12 10 14 24 22 30 15 19 28 40 22 36 47 30 44 54 50 74 47 65 60 75 62 22 35 49 61 36 10 15 33 76 73 75 79 44 52 40 76
