sesion_6_simulaciones/modelos_agentes/ejemplos_netlogo/scenarios/echam4_b2/rob_2056.asc
NCOLS 322 
NROWS 307 
XLLCORNER 451900 
YLLCORNER 4086900 
CELLSIZE 100 
NODATA_value -9999 
[rows 148 to 221 of 307, columns 192 to 287 of 322]
2 4 3 9 17 21 30 38 51 23 44 22 4 2 1 0 0 0 0 0 0 0 0 0 0 0 0 0 0 0 0 0 0 0 0 0 0 0 0 0 0 0 0 0 0 1 1 2 1 4 2 2 1 2 2 1 1 1 2 4 26 26 18 43 42 48 54 31 29 69 39 53 35 13 14 60 23 33 39 25 14 10 3 1 1 0 0 0 0 0 0 0 0 0 0 0
0 1 2 10 7 14 15 32 35 42 20 5 4 2 1 0 0 0 0 0 0 0 0 0 0 0 0 0 0 0 0 0 0 0 0 0 0 0 0 0 0 0 0 0 0 1 0 1 2 2 1 1 1 1 0 0 0 1 2 8 6 11 40 45 21 42 63 64 45 60 73 70 62 23 21 55 26 37 21 12 11 4 2 1 0 0 0 0 0 0 0 0 0 0 0 0
0 0 1 3 5 6 13 17 20 33 9 5 3 1 0 0 0 0 0 0 0 0 0 0 0 0 0 0 0 0 0 0 0 0 0 0 0 0 0 0 0 0 1 1 1 1 0 0 1 1 1 0 0 0 0 0 0 1 2 4 3 6 25 25 19 35 23 30 62 77 72 64 52 36 27 48 38 11 5 4 1 1 1 0 0 0 0 0 0 0 0 0 0 0 0 0
0 0 0 0 0 2 3 3 10 20 7 6 5 1 0 0 0 0 0 0 0 0 0 0 0 0 0 0 0 0 0 0 0 0 0 0 0 0 0 0 0 0 0 0 0 0 0 0 0 0 0 0 0 0 0 0 1 1 2 2 3 11 9 17 24 20 12 29 32 22 43 64 53 41 69 45 29 10 8 5 1 0 0 0 0 0 0 0 0 0 0 0 0 0 0 0
1 0 0 0 0 0 0 1 8 10 21 8 5 1 0 0 0 0 0 0 0 0 0 0 0 0 0 0 0 0 0 0 0 0 0 0 0 0 0 0 0 0 0 0 0 0 0 0 0 0 0 0 0 0 0 0 0 1 1 2 5 4 4 3 13 7 12 17 14 20 21 46 52 55 51 47 23 18 11 4 3 2 3 1 0 0 0 0 0 0 0 0 0 0 0 0
1 0 0 0 0 0 0 1 3 2 12 11 5 1 0 0 0 0 0 0 0 0 0 0 0 0 0 0 0 0 0 0 0 0 0 0 0 0 0 0 0 0 0 0 0 0 0 0 0 0 0 0 0 0 0 0 0 0 0 2 6 3 3 2 3 6 8 7 18 22 28 27 36 51 35 24 25 30 27 18 12 4 2 2 1 0 0 0 0 0 0 0 0 0 0 0
1 0 0 0 0 0 0 1 0 1 4 4 1 1 0 0 0 0 0 0 0 0 0 0 0 0 0 0 0 0 0 0 0 0 0 0 0 0 0 0 0 0 0 0 0 0 0 0 0 0 0 0 0 0 0 0 0 0 1 1 1 1 1 1 1 3 8 6 4 8 15 17 31 48 38 30 10 6 11 9 9 4 2 1 1 0 0 0 0 0 0 0 0 0 0 0
0 0 0 0 0 0 0 0 0 0 2 2 0 0 0 0 0 0 0 0 0 0 0 0 0 0 0 0 0 0 0 0 0 0 0 0 0 0 0 0 0 0 0 0 0 0 0 0 0 0 0 0 0 0 0 0 0 0 1 0 0 0 1 1 1 1 2 3 7 11 14 29 37 53 24 24 24 6 4 1 1 1 0 0 0 0 0 0 0 0 0 0 0 0 0 0
0 0 0 0 0 0 0 0 0 0 0 0 0 0 0 0 0 0 0 0 0 0 0 0 0 0 0 0 0 0 0 0 0 0 0 0 0 0 0 0 0 0 0 0 0 0 0 0 0 0 0 0 0 0 0 0 0 0 0 0 0 0 1 4 4 2 5 13 24 24 35 28 60 61 53 60 35 13 8 5 5 2 1 0 0 0 0 0 0 0 0 0 0 0 0 0
0 0 0 0 0 0 0 0 0 0 0 0 0 0 0 0 0 0 0 0 0 0 0 0 0 0 0 0 0 0 0 0 0 0 0 0 0 0 0 0 0 0 0 0 0 0 0 0 0 0 0 0 0 0 0 0 0 0 0 0 0 0 1 4 4 7 4 14 23 37 21 16 25 31 67 33 12 11 19 18 7 2 2 1 1 1 0 0 0 0 0 0 0 0 0 0
0 0 0 0 0 0 0 0 0 0 0 0 0 0 0 0 0 0 0 0 0 0 0 0 0 0 0 0 0 0 0 0 0 0 0 0 0 0 0 0 0 0 0 0 0 0 0 0 0 0 0 0 0 0 0 0 0 0 0 0 0 1 2 2 3 7 9 13 13 20 59 34 33 40 55 37 53 33 23 20 10 5 2 1 0 0 0 0 0 0 0 0 0 0 0 0
0 0 0 0 0 0 0 0 0 0 0 0 0 0 0 0 0 0 0 0 0 0 0 0 0 0 0 0 0 0 0 0 0 0 0 0 0 0 0 0 0 0 0 0 0 0 0 0 0 0 0 0 0 0 0 0 0 0 0 0 1 1 1 3 6 11 6 19 19 29 30 20 48 54 73 65 31 10 5 4 2 1 1 0 0 0 0 0 0 0 0 0 0 0 0 0
0 0 0 0 0 0 0 0 0 0 0 0 0 0 0 0 0 0 0 0 0 0 0 0 0 0 0 0 0 0 0 0 0 0 0 0 0 0 0 0 0 0 0 0 0 0 0 0 0 0 0 0 0 0 0 0 0 0 0 1 2 2 2 7 7 6 8 7 7 16 27 22 24 24 58 54 44 33 6 3 3 1 0 0 0 0 0 0 0 0 0 0 0 0 0 0
0 0 0 0 0 0 0 0 0 0 0 0 0 0 0 0 0 0 0 0 0 0 0 0 0 0 0 0 0 0 0 0 0 0 0 0 0 0 0 0 0 0 0 0 0 0 0 0 0 0 0 0 0 0 0 0 0 0 0 1 3 3 3 3 7 7 12 38 37 20 43 46 34 42 62 69 34 22 15 6 4 1 1 0 0 1 0 0 0 0 0 0 0 0 0 0
0 0 0 0 0 0 0 0 0 0 0 0 0 0 0 0 0 0 0 0 0 0 0 0 0 0 0 0 0 0 0 0 0 0 0 0 0 0 0 0 0 0 0 0 0 0 0 0 0 0 0 0 0 0 0 0 0 0 1 2 2 3 5 4 4 6 10 19 25 26 40 53 32 47 72 71 37 22 14 6 3 1 1 0 1 1 0 0 1 1 0 0 0 0 0 0
0 0 0 0 0 0 0 0 0 0 0 0 0 0 0 0 0 0 0 0 0 0 0 0 0 0 0 0 0 0 0 0 0 0 0 0 0 0 0 0 0 0 0 0 0 0 0 0 0 0 0 0 1 0 1 0 1 1 0 2 3 4 7 11 8 3 3 6 9 28 29 30 29 31 58 71 40 46 24 6 2 1 1 1 2 1 1 1 1 1 0 0 0 0 0 0
0 0 0 0 0 0 0 0 0 0 0 0 0 0 0 0 0 0 0 0 0 0 0 0 0 0 0 0 0 0 0 0 0 0 0 0 0 0 0 0 0 0 0 0 0 0 0 0 0 0 0 0 0 0 1 1 1 1 1 2 2 3 4 8 11 17 10 8 8 15 23 29 25 30 44 70 42 33 17 4 3 1 3 2 4 3 3 3 1 0 0 0 0 0 0 0
0 0 0 0 0 0 0 0 0 0 0 0 0 0 0 0 0 0 0 0 0 0 0 0 0 0 0 0 0 0 0 0 0 0 0 0 0 0 0 0 0 0 0 0 0 0 0 0 0 0 0 0 0 0 0 0 2 9 2 2 4 4 5 7 9 19 24 17 13 26 27 24 45 62 60 69 57 39 23 8 5 4 7 3 7 3 1 0 0 0 0 0 0 0 0 0
0 0 0 0 0 0 0 0 0 0 0 0 0 0 0 0 0 0 0 0 0 0 0 0 0 0 0 0 0 0 0 0 0 0 0 0 0 0 0 0 0 0 0 0 0 1 0 0 0 1 0 0 0 0 0 1 1 2 3 7 13 8 6 7 10 25 39 29 21 26 28 31 49 46 65 67 43 37 28 17 8 9 7 14 10 4 1 0 0 0 0 0 0 0 0 0
0 0 0 0 0 0 0 0 0 0 0 0 0 0 0 0 0 0 0 0 0 0 0 0 0 0 0 0 0 0 0 0 0 0 0 0 0 0 0 0 0 0 0 1 0 0 0 1 1 1 1 1 0 0 0 1 1 2 1 2 4 5 8 29 14 14 17 28 18 34 21 19 15 29 53 73 50 45 28 19 19 32 12 15 17 7 1 1 1 0 0 0 0 0 0 0
0 0 0 0 0 0 0 0 0 0 0 0 0 0 0 0 0 0 0 0 0 0 0 0 0 0 0 0 0 0 0 0 0 0 0 0 0 0 0 0 0 0 0 0 0 0 1 0 0 2 4 2 1 1 0 1 1 1 1 3 6 4 11 5 26 17 9 8 12 10 41 59 47 50 46 62 28 28 27 39 53 24 32 13 4 2 1 0 0 0 0 0 0 0 0 0
0 0 0 0 0 0 0 0 0 0 0 0 0 0 0 0 0 0 0 0 0 0 0 0 0 0 0 0 0 0 0 0 0 0 0 0 0 0 0 0 0 0 0 0 0 0 1 1 0 0 1 2 3 1 1 1 1 2 1 3 3 7 12 19 23 50 24 14 22 21 35 50 43 67 46 74 29 57 66 60 52 51 30 16 10 3 2 0 0 0 0 0 0 0 0 0
0 0 0 0 0 0 0 0 0 0 0 0 0 0 0 0 0 0 0 0 0 0 0 0 0 0 0 0 0 0 0 0 0 0 0 0 0 0 0 0 0 0 0 0 1 1 0 1 3 1 2 2 6 3 3 1 1 2 5 3 4 5 10 10 16 24 46 35 17 22 35 69 42 46 73 69 73 67 59 70 65 49 19 4 3 2 1 0 0 0 0 0 0 0 0 0
0 0 0 0 0 0 0 0 0 0 0 0 0 0 0 0 0 0 0 0 0 0 0 0 0 0 0 0 0 0 0 0 0 0 0 0 0 0 0 0 0 0 1 1 0 2 2 1 2 2 2 3 5 4 3 2 2 4 4 4 5 5 5 6 9 15 25 52 33 26 27 64 34 32 45 67 70 81 75 72 34 19 11 5 3 1 0 0 0 0 0 0 0 0 0 0
0 0 0 0 0 0 0 0 0 0 0 0 0 0 0 0 0 0 0 0 0 0 0 0 0 0 0 0 0 0 0 0 0 0 0 0 0 0 0 0 0 1 0 1 2 2 1 2 2 8 10 4 3 26 7 6 7 5 4 9 6 7 7 9 9 23 37 40 53 68 49 24 55 37 69 71 47 68 71 69 37 17 11 4 2 2 2 1 0 0 0 0 0 0 0 0
0 0 0 0 0 0 0 0 0 0 0 0 0 0 0 0 0 0 0 0 0 0 0 0 0 0 0 0 0 0 0 0 0 0 0 0 0 0 0 0 0 1 1 1 3 2 7 4 6 9 14 12 10 22 11 8 8 7 7 13 8 5 7 14 15 21 25 46 43 21 58 56 50 58 57 49 40 42 31 49 59 29 17 12 8 4 2 1 1 0 0 0 0 0 0 0
0 0 0 0 0 0 0 0 0 0 0 0 0 0 0 0 0 0 0 0 0 0 0 0 0 0 0 0 0 0 0 0 0 0 0 0 0 0 0 0 0 1 1 1 2 3 9 9 14 10 26 30 34 38 30 24 25 14 8 23 17 10 5 10 17 33 34 51 64 73 55 57 52 75 51 63 47 43 34 15 11 25 17 11 5 3 2 1 1 0 0 0 0 0 0 0
0 0 0 0 0 0 0 0 0 0 0 0 0 0 0 0 0 0 0 0 0 0 0 0 0 0 0 0 0 0 0 0 0 0 0 0 0 0 0 0 1 1 1 2 5 4 6 4 11 24 27 37 45 46 53 39 38 37 23 36 18 14 8 9 17 10 27 39 55 63 60 49 35 60 60 57 47 43 39 35 23 16 15 9 5 3 7 1 0 0 0 0 0 0 0 0
0 0 0 0 0 0 0 0 0 0 0 0 0 0 0 0 0 0 0 0 0 0 0 0 0 0 0 0 0 0 0 0 0 0 0 0 0 0 0 0 0 1 2 1 8 17 7 11 16 20 36 45 56 54 42 64 50 49 52 48 28 32 11 19 24 40 24 37 40 50 45 55 73 51 66 46 56 56 56 49 28 22 14 4 4 3 2 1 1 0 0 0 0 0 0 1
0 0 0 0 0 0 0 0 0 0 0 0 0 0 0 0 0 0 0 0 0 0 0 0 0 0 0 0 0 0 0 0 0 1 1 0 0 0 0 0 0 0 0 1 5 7 17 22 18 24 40 50 58 59 70 78 62 60 61 60 54 41 20 35 36 37 24 24 27 36 42 51 64 64 47 52 69 69 50 48 43 22 13 5 2 2 2 1 1 0 0 0 0 0 0 1
0 0 0 0 0 0 0 0 0 0 0 0 0 0 0 0 0 0 0 0 0 0 0 0 0 0 0 0 0 0 0 0 0 0 0 0 1 1 1 2 5 1 1 1 1 2 6 40 43 46 25 50 58 71 79 50 49 75 71 67 68 63 46 45 64 56 36 25 29 29 36 38 40 73 72 60 59 71 60 43 35 29 20 6 2 1 1 0 0 0 0 0 0 0 0 2
0 0 0 0 0 0 0 0 0 0 0 0 0 0 0 0 0 0 0 0 0 0 0 0 0 0 0 0 0 0 0 0 0 1 1 0 0 0 0 0 1 5 3 1 2 8 7 26 26 50 58 45 60 67 67 72 67 44 80 80 72 66 51 48 64 57 41 24 32 40 36 47 49 63 71 56 63 66 55 42 38 36 18 7 4 1 1 0 0 0 0 0 0 0 1 1
0 1 0 0 0 0 0 0 0 0 0 0 0 0 0 0 0 0 0 0 0 0 0 0 0 0 0 0 0 0 0 0 0 1 0 0 0 0 0 0 1 1 5 11 14 10 14 7 8 13 17 32 60 63 57 72 59 65 59 80 74 68 55 53 73 40 28 25 22 37 44 60 71 74 55 49 48 54 40 27 25 21 14 7 2 1 1 1 0 0 0 0 0 0 1 1
0 1 1 0 0 0 0 0 0 0 0 0 0 0 0 0 0 0 0 0 0 0 0 0 0 0 0 0 0 0 0 0 0 0 0 0 0 0 0 0 0 1 1 7 8 7 3 2 11 11 18 27 56 49 56 73 77 74 78 72 70 75 70 67 46 26 42 43 19 29 32 46 64 40 37 30 32 33 20 21 24 16 6 4 2 1 1 1 1 0 0 0 0 0 0 1
1 1 0 0 0 0 0 0 0 0 0 0 0 0 0 0 0 0 0 0 0 0 0 0 0 0 0 0 0 0 0 0 0 0 0 0 0 0 0 0 0 1 1 1 2 3 2 8 15 12 14 39 21 45 71 46 77 64 48 50 82 78 74 49 20 28 43 50 36 45 47 35 62 31 41 33 35 33 39 29 21 14 10 8 4 2 1 1 1 0 0 0 0 0 0 0
2 0 0 0 0 0 0 0 0 0 0 0 0 0 0 0 0 0 0 0 0 0 0 0 0 0 0 0 0 0 0 0 0 0 0 0 0 0 0 0 1 0 0 1 1 1 4 8 14 12 18 20 27 41 33 43 45 42 35 37 26 54 63 50 51 30 68 70 55 49 60 69 75 70 60 61 57 53 54 35 28 30 17 16 7 1 1 1 1 0 0 0 0 0 0 0
2 1 0 0 0 0 0 0 0 0 0 0 0 0 0 0 0 0 0 0 0 0 0 0 0 0 0 0 0 0 0 0 0 0 0 0 0 0 0 0 0 0 1 1 1 1 2 5 8 16 16 14 26 25 29 42 40 56 59 46 38 51 65 58 75 46 61 74 72 40 49 78 53 69 74 70 66 56 54 53 43 29 10 7 5 2 1 1 0 0 0 0 0 0 0 0
1 1 1 1 0 0 0 0 0 0 0 0 0 0 0 0 0 0 0 0 0 0 0 0 0 0 0 0 0 0 0 0 0 0 0 0 0 0 0 0 0 0 1 0 0 1 2 6 18 22 20 29 23 43 23 44 43 24 38 49 45 48 71 91 93 75 71 70 61 46 47 29 22 39 34 33 32 38 47 43 27 16 11 9 7 3 1 1 0 0 0 0 0 0 0 0
4 4 2 1 0 0 0 0 0 0 0 0 0 0 0 0 0 0 0 0 0 0 0 0 0 0 0 0 0 0 0 0 0 0 0 0 0 0 0 0 0 0 0 0 0 2 1 1 9 9 12 13 10 18 33 38 15 18 31 50 55 53 51 63 44 77 60 67 30 22 56 65 57 52 47 50 42 24 13 20 26 10 10 18 7 3 2 1 1 0 0 0 0 0 0 0
4 3 1 1 0 0 0 0 0 0 0 0 0 0 0 0 0 0 0 0 0 0 0 0 0 0 0 0 0 0 0 0 0 0 0 0 0 0 0 0 0 0 0 0 1 1 1 1 4 3 5 2 2 2 4 4 9 25 29 34 52 57 45 44 33 45 41 19 45 43 26 46 73 67 37 36 53 55 62 50 37 18 5 8 10 3 2 2 1 0 0 0 0 0 0 0
5 4 1 0 0 0 0 0 0 0 0 0 0 0 0 0 0 0 0 0 0 0 0 0 0 0 0 0 0 0 0 0 0 0 0 0 0 0 0 0 0 0 0 1 1 2 1 1 1 1 1 1 2 4 4 6 10 10 29 24 34 26 32 22 17 16 34 31 42 47 43 30 29 51 28 30 57 72 58 47 26 12 8 10 6 2 1 1 1 1 0 0 0 0 0 1
4 2 1 1 0 1 1 0 0 0 0 0 0 0 0 0 0 0 0 0 0 0 0 0 0 0 0 0 0 0 0 0 0 0 0 0 0 0 0 0 0 0 0 0 1 1 1 0 1 1 2 5 7 11 13 20 14 26 11 11 21 47 47 34 49 47 46 32 51 39 53 57 27 43 42 51 63 54 38 23 15 11 6 4 2 1 0 0 1 1 0 0 0 0 1 1
4 2 2 1 2 1 0 0 0 0 0 0 0 0 0 0 0 0 0 0 0 0 0 0 0 0 0 0 0 0 0 0 0 0 0 0 0 0 0 0 0 0 0 0 0 1 1 1 2 2 1 7 18 20 22 31 35 28 39 19 29 43 69 64 48 63 57 55 42 47 61 72 36 45 37 44 73 62 47 38 21 14 6 3 5 1 1 1 1 0 0 0 0 0 1 1
3 2 2 3 2 1 1 0 0 0 0 0 0 0 0 0 0 0 0 0 0 0 0 0 0 0 0 0 0 0 0 0 0 0 0 0 0 0 0 0 0 0 0 0 0 1 2 4 6 4 7 15 16 22 29 33 41 42 50 52 39 50 50 62 66 70 61 58 35 25 30 30 26 28 46 60 48 37 29 15 19 16 6 1 0 0 1 1 1 0 0 0 0 0 0 1
2 4 6 5 2 1 0 1 1 1 0 0 0 0 0 0 0 0 0 0 0 0 0 0 0 0 0 0 0 0 0 0 0 0 0 0 0 0 0 0 0 0 0 0 0 1 1 3 8 15 30 26 16 21 40 56 38 47 67 63 55 39 46 60 50 37 47 41 23 44 49 33 23 30 40 33 35 22 21 17 14 4 1 2 3 1 1 1 1 0 0 0 0 0 0 1
3 6 4 6 4 1 1 2 1 1 1 0 0 0 0 0 0 0 0 0 0 0 0 0 0 0 0 0 0 0 0 0 0 0 0 0 0 0 0 0 0 1 1 0 0 1 0 1 3 3 13 32 48 41 35 58 46 55 74 72 72 37 29 30 30 34 37 47 20 50 42 45 32 30 16 15 15 7 9 11 7 6 8 4 7 2 1 1 0 0 0 0 0 1 1 1
8 8 9 8 6 3 3 3 2 1 1 0 0 0 0 0 0 0 0 0 0 0 0 0 0 0 0 0 0 0 0 0 0 0 0 0 0 0 0 1 1 2 2 1 1 1 1 2 3 5 7 14 23 57 58 53 73 68 51 63 75 75 60 40 26 15 26 44 26 50 56 46 31 21 23 34 28 39 38 26 22 28 17 6 3 2 1 1 0 0 0 0 1 1 1 2
23 11 8 4 9 6 4 2 1 1 0 0 0 0 0 0 0 0 0 0 0 0 0 0 0 0 0 0 0 0 0 0 0 0 0 0 0 0 0 1 2 3 5 3 2 2 3 6 10 11 17 26 34 36 45 48 64 71 69 70 47 61 48 75 69 32 25 33 52 65 61 60 58 54 25 36 52 67 56 46 38 16 5 1 3 2 0 0 0 0 0 0 0 1 2 2
32 19 8 3 4 4 2 1 0 0 0 0 0 0 0 0 0 0 0 0 0 0 0 0 0 0 0 0 0 0 0 0 0 0 0 0 0 1 0 1 1 3 5 8 5 4 8 9 12 22 19 33 42 42 47 52 36 43 64 61 63 61 35 47 41 39 17 45 59 51 50 43 42 49 44 68 48 42 57 46 31 10 10 5 2 1 1 0 0 0 0 0 0 1 2 6
23 17 5 2 2 2 1 1 0 0 0 1 0 0 0 0 0 0 0 0 0 0 0 0 0 0 0 0 0 0 0 0 0 0 0 1 0 2 2 1 2 4 7 10 11 6 12 19 26 28 22 54 50 49 50 50 53 19 21 27 17 22 44 50 24 46 45 70 33 23 25 28 37 54 71 72 64 32 43 24 18 13 8 4 3 1 0 0 0 0 0 0 0 1 1 3
19 9 3 2 1 1 1 1 1 1 1 0 0 0 0 0 0 0 0 0 0 0 0 0 0 0 0 0 0 0 0 0 0 1 1 1 1 2 1 3 6 6 13 15 17 8 11 22 25 36 44 52 49 54 55 38 34 38 44 43 40 47 44 38 43 7 31 17 17 18 42 67 68 69 59 65 67 61 47 27 26 12 9 5 2 1 0 0 0 0 1 1 0 1 1 2
29 14 11 7 5 3 3 3 3 2 1 0 0 0 0 0 0 0 0 0 0 0 0 0 0 0 0 0 0 0 0 0 0 1 2 2 3 3 2 2 3 3 2 2 6 13 26 27 31 29 38 49 50 54 52 63 52 22 65 68 48 43 41 36 48 19 30 37 51 46 61 63 69 79 69 51 65 49 50 25 21 22 10 4 2 0 0 0 0 1 1 1 1 1 2 3
40 25 32 23 7 1 0 1 2 1 1 1 0 0 0 0 0 0 0 0 0 0 0 0 0 0 0 0 0 0 1 1 0 1 2 3 4 3 4 2 3 4 5 3 4 4 18 36 42 45 31 33 48 52 55 56 53 71 54 42 50 63 66 65 37 15 31 53 58 59 64 42 55 57 52 56 58 65 56 49 38 19 11 3 1 0 0 0 1 1 1 1 1 3 4 8
50 42 16 5 1 1 4 4 2 0 1 1 1 1 0 0 0 0 0 0 0 0 0 0 0 0 0 0 0 1 1 1 1 1 1 4 5 7 8 3 11 5 10 8 5 6 7 15 48 66 44 30 48 62 55 50 58 44 64 66 48 49 66 64 28 29 20 13 51 74 72 70 65 66 50 63 63 58 36 38 21 13 18 6 1 0 0 0 0 1 1 1 1 2 4 9
43 19 12 3 3 4 6 3 1 1 1 1 1 0 0 0 0 0 0 0 0 0 0 0 0 0 0 0 1 2 1 2 1 0 1 2 2 5 7 9 18 21 13 19 21 7 9 35 47 59 48 34 40 40 66 51 46 54 36 40 43 59 64 47 42 31 41 46 42 32 59 70 68 79 70 53 74 54 33 26 27 15 3 9 1 0 0 0 0 1 1 1 2 2 3 4
17 23 23 7 5 11 5 4 4 2 1 1 0 0 0 0 0 0 0 0 0 0 0 0 0 0 0 1 1 1 3 3 1 1 1 2 2 3 2 13 19 27 29 16 34 16 16 45 49 30 65 35 43 41 42 74 62 55 78 67 40 39 50 57 36 36 31 29 40 62 64 71 72 56 74 57 41 33 45 17 18 16 3 1 2 0 0 0 0 1 2 1 4 8 8 5
25 24 27 27 20 14 11 7 3 1 1 0 0 0 0 0 0 0 0 0 0 0 0 0 0 0 0 0 1 1 1 2 3 4 4 3 3 4 4 8 9 23 27 42 33 31 25 49 43 37 58 62 26 43 46 25 24 27 52 54 61 28 36 42 31 50 44 53 41 61 71 64 49 62 46 62 44 44 35 23 21 4 1 0 0 0 0 0 1 1 1 1 5 10 8 10
54 47 44 25 21 12 4 4 2 1 0 0 1 1 0 0 0 0 0 0 0 0 0 0 0 0 0 0 1 1 3 3 5 8 8 7 3 4 10 6 13 11 16 54 55 48 36 55 26 28 47 31 31 34 40 48 30 27 26 29 29 57 60 49 38 26 47 54 33 27 17 23 33 25 40 37 44 43 27 19 11 4 1 0 0 0 0 0 1 1 1 1 2 6 7 11
56 42 30 33 19 4 2 2 2 1 1 2 2 0 0 0 0 0 0 0 0 0 0 0 0 0 1 1 1 1 3 7 10 12 12 18 5 3 8 15 16 17 26 38 59 47 34 52 62 59 41 58 82 43 48 52 42 28 27 37 15 19 33 35 49 19 26 37 61 58 39 32 28 7 6 11 17 17 21 13 5 3 2 0 0 0 0 0 0 1 1 2 4 2 4 5
48 30 21 19 10 7 5 2 3 3 2 1 0 0 0 0 0 0 0 0 0 0 0 0 0 0 1 1 2 3 3 7 22 19 11 24 12 9 11 12 22 21 35 41 58 45 31 45 64 76 55 54 71 67 40 52 52 50 30 36 45 37 30 27 52 14 40 66 58 62 61 59 41 33 23 14 6 8 9 13 7 1 0 0 0 0 0 1 1 1 1 2 2 3 7 12
28 24 30 16 13 9 6 10 2 1 0 0 1 1 0 0 0 0 0 0 0 0 0 0 0 0 1 2 5 5 12 16 27 32 32 16 26 18 14 20 37 36 43 51 33 50 69 50 38 24 51 50 27 57 62 45 56 50 31 17 24 47 33 30 33 51 51 52 58 62 65 54 34 52 45 38 26 16 7 4 4 1 0 0 0 0 0 0 1 1 1 1 2 3 4 6
48 28 38 23 17 34 17 4 2 1 1 1 1 0 0 0 0 0 0 0 0 0 0 0 0 1 1 2 4 7 12 27 49 48 43 45 32 49 36 26 47 62 48 30 41 61 71 68 42 46 46 60 57 39 48 50 51 42 43 30 16 33 39 14 11 29 38 52 56 61 73 80 62 49 55 50 55 26 10 3 1 1 0 0 0 0 0 0 1 1 1 2 3 4 5 9
44 40 20 16 14 6 8 8 6 6 4 1 0 0 0 0 0 0 0 0 0 0 0 0 0 1 1 2 3 5 6 21 35 69 62 37 42 59 59 34 40 71 52 47 33 56 70 69 78 62 50 47 63 73 59 29 52 63 57 28 17 15 18 15 33 22 60 71 83 55 40 66 72 40 14 20 26 26 9 2 1 0 0 0 0 0 0 0 1 1 2 2 3 4 5 7
27 33 25 14 6 2 1 6 3 2 2 1 0 0 0 0 0 0 0 0 0 0 0 1 1 2 3 2 2 2 5 10 20 49 76 32 27 72 71 41 42 63 70 46 44 58 58 71 74 68 25 24 49 60 39 35 47 46 47 64 25 17 21 21 23 45 22 19 42 84 55 34 41 45 14 7 8 22 7 2 1 0 0 0 0 0 0 0 1 1 2 2 3 4 8 12
30 25 16 12 13 11 4 5 3 2 1 0 0 0 0 0 0 0 0 0 0 0 0 0 1 2 2 3 5 7 6 8 12 23 46 72 42 43 79 73 48 49 72 57 44 55 56 68 77 73 56 25 67 56 49 38 33 11 17 29 16 12 9 24 29 29 29 51 53 63 65 37 27 9 5 2 1 5 5 1 0 0 0 0 0 0 0 0 1 1 1 1 3 4 3 6
16 11 8 11 7 7 3 5 2 1 1 0 0 0 0 0 0 0 0 0 0 0 0 0 1 1 1 2 3 3 15 11 15 12 32 56 81 48 31 71 68 50 75 62 38 51 55 67 57 63 71 36 38 43 33 43 24 19 19 9 12 22 16 41 26 39 48 43 39 67 62 38 24 26 12 5 1 1 2 1 0 0 0 0 0 0 0 1 1 1 1 3 5 7 7 8
20 18 22 28 11 8 3 4 2 1 1 0 0 0 0 0 0 0 0 0 0 0 0 0 0 1 1 4 5 4 18 39 59 53 61 75 72 67 56 41 42 67 69 52 38 39 58 67 65 45 69 37 39 38 38 47 39 17 20 31 23 19 21 34 74 60 65 59 47 49 26 36 36 34 18 7 2 1 0 0 0 0 0 0 0 0 0 0 1 1 2 2 4 6 11 15
30 27 20 16 10 10 5 3 1 1 0 0 0 0 0 0 0 0 0 0 0 0 0 0 0 1 1 1 2 11 15 26 38 46 26 26 47 72 71 72 42 35 77 54 37 47 45 31 66 45 31 49 18 37 23 20 45 15 24 22 19 16 32 34 59 56 41 44 33 32 52 51 55 36 25 10 1 1 0 0 0 0 0 0 0 0 0 0 0 1 1 1 2 2 5 9
7 9 9 9 7 7 6 4 3 1 1 1 0 0 0 0 0 0 0 0 0 0 0 0 0 0 0 2 3 4 11 7 7 12 28 51 62 44 61 80 80 67 67 54 60 38 39 31 20 26 30 16 41 24 40 12 14 24 9 16 8 12 13 22 20 17 32 49 50 62 68 58 33 22 6 10 4 2 0 0 0 0 0 0 0 0 0 0 1 2 1 3 3 2 6 12
5 3 5 5 3 3 5 4 2 2 1 1 1 0 0 0 0 0 0 0 0 0 0 0 0 0 0 1 1 2 4 8 9 26 36 48 43 51 49 75 57 39 44 50 64 60 51 29 24 54 25 30 18 36 46 20 11 8 20 8 17 19 44 43 50 43 57 62 64 65 69 47 37 21 5 2 2 1 0 0 0 0 0 0 0 0 1 1 1 1 1 2 2 3 3 5
9 7 7 5 2 1 1 3 3 2 1 1 0 0 0 0 0 0 0 0 0 0 0 0 0 0 0 0 0 1 2 7 11 37 47 48 53 44 47 35 43 38 36 29 40 49 70 35 28 27 13 14 27 27 44 25 25 23 10 15 42 26 46 73 57 55 57 58 59 76 72 68 45 20 8 3 1 0 0 0 0 0 0 0 0 0 0 1 1 1 2 2 3 5 6 8
18 19 8 5 4 4 3 3 1 1 1 0 0 0 0 0 0 0 0 1 0 0 1 1 0 0 0 1 1 1 2 3 12 27 58 59 40 56 46 34 44 48 48 47 35 30 23 51 34 22 23 21 19 26 6 42 29 12 10 27 40 52 44 80 77 82 81 49 30 26 63 69 83 48 9 4 2 1 0 0 0 0 0 0 0 0 1 1 1 1 2 4 3 6 11 9
28 13 12 24 15 7 5 4 2 1 0 0 0 0 0 0 0 0 0 1 2 1 1 1 2 1 1 2 2 3 4 2 11 23 45 34 56 41 42 36 47 37 34 53 35 21 21 18 21 12 28 19 11 15 20 8 6 13 7 31 59 56 54 83 89 80 81 90 77 55 44 49 61 39 30 11 4 1 0 0 0 0 0 0 0 1 1 1 1 2 2 3 7 6 7 17
9 4 2 13 8 4 4 1 1 0 0 0 0 0 0 0 0 0 1 1 2 4 3 3 3 2 2 3 4 4 4 6 6 21 28 26 23 36 41 36 55 48 47 62 40 32 34 25 25 12 41 16 7 6 18 30 3 7 24 24 40 29 20 59 84 70 73 85 91 79 33 14 9 13 16 1 0 0 0 0 0 0 0 0 0 0 0 1 1 1 4 2 4 4 9 13
