sesion_6_simulaciones/modelos_agentes/ejemplos_netlogo/scenarios/echam4_b2/rob_2066.asc
NCOLS 322 
NROWS 307 
XLLCORNER 451900 
YLLCORNER 4086900 
CELLSIZE 100 
NODATA_value -9999 
[rows 222 to 295 of 307, columns 96 to 191 of 322]
2 1 1 0 0 0 0 0 0 0 0 0 0 0 0 0 0 0 0 0 0 0 0 0 0 0 1 3 1 1 1 1 2 3 0 0 0 0 0 0 0 0 1 2 3 4 8 17 23 30 34 33 40 46 44 47 50 58 72 70 74 81 51 69 38 50 41 37 40 35 24 25 16 20 31 32 37 16 16 13 36 29 28 23 24 14 35 53 63 41 34 38 24 16 19 11
2 1 0 0 0 0 0 0 0 0 0 0 0 0 0 0 0 0 0 0 0 0 0 0 0 0 0 1 6 2 1 3 5 1 0 0 0 0 0 0 0 0 1 1 2 3 5 11 18 21 28 22 29 39 51 69 73 48 30 36 41 43 33 41 70 22 23 25 44 38 26 41 16 21 34 28 31 13 24 32 35 73 41 33 27 27 20 21 52 76 60 55 51 27 21 17
1 0 0 0 0 0 0 0 0 0 0 0 0 0 0 0 0 0 0 0 0 0 0 0 1 1 0 1 4 4 3 4 2 1 0 0 0 0 0 0 0 0 1 1 2 3 4 6 12 18 21 26 46 30 49 70 40 32 31 29 12 36 33 32 26 44 13 36 39 33 45 41 12 18 19 27 19 18 31 41 28 23 51 53 28 33 37 21 18 53 83 65 59 37 39 29
1 0 0 0 0 0 0 0 0 0 0 0 0 0 0 0 0 0 0 0 1 0 0 0 1 2 1 2 4 11 6 2 1 0 0 0 0 0 0 0 0 0 1 1 1 3 4 5 12 14 19 23 40 39 24 21 25 25 23 17 42 61 36 36 46 80 61 34 35 33 49 42 25 19 31 36 26 24 32 46 41 23 8 23 57 61 36 35 30 26 65 64 53 46 27 21
1 0 0 0 0 0 0 0 0 0 0 0 0 0 0 0 0 0 0 1 2 1 1 1 1 3 5 2 7 9 2 1 0 0 0 0 0 0 0 0 0 0 1 1 1 3 5 8 9 12 21 33 31 30 31 30 42 33 24 32 16 25 49 42 45 84 53 58 24 43 36 38 28 15 36 41 30 16 32 67 33 32 44 31 33 20 24 41 38 45 26 33 42 29 14 17
1 0 0 0 0 0 0 0 0 0 0 0 0 0 0 0 0 0 0 0 0 2 1 1 1 2 7 11 7 5 1 1 1 1 1 0 0 0 0 0 0 0 1 1 2 4 5 6 9 11 15 17 14 21 24 31 51 44 40 22 24 35 34 44 67 47 38 53 69 42 27 37 42 10 13 24 23 29 51 22 72 57 75 50 70 39 56 46 34 23 22 36 27 20 12 6
1 0 0 0 0 0 0 0 0 0 0 0 0 0 0 0 0 0 0 0 1 1 3 6 2 3 6 12 8 2 3 2 1 1 1 0 0 0 0 0 0 1 1 1 1 3 4 5 10 12 19 19 24 26 24 38 46 71 41 35 24 44 58 75 54 44 43 44 26 35 45 20 17 10 11 22 32 27 70 49 22 18 36 63 47 52 43 45 29 31 27 19 14 18 14 17
1 0 0 0 0 0 0 0 0 0 0 0 0 0 0 0 0 1 1 1 1 1 1 5 3 3 5 25 12 6 8 4 1 1 1 0 0 0 0 0 0 0 1 1 1 2 2 3 8 10 14 15 20 16 37 42 29 27 22 38 24 21 28 41 26 13 22 33 20 26 11 24 20 15 21 11 12 43 28 37 28 22 27 42 25 28 39 50 27 31 16 9 11 8 8 8
0 0 0 0 0 0 0 0 0 0 0 0 0 0 0 0 0 1 1 2 3 3 1 2 11 2 3 13 24 28 9 4 2 1 0 0 0 0 0 0 1 1 1 1 2 2 3 4 4 6 7 8 13 17 29 17 19 19 21 22 25 24 26 30 32 42 45 51 33 30 39 39 21 11 18 26 9 38 27 38 43 40 35 59 39 19 28 19 17 23 12 7 5 9 7 5
1 0 0 0 0 0 0 0 0 0 0 0 0 0 0 0 0 0 1 2 3 4 4 3 5 8 4 6 28 22 11 4 2 1 1 0 0 0 0 1 1 2 2 2 2 3 3 4 6 6 8 10 11 13 9 10 9 9 9 10 10 9 10 32 41 40 22 39 40 33 28 20 19 10 11 24 23 22 35 59 46 45 47 53 41 36 21 20 16 18 16 10 6 5 7 3
0 0 0 0 0 0 0 0 0 0 0 0 0 0 0 0 0 1 1 3 3 3 1 4 16 10 5 6 19 23 15 8 2 1 0 0 0 0 0 1 1 2 3 6 4 4 3 7 11 15 24 20 10 8 8 10 9 11 20 22 15 23 19 16 13 15 21 19 22 33 44 47 45 11 10 11 36 32 46 41 35 43 47 42 40 60 46 26 21 12 8 6 7 4 3 2
1 1 0 0 0 0 0 0 0 0 0 0 0 0 0 0 0 1 1 2 3 7 2 4 5 12 13 17 28 25 17 8 3 1 1 0 0 1 1 1 1 2 3 4 6 11 7 3 9 18 26 34 24 12 14 19 33 32 35 48 39 35 28 20 27 45 24 22 18 28 45 53 48 37 21 41 55 26 54 33 64 62 44 58 43 37 44 40 48 18 9 6 5 2 1 1
2 1 0 0 0 0 0 0 0 0 0 0 0 0 0 0 0 1 1 2 4 5 3 2 6 8 30 24 16 13 9 5 1 0 0 0 0 1 1 1 2 3 4 5 6 8 9 22 10 14 20 23 23 33 25 35 35 40 57 48 32 32 40 30 20 16 26 34 16 21 9 12 11 7 30 10 22 65 38 30 12 29 68 59 41 43 58 32 39 17 20 8 3 4 2 2
2 1 1 0 0 0 0 0 0 0 0 0 1 0 0 0 0 0 1 2 5 6 8 3 4 10 12 32 13 6 4 2 1 0 0 0 1 1 2 2 2 4 4 5 8 10 13 15 23 18 24 24 32 51 29 31 40 42 42 48 43 56 48 44 33 17 27 31 42 25 20 18 19 11 52 19 11 16 22 21 13 6 61 70 53 55 60 63 36 29 24 16 11 13 4 1
2 2 1 0 0 0 0 0 0 0 0 0 1 1 0 0 0 0 1 2 3 6 16 7 3 10 13 33 16 8 2 1 1 0 0 1 1 1 2 3 3 4 5 7 11 14 28 19 27 42 31 43 39 40 42 34 38 40 63 51 52 47 38 52 55 28 19 23 26 20 42 24 13 21 23 32 24 42 43 29 30 21 15 54 54 62 73 55 32 20 10 11 10 3 2 3
7 3 1 0 0 0 0 0 0 0 0 1 1 1 1 0 1 1 1 1 4 8 7 15 3 7 12 24 17 10 6 3 2 0 0 1 1 1 3 3 4 5 6 10 19 21 39 35 26 19 47 68 74 46 45 20 35 34 57 45 66 51 38 32 34 27 13 26 17 44 14 17 14 18 10 10 16 22 27 25 22 22 25 25 47 34 19 41 33 18 14 6 3 4 3 2
3 1 1 0 0 0 0 0 0 0 0 1 2 2 2 1 0 1 1 2 4 6 11 19 10 9 19 30 24 16 11 4 2 1 0 1 2 2 2 4 5 6 8 18 23 33 41 40 44 34 36 53 60 56 46 21 32 39 26 48 64 53 16 56 17 32 26 21 15 28 15 5 10 20 23 24 27 39 49 45 54 29 30 28 26 17 28 24 17 18 8 4 4 3 2 1
1 1 0 0 0 0 0 0 0 1 1 0 2 3 4 1 1 2 3 6 7 4 15 31 21 15 26 30 20 23 13 4 3 1 0 1 2 2 2 3 7 7 10 16 25 37 42 43 48 49 43 54 68 66 50 20 31 39 47 38 47 47 14 36 34 29 35 14 20 16 9 12 18 15 13 12 15 27 39 17 39 48 50 29 34 22 17 19 13 6 5 6 5 4 3 1
1 0 0 0 0 0 0 0 1 1 1 1 2 4 6 4 1 2 3 14 14 5 11 29 28 11 8 58 43 17 12 6 2 1 0 2 3 4 3 7 9 16 13 21 30 28 46 51 55 62 45 60 66 49 52 18 28 36 38 50 39 36 35 31 32 33 26 25 16 10 12 14 18 18 14 14 15 32 35 25 28 31 60 58 35 44 33 17 7 5 4 2 4 3 2 1
0 0 0 0 0 0 1 0 1 2 3 3 2 4 9 9 3 2 4 11 16 10 14 28 44 14 16 59 28 25 20 8 4 0 0 3 3 2 7 5 12 19 15 24 26 29 57 56 57 60 61 51 45 54 75 36 19 39 50 35 23 19 18 39 37 27 22 31 13 7 8 8 17 19 27 25 29 58 50 43 38 37 43 42 43 50 32 24 16 10 5 5 4 1 1 0
0 0 0 0 0 0 0 1 1 2 3 3 2 6 12 13 5 2 12 12 14 20 16 33 54 56 45 56 45 33 19 7 2 1 1 3 4 5 6 13 8 20 29 25 18 27 51 60 62 58 61 64 58 55 80 51 44 13 28 58 37 32 18 20 14 30 30 27 10 7 4 19 19 14 19 19 30 62 53 42 57 28 27 25 31 30 36 29 12 9 7 5 3 2 2 1
1 0 0 0 0 0 1 1 1 2 5 8 6 9 11 20 7 4 11 13 16 25 23 38 59 73 47 61 29 22 20 6 1 1 1 1 3 13 6 9 18 14 28 25 30 48 51 49 63 64 62 61 68 79 77 70 31 15 36 48 54 30 21 22 18 13 8 7 7 6 19 19 8 30 12 20 17 38 39 42 37 40 61 38 23 19 11 11 12 9 5 4 3 2 1 0
2 1 0 0 0 0 1 2 4 5 7 7 15 8 17 26 9 11 7 26 34 31 24 42 60 52 35 24 15 14 7 5 1 0 1 2 4 10 14 9 13 26 11 46 32 40 52 45 49 71 67 44 68 72 66 71 54 23 15 17 25 41 29 17 15 7 2 1 5 7 31 15 16 29 82 65 46 42 41 47 59 60 45 54 40 38 24 18 15 8 6 2 1 1 0 0
1 0 0 1 1 1 1 3 2 6 9 11 20 8 21 27 14 24 10 19 43 41 57 38 65 50 27 20 12 9 7 2 1 1 3 2 3 6 13 15 25 16 18 24 57 35 39 50 63 75 68 53 47 43 52 70 70 26 16 17 32 23 20 15 8 9 5 3 12 21 11 19 46 57 59 76 48 65 48 63 69 57 40 19 28 20 25 20 10 8 5 1 1 1 0 0
0 0 0 1 1 1 2 4 5 5 10 15 30 18 26 37 16 26 35 18 25 43 33 74 52 55 21 15 13 5 1 1 2 2 4 5 5 3 4 4 8 17 29 54 38 41 55 58 54 59 71 70 39 36 29 34 58 41 24 9 18 9 6 4 4 1 4 9 8 11 11 8 22 45 20 52 80 76 68 69 76 52 33 30 27 12 10 8 11 8 1 1 1 1 1 0
0 0 1 2 3 2 3 4 6 10 13 17 25 35 20 44 20 21 41 34 36 55 33 60 67 33 15 10 3 2 3 5 4 2 5 5 5 5 4 11 12 15 25 43 66 47 35 48 47 62 58 57 59 50 30 22 27 40 25 12 16 11 11 8 8 3 2 8 10 11 17 21 28 22 20 21 47 57 67 52 36 32 29 26 16 12 11 7 4 2 2 1 0 0 1 0
1 0 1 3 4 3 4 6 5 10 14 23 27 35 37 62 26 24 45 48 43 60 81 56 36 38 25 13 8 5 7 7 6 3 2 5 5 7 11 11 15 22 27 39 44 63 44 39 50 53 59 46 52 58 38 21 12 29 24 16 9 8 10 8 6 5 4 12 9 10 19 23 61 43 37 29 23 14 40 50 45 21 18 14 17 12 5 2 1 1 0 1 1 1 2 1
1 0 1 4 5 5 4 9 6 12 28 26 25 29 65 62 31 33 34 47 49 65 79 32 46 39 19 14 17 15 19 21 8 6 3 6 6 9 19 9 16 30 44 47 38 55 43 63 49 60 53 72 44 25 26 18 31 9 7 35 8 5 14 10 4 3 7 20 10 9 19 45 72 51 37 33 29 29 25 34 38 27 16 15 17 12 4 3 2 1 1 1 2 2 2 2
1 1 1 5 7 7 4 12 15 16 33 27 47 43 47 58 65 47 54 41 58 54 83 72 45 27 26 27 21 30 32 28 11 5 4 2 8 15 9 18 26 30 52 62 67 50 65 25 14 25 54 28 38 28 35 19 6 5 5 6 11 3 9 5 2 3 19 6 8 11 8 14 9 22 34 27 28 33 26 24 25 15 19 17 18 18 10 11 4 2 1 2 2 2 4 2
1 1 1 6 9 14 5 15 22 22 20 33 25 54 58 35 32 70 52 51 44 66 72 50 41 36 36 35 42 60 31 13 6 6 8 3 5 7 27 23 30 38 45 66 46 67 54 44 33 47 46 9 44 48 40 13 16 11 7 3 11 3 5 3 1 2 5 22 16 6 18 41 35 44 43 36 30 36 36 42 32 27 25 21 19 23 21 6 4 1 1 3 3 3 5 1
1 3 4 8 13 17 9 8 15 29 36 43 25 24 43 67 34 25 73 70 41 60 74 53 58 31 58 75 54 30 18 16 12 8 5 2 4 4 11 21 26 52 57 45 31 47 45 58 57 56 38 29 45 51 52 40 23 6 5 4 7 4 3 3 1 2 10 6 4 5 17 23 28 34 44 48 33 33 25 33 18 12 15 34 31 27 13 6 2 2 4 4 4 7 7 2
1 4 8 9 14 13 18 15 17 13 23 46 20 18 40 56 61 51 16 38 46 65 53 46 41 65 48 30 34 20 21 24 17 6 7 3 6 11 17 18 12 33 38 28 36 42 46 38 56 50 50 40 61 53 37 26 8 14 3 4 4 6 1 2 2 2 2 7 13 17 12 27 40 38 38 46 31 30 20 32 40 30 45 32 28 16 16 6 3 4 4 5 8 8 7 3
3 6 9 9 15 25 21 33 27 21 16 28 58 22 47 42 49 66 47 22 37 68 26 50 77 39 36 40 39 36 28 14 6 7 9 6 8 12 19 18 23 36 31 23 40 49 27 20 41 41 22 15 26 23 24 8 12 6 9 1 3 5 1 2 8 11 5 11 23 13 30 37 48 56 58 61 46 32 38 38 46 37 46 28 26 22 9 5 3 5 5 6 11 17 4 3
4 8 12 5 10 35 42 33 30 27 45 29 39 62 37 41 50 24 67 36 36 39 75 59 47 52 56 56 51 44 23 10 7 7 15 6 7 14 27 31 31 42 48 43 41 29 33 38 25 21 22 16 15 19 12 13 9 6 6 6 1 1 2 9 13 4 8 10 22 17 38 30 34 55 61 48 38 49 41 42 48 46 31 33 25 13 4 4 7 6 10 11 14 15 6 3
7 14 13 10 13 26 29 46 50 30 41 49 45 51 64 38 54 30 24 54 26 29 70 67 62 54 49 54 52 27 26 20 15 5 11 4 6 10 21 37 44 47 31 45 37 44 34 32 34 34 27 17 19 19 19 13 6 4 4 4 2 1 3 1 2 10 11 20 8 14 32 28 39 34 45 68 39 39 22 21 24 26 40 31 21 12 7 5 8 8 13 9 30 11 8 6
7 12 17 14 16 20 31 34 37 48 58 51 49 51 70 67 32 25 32 29 56 59 71 58 63 69 62 59 53 38 28 23 17 8 17 5 5 13 21 35 43 58 52 53 48 46 41 51 28 29 29 20 12 17 11 21 12 3 1 1 1 1 2 2 2 2 2 1 3 24 16 22 38 38 41 39 27 13 12 30 43 42 17 28 33 23 7 11 9 14 12 10 32 11 9 7
9 18 25 24 27 20 23 39 46 46 64 62 62 51 63 65 45 43 33 36 31 60 65 62 44 58 55 55 40 48 37 26 19 16 23 3 13 21 24 26 18 51 59 57 47 53 53 36 31 41 46 35 12 16 17 14 5 4 2 1 1 1 3 1 2 3 5 9 7 11 13 17 21 19 40 18 20 24 16 52 45 21 33 30 28 34 15 20 18 11 11 7 22 12 11 9
12 18 44 28 30 30 28 44 50 50 50 62 58 54 73 48 54 58 43 33 32 52 48 46 44 53 55 55 49 34 32 29 37 27 8 2 13 30 36 41 35 52 62 48 46 49 37 27 37 59 49 37 34 14 17 11 6 4 2 2 2 1 2 1 4 6 15 19 14 18 20 28 24 16 17 21 33 47 27 46 43 42 33 30 24 25 30 27 12 14 11 4 13 22 4 6
16 11 34 44 33 35 30 47 54 52 46 48 61 67 67 60 47 64 40 26 33 75 50 66 47 52 60 63 51 38 44 42 35 20 12 6 8 22 47 62 55 56 45 61 44 44 36 26 34 26 21 18 25 18 7 5 4 3 2 2 3 1 2 2 6 7 11 20 23 10 24 17 9 12 15 44 38 48 56 17 36 35 41 42 29 23 43 32 15 18 9 10 19 16 6 9
16 15 27 52 51 38 45 53 51 51 55 42 56 66 65 50 45 34 42 26 33 60 56 68 53 50 49 48 51 39 59 38 28 19 20 12 15 25 40 50 70 71 64 44 55 29 26 37 27 19 16 19 20 16 27 13 3 2 2 2 1 1 2 2 2 3 13 25 13 6 8 16 16 26 24 48 48 52 36 43 37 23 43 37 28 38 39 22 30 15 8 10 31 13 9 13
24 48 39 44 53 41 35 53 52 47 58 43 21 32 68 68 59 38 34 53 33 71 73 41 52 61 40 43 39 47 44 44 36 13 17 11 15 38 38 45 42 58 52 60 48 48 23 40 44 19 28 30 24 17 17 6 4 2 3 1 1 1 2 2 4 4 19 4 8 3 12 22 39 22 28 49 30 36 50 43 13 20 41 46 54 43 29 18 26 19 11 14 25 24 18 14
26 34 54 56 55 41 39 52 48 46 45 51 41 43 49 64 54 21 30 56 28 69 56 55 54 43 24 44 37 47 56 45 48 25 18 13 18 40 38 50 65 48 34 57 31 39 44 24 37 29 43 38 22 18 13 5 3 2 1 2 1 1 5 4 1 8 5 5 18 15 31 27 27 39 28 20 34 54 30 14 14 39 56 47 45 49 27 21 17 17 24 16 14 37 21 17
39 47 49 57 56 43 51 49 49 46 28 44 42 53 51 52 51 51 59 63 57 64 51 49 44 55 48 45 57 36 53 59 44 33 35 12 17 39 60 51 56 49 47 48 43 32 40 14 30 26 34 23 15 12 12 7 6 3 2 1 1 3 0 2 2 4 5 11 13 13 11 27 45 48 31 27 51 41 40 30 29 35 16 23 44 51 28 24 17 27 27 18 13 57 25 30
41 48 42 45 17 35 61 40 51 52 40 37 48 55 44 54 36 58 53 65 57 50 60 40 38 51 66 63 34 48 43 51 54 31 28 13 16 43 43 52 49 39 57 49 43 30 16 42 27 51 20 22 12 15 9 14 4 3 2 1 0 2 6 6 2 3 6 13 18 11 10 31 60 50 26 47 41 26 31 71 58 24 29 47 32 28 32 15 20 27 27 19 28 60 47 40
41 33 19 11 10 18 60 41 24 29 38 26 28 48 67 63 28 28 56 41 57 49 59 61 23 45 68 44 37 44 33 60 59 52 25 5 13 35 38 53 43 39 46 55 54 49 19 15 6 7 26 28 9 9 11 8 7 2 2 1 1 3 3 4 3 4 5 5 16 13 14 31 59 24 31 49 44 9 43 42 28 44 61 50 37 30 28 10 29 30 32 22 41 80 54 33
44 45 34 33 31 23 35 54 19 22 18 40 30 39 61 50 56 27 40 51 52 60 65 67 47 25 48 54 47 31 58 50 52 42 25 11 10 21 42 59 27 42 60 57 51 31 26 24 19 18 13 14 25 9 3 2 2 1 1 0 1 1 1 1 2 2 4 2 4 7 26 23 32 45 25 24 20 17 34 30 32 52 52 38 28 12 11 9 22 30 31 25 48 64 53 20
57 43 48 43 28 32 28 29 34 31 26 53 33 36 33 37 55 56 48 63 61 52 61 51 23 30 43 38 39 45 57 53 34 32 39 20 15 12 30 41 13 23 29 26 26 22 21 16 47 37 21 16 9 5 5 3 2 3 1 0 0 1 1 2 3 5 3 2 12 13 7 14 10 21 19 18 10 45 35 51 33 32 23 26 27 16 12 22 24 34 33 41 46 66 24 18
37 38 45 38 42 27 22 38 55 55 21 18 47 42 19 19 16 31 60 56 26 23 32 43 45 12 38 43 27 58 45 44 44 31 41 20 28 11 24 44 44 18 25 29 15 20 8 4 10 15 9 32 15 9 4 0 0 0 0 0 0 1 1 2 3 4 2 7 10 6 9 12 16 17 8 17 32 48 56 32 29 31 36 42 27 16 13 25 35 37 34 30 56 67 53 19
38 57 43 43 42 40 28 41 55 41 39 24 17 34 44 19 36 27 17 45 23 38 47 52 39 26 40 26 27 56 48 50 37 18 34 19 23 16 9 29 32 49 40 23 18 24 22 9 13 21 24 23 9 6 6 3 1 1 1 0 0 0 1 1 2 1 3 9 14 13 9 11 10 6 25 29 27 39 41 28 23 29 35 28 24 22 14 32 39 26 39 33 21 41 58 25
42 43 41 33 39 56 28 40 41 46 38 30 41 27 15 44 40 22 23 44 48 16 16 27 24 45 41 55 30 31 50 39 30 48 26 16 20 29 12 32 41 53 54 18 20 36 22 7 16 21 10 16 8 8 4 2 2 2 1 1 0 1 0 1 1 2 3 2 3 3 6 5 20 28 17 19 19 19 22 23 15 21 26 32 31 16 15 22 43 25 42 28 29 29 46 25
37 37 55 37 47 53 19 32 43 49 43 34 39 40 52 31 52 60 29 42 44 17 23 28 34 58 53 66 34 37 41 42 51 28 21 14 14 41 19 19 33 47 28 28 32 37 7 3 34 53 13 12 10 3 3 1 2 1 1 0 0 0 0 1 1 1 1 2 4 6 10 13 10 14 10 5 10 22 18 17 25 42 25 24 29 14 24 27 43 24 30 9 4 13 39 57
37 42 53 50 42 37 19 30 45 51 45 32 26 23 42 55 31 21 40 36 20 12 20 18 42 36 60 44 42 62 57 49 32 31 14 5 6 43 19 17 20 32 27 22 27 25 1 9 15 17 30 16 6 2 1 1 0 0 1 0 0 1 0 0 0 0 1 2 7 20 25 26 12 10 7 10 39 31 22 22 36 28 29 40 12 15 28 36 28 20 8 8 17 22 23 39
42 24 26 50 40 48 35 14 41 42 46 32 36 23 33 24 49 20 19 22 11 19 23 26 22 45 34 53 58 68 50 52 42 40 30 4 23 39 15 18 26 13 21 25 23 16 4 10 9 11 16 8 11 6 4 1 0 1 1 1 0 1 0 0 0 1 2 5 6 6 12 6 5 7 15 23 32 26 16 43 38 34 37 15 14 29 51 25 9 6 11 26 19 48 33 35
36 10 30 46 53 43 42 25 15 32 42 22 30 29 39 39 28 22 24 22 7 21 53 29 29 33 20 31 41 46 49 52 36 22 26 13 25 19 26 17 29 24 22 27 33 21 12 8 6 9 8 12 5 5 3 2 1 1 1 1 1 1 0 0 0 2 1 3 5 2 7 12 10 21 20 24 31 32 29 43 34 22 15 10 30 43 14 6 7 15 17 37 36 39 43 33
33 16 17 12 37 43 51 28 5 16 34 21 29 22 55 43 27 7 15 20 9 24 32 26 23 10 30 41 44 40 47 37 41 33 19 17 18 13 20 12 5 22 18 29 27 28 28 38 25 20 14 21 10 4 1 1 1 1 1 1 1 0 0 0 1 2 1 2 2 2 4 13 25 35 19 13 42 42 26 24 16 24 7 23 29 14 4 14 16 24 28 31 32 46 44 34
42 26 32 9 39 52 47 25 7 4 6 25 35 18 26 35 15 16 19 26 16 9 22 25 16 15 36 44 41 33 31 27 38 30 27 27 30 10 24 16 7 10 15 19 26 18 11 9 8 8 5 11 3 2 2 4 4 1 1 0 0 0 0 1 1 1 1 1 2 1 4 14 23 26 25 22 43 44 33 29 18 10 20 27 15 4 10 27 23 22 28 26 33 30 32 31
52 22 33 11 17 40 29 14 9 8 9 12 17 41 32 25 18 12 12 21 11 18 26 16 18 31 20 34 42 36 25 33 26 16 28 29 19 17 14 24 15 9 14 13 16 17 24 15 10 15 21 11 4 2 1 3 3 1 1 1 1 1 0 1 1 1 0 1 2 2 4 11 18 26 19 18 22 23 39 17 12 11 23 8 10 27 26 25 25 23 25 21 16 14 18 34
40 20 31 16 12 43 29 30 20 19 12 14 21 27 38 40 40 20 12 11 9 10 14 22 31 25 41 52 42 25 27 31 18 15 48 29 18 20 15 8 7 11 11 21 18 19 24 14 19 12 13 5 8 4 1 2 9 2 1 1 1 0 0 0 0 1 0 1 3 2 3 8 18 21 24 9 17 35 29 35 30 17 7 10 13 18 16 34 32 20 25 22 18 11 17 6
29 22 33 24 16 24 14 32 15 14 17 12 20 16 13 19 22 18 14 14 14 5 8 28 25 34 28 28 37 29 29 28 27 15 39 25 25 16 31 9 20 22 7 12 22 29 30 19 17 22 9 4 9 2 2 3 3 1 1 1 0 0 0 0 1 1 4 2 1 1 5 4 5 13 12 11 27 45 66 35 18 10 3 11 6 35 25 23 25 27 45 42 16 15 20 6
43 21 30 22 13 12 7 21 27 18 17 18 16 16 12 20 15 12 4 6 8 4 14 18 26 16 30 38 29 28 24 25 21 29 40 23 35 48 17 12 13 13 15 12 30 15 21 19 15 11 17 12 5 3 5 3 7 1 1 1 0 0 0 0 0 1 4 3 1 2 3 4 10 14 8 37 39 35 41 33 15 4 8 19 15 21 30 16 26 33 31 37 17 12 15 6
45 21 44 24 9 11 21 14 37 15 29 22 12 8 11 9 8 11 6 6 3 9 7 10 13 14 29 31 18 25 24 11 19 27 19 43 22 47 27 13 24 10 23 13 25 33 21 20 12 16 15 6 4 7 5 3 2 2 1 1 1 1 0 0 0 1 2 2 2 3 2 2 7 9 30 32 16 26 23 33 15 9 12 23 40 24 21 33 30 27 24 19 16 10 10 5
41 20 45 25 8 7 43 21 23 16 18 25 11 12 11 10 8 11 7 6 2 3 2 2 6 9 34 40 36 22 13 12 20 38 28 15 27 26 21 13 23 5 19 7 14 26 31 21 14 22 9 16 3 4 6 5 4 1 1 1 0 0 0 0 0 0 1 1 4 2 3 5 14 28 23 12 13 51 30 20 15 10 24 15 38 35 19 29 26 26 20 12 19 10 7 3
47 19 35 14 8 12 21 21 16 39 30 17 18 10 10 10 12 9 9 8 1 2 3 10 15 20 20 25 28 17 9 10 32 24 29 23 41 20 15 13 23 6 18 11 15 23 35 24 13 17 18 13 4 2 4 5 2 1 1 1 1 0 0 0 0 0 0 1 2 2 3 6 10 9 18 12 14 39 25 6 6 13 30 26 25 30 11 19 37 35 15 9 19 5 7 6
50 19 39 14 9 12 12 38 17 35 43 32 12 6 6 8 21 9 2 5 1 3 4 9 4 8 9 21 14 10 16 11 49 33 32 31 30 14 9 28 14 10 10 35 31 22 25 19 24 21 11 8 7 4 3 2 3 2 1 0 0 0 0 0 0 0 0 1 2 2 2 2 7 7 17 17 26 33 29 8 5 21 30 31 28 24 8 16 26 27 9 9 7 10 10 10
57 42 12 20 10 8 22 38 23 15 34 27 22 5 11 20 9 9 5 4 2 2 3 3 3 6 18 12 16 14 13 22 8 16 7 20 17 10 6 26 11 8 2 14 56 24 16 24 23 16 14 8 6 3 9 6 4 2 1 0 0 0 1 0 0 0 0 1 2 1 3 4 7 7 17 29 22 26 23 13 9 28 21 16 21 13 17 18 11 12 19 9 7 14 10 7
38 18 12 16 11 7 38 31 33 11 7 17 28 4 8 5 4 7 4 5 1 1 3 7 8 8 5 18 18 8 35 11 17 14 23 19 12 16 8 20 8 16 6 10 36 42 20 18 22 17 13 10 5 5 3 2 2 1 1 1 0 0 0 0 0 0 0 1 2 2 7 12 16 17 29 52 6 37 20 17 14 14 18 9 13 9 18 33 15 7 16 9 7 9 11 7
35 15 7 19 14 11 24 4 16 27 5 7 21 11 2 5 3 4 2 2 2 3 8 4 5 6 9 20 13 10 15 21 28 46 27 16 31 13 14 23 9 9 11 14 25 25 15 42 14 12 9 10 9 4 1 1 2 2 1 1 0 0 0 0 0 0 0 0 1 2 4 7 17 36 28 13 18 35 25 11 7 11 28 8 16 17 19 12 19 9 6 11 12 9 3 6
37 6 12 18 10 10 18 3 3 4 12 23 9 16 3 4 2 2 1 2 2 1 2 4 4 5 6 13 13 29 10 14 29 17 10 30 13 9 20 13 18 20 16 17 25 24 13 13 20 6 4 3 6 7 2 1 1 1 1 1 0 0 0 0 0 0 0 1 1 2 3 10 17 10 19 13 23 16 8 5 6 20 21 20 11 15 16 10 8 9 13 6 5 10 3 2
41 8 11 19 10 20 21 8 4 4 12 18 23 16 4 2 3 2 4 1 1 1 3 5 2 2 6 18 13 10 8 23 10 14 36 10 8 13 21 11 21 17 14 28 31 34 20 9 6 10 4 4 5 6 4 2 1 0 0 0 0 0 0 0 0 0 1 1 1 4 5 17 18 10 5 13 27 8 9 7 9 16 21 18 9 13 11 11 4 15 8 10 5 3 1 1
25 8 10 23 6 15 29 15 6 6 3 13 7 9 13 1 2 2 1 2 2 1 1 2 1 2 9 13 17 4 18 7 6 26 22 9 13 18 29 18 5 26 22 26 37 31 16 4 7 11 9 2 1 2 3 3 1 1 0 0 0 0 0 0 0 1 4 2 1 2 8 19 16 8 4 18 19 11 9 7 9 13 14 16 10 10 4 9 6 9 9 2 6 2 2 3
14 7 7 18 5 13 18 7 4 5 8 6 4 3 4 4 1 1 2 0 1 1 1 1 1 3 22 8 9 5 23 13 5 34 15 8 15 35 24 15 8 24 24 35 12 26 12 9 4 4 6 6 2 1 1 3 1 1 0 0 0 0 0 0 1 2 2 4 5 8 13 26 16 4 6 18 12 5 5 6 9 8 15 7 9 7 3 5 7 4 7 2 2 6 4 2
28 8 16 9 3 20 10 4 6 4 10 3 6 3 2 2 1 0 1 0 1 3 1 0 0 1 10 4 3 9 9 6 13 18 17 6 11 34 37 13 9 18 16 30 25 20 7 7 7 2 2 2 3 2 1 0 1 0 0 0 0 0 0 2 6 11 16 14 23 37 22 26 15 3 21 31 9 5 5 10 8 9 15 7 15 10 2 3 6 4 3 2 1 1 2 2
24 14 3 2 3 9 4 5 6 6 6 7 4 5 1 1 1 0 1 1 1 2 1 1 1 3 4 2 8 2 5 13 14 9 7 15 14 40 35 11 9 18 13 18 16 10 8 12 4 4 2 1 3 2 1 0 0 0 0 0 0 0 0 1 1 1 9 18 28 47 52 32 5 10 22 33 11 1 4 21 8 16 7 10 6 13 2 4 7 2 3 1 3 1 3 1
17 5 2 3 3 4 1 3 4 6 2 6 9 2 1 1 1 0 1 0 1 1 0 0 0 6 1 3 5 2 11 13 5 5 11 13 6 36 28 5 8 11 10 13 19 10 9 5 3 2 2 1 1 1 1 0 0 0 0 0 1 1 2 2 3 2 10 46 57 44 45 6 7 15 24 35 22 4 10 11 8 8 8 8 6 10 1 2 5 3 4 2 2 1 1 1
