sesion_6_simulaciones/modelos_agentes/ejemplos_netlogo/scenarios/echam4_b2/rob_2058.asc
NCOLS 322 
NROWS 307 
XLLCORNER 451900 
YLLCORNER 4086900 
CELLSIZE 100 
NODATA_value -9999 
[rows 222 to 295 of 307, columns 96 to 191 of 322]
5 2 2 1 1 1 0 0 0 0 0 0 0 0 0 0 0 0 0 0 0 0 0 0 0 1 3 6 2 1 2 3 4 6 1 1 0 0 0 0 1 1 1 4 6 9 14 30 35 39 42 41 45 49 44 45 45 52 67 64 67 74 40 54 22 32 28 27 31 28 18 19 12 15 25 24 27 9 8 7 20 17 18 17 18 11 30 48 60 38 33 38 27 19 28 17
3 1 1 1 0 0 0 0 0 0 0 0 0 0 0 0 0 0 0 0 0 0 0 0 1 1 1 3 12 4 2 6 11 3 1 0 0 0 0 0 1 1 2 3 5 7 12 19 28 29 37 27 33 41 50 67 71 43 25 30 34 35 25 29 54 11 14 16 33 29 20 33 12 16 27 20 22 8 13 19 23 61 31 25 21 22 16 18 50 75 58 55 55 34 28 26
1 1 0 0 0 0 0 0 0 0 0 0 0 0 0 0 0 0 0 0 1 0 1 1 2 1 1 2 9 7 6 9 4 2 1 0 0 0 0 0 0 1 2 3 4 6 8 13 22 29 28 34 51 32 50 70 37 28 26 23 9 29 26 23 17 29 7 23 27 22 35 32 8 13 13 19 12 10 17 23 17 16 43 45 23 28 33 18 16 54 84 68 65 45 47 39
1 1 0 0 0 0 0 0 0 0 0 0 0 0 0 0 0 0 1 1 2 1 1 1 3 4 1 4 8 21 13 4 1 1 1 0 0 0 0 0 0 1 2 2 3 5 8 9 19 23 26 30 46 44 25 21 23 22 19 13 36 56 28 27 35 67 45 20 21 20 35 31 18 14 21 24 16 14 19 31 28 17 6 18 52 56 31 32 29 27 68 68 59 54 37 29
2 1 0 0 0 0 0 0 0 0 0 0 0 0 0 0 0 0 1 2 5 2 2 1 3 7 10 5 13 17 4 2 1 0 0 0 0 0 0 0 0 1 1 1 2 6 9 15 17 19 32 42 40 34 33 30 40 30 20 27 13 20 42 35 36 78 37 40 12 26 21 26 20 10 24 28 18 8 17 52 22 24 36 25 28 17 22 40 38 48 29 40 52 37 22 26
1 1 0 0 0 0 0 0 0 0 0 0 0 0 0 0 0 0 0 1 1 4 2 4 3 5 16 20 14 10 2 2 1 1 1 0 0 0 0 0 1 1 2 3 5 8 9 11 16 17 24 23 18 26 26 32 50 41 36 19 20 30 27 37 60 37 27 40 55 23 13 21 28 6 8 13 12 14 34 13 63 49 71 44 65 35 53 46 34 27 28 45 36 27 17 11
1 1 0 0 0 0 0 0 0 0 0 0 0 0 0 0 0 1 0 1 1 2 7 14 4 6 12 25 17 4 6 4 2 1 1 0 0 0 0 0 0 1 2 2 3 6 7 10 17 19 27 28 30 33 27 39 46 70 38 31 20 40 52 71 48 37 36 33 16 23 28 10 10 6 6 12 17 14 56 37 16 14 31 59 44 49 42 45 31 37 33 24 19 24 22 26
1 1 0 0 0 0 0 0 0 0 0 0 0 0 0 0 1 2 2 1 2 1 2 10 6 8 11 39 24 11 16 10 3 2 2 0 0 0 0 1 1 1 2 3 3 4 4 6 14 18 20 21 25 21 41 45 29 26 20 35 21 18 24 36 22 10 17 23 12 14 4 14 11 9 12 5 6 24 16 26 21 18 24 39 24 27 40 52 31 37 21 13 18 14 15 16
0 1 0 0 0 0 0 0 0 0 0 0 0 0 0 0 1 1 2 4 6 6 2 3 20 5 6 22 40 44 17 9 5 2 1 0 0 0 1 1 2 2 1 3 4 5 7 7 8 10 11 12 17 23 33 19 21 20 22 21 23 21 22 26 27 35 36 40 22 18 23 23 10 6 9 12 3 20 15 26 33 33 30 55 36 18 29 23 21 31 17 10 9 14 14 10
1 1 0 0 0 0 0 0 0 0 0 0 0 0 0 0 0 1 2 4 7 8 8 8 10 14 8 13 42 35 20 9 4 2 1 0 0 1 1 2 3 4 6 4 5 7 7 8 10 11 15 17 17 18 11 13 10 11 9 9 9 8 9 28 36 35 17 31 29 20 16 10 9 5 5 11 11 12 22 49 37 38 41 49 39 36 22 23 21 23 22 15 11 10 12 7
1 0 0 0 0 1 0 0 0 0 0 0 0 0 0 0 1 1 3 7 7 7 3 8 27 17 10 11 29 36 26 15 4 2 1 1 0 1 1 1 4 5 7 13 9 9 6 13 21 26 34 27 15 12 10 13 11 12 21 21 14 21 17 14 11 12 16 15 16 22 26 29 25 5 4 4 17 17 31 32 27 36 41 37 37 59 47 31 26 17 13 9 13 8 8 4
1 1 0 0 1 0 0 0 0 0 0 0 0 0 0 0 1 1 3 4 7 14 3 9 9 21 21 26 41 42 29 16 6 2 1 0 0 1 2 2 2 5 6 8 13 23 15 7 15 27 36 46 31 17 19 22 36 34 36 46 35 30 24 16 22 38 20 16 13 19 32 39 32 21 9 22 39 15 44 26 61 58 39 53 40 37 45 45 58 26 13 9 10 5 3 3
4 1 1 1 0 0 0 0 0 0 0 0 0 0 0 0 0 1 2 4 8 10 7 4 10 14 42 34 25 22 16 10 3 1 0 0 1 2 2 2 4 7 8 11 12 15 18 34 16 21 27 30 28 38 30 38 38 41 56 44 27 27 34 24 15 12 20 26 10 13 5 6 5 3 15 4 13 53 27 24 9 25 64 54 38 42 59 37 47 23 28 15 6 7 5 5
5 2 2 1 0 0 0 0 0 0 0 1 1 1 0 0 0 1 1 5 10 13 15 6 7 16 21 45 21 13 8 4 1 0 0 1 2 2 4 5 6 8 9 11 15 20 21 26 33 25 32 30 37 55 31 33 42 40 38 43 37 48 40 36 26 13 21 24 31 16 12 9 8 4 34 10 5 10 17 16 10 5 57 66 50 53 62 68 46 40 36 27 19 23 8 3
4 4 2 0 0 0 0 0 0 0 1 1 2 1 1 0 0 1 1 4 6 13 27 12 7 17 20 48 26 15 4 2 1 1 1 2 2 2 5 6 7 9 10 15 20 23 40 31 36 51 41 50 45 42 43 34 36 37 59 46 45 41 30 43 45 20 13 16 18 12 26 11 5 9 10 18 13 29 33 22 24 17 12 50 53 64 76 62 39 29 16 18 17 7 4 6
14 5 1 1 0 0 0 0 0 0 1 2 2 3 1 1 1 2 1 2 9 15 13 25 5 12 18 34 27 20 12 7 4 1 1 2 3 2 6 7 8 10 11 21 30 31 50 45 34 25 57 73 76 48 45 20 32 31 53 39 60 43 29 24 25 20 8 17 10 28 7 7 6 7 4 5 8 15 19 20 18 18 21 23 47 36 22 48 43 25 22 11 6 7 6 5
6 2 1 1 0 0 0 0 1 1 1 1 4 5 3 2 1 3 3 4 9 12 20 29 16 15 28 41 36 27 20 8 5 1 1 3 6 4 5 8 10 12 15 30 34 44 51 51 52 40 41 57 61 56 45 19 29 35 22 43 56 44 12 46 11 21 16 12 8 15 7 2 4 8 11 13 15 27 41 38 47 24 27 27 27 18 32 32 24 28 13 8 7 6 4 3
2 1 0 0 0 0 0 0 1 2 1 1 3 7 8 4 1 4 7 12 14 7 25 47 31 25 36 41 30 36 23 8 5 2 1 4 6 5 5 7 13 13 20 28 36 47 52 55 55 56 46 56 68 64 48 17 26 34 41 33 39 37 9 25 24 18 22 7 11 8 3 4 8 7 5 6 8 18 31 13 34 44 47 28 34 24 22 28 19 10 9 12 11 9 8 2
1 1 0 0 0 0 0 1 1 2 3 2 5 9 12 8 2 5 7 26 23 8 21 43 41 16 12 68 56 28 21 12 5 2 1 5 8 8 5 13 17 26 22 31 41 39 55 58 60 67 47 60 65 46 47 15 24 30 32 43 32 27 25 20 20 18 13 13 8 5 5 6 7 7 7 6 8 23 28 20 24 28 57 58 36 48 43 23 12 9 6 5 7 7 5 2
1 1 0 0 0 0 1 1 1 4 7 6 4 9 17 17 6 4 9 19 26 16 22 39 54 21 24 68 42 38 32 16 7 1 1 6 8 5 14 11 21 29 27 36 37 40 66 61 62 63 61 52 42 50 71 30 15 33 43 28 17 13 12 28 22 15 11 16 6 3 3 3 7 9 13 12 18 45 42 37 32 33 40 41 45 56 41 33 23 17 9 10 9 3 4 1
1 1 1 0 0 0 1 2 2 3 7 7 6 12 22 23 9 5 24 20 21 30 27 46 63 64 54 65 57 46 30 14 4 1 2 6 8 10 11 22 16 30 40 33 27 37 57 65 65 58 60 62 54 49 76 45 38 10 23 49 29 23 11 11 7 16 15 12 3 3 2 8 7 6 9 10 19 52 46 38 54 25 26 27 34 36 47 41 18 14 12 9 8 5 4 2
2 1 1 0 0 1 1 3 3 5 10 17 13 17 19 32 12 7 19 22 23 35 35 49 67 78 54 70 40 32 31 12 3 2 2 3 6 23 13 15 28 24 38 35 38 55 58 51 63 64 59 57 63 76 72 63 25 11 31 38 41 19 11 11 9 6 3 3 2 2 8 8 3 16 6 12 11 29 33 38 34 36 60 39 26 23 17 17 20 16 11 8 7 5 3 1
3 2 1 1 0 1 2 4 8 11 15 14 25 14 27 38 15 17 11 37 44 40 34 50 64 58 44 32 22 25 14 10 2 1 2 3 10 18 23 14 19 36 16 56 39 46 59 46 48 69 64 39 63 67 59 63 46 17 11 12 17 27 15 8 7 3 1 0 2 3 16 7 8 16 70 51 34 33 34 41 55 59 45 56 46 47 31 28 25 14 10 4 3 3 1 0
2 0 0 1 1 1 3 6 5 13 16 20 32 14 31 39 21 33 14 27 53 49 63 43 70 56 34 30 18 15 13 4 2 2 5 4 5 11 21 23 34 25 25 30 63 42 41 51 62 73 63 47 42 37 44 60 62 18 11 12 20 13 9 6 3 3 2 1 4 10 4 8 30 42 49 68 38 57 41 58 67 57 42 22 33 28 35 28 16 15 10 3 2 1 1 0
1 0 1 2 2 3 4 8 10 10 18 25 43 27 36 48 23 34 44 23 31 51 38 78 56 60 29 25 21 8 3 3 3 3 7 9 9 5 9 6 12 24 36 62 44 45 57 57 51 54 65 64 31 30 23 24 45 28 17 6 10 4 3 1 1 1 2 4 4 5 5 3 12 32 14 44 77 72 64 66 76 52 35 35 33 16 15 14 20 16 3 3 2 2 2 1
1 0 1 4 7 4 6 9 13 17 22 27 36 47 28 53 26 26 48 40 40 59 35 63 70 39 21 16 5 4 6 9 8 4 9 9 9 10 8 19 17 21 32 49 69 49 37 47 43 57 51 50 51 41 22 15 17 26 13 8 9 6 5 3 3 1 1 3 3 4 8 11 17 14 14 16 40 51 63 49 35 33 32 32 23 20 18 13 8 5 3 2 1 1 3 1
1 0 2 7 9 6 7 12 10 18 27 33 38 46 46 69 31 28 49 51 46 61 82 58 39 43 36 20 12 9 14 13 11 5 4 10 8 13 18 19 21 29 34 45 47 64 44 36 46 48 51 39 44 48 27 13 7 16 11 7 4 4 4 3 3 2 1 5 4 4 9 12 47 33 29 23 18 11 36 48 45 22 21 19 25 18 8 4 2 1 1 2 2 3 3 3
2 1 2 8 10 11 7 16 11 21 41 36 34 38 72 67 37 36 38 51 49 65 79 32 49 45 26 22 24 22 28 31 15 12 6 11 10 16 27 14 24 40 51 52 42 55 42 59 43 55 46 66 34 18 19 11 19 5 3 17 3 3 5 4 2 1 3 10 3 4 11 32 62 41 30 27 23 24 22 32 40 29 19 21 24 20 8 6 4 2 1 2 4 4 5 5
2 1 3 11 14 13 8 21 24 25 45 37 57 51 54 62 68 48 54 40 57 52 82 71 47 32 32 36 27 39 42 39 18 10 7 4 15 25 14 28 34 38 59 67 68 50 62 21 11 21 47 21 29 20 24 12 3 3 2 3 5 1 4 2 1 1 9 2 4 5 4 8 6 16 27 22 23 29 23 23 28 17 23 23 27 30 18 22 9 4 2 4 5 5 9 5
3 2 3 12 16 25 10 25 33 31 29 42 32 62 63 37 34 70 50 48 42 63 70 49 42 38 39 40 48 69 41 22 12 12 13 5 9 12 37 34 38 46 51 70 47 65 51 40 27 40 38 6 34 34 25 7 8 4 3 1 4 1 2 1 0 1 2 10 7 3 9 27 24 36 35 29 24 31 35 42 35 32 29 26 25 32 34 10 8 3 3 5 6 6 9 3
2 5 7 15 22 28 15 13 23 40 45 51 30 28 47 69 35 24 72 67 37 57 71 50 58 31 59 78 63 38 25 23 19 12 9 3 7 6 19 29 34 62 63 47 31 45 41 51 50 49 30 22 34 37 34 24 11 3 2 2 3 1 1 1 0 1 4 3 1 2 9 14 19 25 37 41 29 29 23 33 19 15 18 43 41 37 20 11 3 4 7 7 7 12 12 4
3 9 15 17 22 21 27 23 25 18 30 54 24 21 43 58 60 50 15 36 43 60 50 43 39 65 49 34 40 27 30 33 25 10 12 6 10 16 23 24 17 40 43 30 37 40 41 32 50 42 41 31 50 38 19 13 3 6 1 1 2 2 0 1 1 1 1 3 5 7 6 17 30 29 31 41 27 28 19 32 43 33 49 38 36 24 27 12 5 7 8 8 16 15 12 7
6 11 16 15 23 36 31 44 35 27 21 36 63 25 49 43 48 64 43 19 34 64 22 46 75 37 38 44 45 47 36 20 9 12 14 10 12 20 26 23 28 44 35 24 39 46 23 16 35 34 16 11 19 14 12 4 5 2 4 1 1 2 0 1 3 4 2 5 11 6 17 24 35 46 50 55 40 28 35 37 46 41 50 33 33 33 14 8 6 10 10 11 17 27 7 6
8 15 20 9 15 47 53 42 38 34 51 34 42 65 36 40 49 21 64 32 32 35 72 54 45 52 56 59 56 51 31 15 11 11 22 9 11 22 35 42 38 46 50 44 40 26 28 32 19 16 16 11 10 11 6 6 4 3 2 2 0 0 1 4 6 1 3 4 10 7 21 19 23 45 54 42 33 45 38 41 48 47 35 41 32 19 6 7 11 11 18 18 24 23 10 6
12 23 21 16 20 37 38 55 57 35 46 53 46 51 63 36 51 26 21 48 22 26 67 62 58 53 50 56 56 33 33 28 21 8 15 5 10 14 27 47 49 50 32 45 34 40 28 26 27 27 20 12 12 13 11 6 2 2 2 1 1 0 1 1 1 4 5 8 4 6 18 19 28 26 38 64 35 36 20 21 24 27 43 36 27 19 11 8 12 13 19 13 42 17 13 11
12 17 27 20 24 27 39 41 43 54 62 53 48 50 69 63 28 21 27 24 49 53 67 52 59 66 61 60 56 46 35 30 23 11 23 7 8 18 28 41 48 60 52 52 44 41 36 45 23 23 22 14 7 11 6 10 5 1 0 0 1 0 1 1 1 1 1 1 1 13 9 15 28 30 34 34 23 11 10 28 43 42 19 34 40 31 12 16 15 21 17 15 43 19 14 13
15 28 35 33 35 27 29 47 51 50 65 63 61 50 61 60 41 38 28 31 26 54 61 57 39 54 53 56 42 51 46 35 26 21 30 4 20 27 31 31 22 53 59 55 43 47 46 30 25 34 36 25 8 9 9 7 2 2 1 0 0 0 1 0 1 1 2 3 3 6 8 12 15 15 35 15 16 21 14 48 45 22 34 33 34 45 23 30 27 16 16 10 30 20 18 13
19 26 54 36 39 38 34 50 54 52 50 62 55 52 70 42 48 52 36 28 26 47 43 41 39 49 55 55 51 37 37 35 44 34 12 3 18 37 45 46 38 53 61 44 40 43 31 21 30 50 38 25 23 8 9 4 3 2 1 1 1 0 1 0 1 3 7 9 6 9 12 20 18 12 14 16 28 42 24 43 41 42 33 32 28 30 37 35 18 20 17 6 21 33 5 8
24 16 43 53 40 41 36 52 56 52 46 45 57 63 63 54 40 59 34 21 27 70 43 60 41 47 59 62 51 40 48 50 41 26 16 9 12 29 56 65 56 56 43 57 38 38 30 21 27 19 16 11 15 10 3 2 1 1 1 1 1 0 1 1 2 3 5 10 12 6 16 12 7 9 11 37 33 44 53 15 33 35 42 46 34 30 53 39 22 24 14 15 26 23 9 14
23 20 34 59 56 43 49 55 51 50 53 41 52 63 60 45 39 29 36 20 27 53 48 63 48 45 47 45 49 41 61 43 33 24 25 16 20 33 44 53 71 70 59 40 49 23 22 31 21 13 10 12 12 8 14 5 1 1 1 1 1 0 1 1 1 1 6 12 7 4 5 10 12 20 18 40 41 47 31 39 34 22 44 40 32 42 45 30 37 20 13 15 42 18 12 18
31 53 44 49 57 43 38 55 52 46 55 40 18 28 64 63 53 32 28 45 25 64 67 35 45 57 37 40 38 48 45 47 42 18 22 15 20 44 42 46 42 56 48 56 40 42 18 32 37 13 19 20 15 9 9 3 1 1 1 0 0 0 1 1 1 1 10 2 4 2 8 15 30 16 21 41 25 30 44 40 12 18 40 46 56 47 34 23 35 27 14 18 34 31 23 21
32 37 58 59 57 43 40 52 46 42 41 46 37 38 44 57 46 17 24 48 20 61 47 47 47 39 21 41 35 45 56 48 53 31 22 17 22 45 42 52 64 46 29 51 25 32 36 19 28 20 31 24 13 9 5 2 1 1 0 1 0 0 2 1 1 3 3 2 10 9 19 18 19 31 22 15 27 47 26 12 12 35 54 45 46 52 31 28 23 21 31 22 19 46 26 23
45 52 51 57 56 43 51 47 46 41 25 38 36 48 46 46 44 41 51 52 46 54 42 41 39 50 43 41 54 33 52 60 47 37 40 14 20 42 61 51 53 44 42 41 35 25 32 10 21 17 23 13 7 5 5 3 2 1 1 0 0 1 0 1 1 2 2 5 7 7 6 17 33 38 23 20 42 36 35 26 25 33 14 21 43 53 31 28 22 32 32 21 17 62 29 36
45 50 44 45 17 33 60 37 47 48 34 32 43 48 39 46 30 50 44 54 45 38 50 32 31 45 61 59 30 44 41 51 56 35 32 15 19 46 44 50 46 34 50 43 37 22 12 33 20 38 13 13 6 6 4 5 2 1 1 0 0 1 2 2 1 1 2 6 9 6 5 20 46 39 19 38 33 21 25 66 52 20 27 44 32 29 34 18 22 32 33 24 32 64 52 43
44 35 20 11 10 17 57 37 22 26 33 21 23 42 61 56 22 20 44 30 43 36 47 52 19 40 62 40 32 40 31 58 60 54 28 6 15 37 39 51 38 35 41 47 47 39 14 10 4 5 15 15 4 3 5 3 3 1 1 0 0 1 1 1 1 2 2 2 7 6 7 19 43 16 24 39 36 7 36 35 23 38 57 47 36 31 30 11 32 32 34 24 45 82 55 34
45 46 33 32 30 22 32 51 15 19 15 33 24 32 54 42 47 19 28 35 38 46 54 59 39 20 42 48 41 27 55 48 51 43 27 13 12 23 43 56 23 37 55 49 44 23 19 16 13 12 7 7 12 3 1 1 1 0 0 0 0 0 0 1 1 1 2 1 2 3 14 13 19 32 17 18 17 13 28 24 26 48 48 37 28 12 11 10 23 31 32 26 49 65 54 20
56 41 45 41 25 29 25 25 31 27 22 48 28 30 28 29 44 45 34 47 43 37 50 44 19 24 36 32 34 39 54 51 33 31 41 21 16 13 30 39 11 19 24 22 20 16 15 10 35 24 12 8 4 2 2 1 1 1 0 0 0 0 0 1 1 2 1 1 5 5 3 7 5 12 12 13 7 38 29 44 27 28 20 24 26 17 13 22 24 35 34 41 46 66 24 17
36 37 42 35 39 23 19 34 51 49 17 15 41 35 15 14 11 22 45 38 15 14 22 35 37 9 31 36 22 53 42 41 43 30 41 21 28 12 26 44 41 15 20 24 12 14 5 2 7 9 4 18 6 4 1 0 0 0 0 0 0 0 0 1 1 2 1 3 4 3 4 5 9 11 5 11 25 39 48 26 23 26 32 39 27 15 13 25 35 35 33 29 55 67 51 17
36 55 41 38 38 35 24 36 48 35 33 19 13 27 37 14 27 17 10 25 12 22 35 43 31 21 33 20 21 51 43 47 36 16 33 19 23 17 10 30 30 44 33 19 13 17 16 6 8 12 14 11 4 2 2 1 0 0 0 0 0 0 0 0 0 1 1 4 6 5 4 5 5 4 17 21 20 31 33 23 19 24 30 26 22 20 14 30 38 24 36 31 19 40 55 22
40 39 36 28 36 50 24 33 34 39 31 25 35 22 11 35 29 13 13 27 32 9 11 20 19 36 33 48 23 26 45 35 28 44 26 15 20 28 12 32 39 48 47 14 16 27 15 5 11 14 5 7 3 3 2 1 1 1 0 0 0 0 0 0 0 1 1 1 1 1 3 2 12 18 11 13 14 15 17 18 12 17 22 28 28 14 14 20 40 21 39 24 27 26 43 21
34 33 50 33 41 46 16 27 37 42 35 29 31 31 43 23 40 45 16 26 29 10 14 18 24 48 44 59 28 32 34 37 46 26 19 13 13 39 18 18 31 43 24 23 25 28 4 2 24 38 7 5 4 1 1 1 1 0 0 0 0 0 0 0 0 0 0 1 2 3 5 7 5 8 7 4 7 16 14 14 21 37 21 20 25 12 22 23 38 20 26 7 3 11 35 52
33 38 49 45 37 32 15 25 37 44 36 27 21 18 34 44 19 12 24 20 11 6 12 12 30 27 49 35 36 56 50 44 28 30 13 5 5 41 17 16 18 28 23 18 22 19 1 6 10 9 16 7 3 1 0 0 0 0 0 0 0 0 0 0 0 0 0 1 3 9 11 13 6 6 4 7 29 23 17 17 29 23 24 35 9 13 24 31 25 19 7 6 14 18 18 34
37 21 23 45 34 42 30 11 35 34 39 26 28 17 25 16 33 10 10 12 5 10 14 16 14 33 24 43 50 63 45 47 39 37 29 3 21 36 13 15 23 11 17 20 18 12 2 7 6 6 8 4 5 3 2 0 0 0 0 0 0 0 0 0 0 0 1 2 2 2 5 3 3 4 9 15 23 19 13 35 30 27 31 12 12 25 45 22 8 5 9 22 15 43 28 28
32 9 26 39 46 37 36 21 12 26 33 16 23 22 29 27 16 12 12 11 3 9 36 17 20 23 13 23 32 38 42 47 31 19 24 11 22 16 23 15 25 20 18 22 26 16 8 5 4 5 4 6 2 2 1 0 0 0 0 1 0 0 0 0 0 1 0 1 2 1 3 5 5 12 13 16 23 24 22 35 28 17 12 8 25 37 12 5 6 13 13 31 30 32 35 26
29 12 14 10 32 37 45 22 4 13 26 16 23 16 44 29 16 3 7 10 4 12 17 15 13 6 21 31 36 32 40 31 38 30 17 14 15 11 17 11 4 19 14 24 23 22 22 27 17 12 8 12 4 1 1 0 0 0 0 0 0 0 0 0 1 1 0 1 1 1 1 6 13 21 11 8 33 33 21 18 12 19 6 19 25 12 3 12 13 20 22 25 26 38 36 27
37 22 27 7 34 46 40 20 5 3 4 18 26 12 18 22 8 8 9 13 8 4 11 14 10 9 23 34 32 27 25 23 34 26 23 23 26 8 20 13 6 8 12 15 21 14 8 6 6 5 3 5 1 1 1 2 1 0 0 0 0 0 0 0 0 1 0 0 1 0 1 6 12 13 14 13 32 35 25 22 15 7 17 23 13 4 8 22 18 18 22 20 26 23 24 24
46 18 28 8 14 34 23 10 7 6 7 8 12 30 22 15 9 5 5 10 5 9 14 8 10 18 13 24 33 29 21 28 21 13 24 25 17 13 12 20 11 7 11 10 13 13 17 10 6 10 11 5 1 1 0 1 1 0 0 0 0 0 0 0 0 0 0 0 1 1 2 5 8 14 12 11 15 16 30 14 10 9 19 7 8 23 21 19 20 18 19 16 12 10 13 24
34 16 26 13 9 36 23 24 14 14 8 10 14 19 27 26 24 10 5 5 4 4 6 11 18 14 26 41 34 19 21 24 15 11 43 24 14 16 13 6 5 9 9 17 13 15 18 9 12 8 8 2 4 2 0 1 4 1 0 0 0 0 0 0 0 0 0 0 1 1 1 3 9 10 15 5 11 26 22 30 25 14 6 8 11 14 12 27 25 15 20 17 13 7 11 4
24 18 26 19 13 20 10 25 11 11 12 8 14 11 8 11 11 10 6 6 6 2 3 14 13 17 16 19 28 21 22 23 21 12 33 21 20 12 26 7 17 17 5 9 18 23 24 14 11 13 4 2 4 1 1 1 1 1 0 0 0 0 0 0 0 0 1 1 0 0 2 2 2 6 7 7 17 34 59 31 15 8 3 8 5 29 19 17 19 21 36 32 11 10 13 3
35 16 25 18 9 9 5 15 20 13 12 13 11 10 7 11 7 5 2 2 3 1 6 8 13 9 17 27 22 21 18 19 16 23 33 19 28 42 14 9 10 10 12 9 25 12 16 13 10 6 10 6 2 1 2 1 3 1 0 0 0 0 0 0 0 0 1 1 1 1 1 1 4 7 4 25 26 27 36 28 12 3 6 16 12 16 25 12 20 25 24 28 11 8 9 4
39 17 36 18 7 8 16 10 29 11 20 15 7 5 7 4 4 5 2 3 1 3 3 4 6 7 17 22 13 18 19 9 14 21 15 35 17 41 22 10 19 8 18 10 20 27 16 14 8 10 9 3 2 3 2 1 1 1 0 0 0 0 0 0 0 0 1 1 1 1 1 1 3 4 18 20 10 21 18 28 13 7 10 18 33 19 15 25 22 20 18 13 10 6 7 3
33 16 37 20 6 5 35 16 17 11 12 17 7 7 6 5 4 5 3 2 1 1 1 1 3 4 21 27 25 15 9 9 15 29 21 12 21 20 17 11 18 4 16 5 11 20 23 14 9 13 4 8 1 2 2 2 1 0 0 0 0 0 0 0 0 0 0 1 1 1 1 2 5 13 12 7 8 42 24 16 12 8 18 11 31 29 14 21 18 20 13 7 11 6 4 2
39 13 27 10 6 8 15 16 11 29 21 10 11 5 6 5 6 4 4 3 0 1 1 4 7 10 11 15 19 12 7 7 24 17 22 18 35 15 11 10 17 4 13 9 12 17 27 16 9 10 9 6 2 1 2 2 1 0 0 0 0 0 0 0 0 0 0 0 1 1 1 2 4 4 9 7 10 32 21 5 5 10 23 20 18 24 7 14 28 25 10 6 11 3 4 3
40 14 31 10 6 8 9 29 12 25 32 22 6 3 3 4 10 4 1 2 0 1 2 4 2 4 4 13 8 6 11 7 40 26 24 24 23 10 7 23 11 8 8 28 25 18 17 12 16 12 6 3 3 2 1 1 1 1 0 0 0 0 0 0 0 0 0 0 1 1 1 1 2 4 9 9 19 25 23 6 4 17 23 23 20 17 5 11 17 16 5 5 4 5 5 5
46 31 8 14 7 6 16 28 15 9 22 16 12 2 6 10 4 4 2 1 1 1 1 1 1 3 10 7 10 9 9 15 6 11 5 14 12 7 5 20 8 6 1 11 47 17 11 15 14 10 7 4 3 1 3 2 2 1 0 0 0 0 0 0 0 0 0 0 1 0 1 2 3 3 9 19 16 19 17 10 7 21 15 11 15 9 12 12 6 7 12 5 3 7 4 3
28 12 8 11 7 5 30 22 23 6 4 9 15 2 4 2 2 3 2 2 0 0 1 3 4 4 2 10 10 4 24 7 12 10 16 14 9 12 6 15 6 12 5 7 29 33 13 11 12 10 7 5 2 2 1 1 1 0 0 0 0 0 0 0 0 0 0 0 1 1 3 5 8 8 19 41 4 28 16 12 11 10 13 6 10 6 12 22 9 4 9 5 3 4 5 3
26 10 4 13 10 7 16 2 10 17 2 3 10 5 1 2 1 2 1 1 1 1 3 2 2 3 4 11 7 6 9 13 19 36 20 12 24 10 11 18 6 6 9 10 21 17 9 27 7 6 4 4 4 2 0 0 1 1 0 0 0 0 0 0 0 0 0 0 0 1 2 3 8 23 20 9 13 26 18 8 5 8 22 6 10 11 12 7 11 5 3 6 6 4 1 3
26 4 7 11 6 6 11 2 2 2 6 12 4 7 1 1 1 1 0 1 1 1 1 2 2 2 3 7 7 18 6 9 21 12 7 22 9 6 15 10 14 15 13 13 20 16 8 7 11 3 2 1 2 2 1 0 1 0 0 0 0 0 0 0 0 0 0 0 0 1 1 4 9 6 13 9 16 11 6 4 4 14 15 14 7 9 9 6 5 4 6 3 2 4 1 1
29 5 7 13 5 11 12 5 2 2 7 9 11 8 2 1 1 1 1 0 0 0 1 2 1 1 3 9 6 5 4 14 6 9 25 6 5 10 16 8 15 12 10 21 24 22 11 4 3 5 2 2 2 3 1 1 0 0 0 0 0 0 0 0 0 0 0 0 0 1 2 8 10 6 3 8 20 6 6 5 7 11 14 11 5 8 6 5 2 7 4 5 2 1 1 0
15 5 5 14 3 9 17 9 3 3 2 7 3 4 5 1 1 1 1 1 1 1 0 1 0 1 4 6 8 2 10 4 3 18 15 6 10 13 21 13 3 19 17 19 27 18 8 2 3 5 4 1 0 1 1 1 0 0 0 0 0 0 0 0 0 0 1 1 0 1 3 8 9 5 2 11 12 7 6 5 6 9 9 10 5 5 2 4 3 4 4 1 3 1 1 1
7 4 4 11 2 7 11 4 2 3 4 3 2 1 2 1 0 1 1 0 0 0 0 0 0 1 10 3 4 2 13 7 3 23 9 5 10 26 17 10 6 18 18 25 7 15 6 4 2 2 2 2 1 0 0 1 0 0 0 0 0 0 0 0 0 1 1 2 2 3 6 14 10 2 4 12 7 3 3 4 6 5 9 4 5 4 2 2 4 2 3 1 1 3 1 1
16 4 8 4 1 10 5 2 3 2 6 1 3 1 1 1 0 0 0 0 1 1 0 0 0 1 4 2 1 4 4 3 7 10 10 4 7 24 27 9 6 13 10 20 15 11 4 3 2 1 1 1 1 1 0 0 0 0 0 0 0 0 0 1 3 5 7 6 9 17 12 15 9 2 14 20 5 3 3 6 5 6 9 4 8 5 1 2 2 1 1 1 1 0 1 1
14 7 1 1 1 4 2 2 3 3 3 3 2 2 0 0 0 0 0 0 0 1 0 0 0 1 2 1 4 1 2 6 7 5 4 9 8 28 23 7 5 11 8 10 9 5 4 5 2 2 1 0 1 1 0 0 0 0 0 0 0 0 0 0 0 0 4 8 13 31 36 20 3 7 13 22 7 1 3 13 4 10 4 5 3 6 1 2 3 1 1 1 1 0 1 0
8 2 1 2 1 2 1 2 2 3 1 3 4 1 0 0 0 0 0 0 0 0 0 0 0 2 0 1 2 1 5 6 2 2 6 7 3 23 17 3 5 7 5 7 10 4 3 2 1 1 1 0 0 0 0 0 0 0 0 0 0 0 1 1 1 1 4 26 38 29 33 4 4 9 13 22 15 2 6 6 4 4 4 4 2 5 1 1 2 1 1 1 1 0 0 0
