sesion_6_simulaciones/modelos_agentes/ejemplos_netlogo/scenarios/echam4_b2/rob_2026.asc
NCOLS 322 
NROWS 307 
XLLCORNER 451900 
YLLCORNER 4086900 
CELLSIZE 100 
NODATA_value -9999 
[rows 219 to 291 of 307, columns 0 to 95 of 322]
24 24 10 14 23 48 52 20 23 5 10 12 7 3 14 10 10 21 9 8 5 25 13 16 8 28 24 31 19 28 26 45 39 39 65 75 57 49 41 57 30 29 28 48 60 57 66 43 64 74 68 83 87 72 68 82 83 66 82 80 77 83 61 64 40 32 27 21 9 2 3 2 1 1 1 1 1 0 0 0 0 0 0 0 0 0 0 0 0 0 0 0 0 0 1 2
40 40 36 27 47 56 59 46 19 15 25 18 21 14 14 19 15 6 6 8 10 31 14 14 25 32 15 59 52 42 50 56 52 52 62 39 25 40 23 56 43 36 34 49 62 68 71 64 70 78 69 81 78 78 34 46 78 85 84 70 27 19 39 32 58 31 20 26 7 3 2 2 3 1 0 0 0 0 0 0 0 0 0 0 0 0 0 0 0 0 0 0 0 0 1 1
26 8 33 42 52 45 50 30 10 18 17 23 46 37 17 17 7 13 10 11 3 6 48 28 21 6 11 32 46 35 38 45 63 35 65 25 36 27 11 52 41 36 50 63 62 76 79 64 81 87 66 46 49 39 23 24 60 69 57 35 44 32 27 34 23 18 16 7 12 5 5 2 1 1 1 1 0 0 0 0 0 0 0 0 0 0 0 1 1 1 0 0 0 1 2 2
14 24 34 51 41 30 42 33 7 20 22 25 47 20 18 11 9 4 4 7 16 29 31 38 27 24 19 34 53 27 20 45 56 29 54 45 26 27 34 64 33 33 48 62 55 75 54 60 64 84 83 57 42 41 37 21 28 43 26 31 36 20 13 30 17 21 9 11 6 4 3 2 1 1 0 0 0 0 0 0 0 0 0 0 0 0 0 1 1 1 0 0 1 2 5 3
28 41 31 21 24 32 34 42 25 12 14 27 32 15 8 9 10 19 23 23 27 39 24 62 44 39 33 33 32 40 25 42 35 38 64 17 19 31 35 64 56 51 44 67 32 19 33 22 22 66 74 57 56 36 27 28 15 17 28 29 23 33 13 14 23 10 7 8 9 3 1 1 1 0 0 0 0 0 0 0 0 0 0 0 0 0 0 1 2 2 1 1 2 3 1 1
30 58 63 76 54 53 41 45 31 34 43 57 26 20 16 25 22 37 20 20 60 17 34 38 37 28 23 57 38 36 33 41 32 49 35 24 36 43 35 58 56 55 53 83 78 67 57 55 49 25 33 47 32 26 19 17 16 22 20 19 20 20 10 29 28 11 7 4 3 1 1 1 0 0 0 0 0 0 0 0 0 0 0 0 0 1 0 1 5 4 2 3 5 3 1 1
44 54 49 67 65 69 36 25 17 53 51 39 23 17 19 26 8 4 3 39 21 29 60 46 32 40 35 40 30 22 33 31 43 12 19 45 34 57 34 66 53 63 71 58 56 73 58 70 71 46 26 28 18 25 12 13 13 23 15 12 16 8 6 4 7 5 3 3 1 1 1 0 0 0 0 0 0 0 0 0 0 0 0 0 0 1 2 3 10 10 7 8 3 2 1 1
12 26 27 21 32 77 53 11 36 40 54 24 39 33 7 5 3 2 13 49 15 43 56 53 34 39 26 13 30 22 34 62 43 23 30 38 58 69 43 54 69 78 78 45 59 64 65 37 68 79 32 24 10 14 13 19 13 10 10 7 4 3 4 2 1 2 4 2 1 0 0 0 0 0 0 0 0 0 0 0 0 0 0 0 0 1 5 9 14 19 9 4 2 1 1 0
32 23 29 28 34 31 18 18 18 28 47 51 54 14 3 3 17 25 47 62 29 35 53 67 52 34 38 19 24 36 15 39 70 26 21 26 42 45 79 86 56 49 36 70 47 51 70 52 41 17 31 37 29 24 20 20 18 9 8 5 4 2 2 1 1 2 1 0 0 0 0 0 0 0 0 0 0 0 0 0 0 0 0 1 1 2 7 23 17 2 1 1 1 1 0 0
31 29 28 46 31 28 33 32 22 45 40 34 28 13 19 40 48 54 55 69 33 41 51 56 18 15 39 12 29 42 15 12 32 43 24 48 36 24 64 79 71 41 60 42 84 60 38 39 38 32 21 43 38 31 32 24 10 9 3 2 1 0 0 0 1 1 1 0 0 0 0 0 0 0 0 0 0 0 0 0 0 0 1 1 2 3 5 27 9 2 2 1 1 1 0 1
11 24 43 28 28 25 44 42 37 36 38 50 32 36 34 55 48 30 59 59 39 34 28 29 13 41 15 6 32 35 13 16 25 30 58 69 55 34 23 41 52 32 25 19 42 78 60 38 33 31 24 23 23 33 36 29 10 6 1 1 0 0 0 1 1 1 0 0 0 0 0 0 0 0 0 0 0 0 0 0 1 1 2 1 5 8 10 15 5 2 2 4 1 1 0 0
36 37 28 36 41 32 54 38 43 36 25 39 28 49 34 54 52 44 37 60 17 26 27 21 24 9 15 20 19 29 12 22 19 22 31 54 43 63 37 14 33 56 43 47 61 31 38 26 19 21 15 14 24 22 16 16 14 7 5 1 2 1 1 1 1 1 0 0 0 0 0 0 0 0 0 0 0 0 0 1 2 1 3 2 3 17 38 16 7 7 9 5 1 1 1 0
19 37 35 50 32 31 39 69 22 45 26 25 33 42 31 52 46 33 30 39 23 20 19 23 15 13 13 14 9 12 9 14 47 32 27 19 60 31 40 33 15 25 68 75 79 51 23 14 27 30 26 10 14 19 13 12 8 2 2 4 2 1 0 1 0 1 0 0 0 0 0 0 0 0 0 0 0 1 1 2 4 4 5 3 2 8 31 10 5 14 9 3 1 1 1 0
15 14 42 37 28 33 30 47 25 31 25 26 32 47 33 28 48 14 19 20 7 14 3 13 8 14 8 6 12 6 14 19 23 56 37 34 23 26 35 15 26 21 20 37 37 26 24 15 27 17 25 13 12 10 7 13 5 2 1 1 1 0 0 0 0 1 0 0 0 0 0 0 0 0 0 0 1 2 3 6 9 16 8 4 3 5 14 14 14 9 3 1 1 0 1 1
7 11 33 28 19 48 43 34 33 28 37 35 20 43 28 23 27 10 14 15 20 4 3 3 8 9 3 7 13 7 11 8 10 11 8 20 11 14 16 12 22 35 60 37 33 16 18 7 10 9 13 9 9 9 10 5 3 1 0 0 1 1 0 1 1 0 0 0 0 0 0 0 0 0 0 0 1 3 4 10 24 21 14 14 6 8 34 36 20 7 4 2 1 2 1 0
6 4 7 19 16 35 49 46 56 19 26 37 8 22 12 17 32 11 11 10 12 8 3 4 10 4 2 12 18 27 31 9 17 17 32 35 35 37 29 38 49 53 56 64 57 54 49 22 22 31 19 9 7 5 4 3 1 1 0 1 1 2 2 1 0 0 0 0 0 0 0 0 0 0 1 0 1 4 6 14 16 33 24 28 19 46 27 26 12 13 8 6 3 2 1 1
2 4 8 10 12 20 22 29 15 29 31 23 7 8 5 5 19 4 5 5 1 6 4 9 3 3 3 12 19 11 54 67 55 44 67 49 52 36 43 36 50 61 56 74 45 28 24 6 13 23 30 17 8 4 3 3 2 2 4 2 1 1 1 1 0 0 0 0 0 0 0 0 1 1 1 1 1 3 7 18 39 30 38 33 52 34 35 28 9 9 20 11 6 2 1 2
1 3 3 3 7 14 19 18 14 18 15 17 3 8 3 7 8 4 2 1 1 2 3 2 4 4 15 21 24 13 23 45 80 56 71 89 87 72 72 59 29 67 73 65 77 61 58 31 23 25 19 14 14 5 4 9 6 4 2 1 1 2 1 0 0 0 0 0 0 0 0 0 2 2 2 1 2 1 5 7 38 55 51 22 18 66 31 32 25 25 11 11 6 4 2 2
1 1 1 4 3 11 8 22 18 22 7 3 4 1 3 4 2 33 2 4 25 18 8 4 3 2 3 7 9 15 21 18 26 73 57 83 86 82 82 73 66 39 76 77 79 56 63 35 24 22 10 7 3 4 1 1 2 2 2 1 1 0 0 0 0 0 0 0 0 0 0 1 1 3 4 2 2 4 5 7 27 57 45 16 49 50 35 53 48 22 20 13 9 5 7 4
1 1 2 4 11 3 8 13 13 15 6 4 2 1 2 1 1 0 9 10 11 31 26 8 5 2 6 6 8 15 15 24 25 27 19 54 87 62 81 50 60 57 56 68 66 56 33 16 38 29 17 13 12 10 5 2 2 1 1 1 1 0 0 0 0 0 0 0 0 0 0 1 2 4 11 5 4 5 11 18 40 62 34 30 49 19 8 15 20 8 7 12 7 7 4 1
0 0 1 1 1 3 5 8 6 4 5 3 1 0 1 1 1 1 1 7 7 3 34 21 5 1 8 20 14 17 23 14 24 37 20 26 60 71 70 65 64 54 60 48 52 60 49 24 10 24 18 16 11 11 8 3 2 1 1 0 0 0 0 0 0 0 0 0 0 0 1 1 2 3 8 15 7 6 9 35 49 76 31 35 63 23 20 15 9 5 4 7 6 4 1 0
0 0 0 1 0 1 2 2 4 4 2 2 1 0 1 1 2 2 4 11 3 2 3 20 22 4 11 23 24 29 41 29 34 46 38 30 26 62 47 52 28 35 23 34 32 29 8 29 15 13 15 9 7 7 7 6 3 2 1 2 1 0 0 0 0 0 0 0 0 1 1 2 2 4 4 17 30 13 27 30 68 62 56 73 27 29 28 22 24 20 8 9 6 3 1 0
0 0 0 0 0 1 1 1 1 2 2 1 1 1 1 1 2 5 9 4 2 2 3 30 16 12 13 9 5 14 22 26 33 36 38 44 24 23 25 18 30 19 9 10 16 22 17 20 8 6 10 6 6 4 3 3 2 1 1 1 0 0 0 0 0 0 0 0 1 1 1 2 4 3 6 8 51 13 17 55 70 52 59 67 57 44 29 51 40 10 8 5 3 1 0 0
0 0 0 0 0 0 0 1 1 1 1 1 0 0 1 2 1 3 9 10 5 4 3 7 8 8 9 24 7 25 43 28 26 37 35 48 44 25 17 10 9 15 19 17 24 21 14 6 7 9 6 5 3 4 3 2 2 1 1 0 0 0 0 0 0 0 0 1 1 1 3 1 1 5 23 20 49 31 35 60 72 68 50 57 40 23 21 41 26 17 5 3 2 1 1 0
0 0 0 0 0 0 0 1 0 0 0 1 5 6 13 12 4 2 2 2 5 5 4 13 30 22 21 19 22 21 36 40 39 43 40 51 49 63 44 18 19 12 12 10 11 8 9 4 3 5 3 5 4 3 1 1 1 0 0 0 0 0 0 0 0 0 1 1 1 2 3 3 2 7 20 15 42 64 45 63 67 68 67 62 38 46 29 27 24 15 7 4 2 1 0 0
0 0 0 0 0 0 0 1 0 0 0 1 0 0 3 17 4 2 1 2 4 6 7 8 6 10 27 46 51 48 43 46 49 59 56 49 53 58 66 59 27 19 17 19 18 10 5 6 8 5 8 6 3 2 2 1 2 1 0 0 0 0 0 0 0 1 1 2 4 5 5 5 3 8 36 19 10 53 85 62 68 70 62 51 38 24 6 16 22 11 5 2 1 1 2 1
0 0 0 0 0 0 0 0 0 1 3 5 2 1 2 1 1 1 2 3 4 12 7 10 20 15 5 20 22 57 63 61 69 74 61 46 62 72 73 60 32 28 23 28 26 24 11 19 10 4 2 2 2 2 1 1 1 1 0 0 0 0 0 0 0 1 2 4 7 9 8 11 9 13 33 49 15 46 67 59 57 40 27 15 18 26 10 12 12 6 4 3 2 2 1 1
0 0 0 0 0 0 0 0 0 0 0 0 1 3 4 2 2 3 2 6 11 5 6 15 10 23 13 5 5 45 33 70 85 67 64 66 53 57 67 66 56 57 41 24 33 36 15 15 9 4 4 4 1 2 1 1 1 1 1 1 0 0 0 0 1 1 2 5 8 16 14 24 10 11 32 56 49 35 68 42 29 18 29 19 15 6 5 7 14 10 4 3 3 3 2 1
0 0 0 0 0 0 0 0 0 0 0 0 1 1 1 1 4 6 3 7 5 7 11 10 9 21 30 14 11 9 14 11 53 58 50 47 38 58 50 33 28 19 15 13 18 32 14 11 7 6 4 3 1 1 0 1 1 1 1 0 0 0 0 0 1 2 4 6 6 12 35 22 28 12 16 51 48 74 45 31 35 23 22 20 23 9 11 13 9 4 4 6 6 3 2 1
0 0 0 0 0 0 0 0 0 0 1 3 2 1 0 3 3 9 6 3 2 4 3 7 7 11 20 17 36 36 20 32 35 25 13 25 33 42 26 30 15 14 7 11 11 11 9 12 4 3 3 2 3 2 0 1 1 1 1 0 0 0 0 0 1 2 2 2 3 4 13 39 55 16 10 36 29 66 31 43 25 23 14 21 21 18 14 5 9 7 7 9 3 2 1 1
0 0 0 0 0 0 0 0 0 0 1 2 1 0 3 3 9 4 16 3 3 4 5 7 15 14 41 38 18 16 13 15 33 41 29 24 41 48 40 33 34 26 39 27 14 12 12 12 9 5 1 2 2 1 1 1 1 1 0 0 0 0 0 0 1 2 3 7 5 3 8 14 34 44 25 25 63 51 43 33 17 30 28 17 8 17 18 13 17 19 7 6 2 1 1 1
0 0 0 0 0 0 0 0 0 0 1 0 1 1 3 5 10 3 5 4 5 5 7 8 52 63 50 26 46 56 48 30 47 46 40 37 46 60 47 42 49 36 23 23 19 15 23 22 10 6 6 4 5 4 2 1 1 1 0 0 0 0 0 0 1 2 6 11 13 7 5 7 21 45 55 32 71 51 51 52 44 26 31 36 28 23 30 20 14 17 14 5 4 2 1 1
0 0 0 0 0 0 0 0 0 1 1 2 2 1 5 7 15 9 2 10 7 7 11 21 42 66 66 46 23 35 39 33 23 25 35 29 31 41 36 60 65 38 38 36 43 34 24 25 14 9 9 10 6 3 2 2 1 1 0 0 0 0 0 1 2 5 12 13 9 10 9 16 21 20 16 68 71 51 42 41 29 34 51 41 40 45 37 41 26 19 7 4 3 2 1 1
0 0 0 0 0 0 0 0 1 5 14 3 1 3 7 2 3 4 2 4 5 11 17 50 52 23 49 47 39 57 57 44 23 15 19 20 35 44 54 51 38 38 66 55 57 43 24 13 9 7 3 4 5 2 1 1 1 0 0 0 0 0 0 2 4 7 12 16 15 23 22 20 45 54 44 50 67 59 33 40 41 52 48 29 38 37 33 21 25 9 4 3 4 2 1 1
0 0 0 0 0 0 1 3 11 6 23 19 2 3 7 5 4 1 1 2 2 4 7 35 11 15 34 59 59 71 84 46 59 41 25 15 28 69 55 56 63 16 21 9 11 22 11 16 7 7 5 5 5 3 1 1 1 1 0 0 0 0 1 2 5 15 14 16 11 39 61 22 54 73 76 60 47 48 44 28 39 35 39 53 41 33 20 17 17 12 10 10 6 4 1 0
0 0 0 0 0 0 0 1 1 2 1 1 3 5 6 5 12 3 3 3 4 4 13 21 5 4 6 38 39 30 48 79 53 65 59 55 52 51 44 46 55 52 39 42 38 20 19 24 14 11 9 4 3 2 2 1 1 1 1 0 0 1 3 4 7 13 18 17 14 14 39 68 39 64 74 72 59 39 55 44 57 58 39 29 36 32 20 14 14 25 16 10 4 2 1 0
0 0 0 0 0 0 0 1 2 2 2 4 3 4 5 5 13 4 2 7 10 8 12 34 10 2 11 7 21 30 14 24 60 52 65 63 41 15 15 15 33 36 31 37 48 47 27 12 18 13 7 8 6 2 2 2 1 1 1 0 1 2 4 8 18 25 16 14 37 35 25 23 66 74 60 73 55 53 74 71 28 26 27 33 29 20 28 18 20 9 7 3 1 1 1 0
0 0 0 0 0 0 0 0 1 1 2 3 1 4 3 3 6 1 2 3 3 18 17 36 25 9 11 16 25 20 20 8 7 16 19 18 18 17 17 12 9 15 13 17 36 33 18 28 23 17 12 9 7 5 4 3 2 1 1 0 1 2 4 13 23 26 19 30 32 58 44 42 29 31 51 55 71 65 44 48 41 53 48 53 41 29 39 31 12 6 4 3 2 0 1 1
0 0 0 0 0 0 0 0 0 1 1 2 2 3 3 6 6 1 2 2 4 19 28 31 12 2 11 27 18 32 34 12 39 47 50 45 40 35 34 17 13 14 42 49 47 28 31 24 24 21 16 10 7 6 4 4 2 1 1 0 0 2 10 20 19 37 25 37 37 31 77 58 47 36 21 65 49 69 58 55 59 71 67 57 43 50 32 22 10 6 4 3 1 1 1 1
0 0 0 0 0 0 0 0 0 0 1 3 12 14 10 21 16 3 1 1 13 17 26 23 13 28 6 25 25 37 24 42 42 29 34 37 31 31 16 25 50 59 34 34 25 34 25 21 28 18 20 15 9 6 5 4 2 1 1 0 0 1 5 19 48 41 27 44 39 33 33 52 66 21 16 31 72 80 77 68 64 62 62 64 55 34 34 18 25 10 4 3 1 2 1 4
0 0 0 0 0 0 0 0 0 1 3 3 9 16 18 4 2 1 1 6 12 13 23 35 34 14 18 22 17 18 25 67 31 30 37 40 40 26 36 40 64 54 51 48 47 43 41 31 37 28 23 14 11 7 6 3 2 1 1 0 1 1 5 14 40 36 51 59 47 66 63 65 63 32 33 49 68 63 68 59 59 55 52 55 42 32 29 30 28 18 5 4 2 3 2 7
0 0 0 0 0 0 0 0 0 3 5 4 5 52 11 3 5 3 2 7 8 11 17 11 9 8 36 11 22 18 42 31 44 52 41 41 41 45 53 48 37 53 56 60 57 55 45 50 39 18 13 12 9 9 9 4 2 2 1 0 1 2 5 13 28 31 29 52 72 59 75 65 67 35 58 61 66 67 50 49 53 53 40 32 31 29 25 23 17 15 10 7 2 6 8 9
0 0 0 0 0 0 0 0 1 2 3 4 2 6 3 1 3 4 6 5 8 18 19 9 7 19 12 18 29 51 58 48 46 47 37 42 55 55 59 53 57 70 70 52 46 58 58 51 31 25 18 14 10 7 5 7 5 2 1 0 1 2 6 14 22 34 30 37 63 81 74 69 59 83 70 49 37 43 52 54 48 51 50 43 30 35 20 29 17 11 10 7 3 8 9 9
0 0 0 0 0 0 0 0 2 1 1 1 1 0 0 1 3 3 3 6 9 8 9 19 19 9 10 32 54 22 19 20 42 39 47 54 56 56 55 54 58 68 54 55 66 58 57 54 28 26 19 14 9 5 5 6 3 2 2 1 1 2 10 18 34 32 33 33 35 39 54 57 60 70 20 42 44 43 39 41 40 39 34 52 41 37 30 25 14 13 11 5 5 11 11 17
0 0 0 0 0 0 0 0 1 2 3 2 2 3 3 1 0 1 1 8 14 8 36 38 14 15 19 35 21 21 23 29 35 32 45 53 55 55 46 72 61 50 50 62 32 49 61 57 50 39 13 12 9 11 10 5 3 3 2 1 0 1 4 16 27 35 68 50 54 52 48 31 46 65 49 54 56 43 43 42 48 43 48 46 41 15 16 11 13 22 12 4 9 20 23 26
0 0 0 0 0 0 0 0 2 5 4 1 1 3 3 2 1 0 2 10 9 28 23 9 12 27 17 17 19 22 30 28 22 32 38 62 42 42 61 54 47 68 73 41 58 57 54 55 39 19 15 20 17 14 12 10 6 5 2 1 0 1 7 12 22 47 67 83 52 61 51 33 36 71 76 41 48 56 59 40 37 42 51 41 27 11 26 21 14 9 4 2 11 25 27 26
0 0 0 0 0 0 1 3 4 5 0 0 1 0 0 1 2 1 3 7 8 11 4 8 20 7 6 14 18 22 42 31 23 33 45 52 46 62 68 65 49 43 47 58 53 56 39 40 33 29 24 31 25 11 10 9 9 4 3 1 1 3 5 14 28 41 62 75 70 69 53 54 59 74 48 42 39 41 50 53 39 70 53 28 33 36 25 17 8 3 2 6 16 27 28 32
0 0 0 0 0 0 0 1 1 1 0 0 1 1 2 2 5 2 8 3 4 3 2 8 8 12 14 22 32 27 26 20 23 30 56 39 73 69 69 41 31 31 41 56 63 55 51 50 47 39 33 28 18 10 8 7 6 5 4 3 2 4 8 20 41 48 45 47 69 80 72 35 45 72 42 47 68 65 63 69 63 47 43 40 40 38 15 15 7 5 6 14 21 26 21 34
0 0 0 0 0 0 0 0 1 1 0 1 1 2 3 3 1 3 10 7 9 8 1 9 11 21 22 23 19 11 20 22 26 32 70 39 24 15 17 34 37 55 68 70 69 62 52 51 34 46 27 22 23 11 12 6 6 6 5 4 2 7 16 20 47 50 46 29 49 70 71 48 59 69 44 28 49 73 73 70 68 38 46 45 39 36 15 11 17 7 15 21 12 32 36 36
0 0 0 0 0 0 0 0 1 2 0 1 2 0 1 1 1 12 5 4 5 7 7 6 19 15 16 22 14 18 30 30 21 70 25 18 41 47 48 47 62 70 63 68 70 70 62 54 37 35 32 28 24 21 15 12 9 6 5 3 6 12 28 58 56 55 43 49 57 60 72 44 49 61 72 51 53 55 69 71 59 61 44 46 42 30 17 5 7 15 17 11 21 27 54 40
0 0 0 0 0 0 0 1 1 1 2 1 0 0 1 1 2 5 4 8 5 8 7 7 15 16 16 18 21 19 31 31 37 31 8 28 34 42 54 82 61 60 69 71 70 70 55 47 38 28 31 30 26 16 17 10 12 12 6 7 9 24 23 47 54 50 47 57 60 52 78 70 51 70 66 54 59 60 58 55 62 50 39 36 36 20 9 3 6 23 12 22 30 32 56 38
0 0 0 0 0 0 0 0 0 1 1 0 0 1 1 1 4 2 2 9 24 11 2 5 22 15 23 20 12 16 44 72 40 7 15 40 31 63 69 64 63 72 71 55 60 59 57 52 35 39 35 33 29 26 23 20 17 14 9 10 11 14 22 29 54 71 58 74 75 62 55 54 59 63 72 72 55 51 43 44 48 43 36 38 30 16 7 4 17 22 24 42 50 39 47 37
0 0 0 0 0 0 0 0 0 0 0 1 1 0 0 4 2 3 4 10 7 3 7 12 3 17 15 10 29 31 54 33 10 15 45 21 45 37 49 74 78 59 49 78 71 50 56 57 51 44 39 37 31 28 25 23 19 12 12 14 17 29 21 25 28 54 75 77 73 71 79 78 54 67 53 48 34 41 54 58 43 45 32 37 29 7 5 17 16 27 41 49 45 29 45 44
0 0 0 0 0 0 0 0 0 0 1 1 0 0 0 7 1 1 1 1 3 4 11 4 2 9 6 9 42 35 33 7 10 21 41 60 39 45 63 68 68 58 65 37 51 45 58 68 52 49 44 41 37 32 31 28 16 8 17 28 22 36 34 36 39 52 59 83 64 61 41 67 50 35 34 48 58 47 42 43 40 28 41 29 11 6 12 19 28 26 31 43 58 46 48 45
0 0 0 0 0 0 0 0 0 0 0 0 0 0 1 6 1 1 2 1 8 4 6 1 7 13 7 20 50 22 17 8 13 17 55 62 55 46 50 56 55 63 51 40 46 76 62 57 54 64 51 43 40 36 34 29 17 11 28 35 51 58 44 47 40 52 66 67 77 57 47 38 46 54 47 63 49 51 44 45 32 35 21 12 8 14 26 31 29 46 45 34 34 45 38 34
0 0 0 0 0 0 0 0 0 0 0 1 0 1 3 2 1 1 3 5 4 4 3 5 20 6 7 28 22 16 21 14 31 43 61 51 44 49 40 31 34 55 67 60 67 57 61 62 69 55 52 62 27 38 35 21 11 27 40 42 66 65 49 62 48 37 46 76 75 33 70 46 42 55 56 56 51 52 51 39 32 35 15 17 14 25 32 36 33 37 46 33 35 45 50 40
0 0 0 0 0 0 0 0 0 0 0 0 0 3 0 1 1 2 4 4 3 2 3 4 10 6 8 28 8 9 15 14 38 49 48 46 34 41 35 41 51 56 59 74 58 58 58 74 59 56 69 53 47 43 27 23 13 27 54 54 58 70 56 65 65 47 49 55 81 32 38 70 68 51 51 51 62 50 57 55 36 29 10 10 15 30 41 47 52 51 47 48 35 41 58 48
0 0 0 0 0 0 1 0 0 0 0 0 1 0 1 1 2 1 0 3 2 3 7 5 7 10 11 4 6 10 20 27 39 46 16 10 39 33 40 35 40 54 61 71 70 56 75 53 71 73 54 51 52 46 30 26 16 28 56 63 58 69 50 52 68 45 65 42 65 36 38 66 40 58 58 54 52 53 69 46 41 12 10 16 29 32 41 50 39 27 36 57 29 33 50 65
0 0 0 0 0 0 0 0 0 0 0 0 1 1 0 1 1 1 0 1 1 2 5 5 3 8 6 3 8 7 16 6 25 15 9 24 17 21 27 49 55 59 64 68 59 43 64 71 68 60 62 52 52 48 45 28 29 32 60 75 72 68 61 49 65 63 32 40 77 35 55 53 48 52 49 45 55 32 32 35 15 10 14 30 32 39 51 50 30 34 47 28 19 22 33 64
0 0 0 0 0 0 0 0 0 0 0 0 0 1 1 2 1 0 0 0 0 3 3 2 5 9 4 14 16 16 31 28 24 11 7 10 24 22 25 24 31 56 44 51 62 36 30 32 50 53 63 56 52 51 33 21 35 48 61 66 83 75 53 51 57 61 54 24 55 11 18 30 41 51 54 59 59 58 47 45 20 11 20 31 35 59 64 54 40 38 44 44 38 21 31 50
0 0 0 0 0 0 0 0 0 0 0 1 2 1 1 2 3 1 2 1 3 5 2 6 8 5 5 1 2 5 23 6 8 5 9 18 10 15 17 18 49 46 35 50 33 38 42 54 55 68 56 60 57 39 35 22 35 51 64 67 73 54 55 59 65 36 39 42 48 20 23 24 25 18 39 49 48 49 33 29 13 20 32 34 38 62 57 27 39 51 34 48 26 28 33 54
0 0 0 0 0 0 0 0 0 0 0 2 4 2 2 5 2 1 2 3 6 2 2 5 5 3 1 2 2 8 10 4 4 12 23 18 24 19 22 39 32 40 57 34 39 41 58 55 66 54 54 55 57 39 18 35 42 73 65 66 64 67 56 70 67 44 30 53 33 19 32 49 49 57 60 54 46 22 19 10 15 33 34 37 41 66 64 24 26 49 34 54 30 30 34 69
0 0 0 0 0 0 0 0 0 0 1 1 2 2 0 0 0 0 1 5 4 2 3 2 6 7 1 1 3 10 5 3 5 18 29 13 16 21 30 16 46 41 30 45 40 55 58 69 68 59 69 54 41 41 26 41 46 66 76 58 62 68 48 37 61 60 28 33 37 48 53 39 43 45 35 45 36 24 10 26 23 34 40 55 47 63 67 35 37 37 21 57 33 32 34 50
0 1 1 4 5 3 1 1 1 1 1 0 1 0 2 1 0 1 3 3 4 3 2 1 2 3 1 2 4 11 4 4 36 24 10 9 14 19 25 33 59 46 56 34 45 66 68 55 55 73 63 46 41 41 27 55 68 59 63 73 61 65 67 40 69 65 33 30 32 45 33 36 54 42 46 29 34 32 20 39 40 37 43 56 45 48 54 47 52 36 31 59 32 33 28 44
2 3 4 1 4 12 3 1 0 1 0 0 0 1 1 0 0 3 5 2 1 3 1 1 3 5 1 1 2 6 8 29 12 5 10 11 7 5 27 27 41 25 64 49 54 69 41 52 67 61 49 47 41 41 39 57 65 65 63 72 55 56 60 50 42 56 32 11 26 56 38 47 50 54 43 44 46 43 30 39 41 52 46 53 41 37 48 48 44 39 35 59 32 26 33 41
0 2 3 0 0 1 2 3 0 0 0 1 1 1 1 1 1 2 2 2 1 1 3 1 6 12 3 2 5 8 19 28 10 11 14 3 3 6 14 30 23 37 52 55 55 52 55 53 59 56 47 45 38 41 46 47 59 76 62 57 71 42 50 53 34 25 8 7 6 22 36 58 56 49 40 39 33 17 26 35 38 52 47 55 41 51 61 62 49 43 32 47 48 17 36 44
0 0 0 0 0 0 0 0 0 0 0 0 0 0 1 1 1 2 0 1 0 1 1 1 4 3 1 1 2 4 3 6 11 9 8 8 6 3 39 11 20 14 48 36 61 45 49 37 59 58 41 40 36 37 44 62 59 74 69 65 56 49 41 39 10 8 19 32 24 31 35 44 44 31 30 26 14 23 38 36 38 52 55 34 49 47 58 60 46 43 30 42 46 19 21 51
0 0 1 0 0 0 0 0 0 0 0 0 0 0 0 0 1 1 1 1 1 3 3 3 6 3 1 1 1 2 2 9 11 9 14 9 16 4 39 17 4 18 51 40 54 46 49 61 54 51 46 40 37 59 59 52 62 60 65 41 47 49 24 22 17 14 18 38 31 23 49 51 63 58 48 16 23 24 37 49 55 41 53 37 48 61 57 53 42 44 29 38 48 41 17 30
0 0 0 0 1 0 0 0 0 0 0 0 0 0 0 0 1 2 1 1 7 2 2 4 12 5 1 1 1 5 7 5 8 21 8 13 16 9 61 33 8 26 14 47 42 36 58 35 49 47 36 39 35 55 70 54 53 52 60 59 30 35 26 15 16 9 14 17 24 19 43 52 59 70 36 22 26 37 32 54 52 51 47 48 32 58 56 59 46 49 19 40 32 33 23 17
0 0 0 0 0 0 0 0 0 0 0 0 0 0 1 1 0 2 0 1 2 5 3 6 5 1 0 0 0 4 6 3 5 9 13 22 9 10 35 36 17 28 14 51 35 29 37 26 43 41 48 33 33 44 53 80 41 46 38 30 33 14 16 14 7 9 21 17 23 23 47 50 33 52 26 19 39 37 35 38 52 49 47 43 43 59 53 67 49 42 25 41 39 18 23 13
0 0 0 0 0 0 0 0 0 0 0 0 0 0 1 1 0 1 1 0 0 0 0 1 1 1 1 0 1 1 5 7 11 7 12 13 8 7 8 53 23 28 27 42 12 37 28 40 45 29 40 30 32 30 55 56 60 39 27 13 21 9 7 12 9 9 18 16 33 29 38 44 37 25 25 37 37 37 36 32 39 50 58 44 39 61 59 60 57 34 22 48 32 30 26 11
0 0 0 0 0 0 0 0 0 0 0 0 0 0 1 0 0 1 1 0 0 0 1 1 1 5 2 1 0 1 2 6 9 9 10 9 9 7 4 27 51 40 29 16 13 21 20 39 29 14 37 28 30 25 39 60 46 44 19 6 10 2 2 2 4 5 13 25 34 42 52 36 24 19 41 39 41 55 49 35 32 45 42 50 56 69 42 62 42 29 22 58 31 42 20 11
0 0 0 0 1 0 0 0 0 0 0 0 0 0 1 0 0 0 0 0 0 1 1 3 6 1 1 1 1 0 0 2 2 9 6 2 9 6 7 13 61 43 18 10 13 22 36 15 27 12 20 32 24 44 45 32 26 24 25 7 9 3 4 2 8 16 17 23 32 29 38 37 14 20 32 32 52 41 38 28 26 18 42 52 48 39 51 55 46 27 18 55 30 36 33 10
