sesion_6_simulaciones/modelos_agentes/ejemplos_netlogo/scenarios/echam4_b2/rob_2079.asc
NCOLS 322 
NROWS 307 
XLLCORNER 451900 
YLLCORNER 4086900 
CELLSIZE 100 
NODATA_value -9999 
[rows 0 to 73 of 307, columns 192 to 287 of 322]
34 31 18 11 30 55 30 14 15 19 25 11 8 7 11 9 6 7 12 12 12 13 9 12 19 30 19 34 34 60 29 11 11 2 2 3 7 7 4 16 19 9 9 31 38 38 28 39 50 53 33 34 37 42 36 41 30 74 34 27 4 5 7 21 21 11 19 22 10 20 9 5 7 9 23 10 8 18 34 12 6 9 10 14 14 10 24 18 17 19 5 12 18 45 10 3
41 21 28 24 30 52 16 25 39 27 19 16 24 24 15 14 21 5 11 17 21 13 8 9 11 35 15 18 13 22 59 34 8 4 3 2 3 6 11 8 17 6 3 11 16 22 34 28 42 75 83 62 39 36 34 34 60 57 58 12 13 6 22 17 18 14 22 15 22 11 3 13 6 10 38 13 37 25 20 20 14 20 24 16 13 6 17 22 22 19 9 17 13 19 9 6
21 38 22 21 43 42 29 14 10 23 25 27 41 45 27 43 31 28 41 43 42 23 17 10 6 9 7 3 4 8 11 39 30 8 9 4 3 2 6 2 2 3 16 30 28 41 39 42 49 61 63 52 57 41 55 69 32 30 39 15 14 18 20 13 11 28 9 9 9 13 7 9 8 12 51 14 49 36 15 28 18 14 22 24 14 5 11 13 24 16 9 34 15 30 8 1
28 29 53 49 33 28 25 25 25 48 27 45 59 50 42 61 49 28 43 61 51 48 41 26 19 13 2 4 4 2 5 10 4 7 6 6 6 2 2 2 7 14 8 9 16 47 41 43 16 28 19 20 28 54 41 49 45 17 24 28 30 13 12 22 10 26 19 20 38 12 18 16 5 5 31 17 21 17 25 28 19 17 22 29 17 5 9 21 33 12 22 17 15 28 7 1
17 13 31 10 43 51 46 34 49 45 45 34 40 36 44 63 49 56 61 67 66 47 41 42 27 36 20 31 24 6 3 1 5 3 4 6 2 1 2 3 6 7 12 17 15 21 19 26 49 61 60 47 40 33 64 67 27 23 8 8 27 22 14 19 15 25 17 15 10 6 5 5 7 4 15 15 12 25 49 57 44 14 14 35 30 22 3 19 20 29 27 13 24 37 11 2
21 17 33 28 17 23 53 24 51 43 33 43 18 45 56 59 65 62 30 31 52 36 29 43 41 40 23 38 30 12 11 6 2 2 1 1 1 2 1 1 4 8 15 27 44 61 62 65 57 35 37 37 47 62 82 57 32 25 8 38 55 47 33 30 15 32 10 16 23 19 27 19 17 12 9 15 23 22 32 23 32 54 38 31 33 24 8 14 19 22 10 14 23 22 14 3
15 8 10 27 19 15 52 20 14 30 40 71 46 27 51 65 60 62 38 16 23 48 56 65 41 39 43 33 34 30 24 16 16 13 8 2 4 5 3 1 3 8 19 27 56 37 41 46 61 46 49 82 46 69 76 43 28 33 16 32 42 42 31 31 41 29 24 25 30 11 17 19 15 25 23 12 5 16 34 37 26 50 32 16 9 35 12 10 12 12 12 22 36 49 10 7
11 9 9 14 35 28 47 57 18 10 20 31 59 23 10 32 22 36 41 25 20 37 23 33 38 33 39 29 41 37 35 33 30 29 25 12 17 8 4 2 4 17 29 38 49 51 45 68 83 78 77 50 66 63 70 43 24 9 16 20 25 18 12 13 8 25 16 16 34 17 16 13 19 25 28 17 5 24 43 21 46 64 44 18 10 31 23 12 13 25 24 25 50 28 15 10
22 18 18 12 22 20 35 62 63 31 16 18 35 50 31 24 16 43 51 38 31 47 17 31 56 41 37 40 39 53 50 47 49 44 30 25 13 5 2 3 9 14 31 36 61 60 47 54 69 78 62 42 80 64 61 28 11 43 59 42 48 34 44 25 28 52 22 22 9 10 16 14 18 21 18 10 7 13 17 29 43 58 41 27 13 15 17 11 10 34 25 33 27 37 15 21
14 18 21 13 14 8 31 31 64 52 43 28 28 36 45 24 24 19 50 49 46 55 24 27 43 45 34 34 27 38 11 27 44 44 33 15 9 6 3 4 4 9 21 32 51 29 27 71 52 41 33 86 68 68 43 21 31 53 54 63 41 77 62 29 40 14 29 28 29 11 12 21 22 13 10 7 6 10 40 19 11 42 45 42 25 12 24 8 12 14 17 43 28 41 21 51
20 19 23 25 14 8 5 7 14 37 25 21 17 45 33 25 32 9 20 47 35 60 62 23 30 27 53 35 14 30 40 14 6 6 11 27 14 8 4 4 8 11 26 50 21 45 52 59 22 29 72 77 54 61 30 18 31 42 35 49 74 77 43 20 20 26 30 31 41 31 41 27 26 24 15 11 5 5 13 24 25 52 69 42 47 20 13 20 6 18 42 19 27 20 20 67
40 27 15 20 21 20 15 10 8 9 11 12 22 24 23 20 17 29 22 26 49 55 49 31 7 20 48 39 18 17 39 40 9 4 4 6 20 9 1 4 23 29 33 16 9 10 36 14 24 60 83 73 51 39 16 44 39 29 36 77 64 54 10 20 28 26 43 34 30 39 30 26 34 38 35 26 10 7 21 23 24 75 49 62 43 37 18 11 8 30 30 16 39 13 41 75
52 37 33 50 43 43 40 24 42 29 27 20 12 11 12 12 15 46 40 20 16 33 30 26 7 18 31 25 20 9 8 21 8 3 1 2 9 13 2 4 18 21 20 32 29 26 56 13 36 74 69 42 11 34 57 62 58 63 83 73 20 20 21 14 12 12 23 18 34 23 12 22 43 50 48 28 12 3 20 29 60 64 27 41 56 38 26 8 9 31 27 19 46 15 39 53
69 63 56 60 56 55 43 41 41 44 44 50 27 23 16 15 12 9 9 9 15 13 7 13 13 20 23 22 9 5 7 13 13 10 1 1 4 10 6 9 9 18 15 9 9 40 22 17 51 41 27 10 21 42 48 51 71 67 55 12 40 53 41 28 26 13 11 9 29 25 35 53 38 29 28 32 17 5 12 25 59 28 21 44 71 42 34 17 7 13 15 19 30 16 35 32
27 66 67 69 59 61 39 49 28 31 50 42 38 40 42 40 33 18 6 7 5 5 4 10 13 13 10 7 3 1 7 8 9 7 2 1 6 11 12 8 7 8 13 7 4 10 9 14 21 19 6 13 25 29 44 53 51 14 35 44 52 45 48 72 75 58 49 27 26 39 47 39 48 39 24 19 12 6 13 27 37 19 13 61 73 72 49 53 28 7 12 18 17 18 45 41
42 61 71 49 58 78 59 35 55 43 34 49 47 57 61 48 42 20 15 15 10 5 3 2 9 7 2 2 1 2 2 8 12 13 9 4 5 7 8 11 6 7 7 5 2 3 15 21 13 9 23 18 19 27 33 39 16 46 44 41 52 68 77 63 56 68 30 20 50 10 39 72 45 35 40 42 44 26 11 29 32 19 8 17 45 71 26 19 26 28 7 25 14 18 51 46
74 24 75 56 52 73 80 81 49 26 41 40 60 58 55 48 53 43 35 31 28 24 12 5 3 4 10 10 6 4 1 1 2 5 8 6 7 7 7 11 6 5 4 4 3 2 3 3 11 31 24 45 39 27 20 42 49 45 44 41 66 57 76 64 64 37 22 44 30 29 30 15 49 26 48 58 63 44 33 12 50 29 22 6 19 50 60 23 10 13 6 8 15 28 21 23
53 19 64 44 64 70 72 53 78 81 56 63 67 32 35 36 51 52 42 38 33 30 25 11 10 11 21 17 13 9 2 1 1 1 3 5 5 5 5 6 6 5 3 2 1 4 11 23 27 26 34 57 54 53 26 41 39 63 59 56 76 64 59 49 29 27 39 47 35 24 15 14 44 48 57 57 61 62 48 19 13 26 27 21 8 24 42 30 24 5 12 1 15 23 11 11
43 46 49 54 41 66 71 48 53 82 55 75 85 63 49 39 55 71 70 58 55 36 19 14 22 14 27 24 35 12 12 11 11 6 4 3 4 3 5 4 2 2 1 2 7 13 26 28 26 33 47 58 52 40 54 54 55 51 39 50 66 39 21 12 27 27 24 70 53 18 22 12 47 48 13 30 70 58 62 50 16 11 46 28 18 8 26 31 31 15 3 3 21 11 3 2
51 25 34 51 41 50 78 45 35 68 73 83 84 74 76 69 31 46 49 65 47 38 35 28 29 29 29 38 35 31 23 18 16 14 11 5 3 2 2 2 1 0 3 6 21 21 26 39 25 43 57 45 61 57 59 56 19 13 28 49 74 37 15 35 47 39 55 60 37 31 22 8 16 51 41 14 31 43 55 56 52 18 17 32 26 9 5 17 34 26 3 2 13 2 12 21
72 42 41 45 17 38 68 46 60 47 68 58 76 50 61 66 29 22 44 65 47 60 41 24 52 45 32 24 29 25 18 10 13 12 15 10 6 3 1 0 1 2 8 18 25 33 18 18 44 64 47 51 67 72 78 70 45 32 44 52 55 22 19 49 45 38 39 17 39 43 30 8 10 22 57 30 12 19 70 44 43 22 8 19 24 7 9 25 17 18 2 2 3 4 21 44
54 21 51 48 22 16 40 70 25 45 78 73 78 56 52 30 34 11 24 70 64 47 36 33 23 23 10 9 13 12 16 15 8 8 14 12 7 6 3 1 2 5 11 15 14 27 24 37 41 40 34 44 52 79 81 81 77 64 50 46 31 15 33 39 54 48 39 23 22 41 18 8 10 17 53 34 15 17 29 54 43 36 16 10 26 10 14 21 13 5 5 17 7 14 40 50
70 26 64 68 38 25 29 51 24 24 75 63 51 32 17 37 35 29 11 24 31 48 69 68 39 14 27 16 7 10 9 7 4 5 9 15 11 4 1 1 1 8 17 20 10 13 7 18 12 15 13 35 54 41 58 77 61 44 24 71 36 15 32 38 34 42 65 35 33 15 10 10 23 40 68 34 17 23 36 66 44 24 14 6 13 20 13 20 8 4 13 49 25 26 25 43
64 55 48 68 21 30 35 51 47 21 22 19 24 49 23 17 43 38 20 28 30 31 59 45 42 16 22 25 16 4 5 5 4 4 5 7 10 4 2 0 2 3 3 8 6 4 9 12 21 21 15 32 28 37 38 28 18 35 62 46 16 26 36 30 45 65 44 31 37 24 10 14 24 45 50 26 28 24 38 61 48 53 28 8 7 11 13 20 4 6 18 15 34 49 28 33
32 28 41 40 27 12 41 56 32 12 25 16 17 35 40 23 31 36 31 13 13 19 26 22 20 13 16 26 24 9 5 3 3 3 3 4 3 7 2 0 1 3 8 10 14 21 25 25 21 27 39 22 16 9 10 19 37 38 70 37 13 40 30 26 50 74 37 48 45 24 16 16 28 60 41 25 38 26 35 52 45 46 45 29 9 4 15 9 4 26 29 29 29 26 65 29
17 23 13 36 17 8 44 54 30 12 10 16 17 11 30 29 18 13 19 20 9 9 15 18 14 12 7 19 38 8 6 3 1 1 1 1 3 2 5 1 2 4 4 6 13 15 25 13 12 28 30 46 36 52 37 38 36 56 60 12 21 32 24 18 44 59 36 39 35 29 14 15 32 63 29 41 41 22 18 31 31 44 32 15 17 4 4 9 22 44 46 46 53 34 24 51
10 13 7 9 6 20 37 31 18 9 5 9 9 5 5 16 19 19 16 17 8 6 8 10 4 6 6 7 10 13 11 3 1 1 1 1 2 2 3 2 1 1 2 4 7 10 7 10 22 22 39 41 37 47 56 68 69 80 46 11 24 28 19 28 69 60 19 38 41 27 18 10 27 61 30 27 29 33 9 17 32 43 19 14 5 4 8 26 46 42 47 41 47 55 66 37
6 6 3 2 2 3 4 6 5 3 2 2 2 1 2 4 6 5 9 12 7 6 5 4 2 2 8 6 6 7 10 7 6 2 1 1 1 1 3 1 1 1 2 2 4 6 14 15 13 41 31 35 42 45 56 81 69 60 12 30 36 23 41 56 82 41 48 26 26 29 28 17 40 62 40 27 28 36 10 15 30 40 28 32 14 2 9 22 26 19 18 15 14 21 41 42
2 3 4 3 2 1 1 1 1 1 1 1 1 1 1 1 1 1 1 3 4 3 3 1 2 2 8 6 6 4 4 4 2 2 3 2 1 1 2 1 1 3 8 10 11 13 24 46 17 32 25 28 33 30 70 63 39 11 29 38 35 30 53 79 50 27 43 25 26 31 25 14 26 57 71 44 34 24 12 14 29 46 38 24 12 2 8 12 8 21 23 31 32 27 24 39
5 9 8 14 8 3 2 2 2 6 6 7 7 8 14 7 6 6 2 0 1 1 1 1 1 3 3 2 3 2 2 1 3 2 2 1 1 0 1 1 3 9 11 11 15 24 30 22 47 32 28 24 37 38 72 31 19 25 38 40 33 33 53 79 36 24 24 38 23 12 11 15 43 62 33 58 43 26 11 7 40 34 42 22 10 2 10 22 35 47 27 42 48 41 35 15
10 17 16 19 14 4 5 16 9 16 16 21 18 19 21 20 18 14 11 6 3 2 2 1 0 0 1 1 3 1 1 1 2 2 1 1 0 0 1 3 9 10 12 25 28 37 38 31 41 63 61 56 38 53 34 19 8 39 35 40 20 32 57 67 42 18 26 37 29 22 6 15 56 29 22 66 56 35 16 7 23 21 35 21 5 6 20 22 23 34 31 28 18 17 20 38
22 22 22 23 14 10 10 22 21 22 22 24 38 27 35 34 24 19 16 15 8 14 11 4 3 3 1 0 1 0 0 0 0 2 1 0 0 1 3 11 11 11 16 19 33 38 46 64 53 54 37 74 56 37 40 35 15 35 43 54 49 38 65 29 14 37 45 23 41 19 7 16 30 30 19 66 40 36 15 11 24 22 22 16 4 11 37 46 49 35 28 14 24 25 23 34
43 41 29 40 27 14 14 20 20 24 42 43 43 46 45 29 27 23 20 20 18 20 17 10 9 8 4 3 2 2 3 4 2 1 1 0 0 1 3 8 10 13 14 21 36 41 56 58 49 49 38 25 45 42 50 12 29 39 32 44 35 45 47 54 52 33 24 20 50 38 16 12 32 24 39 71 37 31 24 10 12 21 18 7 12 25 38 62 63 55 54 32 36 45 40 68
48 49 50 35 31 29 18 29 42 44 53 47 50 40 47 36 31 30 27 38 32 33 19 14 12 20 9 7 4 4 14 4 2 1 0 0 0 1 2 5 5 7 13 16 27 47 32 14 62 57 43 27 45 50 11 10 25 29 30 46 54 58 62 34 25 24 35 29 25 33 24 15 34 28 37 51 46 47 25 10 9 15 8 8 20 25 27 30 21 20 21 33 45 46 77 78
51 50 57 56 50 24 21 35 49 56 57 52 53 51 49 50 36 55 48 42 22 15 15 16 17 15 11 9 9 12 4 3 2 1 1 1 1 1 2 6 6 12 22 17 12 20 18 31 31 41 41 13 30 8 15 10 14 20 22 39 56 65 42 60 40 23 24 23 22 37 39 15 17 26 38 43 46 27 21 9 5 8 8 13 31 15 18 26 46 48 44 35 24 73 54 68
62 75 63 32 49 27 38 39 65 58 54 54 55 71 71 55 57 53 37 49 29 24 12 30 29 13 12 13 26 8 3 3 2 2 3 2 2 2 3 5 10 15 24 8 14 17 19 32 30 27 19 13 18 7 15 7 19 37 42 55 42 34 48 62 28 16 13 15 30 29 25 15 12 24 24 49 48 33 21 9 4 5 13 28 43 46 39 34 41 32 28 54 60 72 53 35
72 82 52 52 64 39 31 65 63 73 44 60 68 61 77 62 41 29 54 45 38 30 10 39 13 11 16 26 8 4 5 8 6 6 4 4 3 3 1 2 7 13 6 6 8 20 47 43 33 21 18 10 10 11 19 27 37 29 21 24 29 39 42 61 36 20 21 18 16 13 16 19 10 20 35 33 27 39 21 9 4 16 35 26 39 60 58 59 55 52 31 46 47 52 56 29
58 75 46 47 65 43 40 71 64 70 33 55 74 61 76 49 45 47 59 61 48 24 23 15 16 25 46 8 5 10 9 8 8 7 6 4 4 4 1 1 1 1 3 6 15 38 40 25 45 15 12 7 18 18 24 17 14 8 27 29 24 47 47 42 22 58 61 50 36 34 20 19 9 17 20 17 23 27 10 3 7 27 49 61 56 62 69 62 53 49 49 57 26 12 50 39
70 44 48 43 61 37 39 67 79 64 25 61 77 69 69 71 48 63 78 63 44 23 41 22 38 41 8 9 16 15 9 9 15 9 11 6 5 6 6 3 4 3 3 9 39 25 38 11 14 27 8 9 24 22 24 20 15 26 58 60 49 44 73 43 54 40 51 55 33 22 21 19 10 7 12 19 12 19 4 2 10 22 26 47 49 29 46 20 16 19 12 72 58 34 29 18
85 68 50 38 51 33 50 64 86 51 33 49 70 71 74 49 43 85 60 22 27 54 49 36 44 22 19 20 28 27 15 17 16 14 7 11 7 12 8 7 4 2 1 2 15 14 16 5 4 4 3 9 15 29 27 43 48 48 35 47 61 61 41 58 51 50 24 44 63 32 17 11 8 3 8 11 7 12 6 5 14 27 30 34 30 16 21 30 43 63 75 88 70 35 28 13
75 75 46 47 54 31 42 65 76 50 30 50 83 82 50 64 50 55 27 21 34 68 74 56 44 42 27 25 33 22 18 38 23 8 8 15 10 17 15 7 6 4 3 2 1 2 1 1 4 10 18 22 33 37 39 51 42 36 57 72 76 75 57 60 18 76 64 23 24 60 52 39 24 11 2 8 8 4 3 5 14 16 16 30 21 25 52 55 52 44 56 78 50 36 28 13
72 59 40 53 49 43 31 61 71 45 32 48 81 72 58 53 33 24 9 32 55 66 55 31 26 14 12 45 41 26 34 34 18 9 11 16 17 20 18 5 5 4 5 4 4 2 1 2 5 9 17 18 28 30 28 30 40 56 44 83 75 49 42 78 58 37 72 39 21 16 29 31 36 33 15 7 4 4 3 4 16 17 15 18 29 41 52 53 51 63 53 64 60 47 27 13
66 53 28 50 44 40 38 38 51 29 24 41 57 30 34 34 17 24 19 38 64 38 33 37 22 23 16 53 47 30 55 35 13 18 16 25 25 36 26 13 10 4 9 7 5 2 1 1 5 7 7 12 27 27 41 52 32 58 60 82 36 14 45 77 49 50 34 66 34 10 14 18 32 27 24 21 6 3 1 3 10 16 17 15 19 36 68 48 36 76 49 48 55 24 13 12
35 30 25 39 37 23 39 26 53 57 43 34 35 31 47 49 39 50 28 39 57 40 37 36 28 24 24 57 53 36 57 34 27 25 24 36 34 32 13 15 24 15 10 5 3 1 0 0 3 7 8 16 30 28 31 39 25 42 70 47 34 19 66 76 64 24 17 24 43 24 13 11 13 10 25 12 7 3 2 3 7 14 21 17 43 61 76 52 45 74 46 22 29 40 14 6
32 12 36 42 35 45 44 73 67 85 84 77 35 54 59 60 62 34 31 55 52 36 35 24 28 37 25 55 56 57 45 38 33 36 36 46 60 36 23 19 43 29 5 3 2 1 0 1 4 7 18 20 23 30 18 21 40 62 76 36 25 28 42 74 69 52 21 7 38 39 23 10 9 10 31 11 4 3 2 6 10 18 22 30 33 29 33 27 42 38 52 40 38 33 8 2
19 14 25 41 65 73 81 83 69 68 75 79 80 69 40 43 38 30 35 35 23 34 32 36 52 42 42 73 61 75 47 46 42 50 54 69 71 38 36 30 41 19 9 5 4 5 3 0 2 9 8 15 15 12 13 28 44 59 53 44 25 24 27 81 49 47 43 5 29 46 36 10 8 8 10 19 7 1 2 8 9 19 32 39 37 28 29 20 27 26 32 24 18 8 3 6
35 33 18 20 39 53 72 47 43 40 59 65 63 71 43 37 42 56 51 33 31 39 36 50 69 55 45 71 69 62 44 59 47 59 55 69 54 44 54 26 14 11 17 15 11 11 6 2 1 3 12 10 11 17 19 8 29 29 37 70 36 31 42 57 42 11 38 17 20 27 22 20 11 6 4 44 7 1 2 6 13 18 15 41 28 24 25 19 16 9 10 7 6 6 10 22
49 60 33 19 46 43 45 59 41 58 68 54 66 78 80 62 73 64 45 37 51 50 52 52 62 52 46 71 71 45 56 57 57 61 70 74 60 48 20 10 10 20 17 16 22 14 12 3 1 1 3 9 12 18 19 13 27 31 22 33 33 32 36 52 58 13 25 25 15 35 24 12 15 8 8 8 5 1 2 5 10 15 27 42 22 24 19 15 21 6 5 3 5 9 21 26
35 53 72 41 22 27 54 51 74 47 43 44 77 56 61 91 87 41 57 56 57 54 58 52 57 51 52 76 65 56 58 56 61 76 77 51 24 22 32 28 34 29 25 18 28 24 16 4 1 0 1 16 10 8 20 15 29 24 19 22 26 16 17 29 67 12 9 19 13 13 16 9 8 6 5 6 3 2 1 5 7 10 43 26 11 9 9 10 10 1 2 8 9 14 23 23
71 69 73 76 39 14 19 67 66 64 20 25 45 55 79 85 68 87 88 66 54 73 68 38 58 49 68 62 62 56 61 52 67 80 82 51 47 38 52 50 61 59 39 40 46 20 8 3 0 0 1 1 2 5 20 16 30 27 18 16 14 7 3 10 40 20 12 11 11 10 10 14 9 7 4 3 3 2 2 4 9 11 17 13 7 6 4 5 2 5 7 10 21 27 22 22
55 38 48 83 42 36 31 33 36 45 36 11 38 81 87 85 66 58 83 64 76 79 67 46 67 64 79 74 68 77 60 60 62 60 63 45 48 57 57 62 29 29 56 72 23 13 10 3 1 1 1 1 1 1 7 20 25 39 15 15 13 7 3 25 42 16 17 10 9 9 11 12 6 4 5 4 3 2 2 5 6 13 10 5 4 2 3 7 9 16 20 24 25 27 17 19
29 49 47 81 81 30 38 24 31 31 37 22 47 57 60 64 78 85 68 31 64 33 74 83 92 88 83 61 78 63 75 59 54 36 74 69 72 65 41 37 15 3 57 47 35 21 16 9 4 6 6 4 1 0 1 4 5 13 6 10 9 5 6 14 24 27 16 10 11 2 3 5 7 3 2 2 3 2 2 3 7 6 7 5 2 4 11 12 18 17 19 37 34 25 21 18
20 29 42 47 78 76 46 25 26 29 28 28 45 66 76 80 45 79 78 40 69 64 40 57 76 57 74 51 73 37 24 52 40 40 59 88 75 58 37 77 44 43 49 46 50 27 13 9 13 16 10 4 1 0 1 0 1 3 2 9 8 4 9 17 16 26 16 9 7 5 5 5 4 3 2 1 2 1 1 1 2 3 4 3 2 6 8 11 16 18 24 20 56 32 20 13
11 20 32 8 46 85 48 32 19 17 27 34 30 43 52 67 67 80 60 61 69 54 22 57 73 55 55 49 54 74 62 65 61 39 48 82 88 91 88 84 72 59 60 67 56 33 27 20 36 11 6 6 6 5 3 3 1 1 1 2 2 3 5 17 16 18 17 11 6 5 3 2 2 2 2 1 1 1 0 1 1 1 1 1 1 1 3 9 16 8 14 27 29 27 15 29
22 14 28 55 48 64 84 47 47 21 15 19 23 28 59 49 69 83 24 33 74 73 38 23 83 86 64 48 63 72 41 40 49 38 33 64 81 81 78 54 65 65 40 50 55 51 61 56 28 6 11 17 14 12 13 18 15 4 1 1 1 1 2 4 9 22 11 9 4 6 3 1 2 2 2 1 1 1 0 1 0 1 2 4 5 3 4 5 12 15 17 18 25 26 38 39
32 13 11 43 62 69 87 72 42 39 27 23 22 30 28 20 56 42 31 67 88 50 31 20 30 75 48 55 49 69 66 51 57 54 47 82 72 50 42 34 40 23 19 70 46 69 78 70 38 26 33 24 22 14 11 3 5 3 2 2 1 1 2 3 2 7 11 7 6 5 2 1 1 1 1 1 1 0 0 0 1 2 2 3 7 13 13 14 19 20 19 27 27 29 24 43
51 38 29 21 24 29 46 71 45 55 34 22 19 25 38 18 44 28 55 48 82 47 33 31 20 36 36 49 25 64 69 43 42 45 54 70 69 35 23 35 32 24 23 37 54 45 41 24 26 28 21 21 19 18 20 5 3 6 2 1 1 1 2 2 2 4 6 8 5 2 1 1 1 1 1 1 0 0 0 1 1 2 4 6 3 2 8 35 13 25 32 36 40 34 42 48
28 30 52 25 23 51 53 72 76 60 51 23 19 15 18 23 33 35 33 49 75 82 62 41 16 15 31 11 23 59 71 47 38 40 34 35 40 29 22 27 25 22 22 23 57 37 39 24 14 11 12 4 5 5 11 7 2 5 2 1 1 1 1 1 2 3 4 3 3 2 2 1 1 1 1 0 0 0 1 1 1 1 2 2 2 6 18 26 33 38 37 36 38 47 43 57
46 43 20 16 19 34 47 60 74 56 42 33 15 9 13 25 13 17 38 77 68 72 63 59 36 12 39 37 13 19 52 37 42 34 16 19 24 46 20 17 23 15 10 17 35 36 46 28 18 12 9 6 2 3 6 6 2 5 4 1 1 1 1 1 1 2 2 2 2 1 1 1 1 1 0 0 0 0 1 1 1 1 2 4 5 11 13 30 19 19 15 18 29 44 45 29
60 59 29 15 5 33 31 45 62 68 34 32 17 15 19 21 11 34 61 77 46 47 59 33 28 25 15 27 34 7 31 44 23 25 15 24 22 14 16 16 24 18 7 8 15 32 44 32 29 17 15 7 5 2 2 3 2 3 6 2 1 1 1 1 1 1 2 2 1 1 0 1 0 0 0 0 0 1 1 0 0 1 1 4 8 9 14 16 17 13 11 24 29 30 28 29
63 58 39 34 11 12 29 39 73 32 36 21 14 13 12 15 10 28 67 48 9 31 79 33 25 28 13 17 18 29 26 22 16 16 17 10 9 6 6 13 23 11 6 5 7 17 42 28 33 17 11 7 4 2 1 1 2 2 3 2 1 0 0 0 0 1 1 1 1 1 1 0 0 0 0 0 0 0 1 1 1 2 5 7 5 8 20 19 15 15 24 19 23 32 33 21
59 57 40 23 22 15 29 31 67 34 13 29 21 11 9 9 8 37 43 24 45 57 69 55 32 19 23 34 12 37 26 20 20 11 18 9 11 9 3 8 5 5 6 15 22 30 38 32 47 40 26 13 5 3 1 1 1 1 2 2 1 0 0 0 0 0 0 1 1 1 1 0 0 0 0 0 0 1 1 1 1 2 2 3 5 8 10 16 22 25 27 25 29 18 31 36
53 43 33 24 22 21 13 21 37 60 29 15 22 11 9 8 10 26 23 29 25 43 67 53 33 42 17 21 23 39 17 13 15 14 7 5 10 8 7 5 2 3 6 34 18 15 34 21 37 39 38 17 9 6 2 1 0 1 1 1 1 0 0 0 0 0 0 1 1 0 0 0 0 0 0 0 0 1 1 1 1 2 4 3 4 4 9 13 14 16 19 40 30 38 53 38
46 48 29 21 22 20 18 21 23 37 41 13 10 10 9 9 10 10 16 22 26 43 73 47 40 24 33 15 18 32 15 5 8 8 10 4 5 7 4 3 2 4 17 31 7 16 20 12 28 27 23 26 17 10 8 4 1 0 1 1 1 1 0 0 0 0 0 0 0 0 0 0 0 0 0 1 1 1 1 1 2 2 3 2 2 3 5 4 9 19 14 25 23 13 25 31
82 62 49 18 13 17 14 16 19 29 39 23 16 10 11 7 7 10 11 8 26 33 60 44 22 18 18 20 16 10 20 7 6 7 5 7 5 5 2 2 9 11 18 6 6 13 8 10 16 23 29 24 33 20 14 8 5 1 0 0 0 0 0 0 0 0 0 0 0 0 0 0 0 0 1 0 0 0 1 0 1 1 1 1 1 2 2 3 6 10 20 35 21 22 26 8
49 77 63 42 20 11 9 14 16 20 53 28 16 9 6 5 5 3 7 8 17 26 46 51 22 14 11 12 13 13 12 17 9 4 4 8 5 2 1 4 8 24 11 6 8 10 8 7 16 22 13 14 16 22 18 10 5 4 2 0 0 0 0 0 0 0 0 0 0 0 0 0 0 0 0 0 0 1 1 1 1 1 1 1 2 3 3 3 6 12 17 21 17 19 20 29
25 81 35 71 49 33 9 9 10 22 38 20 13 6 5 3 2 2 6 8 18 35 27 46 35 21 15 10 8 11 10 13 9 7 3 5 2 1 2 2 12 12 11 3 5 9 3 5 16 23 10 9 11 13 35 19 12 5 4 1 0 0 0 0 0 0 0 0 0 0 0 0 0 0 0 1 1 1 1 1 1 1 1 1 3 3 3 3 9 10 12 8 12 21 23 23
44 47 31 64 41 41 22 5 7 9 20 20 8 6 4 2 2 2 6 14 7 6 40 45 48 36 25 20 6 4 5 6 6 4 2 2 1 1 1 3 11 5 4 3 3 12 3 5 20 23 14 4 3 2 19 14 12 6 2 1 1 0 0 0 0 0 0 0 0 0 0 0 0 0 1 1 1 2 2 2 3 4 3 4 4 4 3 3 5 6 8 14 24 28 30 31
46 42 35 30 35 17 44 12 4 4 8 12 8 4 3 1 1 4 5 5 14 37 52 53 57 37 24 12 9 4 7 7 5 4 3 2 2 1 3 6 5 3 2 2 4 15 8 8 27 23 24 6 2 1 3 3 5 6 2 1 1 0 0 0 0 0 0 0 0 0 0 0 0 0 0 0 1 2 4 3 4 6 7 6 5 5 3 4 9 6 7 9 11 8 15 19
42 33 37 26 30 10 16 26 3 2 7 9 12 3 2 1 1 2 6 11 30 31 47 40 45 49 19 10 9 7 6 5 4 3 2 1 1 1 2 6 4 2 2 2 2 4 5 4 18 27 15 7 7 2 2 3 2 2 2 2 1 0 0 0 0 0 0 0 0 0 0 0 0 0 0 1 1 3 3 7 9 7 6 9 7 8 8 17 12 4 5 4 7 18 21 26
32 40 44 26 12 10 8 10 5 2 4 6 8 3 1 0 1 3 11 29 19 10 34 28 28 35 20 11 9 6 4 3 2 2 2 1 1 1 4 7 2 2 1 1 1 6 2 5 23 8 11 5 4 2 2 3 3 2 2 1 1 1 0 0 0 0 0 0 0 0 0 0 0 1 1 2 2 4 6 5 11 17 19 20 23 17 18 18 13 9 8 10 7 9 22 22
17 13 20 22 10 10 5 5 5 3 2 3 4 2 1 0 2 5 9 10 13 11 22 46 12 16 13 17 6 4 4 3 2 2 2 1 1 3 7 2 1 1 1 1 2 3 4 25 39 4 2 10 3 2 1 1 3 2 2 1 1 0 0 0 0 0 0 0 0 0 0 0 0 0 1 1 2 1 2 4 7 9 10 15 25 20 30 28 20 20 12 13 21 18 16 17
6 7 7 8 8 6 5 4 4 3 1 1 1 2 0 0 1 3 4 5 9 8 6 11 10 9 7 8 4 3 2 2 1 1 1 0 2 4 2 1 1 0 0 1 2 3 8 7 24 6 2 5 5 2 2 3 2 1 1 1 0 0 0 0 0 0 0 0 0 0 0 0 0 0 1 1 1 1 1 1 3 5 8 7 23 22 37 43 28 39 35 34 29 28 22 43
8 9 9 6 5 3 3 1 1 1 1 0 1 1 0 0 1 2 1 3 6 3 3 5 6 6 4 4 6 2 2 2 1 1 1 1 2 2 2 2 1 0 1 3 4 7 3 2 3 5 4 3 3 4 3 1 1 1 0 1 0 0 0 0 0 0 0 0 0 0 0 0 0 0 0 0 1 2 2 2 2 4 3 6 12 20 17 20 54 51 26 51 44 43 28 36
