sesion_6_simulaciones/modelos_agentes/ejemplos_netlogo/scenarios/echam4_b2/rob_2051.asc
NCOLS 322 
NROWS 307 
XLLCORNER 451900 
YLLCORNER 4086900 
CELLSIZE 100 
NODATA_value -9999 
[rows 222 to 295 of 307, columns 192 to 287 of 322]
5 5 3 1 8 4 3 1 1 0 0 0 0 0 0 0 0 0 0 0 1 3 11 10 5 7 4 5 11 13 7 9 22 22 22 16 26 44 39 40 41 33 34 54 34 40 42 21 26 34 29 21 7 7 11 10 7 20 38 49 36 30 42 27 64 82 73 70 80 84 57 36 15 4 3 0 0 0 0 0 0 0 0 0 0 0 0 0 1 1 3 4 5 6 8 5
18 18 12 8 4 2 2 2 1 0 0 0 0 0 0 0 0 0 0 1 2 6 12 22 9 13 14 11 19 21 12 15 26 28 30 20 31 23 31 32 35 29 35 55 44 27 40 23 28 23 24 12 11 7 5 5 6 16 18 25 19 33 42 32 45 70 65 59 75 78 58 27 14 4 1 0 0 0 0 0 0 0 0 0 0 1 1 1 1 2 2 3 6 8 9 11
21 15 15 10 6 4 3 1 1 0 0 0 0 0 0 0 0 1 1 1 2 8 15 32 25 18 18 24 24 36 35 24 25 28 31 20 32 15 30 29 21 28 33 52 61 26 36 35 14 12 14 13 19 4 2 7 7 22 12 28 32 37 44 46 25 32 10 6 15 61 69 31 8 2 1 1 1 1 0 0 1 0 0 0 0 1 1 1 2 1 2 6 6 7 10 21
12 9 9 5 3 2 1 1 1 0 0 0 0 0 0 1 1 2 2 2 3 5 11 24 36 36 28 30 26 40 69 50 33 32 19 21 26 22 42 23 19 19 30 35 54 45 17 22 8 7 6 4 7 8 1 5 6 8 17 36 47 43 57 49 28 33 21 25 10 11 40 18 6 4 2 2 2 1 1 0 0 1 1 0 0 0 1 1 2 2 2 7 8 8 11 16
12 8 7 3 1 1 1 1 0 0 0 0 0 0 0 1 1 3 4 5 4 7 14 20 35 61 42 37 40 30 46 61 32 43 31 35 39 39 24 26 15 20 18 20 23 29 20 36 26 6 20 16 6 5 2 4 20 19 26 35 56 50 48 34 30 29 36 47 25 16 14 4 5 4 5 4 2 1 1 0 1 1 1 0 0 1 1 0 1 1 2 2 7 10 9 16
8 13 9 7 4 2 1 1 1 0 0 0 0 0 1 1 2 2 5 10 11 16 19 21 34 59 73 47 62 36 47 59 43 29 47 50 39 32 31 28 8 13 11 19 27 33 39 48 56 16 14 11 8 3 4 6 12 12 27 41 50 42 36 27 53 45 53 47 28 21 7 5 7 9 7 6 4 2 1 0 1 1 1 0 1 0 0 1 1 1 1 2 3 4 10 17
12 7 5 3 2 1 1 0 0 0 0 0 0 0 1 1 1 3 8 12 23 37 52 37 39 50 80 43 61 39 43 57 24 26 46 46 49 42 32 30 18 19 16 13 29 33 32 45 41 29 21 12 9 4 12 25 23 22 43 65 50 29 30 46 75 68 45 34 26 16 15 12 17 12 17 9 6 4 1 0 0 2 2 1 2 1 1 1 1 2 3 3 4 5 6 15
14 8 4 2 1 1 0 0 0 0 0 0 0 0 1 1 1 2 3 8 12 32 52 68 59 52 68 66 73 44 62 37 23 23 33 50 50 44 25 27 27 29 18 17 20 34 32 34 26 18 25 15 8 6 14 19 28 20 32 17 24 47 51 77 72 53 40 30 37 37 30 25 24 27 11 6 5 2 1 0 0 2 4 2 1 2 2 3 1 1 2 4 9 10 12 17
5 4 3 1 1 1 1 0 0 0 0 0 0 1 1 1 4 1 3 7 18 26 47 48 66 64 71 73 68 40 54 27 22 48 34 44 48 34 30 38 30 38 17 18 33 36 44 35 37 16 14 10 8 2 6 5 61 30 18 30 41 43 51 46 34 30 33 35 28 32 45 47 32 11 3 3 2 1 0 0 0 1 3 2 2 2 5 9 2 2 2 5 6 6 11 16
1 1 2 1 1 1 1 0 0 0 0 0 0 1 2 4 3 3 6 14 17 28 47 59 56 59 64 59 64 59 69 36 26 38 47 36 44 38 32 32 34 23 28 17 17 23 37 42 34 19 10 7 6 5 12 13 6 71 75 46 28 15 33 31 42 38 29 21 13 39 71 49 21 9 4 2 1 0 0 0 0 1 2 2 4 2 4 5 9 2 3 5 7 10 9 17
2 1 0 1 1 1 0 0 0 0 0 0 1 1 3 3 3 5 12 13 15 40 58 66 53 54 64 55 76 79 54 40 39 50 32 47 44 40 38 34 33 29 37 14 26 22 35 28 18 7 13 8 9 12 17 30 25 25 33 39 21 40 25 28 27 33 33 14 24 42 48 24 18 14 4 1 0 0 0 1 1 1 1 6 5 2 1 2 14 3 3 6 8 9 8 11
1 1 1 1 1 1 0 0 0 0 0 0 0 1 1 2 5 9 14 32 24 24 65 57 70 56 58 62 23 74 49 50 35 52 40 31 36 46 37 35 36 28 51 15 14 46 32 29 20 13 20 9 8 17 29 13 36 38 21 10 19 12 21 26 27 29 20 53 44 20 33 17 13 8 4 1 0 1 1 1 1 2 1 3 4 5 2 5 7 9 8 4 5 17 12 10
3 2 2 1 1 0 0 0 0 0 0 0 0 0 1 1 4 6 15 31 46 53 74 59 70 68 70 61 64 53 77 43 31 44 35 17 22 41 43 49 36 15 30 37 9 18 26 43 20 19 23 14 8 16 15 16 8 11 15 29 25 28 27 42 20 23 36 21 16 26 22 16 10 3 1 0 1 1 2 1 1 2 3 4 7 10 3 4 9 10 26 12 4 8 22 17
1 2 1 0 0 0 0 0 0 0 0 0 0 0 1 1 2 6 15 27 46 40 57 18 38 57 56 26 24 43 68 38 37 70 32 36 40 47 26 9 21 10 30 38 9 26 42 22 7 17 20 19 7 15 11 6 23 32 34 26 14 21 48 61 43 35 56 54 47 33 22 12 4 2 0 1 2 1 4 1 2 2 3 4 8 7 16 5 11 7 3 17 8 7 10 16
1 1 1 0 0 0 0 0 0 0 0 0 0 0 0 0 2 4 11 22 31 22 21 47 41 41 29 34 40 42 55 49 54 57 45 43 42 36 38 17 28 21 27 35 9 17 31 24 11 8 10 13 9 11 5 14 26 13 17 24 26 49 58 62 63 60 44 34 42 31 45 20 7 2 0 0 1 3 3 2 3 3 4 2 4 8 7 20 15 15 8 22 12 3 7 7
2 1 1 0 0 0 0 0 0 0 0 0 0 0 0 0 2 3 5 7 11 43 47 37 47 55 49 33 38 45 46 41 48 53 31 42 36 37 43 15 39 33 21 38 8 12 26 20 22 20 7 5 17 13 9 14 17 14 39 28 57 42 44 72 81 52 47 23 49 22 14 10 2 2 2 1 1 4 4 4 6 4 5 4 5 3 8 21 34 43 9 8 16 7 12 21
1 1 0 0 0 0 0 0 0 0 0 1 1 1 1 0 1 1 2 8 13 24 33 29 23 36 50 32 43 29 39 42 44 56 43 51 36 42 30 28 16 26 12 28 7 6 15 12 14 18 17 6 6 3 9 5 6 23 25 25 37 29 55 64 68 76 47 20 11 13 8 2 1 2 5 4 2 3 7 7 13 6 5 5 7 6 4 3 5 12 32 29 20 12 14 22
1 0 0 0 0 0 0 0 0 0 0 1 1 2 1 1 2 2 2 7 13 26 21 32 39 49 37 28 34 31 18 21 35 34 25 42 22 38 29 24 24 23 51 31 11 12 23 31 12 6 8 6 2 8 3 6 15 44 37 67 69 52 37 46 46 32 37 36 18 9 3 1 1 6 3 9 3 3 8 14 10 16 9 7 7 6 10 7 6 9 20 17 16 48 17 27
0 0 0 0 0 0 0 0 0 0 1 1 1 1 2 1 3 4 4 4 9 6 12 17 20 32 26 20 22 23 33 32 19 16 10 54 33 51 18 27 20 16 47 32 22 12 33 23 16 12 5 21 7 21 13 23 27 12 26 35 43 39 24 35 49 38 45 20 20 10 5 1 3 4 5 9 12 4 5 10 13 21 12 19 11 5 7 12 4 1 4 5 6 22 29 21
0 0 0 0 0 0 0 0 0 1 1 1 2 2 4 3 3 8 6 14 23 25 37 42 46 39 39 51 57 42 45 51 44 32 38 33 58 39 20 19 14 11 9 33 18 6 13 14 17 9 18 20 30 43 77 67 65 56 61 39 40 42 48 58 48 38 32 22 15 7 2 1 3 5 11 9 12 9 11 20 13 24 17 23 14 7 7 13 20 5 10 11 7 5 6 11
1 0 0 0 0 0 0 1 1 1 1 2 1 4 6 3 1 2 14 22 36 32 46 58 66 70 67 59 79 64 49 39 33 20 12 13 24 30 25 16 16 7 7 16 9 6 5 12 7 11 4 2 3 5 18 34 78 79 64 58 42 41 23 54 41 30 28 18 5 3 1 1 5 7 5 8 12 20 13 22 15 8 29 28 17 8 9 19 18 8 11 17 14 26 30 40
1 0 0 0 1 1 1 1 1 1 1 1 3 4 4 7 2 2 4 9 25 45 24 49 48 63 71 56 11 26 43 30 18 16 25 28 29 16 31 14 12 9 2 10 8 9 3 4 2 10 6 5 5 5 7 7 22 55 71 76 82 43 39 29 25 24 24 20 14 3 2 3 10 10 10 12 31 24 25 26 26 10 12 41 26 10 10 14 14 11 17 10 22 27 38 46
0 0 1 1 1 1 1 1 2 2 1 1 2 3 3 6 4 1 4 8 15 22 19 40 31 30 26 17 14 14 25 21 18 25 20 13 22 31 33 4 10 10 4 7 7 2 1 9 8 6 12 9 14 17 22 25 32 49 45 34 49 79 60 48 41 38 38 21 12 3 3 9 11 18 19 14 27 32 26 19 18 19 7 25 41 20 20 9 24 13 23 23 16 30 31 23
0 0 1 1 2 2 2 2 2 2 1 1 2 3 5 3 11 1 2 2 6 5 14 16 22 35 32 36 39 26 34 20 18 32 27 20 16 13 5 6 9 11 34 10 5 4 2 3 7 8 13 29 12 22 44 27 23 21 27 20 21 39 59 58 47 31 32 20 7 2 5 11 12 19 21 23 17 43 29 42 23 34 23 21 59 30 36 16 26 25 25 39 25 27 24 33
0 1 1 1 2 3 2 3 3 3 2 2 3 4 9 7 7 3 3 5 4 4 13 15 23 33 38 33 32 49 39 48 37 59 16 12 13 17 13 12 26 21 8 6 21 7 4 4 4 24 32 11 19 26 22 23 38 35 47 30 28 24 26 31 33 26 16 15 6 4 6 13 15 25 19 19 20 29 37 47 35 23 37 22 59 23 25 29 18 43 27 27 30 20 23 23
1 1 3 2 3 2 2 3 6 6 2 1 3 3 11 29 3 3 3 11 12 13 11 13 21 20 32 22 26 35 35 29 24 23 26 22 22 24 22 13 7 5 3 2 5 6 9 5 23 40 10 4 8 25 33 29 23 38 25 25 32 26 25 18 17 16 13 8 5 6 12 15 16 19 19 20 24 28 42 35 35 31 34 49 61 26 27 31 20 44 29 14 37 15 9 19
2 2 2 4 4 2 4 5 8 10 3 1 2 5 10 11 5 5 3 9 16 15 15 10 11 9 22 27 28 36 25 21 27 23 23 22 20 16 13 9 9 5 3 2 2 1 1 16 5 14 7 5 8 9 20 70 44 49 39 35 28 27 23 18 14 13 11 6 5 6 12 16 12 19 18 30 37 23 29 53 43 49 48 47 60 43 46 21 45 41 14 21 32 14 18 23
3 3 3 9 5 3 3 6 9 18 4 2 5 6 10 21 11 6 5 14 20 31 19 23 22 8 14 20 23 19 25 17 22 23 22 12 10 5 6 9 16 13 15 9 5 10 8 5 2 4 8 21 25 23 32 20 31 36 48 49 38 26 22 21 17 15 11 5 3 11 15 17 21 21 34 30 28 40 27 23 37 37 38 51 26 84 50 20 33 38 10 23 19 37 21 27
4 7 4 12 7 3 3 8 10 14 3 3 6 8 13 15 22 2 12 19 22 39 24 26 26 33 20 16 11 13 15 26 38 27 9 21 10 16 9 11 12 13 8 4 4 6 3 2 5 11 15 15 25 28 39 14 10 12 14 29 26 29 26 26 23 22 17 7 3 12 14 13 23 27 34 15 27 20 38 18 27 23 39 24 47 74 34 22 50 22 12 23 23 31 35 33
4 5 9 11 9 8 5 6 14 27 4 7 9 13 13 25 5 4 14 20 31 40 46 27 48 32 33 32 20 20 12 46 49 29 30 18 15 20 12 8 14 6 6 3 3 5 5 4 3 8 13 13 28 32 33 12 23 30 34 41 38 36 37 41 33 32 21 8 3 15 17 15 34 23 28 42 41 30 17 32 22 31 34 43 34 57 50 40 44 23 20 30 17 19 9 41
2 3 10 11 11 11 7 7 14 18 6 10 14 31 34 15 4 3 15 21 22 45 42 50 33 34 51 38 32 30 30 38 51 43 30 33 31 16 30 14 7 11 3 1 2 4 3 3 5 6 11 14 24 23 29 31 34 42 44 49 53 58 44 34 22 16 17 5 7 18 26 20 34 37 27 30 41 30 33 12 43 14 19 40 45 57 65 73 41 23 33 27 32 35 22 47
5 5 13 17 24 14 8 10 20 24 6 7 19 37 23 6 3 9 14 19 34 39 41 44 47 35 48 39 50 49 47 36 15 22 30 26 27 12 22 17 15 9 5 3 6 4 2 7 5 2 3 11 24 41 30 31 51 51 50 35 56 39 21 27 28 21 9 6 5 16 35 22 32 37 44 34 42 29 35 29 20 42 22 9 12 36 57 70 36 45 34 31 27 46 20 21
5 7 8 13 34 22 9 13 17 26 5 6 20 36 16 7 4 10 21 21 23 26 33 41 57 34 39 38 30 48 51 36 32 25 23 14 18 15 18 12 11 6 5 7 9 7 4 6 2 1 3 16 27 18 43 48 26 33 24 28 25 22 36 39 22 19 16 5 8 9 39 27 27 27 34 45 34 34 18 31 15 46 27 22 13 10 29 46 54 68 41 37 29 37 15 18
6 15 11 10 16 33 13 16 33 10 7 7 13 43 22 9 4 14 21 23 34 45 43 56 54 47 26 30 48 42 22 45 69 49 21 18 12 15 20 12 7 10 9 4 5 3 3 2 6 6 8 14 18 33 47 32 47 34 34 39 33 30 29 24 25 24 12 7 6 15 15 42 27 25 30 32 51 47 31 52 20 18 30 28 20 17 17 33 52 56 40 40 33 35 22 30
8 11 23 20 9 26 8 20 53 10 10 21 27 36 12 11 2 7 25 29 44 35 38 58 55 52 43 17 14 16 21 20 25 10 10 16 28 14 11 18 13 9 5 3 2 1 2 3 7 12 12 13 20 33 53 51 53 41 34 43 38 42 43 27 28 25 11 9 10 27 27 28 48 23 27 29 54 45 32 23 39 19 15 36 35 20 22 23 40 52 58 36 31 22 39 17
9 13 26 36 16 37 11 20 56 26 12 30 35 24 10 3 3 5 12 29 49 47 38 39 47 55 37 17 19 17 20 20 21 18 11 7 12 15 23 16 11 7 3 4 4 2 2 2 0 1 9 12 11 24 27 21 29 47 48 43 46 27 30 28 23 24 21 5 11 27 32 26 32 13 35 34 35 51 59 44 49 26 18 17 34 24 16 27 44 79 71 35 22 19 37 15
10 13 14 39 19 35 21 17 25 36 16 39 35 8 3 6 8 11 21 36 36 39 48 26 35 44 57 20 17 16 24 23 20 21 15 18 13 14 9 3 3 7 4 4 6 2 2 0 3 5 8 18 33 35 26 51 51 70 51 34 43 44 44 41 40 22 20 11 16 31 27 40 52 27 22 48 37 51 43 36 55 22 28 28 50 26 12 17 15 36 58 31 27 14 47 30
10 11 9 25 51 23 39 17 43 22 44 23 9 4 9 9 17 11 41 49 27 37 39 41 16 32 44 54 25 25 15 24 16 10 8 9 12 6 5 4 3 2 1 1 2 1 2 1 3 4 4 12 14 29 41 45 30 55 41 25 31 38 39 38 22 19 14 25 26 31 34 42 11 34 43 48 44 31 52 25 62 26 28 21 26 49 30 31 37 31 47 23 44 17 25 48
24 15 10 14 24 40 44 22 60 35 34 8 5 9 13 20 20 14 16 16 30 32 36 57 50 28 35 13 30 43 13 22 12 9 13 13 18 9 7 4 4 3 6 4 1 0 0 1 3 5 7 15 17 18 30 30 30 30 22 8 23 32 31 29 18 14 14 25 27 30 33 50 17 16 9 16 40 56 68 24 53 41 29 28 17 16 56 24 38 37 38 42 19 16 30 44
17 24 18 14 14 26 57 28 30 14 8 2 7 13 25 34 33 13 17 19 31 34 29 12 17 16 17 26 11 15 34 51 26 17 7 17 5 6 9 2 3 3 2 1 1 3 2 2 3 5 8 7 9 16 20 26 19 38 28 31 43 32 34 21 29 28 18 29 29 32 30 47 16 29 17 23 21 16 36 38 23 52 29 32 18 38 42 13 33 50 49 41 19 18 17 23
18 29 20 26 36 43 45 27 30 8 11 7 13 27 27 35 38 24 28 29 32 33 26 18 15 19 16 10 11 20 13 16 19 31 26 34 6 4 4 4 5 2 3 3 1 1 2 2 3 6 14 8 9 15 30 14 32 54 61 52 46 33 36 36 30 28 29 42 29 31 31 38 22 33 30 24 35 30 35 51 17 49 28 46 17 15 34 10 15 22 49 32 11 19 19 43
20 32 26 32 39 50 46 11 7 4 14 13 23 27 30 39 26 47 41 27 32 30 27 29 32 20 20 13 14 31 16 4 4 5 6 19 24 11 12 21 11 7 3 2 2 1 0 2 7 6 11 4 6 16 21 24 41 68 35 38 48 29 35 30 29 29 32 47 30 30 31 34 31 31 41 22 34 31 30 30 47 73 35 45 29 10 37 19 7 13 28 39 18 24 16 6
22 40 42 36 66 54 12 8 12 14 26 23 18 36 29 45 17 31 60 20 34 26 15 20 29 36 11 17 20 21 37 11 8 4 4 3 4 3 5 16 19 6 4 5 4 3 1 2 5 4 4 5 10 16 31 32 34 40 37 24 47 39 28 11 32 18 20 54 33 30 43 31 45 29 40 32 30 34 29 22 21 13 57 54 38 13 15 18 10 7 16 42 21 24 29 16
23 32 60 51 65 15 13 12 14 24 29 28 39 48 19 36 18 27 33 53 19 38 14 12 15 29 24 24 21 13 7 21 5 9 6 4 4 4 3 5 7 3 2 4 1 1 1 2 2 4 4 4 3 12 25 40 19 44 61 52 27 22 16 9 43 29 28 43 40 27 43 30 60 37 36 42 25 26 38 24 18 11 35 39 38 17 7 41 13 10 21 33 45 31 20 21
15 34 62 77 48 7 14 24 26 27 44 51 27 34 25 20 45 18 27 28 25 24 22 15 17 22 19 32 20 20 25 15 21 7 9 6 4 3 2 5 4 2 1 1 1 1 2 5 2 3 5 3 7 16 32 31 62 41 31 48 32 16 6 17 23 50 28 32 41 24 30 29 48 40 26 37 37 23 25 38 26 7 18 45 48 21 6 19 18 11 22 14 52 34 12 42
17 39 68 50 9 9 27 26 18 48 33 61 20 38 25 16 21 59 17 28 46 21 37 14 13 28 29 23 21 30 14 16 25 7 9 7 5 6 1 5 4 1 3 4 3 2 4 4 4 6 9 10 14 13 17 29 43 33 37 35 31 16 9 24 19 34 26 28 40 27 26 27 28 49 24 23 43 26 24 24 34 12 16 21 38 18 9 14 28 15 9 10 10 31 20 21
17 53 50 28 12 18 29 32 19 39 17 56 24 33 48 16 36 58 14 34 54 16 44 15 11 27 33 32 11 7 25 7 7 17 27 15 3 5 2 3 2 1 1 1 2 2 2 3 6 8 7 5 6 8 11 16 26 36 23 44 35 19 16 24 29 40 17 22 31 40 22 21 12 34 26 21 28 32 24 19 8 7 28 14 36 21 12 7 12 31 5 15 29 28 20 5
20 43 46 33 14 18 34 49 17 25 19 44 20 27 58 19 33 54 22 16 26 32 27 17 11 14 14 21 22 26 8 14 5 4 1 16 14 3 2 3 2 2 3 3 2 3 2 4 4 7 6 10 9 10 12 15 12 23 24 15 19 25 22 22 23 30 34 25 30 41 12 24 13 20 34 20 25 11 9 22 12 11 9 12 37 46 13 6 11 27 4 6 24 31 30 11
34 34 53 22 15 26 27 36 17 25 20 24 35 15 50 16 16 40 21 12 13 13 58 30 10 9 10 10 16 16 26 11 4 8 2 2 13 3 2 2 1 3 6 4 1 2 1 2 4 7 10 8 7 5 6 16 24 43 28 13 7 21 22 20 22 23 44 18 31 40 12 18 21 21 40 3 16 25 11 8 23 9 8 9 14 32 12 5 6 30 7 5 5 28 55 34
69 39 16 15 23 24 25 28 17 44 25 14 36 13 44 16 13 24 22 10 11 20 42 23 7 11 8 19 18 21 15 12 11 8 1 3 3 8 1 2 3 4 2 3 3 3 2 1 3 7 11 14 10 8 13 19 26 43 40 17 6 27 22 14 22 22 29 21 16 38 19 10 12 31 37 12 9 9 25 6 13 27 10 8 38 31 5 11 2 27 17 7 4 3 8 13
19 7 15 13 19 22 36 26 28 31 19 12 54 14 14 40 13 35 30 8 9 16 16 47 14 14 7 16 22 20 12 7 10 16 4 3 2 9 2 2 2 2 2 1 1 2 3 2 4 11 8 9 11 9 10 15 10 31 35 6 11 17 28 12 19 21 16 33 11 32 23 14 16 11 26 10 11 13 12 15 5 3 25 9 14 34 8 19 4 11 42 7 15 9 5 3
34 16 33 23 19 22 43 21 41 34 9 16 34 18 17 39 10 12 48 7 17 14 9 36 8 14 16 11 11 12 17 17 2 6 4 3 1 2 12 2 1 2 2 3 3 1 1 3 10 9 19 15 4 8 14 2 11 19 13 6 11 33 30 11 9 23 16 26 11 14 55 10 19 21 13 10 15 10 18 11 17 8 6 19 5 23 24 20 7 11 52 11 7 5 13 5
69 26 13 26 25 26 27 19 42 24 15 17 13 18 14 24 9 8 38 12 16 12 5 13 19 16 12 7 8 8 10 9 12 3 3 9 2 2 3 4 1 3 3 3 2 2 2 1 8 3 1 2 2 8 10 26 18 13 11 11 8 24 17 11 11 19 30 8 28 6 33 10 16 20 5 8 16 6 9 15 14 14 6 2 4 3 18 36 11 7 21 10 9 5 11 7
78 25 15 20 17 23 10 18 23 9 14 15 17 20 11 26 11 10 27 7 7 19 6 3 2 4 4 3 11 23 8 9 9 1 3 1 5 2 2 13 2 2 1 2 3 1 4 2 23 4 4 3 4 4 16 28 16 5 5 21 8 6 18 12 18 10 35 9 33 7 12 19 10 21 6 13 7 9 6 5 11 15 6 4 4 4 2 4 13 22 14 12 8 4 13 7
58 18 11 23 12 12 12 14 24 8 14 11 10 25 9 30 10 19 15 7 5 11 9 4 4 5 5 6 7 9 14 8 3 3 1 1 1 2 1 6 1 1 1 2 2 1 5 7 1 3 5 5 1 10 20 23 13 8 3 19 12 8 5 22 16 19 25 10 27 12 8 10 21 26 7 6 10 4 7 2 2 10 4 6 4 3 3 2 1 5 20 8 4 6 13 8
60 17 30 13 14 11 11 11 15 7 11 13 6 29 21 7 10 11 17 8 11 5 13 6 11 10 7 9 5 5 6 5 6 3 1 2 1 1 2 3 2 0 1 1 1 1 2 8 1 1 2 3 5 19 23 19 13 11 3 6 19 8 14 8 17 31 12 21 5 15 32 5 19 36 9 2 7 3 4 2 7 5 7 5 2 1 2 3 3 2 6 13 9 2 9 3
55 23 13 11 11 13 19 9 17 6 9 9 9 11 27 4 4 4 8 2 10 5 9 10 10 10 8 10 10 2 3 4 9 5 1 1 5 1 1 3 6 0 1 1 1 3 3 6 1 1 1 3 10 12 18 12 3 9 9 4 17 7 12 12 4 9 10 13 6 7 26 6 10 18 1 3 3 6 7 3 1 5 1 2 4 0 1 1 3 3 3 1 10 3 5 1
11 31 6 12 9 10 13 8 29 7 7 12 8 3 15 8 6 4 15 5 5 8 8 11 8 4 9 9 10 2 3 3 5 3 4 1 1 3 1 0 3 0 1 1 0 7 12 2 1 1 3 6 10 12 20 8 4 11 8 8 14 8 4 3 11 9 4 13 5 6 17 12 19 8 1 4 2 1 2 6 2 2 2 3 4 1 2 2 2 1 2 4 4 6 5 1
11 35 10 7 4 8 11 10 6 12 6 8 8 4 5 6 6 4 31 4 3 4 6 18 4 4 6 10 8 3 3 3 5 4 5 3 1 1 2 0 3 1 1 0 0 2 1 3 1 4 3 8 12 18 10 4 6 11 6 11 16 12 20 5 5 8 4 15 3 5 4 8 15 3 1 1 2 2 4 3 3 1 0 4 3 5 3 2 1 1 1 0 1 9 3 1
10 34 25 2 5 5 15 9 5 11 5 4 2 3 2 8 1 6 5 2 3 3 6 4 9 5 4 5 4 4 2 4 5 4 3 2 2 1 2 1 3 0 1 1 1 1 3 10 2 2 6 16 21 19 3 5 9 13 8 12 6 17 8 14 8 4 3 4 3 5 6 12 6 6 3 4 0 4 5 2 3 1 0 2 2 10 8 2 1 1 1 1 0 2 3 3
4 6 25 2 5 3 9 8 3 9 7 2 1 4 3 10 3 5 4 5 3 2 6 8 5 2 2 3 4 7 1 2 3 6 3 1 2 4 1 2 4 1 1 1 1 1 0 6 7 6 13 23 19 5 3 11 13 11 8 12 12 7 3 5 13 1 3 4 4 2 4 5 4 8 3 3 2 6 3 1 6 9 2 3 1 1 3 2 1 1 0 1 1 3 1 3
4 8 19 4 5 1 2 4 4 3 5 2 0 2 4 16 3 2 4 1 3 5 5 6 3 1 2 2 4 3 2 3 5 3 1 0 2 3 3 1 2 1 1 2 1 1 2 19 11 29 41 30 2 3 5 5 9 10 5 7 12 3 8 6 4 10 21 3 2 1 1 9 2 5 6 4 4 7 6 3 5 18 3 4 1 1 1 3 8 4 2 1 3 2 1 6
4 4 16 4 6 2 2 3 1 4 5 3 1 2 2 6 3 1 4 2 3 3 3 1 3 1 5 1 2 5 2 2 5 5 2 1 3 1 1 2 0 1 0 1 7 20 39 13 15 17 10 2 3 4 6 6 7 7 4 3 3 3 5 5 1 9 4 0 0 3 2 3 8 3 8 6 5 5 7 3 5 7 2 4 2 2 2 1 1 2 2 4 1 3 5 12
5 2 1 11 2 1 0 1 1 2 9 2 2 1 1 4 1 1 5 1 2 2 2 2 1 1 1 1 0 3 2 2 2 2 1 2 1 1 0 1 0 1 0 16 10 14 44 49 19 5 2 3 3 6 5 4 6 6 4 1 0 1 4 10 9 17 2 1 1 5 8 3 3 1 9 3 8 3 7 2 4 5 4 6 3 3 1 0 1 1 1 1 3 1 4 5
4 3 2 11 0 1 1 1 4 0 4 1 1 2 2 3 1 2 4 2 1 1 1 3 1 2 0 3 0 1 1 2 3 3 1 1 4 2 0 1 2 18 28 30 41 15 25 54 31 1 2 3 4 3 1 2 3 2 2 0 0 3 12 16 11 4 2 6 6 3 5 6 1 1 3 3 7 6 16 18 25 10 3 4 3 3 2 0 1 2 1 1 1 3 7 6
2 1 1 15 1 0 1 1 4 0 1 3 1 1 1 3 1 2 5 2 1 1 1 3 1 2 1 2 2 2 1 2 2 2 2 2 2 1 1 4 12 27 50 37 51 58 48 32 1 1 4 3 3 3 1 1 5 7 2 1 1 5 12 7 4 3 4 5 4 2 6 11 22 3 2 3 3 5 8 5 2 4 5 12 7 4 2 1 2 1 3 2 1 2 10 2
2 1 1 2 4 3 1 1 4 1 1 3 0 1 1 0 1 1 2 1 0 0 0 1 0 2 2 1 3 1 1 1 1 3 1 2 1 0 2 6 5 6 21 49 60 50 2 1 3 2 2 1 2 2 2 1 1 14 3 3 2 3 2 6 4 2 5 5 3 12 9 15 2 2 3 6 6 5 6 5 6 6 6 3 5 1 2 1 2 0 0 3 1 2 8 2
2 1 0 1 6 1 1 0 1 0 0 1 1 0 0 0 1 0 1 1 1 0 0 0 1 2 1 1 2 1 1 1 1 1 1 2 1 0 2 4 2 8 8 5 5 1 4 6 3 3 1 1 1 0 1 2 1 4 4 2 2 3 1 3 1 2 2 5 7 14 3 2 3 4 4 4 12 5 7 5 8 6 6 5 5 1 2 1 2 1 3 2 1 1 2 1
1 1 1 0 3 0 0 1 2 1 0 0 2 0 0 0 0 0 1 1 0 0 0 1 2 1 1 1 1 1 1 2 2 2 1 1 1 1 5 4 23 27 7 2 3 3 1 2 2 1 1 0 1 0 1 2 1 7 2 1 1 1 3 2 0 2 2 9 9 0 2 0 1 4 9 9 6 6 3 4 5 4 5 5 3 2 2 2 1 1 2 2 1 2 1 1
0 0 1 1 2 0 1 0 1 0 0 0 1 0 0 0 0 1 0 1 0 0 0 0 1 1 1 1 0 1 0 1 1 1 1 1 1 1 3 2 3 7 4 4 4 2 2 3 5 3 1 0 0 0 1 3 1 3 2 1 1 1 1 1 0 1 3 7 1 0 1 2 1 1 2 6 7 9 2 4 4 4 6 1 3 2 2 2 2 1 1 2 1 0 0 0
2 0 1 3 3 0 0 0 1 0 0 0 0 0 1 0 0 0 0 0 0 0 0 0 1 2 1 0 0 0 0 0 1 0 1 1 1 1 5 1 2 6 2 3 1 3 1 0 1 4 2 0 0 1 0 1 2 0 2 0 0 2 2 0 1 3 5 7 1 0 0 2 2 1 2 3 6 3 2 2 3 4 3 3 1 1 3 2 1 1 2 1 1 0 0 0
1 0 0 0 0 1 0 0 0 0 0 0 0 0 0 0 0 0 0 0 0 0 0 1 1 1 1 0 0 0 0 0 0 0 1 1 2 9 3 23 20 8 2 1 0 4 3 1 1 3 1 1 0 0 1 0 3 2 0 0 0 1 2 1 3 4 4 6 0 1 1 2 8 1 1 3 3 2 1 1 3 2 1 1 1 3 1 2 0 1 0 0 0 0 0 0
0 1 0 0 0 1 0 0 0 0 0 0 0 0 0 0 0 0 1 0 0 0 0 1 0 0 0 0 0 0 0 0 0 0 1 2 5 6 21 10 7 9 4 1 1 2 0 0 0 1 2 1 1 0 1 1 0 3 1 0 1 3 1 0 2 2 2 4 1 1 2 1 2 1 1 1 2 3 2 1 0 0 0 0 1 1 0 1 0 0 0 0 0 0 0 0
0 1 1 0 0 1 0 1 0 0 0 0 0 0 0 0 0 0 0 0 0 0 0 0 0 0 0 0 0 0 0 0 0 0 1 8 13 25 51 14 2 1 2 1 1 0 2 5 1 3 4 1 1 2 1 2 0 1 1 1 0 3 1 1 2 2 2 4 1 1 1 1 1 0 0 0 1 2 7 2 0 0 1 1 0 0 0 0 0 0 0 0 0 0 0 0
