sesion_6_simulaciones/modelos_agentes/ejemplos_netlogo/scenarios/echam4_b2/rob_2016.asc
NCOLS 322 
NROWS 307 
XLLCORNER 451900 
YLLCORNER 4086900 
CELLSIZE 100 
NODATA_value -9999 
[rows 225 to 299 of 307, columns 96 to 191 of 322]
0 0 0 0 0 0 0 0 0 0 0 0 0 0 0 0 0 0 0 0 0 0 0 0 0 0 0 0 0 1 1 0 0 0 0 0 0 0 0 0 0 0 0 0 0 0 0 0 1 1 2 3 7 10 5 7 10 13 17 17 41 61 41 47 59 87 77 59 65 61 74 62 41 29 50 60 53 52 60 65 49 32 14 26 55 52 25 20 12 7 22 20 12 8 3 2
0 0 0 0 0 0 0 0 0 0 0 0 0 0 0 0 0 0 0 0 0 0 0 0 0 0 0 0 0 1 0 0 0 0 0 0 0 0 0 0 0 0 0 0 0 0 0 1 1 1 2 4 5 6 7 10 19 19 17 26 15 27 52 49 54 87 67 72 45 76 62 63 48 29 58 70 64 45 59 80 45 45 57 37 30 14 14 20 13 13 5 6 7 4 1 1
0 0 0 0 0 0 0 0 0 0 0 0 0 0 0 0 0 0 0 0 0 0 0 0 0 0 1 1 1 0 0 0 0 0 0 0 0 0 0 0 0 0 0 0 0 0 0 0 1 1 1 2 2 3 5 9 22 26 25 15 19 35 37 51 73 59 55 66 81 67 60 65 65 22 27 52 55 64 75 37 73 58 74 47 62 28 33 19 9 5 4 6 3 2 1 0
0 0 0 0 0 0 0 0 0 0 0 0 0 0 0 0 0 0 0 0 0 0 0 1 0 0 0 1 1 0 0 0 0 0 0 0 0 0 0 0 0 0 0 0 0 0 0 0 1 1 2 2 3 4 4 10 18 41 22 22 16 38 54 71 55 49 53 52 40 57 71 45 32 22 27 45 67 61 82 59 31 24 36 49 30 30 22 16 7 6 4 2 1 1 1 1
0 0 0 0 0 0 0 0 0 0 0 0 0 0 0 0 0 0 0 0 0 0 0 0 0 0 0 2 1 0 1 0 0 0 0 0 0 0 0 0 0 0 0 0 0 0 0 0 1 1 1 1 2 2 7 11 8 9 8 20 13 15 22 35 26 16 32 47 40 54 32 50 47 36 47 30 32 68 43 54 41 26 21 22 11 12 15 15 6 5 2 1 1 1 1 1
0 0 0 0 0 0 0 0 0 0 0 0 0 0 0 0 0 0 0 0 0 0 0 0 1 0 0 1 2 3 1 0 0 0 0 0 0 0 0 0 0 0 0 0 0 0 0 0 0 0 0 1 1 2 5 3 4 5 7 9 11 13 16 22 29 45 55 66 52 55 69 70 50 31 45 64 34 64 54 60 57 46 30 44 22 6 7 4 3 3 1 1 0 1 1 0
0 0 0 0 0 0 0 0 0 0 0 0 0 0 0 0 0 0 0 0 0 0 0 0 0 1 0 0 3 2 1 0 0 0 0 0 0 0 0 0 0 0 0 0 0 0 0 0 0 0 1 1 1 2 1 2 1 2 2 3 4 4 5 20 33 38 26 49 54 52 56 53 46 33 36 58 55 45 49 68 57 50 45 37 20 13 5 4 2 2 1 1 0 0 0 0
0 0 0 0 0 0 0 0 0 0 0 0 0 0 0 0 0 0 0 0 0 0 0 0 1 1 0 0 2 2 1 1 0 0 0 0 0 0 0 0 0 0 0 0 0 0 0 0 1 1 2 2 1 1 1 2 1 2 5 8 7 12 11 11 10 13 23 29 31 50 68 75 74 42 47 44 72 54 59 47 43 48 43 30 21 29 16 5 3 1 1 0 1 0 0 0
0 0 0 0 0 0 0 0 0 0 0 0 0 0 0 0 0 0 0 0 0 1 0 0 0 1 1 1 3 3 2 1 0 0 0 0 0 0 0 0 0 0 0 0 0 1 0 0 1 1 2 4 3 2 2 3 7 9 12 26 24 23 22 18 25 46 33 31 31 43 65 66 69 71 58 67 76 45 60 40 58 54 40 48 26 15 14 10 10 2 1 0 0 0 0 0
0 0 0 0 0 0 0 0 0 0 0 0 0 0 0 0 0 0 0 0 0 0 0 0 0 1 3 3 2 1 1 0 0 0 0 0 0 0 0 0 0 0 0 0 0 0 1 1 1 1 2 2 3 5 5 8 11 14 29 32 24 27 39 32 24 21 36 49 29 41 24 30 31 30 65 32 41 74 51 36 16 27 60 51 24 17 21 7 7 2 2 1 0 0 0 0
0 0 0 0 0 0 0 0 0 0 0 0 0 0 0 0 0 0 0 0 0 0 1 0 0 1 1 4 1 1 0 0 0 0 0 0 0 0 0 0 0 0 0 0 0 1 1 1 2 1 2 3 5 12 6 10 15 20 23 37 40 57 52 53 44 28 39 45 65 50 49 44 54 47 83 48 29 30 33 31 17 6 50 56 31 26 26 21 6 4 2 1 1 1 0 0
0 0 0 0 0 0 0 0 0 0 0 0 0 0 0 0 0 0 0 0 0 0 1 0 0 1 1 4 2 1 0 0 0 0 0 0 0 0 0 0 0 0 0 0 1 1 2 2 2 5 5 7 9 11 12 11 16 21 44 44 50 54 49 65 70 47 35 43 49 47 73 60 50 59 56 65 52 60 59 41 35 20 11 35 28 27 31 15 4 2 1 1 1 0 0 0
1 0 0 0 0 0 0 0 0 0 0 0 0 0 0 0 0 0 0 0 0 1 0 1 0 1 1 3 2 1 0 0 0 0 0 0 0 0 0 0 0 0 0 1 1 1 4 4 3 2 10 20 31 17 16 8 17 20 44 40 69 61 54 50 52 52 31 53 41 75 44 46 56 61 42 35 38 40 41 34 25 20 16 12 19 10 4 8 5 2 1 0 0 0 0 0
0 0 0 0 0 0 0 0 0 0 0 0 0 0 0 0 0 0 0 0 0 0 1 2 1 1 2 4 3 1 1 0 0 0 0 0 0 0 0 0 0 0 0 1 2 3 5 6 7 5 7 14 22 26 20 10 18 26 20 43 70 66 29 73 36 58 54 49 41 62 53 27 45 69 68 57 56 59 57 51 56 24 18 12 8 3 5 4 2 2 1 0 0 0 0 0
0 0 0 0 0 0 0 0 0 0 0 0 0 0 0 0 0 0 0 0 1 0 1 3 2 2 3 4 2 2 1 0 0 0 0 0 0 0 0 0 0 0 1 1 2 4 5 8 9 13 10 18 34 39 30 12 21 32 44 42 56 63 26 59 64 61 69 41 54 49 42 52 68 59 48 39 37 43 45 21 36 37 33 11 10 5 2 2 1 0 0 0 0 0 0 0
0 0 0 0 0 0 0 0 0 0 0 0 0 0 0 0 0 0 0 1 1 0 1 3 3 1 1 12 6 1 1 0 0 0 0 0 0 0 0 0 1 1 1 1 3 3 7 10 14 23 14 25 39 27 39 13 22 32 37 56 51 54 58 56 64 69 64 63 55 47 57 63 67 61 49 41 35 46 42 29 24 20 37 28 10 10 5 2 1 0 0 0 0 0 0 0
0 0 0 0 0 0 0 0 0 0 0 0 0 0 1 1 0 0 0 1 1 1 1 3 6 2 2 14 4 2 2 1 0 0 0 0 0 0 0 0 1 1 1 2 3 4 13 14 19 25 28 26 22 37 67 31 17 37 55 46 35 34 37 63 69 66 64 77 57 46 49 55 71 66 66 57 57 73 58 45 33 25 21 15 14 12 5 2 1 1 0 0 0 0 0 0
0 0 0 0 0 0 0 0 0 0 0 0 0 0 1 1 0 0 1 1 1 2 2 5 10 11 9 14 7 3 1 1 0 0 0 0 0 0 0 1 1 1 2 2 2 4 10 20 27 26 34 40 42 45 78 54 43 13 33 70 57 54 41 45 38 70 77 77 55 55 41 73 69 52 53 43 53 74 55 37 42 16 11 7 7 5 6 3 1 1 1 0 0 0 0 0
0 0 0 0 0 0 0 0 0 0 0 1 0 1 1 2 0 0 1 1 1 2 3 6 15 26 10 15 3 2 2 0 0 0 0 0 0 1 0 1 1 1 2 3 4 8 13 15 29 37 41 44 56 72 79 77 36 20 44 63 73 57 50 55 56 52 45 51 53 51 72 71 41 63 38 42 32 53 42 36 24 23 31 11 5 3 1 1 1 1 0 0 0 0 0 0
0 0 0 0 0 0 0 0 0 0 1 0 1 1 1 2 1 1 0 2 4 3 3 7 17 13 6 3 1 1 1 0 0 0 0 0 0 1 1 1 1 2 1 7 4 7 14 14 21 46 52 32 59 68 72 78 63 36 26 27 43 69 65 55 57 41 20 16 45 48 78 58 50 56 89 77 63 54 47 44 45 36 18 17 9 7 3 2 1 1 0 0 0 0 0 0
0 0 0 0 0 0 0 0 0 0 1 1 1 1 2 2 1 2 1 2 6 6 12 7 25 11 3 2 1 1 1 0 0 0 0 0 0 0 1 1 2 2 2 3 13 8 10 19 33 56 55 48 47 42 59 81 77 45 33 33 53 49 55 54 41 51 43 31 63 63 45 55 69 74 67 83 59 71 53 58 51 29 14 4 5 3 3 2 1 1 0 0 0 0 0 0
0 0 0 0 0 0 0 0 0 0 1 1 3 1 2 4 1 3 4 2 3 9 6 33 15 13 3 2 1 0 0 0 0 0 0 0 0 0 0 0 1 1 3 11 7 9 22 29 29 45 65 69 47 47 40 51 76 63 50 24 37 26 27 22 25 13 36 62 51 54 42 27 39 63 33 62 80 76 64 56 48 23 10 6 4 1 1 1 1 1 0 0 0 0 0 0
0 0 0 0 0 0 0 0 0 1 1 1 2 3 2 6 2 2 7 7 7 16 9 24 27 6 2 1 0 0 0 0 0 0 0 0 0 0 0 1 1 1 3 7 21 14 12 24 31 52 57 65 67 65 50 38 52 68 55 35 38 36 41 39 49 28 26 51 57 53 53 50 49 38 32 27 49 55 59 32 15 11 7 5 2 1 1 1 0 0 0 0 0 0 0 0
0 0 0 0 0 0 0 0 0 1 1 2 2 4 5 14 4 3 10 13 12 24 51 24 8 7 4 1 0 0 1 0 0 0 0 0 0 0 1 1 1 2 3 7 11 29 21 23 34 49 64 58 67 73 63 44 31 58 61 48 30 32 41 42 45 50 40 56 49 44 52 49 75 58 48 31 23 12 28 28 18 5 3 2 2 1 0 0 0 0 0 0 0 0 0 0
0 0 0 0 0 0 0 1 0 1 2 2 2 3 16 17 6 7 9 17 17 32 53 10 15 7 2 1 2 1 1 2 1 0 0 0 0 1 1 1 1 4 7 10 10 25 19 51 43 62 58 81 63 47 48 39 61 32 27 78 37 28 56 55 42 37 53 68 44 35 44 60 81 63 46 36 29 23 13 16 13 6 3 2 2 1 0 0 0 0 0 0 0 0 0 0
0 0 0 0 1 1 0 1 1 1 3 3 7 7 9 16 25 15 21 15 30 28 66 46 15 5 4 4 2 3 3 2 1 0 0 0 1 1 1 2 2 4 10 19 29 26 44 19 10 25 60 39 55 53 64 47 23 20 21 35 54 22 47 44 23 40 72 35 42 39 25 30 19 34 41 32 27 24 15 9 7 3 3 2 2 2 1 1 0 0 0 0 0 0 0 0
0 0 0 0 1 1 0 1 2 2 2 4 3 11 15 8 8 36 24 26 26 49 57 26 14 9 7 7 7 11 3 1 0 0 0 0 0 0 3 2 3 5 8 26 20 43 40 38 31 48 54 17 62 72 70 39 51 42 33 23 59 23 34 39 20 27 37 61 55 26 47 67 58 59 51 39 27 26 20 16 9 6 5 3 2 2 2 0 0 0 0 0 0 0 0 0
0 0 0 1 1 1 1 1 1 3 4 6 3 4 9 26 11 8 46 51 28 48 62 32 29 9 21 30 13 4 2 1 1 1 0 0 0 0 1 2 3 11 17 14 12 24 31 54 60 60 49 48 65 76 82 79 68 34 33 33 51 37 34 42 23 28 49 32 20 23 44 48 50 50 55 51 29 22 12 11 4 2 3 6 4 3 1 0 0 0 0 0 0 0 0 0
0 0 1 1 1 1 1 1 1 1 2 8 3 3 9 20 29 27 7 21 36 57 42 31 19 36 17 6 5 3 2 2 1 0 0 0 0 1 1 2 1 6 9 8 15 22 31 37 60 59 63 59 77 78 72 70 42 63 23 32 42 55 16 36 35 29 21 45 54 52 36 56 64 55 48 48 23 15 9 12 13 8 11 6 4 2 1 0 0 0 0 0 1 0 0 0
0 0 1 1 1 2 2 3 3 2 2 5 15 4 13 16 24 42 30 12 24 60 22 41 60 16 12 9 6 6 3 1 0 1 1 0 0 1 2 2 3 6 7 6 17 28 17 18 42 48 32 26 42 44 52 34 52 44 64 20 34 56 23 29 60 68 53 64 72 48 63 65 70 70 66 58 36 20 20 17 18 11 13 5 4 2 1 0 0 0 0 0 1 1 0 0
0 1 1 0 1 3 5 4 4 3 8 5 10 27 13 17 30 13 52 28 28 29 70 48 31 28 23 18 12 8 3 1 0 1 1 0 1 1 3 5 5 9 16 17 19 15 26 35 29 28 33 30 30 38 35 45 46 45 52 59 21 19 39 57 65 41 54 59 69 53 68 58 56 68 66 45 28 32 22 19 19 16 7 6 3 1 0 0 0 0 1 1 1 1 0 0
0 1 1 1 1 3 3 7 10 5 9 14 16 20 37 19 35 20 16 45 24 29 63 60 45 28 20 19 13 5 3 2 1 0 1 0 1 1 2 6 9 13 9 20 20 28 26 32 42 45 42 35 37 41 48 45 30 32 41 45 38 24 38 21 25 47 48 60 39 45 63 56 59 47 51 66 30 24 11 9 8 8 11 6 3 1 1 0 1 1 1 1 3 1 1 0
0 1 1 1 1 2 3 5 6 11 17 16 19 23 45 48 23 19 26 25 57 63 69 53 49 46 32 25 15 8 4 2 2 1 1 0 0 1 3 6 9 20 20 27 31 35 35 55 40 44 46 40 27 39 32 56 54 29 12 15 26 25 32 29 22 18 11 8 16 56 38 44 57 50 44 33 19 6 6 14 18 15 4 6 6 3 1 1 1 1 1 1 3 1 1 1
1 2 2 2 3 2 3 6 10 11 25 30 32 28 42 51 38 38 30 36 33 64 65 57 35 39 28 23 11 12 7 4 2 2 2 0 1 2 4 4 3 17 29 34 34 44 50 41 44 58 66 59 31 41 45 45 29 34 20 10 16 21 33 18 27 29 34 42 31 34 32 33 33 27 38 14 14 14 8 32 21 7 10 7 5 5 2 2 2 1 1 1 2 1 1 1
1 1 5 3 4 5 4 9 15 16 20 33 36 33 56 40 47 60 46 37 38 57 51 43 36 37 31 23 18 8 6 5 5 4 1 0 1 4 7 10 8 18 35 29 36 44 40 33 48 74 70 65 65 40 47 41 36 36 25 27 28 22 31 23 44 52 68 63 45 44 40 42 34 19 17 22 29 35 17 28 23 18 11 8 5 3 4 4 1 1 1 0 1 2 0 0
1 1 4 8 5 6 6 11 17 21 23 26 42 50 57 55 45 67 49 35 43 79 54 65 41 39 40 33 21 10 13 9 5 2 1 1 1 3 10 20 20 26 27 47 40 44 43 34 45 42 41 39 55 47 26 25 27 27 27 29 46 22 32 35 52 56 53 50 51 28 42 27 15 17 19 47 33 41 41 10 20 15 17 13 6 4 9 5 2 2 1 1 2 2 1 1
1 1 3 10 11 8 11 16 19 25 32 26 40 55 59 48 50 40 53 37 45 64 63 70 51 39 32 24 23 14 20 9 5 2 2 1 1 4 8 15 38 47 46 37 54 34 36 50 42 35 33 41 48 45 65 50 24 21 27 31 27 28 30 30 30 26 43 55 35 21 20 31 31 41 36 57 48 47 27 29 20 10 19 12 7 9 9 3 4 2 1 1 4 1 1 1
3 8 7 10 15 11 8 19 23 26 39 30 14 21 64 70 68 51 47 66 45 79 78 46 50 51 22 23 17 21 14 11 7 2 2 2 2 7 10 17 18 37 39 54 51 55 34 56 64 39 53 58 57 49 58 32 30 22 34 20 20 25 36 39 41 31 51 18 24 10 32 45 59 36 44 59 33 34 41 28 6 9 20 20 20 12 6 3 4 3 1 2 3 3 2 2
4 6 15 19 20 12 12 23 26 27 30 41 34 34 45 68 64 33 43 71 45 78 63 63 54 30 13 27 18 22 26 15 11 5 3 2 2 9 12 23 38 33 27 54 37 45 54 41 59 54 69 69 58 56 54 32 29 25 20 35 18 23 39 44 19 43 27 23 51 45 60 48 46 59 46 26 40 54 22 8 7 23 34 23 18 16 6 4 3 3 4 2 2 7 4 3
8 13 15 23 25 17 23 27 30 31 20 37 37 47 50 59 64 67 74 77 75 74 63 60 46 47 36 34 38 18 26 25 13 6 7 2 3 10 26 27 36 37 42 51 53 45 53 29 52 52 63 55 48 48 53 45 48 35 33 25 22 36 11 29 22 29 31 45 42 39 32 51 69 70 51 40 62 40 32 22 21 23 8 9 19 17 7 5 3 6 6 3 2 17 5 7
11 15 13 20 6 16 37 23 35 42 33 34 45 52 45 61 50 74 73 80 72 66 73 53 45 52 59 53 24 32 24 25 19 8 6 2 3 13 17 30 34 31 55 52 54 45 34 65 53 78 49 57 45 55 53 69 46 38 40 16 13 32 50 48 19 25 36 54 54 38 31 63 81 73 46 66 54 30 33 68 52 15 17 26 13 9 9 3 5 7 6 4 6 21 15 11
13 10 6 4 3 7 35 24 14 21 33 26 28 46 69 70 43 44 73 65 73 70 74 71 32 48 65 36 30 30 20 34 27 18 5 1 3 8 14 33 32 32 45 60 68 67 39 31 15 19 57 66 39 45 58 57 62 38 33 22 20 39 38 41 34 34 39 34 56 44 45 66 81 48 55 69 56 13 47 43 27 35 47 29 16 11 8 2 9 9 9 6 12 46 23 10
15 18 13 14 13 10 19 40 13 16 17 38 30 39 66 62 71 48 60 75 71 80 79 76 54 32 49 50 41 24 44 27 26 15 6 2 2 4 17 39 17 36 59 65 67 51 49 48 44 43 36 45 68 49 30 32 32 25 25 11 17 22 13 20 29 22 32 18 26 34 67 59 62 72 48 41 27 24 40 32 33 45 37 20 11 3 3 3 7 10 10 9 18 33 22 6
29 18 23 23 15 18 19 21 28 27 24 55 36 43 41 52 72 77 71 85 83 75 76 57 30 41 48 41 35 38 44 33 14 12 13 4 4 2 9 20 8 21 31 35 40 40 43 36 70 66 53 49 43 34 43 34 28 43 12 5 5 17 17 32 43 46 26 15 55 52 31 43 30 46 39 29 15 56 42 53 34 26 15 13 11 5 4 8 8 13 14 17 20 36 9 8
17 18 23 22 28 19 15 31 50 53 23 21 52 54 29 32 28 50 80 79 54 45 48 53 55 18 46 48 30 57 35 29 23 14 16 6 9 3 6 20 34 16 26 39 26 37 18 10 26 36 28 70 59 57 37 8 6 5 11 9 5 21 9 35 41 45 20 51 50 36 38 38 43 40 20 32 50 60 63 35 30 25 24 23 13 6 5 9 17 17 16 14 29 41 30 9
18 34 26 28 31 32 22 37 53 43 45 28 21 43 59 33 57 48 37 71 52 62 64 63 50 38 50 34 32 58 42 37 20 9 14 7 9 5 2 9 20 48 44 32 30 41 44 23 31 47 56 62 45 42 47 36 26 21 15 6 6 8 22 26 30 26 41 61 64 54 38 36 27 18 50 52 46 55 49 31 22 24 27 16 12 10 6 14 20 12 22 17 10 22 38 16
26 25 26 23 31 50 25 37 43 52 44 38 52 39 25 58 61 48 47 73 73 32 31 45 40 62 53 64 35 33 45 28 18 28 12 6 9 11 4 13 25 47 60 25 31 55 43 19 38 43 30 48 40 49 41 32 29 31 21 17 12 18 5 24 28 35 43 20 23 21 27 20 49 54 38 40 34 31 30 22 15 20 20 19 17 8 8 12 25 15 29 18 20 18 33 22
24 24 43 31 40 49 19 34 49 57 53 45 49 54 67 52 72 82 64 70 65 42 48 52 57 75 67 72 43 41 39 34 35 14 9 5 6 22 8 8 17 33 31 38 46 56 14 8 60 79 40 43 46 29 27 18 30 24 13 6 9 14 10 15 18 18 15 25 33 37 42 44 30 33 25 13 21 36 27 22 29 40 21 17 18 8 15 17 31 18 23 6 3 9 25 49
26 31 46 46 40 36 20 34 54 61 57 47 39 37 58 75 53 47 73 71 46 35 49 43 68 62 77 58 52 65 56 44 21 16 6 2 2 25 9 9 10 22 25 28 40 44 3 20 35 41 62 53 36 17 11 9 7 6 12 8 4 15 5 4 6 7 11 29 52 72 69 63 34 26 19 25 61 45 33 30 42 28 24 32 8 11 19 26 16 11 5 5 13 18 21 37
33 19 23 48 40 50 40 16 50 53 62 49 54 41 53 44 74 50 45 56 37 52 55 54 49 71 59 71 69 75 53 49 30 23 15 2 10 24 8 10 15 10 20 29 33 30 8 23 23 27 40 32 50 42 39 18 8 16 16 14 8 19 3 6 4 14 32 54 46 45 51 25 17 21 38 49 52 38 28 56 45 36 35 13 12 24 41 15 4 4 8 18 17 46 39 41
31 9 27 44 53 49 51 32 22 44 59 38 51 51 61 63 59 58 59 58 31 60 83 59 56 61 42 50 55 55 53 48 24 12 12 5 12 10 17 11 21 21 21 28 40 36 26 19 18 23 24 41 30 40 30 20 12 15 28 28 15 14 8 6 11 35 24 42 43 26 44 39 33 52 47 52 53 47 45 57 40 25 14 9 27 34 9 4 5 11 14 33 38 45 53 48
29 15 17 12 39 51 61 40 9 24 49 38 52 44 73 69 61 29 44 57 42 67 67 59 53 28 58 62 60 53 51 35 33 24 12 11 12 8 13 10 4 18 17 30 32 40 50 63 52 45 40 56 47 28 16 8 20 12 17 27 27 7 6 8 30 38 16 28 22 25 29 53 65 70 45 32 62 58 43 34 22 28 7 21 24 9 2 11 13 22 27 31 38 55 60 54
42 28 34 10 41 60 59 37 12 8 11 39 58 37 43 61 45 55 62 68 57 36 62 62 46 41 63 67 56 47 36 28 35 24 23 22 22 6 18 12 6 7 14 22 30 25 22 21 22 22 17 37 19 13 17 35 38 18 13 6 7 3 10 19 27 28 19 19 26 17 32 58 64 61 53 47 63 63 49 40 24 12 19 20 11 3 8 23 23 25 32 32 43 43 49 52
53 25 39 13 16 50 40 22 16 15 17 21 32 68 59 53 53 46 49 68 56 65 70 53 52 65 43 55 59 49 32 37 26 16 28 26 15 14 12 21 13 9 12 15 22 23 38 31 25 39 48 36 19 17 5 25 33 22 16 19 15 19 4 15 19 19 10 19 23 29 38 56 59 62 47 41 41 41 55 22 12 12 19 6 7 21 25 26 29 30 33 31 26 26 33 55
44 26 38 20 13 51 43 46 34 34 23 26 40 52 67 71 75 69 58 53 53 51 55 65 72 62 70 71 56 37 36 35 21 17 47 28 16 19 14 6 7 11 11 24 23 28 35 27 42 32 37 22 33 26 8 17 52 27 15 20 15 6 7 5 10 24 10 19 32 27 28 47 63 54 56 24 36 55 43 37 32 14 5 10 14 17 17 39 43 31 38 38 34 23 35 16
35 29 44 32 23 31 23 50 29 29 35 27 41 38 35 47 57 64 64 66 68 41 49 77 70 71 57 47 52 44 41 37 34 20 38 29 26 16 28 9 21 24 7 13 29 42 44 36 37 47 28 19 37 15 16 27 28 21 16 14 10 5 8 6 18 23 48 31 16 14 41 30 29 41 34 28 49 62 70 37 18 9 4 11 6 37 31 33 38 43 62 62 34 33 40 15
52 31 45 33 20 19 14 36 46 36 37 40 37 38 33 50 49 50 30 45 62 40 70 73 73 51 59 60 51 42 38 37 33 39 46 31 41 55 19 13 15 15 19 14 36 25 34 35 34 29 47 41 24 17 32 27 48 21 20 17 10 6 5 5 9 15 49 37 21 23 32 31 44 43 25 67 61 45 38 32 14 4 8 22 18 26 44 28 43 52 52 59 37 30 35 18
56 34 62 37 17 20 38 24 61 34 53 50 34 24 34 31 30 48 39 50 33 64 53 53 51 47 59 53 38 43 40 22 32 39 29 52 28 57 31 16 29 13 30 18 29 48 36 36 30 38 44 26 20 35 33 30 27 28 16 23 17 13 6 2 7 28 37 39 30 40 25 20 36 36 64 58 31 31 30 34 16 10 13 26 50 35 33 52 50 49 48 40 37 29 30 16
54 36 64 40 17 15 64 41 43 35 40 55 33 37 35 36 34 49 46 48 21 33 21 22 35 37 66 67 60 42 27 24 36 55 42 21 39 37 29 18 28 8 26 10 18 36 51 38 35 49 29 50 17 24 35 41 40 20 23 30 13 3 2 7 5 8 15 31 49 34 29 40 56 68 51 29 25 58 35 22 16 12 30 21 48 52 35 49 48 51 45 31 42 29 24 11
62 36 54 25 17 25 37 41 34 66 58 41 47 33 37 39 48 47 58 58 21 25 37 58 60 60 53 53 51 37 23 23 53 43 42 37 58 31 22 18 29 8 24 17 23 31 55 46 33 42 49 44 25 13 29 39 30 14 12 15 22 6 5 9 6 7 11 25 30 28 32 43 44 33 41 29 26 45 26 9 9 18 40 40 42 51 23 38 62 64 38 28 45 17 26 21
65 39 58 28 19 25 25 64 38 64 72 67 41 26 27 34 68 56 25 51 15 35 37 47 28 34 32 49 31 25 37 27 69 55 51 46 47 23 16 40 20 16 15 50 46 37 44 41 53 49 38 33 38 29 29 21 37 27 12 9 9 5 8 9 8 10 7 16 37 31 26 20 32 29 43 37 40 44 34 13 8 33 43 49 50 46 20 36 53 57 27 29 25 32 34 34
76 62 27 40 23 20 44 65 50 38 67 63 60 20 45 63 48 56 51 41 27 23 28 23 23 30 51 35 42 37 34 43 17 32 15 34 27 19 11 38 18 13 4 18 70 44 34 51 53 46 45 35 33 25 52 49 46 37 14 11 7 5 14 5 5 10 11 19 33 16 33 31 33 27 39 48 32 41 31 21 17 40 36 31 43 31 40 41 30 34 51 31 26 46 36 28
61 36 29 37 25 19 63 61 64 33 21 47 68 22 37 34 32 51 43 44 18 12 35 48 44 38 24 48 47 23 60 26 37 28 42 34 23 28 16 31 13 25 10 12 46 63 45 46 54 51 48 46 32 38 30 24 35 20 21 17 6 3 10 5 6 9 10 17 29 32 52 56 53 40 44 59 11 53 34 30 27 25 34 20 31 24 41 62 41 24 47 32 28 36 45 35
58 37 19 45 35 28 47 12 41 62 20 27 62 52 20 38 31 42 29 28 31 43 58 34 35 35 39 55 39 30 36 47 52 70 49 33 51 25 27 34 16 15 17 17 32 44 34 73 47 44 38 45 49 37 15 20 33 33 21 19 14 8 7 4 4 7 10 10 15 27 37 36 48 60 40 20 31 53 43 22 16 22 50 20 36 41 45 33 50 32 23 39 46 40 22 36
61 20 33 44 30 29 41 11 11 13 39 65 43 65 29 36 26 28 22 34 30 22 25 37 29 30 31 46 43 60 31 37 56 38 24 50 26 18 35 24 32 34 25 25 32 45 33 39 60 31 23 23 39 51 24 19 26 16 12 15 12 6 5 2 3 6 12 14 21 29 25 39 42 23 30 28 41 29 17 11 13 39 42 45 30 38 41 30 30 30 44 26 26 42 18 18
68 24 33 49 30 46 49 25 12 11 30 57 74 71 42 27 41 36 48 18 12 19 34 42 21 17 40 63 42 34 26 51 25 35 59 19 19 30 38 22 38 32 26 43 47 61 51 30 30 44 26 25 40 53 43 29 25 9 7 5 5 9 3 2 2 6 13 18 18 37 35 54 42 23 13 29 48 18 19 17 21 35 44 43 27 36 32 34 16 46 33 43 26 18 11 8
53 29 33 55 21 44 61 43 22 20 11 35 36 56 74 26 30 40 32 34 32 24 14 20 8 23 54 54 53 19 50 21 18 55 41 22 31 36 50 33 10 46 41 43 61 58 49 20 35 54 50 22 15 26 41 45 18 13 10 5 3 10 7 6 4 29 46 26 13 17 42 46 34 18 10 39 37 26 21 19 21 31 35 41 29 32 14 33 24 35 39 15 33 15 16 25
45 28 30 52 18 43 51 25 18 19 30 25 23 24 43 48 17 30 28 11 13 10 12 10 14 24 77 43 41 22 59 39 17 61 34 21 35 56 47 29 20 44 49 59 32 57 44 41 25 27 41 46 20 18 23 44 25 15 6 5 4 7 6 6 20 36 30 45 44 45 49 52 36 10 15 40 28 15 16 18 26 24 38 22 30 27 14 19 29 21 36 15 13 38 26 20
68 37 55 36 14 57 35 17 26 18 42 19 35 29 34 31 20 7 17 11 28 42 20 7 8 18 53 28 17 42 35 25 41 44 41 19 31 59 61 31 23 40 38 60 58 53 35 38 38 22 19 20 36 28 20 7 22 8 8 4 8 6 6 31 54 62 72 63 68 77 55 50 30 9 41 54 23 14 15 27 24 27 40 23 42 34 10 16 28 19 23 11 11 7 16 21
70 54 16 16 17 38 20 23 27 29 30 40 33 45 22 25 20 8 17 16 23 27 11 14 10 29 36 16 48 17 28 51 44 29 24 41 38 68 62 28 25 43 37 47 48 37 40 55 36 39 29 13 36 34 21 8 6 9 7 4 9 8 10 24 21 16 53 63 66 75 73 48 11 26 45 60 29 4 13 49 26 42 25 33 25 46 8 21 33 15 20 9 25 12 24 8
66 29 16 22 22 26 8 20 26 36 20 43 61 28 19 17 14 2 14 8 18 22 7 9 9 54 14 32 45 16 58 50 24 21 40 42 23 69 58 18 26 36 31 40 57 44 45 38 33 25 35 15 14 26 18 10 4 4 5 6 13 15 26 31 37 28 49 72 76 62 60 14 19 37 52 63 44 13 28 32 26 27 29 33 25 41 7 13 28 23 27 16 16 11 9 14
59 33 30 23 25 22 13 26 35 29 39 29 52 30 11 11 18 2 14 15 10 18 9 4 13 52 7 57 24 21 64 33 29 20 52 22 39 63 32 17 24 25 40 25 32 36 53 32 47 17 15 24 27 13 19 12 7 2 2 10 14 29 41 43 47 62 67 56 43 41 8 24 30 42 52 60 41 22 35 24 39 32 21 32 41 12 7 16 16 23 21 16 18 3 13 13
48 33 26 30 51 17 21 22 26 47 36 39 33 23 10 6 8 3 11 11 11 10 7 5 14 47 9 23 9 50 41 36 16 25 52 21 65 12 15 21 40 23 35 20 21 22 31 36 29 31 27 10 7 9 9 10 7 2 7 6 13 19 28 43 52 69 74 67 39 10 36 49 43 42 62 37 21 17 22 22 32 21 25 18 25 23 8 13 11 11 18 20 14 9 5 20
33 25 18 44 56 24 19 18 22 33 49 39 22 19 18 5 2 7 9 10 5 6 7 6 4 27 25 6 6 35 21 28 12 26 63 35 12 13 22 19 35 18 18 30 22 24 40 18 34 19 39 13 4 5 12 6 4 3 15 21 27 29 22 32 37 63 56 18 15 21 36 52 61 59 50 16 9 15 18 30 25 26 10 16 11 32 6 9 5 2 5 23 10 17 9 17
18 16 20 58 15 19 17 16 13 19 17 22 39 14 10 7 2 9 2 2 6 4 5 4 2 8 16 5 3 28 19 16 9 54 18 13 10 20 24 14 31 13 14 17 26 37 28 24 13 27 10 17 8 4 4 4 2 5 9 30 28 31 24 31 45 29 17 12 22 35 27 50 61 63 20 12 12 13 33 29 20 39 7 11 21 37 7 9 9 9 9 12 9 16 13 8
