sesion_6_simulaciones/modelos_agentes/ejemplos_netlogo/scenarios/echam4_b2/rob_2046.asc
NCOLS 322 
NROWS 307 
XLLCORNER 451900 
YLLCORNER 4086900 
CELLSIZE 100 
NODATA_value -9999 
[rows 222 to 295 of 307, columns 0 to 95 of 322]
8 14 21 38 31 23 36 29 5 17 18 21 41 16 14 9 7 3 4 5 13 24 27 34 22 19 16 31 49 22 16 39 50 23 47 36 21 22 29 60 28 28 44 53 47 71 50 58 62 83 82 56 42 44 41 24 32 51 33 41 46 30 21 42 29 32 16 22 14 9 7 5 2 1 1 1 0 0 0 0 0 0 0 0 0 0 1 2 3 2 1 1 2 4 10 5
15 25 18 12 15 25 27 38 22 10 12 23 28 14 7 7 8 15 18 19 23 33 20 57 36 33 27 27 29 35 20 35 28 30 56 13 14 24 29 58 49 41 34 58 25 16 29 20 21 65 74 57 58 40 32 34 20 24 38 41 35 46 21 26 39 18 15 15 17 7 3 2 1 1 0 0 0 0 0 0 0 0 0 0 0 0 1 2 5 5 2 3 5 7 1 1
17 41 50 67 44 44 35 41 27 30 38 52 23 18 13 21 18 30 16 16 55 14 29 31 29 21 18 50 31 30 25 32 22 40 28 19 28 34 27 50 44 41 40 76 71 62 52 51 47 24 34 49 35 31 22 21 21 29 30 30 30 35 18 47 45 23 16 9 8 4 2 2 1 1 1 0 0 0 0 0 0 0 0 0 1 1 1 3 11 11 4 6 9 7 1 1
28 41 42 61 61 65 31 22 15 46 45 33 20 14 15 21 6 3 2 33 18 24 52 37 25 32 27 32 23 15 23 21 30 8 13 36 23 44 22 52 36 49 59 47 48 67 55 69 70 46 26 31 22 31 15 17 20 32 23 22 29 16 13 10 13 10 6 5 3 2 2 1 1 1 0 0 0 0 0 0 0 0 0 1 1 3 4 5 22 21 16 17 5 4 2 2
7 16 20 16 29 75 50 9 32 35 48 20 32 27 5 4 2 1 11 45 12 35 46 40 24 31 19 9 21 14 22 48 31 14 22 27 41 49 26 38 53 69 71 38 53 60 61 35 68 81 35 28 12 17 17 25 19 16 17 12 8 6 9 4 3 6 8 4 2 1 1 1 1 0 0 0 0 0 0 0 0 0 1 1 1 3 11 19 24 35 19 7 5 2 1 1
19 14 23 24 31 28 16 15 16 25 41 44 48 12 3 2 13 20 41 56 22 27 40 51 36 23 27 12 16 24 9 26 56 16 13 14 25 28 69 79 43 40 29 67 43 48 69 51 43 20 35 41 36 29 28 27 29 17 14 11 8 4 5 3 3 4 3 1 1 1 1 0 0 0 0 0 0 0 0 0 0 0 1 1 1 3 13 41 30 3 3 1 1 2 1 1
17 20 21 38 27 23 28 27 18 39 33 28 25 10 15 35 42 46 46 59 23 30 34 37 10 8 25 6 17 25 8 7 19 25 11 28 20 13 53 74 63 34 56 40 84 59 35 40 40 36 26 49 45 41 43 34 17 17 7 4 3 1 0 1 2 2 1 1 1 0 0 0 0 0 0 0 0 0 0 0 0 1 1 2 4 7 10 40 18 6 4 3 2 2 1 2
6 14 33 22 23 22 38 34 29 30 32 43 28 31 29 49 39 22 48 44 27 20 15 15 6 25 8 3 19 18 7 8 12 14 37 50 38 24 16 34 46 26 22 17 43 80 59 39 36 36 30 30 29 41 48 45 19 12 3 2 1 1 1 3 4 2 0 0 1 0 0 0 0 0 0 0 0 0 0 1 2 2 4 3 11 16 21 24 9 5 6 9 3 2 1 1
18 23 20 28 34 27 47 29 34 27 17 30 22 41 26 46 41 32 26 41 9 13 13 11 11 4 7 10 8 15 5 10 8 10 17 37 30 52 29 11 29 53 40 45 59 31 39 29 21 25 20 19 31 32 27 25 26 14 11 3 3 3 1 2 2 1 0 0 0 0 0 0 0 0 0 0 0 1 1 1 3 2 7 6 5 28 56 25 12 16 19 9 3 1 1 0
8 20 23 37 23 22 30 59 15 35 18 18 25 33 22 40 33 20 15 21 10 8 8 11 7 5 5 5 4 5 4 7 27 15 15 11 46 22 33 27 11 22 66 75 80 52 25 16 31 35 33 15 22 28 22 20 16 4 6 9 4 2 1 1 1 1 1 0 0 0 0 0 0 0 0 0 1 2 3 5 9 10 10 5 4 14 43 17 11 29 20 5 3 2 1 1
5 7 24 25 21 22 19 33 17 21 16 17 20 32 23 18 33 8 9 10 3 6 1 5 3 5 3 2 4 2 6 9 11 36 23 24 16 20 28 12 22 18 19 37 40 28 27 17 32 23 33 20 17 17 14 24 11 6 2 1 2 1 0 1 0 1 0 0 0 0 0 0 0 0 0 1 1 4 6 11 20 31 18 9 7 9 23 24 27 19 8 3 1 1 2 1
2 4 16 15 11 31 24 19 21 18 23 22 11 27 15 12 13 4 6 6 7 1 1 1 3 3 1 2 5 3 4 3 4 6 4 13 8 11 14 10 18 32 58 37 35 18 21 8 12 13 20 14 15 18 19 10 7 2 1 0 1 3 1 1 1 1 1 1 0 0 0 0 0 1 1 1 2 7 9 21 43 38 27 27 11 13 47 51 32 15 9 4 3 3 2 1
2 1 2 8 7 18 32 32 43 10 13 20 3 11 5 7 14 4 4 3 4 3 1 1 4 1 1 4 7 12 15 3 7 8 18 23 25 29 23 32 44 48 53 62 58 57 57 27 29 42 29 15 13 10 7 7 3 1 1 2 1 4 4 2 1 0 0 0 0 0 0 1 1 1 1 1 3 8 12 25 30 51 39 44 32 59 42 38 20 23 17 14 8 4 2 1
1 1 3 4 6 11 10 16 9 16 17 10 2 3 2 2 7 1 2 1 0 2 1 3 1 1 1 4 8 5 36 48 36 31 56 35 40 28 35 31 47 56 51 72 44 29 29 8 17 33 42 27 13 8 7 6 6 4 10 5 2 2 2 2 1 0 0 0 0 0 1 1 2 1 3 2 2 5 17 29 57 46 51 46 63 45 46 41 17 17 34 23 13 4 3 4
0 1 1 1 2 6 8 10 8 9 7 6 1 3 1 2 3 1 1 0 0 1 1 0 1 1 6 10 9 5 10 30 70 43 63 86 84 67 67 55 27 66 72 63 76 64 63 37 31 36 30 22 25 8 8 18 13 7 5 2 2 4 3 1 0 0 0 0 0 0 0 1 3 5 4 3 4 3 9 12 52 69 66 33 28 76 41 44 38 39 20 20 13 9 5 4
0 0 0 1 1 4 3 10 9 10 3 1 1 0 1 2 1 17 1 2 13 7 3 1 1 1 1 2 3 7 11 10 17 67 50 81 85 81 80 71 63 38 77 78 80 59 69 45 32 30 17 14 6 7 3 3 4 4 4 2 1 1 0 0 0 0 0 0 0 0 1 1 2 6 7 4 5 9 10 12 41 67 59 23 60 59 45 64 61 38 33 24 20 9 16 10
0 0 1 2 5 1 3 5 6 6 2 1 1 0 0 0 0 0 3 4 5 15 11 3 1 1 2 2 3 6 7 13 16 22 15 51 86 59 80 48 58 56 55 71 67 61 40 23 49 42 27 21 23 17 10 5 4 3 2 2 1 0 0 0 0 0 0 0 0 0 1 2 3 9 21 12 7 12 23 27 54 70 44 40 58 25 13 25 33 14 12 22 14 13 7 3
0 0 0 0 0 1 2 3 3 2 2 1 0 0 0 1 0 0 0 2 2 1 20 11 2 0 3 9 6 9 13 9 17 30 16 23 57 69 68 66 65 55 61 52 56 66 60 33 16 34 31 26 22 21 15 5 3 1 1 1 1 0 0 1 0 0 0 0 0 1 1 1 5 7 18 26 12 12 15 50 58 81 37 41 69 30 30 24 15 10 8 12 12 7 2 1
0 0 0 0 0 0 1 1 1 1 1 1 0 0 0 0 1 0 1 5 1 1 1 8 11 1 4 9 11 15 24 19 25 37 33 28 25 61 47 55 29 36 26 39 39 38 12 39 25 20 26 15 12 16 13 11 7 4 2 4 1 1 1 0 0 0 0 0 1 1 2 4 5 7 9 32 45 24 42 40 74 68 59 76 33 36 39 31 35 35 16 18 13 6 2 1
0 0 0 0 0 0 0 0 0 1 1 0 0 0 0 0 0 2 3 2 1 1 1 13 7 5 6 3 2 6 14 18 24 30 33 41 23 23 25 20 33 22 10 12 19 30 24 31 15 12 17 13 10 8 6 6 5 3 2 1 1 0 0 0 0 0 0 1 2 2 3 4 9 8 13 13 65 23 25 62 74 55 62 70 62 54 38 63 56 16 15 9 6 2 1 1
0 0 0 0 0 0 0 0 0 0 0 0 0 0 0 0 0 1 4 4 2 1 1 3 4 3 3 10 3 14 28 19 20 31 30 45 42 25 18 10 11 18 23 22 31 30 20 11 12 18 12 11 7 8 6 5 4 1 1 1 0 0 0 0 0 0 1 1 2 3 6 3 2 11 37 32 62 41 44 65 73 69 53 61 45 29 29 52 38 27 9 6 4 2 1 0
0 0 0 0 0 0 0 0 0 0 0 0 2 3 6 4 1 1 1 1 2 2 2 7 17 12 9 9 11 11 21 28 30 37 34 47 46 63 45 19 21 13 14 14 16 13 16 8 5 10 7 10 9 7 3 3 2 1 1 1 1 0 0 0 0 1 2 2 3 5 7 7 5 12 31 24 53 72 50 65 67 70 70 67 47 56 38 40 38 25 13 8 3 2 1 1
0 0 0 0 0 0 0 0 0 0 0 0 0 0 1 8 2 1 1 1 2 3 3 3 3 5 16 31 38 30 29 31 40 50 50 44 49 57 66 61 31 21 22 27 27 15 9 10 14 11 14 14 5 4 5 3 3 2 1 1 0 0 0 0 0 1 2 5 8 11 9 11 7 14 53 29 15 59 86 62 70 72 65 57 45 32 10 26 33 22 9 4 3 3 3 2
0 0 0 0 0 0 0 0 0 0 1 2 1 0 1 0 0 0 1 1 2 5 3 4 9 7 3 12 14 46 53 50 60 68 54 41 58 70 73 62 36 34 28 37 35 37 19 32 16 8 3 3 5 5 1 2 1 1 0 1 1 0 0 1 1 2 3 8 14 19 18 22 16 22 48 62 21 50 68 61 60 42 31 19 25 37 18 19 19 12 8 5 5 4 3 2
0 0 0 0 0 0 0 0 0 0 0 0 0 1 2 1 1 1 1 2 4 2 3 7 4 11 8 3 3 34 26 66 81 61 59 62 50 54 67 67 60 63 48 31 42 50 26 26 18 9 7 7 3 5 2 1 1 2 2 1 0 0 1 1 2 2 4 11 14 28 24 37 19 19 44 64 54 37 70 43 31 20 33 25 23 10 9 14 23 19 9 6 8 6 4 1
0 0 0 0 0 0 0 0 0 0 0 0 0 1 0 0 1 2 1 3 2 2 4 4 4 9 17 8 7 6 9 8 49 54 46 44 35 56 50 36 33 25 21 19 28 44 22 19 15 12 8 5 3 1 1 2 2 2 1 1 0 0 0 1 1 4 9 13 13 22 50 36 43 19 23 59 51 75 47 32 38 26 25 25 33 14 18 20 17 7 8 12 14 6 4 1
0 0 0 0 0 0 0 0 0 0 0 1 1 0 0 1 1 3 2 1 1 1 1 3 3 5 10 10 24 25 14 25 29 21 11 22 32 41 27 33 19 19 10 16 16 18 16 21 9 7 6 5 5 4 1 2 2 3 2 1 0 0 0 1 1 4 3 4 7 9 24 53 69 26 15 43 31 68 31 44 26 26 18 28 30 26 22 9 17 13 16 18 7 4 2 1
0 0 0 0 0 0 0 0 0 0 0 1 0 0 1 1 3 2 6 1 1 1 2 2 6 7 24 21 10 10 9 12 28 36 26 21 40 47 41 36 39 31 49 38 21 20 21 20 16 10 3 5 4 2 3 3 2 1 1 0 0 0 0 1 2 3 6 16 12 8 14 23 45 56 33 29 64 52 43 35 18 33 33 24 13 25 31 24 29 31 14 13 5 3 2 2
0 0 0 0 0 0 0 0 0 0 0 0 0 0 1 2 4 1 2 1 2 2 2 3 34 45 30 14 32 45 39 23 40 39 35 34 44 59 48 46 54 41 31 30 27 25 34 36 20 12 12 8 11 9 5 2 1 1 1 0 0 1 0 1 3 6 13 23 25 14 9 12 31 53 62 36 72 51 52 53 46 29 38 46 36 34 45 34 26 31 28 10 9 5 2 2
0 0 0 0 0 0 0 0 0 0 0 1 1 0 2 3 7 4 1 4 2 3 5 10 27 54 53 28 15 25 29 28 19 22 31 26 29 39 37 61 68 42 47 44 53 46 37 40 23 16 19 21 11 6 5 3 3 1 1 0 0 1 1 2 4 9 25 26 15 17 16 24 30 27 20 71 72 51 42 42 31 37 56 48 49 58 52 55 39 31 13 8 6 5 3 2
0 0 0 0 0 0 0 0 0 2 6 1 0 1 3 1 1 2 1 2 2 5 8 34 39 15 37 34 29 46 47 37 20 13 17 18 33 42 53 52 41 42 70 64 68 57 37 22 15 12 5 9 10 5 3 2 1 1 1 0 0 1 1 3 7 13 25 26 28 35 33 30 56 60 48 51 68 59 33 40 43 56 54 35 47 50 47 31 41 16 8 6 9 5 3 2
0 0 0 0 0 0 0 1 4 2 10 8 1 1 4 2 2 0 1 1 1 2 3 23 6 10 25 49 50 66 83 42 54 36 22 13 26 68 54 56 65 20 24 11 16 33 19 27 13 13 10 11 9 7 2 1 2 1 1 0 0 1 1 3 11 30 28 26 20 56 73 31 63 76 77 61 47 48 44 29 40 38 44 60 50 46 31 26 27 20 18 18 12 9 3 1
0 0 0 0 0 0 0 0 0 1 0 0 1 2 2 2 4 1 1 1 2 2 6 14 4 3 4 31 33 25 45 78 50 61 56 52 50 51 43 46 57 56 43 51 49 30 31 39 25 20 18 7 5 4 4 2 2 2 1 0 1 2 5 8 15 22 29 30 25 21 52 74 44 66 74 72 59 37 55 45 59 61 44 35 47 45 31 22 25 39 30 19 8 4 3 1
0 0 0 0 0 0 0 0 1 1 1 2 1 2 2 2 5 1 1 3 4 3 6 23 7 1 7 5 17 26 12 22 57 48 64 62 41 15 16 16 34 39 36 46 57 57 38 20 31 24 13 16 13 6 3 6 2 2 2 0 1 3 10 16 30 41 29 25 53 46 33 28 68 74 59 72 54 52 74 71 29 28 31 39 39 29 41 30 33 17 13 7 4 3 2 1
0 0 0 0 0 0 0 0 0 0 1 1 0 2 1 1 2 0 1 1 1 9 9 25 17 5 7 12 19 16 16 7 6 14 17 17 18 17 17 13 10 17 16 22 44 45 28 43 38 31 23 17 12 9 9 6 5 2 2 0 2 5 10 25 37 42 32 43 44 68 51 48 31 31 50 54 72 63 42 48 43 57 52 59 50 41 51 43 20 10 8 7 4 1 1 2
0 0 0 0 0 0 0 0 0 0 0 1 1 1 1 2 3 1 1 1 2 9 15 20 8 1 8 20 14 27 29 10 34 43 47 43 39 34 35 18 14 17 49 57 57 37 41 35 39 36 30 20 16 12 10 7 5 2 1 0 1 4 17 32 31 51 39 49 50 42 81 61 47 35 20 65 48 66 56 55 60 73 71 63 51 60 46 33 16 11 9 6 3 2 3 4
0 0 0 0 0 0 0 0 0 0 0 1 7 7 5 11 6 1 0 1 6 9 15 14 8 20 4 18 19 31 18 36 37 26 31 35 29 31 16 27 53 63 37 39 31 43 35 31 40 31 34 28 19 13 10 9 3 3 1 1 1 2 9 33 65 57 40 54 48 41 38 54 65 20 15 30 72 78 76 67 64 64 65 71 62 43 45 29 37 17 8 5 2 4 2 9
0 0 0 0 0 0 0 0 0 0 1 1 4 8 8 2 1 0 0 2 5 6 12 22 23 9 12 16 12 14 20 61 27 26 34 38 38 26 37 40 65 57 55 52 55 54 51 42 53 40 39 26 20 16 12 5 4 2 2 1 1 2 10 25 54 48 62 69 57 72 66 66 62 30 31 47 66 61 67 58 59 57 56 60 49 43 39 41 41 32 10 7 5 7 5 14
0 0 0 0 0 0 0 0 0 1 2 2 2 30 5 1 2 1 1 3 4 5 9 6 5 5 26 8 16 13 36 26 38 46 37 38 39 43 53 48 38 55 60 66 62 65 55 61 52 31 23 20 16 19 16 7 5 3 2 1 2 4 9 23 43 44 40 59 76 62 75 64 64 33 54 59 64 66 49 48 53 55 43 37 37 37 36 33 26 27 20 13 5 11 15 16
0 0 0 0 0 0 0 0 0 1 1 1 1 2 1 0 1 1 2 2 3 10 12 5 4 12 8 12 21 41 49 41 40 42 33 38 51 53 58 52 57 71 72 57 51 66 66 61 42 36 28 24 17 12 11 12 9 4 2 1 2 6 13 23 32 45 38 44 68 82 74 67 56 82 69 46 34 41 51 54 49 53 53 49 36 43 27 40 25 18 20 15 6 14 17 15
0 0 0 0 0 0 0 0 1 0 1 1 0 0 0 0 1 1 1 2 4 4 5 12 11 6 6 22 43 16 14 16 37 33 41 49 52 52 52 52 57 67 55 59 70 65 66 66 42 41 32 25 19 11 10 12 5 5 4 1 1 3 17 30 47 45 42 39 40 42 54 55 58 68 18 39 41 41 37 41 41 41 38 56 48 48 39 35 22 21 19 9 9 21 18 28
0 0 0 0 0 0 0 0 1 1 1 1 1 1 1 1 0 0 1 3 6 3 20 23 8 9 12 25 14 15 18 24 30 28 39 48 51 51 43 70 59 49 51 64 36 54 69 68 62 52 21 20 17 19 17 9 7 8 4 1 1 3 8 25 38 45 76 55 57 54 48 29 44 63 46 50 54 42 41 41 49 45 51 51 49 20 22 16 22 33 20 6 15 33 34 36
0 0 0 0 0 0 0 0 1 2 1 0 0 1 1 1 1 0 1 4 4 15 13 5 7 17 10 11 12 16 22 23 18 26 33 57 37 37 57 50 44 66 73 44 62 61 61 63 50 31 25 31 30 24 20 17 14 9 5 2 1 3 11 19 32 57 73 84 54 61 49 31 33 70 73 38 46 54 58 38 39 44 54 48 33 14 34 29 23 14 8 3 18 35 37 37
0 0 0 0 0 0 0 1 2 2 0 0 0 0 0 0 1 0 1 3 3 4 2 4 12 4 3 8 12 16 33 25 19 29 39 46 41 57 64 62 47 42 47 59 55 60 47 50 46 40 36 44 38 19 20 16 16 8 6 3 2 5 9 22 42 51 69 77 69 67 51 51 57 72 45 39 37 39 49 53 39 71 57 34 40 45 36 25 13 6 4 10 27 37 37 41
0 0 0 0 0 0 0 0 1 0 0 0 0 0 1 1 2 1 3 1 2 1 1 4 4 7 8 14 22 19 19 15 17 24 49 33 69 65 65 38 28 29 39 57 65 60 57 58 57 54 48 44 29 18 14 12 10 9 9 7 3 8 15 30 53 56 51 49 68 78 69 32 43 71 38 42 65 63 61 68 62 48 46 46 48 49 23 22 12 8 9 24 30 38 28 41
0 0 0 0 0 0 0 0 0 0 0 0 0 1 1 1 1 1 4 2 4 4 1 4 5 11 13 14 13 8 13 16 20 25 63 32 21 12 14 31 33 53 66 70 70 65 58 59 44 57 38 33 37 20 20 13 10 10 9 8 5 15 26 31 57 56 50 30 49 69 67 45 57 66 40 24 45 71 70 68 68 40 49 50 45 44 21 17 26 11 23 30 18 43 43 43
0 0 0 0 0 0 0 0 0 1 0 0 1 0 0 0 0 4 2 2 2 4 3 3 10 8 9 13 9 12 21 22 15 61 19 14 33 40 41 42 58 67 62 68 71 73 68 61 47 48 43 40 39 33 28 21 19 12 10 5 13 20 40 68 63 59 46 50 56 58 68 40 46 56 68 46 49 51 66 70 58 62 46 50 48 38 25 8 11 23 24 16 27 33 60 45
0 0 0 0 0 0 0 0 0 0 1 0 0 0 0 0 1 2 1 3 2 4 3 3 7 7 9 10 13 11 21 21 27 23 6 21 26 34 48 79 57 56 67 70 71 72 60 54 47 37 42 41 41 25 30 19 23 21 13 13 17 36 33 56 59 54 48 57 59 49 75 65 47 66 61 49 54 57 55 54 62 52 41 40 43 27 15 5 11 32 17 28 37 39 61 42
0 0 0 0 0 0 0 0 0 0 0 0 0 0 0 0 2 1 1 4 12 5 1 2 12 6 13 12 7 10 29 59 29 5 10 30 23 54 62 59 59 69 69 54 60 61 61 60 45 48 44 44 42 37 35 31 27 24 16 17 20 24 32 38 59 73 58 74 73 59 51 48 55 57 67 69 51 47 41 42 48 44 39 44 38 24 10 6 25 29 31 49 56 45 51 40
0 0 0 0 0 0 0 0 0 0 0 0 0 0 0 1 1 1 2 4 3 1 3 6 1 8 8 5 16 18 40 22 6 10 34 15 34 27 41 70 75 55 45 77 71 51 58 61 57 52 48 47 44 41 39 37 33 19 19 23 25 44 30 32 32 56 75 75 71 68 75 72 48 61 46 44 30 38 51 57 43 48 37 45 39 11 8 24 23 34 48 56 49 31 47 46
0 0 0 0 0 0 0 0 0 0 0 0 0 0 0 3 0 0 0 1 1 2 5 2 1 4 3 4 26 20 20 4 6 12 27 46 29 35 54 62 62 54 63 35 51 46 59 71 57 55 54 50 48 43 42 40 24 15 28 41 33 46 42 44 42 53 58 82 60 57 35 58 42 30 29 44 54 44 40 41 41 31 48 37 16 9 18 26 34 31 36 47 60 48 48 45
0 0 0 0 0 0 0 0 0 0 0 0 0 0 0 2 1 0 1 1 3 2 2 0 3 6 3 10 29 12 10 4 7 9 39 49 42 36 41 48 49 59 48 38 44 75 63 59 56 70 57 52 52 46 45 40 25 17 38 44 60 65 50 50 41 54 64 65 74 50 39 31 38 47 40 59 46 48 42 45 35 41 27 18 11 20 33 38 34 51 48 36 36 45 38 33
0 0 0 0 0 0 0 0 0 0 0 0 0 0 1 1 0 0 1 2 1 2 1 2 9 3 3 14 9 7 12 7 18 28 47 36 32 36 30 25 28 49 64 58 64 55 61 63 71 58 57 68 33 48 44 30 16 37 50 50 73 68 50 62 46 36 46 74 71 26 62 33 33 47 49 51 48 49 50 40 34 41 20 23 19 32 39 42 37 39 48 35 35 44 49 39
0 0 0 0 0 0 0 0 0 0 0 0 0 1 0 0 0 1 1 2 1 1 1 2 4 3 3 14 3 4 7 7 22 33 37 35 23 30 25 32 44 51 55 71 55 55 56 74 59 58 72 59 56 52 35 31 20 36 62 61 63 71 55 63 63 45 47 51 75 24 29 59 58 43 44 47 59 48 57 56 40 36 14 13 20 36 46 51 55 51 47 47 34 39 56 46
0 0 0 0 0 0 0 0 0 0 0 0 0 0 0 0 1 0 0 1 1 1 2 2 3 4 4 2 2 4 9 14 25 32 9 6 26 22 29 27 33 46 56 67 67 53 74 52 71 74 56 55 57 54 38 33 21 36 62 67 59 67 48 49 65 41 62 35 53 23 26 55 30 49 51 50 49 54 71 50 47 17 13 20 34 38 46 52 40 27 35 56 27 31 47 62
0 0 0 0 0 0 0 0 0 0 0 0 0 0 0 0 0 0 0 0 0 1 2 2 1 3 2 1 3 3 7 3 14 9 4 15 11 14 18 39 45 52 58 63 54 39 62 70 67 60 64 55 56 55 52 35 34 38 65 76 70 66 57 44 62 58 28 34 64 21 40 40 37 44 44 43 56 34 35 40 19 13 18 35 36 44 53 50 31 33 45 26 17 20 31 61
0 0 0 0 0 0 0 0 0 0 0 0 0 0 0 1 1 0 0 0 0 1 1 1 2 3 1 6 6 7 16 15 13 6 4 6 16 15 16 18 23 48 38 45 58 33 28 29 48 52 64 59 55 55 40 24 41 53 64 65 82 72 49 46 51 56 44 17 40 6 9 19 33 44 50 58 59 58 49 49 23 13 23 36 37 61 65 54 39 37 42 42 35 19 28 46
0 0 0 0 0 0 0 0 0 0 0 0 1 0 0 1 1 0 1 0 1 2 1 2 3 2 2 1 1 2 10 3 4 3 5 11 6 9 11 13 39 39 29 45 28 34 39 51 53 66 56 61 59 42 38 25 39 53 66 65 70 50 50 53 57 28 30 30 32 10 14 18 19 15 38 50 49 50 34 32 15 22 35 36 40 63 56 27 37 49 31 44 23 24 29 50
0 0 0 0 0 0 0 0 0 0 0 0 1 1 1 2 1 0 1 1 2 1 1 2 2 1 0 1 1 3 5 2 2 6 14 10 16 12 15 31 25 32 49 29 33 36 54 52 63 52 53 55 58 41 19 38 43 74 64 64 60 62 48 64 57 31 20 39 19 11 21 38 42 53 58 52 45 23 21 11 16 36 35 38 42 65 62 21 23 46 30 50 26 26 30 66
0 0 0 0 0 0 0 0 0 0 0 0 1 1 0 0 0 0 0 2 1 1 1 1 3 2 0 1 1 4 2 2 3 10 18 8 10 14 21 11 37 33 24 38 35 49 53 65 65 57 67 54 41 42 28 42 46 66 75 54 57 60 39 27 47 42 17 21 22 33 40 29 36 41 33 44 36 26 11 28 24 35 40 54 45 61 64 31 33 33 18 54 28 27 30 44
0 0 0 2 3 1 0 0 0 0 0 0 0 0 1 0 0 0 1 1 2 1 1 0 1 1 0 1 1 4 2 2 20 13 5 5 8 12 16 24 49 37 49 27 38 59 64 50 51 70 61 45 41 41 27 54 67 57 61 69 53 54 54 27 53 47 20 16 18 31 22 28 47 38 44 28 34 33 21 39 40 36 42 54 42 44 49 42 47 31 28 55 28 28 24 39
1 1 2 1 2 6 1 0 0 0 0 0 0 0 0 0 0 1 2 1 0 1 1 0 1 2 0 0 1 2 3 15 6 2 5 6 4 3 17 18 30 18 57 41 46 63 36 46 62 58 46 45 39 40 38 56 62 63 58 65 44 42 43 32 25 34 18 6 15 42 27 39 45 50 41 42 45 43 29 38 39 49 43 49 37 32 43 42 39 33 30 54 27 21 28 35
0 1 1 0 0 1 1 1 0 0 0 0 0 0 0 0 0 1 1 1 0 0 1 0 2 4 1 1 2 3 10 16 5 6 8 2 2 3 8 20 15 27 42 46 47 45 48 47 54 51 43 42 35 39 44 44 55 72 56 46 57 24 32 30 18 11 4 3 3 14 27 52 53 45 36 37 32 16 25 33 35 49 43 50 36 45 54 56 43 37 27 42 41 14 30 38
0 0 0 0 0 0 0 0 0 0 0 0 0 0 0 0 1 1 0 0 0 0 0 0 2 1 0 0 1 2 1 3 5 4 5 5 3 2 27 7 13 9 38 27 52 36 41 31 54 53 36 36 32 33 41 58 54 70 59 52 39 31 23 21 4 3 9 18 13 19 25 40 40 27 27 24 14 21 35 32 34 47 51 29 43 41 51 53 39 38 24 37 39 15 17 43
0 0 0 0 0 0 0 0 0 0 0 0 0 0 0 0 0 0 0 0 0 1 1 1 2 1 0 0 1 1 1 4 5 4 7 5 9 3 27 11 2 11 40 30 43 37 41 54 47 45 41 35 32 53 55 46 56 51 51 26 28 29 11 11 7 6 9 21 18 14 37 44 58 55 46 16 20 21 33 44 50 35 47 31 42 54 49 47 34 37 23 31 41 34 12 23
0 0 0 0 0 0 0 0 0 0 0 0 0 0 0 0 0 1 0 1 3 1 1 2 5 2 0 1 0 2 3 2 3 11 4 7 9 5 48 22 4 18 9 37 32 27 50 27 41 41 30 34 29 49 64 45 44 42 44 40 15 17 12 7 7 4 7 9 14 11 32 44 53 67 35 20 23 32 29 48 47 44 40 41 27 50 48 50 38 41 14 32 24 25 17 12
0 0 0 0 0 0 0 0 0 0 0 0 0 0 0 0 0 1 0 0 1 2 1 2 2 0 0 0 0 2 3 1 2 4 7 12 5 6 24 23 9 20 9 39 25 20 28 19 34 34 40 27 27 37 45 73 29 31 23 17 17 6 7 6 3 4 11 9 13 14 36 42 28 51 25 16 34 32 30 32 46 43 39 35 34 50 44 58 40 33 19 32 29 13 16 9
0 0 0 0 0 0 0 0 0 0 0 0 0 0 0 0 0 0 0 0 0 0 0 0 0 0 0 0 0 1 2 3 4 3 6 7 4 3 4 37 13 17 17 30 8 26 20 29 35 22 31 23 25 23 46 44 44 24 14 6 9 4 3 5 4 4 8 8 20 19 29 38 34 24 21 33 32 33 31 27 32 42 49 34 30 50 47 48 45 25 15 39 23 22 19 7
0 0 0 0 0 0 0 0 0 0 0 0 0 0 0 0 0 0 0 0 0 0 0 0 1 2 1 0 0 0 1 3 4 4 4 4 4 4 2 17 33 24 18 10 8 14 13 27 21 10 27 21 22 18 29 45 31 26 9 3 4 1 1 1 2 2 6 13 23 32 44 32 23 16 36 33 34 48 42 28 25 36 34 39 44 56 30 47 28 19 15 45 22 30 13 8
0 0 0 0 0 0 0 0 0 0 0 0 0 0 0 0 0 0 0 0 0 0 0 1 2 0 0 0 0 0 0 1 1 4 3 1 4 3 3 7 43 27 10 6 7 14 24 9 18 8 14 23 16 32 31 19 14 12 12 3 4 1 2 1 3 7 8 13 21 21 33 34 11 16 26 25 43 33 30 20 20 13 32 42 34 25 34 37 30 16 10 41 19 24 23 6
0 0 0 0 0 0 0 0 0 0 0 0 0 0 0 0 0 0 0 0 0 0 0 1 0 1 1 1 0 0 1 1 0 1 1 1 7 1 0 6 15 19 10 7 6 37 21 8 7 14 21 22 13 26 39 17 22 6 9 5 3 2 2 1 2 3 4 9 25 37 21 13 14 24 21 25 21 22 15 6 14 19 30 26 30 26 37 27 6 16 7 26 28 11 7 8
0 0 0 0 0 0 0 0 0 0 0 0 0 0 0 0 0 0 0 0 0 0 0 0 1 2 1 0 0 0 2 1 2 2 2 2 3 1 2 3 13 12 12 9 8 51 14 13 8 11 18 14 17 38 35 14 17 6 4 3 2 1 1 5 4 5 9 12 40 19 13 14 24 21 21 20 28 28 20 13 16 29 23 33 25 25 20 28 6 10 8 8 26 6 5 7
0 0 0 0 0 0 0 0 0 0 0 0 0 0 0 0 0 0 0 0 0 0 0 1 1 1 0 1 0 0 1 2 2 4 3 3 4 2 2 4 12 17 7 13 4 16 10 20 13 5 6 17 25 21 26 12 10 4 3 3 2 0 1 2 4 8 11 16 19 19 21 20 20 22 31 11 14 29 19 12 21 19 17 27 16 17 7 13 8 6 21 7 12 5 6 6
0 0 0 0 0 0 0 0 0 0 0 0 0 0 0 0 0 0 0 0 0 0 1 1 1 1 1 2 1 1 0 2 2 4 1 4 3 5 4 4 6 7 6 13 2 13 15 19 13 10 11 19 15 11 15 5 6 5 2 1 0 1 1 1 2 5 6 21 29 19 18 17 16 29 17 8 10 28 25 12 17 16 13 13 21 15 3 4 10 12 11 7 5 3 7 9
