sesion_6_simulaciones/modelos_agentes/ejemplos_netlogo/scenarios/echam4_b2/rob_2070.asc
NCOLS 322 
NROWS 307 
XLLCORNER 451900 
YLLCORNER 4086900 
CELLSIZE 100 
NODATA_value -9999 
[rows 74 to 147 of 307, columns 96 to 191 of 322]
2 10 5 4 3 5 4 15 5 4 3 15 4 21 13 5 1 0 0 0 4 3 1 0 0 0 0 0 0 0 0 0 0 0 0 0 0 0 0 0 0 0 0 0 0 0 0 0 0 0 0 0 1 1 1 0 1 1 2 2 1 11 7 5 8 15 7 13 17 18 13 19 11 19 7 7 14 14 14 18 12 34 58 56 45 31 39 49 36 48 42 42 43 27 7 3
3 5 5 4 3 4 8 11 5 11 9 5 3 3 6 12 3 3 3 6 19 4 2 1 0 0 0 0 0 0 0 1 0 0 0 0 0 0 0 0 0 0 0 0 1 0 0 1 2 0 0 0 0 1 0 0 1 1 1 1 2 2 5 3 6 4 4 6 7 12 5 20 4 6 4 2 8 5 5 15 27 33 19 22 32 34 34 34 50 51 64 69 55 47 24 13
9 4 4 4 4 7 4 16 5 20 19 4 5 12 5 4 5 11 7 9 14 10 8 4 1 0 0 0 0 0 0 1 0 0 0 0 0 0 0 0 0 0 0 0 0 0 0 0 1 1 0 0 0 0 0 0 0 1 0 1 1 0 2 2 3 3 5 2 7 5 2 6 4 3 4 3 2 2 18 9 11 20 36 25 43 51 50 65 73 61 68 71 62 54 43 32
10 3 8 8 6 5 7 10 9 14 50 9 8 8 8 9 23 5 12 11 19 20 6 3 3 0 0 0 0 0 1 0 0 0 0 0 1 0 0 1 0 0 0 0 0 0 1 0 0 2 1 1 0 0 0 0 0 0 0 0 0 0 1 1 1 1 3 2 2 1 1 1 3 1 2 1 1 2 8 5 13 16 17 34 58 60 71 58 61 75 58 67 55 54 43 41
11 6 10 10 16 8 11 11 4 29 54 39 18 7 12 17 19 21 35 6 5 8 13 15 2 1 1 2 2 1 1 0 0 1 0 0 0 0 0 1 0 0 0 0 0 0 1 1 0 5 2 1 1 0 0 0 0 0 0 0 0 0 0 0 0 0 1 1 1 0 0 0 2 1 1 0 1 2 2 3 10 28 50 45 58 68 44 58 67 51 59 47 43 48 47 69
27 26 7 32 40 22 6 15 5 19 22 53 26 14 14 2 16 49 18 11 11 5 15 21 3 1 8 8 6 5 4 1 0 0 0 1 1 0 0 1 1 0 0 0 0 0 1 5 3 4 3 3 3 0 2 1 1 0 0 0 0 0 0 0 0 0 0 1 0 0 0 1 1 1 5 4 1 1 2 6 12 22 29 37 34 56 59 74 58 44 45 36 34 51 74 62
63 72 47 45 12 8 6 5 6 22 10 7 35 40 5 14 51 18 10 6 11 4 2 12 14 10 12 7 10 6 16 5 1 1 1 2 0 0 0 0 2 0 0 0 0 1 1 1 4 2 5 10 3 2 3 1 1 2 1 1 1 0 1 0 0 0 0 1 1 1 1 0 0 0 1 3 5 9 2 6 8 9 28 23 26 35 54 67 54 50 47 38 70 72 41 38
49 48 66 10 7 9 11 9 9 13 12 3 9 15 13 20 8 29 22 15 9 12 1 3 14 22 17 5 3 4 4 1 3 4 3 2 2 2 0 0 2 1 0 0 1 1 0 0 2 1 9 14 3 12 4 1 4 1 1 1 2 0 1 1 1 0 1 1 3 1 2 0 0 0 0 0 1 8 9 10 3 7 21 23 17 28 58 50 47 43 45 55 73 62 35 58
75 76 60 27 30 29 31 20 9 12 20 2 9 17 22 10 8 50 22 13 14 40 12 10 24 65 20 2 4 5 2 2 0 1 11 3 1 1 0 1 3 3 0 0 0 1 1 1 1 5 6 29 18 15 5 4 5 2 5 2 2 1 1 1 1 1 0 0 2 1 4 5 2 1 0 1 1 1 8 23 26 4 9 14 8 39 30 21 33 53 42 68 47 45 37 69
29 51 79 72 13 12 35 33 48 20 19 5 17 41 25 5 9 67 13 23 19 20 9 35 15 15 6 11 9 5 3 2 1 4 19 5 2 1 0 2 1 0 1 0 0 0 0 1 2 5 3 21 15 24 9 7 13 4 9 5 3 3 1 1 2 1 3 1 2 5 8 8 3 1 2 0 1 1 2 21 14 11 3 7 19 8 14 18 30 26 39 36 24 35 38 81
19 30 48 66 67 18 32 22 17 46 33 12 20 44 30 15 23 65 25 22 9 7 50 52 34 20 7 20 16 6 2 1 7 30 24 18 10 2 2 3 2 0 1 0 0 1 1 1 3 1 1 5 30 38 11 17 10 10 23 11 5 3 1 1 5 2 7 2 2 6 13 7 1 1 2 1 1 1 2 5 26 31 17 7 2 11 23 29 25 41 15 29 30 56 31 69
21 40 60 46 66 66 57 58 28 36 54 12 25 58 39 47 30 39 43 52 45 9 22 29 66 46 38 39 25 27 8 29 40 22 17 34 24 3 2 4 1 0 1 0 1 1 1 1 2 2 3 7 41 42 17 10 14 37 27 19 6 1 3 3 9 5 16 8 6 3 16 6 8 6 5 2 1 2 2 4 9 35 13 19 18 5 14 5 24 9 10 25 19 50 26 46
24 23 15 14 36 58 38 23 26 33 37 17 38 69 51 15 32 24 44 53 64 51 18 18 22 27 57 75 29 29 52 47 51 25 30 27 17 22 6 7 2 5 2 3 1 1 3 4 3 5 4 9 41 72 33 18 44 29 43 25 8 4 4 5 18 6 17 10 10 5 11 6 4 1 3 1 0 1 2 3 2 22 32 18 11 36 13 13 15 15 17 26 40 56 62 27
19 12 1 4 33 35 11 18 21 30 16 30 63 59 25 12 22 28 51 51 63 86 39 17 14 21 68 65 71 20 66 39 37 45 67 49 19 30 8 13 8 25 2 8 4 2 2 1 3 4 5 6 20 71 51 60 44 54 72 26 9 7 8 15 16 8 16 12 8 2 2 4 8 5 6 2 1 1 2 4 8 3 30 29 27 28 40 47 68 34 55 63 44 23 70 22
26 25 9 5 34 27 18 25 30 21 26 35 47 57 27 9 58 57 39 41 46 58 73 71 44 25 49 64 76 72 59 73 64 26 27 17 15 39 6 9 45 17 7 3 2 3 1 2 5 11 18 10 15 42 47 61 58 70 69 42 31 31 28 25 25 5 13 16 11 3 3 10 17 7 2 9 1 1 1 3 6 6 7 29 46 63 37 17 17 29 34 62 52 27 44 65
28 15 16 7 20 16 11 51 27 22 16 23 70 46 21 10 59 41 56 62 57 65 77 75 72 42 45 19 38 73 52 55 58 44 41 37 24 16 20 54 14 17 3 1 3 7 2 3 7 14 15 21 16 21 19 49 66 69 77 47 30 34 25 45 36 11 17 31 6 2 2 9 6 5 19 10 2 2 1 3 3 8 14 6 37 60 46 42 44 36 22 23 40 26 17 40
14 19 11 9 8 7 8 42 35 12 36 51 74 71 25 11 42 15 49 82 78 76 42 55 76 58 52 39 70 90 82 76 47 58 39 20 23 15 35 13 11 6 2 8 22 9 5 5 4 6 10 13 14 15 6 10 49 68 82 44 61 47 57 65 63 16 44 25 15 6 3 7 13 15 30 3 2 10 1 2 2 5 13 16 8 48 43 25 14 23 22 23 18 33 35 35
32 30 22 13 12 7 7 15 32 30 31 63 49 39 55 23 53 19 10 39 45 79 57 50 46 28 48 66 86 92 72 80 83 75 69 33 15 21 58 7 22 14 21 25 25 10 15 2 2 4 21 27 40 44 47 20 7 6 35 51 49 56 68 75 72 34 77 35 33 24 8 9 13 38 15 3 6 5 3 1 3 6 10 14 18 6 16 33 26 25 15 26 50 63 53 54
20 18 11 9 11 9 5 2 19 38 44 45 44 21 23 13 59 33 17 59 53 60 45 55 62 53 40 70 47 75 78 76 77 68 19 24 29 32 30 13 39 34 50 29 20 10 25 15 13 9 13 18 28 22 36 13 5 6 8 35 61 82 69 78 62 28 64 53 18 15 19 31 15 24 7 7 14 7 9 7 4 8 7 11 22 17 4 9 13 19 39 52 63 67 66 60
11 11 13 12 11 10 9 6 7 16 32 44 44 37 20 14 64 29 12 44 33 41 46 57 44 64 59 68 50 21 44 52 41 27 42 38 59 71 36 34 13 44 80 29 14 42 23 14 17 9 13 14 12 22 28 37 20 9 10 61 82 76 82 86 78 73 71 75 52 16 33 20 14 4 5 17 9 2 7 2 3 5 6 9 18 14 24 10 4 24 48 74 81 75 74 49
16 8 22 31 21 19 18 19 13 15 24 37 33 27 24 14 43 23 9 25 41 37 32 39 43 60 58 56 59 45 24 19 27 43 41 71 80 48 49 59 31 72 78 37 52 39 28 10 32 11 21 19 36 55 62 54 34 12 15 28 78 69 86 85 78 70 77 80 69 35 24 28 21 13 11 8 9 26 5 5 2 2 8 8 7 16 33 36 13 16 28 27 48 57 63 56
35 34 25 41 39 31 35 34 25 7 16 23 21 24 18 22 19 16 14 26 26 31 17 24 43 48 51 51 50 63 23 29 31 45 84 86 65 38 65 73 54 67 74 54 44 48 33 19 36 18 14 34 35 58 68 57 40 19 11 16 22 71 83 84 77 67 82 71 42 14 26 42 13 18 28 16 18 6 2 9 2 3 6 8 28 18 13 21 32 38 39 21 15 19 33 40
37 22 36 35 44 35 49 36 22 23 4 8 6 13 22 16 21 18 10 13 29 31 21 21 20 23 58 51 46 23 34 18 44 84 79 78 33 56 86 63 44 49 58 19 29 74 34 47 43 31 19 42 69 48 31 40 48 49 39 24 28 45 70 75 77 72 50 55 27 24 38 30 19 25 28 32 16 9 7 8 5 2 4 18 24 26 20 23 31 39 56 58 44 24 16 32
27 33 41 27 45 42 35 35 33 34 37 20 13 6 6 9 20 18 9 8 18 9 12 15 13 22 55 66 43 31 41 14 62 82 68 41 44 78 89 71 34 45 41 29 75 63 40 31 59 51 19 36 48 71 59 43 17 31 39 49 40 48 39 53 35 55 59 53 25 42 48 39 26 20 32 23 15 20 3 1 6 3 5 12 21 19 24 24 18 29 49 48 49 32 34 16
35 25 36 43 45 32 36 48 32 37 31 32 31 18 12 6 8 15 8 12 17 15 10 12 10 21 25 58 19 20 47 18 56 75 42 43 48 66 59 61 47 51 30 71 74 29 47 78 70 53 54 23 17 26 25 39 24 36 60 65 48 62 45 31 29 44 35 30 26 53 42 53 21 34 38 26 40 9 6 2 7 2 2 3 7 23 32 23 20 18 43 39 49 50 53 34
20 15 37 46 20 35 18 25 47 40 32 35 33 35 25 12 6 4 3 2 4 4 8 11 5 8 11 13 12 50 33 14 24 27 30 60 60 71 91 75 65 48 63 65 58 47 49 84 76 62 80 50 34 52 55 41 31 31 23 41 72 56 45 28 31 48 35 27 37 44 52 54 41 15 16 16 18 10 4 5 1 6 3 5 8 16 21 30 43 30 36 43 52 67 53 48
9 20 57 35 38 24 49 30 50 49 35 38 35 18 19 19 18 15 13 15 15 14 8 8 7 3 6 8 21 56 13 21 28 17 44 68 72 33 65 59 65 51 52 68 54 52 67 86 79 77 79 75 30 26 28 29 35 50 49 16 21 38 37 35 35 41 33 33 29 43 47 58 48 43 8 14 15 7 2 2 5 2 1 5 8 10 19 32 30 50 43 59 65 65 58 58
11 22 48 26 27 30 22 28 46 39 40 42 34 34 21 31 19 27 27 28 19 30 16 13 23 16 2 5 12 37 15 24 32 27 42 46 41 44 36 20 60 68 50 41 51 76 85 85 77 67 77 72 47 37 46 60 61 53 53 29 9 36 30 25 37 29 25 27 39 43 35 40 31 24 27 17 8 10 29 21 12 14 5 4 4 7 11 19 39 34 59 61 59 64 67 71
11 36 14 17 27 23 26 19 38 43 25 22 44 29 26 22 24 27 30 30 31 30 29 26 19 27 12 1 8 21 9 18 28 34 38 37 37 46 47 23 38 78 66 35 67 67 89 82 40 32 43 62 74 67 52 55 55 49 36 23 13 45 28 17 22 25 29 41 42 45 37 37 38 48 52 47 24 36 28 19 12 6 4 2 2 5 15 17 23 33 52 63 67 76 73 74
31 10 15 14 12 22 29 25 15 21 30 38 40 39 22 31 29 31 32 45 44 33 45 32 43 28 25 7 4 17 11 13 22 30 45 42 50 47 45 19 29 52 65 33 64 60 80 52 26 27 49 53 74 69 65 52 56 50 36 36 15 24 21 15 39 29 38 57 46 45 41 34 62 61 76 50 45 25 25 10 2 1 1 4 1 4 7 10 26 48 47 41 37 38 37 42
6 9 20 45 41 31 13 8 12 34 38 34 21 38 37 39 35 47 45 45 46 47 40 48 44 33 19 17 4 4 4 8 7 27 35 66 73 54 55 32 25 25 35 12 33 45 29 34 32 42 42 63 81 72 69 71 70 65 67 51 25 20 24 14 37 43 49 36 27 37 54 50 52 53 50 51 42 22 8 5 5 2 6 5 16 7 3 8 26 24 24 37 46 50 51 55
16 26 25 8 8 15 21 9 19 33 36 32 32 34 33 46 34 45 47 57 32 57 56 52 43 31 16 13 5 3 2 4 6 15 32 50 46 56 63 43 48 38 37 13 27 37 43 71 78 75 88 68 84 82 80 69 76 62 57 47 24 29 26 11 10 21 27 44 51 42 51 69 40 41 33 44 39 8 3 5 3 5 12 8 17 8 20 9 10 13 22 35 39 53 61 59
18 11 18 19 22 12 20 10 31 30 29 33 50 35 49 46 46 63 57 44 50 55 66 38 47 38 31 11 10 6 1 1 1 8 20 31 55 70 70 40 26 35 35 24 31 47 74 55 77 69 69 58 90 86 83 65 54 50 44 25 23 12 11 4 3 16 37 61 65 48 50 69 56 32 22 27 12 11 16 9 4 11 10 12 22 29 12 10 7 11 12 26 38 52 49 71
9 9 6 6 6 6 4 15 33 26 27 45 35 42 44 50 63 37 34 63 53 63 63 43 34 28 34 27 23 19 7 6 2 6 19 17 16 45 61 46 32 34 35 34 51 51 29 48 62 88 61 69 84 72 80 74 62 49 29 24 19 13 2 9 4 11 35 49 72 53 50 21 32 37 22 32 27 19 10 6 6 12 11 16 25 20 5 13 3 5 13 26 37 25 56 63
4 7 14 18 17 9 9 17 27 40 36 38 29 40 63 67 45 32 36 66 55 42 44 47 36 31 38 38 25 20 17 15 7 4 17 22 10 14 13 9 13 25 26 33 47 38 42 58 87 50 38 57 88 77 68 51 47 45 49 39 18 13 3 4 3 10 29 38 49 52 45 29 44 28 30 34 37 37 24 17 13 32 14 12 15 20 21 28 20 7 7 12 13 28 42 42
7 18 12 30 12 12 14 26 26 37 35 14 16 40 42 35 30 32 48 74 45 42 44 49 41 43 33 31 23 14 9 12 17 7 4 13 18 11 8 9 10 20 23 20 23 40 52 36 82 44 56 74 87 66 47 51 47 30 26 34 21 20 2 7 4 5 16 15 35 35 45 46 51 42 63 60 71 24 10 4 28 27 33 20 7 29 39 57 39 23 24 8 27 26 30 72
11 14 32 30 12 24 24 23 41 34 24 17 22 44 28 49 19 33 69 46 38 36 47 51 56 52 38 31 19 24 19 17 18 15 5 3 11 6 7 7 7 17 16 17 21 36 45 41 30 44 66 84 84 61 55 52 35 34 34 27 21 9 9 7 5 5 19 36 46 48 52 51 58 64 69 55 17 12 6 20 27 40 50 63 23 41 64 58 37 23 15 16 11 30 25 45
15 20 12 10 14 19 18 37 14 24 9 24 28 60 43 30 17 55 21 22 51 36 33 29 39 38 38 39 41 29 35 33 22 19 10 10 2 9 8 6 6 7 9 18 29 50 27 45 16 23 54 75 91 87 62 52 44 22 33 23 20 10 13 4 2 9 28 47 65 63 56 59 62 52 41 39 25 25 26 29 33 48 47 69 60 55 50 18 6 4 10 30 27 24 24 32
15 14 10 7 12 18 27 5 27 8 11 22 38 48 28 14 44 42 32 17 20 36 18 21 37 37 55 37 52 53 42 43 24 23 19 14 10 3 4 6 8 7 9 19 23 37 9 34 11 39 52 23 73 82 60 43 27 23 22 10 22 24 11 6 3 22 35 40 44 48 49 49 53 50 66 65 49 39 31 19 32 34 33 65 62 41 28 27 25 21 33 7 22 28 21 27
4 10 7 6 11 21 24 5 21 14 23 15 47 22 16 26 47 19 25 22 59 44 30 24 38 57 48 62 60 70 49 28 8 35 21 21 21 10 4 1 5 9 9 17 21 7 20 35 9 35 27 65 73 53 53 50 49 36 21 14 23 21 16 11 2 4 20 36 44 40 43 49 60 47 37 31 22 16 44 12 36 55 44 47 38 26 57 51 35 39 26 14 14 30 43 54
52 6 10 9 14 9 11 16 15 14 24 20 17 16 15 51 18 26 24 55 53 36 48 39 26 55 60 64 80 69 64 31 16 18 15 14 18 19 19 2 2 7 15 14 7 14 56 22 10 33 71 73 79 43 42 54 38 32 28 18 22 12 12 6 3 3 7 18 28 32 14 30 25 21 32 38 27 19 31 29 32 59 83 46 32 51 50 47 56 37 19 24 15 27 29 48
38 70 45 50 37 14 3 2 23 10 37 59 70 46 32 37 37 51 33 48 38 42 46 44 43 53 72 82 59 67 58 45 46 33 27 30 12 20 22 8 1 6 8 11 6 6 10 10 4 34 54 82 76 33 44 48 48 32 19 27 21 12 11 2 3 3 24 32 35 49 50 51 60 49 28 23 25 44 37 48 62 53 62 77 48 52 67 60 34 14 33 41 11 13 30 46
33 63 40 50 36 24 36 8 29 18 7 19 71 72 75 35 21 36 51 50 41 37 51 40 56 59 74 65 69 72 69 59 51 49 52 28 23 28 21 13 8 2 4 7 14 10 8 4 7 26 50 30 54 26 54 38 49 44 28 16 18 20 9 3 2 12 25 41 47 60 71 56 32 43 58 31 34 47 50 77 69 63 64 62 19 33 32 44 55 61 63 21 40 12 14 27
20 66 34 56 45 35 73 40 20 52 31 28 63 70 53 43 54 39 73 85 84 67 47 32 68 59 66 61 54 53 62 57 57 61 59 47 36 26 17 18 17 6 3 5 11 7 12 4 6 10 19 22 65 44 67 66 42 51 28 31 9 9 7 3 7 17 33 30 46 57 71 71 70 56 66 61 58 52 50 77 80 53 45 44 28 34 54 66 50 82 37 38 47 41 13 16
28 63 47 39 61 27 42 12 31 61 41 19 7 51 56 48 61 45 45 80 84 46 75 34 69 57 67 57 56 37 50 69 71 72 70 47 25 23 29 22 9 6 3 2 15 8 14 4 3 3 13 36 66 26 38 21 47 55 51 27 8 6 3 2 9 16 33 30 47 56 62 69 55 34 28 31 66 37 72 77 88 86 34 33 32 48 70 43 66 79 57 61 36 22 12 20
5 20 11 30 55 38 43 8 36 74 29 16 11 29 65 56 63 63 27 35 64 46 44 62 26 29 80 50 35 27 16 24 45 43 50 56 38 44 42 21 12 6 2 1 5 9 10 9 1 9 18 46 39 56 37 24 27 22 16 9 13 6 5 2 6 14 21 23 34 43 47 31 32 42 37 47 78 83 69 66 82 87 74 32 22 41 34 53 80 62 48 14 6 6 9 18
6 30 57 36 47 26 60 34 49 80 59 28 31 35 68 81 47 10 10 20 32 20 34 75 38 19 69 54 64 32 3 27 56 54 33 60 55 47 24 14 6 4 1 1 1 11 14 7 5 17 23 37 22 32 27 29 9 7 17 18 11 6 2 4 9 9 11 16 18 33 38 34 47 40 47 71 83 85 82 56 67 78 74 47 20 32 48 67 59 26 21 36 29 18 28 37
11 7 7 11 17 32 66 19 58 63 85 53 38 30 28 21 14 11 12 30 24 23 20 70 30 57 61 50 66 78 43 28 37 33 42 54 49 41 33 25 11 3 1 1 1 4 11 8 3 8 24 41 7 17 24 45 20 9 11 14 4 4 1 3 6 16 55 40 46 57 59 72 73 48 63 91 88 89 83 67 29 55 72 70 27 35 48 67 47 44 82 48 21 18 17 53
13 23 10 9 19 37 62 50 31 57 80 61 29 14 36 31 13 34 13 15 23 23 22 74 31 29 66 51 57 71 50 41 57 29 20 25 14 21 18 19 19 14 3 1 1 2 2 4 4 8 23 28 5 17 13 12 24 25 10 5 3 3 1 4 7 17 28 50 68 72 88 63 34 45 77 93 89 82 83 84 77 43 76 76 30 38 57 48 33 71 66 41 41 50 8 3
15 25 20 13 19 13 63 69 62 29 83 55 24 8 33 27 35 37 27 17 23 30 8 41 69 11 32 37 67 84 43 14 32 26 41 46 39 35 23 18 16 9 9 3 1 0 1 1 2 7 29 27 7 12 17 10 18 14 7 5 3 2 2 4 4 20 31 55 70 67 35 31 48 54 76 81 87 82 81 71 83 57 51 57 45 58 44 31 67 87 47 52 50 49 33 9
33 20 24 10 11 14 49 81 48 43 74 71 53 10 33 30 51 41 35 28 32 49 25 29 85 31 47 46 70 68 68 51 51 59 54 47 46 42 34 14 7 4 8 4 2 0 1 3 7 19 39 33 9 16 14 4 5 12 12 7 2 1 1 4 12 28 63 66 55 34 45 45 55 86 79 70 88 70 61 56 81 68 56 23 21 52 46 61 88 65 49 53 69 43 34 13
65 13 27 15 13 22 40 51 19 17 83 65 14 7 32 35 57 49 61 50 57 51 50 38 58 42 26 55 65 59 67 69 47 37 37 23 34 36 36 26 12 7 4 2 2 1 1 2 4 12 31 23 12 8 4 4 3 2 2 3 3 3 1 3 13 43 48 38 25 29 49 53 79 86 86 74 65 80 51 58 82 60 30 14 39 66 71 78 82 39 62 84 70 55 54 19
13 27 12 14 14 12 20 35 28 36 74 42 21 8 27 32 58 27 58 46 48 59 55 39 50 62 43 30 15 48 46 64 37 28 40 33 23 15 27 22 9 5 4 2 1 0 1 2 11 20 25 7 8 8 6 3 4 2 2 1 0 0 2 5 15 33 22 8 25 47 49 53 83 87 78 72 68 75 79 46 59 52 27 22 48 54 71 85 64 58 82 71 63 56 38 29
14 11 25 28 13 15 8 13 12 16 37 18 43 21 15 31 60 33 26 57 35 25 13 58 60 69 22 21 9 26 62 72 65 40 29 20 23 13 14 7 8 7 3 2 1 0 1 2 5 10 15 10 4 5 3 4 6 2 1 1 0 0 3 5 23 12 4 15 42 48 54 78 77 80 76 77 70 64 79 57 41 48 26 23 48 55 77 81 69 53 49 59 49 35 38 44
27 20 14 35 39 26 25 11 7 26 21 16 45 48 19 31 47 51 24 30 28 34 27 82 62 58 43 7 11 9 28 35 60 56 39 28 20 13 9 6 21 9 4 3 1 1 0 2 9 9 11 9 13 5 5 6 5 3 1 1 0 0 2 9 10 3 7 28 44 65 66 83 82 71 57 42 43 48 59 61 51 26 19 23 42 49 70 69 52 31 46 33 19 28 38 52
32 25 15 27 29 44 25 11 3 23 26 14 16 28 18 21 36 46 24 22 22 14 15 35 15 28 53 12 14 13 8 28 60 60 36 24 30 50 45 28 15 5 2 2 2 1 0 0 2 5 5 8 9 5 5 5 8 3 1 1 0 0 0 2 1 4 8 17 42 82 76 71 85 81 61 44 23 12 28 46 39 18 10 17 33 48 65 45 26 47 50 49 71 52 59 53
72 40 27 12 25 39 57 9 14 26 33 20 8 18 17 10 25 47 21 18 17 14 5 21 5 10 38 31 8 19 6 10 35 75 56 33 21 15 14 10 10 7 6 2 1 1 2 0 1 5 5 5 6 11 4 2 4 3 1 0 0 0 0 1 5 19 25 51 69 61 83 86 77 85 81 64 47 27 11 14 33 23 8 3 12 27 34 13 26 46 48 76 74 58 47 53
65 87 43 27 9 18 17 15 19 26 22 15 30 10 15 6 8 47 28 18 13 10 4 15 16 2 23 31 11 17 11 4 20 48 67 47 29 29 35 25 10 6 4 2 1 0 1 0 0 1 5 8 6 3 6 3 1 1 1 0 0 0 0 1 7 29 44 31 36 56 77 73 71 74 87 68 47 22 11 7 9 7 1 4 12 7 11 19 42 50 75 75 46 53 54 57
23 80 85 63 35 19 7 31 14 11 13 14 34 18 12 9 8 43 34 24 10 4 3 9 20 2 14 17 13 18 11 6 21 16 22 56 28 11 22 22 12 4 3 3 1 0 0 0 0 0 2 5 6 4 4 3 2 1 0 0 0 0 1 3 7 7 6 29 69 71 68 64 61 68 73 67 47 26 26 12 3 1 1 4 17 31 32 23 36 59 58 38 34 50 62 57
16 63 69 81 53 29 15 30 29 9 23 14 19 17 27 18 10 20 40 13 10 6 2 6 14 7 11 14 4 19 21 5 19 18 19 10 59 34 35 18 10 5 4 2 1 1 0 0 0 0 1 2 2 2 6 2 2 1 1 0 0 0 1 3 7 14 23 33 65 76 69 80 72 37 43 56 42 39 32 21 6 1 1 5 16 27 52 63 36 30 23 33 45 52 73 54
39 52 45 70 43 25 24 24 28 22 17 16 18 28 22 20 17 16 26 23 9 6 4 11 18 15 10 13 5 9 27 11 5 9 13 29 35 10 46 20 8 4 3 3 0 1 0 0 0 0 0 1 2 3 6 3 1 1 0 0 0 0 1 2 6 11 19 48 64 71 88 80 82 64 35 25 38 32 27 21 4 1 3 14 21 32 54 69 65 52 52 32 47 51 78 69
31 50 22 52 56 49 37 27 24 21 14 11 12 15 17 22 14 14 10 19 13 7 4 6 5 14 12 13 8 3 7 5 3 10 17 28 31 14 50 12 15 12 4 4 2 1 0 0 0 0 0 0 1 2 8 3 1 1 1 0 0 0 0 2 6 12 20 32 62 49 81 79 70 69 74 45 40 29 13 4 2 1 3 11 30 47 60 66 72 60 57 50 42 67 90 80
43 36 35 27 37 22 27 26 54 43 21 8 14 12 10 19 11 10 12 11 11 10 4 2 6 12 5 13 10 5 3 2 6 8 46 50 26 21 11 18 15 10 4 3 2 1 0 0 0 0 0 0 0 1 6 1 1 1 0 0 0 0 0 1 5 12 21 54 70 74 78 83 75 63 58 58 35 26 9 2 0 4 7 3 12 38 51 60 64 43 57 58 76 90 90 82
24 43 28 22 19 14 15 12 15 19 11 11 7 8 7 7 7 8 8 12 12 8 5 1 2 13 2 7 4 7 3 1 8 23 30 41 50 71 66 47 12 9 3 2 1 1 0 0 0 0 0 0 0 1 1 2 2 1 0 0 0 0 0 1 6 21 52 70 73 83 83 82 82 76 43 34 35 14 9 1 1 9 24 17 15 11 22 27 30 45 45 71 70 90 91 81
14 27 14 17 8 9 6 2 6 5 4 6 8 4 3 5 5 5 6 7 8 6 5 1 2 5 3 6 6 3 5 2 1 7 12 12 12 14 15 2 9 5 5 1 1 1 0 0 0 0 0 0 0 0 0 0 1 1 0 0 0 0 1 5 15 11 26 41 70 83 68 87 72 65 37 26 21 15 9 1 2 7 22 35 56 41 45 36 45 62 64 70 82 85 83 78
3 5 8 4 3 4 3 2 6 7 2 3 2 3 3 3 2 2 2 3 4 4 6 2 3 6 9 2 5 4 3 2 1 1 1 1 1 3 7 5 5 2 2 1 1 1 0 0 0 0 0 0 0 0 0 0 0 0 0 0 0 0 1 5 8 19 20 38 60 53 67 75 74 53 28 17 9 3 1 0 2 3 12 22 34 53 68 59 70 83 76 62 78 73 80 75
16 4 2 2 3 3 5 12 6 7 13 16 14 25 9 7 2 1 1 1 2 2 2 2 2 3 6 3 5 5 3 1 1 0 1 2 1 1 2 4 9 7 5 3 1 1 0 0 0 0 0 0 0 0 0 0 0 0 0 0 0 0 2 2 5 14 21 55 49 52 68 55 58 28 18 9 2 1 0 2 4 11 19 31 35 57 86 83 44 46 80 88 72 51 58 73
33 21 7 14 13 15 15 25 15 18 30 33 45 39 30 18 11 5 4 2 2 1 1 1 1 5 5 3 2 6 2 1 0 0 2 1 0 1 1 3 5 3 2 1 1 1 0 0 0 0 0 0 0 0 0 0 0 0 0 0 0 1 0 1 6 19 26 23 37 45 50 43 52 21 14 6 1 0 2 6 13 20 29 41 68 75 67 28 37 68 91 88 91 52 40 50
47 21 16 30 31 34 34 36 37 42 37 35 38 59 40 27 18 16 11 5 4 4 1 1 0 1 3 3 4 1 1 0 0 1 2 2 2 1 1 1 2 2 2 1 0 1 1 0 0 0 0 0 0 0 1 0 0 0 0 0 0 0 1 3 10 23 36 24 13 13 29 32 19 15 3 2 0 1 5 10 24 26 47 71 70 40 17 29 50 85 90 81 76 75 24 14
43 38 22 45 41 53 37 41 55 42 56 43 58 48 40 38 50 31 8 17 13 5 3 3 2 1 0 1 1 1 0 0 0 1 1 2 2 2 2 1 1 4 3 3 0 1 1 0 0 0 0 0 0 0 0 0 0 0 0 0 0 0 1 2 9 21 33 30 9 24 17 15 11 3 1 0 0 2 5 9 24 50 45 38 18 11 25 46 62 78 81 80 60 79 40 13
45 41 29 52 65 80 68 58 74 66 62 50 76 68 70 67 39 20 21 36 21 6 7 8 7 4 2 1 0 0 0 0 0 0 0 1 1 2 5 3 0 1 1 1 1 1 1 0 0 0 0 0 0 0 0 0 0 0 0 0 0 0 1 2 7 19 41 30 14 9 13 8 5 1 0 0 1 3 6 7 31 30 23 5 12 31 43 67 77 65 75 62 50 60 67 13
66 71 62 55 62 64 49 33 69 47 46 42 46 62 71 44 45 49 48 49 33 8 2 5 13 6 4 3 1 0 0 0 0 1 1 2 1 0 0 0 0 1 0 0 0 1 0 0 0 0 0 0 0 0 0 0 0 0 0 0 0 1 1 1 3 22 51 44 12 18 7 4 1 0 0 0 1 3 5 11 9 3 3 13 26 37 46 84 82 93 69 30 28 34 49 17
64 51 77 64 65 77 72 61 49 42 55 66 43 35 54 79 76 53 17 15 17 5 1 2 6 8 4 3 3 1 0 0 0 0 1 0 1 1 0 0 1 1 1 0 0 0 1 0 0 0 0 0 0 0 0 0 0 0 0 0 0 1 1 1 3 13 39 56 32 18 6 1 0 0 0 0 1 2 6 1 1 3 14 26 33 38 69 68 80 86 84 39 13 7 34 27
70 34 75 77 51 31 61 64 71 67 44 35 79 41 46 68 48 46 34 23 22 8 11 6 8 12 6 4 3 2 1 1 0 0 0 0 0 0 1 1 1 0 0 1 0 0 0 1 0 0 0 0 0 0 0 0 0 0 0 0 0 1 1 2 2 5 11 36 33 14 5 1 0 0 0 0 0 0 0 1 3 12 16 26 47 62 70 67 63 59 83 49 19 6 6 10
