sesion_6_simulaciones/modelos_agentes/ejemplos_netlogo/scenarios/echam4_b2/rob_2078.asc
NCOLS 322 
NROWS 307 
XLLCORNER 451900 
YLLCORNER 4086900 
CELLSIZE 100 
NODATA_value -9999 
[rows 146 to 218 of 307, columns 192 to 287 of 322]
34 60 77 74 87 89 81 83 79 67 55 28 16 3 1 0 0 0 0 0 0 0 0 0 0 0 0 0 0 0 0 0 0 0 0 0 0 0 1 1 1 0 1 1 4 13 28 41 38 28 43 51 58 64 57 24 10 4 26 46 50 69 62 53 53 65 59 54 75 49 41 66 24 32 45 25 54 31 44 31 59 51 26 15 7 4 2 1 1 0 0 0 0 0 0 0
27 52 65 66 81 79 88 88 87 89 78 51 13 5 3 3 1 0 0 0 0 0 0 0 0 0 0 0 0 0 0 0 0 0 0 0 0 0 0 1 0 0 1 6 10 10 20 17 22 31 46 43 51 51 35 13 14 5 12 18 37 59 73 74 82 84 72 58 68 65 50 76 30 59 31 44 45 38 57 27 12 28 21 14 7 3 2 1 0 0 0 0 0 0 0 0
14 33 25 45 63 66 74 78 85 65 83 70 30 15 7 2 1 0 0 0 0 0 0 0 0 0 0 0 0 0 0 0 0 0 0 0 0 0 0 0 1 0 2 3 4 8 10 20 12 30 23 20 15 19 18 13 7 9 22 27 72 66 46 71 67 68 71 47 43 81 54 70 56 29 33 82 46 60 71 65 52 47 22 8 7 2 1 1 0 0 0 0 0 0 0 0
2 8 21 50 42 55 61 77 77 83 68 36 31 18 6 1 1 0 0 0 0 0 0 0 0 0 0 0 1 0 0 0 0 0 0 0 0 0 0 0 1 0 1 4 5 7 5 11 17 15 15 10 8 11 5 2 4 13 19 44 33 47 79 79 50 67 82 79 56 67 78 75 74 38 40 72 47 65 56 42 53 30 23 10 5 2 1 1 1 0 0 0 0 0 0 0
2 1 9 28 33 40 61 63 65 79 46 33 23 7 3 1 0 0 0 0 0 0 0 0 0 0 0 0 0 0 0 0 0 0 0 0 0 0 0 1 1 4 10 7 13 11 2 2 8 8 9 4 3 3 1 1 6 11 19 29 23 36 71 64 53 69 48 50 77 86 80 67 59 46 38 64 57 31 22 24 11 10 9 3 4 3 1 0 1 0 0 0 0 0 0 0
3 1 2 4 4 21 28 20 47 68 40 40 37 9 2 1 0 0 0 0 0 0 0 0 0 0 0 0 0 0 0 0 0 0 0 0 1 1 1 1 1 5 4 3 4 2 2 1 1 5 4 3 1 1 1 3 10 14 20 17 26 51 45 62 69 58 35 54 55 40 58 71 57 44 73 55 49 28 32 30 8 4 6 4 2 2 1 0 1 1 0 0 0 0 0 0
11 2 0 0 3 4 5 14 50 53 72 48 36 14 2 0 0 0 0 0 0 0 0 0 0 0 0 0 0 0 0 0 0 0 0 0 0 0 1 4 2 2 3 2 1 1 1 0 0 1 1 1 1 0 1 2 5 7 13 21 36 34 28 24 56 31 40 45 34 38 36 58 57 57 54 59 43 45 42 23 24 20 29 12 6 3 2 2 1 1 0 0 0 0 0 0
7 2 0 0 2 1 1 9 30 15 60 58 39 12 2 0 0 0 0 0 0 0 0 0 0 0 0 0 0 0 0 0 0 0 0 1 1 1 1 2 4 1 1 4 4 1 0 0 1 0 1 1 0 0 0 1 3 5 5 16 44 26 23 17 19 32 33 24 47 46 49 39 42 53 38 35 45 61 64 62 56 35 20 26 12 6 3 1 1 1 0 0 0 0 0 0
6 1 0 0 0 0 1 8 4 5 35 32 15 6 1 0 0 0 0 0 0 0 0 0 0 0 0 0 0 0 0 0 0 1 0 1 2 2 3 2 1 1 0 0 0 0 0 0 0 0 0 0 0 0 1 1 2 3 7 8 8 11 14 15 11 24 39 26 15 27 36 30 36 51 46 46 25 23 40 44 50 28 20 11 7 4 2 3 2 1 0 0 0 0 0 0
3 0 0 0 0 0 1 2 3 6 17 17 6 1 1 0 0 0 0 0 0 0 0 0 0 0 0 0 0 0 0 0 0 0 0 1 3 2 2 2 1 1 0 0 0 0 0 0 0 0 0 0 0 0 1 2 3 4 9 6 4 3 7 9 10 9 12 14 29 33 33 43 42 57 29 36 48 25 22 12 8 9 4 4 4 3 3 4 1 1 0 0 0 0 0 0
1 0 0 0 0 0 0 0 1 2 3 3 1 0 0 0 0 0 0 0 0 0 0 0 0 0 0 0 0 0 0 0 0 0 1 1 1 2 1 1 1 1 1 0 0 0 0 0 0 0 0 0 0 1 1 1 2 2 4 2 1 2 14 33 28 19 28 50 57 50 58 41 67 64 55 70 61 42 38 34 35 17 7 4 2 5 5 2 1 1 0 0 0 0 0 0
1 0 0 0 0 0 0 0 0 0 0 0 0 0 0 0 0 0 0 0 0 0 0 0 0 0 0 0 0 0 0 0 0 0 0 0 0 0 0 0 0 0 0 0 0 0 0 0 0 0 0 0 0 0 0 1 1 1 1 1 1 7 16 34 29 41 26 50 54 60 36 25 34 34 69 43 29 33 57 62 41 25 16 8 9 9 3 1 1 1 1 0 0 0 0 0
0 0 0 0 0 0 0 0 0 0 0 0 0 0 0 0 0 0 0 0 0 0 0 0 0 0 0 0 0 0 0 0 0 0 0 0 0 0 0 0 0 0 0 0 0 0 0 0 0 0 1 0 0 0 0 1 1 1 1 2 5 13 15 18 25 40 44 45 39 40 74 44 39 43 58 41 69 65 62 62 50 36 20 8 4 3 3 2 2 1 1 0 0 0 0 0
0 0 0 0 0 0 0 0 0 0 0 0 1 0 0 0 0 0 0 0 0 0 0 0 0 0 0 0 0 0 0 0 0 0 0 0 0 0 0 0 0 0 0 0 0 0 0 0 1 0 1 1 1 1 1 1 1 1 2 5 11 18 15 27 35 48 30 57 49 56 44 26 53 57 74 68 48 29 26 23 15 14 6 2 3 2 2 2 1 1 1 1 0 0 0 0
0 0 0 0 0 0 0 0 0 1 0 0 0 0 0 0 0 0 0 0 0 0 0 0 0 0 0 0 0 0 0 0 0 0 0 0 0 0 0 0 0 0 0 0 0 0 1 0 1 1 1 1 1 2 1 2 1 1 4 16 26 18 26 42 43 30 34 29 24 35 41 27 25 26 58 55 58 59 28 23 20 8 2 6 2 3 2 1 3 2 2 1 1 1 0 0
0 0 0 0 0 0 0 0 0 1 1 0 0 0 0 0 0 0 0 0 0 0 0 0 0 0 0 0 0 0 0 0 0 0 0 0 0 0 0 0 0 0 0 0 0 1 1 1 1 2 3 2 2 2 2 2 3 3 5 13 29 30 31 22 38 35 42 73 67 40 58 52 34 40 61 68 43 47 46 33 31 12 13 4 6 8 5 1 3 4 5 1 1 0 0 0
0 0 0 0 0 0 0 1 0 0 0 0 0 0 0 0 0 0 0 0 0 0 0 0 0 0 0 0 0 0 0 0 0 0 0 0 0 0 0 1 1 0 1 1 1 1 1 1 1 1 1 5 3 4 4 3 5 4 10 19 21 27 35 32 22 33 38 49 50 45 57 60 32 46 70 70 44 44 44 34 22 13 11 6 8 11 6 4 8 7 2 1 0 0 0 0
0 0 0 0 0 0 0 0 0 0 0 0 0 0 0 0 0 0 0 0 0 0 0 0 0 0 0 0 0 0 0 0 0 0 0 0 0 0 1 2 1 1 1 1 1 2 2 2 1 1 1 2 6 6 7 5 12 7 6 22 28 33 41 52 40 16 13 22 26 49 41 37 30 28 56 68 43 62 56 33 18 10 14 15 19 12 10 13 10 10 3 1 0 0 0 0
0 0 0 0 0 0 0 0 0 0 0 0 0 0 0 0 0 0 0 0 0 0 0 0 0 0 0 0 0 0 0 0 0 0 0 0 0 1 1 1 2 1 1 1 1 6 3 4 2 2 1 1 2 5 9 13 16 17 14 20 25 28 28 38 47 53 37 27 22 30 34 32 25 28 43 65 40 46 43 22 24 12 29 19 31 29 32 29 12 3 1 0 0 0 0 0
0 0 0 0 0 0 0 0 0 0 0 0 0 0 0 0 0 0 0 0 0 0 0 0 0 0 0 0 0 0 0 0 0 0 0 0 0 1 2 3 2 2 1 1 3 2 4 5 6 3 1 2 1 1 2 5 20 54 21 23 28 26 29 32 39 56 54 42 28 43 34 28 43 57 57 63 53 46 47 34 28 29 41 25 43 24 9 4 5 1 1 0 0 0 0 0
0 0 0 0 0 0 0 0 0 0 0 0 0 0 0 0 0 0 0 0 0 0 0 0 0 0 0 0 0 0 0 0 0 0 0 0 0 1 1 2 0 0 5 1 1 7 6 7 5 8 5 2 2 4 5 9 15 19 25 40 58 42 28 31 38 58 67 52 39 42 36 33 51 45 61 60 40 43 45 48 33 38 38 57 50 30 11 5 5 3 2 1 0 0 0 0
0 0 0 0 0 0 0 0 0 0 0 0 0 0 0 0 0 0 0 0 0 0 0 0 0 0 0 0 0 0 0 0 0 0 0 0 0 1 1 1 0 2 3 7 4 2 4 11 9 14 11 8 5 3 5 10 16 21 14 21 25 25 37 67 40 37 38 48 34 47 27 20 15 28 48 71 52 51 44 44 49 72 44 55 66 45 12 6 8 5 1 0 0 0 0 0
0 0 0 0 0 0 0 0 0 0 0 0 0 0 0 0 0 0 0 0 0 0 0 0 0 0 0 0 0 0 0 0 0 0 0 0 0 0 0 0 0 2 6 2 1 2 9 1 6 21 37 24 14 10 6 17 8 7 6 19 35 20 39 23 55 38 20 17 22 16 49 60 44 45 37 56 26 29 37 57 78 54 70 51 28 23 13 2 3 4 2 0 0 0 0 1
0 0 0 0 0 0 0 0 0 0 0 0 0 0 0 0 0 0 0 0 0 0 0 0 0 0 0 0 0 0 0 0 0 0 0 0 0 0 0 1 1 1 1 4 4 3 10 11 4 7 14 23 28 15 13 8 12 17 13 19 20 34 42 52 49 71 39 25 33 28 40 48 38 60 34 68 25 53 69 71 73 77 66 59 49 25 19 4 2 2 1 0 0 0 1 1
0 0 0 0 0 0 0 0 0 0 0 0 0 0 0 0 0 0 0 0 0 0 0 0 0 0 0 0 0 0 0 0 0 0 0 0 0 1 1 1 3 4 3 4 10 10 5 11 29 9 17 18 39 22 25 10 11 14 38 20 22 25 38 33 38 46 61 46 24 29 41 65 33 36 60 56 62 60 57 76 79 74 53 26 20 20 10 4 2 1 1 0 0 0 1 0
0 0 1 1 0 0 0 0 0 0 0 0 0 0 0 0 0 0 0 0 0 0 0 0 0 0 0 0 0 0 1 2 1 1 0 0 0 1 1 1 2 5 7 9 6 20 22 7 21 26 21 27 36 29 25 16 17 24 25 25 27 24 24 22 27 31 40 60 37 28 30 56 22 22 30 47 57 75 73 75 49 43 40 30 24 7 4 1 2 1 1 0 0 1 0 0
0 0 0 1 0 0 0 0 0 0 0 0 0 0 0 0 0 0 0 0 0 0 0 0 0 0 0 0 0 0 1 2 2 1 1 0 1 2 2 1 3 8 5 8 26 22 17 24 18 52 52 29 19 70 36 31 31 27 26 38 30 32 25 28 25 47 53 46 52 63 41 17 37 24 48 56 34 61 71 77 56 38 39 24 18 16 18 11 4 3 1 0 0 1 1 0
0 0 1 0 0 0 0 0 0 0 0 0 0 0 0 0 0 0 0 0 0 0 0 0 0 0 0 0 0 0 0 0 3 1 1 0 0 2 3 2 3 8 12 9 27 22 49 29 44 48 53 47 41 57 41 32 30 33 29 43 28 21 27 36 35 44 40 52 40 17 49 38 31 37 33 30 26 37 37 66 78 57 50 50 50 35 20 14 8 4 1 0 1 1 2 0
0 0 0 0 0 0 0 0 0 0 0 0 0 0 0 0 0 0 0 0 0 0 0 0 0 0 0 0 0 0 0 1 1 2 3 0 0 1 4 5 4 9 12 10 29 34 50 51 56 42 68 67 67 67 58 54 55 41 27 54 44 31 18 28 38 55 48 56 60 64 42 42 31 50 26 44 32 39 42 26 24 57 54 48 33 24 15 15 12 2 1 0 1 1 4 1
0 0 1 0 0 0 0 0 0 0 0 0 0 0 0 0 0 0 0 0 0 0 0 0 0 0 0 0 0 0 0 1 1 3 4 1 1 1 1 5 11 12 9 24 40 36 36 25 46 65 67 72 72 67 71 59 57 56 43 59 38 32 20 22 36 22 41 44 50 52 43 29 16 32 34 36 32 39 44 51 44 43 53 41 31 27 45 13 4 4 1 0 0 1 4 2
0 0 1 1 0 0 0 0 0 0 0 0 0 0 0 0 0 0 0 0 0 0 0 0 0 0 0 0 0 0 1 2 3 3 4 2 2 1 2 1 4 11 23 13 48 64 39 45 53 58 71 72 75 67 55 72 56 55 60 62 42 49 23 35 39 54 33 40 35 38 29 34 47 23 45 26 40 49 58 64 51 53 49 26 30 24 22 12 6 3 1 0 1 2 5 6
1 1 2 2 1 0 0 0 0 0 0 0 0 0 0 0 0 0 0 0 0 0 0 0 0 0 0 0 0 1 1 2 4 6 7 5 3 3 4 3 5 2 6 16 36 39 57 61 55 57 68 72 73 68 75 78 57 55 57 61 59 50 29 43 42 40 25 24 25 26 25 31 41 34 24 31 55 62 52 58 65 54 47 30 18 21 18 9 5 2 1 0 1 3 4 12
1 3 2 1 1 0 0 0 0 0 0 0 0 0 0 0 0 0 0 0 0 0 0 0 0 0 0 0 0 0 1 2 4 5 3 6 6 8 9 18 40 9 7 8 13 17 26 76 74 74 44 69 68 75 78 42 40 64 58 57 61 57 45 43 61 47 29 19 24 20 21 19 17 48 52 40 45 67 62 52 55 61 61 33 16 14 10 5 3 1 0 0 1 4 5 16
1 4 3 2 1 0 0 0 0 0 0 0 0 0 0 0 0 0 0 0 0 0 0 0 0 0 0 0 0 0 0 1 2 7 7 2 3 3 3 6 18 37 24 13 18 40 33 61 57 71 74 59 66 66 61 64 54 29 66 65 58 53 37 36 49 42 30 17 26 27 21 25 23 37 54 39 50 62 57 50 57 67 55 38 27 14 8 3 1 0 0 0 2 3 7 15
2 8 5 2 1 1 0 0 0 0 0 0 0 0 0 0 0 0 0 0 0 0 0 0 0 0 0 0 0 0 0 0 0 7 5 1 2 2 1 3 7 12 35 53 61 44 51 28 29 28 30 43 67 60 49 61 44 48 38 63 54 47 33 33 58 26 17 16 16 25 28 35 43 52 41 36 38 52 44 37 45 49 48 38 19 11 8 7 2 1 0 0 1 2 6 9
3 15 8 2 1 0 0 0 0 0 0 0 0 0 0 0 0 0 0 0 0 0 0 0 0 0 0 0 0 0 0 1 0 0 0 0 0 0 1 4 5 10 12 45 45 40 21 13 36 28 34 41 64 51 52 66 69 63 65 55 46 50 45 44 26 14 26 25 11 18 20 25 36 22 25 21 26 34 25 34 47 47 27 27 17 12 11 12 6 2 1 0 0 2 5 6
8 9 4 2 1 1 0 0 0 0 0 0 0 0 0 0 0 0 0 0 0 0 0 0 0 0 0 0 0 0 1 1 0 0 0 1 1 2 2 3 3 9 11 8 18 23 16 37 49 32 30 62 31 53 72 40 72 53 35 34 73 60 52 29 9 13 23 28 19 29 25 13 31 14 26 23 28 31 46 44 45 42 39 43 32 20 16 13 8 2 1 0 0 1 3 4
24 4 2 3 2 1 0 0 0 0 0 0 0 0 0 0 0 0 0 0 0 0 0 0 0 0 0 0 0 0 1 1 0 0 1 1 1 1 3 5 7 6 6 13 13 10 31 41 45 35 42 40 43 54 39 44 42 36 27 25 14 35 40 28 29 13 41 43 27 24 26 29 40 40 42 47 49 49 58 53 54 63 54 60 45 17 13 11 9 2 1 0 0 1 3 4
19 10 4 4 2 1 1 1 0 0 0 0 0 0 0 0 0 0 0 0 0 0 0 0 0 0 0 0 0 0 0 0 0 0 1 1 1 2 3 4 2 4 9 9 11 9 20 29 32 49 42 36 50 41 40 51 45 59 57 38 24 32 44 31 44 17 28 39 30 9 13 45 20 43 58 55 57 52 59 67 69 62 39 37 35 20 13 11 4 2 1 0 0 0 2 5
19 19 19 6 4 3 1 0 0 0 0 0 0 0 0 0 0 0 0 0 0 0 0 0 0 0 0 0 0 0 0 0 0 0 1 2 1 1 4 2 1 2 7 7 7 7 19 35 60 64 57 62 52 70 44 63 58 31 38 45 34 32 52 83 85 47 38 30 20 9 9 7 7 19 18 22 25 35 52 57 50 45 41 43 42 26 15 10 3 2 1 0 0 0 1 4
41 38 20 9 5 2 1 1 0 0 0 0 0 0 0 0 0 0 0 0 0 0 0 0 0 0 0 0 0 0 0 0 0 0 1 1 0 1 0 1 1 1 6 3 6 18 16 11 46 42 48 44 35 48 67 66 30 29 35 46 47 39 33 43 22 54 28 36 8 4 14 25 26 27 27 34 35 23 16 31 49 33 38 61 41 27 16 6 6 3 1 0 0 1 1 3
35 34 17 7 4 2 1 1 1 0 0 0 0 0 0 0 0 0 0 0 0 0 0 0 0 0 0 0 0 0 0 0 0 0 0 0 0 1 2 1 2 2 3 5 15 16 13 11 27 23 26 9 11 11 14 14 23 44 36 35 48 50 32 28 16 23 19 6 13 9 5 14 44 42 20 22 44 54 66 64 61 48 20 37 48 25 20 17 8 2 1 0 0 1 2 2
36 34 11 6 5 4 4 2 1 0 0 0 0 0 0 0 0 0 0 0 0 0 0 0 0 0 0 0 0 0 0 0 0 0 0 0 0 1 1 2 2 3 7 10 12 20 14 9 7 10 6 8 12 16 16 19 26 21 42 27 33 21 24 13 8 7 16 9 9 8 11 10 11 27 14 17 45 67 61 63 53 36 33 43 36 17 11 11 10 7 2 0 0 1 3 6
33 22 16 11 7 9 8 3 0 0 0 0 0 0 0 0 0 0 0 0 0 0 0 0 0 0 0 0 0 0 0 0 0 0 0 0 0 1 2 1 1 3 5 8 11 9 8 5 10 9 15 25 30 34 36 43 28 39 17 15 22 40 33 20 29 23 17 7 11 6 15 25 10 22 23 36 53 53 45 39 35 34 26 25 18 10 4 6 7 7 2 0 1 2 6 15
31 20 23 14 25 14 5 1 1 1 1 1 1 0 0 0 0 0 0 0 0 0 0 0 0 0 0 0 0 0 0 0 0 0 0 0 0 0 1 1 1 2 4 5 5 10 13 14 15 13 10 35 53 49 48 55 52 37 46 21 29 38 54 41 21 25 16 11 6 9 25 44 17 24 22 33 67 61 56 56 44 43 29 21 33 11 12 15 11 4 1 0 1 3 7 15
20 17 24 31 19 14 7 2 2 2 2 2 1 1 0 0 0 0 0 0 0 0 0 0 0 0 0 0 0 0 0 0 1 0 0 0 0 1 1 1 2 2 2 3 5 10 21 29 36 24 35 49 43 49 52 51 52 50 51 48 36 41 33 35 30 26 14 10 4 4 9 14 12 15 32 50 43 41 41 29 47 49 30 12 4 5 14 10 6 2 0 1 2 4 5 12
13 26 38 41 23 11 9 9 10 6 5 2 1 1 1 0 0 0 0 0 0 0 0 0 0 0 0 0 0 0 0 1 1 1 0 0 0 1 2 3 3 4 3 4 4 10 13 23 43 54 71 60 40 41 57 68 45 49 62 53 42 26 30 32 16 7 9 5 2 7 15 15 11 18 29 27 36 27 33 36 43 19 10 13 23 14 11 8 7 1 1 1 3 4 5 6
20 35 30 41 35 16 15 23 20 13 6 3 2 1 1 0 0 0 0 0 0 0 0 0 0 0 0 0 1 1 0 1 1 2 0 1 1 2 4 5 6 9 9 6 5 10 6 10 20 19 45 64 72 60 46 63 43 52 65 56 53 18 14 11 7 6 5 7 2 9 12 23 21 21 11 13 19 11 16 27 27 28 39 25 44 18 10 12 2 0 1 3 4 8 7 10
37 40 41 43 36 32 33 29 30 18 8 2 1 1 1 1 0 0 0 0 0 0 0 0 0 0 1 1 2 2 1 1 1 2 1 1 1 2 4 11 18 25 18 12 14 10 13 19 20 23 27 38 44 70 63 52 67 58 38 46 54 48 26 11 5 2 3 5 2 9 20 23 22 13 16 29 29 45 54 51 54 66 59 37 23 16 14 7 1 0 1 3 8 10 14 19
63 47 36 23 45 40 33 26 17 12 5 2 2 2 1 1 0 0 0 0 0 0 0 0 0 1 1 2 2 2 2 2 3 2 4 2 4 2 4 12 26 26 40 26 17 19 23 29 38 35 41 52 54 45 46 45 56 57 53 50 24 28 15 31 20 3 2 3 8 20 25 35 44 38 16 29 50 71 69 69 70 51 25 10 23 15 4 1 0 1 1 1 5 15 20 22
68 56 34 18 29 31 19 15 6 4 3 3 3 2 1 0 0 0 0 0 0 0 0 0 0 0 1 2 1 0 3 4 4 2 5 3 6 9 4 10 17 28 34 45 30 24 37 35 39 50 39 54 55 45 42 45 27 29 48 40 37 28 10 13 7 4 1 6 13 14 20 20 25 33 31 59 43 44 67 65 60 36 41 32 18 13 6 1 1 1 1 3 3 9 22 44
57 49 25 10 16 15 9 9 6 5 5 7 5 2 0 0 0 0 0 0 0 0 0 0 1 0 0 1 2 2 1 4 5 4 6 8 7 20 24 15 21 33 38 46 46 27 42 52 57 52 41 69 57 48 42 40 40 10 11 14 7 7 14 10 3 5 5 23 6 5 8 12 19 36 56 62 59 34 55 42 43 42 35 26 21 11 5 0 1 3 3 3 4 9 11 27
48 33 15 11 8 6 11 14 10 10 15 5 2 1 0 1 1 0 0 0 0 0 0 0 1 1 1 1 2 3 3 2 1 10 18 14 17 21 14 27 41 36 49 52 53 27 35 50 51 56 58 61 50 50 46 26 21 21 26 24 18 18 12 7 5 0 4 2 3 4 14 39 44 50 40 53 59 59 57 48 52 40 39 29 19 11 2 0 1 4 9 7 6 10 13 20
53 39 39 33 33 22 29 27 31 21 11 8 3 2 1 1 1 1 0 0 0 0 0 0 0 1 2 2 3 6 7 4 2 11 22 22 28 26 18 20 20 20 15 14 28 42 57 52 51 45 47 52 47 48 40 48 34 11 45 44 22 14 10 4 5 1 3 4 10 12 23 30 41 59 50 36 57 49 58 43 46 57 43 26 17 4 1 1 3 6 11 10 13 14 21 24
59 50 66 65 39 10 4 16 24 18 12 10 6 4 3 1 1 0 0 0 0 0 0 0 1 1 2 4 6 5 8 11 5 9 24 30 35 27 32 16 20 24 24 16 16 18 45 60 58 55 33 32 44 45 42 38 33 49 29 19 21 26 22 14 3 1 3 9 12 15 25 14 27 33 33 42 50 62 63 66 65 52 46 22 11 4 2 1 6 7 11 7 13 29 34 47
65 67 46 26 11 7 32 32 19 6 10 18 16 8 2 2 1 1 0 0 0 0 0 0 1 2 2 3 6 13 15 19 10 13 14 33 40 44 43 22 46 26 38 29 18 20 21 29 62 70 42 27 41 52 38 33 37 22 38 35 18 15 19 12 2 2 2 1 13 38 41 41 41 47 34 51 57 57 45 56 48 44 59 37 12 5 2 1 6 8 10 13 11 20 31 47
56 38 37 20 17 26 38 25 15 10 14 14 13 6 2 4 2 1 1 0 0 0 0 1 1 2 3 4 12 20 20 26 13 6 8 20 20 32 38 43 58 58 38 46 43 19 22 56 56 58 43 26 31 28 48 29 25 28 15 15 13 20 17 6 4 2 5 9 11 11 31 51 53 69 60 45 72 59 48 48 60 51 23 48 14 4 1 2 6 7 15 17 21 18 23 24
25 40 53 27 24 47 31 29 35 26 14 8 4 3 4 4 2 2 1 0 0 0 0 0 1 1 4 9 17 15 32 31 17 13 14 16 18 24 15 49 57 64 57 37 58 31 29 57 52 26 57 25 30 26 24 53 36 26 48 32 10 9 9 9 3 3 4 6 13 37 44 58 65 46 72 56 45 44 66 44 54 51 25 10 12 3 1 2 5 8 18 15 33 47 45 29
30 37 51 59 56 51 48 40 23 14 8 3 2 4 7 3 2 1 1 1 0 0 0 1 1 1 3 5 9 11 18 15 28 36 28 19 18 23 23 33 36 56 55 67 51 43 35 55 41 29 48 48 15 26 26 11 10 10 23 21 18 4 5 4 2 6 7 17 20 47 60 54 44 60 45 67 55 62 62 59 60 26 8 3 4 1 1 5 8 8 14 11 37 53 45 44
57 57 64 55 56 44 25 28 15 11 5 6 14 8 4 2 2 2 2 1 0 0 0 1 1 3 6 5 9 14 33 29 38 46 43 37 21 23 39 27 42 32 38 72 67 55 41 55 21 20 33 20 16 17 19 24 12 9 8 8 6 13 11 5 3 2 10 22 16 15 9 17 32 27 46 47 61 66 57 58 49 28 10 4 1 0 2 5 6 12 11 12 23 34 40 47
58 54 50 59 50 19 12 17 17 14 12 21 20 6 4 3 2 1 1 1 0 0 0 1 3 5 8 10 15 11 27 40 48 52 50 59 24 15 28 42 41 40 45 55 67 50 36 50 52 46 25 38 67 20 21 24 15 8 7 10 3 2 4 3 6 2 4 11 33 37 25 25 28 9 9 21 36 43 59 50 30 23 14 2 0 1 4 6 5 7 10 17 27 16 27 27
52 40 36 41 33 30 24 13 20 25 19 11 4 4 4 3 3 1 1 0 1 0 0 1 3 7 14 17 23 30 28 40 65 55 42 64 39 29 31 30 45 40 52 52 61 43 28 40 53 63 34 31 49 38 15 21 19 17 7 8 10 6 3 2 7 1 6 23 27 38 43 49 37 35 33 27 16 29 39 51 39 11 2 1 0 1 3 8 10 11 14 16 19 23 41 49
29 32 46 32 35 31 26 42 16 6 4 4 11 14 6 3 3 1 1 0 0 0 1 1 4 6 13 26 37 34 57 58 61 65 66 43 57 43 33 38 54 50 51 53 31 45 63 39 25 13 31 26 12 29 28 14 17 13 6 2 3 7 3 2 2 6 7 12 21 33 44 43 30 55 59 61 53 45 31 27 26 9 3 0 1 2 2 3 7 11 13 15 19 20 27 30
47 33 51 40 37 68 50 21 17 11 14 18 19 7 2 1 1 1 0 0 0 1 2 2 4 8 17 27 33 44 53 69 78 73 68 71 58 69 55 39 56 64 46 26 35 53 60 52 26 26 25 33 30 16 18 15 12 8 7 4 2 4 4 1 1 2 5 10 18 32 64 77 65 62 77 79 85 67 47 20 13 5 1 0 1 1 3 4 6 9 13 17 26 28 30 37
42 45 32 31 34 22 31 35 36 37 31 12 7 5 2 1 0 0 0 0 0 1 2 3 6 10 13 19 28 31 35 60 66 82 77 59 59 70 65 36 39 65 41 38 24 42 53 50 61 37 25 21 32 42 23 6 12 14 10 3 2 1 1 1 2 2 16 36 63 31 32 69 80 61 37 55 70 70 45 18 8 3 1 0 1 2 3 4 7 11 16 20 24 31 32 32
27 41 39 29 19 10 6 29 21 15 20 9 4 2 2 1 0 0 0 0 0 1 3 10 15 20 27 22 20 16 28 42 49 66 81 42 34 72 65 32 30 50 54 32 28 38 36 49 49 42 8 8 21 24 10 7 10 7 6 10 2 1 1 1 2 6 3 4 18 75 50 37 56 71 42 34 42 66 43 15 6 1 0 0 1 2 2 3 6 9 18 16 23 25 42 48
32 36 30 29 36 36 18 26 21 17 8 7 6 4 2 1 1 0 0 0 0 1 1 6 18 22 24 26 35 37 30 33 35 38 51 69 37 36 69 57 29 27 50 34 23 31 30 42 52 43 25 8 31 19 12 7 6 1 2 3 1 1 0 1 2 4 5 20 29 47 62 43 42 26 24 17 6 32 38 11 4 1 0 0 1 2 3 5 7 11 12 10 20 25 21 29
20 20 17 27 20 25 15 30 17 15 10 6 5 3 2 1 1 0 0 0 0 0 1 3 10 16 17 18 21 18 49 33 35 24 38 48 71 35 18 50 43 24 47 32 16 24 26 35 25 29 34 9 9 10 6 7 3 2 1 1 1 1 1 3 2 5 12 17 21 60 65 44 36 51 43 30 10 6 18 11 2 0 0 1 2 3 3 6 7 13 13 29 35 36 39 33
27 29 41 55 30 28 16 24 17 11 8 4 2 2 1 1 1 0 0 0 0 0 2 3 6 12 10 31 32 23 52 69 78 65 64 71 59 46 29 19 19 37 36 21 13 13 25 30 27 14 29 8 7 7 6 8 4 2 2 2 1 1 1 3 21 15 28 34 35 43 26 40 51 59 53 36 20 5 4 4 2 0 0 1 2 5 4 4 8 9 15 17 27 33 46 54
39 42 39 37 31 34 24 18 14 8 5 4 4 2 1 1 0 0 0 1 0 0 1 3 5 9 8 8 17 45 47 56 61 64 31 24 35 53 44 39 15 10 36 18 10 15 13 7 24 10 6 11 2 5 3 2 5 1 2 1 1 1 2 4 19 23 16 25 21 22 45 53 65 57 59 43 9 8 4 1 0 0 1 2 4 2 3 2 5 8 11 8 14 16 27 36
11 17 22 27 25 28 29 25 23 11 8 9 6 4 2 1 0 0 1 2 1 1 1 2 4 4 5 17 24 23 42 25 20 24 36 48 52 28 35 52 49 27 21 13 17 8 8 6 3 4 5 2 7 2 5 1 1 2 1 1 0 1 1 2 3 4 11 24 30 48 60 57 42 43 24 45 25 14 4 1 0 0 1 2 1 3 3 5 9 18 11 25 23 13 31 45
9 6 14 17 14 13 26 25 17 21 16 12 7 2 2 1 0 1 1 2 1 1 3 4 2 2 4 7 11 14 27 31 23 44 48 48 33 34 26 50 25 12 11 10 15 12 10 4 3 11 3 4 2 4 5 2 1 0 1 0 1 1 5 5 9 9 20 28 41 48 59 44 47 42 23 14 17 8 3 1 0 1 1 1 3 2 8 6 14 5 8 17 17 18 19 22
17 16 19 18 10 4 7 24 22 20 11 8 5 3 2 1 0 1 1 4 3 4 5 5 3 2 3 4 3 8 15 30 29 56 56 49 43 28 26 16 17 12 9 5 6 7 13 4 3 3 1 1 3 2 4 2 1 1 0 1 4 2 9 24 12 13 21 27 34 62 62 68 56 42 35 21 7 3 1 0 0 1 1 2 3 3 5 11 9 11 21 20 25 32 31 33
