sesion_6_simulaciones/modelos_agentes/ejemplos_netlogo/scenarios/echam4_b2/rob_2011.asc
NCOLS 322 
NROWS 307 
XLLCORNER 451900 
YLLCORNER 4086900 
CELLSIZE 100 
NODATA_value -9999 
[rows 0 to 73 of 307, columns 192 to 287 of 322]
41 40 22 13 33 58 32 17 15 19 21 7 5 4 6 4 3 2 4 3 3 3 2 2 4 7 4 8 8 25 7 2 2 0 0 0 1 1 1 3 3 1 1 7 10 11 9 18 30 38 25 29 35 45 44 57 45 81 49 41 10 14 20 48 58 43 58 55 27 39 24 13 19 21 42 25 21 40 57 30 17 19 18 20 18 13 32 28 27 31 12 27 38 62 23 8
52 32 40 37 40 59 21 30 42 26 17 12 18 16 9 7 9 2 4 5 6 3 1 1 2 9 2 3 2 4 22 8 1 1 0 0 0 1 1 1 2 1 0 2 3 5 10 10 23 65 77 59 43 45 46 45 68 68 67 23 28 16 49 42 53 49 58 43 45 23 7 26 14 20 53 28 53 40 38 35 29 35 36 21 16 8 21 30 31 29 18 31 28 32 18 16
34 59 41 39 60 52 38 18 12 26 26 26 37 37 20 29 18 13 19 17 15 5 3 2 1 1 1 0 0 1 2 9 6 1 1 0 0 0 1 0 0 0 2 5 5 11 12 18 25 44 53 47 59 51 66 73 41 36 46 27 24 34 43 32 37 61 32 28 21 28 16 17 15 21 62 27 60 52 27 42 31 27 33 33 16 6 13 17 30 24 16 45 26 40 16 3
43 46 65 56 44 37 36 35 35 55 31 48 61 49 38 52 37 16 24 35 22 17 11 5 3 2 0 1 0 0 1 1 1 1 1 1 1 0 0 0 1 2 1 1 3 15 13 18 6 15 13 17 29 59 48 54 52 20 29 35 38 22 26 45 34 58 45 39 53 21 31 26 10 10 44 27 33 26 34 40 30 30 31 34 18 6 12 25 41 18 30 27 24 37 12 3
32 24 46 17 50 57 51 39 51 47 44 34 36 30 39 55 41 43 46 46 40 19 12 11 5 7 3 6 4 1 0 0 1 0 0 1 0 0 0 0 1 1 2 3 2 4 5 9 27 47 53 47 46 41 64 67 32 26 9 12 35 36 30 44 45 56 36 28 18 13 10 9 12 8 23 23 19 31 55 62 52 21 21 42 37 27 4 23 26 34 34 18 34 47 18 3
35 30 44 39 27 34 51 28 50 40 30 35 14 35 45 46 51 46 17 15 28 15 9 14 12 10 4 9 5 2 1 1 0 0 0 0 0 0 0 0 0 1 2 5 11 24 30 41 41 27 35 38 45 60 81 55 36 27 9 45 66 67 61 62 45 64 28 37 42 34 43 30 25 18 13 19 26 23 34 28 39 62 45 35 36 26 9 17 22 27 13 17 30 29 20 6
26 14 16 34 26 20 49 19 15 26 34 60 32 16 33 45 39 41 20 7 10 22 27 32 13 11 12 8 7 5 4 2 2 2 1 0 0 1 0 0 0 1 3 4 18 11 17 25 44 36 41 78 40 66 72 39 28 30 16 33 50 59 58 59 67 61 51 45 44 20 30 29 20 30 25 13 6 18 37 40 30 53 36 18 10 34 11 10 13 12 13 26 43 55 15 13
19 14 14 17 37 28 40 50 15 8 15 21 40 11 4 16 9 17 21 10 8 14 7 12 13 11 12 7 10 8 7 6 5 5 4 2 2 1 0 0 0 2 5 8 15 19 22 51 74 67 66 41 59 56 62 34 20 9 16 22 33 32 29 28 26 54 32 26 46 28 27 21 25 28 30 19 6 26 46 24 49 63 41 19 11 27 21 10 11 21 24 27 51 34 21 16
34 25 23 13 19 17 27 53 53 22 10 9 18 28 14 9 5 16 23 14 11 19 5 9 25 15 11 12 11 15 13 13 11 10 5 4 2 1 0 0 1 2 5 8 24 26 19 30 51 59 44 29 72 52 48 18 9 40 63 51 64 53 58 46 54 76 45 34 17 18 25 22 23 23 19 11 7 13 17 30 43 56 43 28 12 12 12 8 7 26 20 30 28 36 18 26
24 25 25 13 11 6 23 24 47 35 26 13 12 15 19 7 7 5 18 18 16 22 6 6 13 14 11 9 5 11 2 6 13 11 7 2 1 1 0 0 0 1 4 7 17 7 7 42 22 17 16 79 49 48 26 13 23 52 61 74 55 82 67 43 60 34 56 46 45 20 21 30 27 14 10 7 6 10 35 19 12 41 45 42 22 10 16 5 8 9 12 36 24 36 19 47
30 26 27 24 12 6 3 4 8 19 12 9 6 18 11 7 9 2 4 13 9 20 25 5 7 6 20 9 2 8 12 3 1 1 1 4 2 1 0 0 1 1 5 15 4 11 19 25 5 9 53 61 27 34 14 9 22 40 41 56 76 78 49 30 33 49 57 60 65 49 58 37 32 26 15 11 5 4 12 23 24 50 66 38 41 14 8 11 3 10 30 13 19 16 16 58
53 35 17 19 19 16 11 6 5 4 5 4 8 7 6 4 3 8 4 5 12 17 15 7 1 4 15 9 3 3 10 11 1 0 0 1 3 1 0 0 3 5 6 2 1 1 10 3 6 31 64 45 20 13 5 26 31 29 39 77 62 55 15 27 41 45 67 63 55 63 46 36 41 40 36 23 8 5 18 21 21 69 44 54 37 28 10 5 4 15 17 10 26 9 30 63
56 43 40 53 43 39 33 17 29 17 12 7 3 3 2 2 3 11 9 3 2 6 6 5 1 3 7 5 3 1 1 4 1 0 0 0 1 2 0 0 3 3 3 6 5 5 17 2 10 41 34 14 2 10 30 46 50 59 81 71 19 27 31 23 22 25 41 39 62 43 24 36 53 55 47 24 8 2 16 24 51 57 23 32 46 29 14 3 4 15 14 9 29 9 24 35
68 63 60 64 59 54 41 35 31 29 26 23 8 6 3 3 2 1 1 1 2 2 1 2 2 3 3 4 1 0 1 2 2 1 0 0 0 1 1 1 1 2 2 1 1 8 4 3 14 11 6 2 4 15 23 33 60 57 48 12 46 65 60 48 48 28 24 22 57 48 61 69 47 32 26 26 11 4 9 17 48 21 16 30 61 32 20 7 3 5 6 7 14 8 19 16
24 62 65 65 57 60 39 45 21 21 33 20 14 14 13 10 7 3 1 1 1 0 0 1 2 2 1 1 0 0 1 1 1 1 0 0 1 1 2 1 1 1 2 1 0 1 1 2 4 3 1 2 5 8 19 31 35 10 32 48 62 60 58 79 81 71 63 45 47 59 63 53 59 42 21 15 8 4 8 18 25 12 7 43 60 61 33 33 11 2 4 7 6 7 23 21
35 52 65 44 51 73 54 31 48 33 22 29 23 27 27 15 10 3 2 2 1 1 0 0 1 1 0 0 0 0 0 1 2 2 1 0 0 1 1 1 1 1 1 1 0 0 2 3 2 1 4 3 3 6 11 19 9 33 40 44 57 70 79 69 65 74 40 32 66 20 48 76 53 40 43 40 35 17 6 17 21 11 4 9 25 54 14 8 10 10 2 8 4 6 23 19
64 16 67 44 39 63 74 74 38 19 30 25 36 31 24 16 17 10 6 5 5 3 1 1 0 0 1 1 1 0 0 0 0 1 1 1 1 1 1 1 1 1 0 0 0 0 0 0 2 5 4 11 10 7 6 19 32 35 41 43 66 55 74 64 66 42 31 58 44 37 38 22 55 34 58 62 59 35 23 6 32 17 12 3 8 28 37 9 3 4 2 2 4 9 6 7
37 11 48 27 46 55 61 36 68 71 41 47 48 15 14 12 18 16 10 7 6 5 4 1 1 1 3 2 2 1 0 0 0 0 0 0 1 1 1 1 1 0 0 0 0 0 1 3 4 5 7 18 19 20 8 20 25 54 54 55 77 61 53 46 31 30 47 60 48 31 18 20 47 52 59 56 62 59 36 10 6 14 14 9 3 9 19 12 8 1 3 0 4 7 3 3
25 27 29 31 20 44 53 29 30 67 35 59 72 41 24 16 25 37 32 19 15 7 3 2 3 2 4 4 6 2 1 1 1 1 0 0 0 0 0 0 0 0 0 0 1 2 4 4 4 6 13 22 19 14 26 30 38 39 31 47 69 32 16 11 27 32 28 77 64 23 24 16 50 48 15 30 66 54 55 34 8 5 23 12 6 2 8 11 12 4 1 1 5 3 1 1
28 9 15 25 16 22 56 21 15 42 51 64 67 49 48 38 10 17 19 28 13 8 6 5 5 4 5 7 7 6 3 2 2 2 1 1 0 0 0 0 0 0 0 1 3 3 4 7 4 9 20 15 27 29 34 37 11 10 23 45 74 29 11 34 50 44 59 64 49 37 23 10 19 50 40 15 31 40 49 44 33 7 6 12 10 3 2 5 14 8 1 0 3 0 3 6
51 16 18 18 4 12 41 21 30 19 37 27 43 17 25 30 8 5 13 31 15 21 10 4 14 11 6 4 5 4 2 1 2 1 2 1 1 0 0 0 0 0 1 2 4 5 2 3 9 23 14 20 38 47 61 56 38 29 42 48 50 16 17 51 51 45 44 20 44 46 30 8 11 23 55 29 13 17 62 33 25 8 3 6 8 2 3 8 5 5 0 1 1 1 6 17
24 6 23 20 5 3 14 42 6 14 46 39 42 20 15 7 8 2 5 33 29 16 10 8 5 5 1 1 2 2 2 2 1 1 2 2 1 1 0 0 0 1 1 2 2 4 4 8 10 10 8 16 24 60 69 75 73 62 47 41 25 12 31 41 61 55 45 26 22 41 18 8 11 16 50 31 13 13 21 41 25 16 5 3 9 3 4 6 3 1 1 5 2 4 16 24
34 6 30 36 11 6 7 20 5 5 39 23 14 7 3 9 7 6 2 4 6 14 30 26 9 2 5 3 1 1 1 1 0 1 1 2 1 0 0 0 0 1 2 3 1 2 1 3 2 3 3 10 25 22 42 66 50 37 20 66 29 13 32 43 43 49 69 41 34 14 9 9 22 37 64 29 12 14 23 52 25 9 4 1 3 5 3 5 2 1 4 19 10 10 11 22
22 19 14 31 4 6 9 18 13 3 4 3 4 12 4 3 9 9 4 5 6 6 16 11 9 2 3 5 3 1 1 1 0 0 1 1 1 0 0 0 0 0 0 1 1 0 1 2 4 4 3 9 10 18 22 16 13 29 55 37 12 23 38 35 53 69 48 36 35 22 9 13 22 40 44 20 18 12 20 42 28 29 9 2 2 2 3 5 1 1 5 4 14 27 15 20
7 5 10 10 5 2 10 20 7 2 4 2 2 6 9 4 5 7 5 2 2 3 4 3 3 2 2 5 5 1 1 0 0 0 0 0 0 1 0 0 0 0 1 1 2 3 4 4 4 6 10 6 5 3 4 10 28 32 64 26 9 36 31 29 55 75 42 49 43 22 14 13 22 52 35 18 23 11 15 27 24 23 19 8 2 1 3 2 1 7 10 11 13 13 50 22
2 3 2 7 2 1 11 15 6 2 1 2 2 1 5 6 3 2 3 3 1 1 2 2 2 1 1 3 7 1 1 0 0 0 0 0 0 0 0 0 0 0 0 1 1 2 4 2 2 6 8 17 14 26 20 25 27 48 51 8 18 30 26 20 44 58 36 38 31 23 11 11 23 54 21 28 22 7 5 11 13 22 11 4 4 1 1 2 6 17 22 25 36 23 18 46
1 1 1 1 1 3 7 5 3 1 0 1 1 1 0 2 3 3 2 2 1 1 1 1 0 1 1 1 1 2 1 0 0 0 0 0 0 0 0 0 0 0 0 0 1 1 1 1 4 4 11 14 15 24 39 56 60 74 30 7 20 28 21 28 69 59 18 32 33 20 12 6 17 50 21 16 13 12 2 4 11 20 5 3 1 1 1 6 16 17 23 24 31 44 63 40
1 1 0 0 0 0 0 1 1 0 0 0 0 0 0 0 1 0 1 2 1 1 1 0 0 0 1 1 1 1 1 1 1 0 0 0 0 0 0 0 0 0 0 0 0 1 2 2 2 10 8 12 19 26 39 72 56 40 6 21 31 23 44 55 80 41 44 21 18 19 16 9 25 49 28 15 12 13 2 3 9 16 9 8 3 0 2 5 7 5 6 7 9 14 34 39
0 0 0 0 0 0 0 0 0 0 0 0 0 0 0 0 0 0 0 0 0 0 0 0 0 0 1 1 1 0 0 0 0 0 0 0 0 0 0 0 0 0 1 1 1 2 4 11 3 8 6 8 12 15 55 46 19 4 16 28 31 29 51 76 46 26 35 17 16 16 12 7 14 43 58 25 15 7 3 3 8 17 13 6 2 0 2 2 2 6 9 17 22 22 23 36
0 1 1 1 1 0 0 0 0 1 1 1 1 1 1 1 1 1 0 0 0 0 0 0 0 0 0 0 0 0 0 0 0 0 0 0 0 0 0 0 0 1 1 1 2 3 5 4 12 7 6 7 15 19 55 13 6 11 23 30 28 31 50 75 31 21 18 27 13 5 4 6 25 41 17 41 21 8 2 1 11 9 13 5 2 0 2 5 11 18 11 27 37 35 33 16
1 2 2 3 2 0 0 2 1 2 2 3 2 3 3 3 2 2 1 1 0 0 0 0 0 0 0 0 0 0 0 0 0 0 0 0 0 0 0 0 1 1 1 3 4 7 7 6 9 24 25 25 17 32 15 7 2 17 18 25 15 29 51 62 36 13 18 24 15 9 2 5 32 13 10 47 29 12 3 1 5 4 8 4 1 1 4 6 6 13 16 16 12 13 19 39
3 3 3 3 2 1 1 3 3 3 3 4 6 4 6 6 4 2 2 2 1 2 1 0 0 0 0 0 0 0 0 0 0 0 0 0 0 0 0 1 1 1 2 3 5 7 10 20 16 19 14 46 31 15 18 12 4 13 21 36 38 31 59 24 11 26 28 12 23 7 2 5 11 12 7 44 17 11 3 2 5 4 4 3 1 2 10 16 22 15 15 8 18 21 22 30
8 8 4 7 4 2 2 3 3 4 9 8 8 11 10 5 4 3 3 3 2 3 2 1 1 1 0 0 0 0 0 0 0 0 0 0 0 0 0 1 1 2 2 3 7 8 16 20 16 18 13 6 16 17 22 3 8 14 13 25 24 37 40 46 40 21 13 9 26 16 5 3 11 8 16 44 14 8 5 1 2 3 3 1 2 5 11 30 36 35 38 23 29 41 34 60
11 11 13 7 5 5 2 5 8 10 13 12 13 9 11 7 6 5 4 7 6 5 3 2 1 3 1 1 0 0 1 0 0 0 0 0 0 0 0 0 1 1 2 2 5 13 7 3 27 21 13 6 15 20 2 2 6 9 11 26 38 47 55 26 15 14 18 14 10 13 7 4 10 8 12 22 16 15 5 1 1 2 1 1 3 5 7 9 7 9 13 25 38 40 70 68
15 16 18 16 13 4 3 7 11 17 18 17 17 15 14 13 8 16 10 9 3 2 2 2 2 2 1 1 1 1 0 0 0 0 0 0 0 0 0 0 1 1 3 3 2 3 3 7 7 11 9 2 7 1 3 2 3 5 8 20 40 53 34 50 25 12 12 9 8 13 12 3 4 6 11 14 14 6 4 1 1 1 1 2 6 3 4 8 22 29 32 28 18 63 40 50
28 41 27 7 13 5 9 10 26 21 18 21 20 34 35 20 20 16 8 13 5 4 1 5 5 2 1 2 4 1 0 0 0 0 0 0 0 0 0 0 1 2 4 1 2 3 4 8 6 5 3 2 3 1 3 1 4 11 16 30 24 23 39 54 16 7 5 5 10 8 6 3 2 5 5 15 13 8 4 1 0 1 2 5 10 13 12 13 19 18 19 42 47 59 34 16
45 61 24 22 30 11 7 29 28 41 17 28 36 31 49 29 12 7 17 10 7 4 1 7 2 1 2 4 1 0 0 1 1 0 0 0 0 0 0 0 1 1 1 1 1 4 14 11 7 4 3 1 2 2 3 6 10 7 6 8 14 25 31 51 22 9 9 6 4 3 3 4 2 4 7 7 5 9 3 1 0 2 6 5 10 26 29 33 35 38 21 34 30 29 33 12
38 58 27 23 35 15 14 42 40 45 14 31 52 37 54 23 18 16 22 22 12 4 3 2 2 4 9 1 1 1 1 1 1 1 0 0 0 0 0 0 0 0 0 1 2 9 9 4 9 2 2 1 3 3 5 3 3 2 7 10 11 32 37 32 13 40 38 22 12 9 4 4 1 2 3 3 3 4 1 0 1 4 11 19 20 29 40 38 32 33 34 42 13 4 24 14
56 33 34 28 40 17 18 46 67 46 12 43 66 55 54 50 24 33 49 28 12 4 10 3 8 9 1 1 2 2 1 1 2 1 1 1 0 1 1 0 0 0 0 1 8 4 7 1 2 4 1 1 4 4 5 4 3 7 27 35 29 31 65 32 40 25 30 30 11 5 4 3 1 1 2 3 2 2 0 0 1 3 5 13 15 7 17 7 6 9 6 57 37 13 9 5
80 63 38 30 36 19 31 50 81 37 19 35 63 64 65 35 27 70 33 6 7 17 13 10 13 4 3 3 4 4 2 2 2 2 1 1 1 1 1 1 0 0 0 0 2 1 2 1 0 0 0 1 3 6 6 12 15 18 14 25 46 46 26 45 34 33 9 19 33 9 3 2 1 0 1 1 1 1 1 1 2 4 5 7 6 3 6 10 21 42 58 76 45 12 8 3
73 73 42 43 48 27 33 59 74 44 25 43 82 81 45 55 36 35 10 6 11 36 40 22 13 10 5 3 6 3 2 6 3 1 1 1 1 2 1 1 1 0 0 0 0 0 0 0 0 1 3 3 6 10 10 17 13 13 30 56 63 57 35 49 8 59 42 7 6 24 19 10 4 1 0 1 1 0 0 1 2 2 2 6 4 6 19 27 27 22 31 54 23 12 6 2
73 64 44 54 51 47 37 63 73 48 36 48 82 72 54 43 19 10 3 12 28 39 25 8 6 2 2 11 8 4 6 5 2 1 1 2 2 2 2 0 1 0 1 0 0 0 0 0 1 1 2 3 5 7 7 8 15 29 24 74 56 24 21 70 37 14 44 15 5 3 6 7 9 6 2 1 0 0 0 0 2 2 2 3 6 11 20 27 20 35 24 30 27 16 6 2
75 65 42 61 58 55 53 51 59 43 38 50 63 30 30 23 8 11 8 18 41 18 11 10 5 4 2 15 11 5 14 6 2 2 2 4 4 6 4 1 1 0 1 1 1 0 0 0 1 1 1 2 5 6 11 18 9 29 38 61 12 4 20 63 22 20 10 34 9 2 2 3 6 5 4 3 1 0 0 0 1 2 2 2 3 9 36 17 10 47 17 15 18 5 2 2
49 48 46 63 62 46 64 51 73 78 66 52 45 36 47 42 29 33 15 22 39 19 13 11 6 5 4 18 17 7 16 6 4 4 3 6 5 5 2 2 3 2 1 1 0 0 0 0 0 1 1 2 6 6 6 10 6 16 43 18 10 5 33 61 34 6 3 5 14 5 2 1 2 1 5 1 1 0 0 0 1 2 3 2 10 24 39 16 12 39 13 4 6 9 2 1
63 37 67 75 67 70 68 84 77 89 88 83 43 65 64 60 55 25 20 39 34 17 14 7 8 11 6 18 20 19 11 8 6 7 7 10 15 7 3 3 9 4 1 0 0 0 0 0 0 1 2 3 4 6 2 4 11 30 48 11 6 7 13 48 39 17 4 1 8 9 4 1 1 1 6 2 0 0 0 1 1 2 3 5 7 5 6 5 10 9 15 9 8 6 1 0
55 51 57 67 79 82 86 87 74 73 77 80 83 74 43 41 34 27 28 25 13 18 14 14 24 16 16 41 29 42 16 13 10 14 16 27 28 8 7 5 8 3 1 0 0 0 0 0 0 1 1 2 2 2 2 5 11 26 18 15 5 5 6 56 20 12 9 1 5 11 6 1 1 1 1 3 1 0 0 1 1 3 5 8 8 5 5 3 5 4 6 3 2 1 0 1
68 58 41 44 59 68 78 57 50 47 58 62 62 76 48 40 45 57 44 28 25 28 23 35 50 32 24 48 46 35 19 28 18 23 21 30 18 11 14 4 2 1 2 2 1 1 1 0 0 0 2 1 1 3 3 1 6 6 9 27 7 6 11 21 13 2 8 3 3 4 3 3 1 1 0 8 1 0 0 1 2 2 2 10 5 4 4 3 2 1 1 1 1 1 1 3
72 73 48 30 54 50 54 65 46 56 63 47 61 79 84 66 77 68 48 38 51 48 47 45 52 40 31 58 55 26 34 31 31 31 41 40 25 16 4 2 1 2 2 2 3 2 1 0 0 0 0 1 1 2 3 2 6 7 4 6 6 6 8 15 22 2 4 4 2 6 3 1 2 1 1 1 0 0 0 1 1 2 4 10 3 4 2 2 3 1 1 0 0 1 3 4
54 66 79 47 28 31 55 54 73 40 34 33 70 49 58 92 89 46 66 64 63 60 59 50 52 44 44 68 54 42 43 39 42 59 54 23 7 4 6 5 6 5 4 2 4 3 2 0 0 0 0 2 1 1 3 2 6 4 3 3 4 2 3 6 24 2 1 3 2 1 2 1 1 1 1 1 0 0 0 0 1 1 8 4 1 1 1 1 1 0 0 1 1 2 3 4
75 73 75 81 43 17 20 62 60 53 13 15 31 45 76 82 68 88 88 68 59 77 71 41 60 49 67 58 56 50 51 42 56 70 70 27 18 12 18 14 20 18 8 7 9 3 1 0 0 0 0 0 0 0 2 2 5 5 2 2 2 1 0 1 10 4 1 1 1 1 1 2 1 1 0 0 0 0 0 0 1 1 2 1 1 1 0 0 0 1 1 1 3 4 3 4
59 44 49 86 42 35 28 29 28 34 22 5 22 73 82 80 61 55 82 62 77 78 66 47 70 64 78 72 65 72 53 52 53 48 49 27 25 26 24 23 7 7 17 28 4 2 1 0 0 0 0 0 0 0 1 3 4 6 2 2 1 1 0 4 9 2 2 1 1 1 1 1 1 0 0 0 0 0 0 0 1 1 1 0 0 0 0 1 1 2 2 3 3 4 2 3
30 47 46 81 83 26 31 18 19 18 21 10 26 38 44 52 70 83 63 26 63 29 71 81 91 85 79 54 72 52 64 46 40 23 62 51 51 35 16 11 3 1 19 12 7 3 2 1 0 1 1 0 0 0 0 0 0 1 1 1 1 0 1 2 4 4 2 1 1 0 0 0 1 0 0 0 0 0 0 0 1 1 1 0 0 0 1 1 2 2 3 6 5 4 3 3
18 24 38 41 77 73 37 15 15 13 12 11 19 44 58 66 30 71 71 33 66 58 31 47 68 47 66 41 63 25 15 35 23 21 38 77 57 33 15 47 15 13 16 13 14 4 2 1 2 2 1 0 0 0 0 0 0 0 0 1 1 0 1 2 2 4 2 1 1 0 0 0 0 0 0 0 0 0 0 0 0 0 0 0 0 1 1 1 2 2 3 3 14 6 3 2
9 14 23 6 37 85 38 20 8 7 9 12 9 17 24 43 48 67 45 52 68 44 14 44 62 42 41 34 37 58 42 42 36 17 23 60 72 81 75 66 47 29 26 28 18 7 4 3 6 1 1 1 0 0 0 0 0 0 0 0 0 0 0 2 2 2 2 1 1 0 0 0 0 0 0 0 0 0 0 0 0 0 0 0 0 0 0 1 2 1 2 4 5 5 3 6
16 9 17 41 35 56 81 32 26 7 4 5 6 8 26 21 45 68 11 22 73 64 24 12 69 74 43 27 40 50 18 16 20 14 12 32 52 54 49 20 32 33 15 21 20 15 17 14 5 1 1 2 2 1 1 2 2 0 0 0 0 0 0 0 1 2 1 1 0 0 0 0 0 0 0 0 0 0 0 0 0 0 0 0 0 0 0 0 1 2 2 2 4 5 9 10
23 8 5 25 43 52 81 58 22 15 8 6 5 7 7 5 25 17 13 53 88 34 16 8 13 51 24 28 22 43 37 19 22 21 16 51 34 15 11 8 11 4 4 37 17 31 37 26 8 5 6 4 3 2 1 0 1 0 0 0 0 0 0 0 0 1 1 1 0 0 0 0 0 0 0 0 0 0 0 0 0 0 0 0 1 1 1 2 2 3 2 4 5 6 5 13
40 25 15 9 10 14 27 58 26 26 10 5 4 5 10 4 14 9 27 27 78 34 17 13 7 13 14 19 7 32 37 13 11 12 19 33 26 7 4 8 7 4 5 10 23 15 13 5 5 5 3 3 2 2 3 0 0 0 0 0 0 0 0 0 0 0 1 1 0 0 0 0 0 0 0 0 0 0 0 0 0 0 0 1 0 0 1 5 1 3 5 6 9 8 13 18
18 15 28 9 8 26 28 57 59 32 20 5 3 3 3 5 7 9 11 27 65 77 44 17 4 4 10 2 6 25 34 15 9 10 8 7 8 6 3 5 4 4 4 4 22 12 13 4 2 2 1 0 1 0 1 1 0 0 0 0 0 0 0 0 0 0 0 0 0 0 0 0 0 0 0 0 0 0 0 0 0 0 0 0 0 1 2 4 5 6 7 7 8 14 13 22
32 22 7 4 5 12 19 31 55 24 12 7 3 1 2 4 2 4 13 57 49 60 46 29 11 3 13 11 2 3 16 10 9 7 2 2 4 10 3 2 3 2 2 3 9 12 17 6 3 2 1 1 0 0 0 1 0 0 0 0 0 0 0 0 0 0 0 0 0 0 0 0 0 0 0 0 0 0 0 0 0 0 0 0 1 1 2 5 3 3 2 2 5 11 13 8
46 36 11 4 1 10 9 18 37 35 8 6 3 2 3 3 2 9 29 49 19 27 42 12 7 6 3 6 9 1 6 10 4 4 2 4 3 2 2 2 4 2 1 1 2 8 15 8 6 2 2 1 0 0 0 0 0 0 0 0 0 0 0 0 0 0 0 0 0 0 0 0 0 0 0 0 0 0 0 0 0 0 0 0 1 1 2 2 2 1 1 3 5 6 6 7
48 33 14 10 2 3 7 12 47 10 9 4 2 2 2 2 2 6 27 14 2 12 64 14 6 7 2 3 3 6 4 4 3 2 3 1 1 1 1 2 3 1 1 1 1 3 13 6 7 2 1 1 0 0 0 0 0 0 0 0 0 0 0 0 0 0 0 0 0 0 0 0 0 0 0 0 0 0 0 0 0 0 0 1 0 1 2 2 2 2 3 3 3 6 7 5
41 31 15 5 5 3 6 7 35 11 3 6 3 1 1 1 1 8 11 5 16 27 49 28 8 4 4 7 2 8 5 3 3 1 3 1 1 1 0 1 1 0 1 2 5 8 10 7 14 9 4 2 0 0 0 0 0 0 0 0 0 0 0 0 0 0 0 0 0 0 0 0 0 0 0 0 0 0 0 0 0 0 0 0 0 1 1 2 3 3 4 3 4 3 7 9
33 18 11 6 4 4 2 3 10 26 7 2 3 1 1 1 1 4 4 6 5 15 45 25 8 11 3 3 3 8 3 2 2 2 1 0 1 1 1 1 0 0 1 6 3 3 8 5 9 10 8 2 1 0 0 0 0 0 0 0 0 0 0 0 0 0 0 0 0 0 0 0 0 0 0 0 0 0 0 0 0 0 0 0 0 0 1 1 2 2 2 7 5 6 15 9
29 22 9 5 5 3 3 3 4 10 10 2 1 1 1 1 1 1 2 4 6 13 48 20 12 4 6 3 3 5 2 1 1 1 1 0 1 1 0 0 0 0 2 6 1 3 4 2 6 6 4 3 2 1 1 0 0 0 0 0 0 0 0 0 0 0 0 0 0 0 0 0 0 0 0 0 0 0 0 0 0 0 0 0 0 0 0 0 1 2 2 4 3 2 5 6
72 43 19 4 2 3 2 2 3 6 10 4 2 1 1 1 1 1 1 1 5 7 29 18 5 3 3 3 2 1 3 1 1 1 1 1 0 1 0 0 1 1 3 1 1 2 1 2 3 5 6 4 5 3 1 1 0 0 0 0 0 0 0 0 0 0 0 0 0 0 0 0 0 0 0 0 0 0 0 0 0 0 0 0 0 0 0 0 1 1 2 6 3 3 4 1
25 61 39 14 4 2 1 2 2 4 16 5 2 1 1 0 1 0 1 1 3 5 17 21 5 2 1 1 2 2 1 2 1 0 0 1 0 0 0 0 1 4 1 1 1 1 1 1 2 4 2 2 2 2 2 1 0 0 0 0 0 0 0 0 0 0 0 0 0 0 0 0 0 0 0 0 0 0 0 0 0 0 0 0 0 0 0 0 1 1 2 3 2 3 3 5
7 59 11 38 16 7 1 1 1 3 7 3 1 1 0 0 0 0 1 1 3 7 7 16 9 3 2 1 1 1 1 2 1 1 0 1 0 0 0 0 1 1 1 0 0 1 0 1 2 4 1 1 1 1 4 2 1 0 0 0 0 0 0 0 0 0 0 0 0 0 0 0 0 0 0 0 0 0 0 0 0 0 0 0 0 0 0 0 1 1 1 1 1 3 3 4
14 14 7 29 11 11 4 1 1 1 3 3 1 1 0 0 0 0 1 2 1 1 12 15 15 7 4 3 1 0 0 1 1 0 0 0 0 0 0 0 1 0 0 0 0 1 0 0 4 3 2 0 0 0 2 1 1 0 0 0 0 0 0 0 0 0 0 0 0 0 0 0 0 0 0 0 0 0 0 0 0 0 0 0 0 0 0 0 0 1 1 1 3 4 5 6
15 10 8 6 7 3 9 1 0 0 1 1 1 0 0 0 0 0 0 1 2 7 15 15 19 7 3 1 1 0 1 1 0 0 0 0 0 0 0 1 0 0 0 0 0 2 1 1 5 4 3 0 0 0 0 0 0 0 0 0 0 0 0 0 0 0 0 0 0 0 0 0 0 0 0 0 0 0 0 0 0 0 1 1 1 0 0 0 1 1 1 1 1 1 2 3
10 7 8 5 5 1 2 3 0 0 1 1 1 0 0 0 0 0 1 1 4 6 12 9 9 12 3 1 1 1 0 0 0 0 0 0 0 0 0 1 0 0 0 0 0 0 0 0 2 4 1 1 1 0 0 0 0 0 0 0 0 0 0 0 0 0 0 0 0 0 0 0 0 0 0 0 0 0 0 1 1 1 1 1 1 1 1 2 1 0 1 0 1 2 3 4
6 8 9 5 1 1 1 1 1 0 0 1 1 0 0 0 0 0 1 4 2 1 6 5 4 6 3 1 1 1 0 0 0 0 0 0 0 0 0 0 0 0 0 0 0 1 0 0 3 1 1 0 0 0 0 0 0 0 0 0 0 0 0 0 0 0 0 0 0 0 0 0 0 0 0 0 0 0 0 0 1 2 2 2 3 2 2 2 1 1 1 1 1 1 3 4
2 2 3 3 1 1 0 0 1 0 0 0 0 0 0 0 0 0 1 1 1 1 3 7 1 2 1 2 1 0 0 0 0 0 0 0 0 0 1 0 0 0 0 0 0 0 0 3 5 0 0 1 0 0 0 0 0 0 0 0 0 0 0 0 0 0 0 0 0 0 0 0 0 0 0 0 0 0 0 0 1 1 1 2 3 2 3 4 2 3 1 1 3 2 2 3
1 1 1 1 1 1 0 0 0 0 0 0 0 0 0 0 0 0 0 0 1 1 1 1 1 1 1 1 0 0 0 0 0 0 0 0 0 0 0 0 0 0 0 0 0 0 1 1 2 1 0 0 0 0 0 0 0 0 0 0 0 0 0 0 0 0 0 0 0 0 0 0 0 0 0 0 0 0 0 0 0 0 1 1 3 3 6 7 4 7 6 6 4 4 3 9
1 1 1 1 0 0 0 0 0 0 0 0 0 0 0 0 0 0 0 0 0 0 0 0 0 0 0 0 0 0 0 0 0 0 0 0 0 0 0 0 0 0 0 0 0 1 0 0 0 0 0 0 0 0 0 0 0 0 0 0 0 0 0 0 0 0 0 0 0 0 0 0 0 0 0 0 0 0 0 0 0 0 0 1 1 3 2 3 14 14 5 12 10 9 5 7
