sesion_6_simulaciones/modelos_agentes/ejemplos_netlogo/scenarios/echam4_b2/rob_2086.asc
NCOLS 322 
NROWS 307 
XLLCORNER 451900 
YLLCORNER 4086900 
CELLSIZE 100 
NODATA_value -9999 
[rows 222 to 295 of 307, columns 192 to 287 of 322]
7 7 4 2 12 9 5 3 1 1 0 0 0 0 0 0 0 0 1 1 2 6 19 16 9 11 8 8 17 19 11 13 30 28 27 19 27 44 38 37 37 29 30 49 28 33 33 16 17 23 18 15 4 4 6 6 4 11 25 38 30 25 39 25 64 83 76 72 82 86 62 44 21 6 4 1 0 0 0 0 1 0 0 0 0 1 1 0 1 2 5 7 9 10 11 9
24 24 17 13 7 4 4 3 1 1 0 0 0 0 0 0 0 0 0 1 3 11 19 33 15 19 21 16 26 28 17 20 33 33 35 22 33 25 31 30 32 27 31 51 38 22 33 16 19 15 15 7 6 4 2 3 3 9 12 18 15 28 39 30 47 72 69 64 78 81 63 36 20 7 2 1 1 1 0 0 1 0 0 0 1 1 1 1 1 3 4 4 10 11 14 16
27 22 21 15 10 7 5 2 2 1 0 0 0 0 0 1 1 2 1 2 4 13 24 44 34 25 24 31 31 43 42 29 30 32 35 23 33 15 30 28 19 25 30 48 57 22 29 27 9 8 9 8 11 2 1 4 4 14 7 20 26 33 42 45 28 38 12 8 19 68 75 37 13 2 2 2 1 1 1 0 1 1 0 0 1 1 1 2 2 2 4 9 10 12 14 31
16 13 13 8 6 4 2 2 1 1 0 0 0 0 0 1 2 3 3 3 6 9 17 33 45 44 35 37 32 47 73 54 36 36 20 23 27 22 42 22 16 17 26 31 50 41 13 17 5 5 4 3 4 4 1 3 3 5 11 26 39 39 55 49 30 36 24 30 12 15 47 25 8 8 4 4 3 1 1 0 1 1 1 0 0 1 1 2 3 2 4 10 11 11 17 23
16 12 11 5 2 2 2 2 1 0 0 0 0 0 1 2 2 5 7 10 6 11 22 27 43 68 49 42 46 32 49 62 33 43 32 35 39 36 23 23 13 18 16 17 19 25 17 30 18 4 13 9 4 2 1 2 11 11 17 28 49 47 47 33 31 30 39 52 30 22 20 6 9 7 8 7 3 2 1 0 1 1 1 0 1 1 2 1 1 2 3 3 10 16 14 20
11 19 14 11 7 4 2 1 1 0 0 0 0 0 2 2 3 3 8 17 18 24 26 28 41 65 77 51 64 39 47 58 42 29 45 48 36 30 29 25 7 11 10 17 24 28 33 42 46 10 8 6 5 1 2 3 6 7 18 35 46 40 34 25 52 46 54 51 33 26 11 9 10 14 11 10 7 4 2 1 1 2 2 1 1 1 1 1 1 1 2 4 5 6 15 22
20 11 8 5 4 2 1 1 0 0 0 0 0 0 2 2 2 5 14 19 33 48 61 44 46 55 80 44 62 39 41 56 23 25 44 43 46 39 29 26 16 16 14 11 25 29 27 39 31 19 12 7 5 2 7 15 15 16 33 59 46 27 26 42 74 68 46 35 31 20 21 18 22 19 23 15 11 6 1 0 1 3 3 2 3 2 1 3 1 3 4 6 7 8 9 21
20 13 6 4 2 2 1 1 0 0 0 0 0 1 1 1 1 4 6 13 18 41 60 74 63 54 68 64 73 42 60 36 21 22 31 46 46 39 23 23 23 25 15 14 17 31 28 27 18 11 15 9 4 4 8 12 20 14 27 14 21 43 48 75 71 54 42 32 42 44 38 33 29 35 16 10 8 4 2 0 0 3 6 3 2 3 3 4 2 2 4 6 13 14 18 24
7 7 6 1 1 1 1 1 0 0 0 0 0 1 1 2 7 3 6 10 26 35 55 54 69 64 70 71 66 37 51 25 21 45 32 40 44 30 25 33 27 33 14 15 29 32 38 28 29 9 8 5 4 1 3 3 49 21 13 25 36 38 48 44 33 30 34 36 30 38 53 53 39 16 6 4 3 2 0 0 1 1 6 3 3 3 8 12 4 3 4 7 9 10 17 23
2 2 4 2 2 2 1 0 0 0 0 0 0 1 3 7 5 6 11 21 24 35 55 64 58 59 61 57 61 56 67 33 23 34 43 31 39 33 27 27 29 19 23 14 14 19 31 33 24 12 6 4 3 2 7 7 4 64 70 42 24 13 29 29 42 38 29 23 15 44 76 57 28 14 7 3 2 1 0 0 1 2 3 3 6 4 7 8 13 4 4 9 11 15 12 21
3 1 0 1 2 1 1 0 0 0 0 0 1 2 5 6 5 8 18 19 21 48 64 69 54 54 62 51 73 76 50 35 34 45 29 41 38 34 32 30 28 25 31 11 23 19 30 22 12 4 8 5 5 6 12 20 18 20 27 35 19 37 23 26 26 33 35 15 27 47 52 31 26 18 7 2 0 1 1 2 1 1 2 11 9 3 2 4 19 5 5 10 11 14 11 14
2 2 2 1 2 1 0 0 0 0 0 0 0 1 3 4 10 15 21 42 28 30 67 59 70 54 55 58 20 71 44 45 30 46 36 26 32 40 31 31 30 24 45 12 11 39 26 22 15 8 14 5 4 12 21 9 28 30 17 8 17 11 18 24 26 29 20 54 47 22 40 23 16 12 6 1 1 1 1 1 2 3 2 5 6 7 4 9 11 13 11 6 7 24 17 15
5 3 3 1 1 0 0 0 0 0 0 0 0 1 2 2 7 10 23 40 54 59 77 61 69 66 66 56 59 48 74 39 26 38 30 13 19 35 38 42 31 13 26 32 7 15 22 36 13 12 14 7 4 10 10 11 6 8 12 25 22 25 24 40 19 22 37 22 17 30 29 20 15 4 1 1 1 1 2 2 3 2 4 5 12 16 4 6 12 13 36 18 6 10 29 23
1 3 2 1 0 0 0 0 0 0 0 0 0 0 1 2 4 11 21 32 54 46 61 19 36 55 54 24 21 38 62 32 31 63 27 30 34 41 21 7 17 8 24 33 7 20 36 17 4 10 12 11 5 10 8 5 18 25 29 22 12 18 44 59 41 34 56 57 52 40 27 18 6 3 1 1 4 2 6 2 3 4 5 5 13 11 21 7 14 9 4 23 10 9 12 19
2 2 2 1 0 0 0 0 0 0 0 0 1 0 0 1 4 6 17 27 36 27 24 49 41 40 26 30 36 38 49 40 46 49 38 36 35 31 31 14 23 17 22 30 7 14 25 16 6 4 5 7 5 7 3 9 20 9 13 21 21 45 55 58 61 60 45 36 49 36 52 26 9 4 1 0 1 5 5 3 5 5 7 4 6 13 10 25 20 19 12 27 15 3 11 10
3 1 1 1 0 0 0 0 0 0 0 1 1 1 1 1 3 6 8 9 16 50 52 40 48 55 47 30 34 40 39 33 38 44 24 34 29 29 36 11 32 26 17 30 6 9 20 14 15 12 4 3 10 8 6 9 12 11 32 23 52 38 40 71 81 52 48 28 57 28 19 16 3 3 3 3 3 6 7 7 10 6 7 6 7 6 10 27 44 50 12 11 20 10 14 28
2 1 1 0 0 0 0 0 0 0 1 1 1 1 1 1 1 2 4 12 19 28 40 31 24 36 48 29 39 25 33 36 36 47 34 41 28 34 23 22 12 20 9 22 6 5 11 8 9 11 11 3 3 2 6 3 3 16 20 20 33 27 52 63 68 77 50 24 15 16 11 3 1 4 6 7 3 4 12 11 17 9 9 9 10 9 5 5 6 15 37 34 24 16 16 26
1 1 0 0 0 0 0 0 0 0 1 2 2 2 1 2 4 3 3 12 19 32 27 38 41 49 35 26 31 26 15 17 30 27 18 33 16 28 20 17 18 16 43 24 8 10 16 20 7 3 4 3 1 5 2 4 9 35 28 63 66 50 35 46 46 34 41 42 23 13 4 1 2 8 6 14 4 5 11 19 14 23 12 11 11 10 15 10 9 12 25 23 19 54 19 32
1 0 0 0 0 0 0 0 0 1 1 2 3 3 3 2 5 6 7 7 14 8 16 19 22 35 25 19 20 20 28 26 15 11 7 44 24 41 12 18 13 10 37 21 16 9 24 15 10 6 3 12 4 12 8 16 19 9 21 31 40 37 22 34 49 39 51 24 27 13 8 1 4 6 7 14 16 6 8 14 19 29 16 24 14 7 10 17 5 2 6 7 8 26 33 23
1 0 0 0 0 0 1 1 1 1 1 2 3 4 8 5 6 13 9 18 28 32 43 47 49 41 39 49 53 38 41 46 37 26 30 24 46 26 13 11 9 7 6 22 12 4 9 9 10 5 12 14 18 34 67 57 57 46 54 35 37 40 46 58 49 40 36 26 20 10 3 1 5 8 14 14 16 13 14 25 18 32 20 30 18 9 9 18 24 7 12 14 9 6 8 13
1 1 0 0 1 1 1 1 1 1 2 3 2 6 10 6 3 4 19 31 46 40 50 60 68 70 66 58 78 63 47 35 28 16 9 9 17 19 16 10 11 4 4 9 5 4 3 8 4 6 2 1 2 3 13 25 72 75 60 55 40 39 22 55 43 33 31 25 7 4 1 2 6 10 7 13 15 25 18 29 18 11 38 36 23 11 12 25 22 11 13 20 17 29 36 45
1 1 0 1 1 1 2 2 2 2 1 1 5 7 6 13 3 3 7 14 32 53 28 54 51 64 71 55 10 23 40 26 15 13 19 23 22 11 22 8 7 5 1 5 4 5 2 2 1 5 3 3 3 3 4 5 17 50 68 75 81 42 38 28 27 27 27 27 19 5 2 6 13 13 13 15 37 28 30 30 30 14 15 50 31 13 12 17 18 13 22 12 25 31 41 48
0 0 1 1 1 2 2 3 3 2 1 2 3 6 5 10 7 2 6 12 19 28 22 46 35 30 26 16 12 13 22 18 16 21 16 10 16 23 23 2 6 6 3 4 4 1 1 4 4 4 6 5 9 11 15 19 28 44 41 32 47 78 59 49 42 41 43 26 15 5 4 13 17 25 24 18 32 40 30 23 23 21 9 31 46 25 25 11 27 16 26 27 18 33 34 26
1 1 1 2 3 3 3 4 4 4 2 3 3 5 9 5 16 2 3 3 8 7 18 19 25 37 32 34 37 23 31 17 15 28 22 16 12 9 3 4 5 7 24 6 3 3 1 2 4 5 7 21 8 15 36 23 20 18 24 18 20 37 59 59 50 34 36 25 10 2 7 15 17 24 28 28 20 48 36 47 27 38 28 26 63 34 42 18 29 28 30 43 30 29 27 36
0 1 2 2 4 5 4 5 5 5 3 3 4 8 14 10 10 4 4 8 6 6 16 19 27 35 38 32 30 45 35 43 33 54 13 9 10 12 9 9 19 13 5 3 14 4 2 2 2 15 22 6 13 18 17 19 34 32 44 28 27 23 27 32 35 29 21 20 9 5 8 19 19 29 25 22 23 33 44 51 38 28 40 25 65 25 27 31 20 46 29 30 32 22 24 24
1 2 4 3 5 3 4 6 11 10 4 2 5 4 18 41 4 5 4 16 15 18 14 17 23 23 35 22 25 33 32 25 20 19 22 19 16 19 16 9 4 3 2 1 3 4 5 3 14 32 6 3 6 19 28 25 20 36 23 23 31 26 27 20 20 18 17 10 7 8 16 21 19 22 22 24 29 35 48 39 39 34 37 53 64 28 29 34 22 46 32 16 39 16 10 21
3 3 4 7 7 4 6 7 14 13 5 2 3 9 15 17 6 7 5 13 21 20 20 12 13 11 24 28 28 34 23 18 23 20 18 17 16 12 10 6 5 3 2 1 1 1 1 10 3 8 4 4 5 7 16 67 40 46 36 34 27 27 25 20 16 16 13 7 6 7 15 19 14 24 21 34 42 28 32 56 46 51 50 48 61 45 48 22 46 43 15 24 33 14 18 24
5 5 5 13 8 5 5 9 12 24 7 3 8 9 15 26 15 9 8 20 26 37 21 25 26 10 16 21 23 18 24 16 20 20 18 10 8 4 5 6 11 8 9 5 2 6 5 3 1 2 4 13 17 18 28 18 28 33 46 47 38 27 23 22 19 17 14 6 3 14 18 20 27 24 38 34 31 43 30 25 39 41 39 52 27 84 51 20 35 41 10 24 20 38 21 27
7 11 6 18 9 5 6 12 15 22 5 4 8 10 19 21 27 3 15 24 28 43 28 30 30 36 22 16 12 13 14 23 35 23 7 17 7 13 7 8 8 8 4 3 2 4 2 1 3 6 10 11 18 22 35 12 9 11 13 28 26 30 27 28 25 26 20 10 4 15 16 17 27 31 38 17 29 22 40 21 28 25 40 24 48 75 35 21 50 22 12 23 23 32 35 33
5 7 12 16 12 12 7 9 17 37 6 10 11 19 18 33 6 5 19 23 37 45 50 30 51 32 33 30 18 18 12 43 45 25 26 14 12 16 9 6 10 4 4 2 2 3 2 2 2 5 9 9 22 26 29 10 20 27 31 39 36 36 37 43 36 36 25 10 4 18 20 18 38 26 32 45 44 31 18 34 23 32 34 43 34 56 50 40 46 23 20 31 17 19 9 41
3 4 15 16 16 15 8 11 20 25 7 13 17 35 42 19 6 5 19 24 27 50 46 52 34 34 48 35 28 28 26 35 45 37 24 27 25 12 24 10 4 8 2 1 1 2 2 2 2 3 6 10 19 19 25 27 30 38 40 46 51 58 45 35 26 18 20 6 8 21 29 23 39 43 31 34 45 31 34 12 44 14 18 40 45 56 64 73 40 24 31 26 32 35 22 47
7 8 19 23 32 20 10 14 26 29 8 9 22 42 29 8 4 11 18 23 37 44 44 45 48 34 46 37 48 45 41 30 12 19 24 22 22 9 16 12 10 5 3 2 4 3 1 4 3 2 2 7 18 34 26 26 46 48 47 33 56 39 21 28 32 23 11 8 7 19 39 25 35 42 46 35 43 30 37 30 20 43 22 9 12 36 56 70 34 44 34 30 26 46 19 19
7 10 12 19 43 27 13 15 23 33 7 8 23 41 19 8 6 13 24 25 25 30 34 42 55 32 36 34 28 44 46 31 27 20 19 10 14 12 13 8 8 4 3 4 6 5 2 4 1 1 2 11 19 13 37 43 23 30 22 26 24 22 37 40 24 23 20 6 9 10 43 29 30 29 36 46 35 34 18 32 15 45 27 21 12 10 28 46 52 67 39 36 28 36 13 16
9 19 14 13 21 42 15 21 37 13 9 10 17 50 28 10 5 17 25 26 38 49 45 55 52 45 23 26 43 39 19 39 65 44 16 14 8 11 15 8 4 6 6 2 3 2 2 1 3 3 5 9 13 25 40 27 43 31 31 37 32 30 30 25 27 26 14 8 8 17 18 46 29 26 31 33 51 47 31 51 19 17 30 26 19 17 16 32 51 55 37 38 31 33 20 27
11 13 29 25 12 30 11 25 61 13 12 24 32 43 16 13 2 10 30 32 49 38 39 57 53 49 41 14 12 14 18 17 21 8 8 12 20 11 8 12 8 5 3 2 1 1 1 2 4 8 8 9 14 25 45 45 49 37 31 41 36 41 44 28 30 28 14 11 11 30 29 30 50 25 27 30 54 44 31 23 39 17 14 34 32 18 21 21 39 51 55 34 28 20 37 16
13 15 32 40 20 44 13 24 62 29 14 34 41 28 13 4 3 7 15 33 51 50 39 38 44 53 34 14 17 14 17 17 17 14 9 5 9 11 16 11 7 4 2 2 2 1 1 1 0 1 6 8 8 18 21 18 26 44 46 40 44 26 30 29 24 26 24 6 13 30 34 28 34 14 35 34 34 49 57 43 48 25 17 16 33 22 14 26 42 78 69 34 20 16 34 14
14 16 18 46 21 39 24 20 29 39 19 44 41 11 4 6 10 15 24 41 37 38 47 25 32 41 54 18 14 13 21 20 17 16 12 14 10 10 6 2 2 4 2 3 3 1 1 0 2 3 5 12 24 27 20 45 46 67 48 32 42 43 44 42 41 24 22 13 18 33 29 41 53 28 22 47 35 50 41 34 53 21 26 26 49 24 11 16 14 35 56 29 25 13 44 27
11 13 11 28 55 27 42 18 47 25 48 27 11 5 12 11 19 13 47 53 28 36 37 38 14 29 39 48 22 22 12 21 13 8 6 7 8 5 3 3 2 1 1 0 1 1 1 1 2 2 2 8 9 22 34 41 26 52 39 23 29 36 38 39 23 20 16 27 28 32 35 43 12 34 43 47 43 29 50 24 60 24 26 18 23 48 27 28 33 29 46 20 40 15 23 45
27 18 13 17 26 44 48 23 62 38 39 9 5 12 14 23 23 15 19 17 32 31 34 55 46 24 31 11 27 38 11 19 9 7 10 10 14 6 5 3 2 2 4 2 1 0 0 1 2 3 5 10 12 13 24 26 27 28 20 7 22 30 31 29 19 15 15 27 28 31 34 50 17 16 9 16 40 55 66 22 51 39 25 25 15 14 53 22 34 34 36 39 16 13 28 41
21 29 20 15 15 28 59 29 32 15 9 3 9 15 29 36 35 14 18 20 31 34 28 10 15 14 15 23 9 12 30 45 22 13 5 13 4 4 6 1 2 2 1 1 1 2 1 1 2 3 5 5 6 12 15 22 17 35 26 28 40 31 33 22 30 29 18 29 29 33 28 47 16 28 16 22 21 14 35 35 21 49 25 30 15 34 39 12 29 46 47 38 17 15 14 20
21 30 23 29 37 45 47 29 33 9 13 9 14 29 28 35 39 26 27 28 32 32 23 16 13 17 14 8 9 18 11 14 15 26 20 28 4 3 2 3 3 1 2 2 1 1 1 1 2 4 9 5 7 11 24 11 28 52 57 48 43 31 35 35 29 27 29 42 29 30 31 37 21 31 28 22 34 28 32 48 15 46 24 42 15 12 32 9 13 19 45 30 9 17 16 40
23 36 28 34 41 51 48 12 8 4 16 14 26 30 30 40 26 48 41 25 30 29 25 27 27 17 17 11 12 27 13 3 3 4 5 15 18 7 8 13 6 5 2 2 1 1 0 1 5 4 7 3 4 12 16 20 36 66 32 35 46 28 34 29 27 28 32 46 29 29 30 33 30 30 39 21 32 29 27 28 44 71 32 40 27 9 34 17 6 12 25 36 15 21 14 5
23 40 42 36 66 55 13 8 12 14 25 24 19 35 29 43 16 30 60 18 32 24 12 18 26 33 9 14 17 17 32 9 6 3 3 2 3 2 4 11 13 4 2 3 2 1 1 1 3 3 3 3 7 12 25 26 30 37 34 23 43 37 27 10 30 17 19 53 32 28 40 29 42 26 36 30 27 32 25 20 18 12 54 49 34 11 13 15 8 6 15 40 17 21 26 14
24 33 59 50 65 15 13 12 14 24 28 28 37 47 18 35 17 26 31 51 18 35 12 10 13 26 20 20 17 10 6 17 4 7 5 3 3 3 2 3 4 2 1 2 1 0 0 1 1 3 3 3 2 8 19 35 16 39 57 50 25 21 14 8 40 26 26 42 37 26 41 28 56 35 34 38 23 23 36 22 16 9 33 35 33 15 6 36 11 9 19 29 40 27 17 18
15 35 61 77 48 7 13 24 25 26 43 50 24 31 23 18 42 16 24 26 23 22 20 12 15 19 16 27 17 17 21 12 16 5 7 4 3 2 1 3 3 1 1 1 1 1 1 3 1 2 3 2 5 12 25 26 58 37 28 45 31 15 5 15 21 47 25 29 40 23 27 27 46 38 23 35 34 20 22 35 22 6 16 41 44 19 5 17 16 9 19 11 46 28 10 37
15 37 67 50 8 8 25 25 17 46 31 60 18 35 24 14 19 57 15 25 41 18 34 12 11 24 25 19 18 25 11 13 20 6 7 5 3 4 1 4 2 1 2 2 2 1 3 2 3 4 6 7 10 10 12 23 37 29 33 32 29 15 8 21 17 32 23 26 36 25 24 24 25 46 22 20 40 22 21 20 31 10 14 18 34 16 8 11 23 12 7 8 8 25 16 18
17 50 51 28 11 17 27 30 17 37 15 55 22 30 44 14 33 55 12 31 50 12 40 12 10 24 28 27 9 6 21 5 5 13 21 11 2 3 2 3 1 1 1 1 1 1 1 2 4 5 5 3 4 6 8 13 23 32 20 41 33 17 14 21 27 36 14 19 27 36 19 18 11 31 23 19 25 28 21 17 7 6 25 12 31 17 10 5 10 27 5 12 24 22 17 4
19 41 44 30 13 15 32 47 15 22 17 41 18 24 54 16 28 49 18 14 23 28 23 14 9 11 12 18 18 21 6 11 4 3 1 11 11 2 1 2 1 1 2 2 1 2 1 2 2 4 4 7 6 7 9 12 9 19 22 14 17 22 20 20 20 28 31 21 26 39 10 21 11 18 30 18 23 10 8 18 11 9 8 10 33 41 10 5 9 24 3 5 20 25 24 9
30 32 51 19 13 22 24 31 15 22 18 22 31 13 45 13 14 37 18 10 11 11 54 26 8 7 8 8 12 13 20 8 3 6 1 1 9 2 1 2 1 2 4 2 1 1 0 1 3 5 7 5 5 4 4 13 20 37 25 11 6 19 20 18 19 20 42 15 28 37 10 15 19 19 36 3 14 21 9 7 20 8 7 7 12 27 10 4 5 26 6 4 5 25 49 29
67 36 14 12 19 20 22 25 14 40 21 12 32 11 40 14 11 21 19 8 9 17 36 20 6 9 7 16 15 17 11 9 8 6 1 2 2 5 1 1 2 3 2 2 2 2 1 0 2 4 7 11 7 6 10 14 22 38 38 14 6 25 20 12 19 20 27 19 13 35 17 9 11 28 35 10 8 8 21 5 11 23 9 7 32 28 4 9 1 23 14 6 3 2 7 10
16 6 12 11 15 18 31 23 24 26 16 10 48 11 12 36 11 31 25 6 8 13 14 42 11 12 6 13 18 16 9 5 7 12 3 2 2 6 1 1 1 1 1 1 1 1 2 1 2 7 5 6 8 7 7 11 8 27 33 6 10 14 24 10 17 19 14 30 10 28 21 12 14 9 22 9 9 11 10 12 4 2 22 7 12 30 6 15 3 9 36 5 12 8 4 3
29 14 29 18 16 18 38 18 37 29 8 14 30 15 14 34 8 10 43 5 14 11 7 31 7 11 13 9 9 10 13 12 2 4 3 2 1 1 8 1 0 1 1 2 2 1 1 2 7 6 13 11 3 6 11 1 9 16 12 5 10 30 26 9 8 19 13 23 9 12 51 8 17 18 11 8 13 8 15 9 14 6 5 16 3 19 20 16 5 8 45 8 6 4 10 4
65 23 11 21 20 22 22 16 37 20 12 14 11 15 11 20 7 6 32 10 13 10 4 10 16 13 9 5 6 6 7 6 8 2 2 6 1 1 2 3 1 2 2 2 2 2 1 0 5 2 1 1 1 6 7 22 16 11 10 10 7 21 16 9 9 17 27 7 25 5 29 9 13 17 4 7 13 4 7 12 11 12 5 2 3 3 13 30 9 5 18 7 7 4 8 6
74 21 12 16 14 20 8 15 19 7 11 12 13 16 9 21 9 7 21 6 6 15 5 2 2 3 3 2 9 19 6 6 6 1 2 0 3 1 1 9 1 1 1 1 2 1 2 1 20 3 2 2 3 3 12 23 14 4 4 18 7 5 15 10 16 9 31 8 30 6 11 17 8 18 5 11 6 7 5 4 9 11 5 3 3 3 1 3 9 16 10 9 6 3 9 5
53 14 8 18 10 9 9 11 19 6 11 8 8 20 7 25 8 15 12 6 4 9 7 3 3 4 4 5 5 7 10 6 2 2 1 1 0 1 1 4 1 1 1 1 1 1 3 5 1 2 3 3 1 8 15 19 11 7 3 16 10 7 4 20 14 16 22 9 23 10 6 8 18 22 6 5 9 3 6 1 2 7 3 5 3 2 3 1 1 3 15 6 3 4 9 6
52 12 25 10 10 9 9 9 12 5 8 10 4 22 16 5 7 8 13 6 8 4 10 4 8 8 5 7 4 4 4 4 4 2 1 1 1 1 1 2 1 0 1 0 1 1 1 5 1 1 1 2 3 14 18 16 10 10 3 5 17 6 11 7 15 27 10 17 4 12 26 4 16 30 7 1 6 2 3 2 5 4 5 3 1 1 1 2 2 1 5 9 7 2 6 2
48 18 10 8 8 10 14 7 13 4 7 6 7 8 21 3 3 3 6 1 7 4 7 7 7 7 6 7 7 2 2 3 7 3 1 1 3 1 0 2 4 0 1 0 1 2 2 3 0 1 1 2 7 10 14 10 3 7 8 3 14 6 10 10 4 7 7 11 4 5 21 5 8 14 1 2 2 5 5 2 1 4 1 2 3 0 0 1 2 2 2 1 7 2 4 1
8 25 5 9 7 7 10 5 23 5 5 8 5 2 10 5 5 3 11 4 4 6 6 9 6 3 6 6 7 1 2 2 3 2 2 1 1 2 0 0 2 0 1 0 0 4 9 1 1 1 2 5 8 9 15 6 3 9 7 7 12 6 3 3 9 7 3 10 4 5 13 8 15 6 1 3 1 1 2 4 2 2 2 2 3 1 1 1 1 1 1 2 3 4 3 0
8 28 7 5 3 6 8 7 4 8 4 6 5 3 4 4 4 3 24 3 2 3 5 14 3 3 4 7 5 2 2 2 4 2 3 2 1 1 1 0 2 0 0 0 0 1 1 2 0 3 2 6 9 15 8 3 5 9 5 9 13 10 16 4 4 6 3 12 2 3 3 6 11 2 1 1 1 2 3 2 2 1 0 3 2 4 2 2 1 1 0 0 1 7 3 1
7 26 19 1 3 4 10 6 3 8 3 2 2 2 2 5 1 5 3 1 2 2 5 3 6 3 3 3 3 3 1 3 4 3 2 1 1 1 2 0 2 0 0 0 0 1 2 8 1 1 4 12 15 15 2 4 7 11 6 9 4 14 6 11 6 3 2 3 2 4 4 9 4 4 3 3 0 3 4 1 3 1 0 2 1 8 5 1 1 1 1 0 0 1 3 2
3 4 18 2 4 2 6 5 2 6 4 2 0 3 1 6 2 4 3 4 2 2 4 6 3 1 1 2 3 5 1 1 2 4 2 1 1 3 1 1 2 1 0 1 0 0 0 4 4 5 11 19 14 4 2 9 10 9 6 10 9 5 3 4 10 1 2 3 4 1 3 4 3 6 2 3 2 5 3 1 4 7 1 2 1 1 2 2 1 1 0 0 1 2 1 2
3 5 14 2 3 1 1 3 2 2 3 1 0 1 3 11 2 1 3 1 2 3 3 4 2 1 1 1 3 2 2 2 3 2 1 0 1 2 2 0 1 1 1 1 1 1 1 14 7 21 32 26 2 2 3 4 7 7 4 4 9 2 6 4 3 8 17 2 1 1 1 6 2 4 5 3 3 5 5 2 4 15 2 3 1 0 1 2 5 3 1 1 2 1 1 4
2 3 10 3 4 1 1 2 1 2 3 2 1 1 1 3 2 1 2 1 2 2 2 1 2 1 3 0 1 4 2 2 4 3 1 0 2 1 1 1 0 1 0 1 5 17 31 11 11 14 7 2 2 3 4 5 5 5 3 2 3 2 3 4 1 6 3 0 0 2 2 2 5 2 6 4 4 4 5 2 4 5 2 3 2 1 1 1 1 2 2 3 1 2 4 8
3 1 1 6 1 1 0 0 0 1 6 1 1 1 1 2 1 1 3 1 1 1 1 1 0 1 1 0 0 3 1 2 1 2 1 1 1 1 0 0 0 0 0 12 7 9 35 40 13 4 1 2 2 4 3 3 5 4 3 1 0 1 3 8 6 14 1 1 0 4 5 2 2 1 7 2 5 2 6 1 3 3 3 4 2 2 1 0 1 1 0 1 2 1 3 4
2 2 1 6 0 1 1 0 2 0 2 1 1 1 1 2 1 1 2 1 0 1 1 2 0 1 0 2 0 0 1 1 3 2 0 1 2 1 0 0 1 14 24 23 33 10 20 45 23 1 1 3 2 2 1 2 2 2 2 0 0 2 8 12 9 4 2 4 4 2 4 4 1 1 2 2 5 5 11 15 19 7 2 3 2 2 1 0 0 1 1 1 1 2 5 5
2 1 0 8 1 0 0 0 2 0 0 2 1 0 1 2 1 1 4 1 0 1 1 3 0 1 0 1 1 1 1 1 1 1 1 1 1 1 1 3 9 24 46 29 46 51 40 24 1 1 3 2 2 2 1 1 4 5 1 1 1 4 9 5 3 2 3 3 3 2 4 9 18 2 1 2 2 4 6 4 2 3 3 8 5 3 1 0 1 0 2 2 1 1 7 1
1 1 0 1 3 2 1 0 2 1 0 2 0 0 0 0 1 1 1 1 0 0 0 1 0 1 1 1 2 1 1 1 1 2 1 1 1 0 1 5 3 4 16 41 56 44 1 1 2 1 1 1 1 2 1 1 1 11 2 2 1 2 1 4 3 1 3 3 2 8 7 11 1 2 2 4 4 4 5 4 5 5 5 2 4 1 1 1 1 0 0 2 1 1 5 1
1 1 0 0 4 1 1 0 1 0 0 1 1 0 0 0 0 0 1 0 1 0 0 0 1 1 1 1 1 0 1 1 1 1 1 1 1 0 1 3 1 5 5 4 4 1 3 4 3 2 1 1 1 0 0 2 1 3 3 1 1 2 1 2 1 1 1 4 5 11 3 1 2 3 2 3 9 4 5 4 6 5 5 3 3 1 1 1 2 0 2 2 1 1 1 1
1 1 0 0 2 0 0 0 1 0 0 0 1 0 0 0 0 0 1 1 0 0 0 1 2 1 1 1 0 1 1 1 1 1 1 0 1 0 4 3 17 21 5 1 3 2 1 1 2 0 0 0 0 0 1 2 0 5 2 0 1 1 2 1 0 1 1 7 7 0 1 0 1 3 7 7 4 5 3 3 4 3 3 3 2 1 1 1 1 1 1 1 1 1 1 0
0 0 1 1 1 0 0 0 1 0 0 0 1 0 0 0 0 0 0 1 0 0 0 0 1 1 1 0 0 0 0 1 1 1 0 1 1 1 2 1 2 4 3 3 3 2 1 2 4 2 1 0 0 0 1 2 0 2 2 1 1 1 1 1 0 1 2 5 1 0 0 1 1 1 1 5 5 6 2 3 3 3 4 1 2 1 1 2 2 1 1 1 0 0 0 0
1 0 0 2 2 0 0 0 1 0 0 0 0 0 0 0 0 0 0 0 0 0 0 0 0 1 1 0 0 0 0 0 1 0 0 0 0 0 3 1 1 4 1 2 1 2 1 0 1 3 2 0 0 0 0 0 2 0 1 0 0 1 1 0 1 2 3 6 1 0 0 2 1 1 1 2 5 2 1 1 2 3 2 2 1 1 2 1 1 0 1 1 0 0 0 0
1 0 0 0 0 0 0 0 0 0 0 0 0 0 0 0 0 0 0 0 0 0 0 1 0 0 1 0 0 0 0 0 0 0 1 0 1 7 2 16 14 6 1 0 0 3 2 1 1 2 1 1 0 0 1 0 3 1 0 0 0 1 1 1 2 3 3 5 0 1 1 2 5 1 1 2 2 1 1 1 2 1 1 0 1 2 1 1 0 0 0 0 0 0 0 0
0 0 0 0 0 1 0 0 0 0 0 0 0 0 0 0 0 0 1 0 0 0 0 0 0 0 0 0 0 0 0 0 0 0 0 1 3 5 15 7 5 6 3 1 1 1 0 0 0 1 1 1 1 0 1 1 0 2 1 0 0 2 1 0 1 2 1 3 1 1 2 1 2 0 1 1 1 2 1 1 0 0 0 0 0 0 0 1 0 0 0 0 0 0 0 0
0 0 0 0 0 0 0 0 0 0 0 0 0 0 0 0 0 0 0 0 0 0 0 0 0 0 0 0 0 0 0 0 0 0 1 6 9 19 42 10 1 1 2 1 1 0 1 4 1 2 3 0 1 2 1 1 0 1 1 1 0 2 1 1 1 2 1 3 1 1 1 1 1 0 0 0 1 1 5 1 0 0 1 1 0 0 0 0 0 0 0 0 0 0 0 0
