sesion_6_simulaciones/modelos_agentes/ejemplos_netlogo/scenarios/echam4_b2/rob_2010.asc
NCOLS 322 
NROWS 307 
XLLCORNER 451900 
YLLCORNER 4086900 
CELLSIZE 100 
NODATA_value -9999 
[rows 0 to 74 of 307, columns 96 to 191 of 322]
76 55 16 18 46 46 45 34 34 30 54 47 48 64 61 28 42 28 24 10 31 28 22 48 27 18 30 32 37 24 11 10 14 23 19 18 13 30 42 21 12 30 66 69 79 70 82 81 91 81 81 87 70 39 56 50 64 34 43 52 52 33 36 22 58 57 55 16 13 40 49 29 22 26 20 11 13 14 7 38 22 10 15 15 17 9 11 14 19 35 18 13 12 4 10 27
24 38 33 21 34 57 42 39 32 51 45 52 74 60 45 39 13 10 8 13 22 6 10 11 25 17 25 17 21 51 31 14 11 17 10 15 22 28 40 45 46 55 47 43 82 86 84 81 94 78 87 78 49 41 76 34 22 24 18 32 13 41 29 19 35 20 24 48 48 43 31 54 64 37 47 48 49 15 18 19 15 11 21 23 23 13 13 22 26 24 31 24 34 16 24 29
4 15 14 40 28 37 36 27 32 41 29 38 40 35 13 11 16 32 33 36 44 8 14 12 21 19 28 16 30 32 47 39 7 17 40 40 43 52 57 58 61 68 53 55 18 14 24 45 91 80 80 79 39 72 71 69 44 18 23 31 28 56 77 74 80 55 44 68 39 50 47 46 54 50 52 65 67 58 32 23 20 18 28 27 29 20 24 38 23 25 35 27 35 40 29 31
4 5 4 10 10 11 11 50 31 14 15 20 24 38 36 38 34 51 53 49 22 6 19 28 6 12 19 24 20 13 24 24 16 25 41 36 62 63 74 79 81 79 68 31 17 19 10 15 51 26 29 34 17 40 64 33 60 13 12 23 41 55 80 80 80 82 77 62 61 53 61 68 54 53 60 51 47 20 16 25 35 33 47 43 38 27 24 35 23 22 40 44 29 40 30 47
15 17 11 3 3 3 11 40 52 22 45 35 24 29 55 43 37 70 38 23 22 13 18 34 34 23 17 22 19 41 49 31 13 23 52 59 66 74 81 83 83 72 60 36 21 12 13 38 27 21 21 32 11 44 25 46 59 43 12 16 56 72 59 76 70 48 74 43 55 71 75 58 56 41 65 46 43 36 35 37 49 43 73 49 34 34 33 47 30 33 46 60 30 52 54 54
31 11 6 9 5 6 10 15 45 63 35 52 23 43 51 32 59 46 49 32 12 11 26 25 27 22 18 25 13 16 26 44 39 14 58 73 75 80 81 70 72 69 62 40 17 20 22 24 31 27 37 47 14 22 31 51 34 38 25 21 56 68 32 18 29 37 41 27 22 51 23 63 77 61 55 41 43 40 41 55 50 56 59 51 59 43 43 60 57 37 53 38 53 53 66 27
6 17 33 18 14 14 20 9 25 51 53 38 31 39 42 62 39 59 65 50 45 27 12 13 23 28 36 36 23 14 20 55 55 33 46 75 80 78 69 66 63 57 26 14 20 46 23 36 38 39 33 32 28 39 55 47 24 39 40 19 14 18 17 22 14 18 47 62 41 43 25 44 43 23 61 65 67 61 47 62 48 41 53 46 64 66 52 65 66 40 67 55 50 40 26 21
4 7 11 9 6 15 13 7 14 33 79 73 64 50 45 34 36 54 44 42 60 67 32 33 53 43 33 18 33 29 27 31 48 66 44 59 65 66 63 53 42 15 17 14 39 28 23 48 37 40 25 24 45 56 45 49 36 58 67 68 44 22 5 5 21 15 39 19 41 24 44 36 17 37 21 47 56 82 67 34 57 67 53 53 76 52 52 57 63 64 46 34 15 21 20 14
3 4 10 15 10 17 12 8 13 15 45 67 82 77 53 67 36 39 36 67 61 36 38 47 41 20 33 34 26 34 42 39 55 69 78 50 25 29 16 13 18 9 7 16 46 31 15 25 32 27 27 18 71 45 40 54 43 53 24 47 67 50 30 4 14 21 12 9 6 17 46 41 21 19 40 21 32 35 45 67 63 83 53 59 45 29 34 74 52 51 38 72 51 30 21 26
8 4 4 4 17 29 16 6 9 18 31 8 13 15 12 11 36 34 43 50 46 39 51 37 61 48 42 33 38 42 41 66 59 45 59 50 39 34 13 10 4 3 5 16 42 21 8 9 17 28 28 21 27 81 68 68 21 35 18 57 51 46 15 18 5 12 9 5 13 28 30 33 39 27 37 53 21 22 62 70 38 63 52 44 29 34 26 34 34 49 25 42 78 65 23 14
15 5 10 19 27 15 24 24 26 6 14 7 26 21 14 14 24 16 53 30 50 42 49 38 57 33 22 29 41 57 68 63 78 63 42 35 26 39 33 15 7 2 2 3 18 5 6 10 20 16 28 15 28 38 76 60 31 25 34 57 28 27 16 6 10 12 15 7 24 32 33 39 23 15 42 59 38 16 16 55 33 28 48 64 32 36 23 25 60 44 37 32 68 80 51 24
13 11 23 22 21 34 27 45 38 27 9 14 30 36 26 24 30 46 43 33 67 49 33 37 39 32 25 28 34 77 73 62 57 46 35 22 19 31 25 15 6 2 3 6 8 4 4 18 9 15 37 15 25 41 24 38 27 30 41 37 18 16 32 22 10 8 22 17 28 57 63 66 16 29 50 56 36 18 16 55 31 8 36 68 28 34 28 22 41 24 18 23 48 59 62 49
7 17 14 27 36 30 28 22 26 37 35 23 9 12 16 33 45 39 53 47 67 67 35 29 28 33 22 34 45 58 74 48 40 30 25 30 29 8 10 19 5 2 2 9 6 3 7 8 13 24 37 27 27 46 28 26 34 32 43 16 14 16 25 21 11 9 7 18 29 17 38 35 27 23 28 60 26 20 8 15 31 6 40 74 28 30 38 19 12 37 21 9 16 31 60 71
8 8 5 10 12 8 7 8 26 35 45 32 31 30 28 17 29 22 64 39 25 21 48 35 39 28 33 53 61 45 45 41 27 10 8 7 5 3 3 4 5 1 0 0 2 2 4 6 24 39 49 42 26 29 16 34 40 34 33 29 11 11 27 30 19 16 8 8 9 6 3 3 17 28 29 38 27 37 22 12 5 8 19 56 61 25 27 28 14 11 24 10 22 45 75 53
5 2 5 6 8 3 1 9 14 17 32 29 37 40 35 23 17 18 54 42 17 45 60 37 38 39 45 32 46 48 23 13 10 11 12 7 6 4 2 0 4 1 2 1 0 1 3 9 13 39 38 34 22 29 19 42 47 37 39 41 7 23 33 32 19 12 5 6 3 2 2 14 44 41 43 50 43 35 18 15 24 7 20 50 66 24 9 10 11 8 5 5 16 33 42 38
29 6 13 6 11 22 13 9 6 7 7 6 5 10 11 18 25 30 14 9 21 29 18 42 35 55 31 32 21 19 18 33 34 26 14 15 24 18 6 1 1 1 0 1 1 1 0 5 10 12 17 12 12 11 21 16 31 26 40 36 6 18 6 30 46 23 8 8 7 2 6 30 44 50 23 15 27 34 41 32 20 16 16 36 67 83 43 25 10 6 5 3 14 50 39 25
3 10 21 19 20 18 36 22 8 11 18 19 9 7 14 34 32 38 25 33 31 10 18 19 54 46 44 60 72 48 41 22 21 29 25 34 40 33 15 1 2 2 1 1 3 3 3 1 3 5 3 4 2 3 6 20 29 35 40 38 10 24 17 22 33 10 6 6 4 4 6 31 29 40 14 11 21 19 46 28 22 17 19 22 58 79 77 18 11 8 6 4 12 31 39 38
5 14 22 52 33 24 15 17 7 7 13 5 9 8 11 16 35 30 35 37 20 17 20 13 33 45 26 39 34 26 40 34 43 26 55 65 40 38 17 6 9 11 7 7 12 10 11 4 1 0 0 1 0 0 2 21 55 75 43 15 33 21 19 13 24 16 8 12 4 4 33 40 44 34 12 25 43 24 31 30 15 11 6 3 36 46 43 40 21 9 7 4 5 14 20 8
12 16 25 20 8 29 9 8 5 6 8 5 2 3 4 6 12 23 25 13 24 24 24 15 49 72 46 48 39 57 59 59 39 59 62 55 22 15 14 27 18 22 29 36 27 13 15 10 4 2 1 1 2 0 0 2 43 57 32 18 16 24 12 10 17 5 7 7 2 24 54 55 43 54 15 16 37 35 35 69 32 16 6 3 7 22 30 28 29 14 8 7 2 7 34 5
38 24 8 6 1 12 32 8 8 8 18 19 14 10 11 18 10 10 14 18 32 37 41 23 36 54 50 58 66 62 63 68 68 57 54 23 35 33 23 29 48 47 36 13 15 5 11 11 5 3 3 1 2 1 2 1 6 11 23 27 17 9 9 23 21 3 7 26 51 39 62 76 28 71 26 9 28 54 30 62 47 33 18 5 5 20 37 23 33 16 11 4 2 3 19 14
32 14 6 12 4 20 25 34 14 26 30 23 19 9 11 7 6 17 16 20 18 22 18 9 34 52 49 28 28 52 41 37 53 61 63 41 33 37 23 52 21 17 27 15 7 6 6 8 6 2 4 3 1 2 3 2 3 12 25 23 6 6 35 32 15 3 21 24 36 48 37 37 18 23 46 30 15 11 16 58 19 14 27 13 7 3 17 9 30 10 11 4 2 2 3 10
36 10 7 10 25 23 30 43 29 48 37 36 25 16 20 10 14 10 7 36 22 24 22 19 55 36 57 51 28 32 36 45 44 58 63 57 65 37 47 16 23 9 6 5 9 9 18 9 8 2 3 2 2 2 4 3 3 6 19 22 28 5 10 13 8 11 36 6 23 40 51 26 29 10 34 46 20 9 12 61 72 26 7 29 14 2 2 3 24 14 9 8 2 2 2 8
21 10 4 11 36 29 9 25 21 17 8 12 39 22 9 9 8 9 8 26 50 36 40 25 52 23 30 57 35 22 51 56 57 32 17 71 60 29 27 22 24 26 9 4 2 7 4 1 2 1 4 2 2 2 2 3 1 3 8 6 7 7 5 6 7 26 34 3 18 11 29 41 29 8 7 26 23 31 10 30 67 34 25 7 12 3 1 3 15 22 3 11 4 2 2 4
24 11 2 9 42 41 22 34 57 26 42 25 25 70 56 34 28 19 17 45 40 52 42 29 44 36 27 53 55 33 31 26 12 8 9 25 30 39 16 28 20 25 15 12 6 1 1 0 0 0 1 1 0 1 1 1 1 1 1 4 9 8 6 10 31 25 15 6 13 13 11 27 19 16 11 39 37 19 13 6 28 33 13 23 6 2 1 1 1 8 2 4 3 1 1 1
29 25 4 12 49 38 32 18 66 41 17 35 49 56 61 53 55 28 31 26 47 50 67 46 33 32 47 38 63 42 20 12 29 27 18 2 8 32 26 10 17 28 31 26 11 6 3 2 1 1 0 0 0 0 0 0 0 0 2 5 15 8 13 16 9 28 11 13 19 13 8 14 25 24 4 25 30 13 13 7 15 24 7 3 9 4 1 1 1 2 2 2 3 1 0 0
46 42 19 30 55 24 40 15 37 45 42 40 51 62 65 46 61 66 32 29 54 76 76 81 72 63 62 45 63 47 64 64 66 39 19 18 18 12 8 16 35 18 21 21 24 18 13 6 5 4 1 1 1 1 1 1 1 1 5 11 12 10 7 9 8 24 19 25 7 19 7 4 18 11 4 12 12 4 5 4 5 7 18 2 2 1 1 0 0 1 1 1 0 0 0 0
33 28 51 52 56 21 29 24 49 60 50 37 36 65 77 61 59 77 64 73 75 76 84 80 68 75 70 64 72 77 47 19 33 42 36 19 26 20 7 5 22 25 26 35 24 20 18 10 9 6 5 4 4 3 1 3 2 2 5 5 8 5 4 5 4 23 12 20 15 18 3 5 7 8 5 9 8 13 3 4 3 1 4 2 1 3 1 0 0 0 1 0 0 0 0 0
18 41 46 42 57 53 54 46 49 64 59 66 60 67 74 85 80 67 76 42 46 59 60 75 65 59 77 71 73 73 16 10 9 9 22 25 35 18 21 14 12 31 33 22 25 22 15 27 18 9 7 7 6 5 4 5 4 1 3 3 4 3 4 9 18 31 25 9 12 5 7 3 5 5 5 2 2 4 5 2 3 2 2 2 0 2 1 0 0 0 1 1 0 0 0 0
19 43 41 37 56 52 49 45 53 65 76 81 85 87 89 88 78 77 82 65 35 18 43 56 33 29 22 42 48 43 29 6 6 4 5 9 17 14 14 19 6 13 16 15 6 6 3 9 13 10 16 14 7 6 6 10 6 1 2 2 1 4 12 18 22 13 5 7 4 9 6 9 3 3 3 2 2 2 4 2 1 1 1 1 1 1 1 0 0 0 0 0 0 0 0 0
23 40 30 37 62 59 53 67 77 84 87 86 86 86 80 90 71 72 89 39 65 26 13 24 16 8 9 11 12 15 33 20 15 3 5 3 7 5 5 13 10 9 18 5 6 6 2 6 4 2 3 2 2 5 4 2 7 3 2 2 3 5 12 14 15 8 3 8 13 6 6 3 3 2 1 1 1 1 1 1 1 1 0 0 0 0 0 0 0 0 0 0 0 0 0 0
19 58 48 49 62 76 78 83 76 86 79 88 71 83 73 76 53 58 82 67 26 31 14 6 5 4 2 1 5 6 10 50 19 6 6 4 13 29 29 16 13 7 5 2 2 3 3 1 1 1 1 5 9 9 3 4 9 4 7 2 3 5 12 6 10 4 2 4 8 7 4 2 1 2 1 0 0 0 0 0 0 0 0 0 0 0 0 0 0 0 0 0 0 0 0 0
38 56 71 73 84 88 86 85 81 80 70 85 63 64 40 59 42 59 62 68 15 29 29 10 5 1 1 1 2 3 3 7 11 7 6 8 4 8 8 8 5 5 4 8 7 3 4 1 3 3 11 25 22 11 19 3 12 9 2 1 1 3 2 6 4 4 2 1 1 2 2 2 1 0 0 0 0 0 1 1 0 1 0 1 1 1 1 0 0 1 0 0 1 1 0 1
61 75 78 82 81 79 85 79 78 60 82 47 27 34 31 30 36 40 46 55 19 9 12 7 6 4 1 2 5 6 6 14 11 5 15 11 15 14 21 12 20 11 15 16 15 13 8 6 5 7 12 39 46 43 36 10 17 10 4 5 3 0 1 1 1 1 1 1 1 0 1 1 1 1 2 2 3 2 2 1 1 2 1 2 1 4 1 1 1 1 0 0 1 1 1 1
75 81 80 66 79 76 83 62 56 33 51 7 14 9 12 19 20 15 16 38 17 5 2 2 4 5 6 4 8 3 24 32 32 22 35 35 28 22 27 23 24 23 21 19 28 16 20 9 4 22 22 29 44 29 21 16 39 15 11 20 11 6 5 5 5 5 8 4 3 2 3 3 5 5 5 3 5 5 4 4 3 4 3 3 6 3 2 1 2 1 1 1 2 1 3 3
27 35 43 38 57 50 67 55 20 4 2 2 5 3 2 3 3 6 17 29 13 3 4 8 4 5 22 15 26 17 27 34 39 36 38 57 43 23 44 36 31 41 38 33 22 19 22 12 9 18 29 31 48 59 41 38 26 18 23 24 16 15 15 15 14 12 17 10 7 3 7 7 6 6 11 6 7 11 7 9 8 5 7 7 14 4 3 2 3 2 2 1 3 4 5 8
30 20 10 8 4 5 14 18 14 4 2 3 4 4 1 1 1 1 7 8 5 3 19 5 14 24 38 33 49 37 36 35 53 42 37 56 49 29 47 47 39 49 30 27 25 27 38 24 13 17 33 35 22 73 51 59 29 30 35 24 33 19 17 16 16 9 23 11 5 9 9 8 13 8 13 8 8 17 14 13 8 7 13 10 9 6 4 4 3 3 3 3 12 7 6 6
59 60 42 16 14 8 2 5 7 3 4 5 3 1 1 1 0 3 2 4 10 24 31 16 36 37 47 48 40 17 6 16 44 44 44 49 43 44 53 61 59 35 39 33 31 47 35 20 28 29 43 58 39 78 70 36 62 51 42 27 31 24 34 30 18 21 14 13 11 7 11 20 19 10 17 16 13 22 12 15 12 18 20 29 13 6 3 8 5 6 9 12 14 5 16 9
67 47 40 20 10 6 6 6 12 11 11 9 5 1 1 3 4 5 8 15 42 48 50 31 44 37 38 51 52 42 31 19 47 47 46 49 44 49 47 57 29 21 49 50 38 72 44 40 46 25 59 38 74 79 53 60 71 55 32 43 28 38 33 22 12 21 19 14 8 14 30 35 27 14 23 27 27 29 15 12 17 24 25 17 10 4 4 13 9 5 17 22 18 6 4 23
51 55 46 32 29 15 22 22 31 30 29 29 14 9 6 12 6 10 20 28 44 35 19 40 56 42 26 40 56 57 43 30 41 54 39 64 51 75 59 44 47 32 57 39 28 75 54 55 39 29 46 75 73 63 59 53 63 70 39 50 47 52 38 18 36 31 29 18 9 20 33 59 41 23 30 36 38 24 17 12 25 52 42 30 20 7 17 39 18 7 15 39 38 12 5 29
75 66 40 38 22 28 43 44 42 56 44 38 29 22 21 17 16 25 31 38 50 41 47 62 56 41 43 56 48 58 28 49 36 30 56 74 65 61 62 46 46 29 57 26 18 53 63 61 41 43 59 49 74 28 26 22 43 61 35 63 72 53 42 58 41 35 19 6 13 37 51 73 56 35 36 59 67 32 30 18 36 67 31 20 15 12 29 51 27 12 10 59 68 33 13 27
60 63 46 48 35 44 59 65 64 62 68 48 40 35 47 18 21 39 41 44 59 65 48 70 58 58 60 59 46 73 43 66 47 37 48 75 49 61 47 60 48 51 50 35 46 43 74 64 39 46 64 64 61 49 38 31 39 49 34 77 78 65 61 62 20 33 10 9 16 48 67 75 68 46 52 69 77 31 40 17 56 81 41 16 13 20 42 63 36 18 15 53 70 51 12 33
64 59 61 46 37 46 71 64 61 60 73 61 50 58 44 39 27 49 64 48 49 59 69 72 62 60 52 47 38 84 57 69 54 50 61 79 72 58 48 59 46 61 50 39 47 52 62 42 53 41 50 84 72 66 48 50 66 45 49 76 66 68 81 40 46 35 19 22 34 46 72 75 75 41 51 75 57 33 53 24 48 73 53 39 20 24 54 70 44 29 21 42 69 33 25 43
46 55 48 45 38 38 69 66 55 66 58 58 54 65 54 48 50 47 61 59 51 38 41 72 73 64 68 52 37 49 75 82 58 49 64 82 66 43 49 61 49 66 55 42 43 62 50 56 53 54 48 71 48 57 59 59 71 43 64 68 60 70 41 50 69 31 26 35 53 48 64 84 62 34 58 76 62 41 65 38 51 73 43 41 39 27 30 75 69 35 22 47 72 42 27 50
35 63 48 48 50 51 67 70 51 73 65 69 66 61 54 66 54 47 57 62 47 40 29 67 75 64 73 41 42 63 72 79 48 51 75 70 59 61 55 68 64 44 57 64 65 59 45 73 59 55 42 63 42 55 58 71 76 80 71 44 39 29 42 75 38 46 52 28 43 54 49 76 36 35 59 74 48 47 60 29 63 67 47 50 49 49 21 36 75 37 30 43 73 59 48 40
42 44 50 50 61 39 52 52 60 70 62 71 63 60 59 62 52 47 39 43 58 39 61 60 74 73 67 61 27 50 76 82 33 47 68 80 58 39 54 57 61 49 60 46 46 54 58 31 58 56 58 60 64 56 69 69 83 79 64 78 65 44 61 53 58 64 40 36 45 64 48 72 36 42 54 72 48 63 63 31 48 50 40 68 66 59 35 35 74 56 35 49 57 45 52 41
23 32 53 56 56 30 63 58 62 68 66 74 61 46 50 57 61 62 47 23 26 22 69 18 50 70 71 59 38 49 57 75 28 33 78 46 36 30 68 36 57 41 57 54 42 41 40 77 79 90 83 76 72 67 56 69 77 69 68 75 62 58 60 34 63 44 52 54 60 75 48 57 48 60 35 51 45 61 51 45 60 44 42 61 71 43 55 37 54 44 56 43 69 74 75 62
34 26 57 29 33 60 27 38 57 62 72 68 50 61 33 60 28 57 50 29 14 33 51 22 48 70 71 78 36 36 36 52 52 44 32 38 42 42 54 43 56 42 51 69 52 82 63 88 65 75 59 62 71 81 89 75 72 51 41 78 53 53 33 48 75 60 59 62 61 79 79 71 72 66 51 76 49 76 47 45 76 38 69 61 75 45 63 46 43 64 64 71 73 75 80 90
12 31 14 14 26 44 67 31 56 45 31 38 25 51 38 51 39 57 45 49 31 48 52 65 33 42 63 58 67 60 46 27 48 32 70 79 77 60 79 92 83 79 71 90 73 60 86 84 55 72 63 52 58 78 77 63 77 79 69 83 66 83 79 69 58 64 68 63 50 60 72 74 61 83 87 85 87 93 86 71 74 82 80 73 43 89 88 81 71 37 58 45 55 79 57 68
12 20 25 35 49 55 38 23 13 4 9 17 24 54 52 46 44 58 44 43 49 50 50 76 64 47 36 39 45 39 29 44 49 21 32 71 81 47 43 82 81 79 73 84 89 61 71 71 69 67 74 41 47 76 80 48 88 81 92 88 62 70 60 75 68 78 62 80 83 31 41 73 73 54 75 84 61 78 61 88 52 73 84 70 48 84 75 70 89 84 74 37 54 64 44 32
9 7 23 8 10 20 11 12 4 20 30 27 60 52 33 52 29 56 35 32 48 43 56 70 66 57 32 39 47 51 40 15 31 26 24 45 53 36 20 72 69 52 73 87 81 39 50 49 51 56 68 35 42 62 61 77 66 65 78 84 57 31 38 75 78 79 72 67 71 71 30 65 81 44 68 86 36 30 37 88 80 52 46 60 66 79 70 81 89 83 50 78 32 25 56 70
12 19 10 6 19 33 30 12 5 22 34 49 36 49 32 51 44 47 33 27 29 52 56 49 63 62 16 26 27 45 42 23 31 20 24 17 29 51 33 71 47 57 50 53 84 64 44 36 46 44 57 58 36 68 70 90 50 77 91 89 75 24 55 64 68 86 77 81 61 83 43 36 71 43 64 83 51 39 28 72 67 69 18 16 29 71 75 72 84 67 32 79 49 33 45 51
12 21 6 15 7 15 28 27 22 23 38 55 46 29 50 64 47 45 24 28 38 53 37 39 45 45 12 27 18 45 42 32 27 23 26 31 26 23 53 85 57 63 48 65 74 74 42 37 59 55 83 86 50 67 87 92 65 86 91 82 79 42 76 81 65 57 45 39 66 90 47 28 52 28 66 71 88 42 53 86 65 78 72 26 21 40 63 61 54 42 69 92 52 29 13 12
9 14 7 8 38 11 13 41 12 16 47 41 33 32 46 62 61 43 36 45 29 37 29 25 22 53 29 36 42 66 65 57 45 47 51 49 35 44 64 71 64 30 28 70 74 54 30 27 39 53 75 68 68 47 73 92 65 71 83 77 84 75 79 89 44 48 59 34 62 82 75 47 15 32 77 82 82 74 39 87 39 67 82 49 25 21 46 34 40 20 79 90 74 43 40 12
39 5 5 8 10 9 11 19 23 31 51 45 19 28 40 53 51 27 28 32 42 32 26 20 12 29 41 67 75 46 54 43 58 62 49 42 26 35 45 47 76 38 57 33 84 40 43 35 19 37 70 63 46 26 30 64 68 78 83 81 91 77 81 84 77 52 58 41 58 66 88 62 29 27 60 76 81 80 53 70 65 60 71 83 44 21 12 12 12 28 72 60 84 50 37 17
9 18 27 13 11 5 12 12 5 15 35 36 10 14 51 36 23 32 28 32 36 38 22 36 9 14 21 26 63 50 32 69 55 48 67 57 33 19 11 36 38 27 11 10 43 31 68 55 18 13 31 16 27 15 12 20 18 52 59 58 66 71 69 70 89 49 47 37 12 76 93 47 27 23 64 55 54 59 31 44 42 18 68 83 69 36 6 8 11 18 13 41 85 48 26 25
4 14 33 39 41 7 8 7 10 11 28 6 6 7 34 16 14 23 31 17 23 33 19 31 48 74 53 34 48 47 52 49 69 60 52 51 39 41 26 15 15 40 22 11 18 22 28 36 33 12 13 11 25 14 17 31 22 12 22 38 37 16 29 69 90 69 34 35 48 77 91 57 20 11 22 32 53 38 47 54 41 10 42 68 82 25 12 6 24 31 20 41 91 66 52 50
10 29 14 41 44 56 33 11 40 19 20 7 8 7 15 13 14 8 17 38 19 58 42 42 54 66 79 37 36 64 60 39 58 63 37 20 50 38 17 19 21 52 34 19 26 21 19 14 12 6 11 33 41 37 29 28 19 15 11 8 3 1 9 76 76 72 45 19 21 63 79 78 64 20 11 29 40 26 28 20 40 26 14 67 73 55 15 8 25 19 44 81 83 84 64 51
31 52 52 36 33 37 63 13 15 16 27 39 13 7 18 10 6 12 9 8 8 23 21 33 61 65 60 64 55 68 53 31 44 35 48 43 32 48 21 33 27 37 43 23 12 35 19 21 12 4 9 45 55 59 55 44 31 27 22 20 23 20 21 40 42 55 44 14 5 34 33 77 79 31 11 33 37 25 13 27 52 19 11 14 67 72 17 6 26 39 39 65 44 78 43 20
6 9 15 43 46 40 39 10 21 37 63 48 42 40 42 32 6 18 13 10 14 12 29 26 36 42 58 69 47 52 40 40 26 15 45 46 21 17 25 42 32 41 34 25 9 15 42 30 18 10 8 21 64 67 59 60 50 47 35 35 67 70 73 60 45 42 32 19 6 4 24 43 79 57 45 10 23 27 13 2 8 15 17 30 51 61 31 11 6 18 21 18 67 72 85 47
5 7 20 54 65 51 78 43 56 45 47 33 44 42 52 21 17 5 5 7 18 28 18 26 41 31 42 55 39 32 20 43 55 39 53 36 27 34 48 23 41 39 22 28 33 32 42 40 25 16 7 10 27 51 51 61 63 61 37 27 20 29 38 44 59 55 59 45 23 2 6 39 47 51 37 31 16 6 9 8 27 20 7 13 14 52 48 9 4 8 14 18 16 58 51 64
66 43 32 29 23 66 57 26 39 69 51 45 27 25 27 14 21 9 10 7 6 12 18 37 49 21 36 38 35 40 37 70 46 30 31 36 24 24 16 7 12 50 57 34 55 39 32 29 27 24 19 7 4 6 31 31 26 49 53 42 35 29 19 21 24 41 52 51 50 39 24 48 34 58 24 21 15 10 12 9 7 8 4 17 12 43 55 7 2 12 18 13 14 17 50 63
40 54 44 32 24 67 73 54 37 50 50 38 14 22 26 13 13 18 6 18 25 28 19 34 30 28 15 22 19 19 13 13 16 36 30 29 29 30 31 26 16 6 15 57 58 72 59 38 29 13 16 16 10 5 7 14 11 8 17 21 26 36 36 26 11 11 32 41 44 31 36 59 33 59 39 23 19 20 9 4 5 11 4 7 14 8 32 12 2 5 14 17 7 5 39 60
32 32 78 64 39 55 31 55 64 61 58 31 12 36 33 35 43 23 10 15 14 32 36 29 30 27 36 64 45 34 43 47 43 46 43 59 58 53 48 49 46 32 15 8 6 46 54 48 28 16 11 15 10 4 1 1 1 2 2 2 3 11 9 12 14 6 6 10 11 11 30 30 29 27 23 25 28 23 12 13 10 8 3 3 16 23 12 19 3 1 7 13 8 23 65 20
27 28 47 44 42 40 13 7 66 86 85 82 34 41 36 20 17 47 12 24 18 22 22 21 56 31 56 70 45 54 64 59 44 54 61 64 58 61 54 52 52 37 48 36 29 16 6 4 18 19 22 6 4 3 4 7 6 7 6 4 4 1 1 1 2 1 1 1 1 5 9 16 13 10 9 6 6 15 13 12 6 3 8 6 7 13 10 22 10 2 1 8 22 54 25 46
39 31 37 63 54 35 39 24 27 79 46 40 49 38 37 31 39 9 24 32 7 11 12 27 47 26 45 46 38 45 39 40 55 64 59 58 70 74 56 65 65 63 53 48 46 30 23 18 10 5 4 2 3 10 12 18 18 17 15 20 5 1 1 5 5 9 3 3 1 1 2 5 4 3 3 3 3 4 7 14 12 3 2 3 3 3 7 12 17 3 1 6 55 22 21 28
38 32 35 37 44 57 68 28 12 14 9 13 18 28 26 63 22 45 37 34 16 11 16 28 17 15 52 53 62 50 33 50 56 62 70 67 60 65 58 70 61 44 38 36 37 23 19 26 17 15 15 15 18 28 27 25 35 36 34 23 8 6 7 12 11 6 8 3 1 1 1 0 0 0 0 0 1 1 0 1 2 1 1 1 1 1 3 6 7 3 1 17 22 9 27 22
53 39 27 10 35 44 75 76 56 59 47 35 13 17 55 37 73 71 50 36 52 40 28 16 12 24 46 43 36 37 42 69 74 44 22 44 66 68 49 36 46 48 35 26 30 21 27 28 31 25 31 18 21 33 44 46 44 44 49 34 13 15 22 18 24 24 24 12 4 3 1 0 0 1 1 2 5 3 2 1 1 1 0 0 0 1 1 2 5 7 2 18 4 3 14 24
51 44 36 35 41 61 45 40 45 65 46 50 23 36 52 75 83 72 51 39 58 18 33 51 51 39 29 18 32 37 66 35 35 31 53 59 70 77 72 58 60 48 54 42 43 33 36 36 38 22 48 40 39 34 49 53 71 65 60 36 14 32 28 39 39 54 39 26 13 5 3 3 3 5 7 11 14 10 4 4 6 6 2 1 1 1 0 0 1 6 3 12 2 2 12 37
54 49 19 16 35 35 66 69 53 58 54 64 59 27 57 87 81 65 42 64 26 62 35 54 37 25 10 27 16 44 32 21 18 66 54 61 66 73 74 66 63 47 45 48 45 47 47 59 46 34 43 60 42 44 61 70 75 61 40 28 29 41 50 49 50 67 51 30 20 7 12 12 14 18 18 19 28 16 15 14 12 11 5 7 6 2 1 0 0 2 2 2 2 1 4 11
49 54 44 17 41 60 68 66 80 60 48 37 27 53 76 72 61 51 46 85 25 69 48 51 44 39 34 43 38 17 24 39 29 57 65 75 74 78 66 69 71 55 33 46 48 42 55 68 63 38 36 66 62 51 65 78 72 53 36 24 29 60 57 58 74 67 46 33 12 11 18 18 19 34 32 44 43 41 22 27 33 24 18 24 12 7 2 0 0 1 1 2 1 0 1 3
44 18 38 24 13 51 49 44 52 67 70 61 22 37 72 69 24 23 66 80 25 82 47 50 72 69 32 50 42 62 21 15 37 39 65 51 39 45 56 48 65 50 55 52 52 39 63 46 74 47 71 67 65 52 76 83 62 55 34 46 48 60 56 70 77 65 51 42 18 31 43 40 24 45 57 57 59 41 31 44 53 39 32 30 8 3 1 1 0 0 0 1 1 0 1 1
44 38 25 36 16 26 61 68 68 55 33 32 18 44 50 63 34 58 86 67 39 80 55 50 44 59 47 59 62 30 49 62 32 38 38 46 27 44 39 58 63 58 55 70 48 58 63 61 43 40 84 47 67 56 84 65 59 60 37 48 47 59 71 78 60 66 49 30 26 41 53 50 29 59 57 68 72 54 45 53 69 52 45 16 4 4 3 3 2 0 0 0 0 0 0 0
56 26 34 31 34 30 37 58 53 53 57 35 59 26 18 11 49 89 83 58 67 72 61 73 68 54 35 60 46 48 52 26 23 16 29 18 27 41 40 73 48 56 68 66 35 57 66 67 73 68 52 43 69 83 62 68 49 41 48 45 44 61 80 66 65 47 30 34 47 61 58 57 51 66 43 60 64 39 51 60 77 38 16 12 13 14 17 5 3 1 0 0 0 0 0 0
42 40 27 28 52 33 55 76 40 44 41 52 65 65 16 7 33 40 28 23 44 76 72 58 49 62 41 46 37 40 28 6 14 24 8 30 45 46 63 57 43 43 67 41 37 46 54 70 41 32 49 56 70 78 62 44 27 39 61 61 44 78 73 70 60 60 39 36 48 66 62 49 51 69 47 31 76 55 60 79 47 40 28 25 48 43 16 6 4 2 1 1 0 0 0 0
39 61 41 27 23 25 20 44 19 23 23 63 40 76 69 54 30 11 22 32 76 78 68 58 48 35 33 9 24 52 27 19 52 39 25 23 30 38 52 30 30 35 57 25 30 31 32 20 25 48 39 68 80 70 49 34 43 55 66 49 36 83 76 62 61 62 38 53 65 66 54 67 52 67 43 42 62 68 53 43 19 42 56 41 20 7 6 7 3 4 3 2 1 1 0 0
