sesion_6_simulaciones/modelos_agentes/ejemplos_netlogo/scenarios/echam4_b2/rob_2011.asc
NCOLS 322 
NROWS 307 
XLLCORNER 451900 
YLLCORNER 4086900 
CELLSIZE 100 
NODATA_value -9999 
[rows 222 to 295 of 307, columns 96 to 191 of 322]
1 0 0 0 0 0 0 0 0 0 0 0 0 0 0 0 0 0 0 0 0 0 0 0 0 0 0 1 0 0 0 0 0 1 0 0 0 0 0 0 0 0 0 0 0 1 2 4 7 10 13 16 21 30 34 41 52 64 79 77 80 85 63 79 61 70 57 51 57 51 37 38 26 30 42 46 53 31 34 27 59 48 42 37 34 19 38 52 59 38 25 24 11 6 7 3
1 0 0 0 0 0 0 0 0 0 0 0 0 0 0 0 0 0 0 0 0 0 0 0 0 0 0 0 2 0 0 1 1 0 0 0 0 0 0 0 0 0 0 0 0 1 1 3 5 7 11 9 15 24 38 63 68 51 37 48 52 54 47 56 82 40 39 42 62 55 42 58 27 33 50 45 46 27 43 56 50 80 55 45 37 33 23 21 43 68 48 38 30 12 7 5
0 0 0 0 0 0 0 0 0 0 0 0 0 0 0 0 0 0 0 0 0 0 0 0 0 0 0 0 1 1 1 1 0 0 0 0 0 0 0 0 0 0 0 0 0 1 1 1 3 5 7 10 25 18 35 56 34 33 37 38 18 46 44 44 40 61 27 59 61 53 65 58 20 29 33 44 36 37 55 60 45 35 60 61 36 37 38 20 14 40 70 47 36 17 14 8
0 0 0 0 0 0 0 0 0 0 0 0 0 0 0 0 0 0 0 0 0 0 0 0 0 1 0 1 1 3 2 1 0 0 0 0 0 0 0 0 0 0 0 0 0 1 1 1 2 4 6 9 20 21 14 14 19 23 26 23 50 66 45 48 59 87 76 56 61 57 71 61 40 30 48 56 49 47 56 64 50 32 15 30 62 63 36 32 23 15 45 38 29 21 9 6
0 0 0 0 0 0 0 0 0 0 0 0 0 0 0 0 0 0 0 0 1 0 0 0 0 1 1 1 1 3 1 0 0 0 0 0 0 0 0 0 0 0 0 0 0 1 1 2 2 3 6 13 14 16 18 21 35 30 26 36 20 32 57 52 56 88 66 72 43 71 59 59 46 28 55 66 58 39 55 80 45 45 58 42 38 21 22 34 25 27 12 16 18 11 4 5
0 0 0 0 0 0 0 0 0 0 0 0 0 0 0 0 0 0 0 0 0 1 0 0 0 1 2 3 2 2 0 0 0 0 0 0 0 0 0 0 0 0 0 0 0 1 1 1 2 3 4 6 5 9 12 20 41 42 39 23 27 43 42 54 75 59 53 67 80 65 54 61 62 20 25 47 48 59 74 37 75 61 79 55 73 40 49 34 20 11 11 16 10 6 3 1
0 0 0 0 0 0 0 0 0 0 0 0 0 0 0 0 0 0 0 0 0 0 1 2 0 1 2 3 2 0 1 0 0 0 0 0 0 0 0 0 0 0 0 0 0 0 1 1 2 3 6 6 10 11 11 21 33 59 36 35 26 49 63 78 61 52 55 54 39 55 68 41 30 20 24 41 62 55 80 60 31 26 42 62 43 47 36 31 15 15 10 6 5 5 4 4
0 0 0 0 0 0 0 0 0 0 0 0 0 0 0 0 0 0 0 0 0 0 0 1 1 1 1 8 3 1 2 1 0 0 0 0 0 0 0 0 0 0 0 0 0 0 0 1 2 2 4 5 6 7 17 25 18 20 17 33 23 23 32 46 33 18 33 46 37 50 27 46 43 32 42 26 28 65 43 53 41 30 29 34 21 22 29 31 14 14 5 3 3 2 2 2
0 0 0 0 0 0 0 0 0 0 0 0 0 0 0 0 0 0 0 0 1 1 0 0 2 1 1 4 7 7 2 1 1 0 0 0 0 0 0 0 0 0 0 0 0 0 1 1 1 1 2 2 4 6 12 8 10 12 15 17 22 22 25 33 38 51 57 65 50 52 64 65 44 27 40 58 27 61 50 57 57 50 40 58 35 13 17 9 7 9 3 2 1 2 2 1
0 0 0 0 0 0 0 0 0 0 0 0 0 0 0 0 0 0 0 1 1 1 1 1 1 2 1 2 9 6 2 1 1 0 0 0 0 0 0 0 0 0 1 0 0 1 1 1 1 1 2 3 3 4 3 4 4 5 5 7 8 8 10 31 43 45 30 50 53 50 52 46 41 28 31 52 49 42 48 69 58 54 53 51 36 25 12 9 6 7 5 3 1 1 1 1
0 0 0 0 0 0 0 0 0 0 0 0 0 0 0 0 0 0 0 1 1 1 0 1 4 2 1 2 6 6 3 2 0 0 0 0 0 0 0 0 0 0 1 1 1 1 1 1 2 4 6 6 3 3 3 4 4 6 13 17 13 22 20 17 15 18 27 30 32 49 65 72 70 33 36 35 66 52 59 49 46 53 52 44 36 50 31 13 8 4 2 1 1 1 1 0
0 0 0 0 0 0 0 0 0 0 0 0 0 0 0 0 0 0 0 1 1 2 0 1 1 3 3 5 10 8 5 2 1 0 0 0 0 0 0 0 0 0 1 1 1 2 1 1 2 4 7 13 10 5 6 9 19 20 24 42 36 37 31 25 33 54 36 32 31 42 63 66 68 66 49 63 74 43 61 42 63 61 49 60 40 28 28 23 24 6 2 1 1 0 0 0
1 0 0 0 0 0 0 0 0 0 0 0 0 0 0 0 0 0 0 0 1 1 1 0 1 2 10 8 5 4 2 1 0 0 0 0 0 0 0 0 0 1 1 1 1 2 2 4 2 4 6 7 10 14 13 19 23 30 49 46 34 38 48 39 29 25 38 50 28 37 21 26 28 23 58 26 39 75 50 39 18 33 69 62 37 33 42 17 17 5 6 2 1 1 0 0
1 0 0 0 0 0 0 0 0 0 0 0 0 0 0 0 0 0 0 1 1 2 2 1 1 3 4 12 4 2 1 1 0 0 0 0 0 0 0 0 1 1 1 1 2 2 3 4 6 5 7 9 15 31 17 20 29 35 37 52 51 65 60 57 47 30 40 45 62 45 44 39 46 36 78 42 26 28 33 33 20 8 61 68 46 42 45 41 16 10 7 4 3 2 1 0
1 1 0 0 0 0 0 0 0 0 0 0 0 0 0 0 0 0 0 0 1 1 4 1 1 3 4 13 5 2 1 0 0 0 0 0 0 0 0 1 1 1 1 1 2 3 8 5 9 16 13 22 21 23 27 25 29 34 61 55 59 60 54 67 70 46 33 40 46 42 69 53 40 49 49 59 47 58 59 42 40 26 17 51 45 44 50 31 11 7 2 2 2 1 0 1
2 1 0 0 0 0 0 0 0 0 0 0 0 0 0 0 0 0 0 0 1 2 2 3 1 2 3 9 4 3 2 1 0 0 0 0 0 0 1 1 1 1 1 2 5 5 13 11 10 8 25 41 54 33 33 16 29 32 59 50 74 64 56 50 51 49 27 47 35 71 37 40 45 50 33 29 34 38 41 36 31 26 25 21 37 21 10 19 13 5 3 1 1 1 1 0
1 0 0 0 0 0 0 0 0 0 0 0 1 1 0 0 0 0 0 0 1 1 3 5 2 3 6 12 8 4 3 1 0 0 0 0 0 0 0 1 1 1 2 4 6 11 16 17 19 17 20 34 41 44 36 19 31 39 30 54 73 68 28 72 32 53 49 42 35 57 44 20 34 57 58 51 52 57 59 55 63 32 29 22 16 9 12 10 5 5 2 1 1 0 0 0
0 0 0 0 0 0 0 0 0 0 0 0 0 1 1 0 0 0 1 1 2 1 4 9 5 4 9 11 6 7 3 1 1 0 0 0 0 0 0 1 1 1 2 4 7 13 18 20 26 29 26 38 54 57 45 20 32 43 54 48 59 63 25 56 59 54 63 35 48 41 32 42 56 48 39 34 32 41 47 24 44 49 47 23 22 11 7 7 3 1 1 1 1 1 1 0
0 0 0 0 0 0 0 0 0 0 0 0 1 1 1 1 0 1 1 4 3 1 3 9 9 3 2 29 17 5 3 1 1 0 0 0 1 1 1 1 2 3 3 5 9 10 22 29 31 44 31 47 60 44 53 20 34 42 46 61 53 54 55 53 58 61 56 55 47 37 46 49 53 50 41 34 31 45 45 33 33 30 55 46 24 25 14 5 2 1 1 1 1 1 0 0
0 0 0 0 0 0 0 0 0 0 1 1 0 1 2 2 1 0 1 3 4 2 4 9 18 4 5 31 10 7 5 2 1 0 0 1 1 0 2 1 3 4 4 7 8 11 31 35 39 45 50 43 39 52 77 42 24 46 62 49 36 34 35 60 64 59 55 69 47 33 34 38 55 56 59 50 53 72 60 51 42 36 35 29 28 28 13 7 4 2 1 1 1 0 0 0
0 0 0 0 0 0 0 0 0 0 1 1 1 1 3 3 1 0 3 2 3 6 5 12 27 29 22 30 19 11 5 2 0 0 0 1 1 1 1 3 2 5 9 8 6 11 28 40 47 47 52 60 57 57 83 62 52 17 38 71 56 51 37 40 33 63 70 68 40 37 24 59 57 43 46 39 50 74 59 45 55 26 20 16 16 14 15 10 3 2 2 1 1 0 0 0
0 0 0 0 0 0 0 0 0 0 1 2 1 2 2 5 1 1 2 3 4 7 7 16 32 50 24 33 10 6 5 2 0 0 0 0 1 3 1 2 5 4 9 9 11 22 30 30 49 56 58 59 69 81 83 79 42 24 49 63 72 53 44 49 48 42 33 37 36 33 55 57 30 57 33 39 30 53 46 44 35 38 52 25 12 8 4 3 3 2 1 1 1 0 0 0
0 0 0 0 0 0 0 1 1 1 1 2 3 1 4 7 2 3 1 8 10 12 9 19 33 29 15 8 5 4 2 1 0 0 0 0 1 2 3 2 3 7 3 21 14 21 31 31 40 66 66 47 71 77 75 79 64 37 26 27 41 65 59 47 46 30 12 9 29 31 69 47 43 52 89 77 61 54 51 52 58 53 33 36 22 17 9 5 4 2 1 0 0 0 0 0
0 0 0 0 0 0 0 1 1 2 2 3 5 2 6 8 4 7 3 6 18 18 31 18 42 26 10 6 3 2 2 0 0 0 1 0 1 1 2 4 7 5 6 9 30 19 22 36 54 73 69 58 58 51 63 81 78 43 30 31 50 45 47 44 30 37 27 17 45 50 35 48 67 72 68 83 60 73 58 66 65 46 27 10 13 8 8 6 2 2 1 0 0 0 0 0
0 0 0 0 0 0 0 1 1 1 2 4 8 5 8 13 5 8 13 6 10 22 16 54 32 31 7 5 4 1 0 0 0 0 1 1 1 1 1 1 2 5 11 26 19 23 40 47 45 59 74 77 52 51 42 49 74 61 46 22 34 21 21 16 17 8 23 42 35 42 34 23 37 61 32 64 83 80 71 68 65 40 21 15 10 4 2 2 3 2 0 0 0 0 0 0
0 0 0 1 1 0 1 1 1 2 3 4 6 12 6 19 6 8 20 17 20 35 19 42 47 15 5 3 1 0 1 1 1 0 1 1 1 1 1 3 3 5 9 22 41 29 24 40 46 64 65 70 70 66 49 37 48 65 50 30 33 30 34 29 37 16 13 33 40 40 45 45 46 36 32 30 55 62 69 46 27 22 17 12 6 3 2 2 1 0 0 0 0 0 0 0
0 0 0 1 1 1 1 1 1 2 3 6 7 13 15 35 11 10 26 30 27 46 72 38 20 18 9 4 1 1 2 2 1 1 0 1 1 1 2 3 4 6 11 18 26 49 36 36 50 59 69 61 68 72 59 40 27 54 54 40 24 25 31 32 30 33 22 39 36 35 45 44 74 57 50 37 29 17 40 44 33 12 8 6 6 3 1 0 0 0 0 0 0 0 0 0
0 0 0 1 1 1 1 2 1 3 8 8 8 11 35 39 16 18 20 33 35 54 69 20 29 19 7 4 5 4 5 5 2 1 1 1 1 2 5 3 5 11 21 24 23 43 33 64 54 69 62 82 62 45 45 35 56 27 21 71 28 21 45 41 24 20 33 53 34 28 40 59 81 64 49 42 36 32 22 28 25 14 8 6 6 3 1 1 0 0 0 0 0 0 0 0
0 0 0 2 2 1 1 3 3 4 10 9 21 20 25 37 49 33 41 31 48 47 78 63 29 12 11 11 7 11 9 8 2 1 1 0 2 4 2 5 9 12 25 42 53 42 63 28 16 32 64 40 54 50 60 42 19 16 16 26 42 13 36 28 11 22 52 22 31 32 21 27 18 34 45 37 34 35 24 17 15 8 9 7 6 5 2 2 1 0 0 0 0 0 1 0
0 0 0 2 2 3 1 4 6 6 6 12 10 31 36 20 17 59 43 45 40 64 70 43 27 21 20 17 20 31 11 3 1 1 2 1 1 2 8 8 11 17 23 46 36 60 54 51 40 55 58 17 61 68 65 33 42 32 25 15 46 15 23 21 10 13 21 51 46 20 41 63 54 59 55 45 35 37 33 30 19 15 12 9 7 7 5 1 1 0 0 0 0 1 1 0
0 1 1 2 3 4 2 2 4 10 12 19 11 11 24 50 24 17 66 66 41 63 74 49 49 21 42 56 29 12 6 5 3 2 1 0 1 1 3 7 10 27 36 29 23 41 44 64 67 65 51 47 63 73 78 73 59 25 23 21 36 23 18 22 10 13 33 24 14 17 39 43 47 50 57 58 38 32 21 22 10 6 7 17 12 9 3 1 0 0 1 1 1 1 1 0
0 1 2 2 3 3 5 4 5 4 8 23 9 9 21 40 51 44 14 34 48 68 53 44 35 55 32 15 15 7 7 7 5 1 2 1 1 3 5 5 4 15 21 17 28 38 46 45 67 63 64 59 76 75 67 60 33 49 14 20 24 33 7 15 16 15 10 32 44 44 31 50 62 55 51 54 33 26 17 23 27 18 25 15 10 5 4 1 1 1 1 1 2 2 1 1
1 1 2 2 4 7 6 11 9 7 6 12 36 12 30 30 42 59 46 21 35 70 30 52 75 31 24 22 19 16 9 4 1 2 2 2 2 3 6 6 9 17 17 15 30 45 26 24 49 52 33 26 41 41 47 28 41 29 43 10 18 31 9 12 36 47 30 46 61 39 58 60 67 70 68 66 48 31 33 30 33 23 28 13 11 7 2 1 1 1 1 1 2 3 1 1
1 2 3 1 2 11 16 13 12 11 24 15 24 47 27 34 46 23 68 39 39 39 78 61 45 45 43 35 29 19 8 3 2 2 4 2 2 4 10 13 14 21 32 31 34 27 37 45 34 32 34 29 27 35 30 38 37 31 33 38 8 7 18 35 46 24 35 42 58 44 64 53 53 68 69 53 39 47 36 34 34 31 17 16 9 4 1 1 1 1 2 2 3 4 1 1
2 3 3 2 3 9 10 21 26 14 23 32 32 39 58 34 53 32 26 58 31 36 71 71 61 47 38 37 31 12 10 7 4 2 3 1 2 3 6 17 24 30 21 35 33 42 38 39 47 48 43 33 34 37 42 38 22 21 23 23 18 9 20 9 12 35 38 51 30 38 58 50 57 47 55 73 41 36 19 16 17 16 22 13 7 3 2 1 2 2 3 2 7 3 2 1
2 3 5 4 5 6 12 15 17 28 39 35 38 42 65 65 33 28 36 33 63 68 75 63 63 64 53 44 35 19 12 8 6 2 6 1 2 4 8 16 24 42 40 44 46 48 46 62 43 45 46 38 24 34 27 49 44 18 6 6 10 10 14 14 13 11 7 6 12 50 34 40 55 52 49 41 28 11 10 23 33 27 9 14 15 6 2 3 3 4 3 3 10 3 2 2
2 5 7 8 9 7 9 19 26 28 48 50 54 44 60 64 49 50 40 43 40 69 70 66 46 56 48 41 25 29 18 11 7 5 7 1 4 8 10 13 9 36 48 51 47 56 60 49 47 59 64 56 27 36 38 39 21 21 10 4 6 8 15 7 15 18 23 32 24 29 28 30 34 28 45 20 21 23 14 48 37 14 21 17 13 14 5 7 5 3 3 2 7 4 3 2
3 5 17 10 12 13 13 24 31 35 39 54 52 51 72 53 59 67 54 43 43 61 56 52 47 51 48 43 34 20 17 13 15 11 3 1 4 12 17 24 21 34 54 46 50 55 48 37 52 74 67 60 59 34 41 33 26 22 13 13 12 9 14 9 25 33 56 54 38 39 36 41 35 22 22 28 39 48 27 43 38 32 21 17 10 10 13 9 4 4 3 1 4 7 1 2
5 3 13 20 15 17 15 29 37 40 39 42 60 66 69 65 55 73 54 38 46 81 58 72 50 53 56 55 37 24 27 22 14 8 3 2 3 9 25 40 37 44 41 62 51 54 49 38 48 41 38 35 49 41 21 19 18 16 15 14 23 8 13 15 30 36 42 44 46 24 39 26 16 20 23 54 43 53 55 17 31 27 31 27 15 11 22 14 5 6 3 3 6 5 2 3
5 5 11 28 29 21 27 35 38 42 51 40 57 67 69 58 56 46 56 40 47 67 65 75 60 53 46 42 42 28 38 20 13 7 8 4 5 10 22 34 58 64 63 48 62 40 39 52 43 33 30 37 42 38 57 39 15 11 15 15 11 11 13 14 15 15 35 50 30 17 18 29 29 42 38 61 56 57 38 43 33 18 34 25 16 19 19 10 11 5 3 3 11 4 3 5
9 24 20 25 35 26 21 38 43 42 57 43 22 33 72 76 71 54 49 67 46 79 80 51 59 63 35 39 33 37 30 27 18 6 7 5 6 19 22 32 32 53 55 65 59 60 37 57 64 35 48 53 49 42 48 23 19 13 19 8 7 9 16 19 23 20 44 14 20 8 27 41 58 36 45 62 39 43 53 42 11 17 34 35 37 23 15 8 11 8 4 5 9 10 6 6
11 17 34 40 40 28 27 42 42 44 46 53 45 47 55 73 67 35 44 71 43 78 65 66 61 43 22 43 33 40 44 30 28 12 8 5 8 22 24 39 59 47 37 63 42 49 57 41 57 50 65 64 51 47 42 22 18 13 10 16 6 9 21 25 10 31 20 17 43 37 55 45 43 58 46 29 46 62 32 13 12 36 51 35 33 33 14 10 7 7 11 7 5 17 8 8
22 28 33 44 45 34 43 45 47 46 31 48 47 59 58 64 66 67 74 76 74 74 63 62 53 58 49 47 54 32 45 46 26 18 19 5 8 22 45 44 52 52 52 58 57 48 54 28 49 47 58 49 40 37 41 30 32 19 17 9 8 16 3 12 12 19 22 35 35 32 27 47 66 68 49 41 66 48 42 32 31 35 13 17 34 34 14 12 9 14 14 9 6 36 13 17
25 33 29 35 13 28 57 38 51 54 46 43 57 61 53 64 51 73 71 78 71 65 73 54 49 59 70 67 37 48 38 42 38 18 15 6 8 27 32 46 48 42 64 59 57 46 32 62 49 74 43 51 36 45 37 52 27 19 17 6 4 14 25 28 10 15 25 43 46 30 25 57 78 70 44 66 57 35 41 76 61 24 28 38 25 17 19 7 10 15 15 10 16 41 31 24
29 21 12 8 8 15 55 39 25 31 45 33 37 55 74 73 43 43 71 62 72 68 72 72 34 54 72 48 40 45 31 51 46 37 14 3 6 20 29 49 45 45 54 65 70 67 36 29 13 16 52 59 30 34 42 39 39 17 13 8 7 19 19 23 20 21 25 23 46 36 37 59 79 44 52 67 57 14 53 50 35 47 59 45 29 21 16 5 19 18 18 13 26 67 37 21
32 35 27 28 26 20 33 56 21 25 23 48 39 47 70 63 71 45 58 72 69 78 78 76 58 37 58 61 52 34 58 43 43 29 15 5 5 11 31 55 28 47 67 69 67 50 45 43 39 38 31 38 59 36 18 17 15 10 9 4 6 9 5 10 16 12 20 11 18 26 59 50 56 68 44 39 29 27 45 39 39 57 51 33 21 7 7 6 14 20 21 16 34 49 39 13
47 35 41 40 25 31 29 32 39 38 33 64 44 48 45 52 71 75 68 82 81 72 75 59 33 44 54 48 46 51 58 48 27 24 26 12 9 6 21 35 13 28 37 38 41 39 39 32 67 61 46 42 32 23 27 17 12 22 4 1 1 6 7 15 25 28 15 9 42 40 23 36 24 41 35 29 17 59 47 61 42 36 23 22 21 10 8 15 17 24 24 31 35 55 17 13
30 33 40 37 43 28 24 42 61 63 29 27 57 57 31 32 27 48 78 76 49 42 46 54 58 20 51 54 36 65 47 43 40 25 30 13 19 7 13 33 46 22 32 41 26 35 16 9 22 31 23 64 47 40 21 3 2 2 4 3 1 9 4 15 21 25 10 34 38 26 28 32 36 35 17 30 50 62 67 41 37 35 36 37 21 12 10 18 27 27 29 23 47 59 44 17
33 54 42 43 45 44 33 49 63 51 51 35 25 46 59 32 55 45 34 68 47 59 62 64 52 41 53 37 37 64 52 50 33 16 26 14 17 11 5 18 30 56 50 35 30 40 40 20 27 41 50 54 33 28 29 18 11 7 5 2 2 3 8 10 12 11 22 43 50 42 29 29 23 15 45 49 45 56 53 37 29 33 36 26 20 18 11 25 33 22 35 28 17 33 54 25
39 41 41 34 42 61 34 48 52 58 51 44 55 40 25 58 59 43 43 69 71 30 29 43 39 61 55 69 40 41 56 41 28 45 22 12 16 23 9 23 38 57 65 28 32 54 40 16 33 40 26 41 29 33 25 14 13 13 7 5 4 7 1 8 11 15 25 11 15 14 21 16 43 50 34 36 33 32 32 28 19 25 29 30 27 14 13 18 39 25 40 28 29 29 45 30
38 38 58 42 51 60 26 42 55 62 58 50 51 56 67 50 70 80 59 66 63 38 43 48 54 74 68 75 47 47 47 47 51 24 18 11 11 36 16 15 30 45 36 42 47 55 13 7 56 76 33 35 35 18 15 9 14 9 4 2 3 5 3 5 6 7 7 14 22 26 33 36 24 29 22 12 19 35 29 25 36 50 28 26 29 14 24 27 43 27 33 10 5 14 37 59
38 45 59 56 49 47 27 40 58 64 61 50 41 37 58 73 50 42 67 64 42 30 43 37 64 59 76 59 55 70 63 54 31 28 12 4 5 39 17 15 17 33 32 31 41 42 3 18 31 36 57 44 25 10 5 4 3 2 5 2 1 5 1 1 2 3 5 15 35 59 60 56 29 22 16 22 59 45 35 34 48 36 33 43 12 16 29 37 25 19 8 8 18 26 28 44
44 28 33 57 48 59 46 21 54 57 63 49 54 39 51 41 70 44 40 49 30 45 48 49 44 67 55 70 70 77 59 58 42 36 26 3 20 37 14 17 24 14 26 33 34 29 8 21 20 23 35 26 39 29 23 9 3 6 6 5 3 7 1 2 1 5 14 32 29 30 40 20 14 17 33 44 49 39 29 59 50 44 45 18 17 32 54 24 8 7 12 27 22 55 45 44
42 14 37 55 62 56 56 37 23 47 60 37 49 48 58 60 54 51 52 50 24 51 79 54 51 56 38 49 55 58 58 58 36 20 23 11 22 19 27 18 31 29 27 33 44 36 23 17 15 20 21 34 21 27 17 10 5 6 11 11 5 4 2 2 3 15 10 22 25 15 31 34 27 45 41 46 50 46 46 59 45 31 18 13 36 45 14 6 8 17 20 43 44 50 56 48
39 20 23 16 47 57 66 42 10 26 50 36 49 40 71 65 54 23 38 48 31 59 61 53 47 24 53 60 60 54 57 43 44 35 20 18 19 14 22 15 6 26 22 37 36 41 47 60 46 40 34 49 36 19 9 4 9 5 6 11 9 2 2 2 12 17 7 14 11 14 19 43 56 64 40 27 60 58 43 36 25 32 10 27 33 15 4 16 19 31 34 39 43 58 61 53
51 36 42 13 48 65 62 39 14 8 12 39 55 34 41 57 38 45 52 58 47 28 54 55 39 35 59 64 56 48 40 34 44 36 32 31 32 11 27 20 9 11 20 26 34 27 21 19 19 19 13 31 14 8 10 22 21 7 5 2 2 1 3 7 10 11 8 8 14 8 21 45 55 55 48 41 61 62 49 41 28 14 24 28 16 5 12 32 31 31 37 37 45 44 49 49
61 31 46 16 21 54 42 23 16 16 17 21 30 63 55 48 46 37 39 55 42 54 61 43 43 59 39 53 58 50 35 43 33 22 35 35 22 20 17 29 20 12 17 19 25 25 37 27 21 34 42 30 14 11 3 15 19 9 6 7 5 7 1 5 7 7 4 8 11 15 23 42 50 55 42 36 39 38 55 24 15 15 25 9 11 30 33 33 35 35 37 33 27 25 33 52
51 31 43 24 16 54 43 46 34 34 23 25 37 48 62 66 70 57 44 39 37 38 44 56 64 54 66 69 56 38 40 41 26 21 57 36 22 26 20 9 9 15 15 30 27 29 36 25 37 27 31 17 25 18 5 10 37 14 6 7 5 2 2 1 3 9 4 8 17 14 17 35 52 47 49 20 32 53 43 41 38 19 8 13 18 23 22 44 48 32 40 39 33 22 31 14
40 33 48 36 26 34 24 50 28 27 33 24 37 33 30 41 50 52 48 49 51 26 34 67 60 63 52 44 52 44 43 41 39 23 47 35 34 22 36 12 28 30 10 17 33 44 45 34 32 42 23 14 29 10 10 18 17 10 7 5 3 2 2 2 6 8 24 16 7 7 25 19 21 34 30 25 45 61 72 42 23 13 5 15 9 44 36 35 40 44 61 60 32 29 36 13
55 34 47 36 22 20 14 36 44 34 33 35 33 33 28 43 40 40 19 28 40 21 51 59 63 43 54 57 48 42 38 40 34 42 50 35 47 61 24 17 19 20 23 18 41 26 35 33 30 25 41 33 18 12 21 16 32 10 8 6 3 2 1 1 3 5 26 19 9 12 19 20 33 36 20 62 58 45 42 38 18 6 11 28 22 29 47 28 42 51 50 56 32 26 30 15
58 35 62 38 18 20 36 24 58 30 49 44 27 20 28 25 24 37 27 29 15 43 35 39 41 38 54 50 35 42 40 22 33 41 31 57 32 61 37 19 34 16 34 21 33 49 36 33 26 33 37 20 14 26 23 19 15 13 6 9 6 4 2 1 2 10 15 18 15 21 13 12 26 28 58 55 28 32 33 40 21 13 17 32 53 38 34 51 48 46 44 37 32 23 24 12
55 35 63 40 17 15 62 38 40 32 35 48 27 31 29 29 26 38 32 27 10 18 10 13 26 29 61 62 56 39 25 23 35 54 43 24 42 40 33 22 33 10 30 12 21 38 50 36 30 43 24 41 12 17 24 26 23 9 9 12 4 1 1 2 1 2 5 12 25 17 16 26 44 60 46 26 23 59 38 27 20 15 33 24 51 53 34 47 44 48 39 26 37 23 20 8
62 35 53 25 17 23 36 39 30 62 52 36 40 27 28 31 38 35 39 33 9 12 19 42 49 51 46 48 47 33 21 20 51 41 43 38 59 32 25 21 33 9 26 20 25 33 53 42 28 37 42 36 18 8 19 24 16 6 5 6 8 2 1 3 2 2 4 9 15 14 17 29 34 26 36 25 25 47 30 10 11 21 43 41 40 50 22 35 59 58 33 23 40 13 20 16
64 36 56 26 18 23 23 60 34 59 68 61 32 20 19 26 58 39 12 26 6 17 22 33 20 26 25 43 27 21 33 24 67 53 50 47 46 24 17 43 23 18 17 52 47 37 41 36 47 43 31 25 28 19 18 11 20 13 5 3 3 2 3 3 2 3 2 6 16 16 13 12 24 23 38 32 39 45 38 14 9 35 45 48 48 43 17 31 47 49 22 23 20 25 26 27
73 60 24 36 20 18 40 60 45 31 61 56 52 15 35 54 35 36 27 18 13 11 17 14 15 21 44 30 36 32 29 40 16 30 14 33 28 19 12 40 19 14 4 20 70 42 31 45 47 39 36 26 23 16 38 31 25 17 5 3 2 2 5 1 2 3 3 7 16 7 19 20 25 21 35 45 32 40 33 22 18 42 35 29 39 26 34 35 24 29 44 24 20 37 28 22
58 33 25 32 23 16 60 55 59 27 17 40 60 15 27 24 20 34 23 24 8 5 20 30 32 29 18 42 40 19 56 23 33 26 39 33 23 28 16 32 14 27 11 14 47 61 40 39 47 43 39 36 22 24 17 12 17 8 7 6 2 1 3 1 2 3 3 6 12 16 34 44 44 36 43 59 11 52 34 29 27 25 32 19 28 20 37 56 34 20 38 25 21 29 35 27
55 32 16 40 31 24 43 9 35 55 15 21 52 39 12 25 18 24 13 11 12 22 38 20 24 25 30 47 32 26 31 41 48 67 46 31 50 25 27 36 16 16 19 20 34 41 30 68 39 35 29 34 35 23 7 10 16 14 7 7 4 2 2 1 1 2 3 3 7 13 24 26 41 57 39 19 30 51 41 21 15 21 48 19 31 34 38 27 42 26 18 32 36 30 15 25
57 17 28 38 25 23 36 9 9 11 32 56 33 51 17 20 12 14 9 15 12 9 13 22 19 21 23 36 35 55 25 31 51 34 21 47 24 17 35 24 33 34 27 27 33 41 29 33 51 23 16 15 26 34 12 9 12 7 5 5 4 2 2 0 1 2 4 6 10 15 15 32 37 20 29 26 38 28 17 10 12 36 39 39 25 31 34 25 24 23 35 20 19 33 12 12
64 19 27 42 23 40 44 21 9 9 27 48 63 54 25 14 21 15 23 6 4 7 18 27 12 11 28 52 34 27 21 46 21 30 56 18 16 27 37 21 36 30 26 43 46 56 43 24 23 33 18 16 26 33 23 13 10 3 2 2 1 3 1 1 1 2 5 7 8 23 23 45 38 21 11 26 44 17 17 16 20 31 40 37 21 29 27 27 12 39 24 33 18 12 6 5
49 23 25 48 16 37 54 36 18 15 9 31 27 37 52 11 13 17 11 15 12 10 6 10 4 14 39 42 44 13 43 18 14 49 38 20 28 33 47 32 10 44 39 41 58 53 41 15 26 41 35 13 8 13 20 22 6 5 3 1 1 3 2 2 1 11 24 13 7 9 31 41 31 16 9 34 34 23 18 16 18 27 29 36 24 25 11 25 18 26 31 10 24 10 9 15
38 21 23 44 14 36 44 20 13 14 23 20 16 15 24 24 5 11 10 3 4 4 5 5 7 13 64 32 30 16 52 32 13 57 30 18 31 53 43 27 18 42 45 55 27 51 35 32 18 18 26 28 11 8 10 22 9 5 2 2 1 2 2 2 7 17 15 25 27 34 39 48 33 9 13 35 25 12 13 14 22 20 31 17 23 20 10 15 23 15 28 9 9 27 17 13
60 27 46 28 10 48 28 12 20 13 33 13 26 18 16 11 7 2 5 3 10 21 8 3 4 9 38 18 11 32 26 19 34 38 35 16 25 55 58 27 20 35 33 54 51 47 26 27 26 13 10 11 18 12 8 3 8 3 2 1 3 2 2 13 30 43 54 47 58 70 48 46 27 8 38 51 19 11 12 22 19 21 33 18 36 28 7 11 20 13 15 7 7 5 10 13
60 44 11 11 11 30 15 16 19 21 21 28 21 27 9 8 6 2 6 6 8 10 4 6 5 16 22 9 35 11 19 40 37 23 19 34 32 64 57 24 20 37 31 40 40 29 30 42 23 23 16 6 20 14 8 3 2 3 2 1 3 3 4 9 8 8 36 52 59 71 70 46 10 22 40 56 25 3 10 42 20 36 20 27 19 38 6 15 25 10 12 6 16 7 14 4
54 20 11 15 15 18 5 13 18 24 12 27 40 13 6 6 5 1 5 2 6 8 3 4 3 33 7 18 29 9 44 40 18 16 32 35 17 64 53 14 20 29 25 33 47 33 32 23 19 12 17 6 5 9 7 3 1 1 2 2 5 5 11 15 18 15 36 69 73 60 59 13 16 31 47 59 41 10 23 26 20 22 23 25 19 32 5 8 19 15 17 10 9 7 5 7
