sesion_6_simulaciones/modelos_agentes/ejemplos_netlogo/scenarios/echam4_b2/rob_2094.asc
NCOLS 322 
NROWS 307 
XLLCORNER 451900 
YLLCORNER 4086900 
CELLSIZE 100 
NODATA_value -9999 
[rows 222 to 295 of 307, columns 192 to 287 of 322]
10 12 9 5 26 19 14 9 4 2 1 2 1 0 0 0 1 2 3 4 7 20 43 36 22 26 19 17 33 35 20 24 46 37 30 19 25 38 29 27 24 17 17 31 12 13 12 4 4 5 4 3 1 1 1 1 1 2 6 12 11 11 23 17 59 84 78 73 84 87 64 55 38 15 11 2 1 1 1 1 2 1 1 2 2 3 2 2 5 7 16 18 24 25 26 19
33 38 32 25 15 10 11 11 5 3 2 0 0 0 0 1 2 2 2 6 12 30 42 55 29 34 36 28 40 42 27 30 42 39 37 21 30 21 24 21 21 16 19 34 19 9 13 5 5 3 3 1 1 1 0 0 1 2 3 5 5 13 24 23 45 76 74 68 82 85 70 50 38 19 6 3 3 2 2 2 3 2 1 2 2 4 5 3 4 10 14 14 25 26 30 31
37 33 38 28 23 17 15 8 6 2 1 0 0 0 0 3 3 7 4 7 15 34 46 63 51 38 36 43 41 53 49 33 33 34 35 21 31 12 23 20 12 15 18 31 37 9 11 9 2 2 2 1 2 0 0 1 1 3 2 6 10 16 28 37 28 44 15 9 22 75 84 56 29 7 7 6 5 3 2 2 3 2 1 2 2 5 5 6 8 7 14 23 22 27 30 51
24 21 24 17 14 10 8 7 6 3 1 1 0 0 1 4 8 11 11 11 16 22 34 51 59 56 44 45 39 52 73 52 33 33 17 20 22 16 32 14 10 10 16 18 32 23 5 6 1 1 1 0 1 1 0 0 1 1 2 8 15 23 43 42 28 34 23 31 14 21 64 45 21 19 11 14 12 5 4 1 3 3 4 1 2 2 3 7 9 8 11 25 27 25 33 40
25 21 21 11 5 6 7 7 3 1 1 1 0 0 2 7 8 16 21 25 16 25 39 41 55 75 55 47 49 34 46 56 26 36 25 27 29 26 15 15 8 11 9 9 10 13 7 12 5 1 3 2 1 0 0 0 2 2 4 8 23 31 37 26 26 27 35 52 33 30 35 14 21 18 22 20 10 7 4 2 5 5 4 1 3 3 6 3 4 7 10 9 24 30 28 37
19 32 27 24 18 13 8 5 4 2 0 0 0 1 7 8 14 10 23 37 35 41 41 40 50 68 77 49 61 35 39 48 33 21 36 36 25 19 18 16 4 6 5 9 14 16 15 17 17 2 2 1 1 0 0 1 1 1 4 12 24 30 25 18 43 39 50 50 37 37 21 18 22 30 27 27 20 15 7 3 5 7 7 3 5 3 3 4 4 5 8 12 14 15 31 38
31 22 17 13 11 5 4 3 2 1 0 0 0 2 8 7 6 15 33 40 54 65 72 53 51 54 78 38 54 31 32 44 16 18 33 30 33 26 18 16 9 9 8 6 15 16 12 16 9 4 2 1 1 0 1 3 3 4 10 33 29 17 17 31 65 60 41 34 35 29 33 28 39 36 45 31 25 18 4 1 3 12 10 5 11 6 4 9 5 9 13 16 17 18 19 37
34 26 15 10 8 7 4 3 2 0 0 0 1 4 4 5 4 12 16 28 32 54 69 78 61 48 61 56 64 31 47 26 14 14 20 32 31 25 13 14 13 14 8 8 9 17 13 11 5 2 3 2 1 1 2 3 5 3 10 5 9 25 32 63 61 45 36 30 43 50 51 47 46 55 31 24 22 14 6 1 1 12 21 12 8 9 11 13 6 7 12 15 29 28 33 39
15 17 15 4 3 4 5 2 2 0 0 0 2 4 5 8 20 8 15 23 43 48 64 57 66 57 61 61 55 26 37 17 14 32 21 27 29 18 15 20 15 19 7 8 16 17 18 10 8 2 2 1 1 0 1 1 19 6 4 10 19 23 33 35 28 23 29 35 31 43 61 66 56 31 13 12 9 7 1 0 2 3 20 11 9 11 24 31 11 7 9 19 21 19 31 38
6 5 10 6 7 6 4 2 1 0 0 0 2 6 11 21 16 15 25 38 38 47 63 65 53 50 50 43 47 41 54 22 14 22 29 19 26 20 16 15 17 11 13 7 7 10 13 11 6 2 1 1 0 0 1 2 1 34 42 20 12 7 19 19 32 32 26 21 15 47 81 68 43 28 16 8 5 2 1 1 2 6 11 11 19 11 19 21 31 11 10 22 23 30 23 35
9 3 1 5 7 5 2 1 1 0 0 1 4 7 16 18 13 20 36 34 33 60 67 67 48 45 50 37 60 63 35 22 21 30 17 26 24 21 19 17 15 13 18 5 11 9 13 7 3 1 1 1 1 1 2 5 5 7 12 18 9 22 14 17 18 27 29 13 27 49 59 42 41 36 17 6 2 2 2 6 4 5 5 29 22 8 6 11 41 12 11 22 24 27 21 24
6 5 5 4 6 5 2 1 1 0 0 1 2 4 10 12 24 32 39 59 41 39 69 53 63 43 42 44 11 55 27 29 18 29 21 15 18 24 18 17 16 13 27 6 5 20 11 7 4 2 3 1 1 2 5 2 9 11 7 3 8 6 11 16 18 22 16 50 47 24 47 34 31 27 18 4 3 5 4 4 8 10 6 12 15 18 11 20 26 27 22 13 16 40 27 24
12 9 9 5 4 2 1 0 0 0 0 1 1 3 7 7 18 24 40 56 63 64 76 55 60 53 52 40 42 29 53 23 13 21 17 6 9 19 21 25 16 6 12 16 3 6 8 13 3 3 3 1 1 2 2 3 2 3 5 12 12 14 15 28 13 17 32 20 17 34 39 34 29 11 3 3 5 4 8 6 8 8 12 15 28 34 11 14 26 27 55 31 12 19 43 33
3 9 5 3 1 1 1 0 0 0 1 1 1 1 6 7 11 24 37 47 63 51 61 15 28 45 45 15 11 21 38 14 14 38 13 15 19 23 11 3 8 3 11 15 3 9 14 5 1 2 2 2 1 2 2 1 5 8 12 11 6 10 29 46 31 26 50 55 55 45 37 32 15 8 2 3 11 7 18 6 9 11 14 14 27 24 41 15 27 17 8 37 17 16 20 29
6 5 6 3 1 1 0 0 1 1 1 2 2 2 2 4 12 16 32 43 47 30 23 44 35 30 18 19 23 21 25 16 19 22 16 16 16 15 15 6 11 8 9 13 3 5 9 4 1 1 1 1 1 1 1 2 5 3 5 9 11 27 36 43 50 52 41 38 55 49 70 45 22 10 3 1 3 13 13 8 13 13 19 10 15 25 22 43 33 31 19 41 25 6 16 15
10 5 4 2 1 0 0 1 1 1 2 3 3 4 2 2 10 16 18 18 26 58 54 38 42 47 36 19 21 23 20 13 16 16 7 14 12 12 17 5 15 11 6 12 2 3 6 4 3 2 1 1 2 1 1 2 3 3 12 9 29 22 26 62 78 46 46 32 68 44 34 33 9 8 8 8 8 17 18 16 24 16 16 15 16 11 22 44 60 64 20 17 32 15 22 35
6 4 3 1 0 0 1 1 1 1 3 5 4 4 4 3 4 7 11 21 32 38 47 31 20 28 36 19 24 13 17 17 14 19 10 14 9 12 8 8 4 7 3 7 2 2 3 2 2 2 2 1 1 0 1 1 1 4 6 7 16 15 39 55 62 77 51 30 24 29 23 7 3 10 16 16 8 10 26 22 35 19 19 17 21 20 11 9 11 25 50 45 34 22 22 32
5 3 1 0 0 1 1 1 1 2 3 6 8 9 5 6 14 10 8 26 37 50 36 41 38 41 26 17 20 15 7 7 13 9 5 10 5 8 6 5 5 5 15 7 2 3 4 6 1 1 1 1 0 1 0 1 2 11 9 38 48 38 28 40 42 33 46 53 35 25 10 2 5 18 11 26 10 11 24 36 27 36 24 20 20 18 27 18 17 20 38 33 26 62 23 36
3 2 1 0 0 1 1 1 2 3 5 8 9 10 11 7 17 15 17 14 25 15 23 23 22 31 19 12 13 12 15 12 6 4 2 14 6 12 3 4 3 2 11 6 4 2 6 4 2 1 0 2 1 2 1 3 5 2 8 15 27 28 16 25 42 38 55 32 41 25 17 2 11 14 14 27 31 13 16 24 30 42 27 38 26 12 17 26 8 4 10 10 10 35 42 28
3 1 1 0 1 2 2 3 3 6 6 9 10 12 23 14 17 29 20 34 44 43 51 50 45 34 30 36 38 24 27 27 18 9 10 7 15 6 3 2 2 1 1 5 3 1 2 2 2 1 2 3 4 10 37 25 25 20 29 18 24 30 35 49 44 39 41 37 35 21 7 2 11 16 27 26 28 23 25 39 28 47 32 44 29 17 17 27 36 12 20 21 13 8 10 15
5 2 2 1 3 3 3 6 3 4 7 11 8 17 25 16 7 11 36 49 60 49 56 61 63 62 56 50 73 54 35 19 13 6 3 2 5 4 3 2 2 1 1 2 1 1 1 2 1 1 0 0 0 1 3 8 41 49 38 37 27 29 16 50 40 33 37 36 14 9 3 4 14 19 14 21 26 38 28 40 27 16 49 46 33 16 18 36 32 17 20 28 22 36 40 46
4 2 2 3 4 4 7 8 7 7 4 5 16 19 16 30 7 8 15 25 45 60 32 55 48 60 67 46 6 14 27 14 7 5 7 8 6 2 5 2 1 1 0 1 1 1 0 0 0 1 0 1 1 1 1 1 7 28 52 65 75 33 30 23 24 28 33 39 33 11 5 12 26 24 23 26 53 42 42 42 40 18 22 58 42 18 19 24 26 19 28 16 31 36 45 49
1 1 4 5 5 9 9 9 9 9 5 7 10 16 13 23 17 6 14 22 31 38 26 49 34 26 19 11 7 8 14 10 8 9 6 3 5 7 6 1 1 1 0 1 1 0 0 1 1 1 1 1 2 2 4 6 11 28 27 21 35 71 51 42 40 42 49 37 28 11 8 25 27 39 37 28 45 52 41 31 28 28 11 38 55 30 30 15 34 19 32 32 21 37 35 24
2 3 5 6 10 10 11 12 12 11 7 9 10 13 21 11 33 5 7 6 15 11 22 22 24 33 25 25 25 14 20 9 8 14 9 6 4 3 1 1 1 1 6 1 1 0 0 0 1 1 1 4 2 3 12 8 9 10 16 12 14 29 53 55 47 36 43 36 19 6 14 28 28 36 38 39 29 58 42 54 32 43 30 30 68 37 44 22 33 32 32 46 30 31 25 33
1 5 6 8 11 13 12 13 13 13 8 9 11 19 30 21 21 9 8 15 10 10 24 23 28 31 32 23 20 31 23 28 18 34 6 3 3 4 3 2 4 3 1 1 3 1 0 0 0 3 5 1 3 6 6 8 17 19 30 19 20 18 22 30 36 32 26 30 19 11 16 29 29 42 34 31 30 41 49 58 43 28 42 26 67 28 28 32 21 48 30 30 32 21 23 22
4 7 13 9 12 8 10 15 25 24 9 5 13 11 34 61 10 9 7 25 25 26 20 22 26 22 31 17 17 22 20 15 11 10 10 8 6 6 4 2 1 1 0 0 1 1 1 0 3 10 1 1 1 6 10 11 9 23 14 16 24 21 24 19 21 21 22 18 13 15 25 32 29 31 31 31 36 40 52 43 41 36 39 52 66 29 28 32 21 47 29 15 40 14 8 18
9 9 10 18 17 10 14 17 30 30 12 5 8 19 29 32 12 14 9 20 29 27 26 15 16 12 22 23 21 24 14 11 13 10 9 7 6 4 3 2 1 1 0 0 0 0 0 2 1 2 1 1 1 2 6 47 24 30 25 25 21 23 22 19 18 20 19 12 12 12 24 29 20 30 28 41 48 32 36 58 48 51 47 43 60 44 45 19 43 41 13 20 32 12 16 20
11 11 11 29 18 11 12 21 26 45 15 8 15 19 29 42 26 17 15 30 36 45 26 30 27 10 15 17 18 12 17 10 12 10 9 4 3 1 1 2 3 2 2 1 0 1 1 1 0 0 1 3 5 6 13 9 16 22 35 37 30 23 21 22 21 22 19 10 5 22 27 28 34 31 46 39 36 46 32 25 39 38 35 46 23 83 48 17 30 40 8 20 17 35 18 22
13 23 14 35 20 12 13 25 29 39 10 9 17 19 31 34 42 6 25 34 33 49 29 29 27 32 19 13 8 9 9 16 23 13 3 8 3 4 2 2 2 2 1 0 0 1 0 0 0 1 2 2 5 8 20 6 5 6 8 19 19 25 25 28 28 31 27 14 6 22 23 22 34 37 44 20 32 24 41 19 25 22 36 19 40 72 32 17 46 21 10 19 19 27 29 26
11 15 24 29 23 23 15 17 31 52 12 17 20 30 28 45 12 8 28 31 43 48 49 27 46 26 25 22 12 13 7 30 31 13 13 6 4 5 2 1 2 1 1 0 0 0 0 0 0 1 2 2 7 11 16 5 12 16 21 28 27 30 32 42 37 42 32 15 6 25 26 24 46 30 36 48 44 30 16 33 20 27 29 35 26 49 45 31 42 19 16 24 13 15 7 36
6 9 28 29 27 27 16 20 32 39 13 22 27 49 51 30 10 7 28 30 30 51 42 47 27 27 39 24 20 18 17 22 31 21 12 12 11 4 8 2 1 2 0 0 0 0 0 0 0 1 1 2 5 7 12 15 18 25 28 33 40 51 40 33 28 21 27 8 12 29 36 28 44 44 31 32 42 29 31 10 41 11 15 36 41 50 57 66 34 17 24 20 23 28 17 40
14 15 32 37 43 31 18 22 38 42 11 15 32 52 39 12 8 18 26 27 41 42 39 38 39 24 34 25 33 30 28 19 6 9 11 9 8 3 5 3 2 1 1 0 1 0 0 1 0 0 0 2 5 13 11 13 28 34 34 24 48 32 18 26 32 27 15 10 9 24 46 29 40 42 45 33 40 25 31 25 16 36 16 7 9 30 50 65 25 35 25 22 19 36 13 14
13 18 20 29 57 39 19 23 30 44 11 11 33 52 27 13 10 20 33 28 26 29 30 34 47 23 25 23 17 30 31 18 15 10 8 4 5 3 3 2 2 1 1 1 1 1 0 1 0 0 0 2 6 4 15 21 11 19 14 18 17 17 32 37 24 25 24 9 13 14 48 32 31 29 33 43 29 29 14 26 11 37 19 15 8 7 22 41 40 57 29 26 19 27 9 11
16 31 22 21 30 55 22 28 48 17 13 14 22 57 35 16 8 26 31 29 39 47 39 48 41 32 15 17 30 25 10 24 45 22 7 5 3 3 4 2 1 1 1 0 1 0 0 0 1 1 1 2 3 8 17 12 26 20 20 27 24 23 24 23 27 28 17 10 10 21 20 46 28 25 28 29 46 40 23 42 14 12 22 18 13 10 11 25 42 43 26 28 21 23 14 18
18 22 41 33 17 39 14 32 67 16 16 29 36 50 20 20 3 15 36 35 47 32 33 48 40 35 27 8 7 8 10 9 10 3 3 4 7 3 2 3 2 1 1 0 0 0 0 0 1 1 1 2 3 7 18 23 31 24 19 30 26 32 37 25 30 30 16 13 13 35 31 30 49 21 24 25 48 36 23 15 29 11 9 26 22 11 13 14 30 40 42 23 19 13 26 9
19 24 42 48 25 51 16 27 65 32 16 38 43 35 17 6 5 10 20 36 48 43 31 28 33 38 21 8 9 8 9 8 8 6 3 2 3 3 4 2 1 1 0 0 0 0 0 0 0 0 1 2 2 4 7 7 14 28 32 29 33 19 24 27 24 27 27 7 15 32 34 27 34 12 30 28 27 39 45 32 37 16 10 10 23 15 8 16 31 70 57 22 12 10 24 8
19 21 24 53 25 45 28 22 31 40 19 45 46 15 6 9 13 20 29 40 33 32 38 18 22 28 38 10 8 7 11 11 8 7 4 5 3 3 1 0 0 1 0 0 1 0 0 0 0 1 1 2 6 7 6 21 27 52 36 21 30 34 36 37 39 24 24 13 19 33 27 38 51 24 18 39 27 39 31 25 42 13 16 16 37 16 6 9 8 28 44 19 15 8 32 17
15 17 15 33 58 28 44 18 45 23 48 29 13 6 13 14 22 15 50 53 23 29 28 28 9 19 26 32 11 11 6 10 6 3 2 2 3 1 1 1 0 0 0 0 0 0 0 0 0 0 0 2 2 6 14 19 14 37 28 14 21 28 32 33 21 19 15 25 27 31 32 38 10 31 34 38 33 20 40 15 48 16 16 11 15 35 17 17 21 18 38 12 26 9 14 30
33 20 15 20 28 43 46 21 60 37 40 10 6 13 17 24 24 16 19 17 29 25 25 43 33 15 19 6 14 21 5 9 4 3 4 3 4 2 1 1 0 0 1 0 0 0 0 0 0 1 1 2 3 3 8 10 14 19 13 4 14 22 25 25 16 13 13 24 26 28 29 44 13 13 7 13 32 44 57 14 40 27 16 16 9 9 41 13 21 21 25 24 9 8 16 26
22 32 22 17 15 26 54 25 30 15 10 3 10 16 29 35 33 12 16 18 26 26 19 7 10 9 8 14 4 6 15 22 9 5 2 4 1 1 1 0 0 0 0 0 0 0 0 0 0 0 1 1 1 3 5 9 8 24 17 18 28 22 26 17 24 24 14 25 24 26 23 40 12 21 11 16 14 9 25 24 12 36 15 18 9 21 25 6 16 28 31 24 9 8 7 11
21 32 23 29 35 39 42 26 30 8 12 9 14 28 26 32 34 21 23 23 24 25 16 10 7 9 8 5 5 9 4 5 6 10 7 9 1 1 1 1 1 0 0 0 0 0 0 0 0 1 2 1 1 3 9 4 13 34 42 35 31 22 26 28 23 21 21 33 22 23 22 29 16 22 20 15 24 18 23 35 8 31 14 26 8 7 19 5 7 10 26 18 5 8 8 24
20 34 26 30 35 45 44 10 6 3 13 13 23 26 26 34 20 39 32 19 22 19 16 17 17 10 9 6 6 14 6 1 1 1 1 4 5 2 2 3 1 1 0 0 0 0 0 0 1 1 1 1 1 3 5 8 16 50 20 22 33 18 25 21 20 21 25 37 21 21 22 23 21 21 28 14 22 18 17 17 28 56 16 24 14 4 20 9 3 5 13 22 7 10 7 2
18 37 36 29 60 52 11 6 10 12 22 19 16 30 22 36 11 21 49 12 21 16 8 11 17 20 5 8 9 8 15 4 3 1 1 1 1 0 1 2 3 1 0 0 0 0 0 0 0 1 1 1 2 3 9 11 14 24 20 13 31 25 18 6 21 11 13 43 23 19 29 20 30 17 25 19 17 20 15 11 10 6 37 28 18 5 6 7 4 3 7 23 7 10 11 6
20 27 51 40 61 12 10 9 11 19 23 22 30 38 13 27 11 18 21 41 10 24 7 6 8 16 11 11 8 5 2 7 1 2 1 1 1 1 1 1 1 0 0 0 0 0 0 0 0 0 1 1 0 2 6 13 7 22 41 34 17 13 9 5 29 18 17 31 27 16 27 17 43 23 22 25 14 13 21 12 8 5 17 17 16 7 2 19 5 4 9 13 18 12 6 7
11 26 51 73 43 5 9 18 19 19 34 39 17 22 17 12 32 10 15 17 15 13 12 7 8 12 9 15 8 8 9 4 6 2 2 1 1 1 0 1 1 0 0 0 0 0 0 1 0 0 1 0 1 3 7 9 31 20 16 32 21 9 3 9 13 35 16 19 29 14 17 17 31 25 14 21 21 12 13 21 12 3 7 21 22 8 2 7 7 4 8 4 20 11 3 16
11 27 61 46 6 6 18 18 11 35 21 48 12 25 15 9 11 45 9 17 28 10 22 6 6 14 14 10 8 12 4 5 7 2 2 1 1 1 0 1 0 0 0 0 0 0 1 0 0 1 1 1 2 2 4 8 17 15 18 21 19 9 4 13 11 22 14 15 25 15 14 15 15 30 13 12 24 13 11 11 17 5 6 7 14 6 3 5 11 5 2 3 3 9 5 6
10 39 44 20 8 11 18 20 11 25 9 42 14 20 32 8 21 42 7 19 36 7 26 7 5 14 16 15 4 2 8 2 1 4 6 3 0 1 0 1 0 0 0 0 0 0 0 0 1 1 1 1 1 1 2 4 9 16 11 26 22 10 8 13 17 25 8 11 17 24 11 10 6 19 13 10 14 16 11 8 3 3 12 5 12 7 3 2 4 11 2 4 8 8 5 1
11 30 36 21 8 10 20 32 9 15 10 30 10 14 42 10 18 36 11 7 14 16 14 7 5 6 6 9 8 9 2 3 1 1 0 3 2 0 0 0 0 0 0 0 0 0 0 0 0 1 1 1 1 1 2 4 4 8 12 7 10 13 12 12 12 16 20 12 15 26 5 12 6 10 18 10 12 5 4 8 5 4 3 4 14 18 3 2 3 9 1 2 6 8 7 3
19 20 39 12 8 14 14 20 8 13 10 13 19 7 32 7 7 24 10 5 5 6 36 14 4 4 4 4 5 5 7 3 1 1 0 0 2 1 0 0 0 0 1 0 0 0 0 0 0 1 1 1 1 1 1 4 7 19 13 6 3 10 11 11 11 11 27 8 16 23 5 8 10 10 22 1 7 11 4 3 9 3 3 3 4 10 3 1 2 10 2 1 1 8 22 9
52 26 8 7 11 12 13 14 8 25 12 6 19 6 24 7 6 12 10 4 5 9 22 10 3 5 3 8 6 6 3 2 2 2 0 1 0 1 0 0 0 1 0 0 0 0 0 0 0 1 1 2 1 1 3 5 8 18 21 8 3 15 12 6 11 10 15 10 7 21 8 4 5 15 19 5 3 4 9 2 4 10 3 2 12 11 1 3 0 9 5 2 1 1 2 3
10 3 7 6 9 10 19 13 14 15 9 5 31 6 6 21 5 17 13 3 4 7 6 23 5 5 3 6 8 6 3 1 2 3 1 1 0 1 0 0 0 0 0 0 0 0 0 0 0 2 1 1 1 2 2 4 3 13 18 3 5 7 14 5 9 10 7 17 5 14 10 6 7 4 11 3 4 5 4 5 1 1 8 2 4 10 2 5 1 3 13 2 4 2 1 1
17 7 17 11 9 10 24 9 21 16 4 7 16 7 6 19 4 5 26 2 7 5 3 16 3 5 6 4 4 3 4 3 0 1 1 0 0 0 2 0 0 0 0 0 0 0 0 0 2 1 3 2 1 2 3 0 3 8 5 3 5 17 14 5 4 10 6 11 4 5 31 4 8 8 5 4 5 3 6 3 5 2 2 4 1 6 5 5 1 2 18 2 2 1 3 1
46 12 6 12 11 12 12 8 20 10 5 6 5 6 5 9 3 3 17 4 6 4 2 4 7 5 4 2 2 2 2 1 2 0 0 1 0 0 0 1 0 0 0 0 0 0 0 0 1 0 0 0 0 1 2 7 6 5 4 4 4 11 8 4 4 8 13 3 12 2 14 4 6 7 2 2 5 2 2 4 4 4 1 1 1 1 3 8 2 1 5 2 2 1 2 1
55 11 6 8 7 9 4 7 8 3 5 5 5 6 3 8 4 3 10 3 2 7 2 1 1 1 1 1 3 6 1 2 2 0 0 0 1 0 0 2 0 0 0 0 0 0 0 0 6 0 0 0 1 1 3 8 5 2 2 8 3 2 7 5 7 4 15 3 14 2 4 7 3 7 2 4 2 2 1 1 3 3 1 1 1 1 0 1 2 4 3 2 1 1 2 1
29 6 3 8 4 4 4 4 8 2 4 3 3 7 2 10 3 5 5 2 2 4 3 1 1 2 2 2 2 2 3 1 0 0 0 0 0 0 0 1 0 0 0 0 0 0 1 1 0 0 1 1 0 2 5 6 5 3 1 7 4 3 2 9 6 7 9 3 10 3 2 3 6 8 2 2 3 1 2 0 0 2 1 1 1 1 1 0 0 1 3 1 1 1 2 1
26 5 10 4 4 4 3 3 4 2 3 4 1 8 5 1 2 3 5 2 3 1 4 2 3 3 2 2 1 1 1 1 1 0 0 0 0 0 0 0 0 0 0 0 0 0 0 1 0 0 0 0 1 3 5 6 4 4 1 2 7 3 5 3 6 11 3 6 1 4 9 1 5 10 2 0 2 1 1 0 1 1 1 1 0 0 0 1 0 0 1 2 1 0 1 0
19 6 3 3 3 3 5 2 5 1 2 2 2 2 6 1 1 1 2 0 2 1 2 2 2 2 2 2 2 0 1 1 1 1 0 0 1 0 0 0 1 0 0 0 0 0 0 1 0 0 0 0 1 2 4 3 1 3 3 1 6 2 4 4 1 2 2 4 1 2 6 1 2 4 0 1 1 1 1 1 0 1 0 0 1 0 0 0 0 0 0 0 1 0 1 0
3 8 1 3 2 2 3 2 7 1 1 2 2 0 3 1 1 1 3 1 1 2 2 2 2 1 2 2 2 0 1 0 1 0 1 0 0 0 0 0 0 0 0 0 0 1 3 0 0 0 0 1 2 2 5 2 1 3 3 3 4 2 1 1 3 2 1 3 1 1 4 2 4 2 0 1 0 0 0 1 0 0 0 0 1 0 0 0 0 0 0 1 1 1 1 0
2 9 2 1 1 2 2 2 1 2 1 1 1 1 1 1 1 1 7 1 1 1 1 4 1 1 1 2 1 0 1 0 1 0 1 0 0 0 0 0 0 0 0 0 0 0 0 0 0 0 0 1 2 4 2 1 2 3 2 3 4 3 6 1 1 2 1 4 1 1 1 1 3 1 0 0 0 0 1 1 1 0 0 1 1 1 1 0 0 0 0 0 0 1 0 0
2 8 5 0 1 1 3 2 1 2 1 1 0 0 0 1 0 1 1 0 1 1 1 1 1 1 1 1 1 1 0 1 1 1 0 0 0 0 0 0 0 0 0 0 0 0 0 2 0 0 1 3 3 4 1 1 2 4 2 3 1 4 2 3 2 1 1 1 1 1 1 2 1 1 1 1 0 1 1 0 1 0 0 0 0 2 1 0 0 0 0 0 0 0 0 0
1 1 5 0 1 0 1 1 0 1 1 0 0 1 0 1 0 1 1 1 0 0 1 1 1 0 0 1 1 1 0 0 1 1 0 0 0 0 0 0 0 0 0 0 0 0 0 1 1 1 2 5 4 1 1 3 3 2 2 2 3 1 1 1 3 0 1 1 1 0 1 1 1 2 1 1 0 1 1 0 1 2 0 1 0 0 0 0 0 0 0 0 0 0 0 0
1 1 3 1 1 0 0 1 0 0 1 0 0 0 1 2 0 0 1 0 1 1 1 1 0 0 0 0 1 0 0 0 1 0 0 0 0 0 0 0 0 0 0 0 0 0 0 4 1 5 8 8 0 1 1 1 2 2 1 1 2 1 2 1 1 2 4 0 0 0 0 2 0 1 1 1 1 1 1 1 1 3 1 1 0 0 0 0 1 1 0 0 0 0 0 1
1 1 2 1 1 0 0 0 0 0 1 0 0 0 0 1 0 0 1 0 0 0 0 0 0 0 1 0 0 1 0 0 1 1 0 0 0 0 0 0 0 0 0 0 1 5 12 2 3 3 2 0 1 1 1 1 1 1 1 1 1 0 1 1 0 2 1 0 0 1 0 0 1 0 1 1 1 1 1 0 1 1 0 1 0 0 0 0 0 0 0 1 0 0 1 2
1 0 0 1 0 0 0 0 0 0 1 0 0 0 0 0 0 0 1 0 0 0 0 0 0 0 0 0 0 1 0 0 0 0 0 0 0 0 0 0 0 0 0 3 2 2 11 16 3 1 0 0 1 1 1 1 1 1 1 0 0 0 1 2 2 4 0 0 0 1 1 1 0 0 1 0 1 0 1 0 1 1 1 1 0 0 0 0 0 0 0 0 0 0 1 1
0 0 0 1 0 0 0 0 0 0 0 0 0 0 0 0 0 0 0 0 0 0 0 0 0 0 0 0 0 0 0 0 1 0 0 0 1 0 0 0 0 3 7 8 12 2 4 18 6 0 0 1 1 1 0 0 0 0 0 0 0 1 2 3 2 1 0 1 1 0 1 1 0 0 0 0 1 1 3 4 6 2 0 1 0 0 0 0 0 0 0 0 0 0 1 1
0 0 0 2 0 0 0 0 0 0 0 0 0 0 0 0 0 0 1 0 0 0 0 0 0 0 0 0 0 0 0 0 0 0 0 0 0 0 0 1 3 9 17 10 17 26 14 6 0 0 1 0 0 0 0 0 1 1 0 0 0 1 2 1 1 0 1 1 1 0 1 2 4 0 0 0 1 1 1 1 0 1 1 2 1 1 0 0 0 0 0 0 0 0 2 0
0 0 0 0 1 0 0 0 0 0 0 0 0 0 0 0 0 0 0 0 0 0 0 0 0 0 0 0 0 0 0 0 0 0 0 0 0 0 0 1 1 1 3 16 26 18 0 0 0 0 0 0 0 0 0 0 0 2 0 0 0 1 0 1 1 0 1 1 1 2 2 3 0 0 0 1 1 1 1 1 1 1 1 0 1 0 0 0 0 0 0 0 0 0 1 0
0 0 0 0 1 0 0 0 0 0 0 0 0 0 0 0 0 0 0 0 0 0 0 0 0 0 0 0 0 0 0 0 0 0 0 0 0 0 0 1 0 1 1 1 1 0 1 1 1 0 0 0 0 0 0 0 0 1 1 0 0 0 0 0 0 0 0 1 1 3 1 0 0 1 1 1 2 1 1 1 1 1 1 1 1 0 0 0 0 0 0 0 0 0 0 0
0 0 0 0 0 0 0 0 0 0 0 0 0 0 0 0 0 0 0 0 0 0 0 0 0 0 0 0 0 0 0 0 0 0 0 0 0 0 1 1 4 6 1 0 1 1 0 0 0 0 0 0 0 0 0 0 0 1 0 0 0 0 0 0 0 0 0 1 1 0 0 0 0 1 1 1 1 1 1 1 1 1 1 1 0 0 0 0 0 0 0 0 0 0 0 0
0 0 0 0 0 0 0 0 0 0 0 0 0 0 0 0 0 0 0 0 0 0 0 0 0 0 0 0 0 0 0 0 0 0 0 0 0 0 0 0 0 1 1 1 1 0 0 1 1 0 0 0 0 0 0 0 0 0 0 0 0 0 0 0 0 0 0 1 0 0 0 0 0 0 0 1 1 1 0 1 1 1 1 0 0 0 0 0 0 0 0 0 0 0 0 0
0 0 0 0 0 0 0 0 0 0 0 0 0 0 0 0 0 0 0 0 0 0 0 0 0 0 0 0 0 0 0 0 0 0 0 0 0 0 1 0 0 1 0 0 0 1 0 0 0 1 0 0 0 0 0 0 0 0 0 0 0 0 0 0 0 0 1 1 0 0 0 0 0 0 0 1 1 0 0 0 0 1 0 0 0 0 0 0 0 0 0 0 0 0 0 0
0 0 0 0 0 0 0 0 0 0 0 0 0 0 0 0 0 0 0 0 0 0 0 0 0 0 0 0 0 0 0 0 0 0 0 0 0 1 0 3 4 1 0 0 0 1 1 0 0 0 0 0 0 0 0 0 0 0 0 0 0 0 0 0 0 1 1 1 0 0 0 0 1 0 0 0 0 0 0 0 0 0 0 0 0 0 0 0 0 0 0 0 0 0 0 0
0 0 0 0 0 0 0 0 0 0 0 0 0 0 0 0 0 0 0 0 0 0 0 0 0 0 0 0 0 0 0 0 0 0 0 0 1 1 4 2 1 1 1 0 0 0 0 0 0 0 0 0 0 0 0 0 0 0 0 0 0 0 0 0 0 0 0 1 0 0 0 0 0 0 0 0 0 0 0 0 0 0 0 0 0 0 0 0 0 0 0 0 0 0 0 0
0 0 0 0 0 0 0 0 0 0 0 0 0 0 0 0 0 0 0 0 0 0 0 0 0 0 0 0 0 0 0 0 0 0 0 2 3 6 17 2 0 0 0 0 0 0 0 1 0 1 1 0 0 0 0 0 0 0 0 0 0 0 0 0 0 0 0 1 0 0 0 0 0 0 0 0 0 0 1 0 0 0 0 0 0 0 0 0 0 0 0 0 0 0 0 0
