sesion_6_simulaciones/modelos_agentes/ejemplos_netlogo/scenarios/echam4_b2/rob_2098.asc
NCOLS 322 
NROWS 307 
XLLCORNER 451900 
YLLCORNER 4086900 
CELLSIZE 100 
NODATA_value -9999 
[rows 0 to 73 of 307, columns 192 to 287 of 322]
15 13 8 5 17 34 15 7 8 11 15 6 5 4 7 6 4 5 9 10 10 12 9 11 19 33 21 38 41 67 35 14 15 3 3 4 9 9 6 22 26 13 13 38 41 38 25 34 41 43 22 22 24 25 17 16 11 47 12 9 1 1 2 5 4 2 4 5 2 5 2 1 2 3 7 2 2 4 11 3 2 3 4 6 7 4 11 7 6 7 1 3 5 17 3 1
18 8 11 10 13 30 7 12 23 16 11 9 15 15 9 9 15 4 8 14 18 12 8 9 11 41 18 23 17 28 68 43 11 6 4 3 5 9 17 12 24 9 5 16 20 23 33 25 35 66 74 46 22 18 14 13 32 29 34 4 4 1 5 4 4 3 5 3 6 3 1 4 2 3 15 4 14 8 6 6 4 7 10 7 6 3 8 10 9 7 3 6 4 6 3 2
7 14 7 8 20 20 13 6 4 12 14 16 26 31 17 31 21 20 32 35 37 21 17 12 7 11 10 4 5 12 16 49 39 11 13 7 5 4 11 4 3 5 22 38 33 44 37 37 43 54 52 38 38 20 27 43 13 14 19 5 4 5 5 3 2 7 2 2 2 3 2 3 3 4 27 5 24 14 5 10 6 5 8 11 7 2 5 6 11 6 3 15 5 12 3 0
9 10 26 26 13 11 10 11 12 28 14 28 41 34 28 46 36 20 32 52 44 44 40 26 22 16 3 6 6 3 8 15 7 11 9 10 11 4 4 3 12 21 12 12 20 50 39 39 12 21 13 13 15 32 20 27 24 8 11 13 13 4 3 6 2 7 4 6 14 3 6 6 2 2 13 6 9 6 10 10 6 6 9 15 9 2 4 11 18 5 10 7 5 12 2 0
5 4 12 3 22 28 24 17 29 27 29 21 27 24 30 50 36 42 51 59 59 42 37 41 29 40 25 37 30 8 4 1 8 5 6 11 3 1 3 5 10 11 17 23 18 23 18 23 41 49 47 30 21 15 44 48 13 12 4 4 12 8 4 5 3 7 4 4 3 2 1 2 3 2 6 6 5 12 28 33 21 5 5 18 15 11 1 9 10 16 14 5 11 17 4 0
8 6 14 12 7 10 35 12 35 27 21 32 11 34 46 49 59 55 22 26 46 31 25 39 39 41 24 42 35 16 16 10 4 3 2 1 1 3 1 2 7 13 19 34 49 61 58 58 46 24 24 23 32 44 71 40 17 13 4 20 29 19 9 7 3 9 2 4 7 6 10 7 7 5 4 7 12 12 18 10 14 29 19 16 18 13 4 7 10 12 4 7 11 10 5 1
5 3 4 14 8 7 37 12 8 19 27 64 38 19 43 59 52 56 30 11 20 42 51 60 37 36 42 35 39 36 30 23 24 21 14 4 7 9 4 1 6 13 25 31 59 36 37 40 53 36 40 75 33 55 64 29 16 21 9 18 20 16 8 9 13 7 7 7 11 3 6 7 6 12 13 6 2 8 19 20 12 29 16 8 5 22 7 5 7 6 6 11 18 28 4 3
4 4 4 7 21 16 35 44 11 5 13 21 53 17 7 25 16 30 34 20 16 33 20 33 34 30 37 29 43 40 39 39 37 39 36 19 25 13 6 3 7 26 37 44 50 50 45 68 82 74 70 40 59 52 60 32 15 5 8 10 11 5 3 3 2 7 4 5 14 6 6 5 8 13 16 10 2 14 28 10 27 46 29 9 5 20 15 7 7 15 14 14 34 14 7 4
9 8 9 6 13 11 24 51 54 22 10 12 27 45 26 20 13 39 47 33 27 45 15 29 56 40 35 40 42 54 52 52 55 51 38 35 20 10 4 6 16 22 37 41 64 61 48 55 70 76 57 36 77 56 52 21 7 29 41 22 21 11 18 7 7 20 6 7 3 3 6 6 8 11 10 5 3 7 9 17 28 42 24 15 7 9 10 6 5 23 16 22 17 23 7 11
5 8 11 7 8 4 21 20 56 42 33 21 22 32 41 21 22 17 50 48 46 56 24 28 47 48 37 37 30 44 14 34 57 56 45 23 15 11 6 7 7 15 29 39 60 32 28 73 52 38 30 86 65 62 35 14 23 37 32 35 16 54 37 10 16 3 8 8 10 4 4 9 10 7 5 4 3 6 27 11 6 26 28 26 16 7 16 5 7 9 10 32 18 28 12 37
7 9 12 14 8 4 3 4 9 29 19 15 12 41 31 22 33 9 21 49 38 63 67 29 37 34 61 42 17 39 51 20 8 9 17 38 23 13 8 8 13 17 38 62 28 54 59 65 23 29 72 78 50 56 24 13 22 28 18 26 52 61 23 7 6 7 9 8 14 11 17 11 14 13 8 6 3 3 8 14 15 36 57 29 34 13 8 13 4 13 32 11 18 12 13 58
19 13 8 11 12 12 9 6 5 6 8 9 18 21 21 18 17 32 25 30 57 63 58 41 10 27 58 50 25 25 53 55 15 6 7 11 30 16 1 6 32 41 46 24 14 14 46 19 27 63 85 75 53 36 13 36 28 17 20 62 49 36 4 8 10 7 14 11 8 13 11 11 17 23 21 16 6 4 13 14 15 65 37 53 32 27 13 7 5 23 21 10 29 8 32 69
30 18 17 32 27 28 27 16 30 20 20 16 10 9 11 13 17 52 48 26 23 46 43 39 11 25 43 37 32 15 14 33 14 4 2 3 14 22 3 8 29 34 33 47 46 40 69 18 43 79 74 47 12 34 52 54 47 50 75 65 11 9 8 5 4 3 6 5 10 6 4 8 21 30 31 18 8 2 12 19 50 53 17 32 46 28 20 5 6 24 19 13 37 10 32 45
56 43 34 39 37 38 29 27 28 32 34 43 23 21 15 16 14 11 12 13 24 22 13 23 21 31 35 37 16 9 12 23 22 17 3 2 8 17 12 17 16 30 27 16 16 58 37 26 61 50 34 12 24 41 44 44 61 60 44 6 21 29 18 9 8 3 3 2 8 7 11 23 18 15 18 22 12 3 7 18 50 20 13 36 64 33 26 13 5 10 10 15 23 11 29 25
17 53 52 54 43 43 24 33 19 21 39 35 32 36 41 41 38 24 9 12 10 9 7 19 23 25 19 14 5 3 12 16 17 12 4 3 11 21 23 15 14 17 26 16 10 22 19 25 31 27 8 16 28 30 41 46 41 9 24 27 28 20 23 45 50 30 21 9 8 13 19 15 24 23 14 12 8 4 8 21 29 13 8 54 67 66 39 43 23 6 9 15 13 14 40 34
31 51 62 35 45 70 44 23 40 30 24 40 38 50 57 47 47 26 21 24 18 11 7 6 20 15 6 5 2 3 4 15 21 24 15 7 9 14 16 20 15 16 16 12 5 8 30 37 22 14 28 21 20 28 30 33 11 35 31 24 29 49 59 39 30 42 12 6 20 3 17 50 22 19 24 28 31 18 7 23 26 13 5 12 37 67 21 14 20 23 6 22 11 14 46 41
67 17 71 47 44 66 75 76 39 17 30 30 51 50 50 45 55 49 41 41 40 38 23 11 8 9 20 19 13 8 2 3 5 10 17 13 13 15 14 23 15 13 11 10 7 5 7 8 21 41 28 48 41 26 18 35 39 34 30 24 48 43 62 45 43 18 8 18 10 13 15 5 27 11 27 39 48 32 24 8 42 22 15 4 13 45 56 19 8 11 5 6 13 25 18 20
44 13 59 38 59 65 69 46 75 77 48 54 59 26 30 32 49 53 46 43 43 43 40 21 18 21 34 28 22 17 3 2 2 2 6 10 12 11 13 13 15 13 8 5 2 10 22 40 42 36 40 58 52 50 23 34 30 52 45 38 65 57 47 35 16 13 18 22 14 9 7 6 24 27 37 39 42 48 37 13 9 20 20 15 6 20 36 25 20 4 10 1 13 21 10 10
38 38 43 48 36 62 68 42 48 80 50 71 83 59 45 35 53 70 70 61 61 45 29 23 34 23 38 36 48 20 21 19 21 12 8 6 9 6 11 11 6 5 2 4 17 27 44 44 38 40 53 58 49 35 48 48 47 42 30 38 57 31 15 7 16 13 10 47 26 7 11 5 27 30 6 18 58 43 49 40 11 8 39 22 14 6 22 27 27 12 2 2 18 9 2 2
49 20 30 47 40 50 77 42 31 66 73 83 84 74 76 68 31 48 50 66 50 44 42 38 39 38 38 47 47 45 34 28 27 26 22 12 7 6 4 4 2 1 9 16 42 39 42 53 32 50 58 43 56 50 51 47 13 8 20 38 68 31 9 23 29 20 32 36 17 14 11 4 8 33 27 7 19 29 44 46 43 14 14 28 22 7 4 15 31 22 2 1 11 2 10 18
74 39 39 43 16 38 69 47 61 48 69 58 77 51 62 67 31 24 47 68 49 63 45 29 59 52 39 33 41 38 31 19 26 22 30 20 16 7 3 1 2 5 20 38 42 48 29 25 52 69 48 49 61 65 71 60 34 21 31 41 48 16 12 31 25 18 20 7 20 25 18 4 5 12 42 18 7 12 62 35 36 18 7 17 20 6 7 23 14 15 2 2 2 3 18 38
57 21 53 51 22 17 44 74 28 51 82 78 82 62 57 35 38 12 28 75 71 54 42 40 29 31 14 15 23 23 30 29 19 17 30 26 17 13 8 2 5 15 26 32 25 40 35 50 48 43 33 42 46 73 75 72 67 49 36 33 23 10 21 24 33 25 18 11 13 25 10 4 5 9 39 23 9 10 21 46 37 31 14 8 22 8 12 19 11 4 4 15 5 11 34 43
76 29 70 74 46 31 33 57 28 31 83 74 60 40 22 45 40 35 14 31 40 59 77 76 51 21 39 27 13 20 19 16 11 13 20 33 24 10 4 2 3 19 35 38 18 25 13 28 15 18 14 34 49 34 50 72 52 33 16 64 27 9 19 21 15 20 42 18 20 8 5 5 14 26 56 23 11 16 28 61 37 20 12 5 11 18 12 18 7 3 12 44 20 20 19 36
73 65 57 77 28 39 44 60 56 30 32 28 35 62 33 24 52 48 28 41 44 46 71 62 58 27 34 40 30 10 13 12 11 11 12 17 22 10 5 1 5 8 8 18 14 9 15 17 28 25 16 31 24 31 31 22 12 25 52 39 10 17 22 16 22 44 27 16 24 14 5 9 15 33 36 17 20 18 33 55 42 47 24 7 6 9 12 18 3 6 15 13 28 41 19 23
46 39 56 55 41 20 53 68 47 22 40 27 28 51 57 36 43 49 43 22 24 33 43 36 33 24 30 44 42 20 12 9 8 8 9 11 8 16 6 1 3 8 19 22 28 35 39 36 28 31 40 21 13 7 8 14 27 28 64 31 8 28 18 13 28 55 20 32 30 15 9 10 20 50 30 18 32 22 29 47 40 42 40 26 8 4 14 8 3 23 25 22 23 20 54 18
27 35 23 53 29 14 59 69 47 23 20 30 30 22 50 48 30 24 33 35 18 19 30 32 30 25 16 36 57 19 14 9 4 2 3 3 9 7 11 3 5 9 10 14 26 29 40 19 18 33 31 43 31 45 29 28 28 50 56 8 13 20 14 9 27 41 21 24 24 20 9 10 26 55 20 32 36 19 16 28 28 40 30 14 17 4 4 8 19 38 38 36 42 24 16 36
20 23 15 18 13 37 55 50 33 18 10 19 19 11 11 32 37 36 31 33 17 15 18 23 11 14 15 16 20 29 24 7 4 2 2 3 6 4 9 4 3 3 5 11 17 20 15 18 30 27 42 38 32 40 49 60 65 78 39 7 16 18 10 15 54 43 11 27 30 18 12 7 21 54 22 20 24 29 8 16 29 41 18 14 5 4 8 24 42 37 40 31 35 43 51 22
13 12 7 4 5 7 10 13 12 8 6 5 4 3 5 8 13 11 20 27 15 13 12 10 5 6 20 15 15 17 23 17 15 7 2 3 5 3 8 3 3 2 5 7 9 13 26 23 19 46 33 34 37 37 49 79 66 55 9 22 24 13 24 39 74 25 36 18 19 21 20 12 32 56 32 21 24 34 10 15 28 37 26 31 14 2 9 21 23 15 14 11 9 14 30 29
5 7 8 8 4 1 2 2 3 2 2 1 1 2 2 2 2 2 4 7 11 8 7 4 5 6 17 13 13 10 11 10 6 5 9 5 3 3 4 3 3 7 22 23 25 27 40 59 22 38 27 26 29 24 68 62 35 8 22 29 24 18 37 68 36 16 32 18 20 25 18 11 21 52 67 38 29 24 13 13 28 44 36 24 12 2 8 11 7 18 18 23 23 18 14 25
10 18 16 26 16 7 5 4 5 15 15 15 17 18 27 17 15 14 4 1 3 2 2 3 2 9 10 7 9 6 5 3 7 6 4 4 2 1 2 3 9 23 24 26 31 43 46 30 53 36 28 23 32 34 71 30 17 22 31 31 22 21 39 70 25 15 16 30 19 10 8 12 39 58 27 55 39 26 12 7 40 34 42 22 10 2 10 20 32 41 22 33 36 28 21 8
18 28 27 33 25 9 9 28 19 29 29 35 33 34 34 36 32 29 26 14 8 5 6 3 1 1 2 4 8 4 4 3 5 5 4 3 0 1 3 6 23 24 28 43 48 55 53 42 46 64 60 53 35 53 33 18 7 34 29 32 14 22 44 58 31 12 18 30 23 19 5 12 54 24 18 64 53 34 17 8 24 20 36 21 5 6 20 21 20 29 24 20 12 11 12 24
33 34 34 35 24 19 19 35 34 34 33 37 51 39 49 49 40 33 29 31 19 30 25 11 9 7 4 1 1 1 1 1 1 4 3 1 1 2 7 24 26 27 31 35 49 55 58 71 56 55 39 76 56 35 40 35 13 32 36 47 40 28 54 22 9 30 37 17 34 16 5 13 28 26 16 65 38 36 17 12 26 23 23 17 5 12 36 43 42 28 20 9 16 16 14 23
53 50 37 51 39 23 22 29 30 34 55 52 52 57 55 39 38 34 34 33 33 36 34 24 20 21 11 8 5 5 7 13 5 1 2 1 1 2 7 22 24 28 29 38 53 54 64 65 52 52 42 25 47 44 55 13 29 36 27 37 28 34 37 46 46 27 18 14 44 33 14 10 30 22 36 71 35 32 28 13 15 25 21 9 14 25 37 57 58 46 44 22 25 32 29 59
51 52 56 42 39 39 24 40 51 54 59 53 55 45 53 43 40 41 36 52 48 49 33 29 25 38 23 19 10 10 30 12 7 2 1 0 0 2 6 13 13 18 27 30 41 60 40 18 69 63 48 32 50 57 12 11 25 27 26 39 47 49 53 28 20 17 28 23 20 28 23 14 34 27 36 52 46 50 30 14 12 20 11 9 23 27 26 26 16 15 14 25 33 33 72 73
49 50 58 58 56 30 26 41 52 61 59 53 54 52 51 52 40 62 55 54 34 26 28 31 31 31 24 22 20 26 12 9 4 4 3 3 2 1 5 13 15 24 40 30 23 30 24 38 39 50 48 17 36 9 17 10 15 20 20 34 50 59 34 53 33 17 18 19 19 33 38 15 18 26 39 45 49 31 26 14 8 12 12 16 34 16 17 23 39 39 33 25 18 66 48 63
59 72 61 31 50 30 42 41 67 56 51 52 52 68 70 54 58 56 42 58 40 37 21 47 48 27 26 27 48 17 8 7 7 6 9 4 4 5 8 11 24 31 41 17 26 29 27 43 39 37 27 18 25 9 17 8 19 36 40 51 37 27 41 56 23 12 10 13 27 28 25 16 13 26 27 54 52 38 28 14 7 8 18 35 47 45 37 30 33 24 19 45 54 67 47 30
67 78 45 47 61 39 31 64 59 68 39 55 62 56 74 60 38 29 57 49 45 40 16 53 24 20 32 46 17 9 13 18 15 14 11 11 10 8 3 5 17 25 15 14 16 34 63 60 49 34 29 17 16 14 22 29 38 28 20 22 24 32 34 56 30 15 17 16 14 13 16 21 12 24 41 39 34 47 31 14 6 23 43 31 39 56 52 51 46 43 22 40 42 46 50 25
51 68 37 40 60 39 37 67 57 64 27 49 68 52 70 43 41 44 58 63 53 30 31 22 24 40 62 15 11 22 21 20 20 18 14 12 9 9 4 3 2 4 8 13 29 54 59 43 63 29 23 12 28 24 27 19 15 8 25 26 19 40 39 36 16 51 56 47 34 34 22 22 12 22 27 22 31 36 17 6 12 37 56 64 57 62 67 55 45 41 42 52 22 10 46 36
61 33 37 32 53 30 33 60 74 57 20 55 70 59 61 64 40 57 76 62 48 25 48 28 47 54 15 18 28 28 21 19 34 22 27 15 14 16 16 9 9 9 8 20 58 41 58 24 29 45 18 19 35 29 28 22 16 26 56 55 42 39 70 38 49 36 48 54 32 24 24 23 14 10 17 28 18 29 8 3 17 31 31 49 49 27 43 17 13 14 9 68 53 31 26 16
79 56 39 27 40 24 42 57 81 43 24 41 59 60 64 39 34 81 57 21 26 54 50 40 52 31 29 33 46 46 28 35 34 31 15 26 16 27 18 17 11 5 2 5 29 28 32 13 9 9 7 18 26 37 30 45 47 46 32 41 58 58 36 56 48 49 22 45 67 36 21 15 12 6 12 18 12 20 11 11 24 37 36 38 31 16 20 27 37 57 70 86 67 33 26 12
63 63 33 34 40 21 31 52 64 37 20 39 73 70 36 53 43 51 24 18 32 66 72 59 49 52 38 36 47 35 31 59 40 17 17 30 21 33 30 17 14 9 6 6 2 4 3 3 10 23 36 36 46 47 43 52 40 33 53 71 76 74 54 61 15 77 65 25 27 67 62 47 32 17 4 14 15 8 7 10 25 23 21 34 24 25 51 54 50 40 52 76 47 35 29 14
54 38 24 36 31 27 18 43 52 29 17 33 66 54 46 44 28 20 7 28 51 62 53 31 29 17 16 56 52 36 48 50 34 17 24 33 35 36 36 10 13 9 12 11 11 4 2 6 14 18 31 30 40 38 31 32 40 56 43 84 76 49 41 80 58 37 75 43 26 19 37 41 46 45 25 13 8 8 6 10 28 26 20 22 34 45 53 58 50 62 53 64 59 49 30 15
41 28 12 26 21 19 16 17 25 11 10 21 34 17 23 27 14 19 15 33 60 33 30 36 24 27 20 60 56 40 67 49 22 31 31 41 44 57 44 25 22 9 19 16 12 6 2 3 13 15 16 24 42 36 49 56 33 61 63 84 36 14 46 80 50 53 39 73 42 14 20 26 43 38 38 35 13 6 3 7 19 24 24 20 24 40 71 52 36 77 51 50 56 27 17 16
13 10 8 15 12 7 13 7 23 23 15 13 16 16 31 36 28 39 21 33 52 35 33 35 28 25 25 59 56 40 65 43 39 39 35 51 48 49 25 30 41 30 22 12 7 3 1 1 7 16 16 30 45 38 37 46 28 45 74 49 35 20 68 80 66 26 21 31 55 32 20 18 22 17 42 22 16 7 4 7 15 24 29 22 50 66 80 55 49 78 50 24 32 48 18 9
9 3 10 13 10 15 15 43 41 69 69 57 15 30 38 44 48 24 22 46 44 29 30 21 25 36 24 53 55 58 48 44 40 43 44 56 69 51 36 30 60 46 11 6 6 2 1 2 12 16 35 36 38 41 25 28 47 69 81 41 28 32 47 79 74 57 27 10 48 52 35 19 18 19 51 20 10 7 4 14 20 31 32 38 43 35 38 33 48 45 59 49 48 43 12 2
4 3 7 13 33 46 58 65 47 46 55 64 66 46 22 28 26 19 24 27 16 26 26 31 46 36 37 69 56 72 44 46 43 52 57 71 75 47 48 43 56 32 20 12 9 12 9 1 6 19 18 28 27 21 21 37 53 69 60 53 31 30 33 86 58 56 53 8 40 62 51 19 16 18 21 37 16 4 4 17 18 31 47 52 48 35 38 26 35 36 44 34 27 12 4 8
11 10 5 6 15 25 51 24 23 21 43 53 48 57 26 20 26 38 42 23 22 28 26 40 61 47 36 64 62 55 38 54 43 55 53 68 56 50 61 35 22 19 32 29 23 23 14 5 3 7 24 19 21 31 29 14 41 39 49 79 46 41 52 66 54 18 51 27 33 40 38 36 22 12 9 67 15 3 7 13 26 33 26 57 40 35 36 28 26 16 16 12 10 10 15 29
20 33 13 7 22 23 26 38 25 42 55 41 55 70 69 43 53 46 29 23 34 34 39 38 51 42 35 63 61 36 48 48 50 54 66 71 59 52 27 16 16 31 31 29 41 27 25 7 3 2 8 19 24 34 35 23 39 44 33 47 47 49 52 65 71 21 38 39 28 55 43 23 28 18 17 20 14 2 6 13 23 28 44 60 37 40 33 26 36 12 9 7 8 15 28 32
12 27 52 21 10 14 36 33 60 34 33 34 71 46 47 84 76 21 34 34 36 36 41 37 42 38 41 67 52 44 47 45 52 69 71 48 24 23 37 35 43 42 38 30 44 45 30 11 3 1 2 31 23 17 36 27 46 39 33 36 45 32 34 48 78 21 18 33 26 26 33 21 19 16 14 14 9 6 4 11 18 24 66 47 21 17 18 21 19 3 4 14 16 22 30 27
50 47 54 61 23 7 11 53 55 55 13 19 38 47 72 78 57 79 76 44 33 53 48 22 39 33 55 49 48 43 50 40 58 73 77 45 43 37 53 51 66 68 52 53 64 37 19 7 1 1 2 4 6 11 36 30 48 46 32 30 28 15 7 21 57 35 24 23 22 21 21 30 20 19 11 10 7 5 4 12 20 26 33 27 15 14 8 10 4 11 14 16 32 37 27 26
36 21 31 74 26 22 20 22 26 35 27 7 31 78 85 80 57 45 75 53 65 66 54 30 49 48 67 61 56 67 49 49 54 53 55 37 42 52 54 60 30 32 63 80 36 24 20 7 2 2 3 3 2 4 17 38 45 59 28 29 28 15 8 45 63 32 33 22 21 23 27 29 16 11 13 11 9 5 7 14 15 28 26 12 10 6 7 17 17 29 32 35 34 35 19 21
17 33 31 76 74 20 27 17 23 24 29 16 41 51 52 56 73 82 59 22 55 24 68 77 89 83 76 50 70 56 69 49 44 30 72 63 67 60 37 36 16 4 60 56 50 37 33 19 8 14 15 9 4 1 3 9 12 27 14 22 20 12 13 31 43 48 31 21 24 7 9 12 18 8 5 6 8 4 5 9 17 18 19 12 6 10 23 24 34 27 30 49 41 30 25 21
12 20 29 36 73 69 37 19 20 23 22 22 40 65 74 77 40 77 74 32 62 57 33 49 70 49 67 41 67 29 18 45 33 33 55 87 73 55 34 76 43 44 52 53 62 41 23 20 28 31 22 11 2 1 2 1 2 7 5 20 18 10 21 36 32 48 34 21 15 13 13 14 12 8 6 3 7 4 2 4 7 8 11 8 5 14 18 23 31 30 33 28 63 35 23 13
7 13 23 5 37 83 39 26 15 14 23 30 26 40 49 65 66 78 56 59 66 46 17 53 69 46 46 42 48 71 56 60 57 35 44 81 87 91 89 86 75 61 61 70 64 45 40 35 54 22 15 15 13 12 9 7 4 2 2 5 6 9 12 33 35 38 33 24 15 13 9 7 7 5 5 3 3 3 1 2 3 4 2 3 3 4 8 20 31 15 20 36 35 30 17 30
15 9 22 50 41 61 82 40 41 18 13 17 21 27 58 47 70 83 21 31 73 70 32 19 81 83 57 42 58 68 36 36 46 35 32 62 81 83 80 56 69 70 46 53 59 60 72 71 45 13 24 31 30 27 26 36 32 11 4 5 4 4 8 10 20 42 25 20 10 14 9 5 6 5 4 2 2 2 1 2 1 4 7 10 15 9 12 12 24 28 24 25 30 29 41 39
25 9 7 37 59 65 86 69 36 34 26 23 22 30 28 20 56 41 29 66 88 45 26 17 25 72 43 51 46 67 65 48 56 54 48 84 74 54 46 36 45 26 23 75 50 72 83 79 53 41 52 42 38 29 23 9 12 10 6 5 4 4 7 8 6 19 24 20 15 11 6 3 2 3 3 3 2 1 1 1 2 5 6 10 16 29 30 29 35 33 26 34 32 30 25 43
42 30 24 17 21 25 40 70 40 52 34 23 20 27 42 20 47 29 56 47 83 45 30 28 17 34 36 49 24 64 70 43 43 47 60 77 74 39 27 41 37 29 29 45 61 50 48 33 39 43 36 38 35 36 38 11 7 13 6 4 4 4 6 6 4 10 18 19 14 6 4 2 2 3 3 3 1 1 1 3 4 5 13 17 7 6 20 55 25 39 41 42 45 35 39 45
21 24 47 22 20 49 49 73 75 59 53 25 21 18 22 28 36 40 35 50 77 84 62 39 15 15 33 11 27 65 74 51 42 48 43 45 49 37 28 35 33 30 31 32 67 44 47 32 23 20 23 10 14 11 24 17 5 12 6 4 3 3 3 4 4 8 11 8 8 4 4 2 2 2 2 1 0 1 2 2 4 5 5 6 6 15 38 44 48 51 50 44 45 52 43 55
39 38 17 14 18 32 45 58 75 55 44 36 18 12 16 30 15 21 43 80 72 75 65 59 36 13 42 40 15 23 58 43 50 45 23 27 35 59 30 26 32 22 17 28 49 46 54 38 29 22 19 14 5 7 13 14 6 12 10 3 2 2 2 3 3 5 7 4 6 3 3 1 2 2 1 0 0 1 2 3 2 3 4 10 16 24 27 48 30 29 22 23 35 47 44 27
55 55 26 14 5 33 29 46 65 70 37 37 23 21 25 28 15 44 67 81 51 52 62 35 29 27 16 30 40 9 38 54 34 37 23 36 35 25 27 26 37 30 12 14 24 43 55 44 43 32 29 16 11 5 4 8 7 9 14 6 4 2 2 1 1 3 4 4 3 2 1 1 1 0 0 0 1 1 1 1 1 4 5 10 20 20 31 30 29 21 17 32 37 35 29 28
59 55 35 31 11 12 29 42 77 36 41 27 19 18 18 22 18 38 74 55 11 35 82 37 27 31 15 21 22 38 33 31 25 27 29 20 17 11 12 24 39 20 11 11 13 25 52 37 49 32 21 16 10 7 2 3 4 5 6 5 2 1 1 1 1 2 1 2 2 2 2 1 0 0 0 1 1 1 2 3 3 6 13 18 14 18 41 36 26 28 34 27 32 38 36 20
55 54 38 22 23 16 31 35 73 41 18 40 30 18 16 16 13 53 54 34 56 63 74 60 36 22 27 42 17 48 36 32 33 20 35 17 21 18 6 17 12 10 12 26 37 42 49 42 61 57 44 30 13 8 2 2 3 4 4 6 3 1 1 1 1 1 1 1 2 2 2 1 0 0 1 1 1 2 2 3 3 5 7 7 14 19 22 32 38 40 42 34 38 21 35 35
50 41 33 24 24 25 16 26 45 68 40 22 32 18 17 14 19 43 35 42 35 51 72 59 39 50 22 29 33 54 30 23 27 26 15 11 19 17 14 13 5 6 12 49 32 26 48 31 49 53 59 35 21 14 5 2 1 2 3 3 3 1 1 1 1 1 1 2 2 1 1 0 0 0 1 1 1 2 3 2 4 6 11 9 11 10 21 30 27 30 32 53 37 44 57 37
44 46 30 22 27 25 23 27 33 48 53 21 17 17 18 18 19 21 28 36 38 53 79 54 48 32 44 25 29 48 29 11 16 16 20 10 12 15 9 6 4 8 30 52 14 29 34 20 42 40 39 44 33 25 19 11 3 1 1 2 1 1 1 0 1 1 1 1 1 0 0 0 0 0 1 1 1 2 3 2 6 8 8 6 6 10 15 11 22 36 27 36 31 17 29 33
84 64 51 21 17 25 20 25 29 43 53 35 28 20 22 16 15 20 21 16 43 44 69 53 32 26 29 32 27 19 36 14 13 15 13 16 12 12 5 6 19 22 33 13 13 24 16 19 27 36 46 44 53 38 28 18 11 3 1 0 1 1 1 0 0 0 0 1 0 0 0 0 0 1 1 1 1 1 1 1 3 3 5 4 3 5 7 9 15 20 33 49 31 27 30 9
53 81 68 47 26 16 15 23 29 34 68 43 31 19 13 12 13 8 14 17 30 38 57 61 32 24 19 21 27 27 24 33 20 10 9 18 12 5 3 9 17 41 23 13 17 19 17 13 28 36 24 27 33 39 33 22 14 9 4 1 1 1 1 1 0 0 0 0 0 0 0 0 0 1 1 1 1 2 2 2 3 3 2 3 5 8 9 9 13 27 30 35 26 26 24 33
28 85 41 77 58 45 16 17 20 37 55 34 25 13 12 8 4 6 13 17 31 49 38 57 48 33 26 19 17 23 21 30 22 17 8 13 5 3 6 6 23 24 24 9 10 18 6 10 28 39 21 19 26 25 54 34 24 12 9 2 1 1 1 0 0 0 0 0 0 0 0 0 1 1 1 2 1 2 3 4 3 2 3 4 8 9 8 8 20 22 24 15 20 30 28 26
49 53 38 74 55 56 36 10 14 18 38 36 16 14 9 5 5 6 14 28 13 12 53 58 61 51 41 36 13 10 11 15 13 11 5 5 3 2 3 6 23 11 9 8 6 23 7 10 35 38 27 10 6 5 36 27 24 13 6 3 2 0 1 0 0 0 0 0 0 0 0 0 0 0 2 2 3 4 5 6 8 11 9 11 11 10 7 7 14 15 16 25 37 38 38 35
57 50 46 41 50 30 62 24 8 8 17 23 16 9 7 4 3 9 12 12 26 54 66 67 72 54 41 24 20 11 18 19 14 11 8 6 4 2 6 12 11 8 6 6 9 27 16 17 44 42 42 14 4 2 8 8 14 14 4 3 1 1 0 0 0 0 0 0 0 0 0 0 0 1 1 1 3 5 12 8 11 15 21 15 14 14 9 11 21 14 14 19 21 14 20 21
56 46 52 40 47 19 30 42 8 5 15 20 25 8 4 2 3 5 13 23 47 50 65 57 63 67 34 24 20 16 14 12 10 8 5 3 2 2 4 13 9 5 4 4 4 9 11 9 30 44 28 15 16 4 4 8 4 6 4 4 2 1 0 0 0 0 0 0 0 0 0 1 1 1 1 2 3 6 7 17 21 18 15 24 19 18 20 34 25 9 11 8 13 28 27 30
48 57 61 44 24 20 18 20 13 5 10 15 19 7 3 1 3 8 22 48 34 21 53 49 46 58 38 22 20 16 11 8 6 6 4 2 1 3 11 15 6 4 3 2 3 12 4 10 38 17 23 12 9 5 5 6 7 5 4 3 2 1 0 0 0 0 0 0 0 0 0 0 1 1 2 4 5 10 14 13 27 36 40 40 43 35 37 34 25 18 16 21 14 16 31 27
31 25 36 39 21 22 11 12 12 8 4 7 9 6 2 1 5 11 20 21 27 24 41 66 26 31 27 33 14 11 9 7 5 6 6 2 1 6 16 5 2 1 2 2 5 7 9 42 57 9 5 21 8 5 4 3 7 4 4 2 1 1 1 0 0 0 0 0 0 0 0 0 1 1 1 2 4 3 4 10 17 20 25 31 48 40 48 45 35 34 21 22 35 29 23 23
13 15 15 17 17 13 11 10 10 7 3 3 4 5 1 1 3 6 9 12 20 18 15 24 21 20 16 19 9 7 6 5 3 3 3 1 4 9 4 3 3 1 1 2 4 7 17 15 40 12 4 11 12 5 5 6 5 4 2 2 1 1 1 0 0 0 0 0 0 0 0 0 0 0 1 2 3 4 3 4 8 12 19 18 42 40 55 59 44 54 46 46 40 38 29 50
18 19 18 15 11 9 7 3 3 3 2 1 1 3 1 1 3 5 3 7 13 8 7 13 14 14 10 9 13 6 5 4 3 1 1 2 4 4 4 5 2 1 3 6 9 17 6 4 7 10 8 7 8 8 6 3 3 2 1 2 1 0 0 0 0 0 0 0 0 0 0 0 0 0 1 1 2 5 5 5 8 12 9 15 28 36 32 37 72 66 38 60 52 50 33 41
