sesion_6_simulaciones/modelos_agentes/ejemplos_netlogo/scenarios/echam4_b2/rob_2014.asc
NCOLS 322 
NROWS 307 
XLLCORNER 451900 
YLLCORNER 4086900 
CELLSIZE 100 
NODATA_value -9999 
[rows 222 to 295 of 307, columns 0 to 95 of 322]
23 34 43 60 47 36 47 34 8 22 26 29 52 24 21 12 11 5 6 8 18 32 31 41 32 27 22 35 55 31 22 48 61 36 62 53 32 31 37 65 39 38 50 66 60 76 54 59 62 81 80 53 37 33 28 14 16 28 15 18 19 10 6 15 8 10 3 5 3 2 1 1 0 0 0 0 0 0 0 0 0 0 0 0 0 0 0 1 1 0 0 0 0 1 3 1
44 58 44 32 32 41 40 46 26 12 16 30 34 17 9 10 11 23 27 28 31 44 29 66 51 47 37 38 34 47 31 47 42 47 71 21 24 38 43 67 62 59 50 73 36 22 34 21 22 62 69 50 44 25 18 18 9 10 16 16 11 16 6 8 12 4 3 3 4 1 1 1 0 0 0 0 0 0 0 0 0 0 0 0 0 0 0 0 1 1 0 1 1 2 0 0
45 69 69 77 59 58 45 48 34 38 47 60 27 22 18 29 27 42 25 25 64 19 40 46 46 35 29 63 44 44 41 50 42 60 40 31 43 54 45 64 65 64 63 87 80 70 59 56 48 22 29 37 21 17 10 10 9 11 10 9 8 10 4 17 16 6 3 2 2 1 1 0 0 0 0 0 0 0 0 0 0 0 0 0 0 0 0 1 2 2 1 1 2 2 0 0
56 61 52 67 64 68 38 26 19 57 55 42 26 20 23 31 11 5 4 43 24 35 65 55 41 48 42 49 41 29 44 43 55 18 25 51 44 69 45 73 65 73 78 64 62 76 61 67 67 42 20 19 12 16 6 7 7 11 7 6 8 3 3 2 3 2 1 1 1 0 0 0 0 0 0 0 0 0 0 0 0 0 0 0 0 1 1 1 5 5 4 4 1 1 0 0
20 35 35 25 34 75 52 12 40 44 58 28 44 37 9 6 4 3 15 51 18 49 64 62 44 46 33 19 39 31 47 72 58 33 38 47 72 81 58 68 78 82 82 52 63 67 66 34 59 70 24 15 6 8 7 9 6 4 4 2 2 1 2 1 1 1 2 1 0 0 0 0 0 0 0 0 0 0 0 0 0 0 0 0 0 1 2 4 7 10 5 1 1 0 0 0
43 30 35 31 37 31 18 21 19 30 50 56 57 16 4 4 21 30 51 66 35 41 63 76 63 45 51 28 34 49 25 53 81 38 28 38 56 56 83 89 64 56 41 70 48 51 68 47 32 12 22 23 19 13 11 10 9 4 3 2 2 1 1 1 0 1 1 0 0 0 0 0 0 0 0 0 0 0 0 0 0 0 0 0 0 1 4 13 9 1 1 0 0 0 0 0
48 39 35 51 35 32 39 38 28 49 42 38 30 15 23 44 54 60 62 75 41 50 63 69 29 26 56 19 41 58 26 22 43 60 40 65 50 34 68 81 75 46 63 41 81 56 35 34 31 22 14 29 25 19 18 11 5 4 1 1 1 0 0 0 0 0 0 0 0 0 0 0 0 0 0 0 0 0 0 0 0 0 0 0 1 1 2 16 5 1 1 1 0 0 0 0
19 35 52 33 31 27 49 47 44 43 43 55 36 42 40 61 56 39 66 69 49 46 44 47 26 59 26 10 43 53 26 26 42 49 72 81 67 45 30 47 58 37 28 19 36 73 52 31 25 21 15 14 14 17 19 16 5 3 1 0 0 0 0 1 1 0 0 0 0 0 0 0 0 0 0 0 0 0 0 0 0 0 1 1 2 4 5 8 3 1 1 2 1 0 0 0
56 50 36 44 48 38 58 47 51 42 31 45 35 56 40 62 62 56 47 71 30 42 49 42 43 17 28 35 35 52 24 39 32 37 47 68 56 70 44 18 36 58 44 46 57 25 30 20 13 13 8 7 12 11 8 7 7 3 2 1 1 0 0 0 0 0 0 0 0 0 0 0 0 0 0 0 0 0 0 0 1 0 1 1 1 8 24 8 3 3 4 2 1 0 0 0
38 53 46 60 42 39 49 76 27 54 32 32 42 53 40 62 59 46 45 58 40 42 42 47 29 25 28 32 25 28 17 28 63 50 41 29 68 40 46 38 18 27 67 71 73 44 17 10 19 18 16 5 7 10 6 6 4 1 1 2 1 0 0 0 0 0 0 0 0 0 0 0 0 0 0 0 0 0 1 1 2 2 2 1 1 4 22 5 2 7 5 1 1 0 0 0
33 28 59 49 37 44 42 57 33 38 35 37 42 59 46 43 62 22 31 38 19 40 10 30 21 35 23 17 31 15 27 38 40 69 50 44 32 34 41 19 30 22 19 30 29 19 14 9 17 9 14 7 5 4 3 7 2 1 0 0 0 0 0 0 0 0 0 0 0 0 0 0 0 0 0 0 0 1 1 2 5 8 4 2 1 3 9 6 7 4 2 1 0 0 0 0
20 28 52 43 30 62 60 47 46 39 49 52 33 60 44 38 43 22 27 32 44 11 10 7 22 27 11 20 35 18 26 20 21 21 12 28 17 19 20 14 25 38 58 32 26 11 10 4 5 5 7 4 4 4 5 2 1 1 0 0 0 1 0 0 0 0 0 0 0 0 0 0 0 0 0 0 0 1 2 5 13 11 7 6 2 4 23 20 9 3 2 1 1 1 0 0
20 13 16 35 26 50 58 52 61 30 42 56 19 35 24 37 57 28 27 28 32 22 8 10 29 14 7 31 40 47 52 20 35 29 46 46 45 44 35 43 55 56 57 61 51 44 36 13 12 18 10 4 3 2 1 1 1 0 0 0 0 1 1 0 0 0 0 0 0 0 0 0 0 0 0 0 1 2 3 6 8 18 12 14 9 30 15 14 5 6 4 3 2 1 0 0
7 13 22 21 26 35 39 43 21 43 53 46 18 18 19 15 45 12 16 16 5 19 13 26 13 11 12 27 42 26 71 77 68 58 74 58 62 45 49 41 50 64 58 73 40 21 15 3 7 13 17 9 3 2 1 1 1 1 2 1 0 1 0 0 0 0 0 0 0 0 0 0 0 0 1 0 0 1 4 8 23 16 22 19 34 18 18 15 4 4 9 5 3 1 1 1
4 12 10 8 19 27 35 27 21 27 30 37 10 20 11 20 22 12 8 5 4 6 9 6 17 11 34 43 47 29 40 61 83 60 72 89 88 74 74 62 31 63 70 63 73 52 42 17 13 13 9 6 6 2 2 4 3 2 1 0 0 1 1 0 0 0 0 0 0 0 0 0 1 1 1 1 1 1 2 3 25 36 33 11 10 49 18 17 13 13 5 5 3 2 1 1
2 5 6 13 12 28 18 39 29 39 17 9 12 5 12 12 5 54 5 12 46 39 23 13 9 7 9 21 21 31 35 30 34 75 61 82 86 80 81 74 67 35 72 72 73 45 50 22 13 12 4 3 1 1 0 1 1 1 1 1 0 0 0 0 0 0 0 0 0 0 0 0 0 1 2 1 1 2 2 3 17 38 30 9 33 35 21 31 30 11 9 6 4 2 4 2
3 3 6 12 26 11 20 27 26 29 15 14 7 3 6 4 3 2 23 26 29 49 46 23 16 7 18 17 20 28 26 36 34 33 25 56 86 64 79 47 58 53 52 59 55 43 21 8 23 16 9 6 5 4 2 1 1 1 0 0 0 0 0 0 0 0 0 0 0 0 0 0 1 2 6 2 2 2 5 10 26 46 20 18 34 11 4 8 11 4 3 6 3 3 2 1
2 2 4 3 4 11 17 21 17 12 13 8 5 2 2 6 4 4 4 18 20 10 55 43 15 4 22 40 30 33 36 23 32 43 23 28 59 70 66 59 58 47 49 37 37 45 33 13 5 12 9 7 5 5 4 1 1 0 0 0 0 0 0 0 0 0 0 0 0 0 0 0 1 1 4 7 3 2 5 22 31 63 20 23 47 13 11 7 4 2 2 3 3 2 0 0
0 1 1 3 2 5 7 8 12 14 7 4 2 2 3 3 7 6 12 29 10 7 9 38 42 11 29 44 45 47 55 41 43 52 42 30 24 57 40 43 22 27 15 23 21 17 4 16 7 5 7 4 3 3 3 2 2 1 1 1 0 0 0 0 0 0 0 0 0 0 1 1 1 1 2 9 16 6 16 18 54 49 44 63 16 17 15 11 11 10 4 5 3 1 0 0
0 0 1 2 1 2 4 6 5 6 7 2 4 3 3 2 6 16 27 12 7 4 9 49 30 29 30 21 12 24 35 36 41 41 41 43 22 18 19 14 22 13 6 6 8 12 9 10 4 3 5 3 3 2 1 1 1 1 0 0 0 0 0 0 0 0 0 0 0 0 1 1 2 2 3 3 30 7 10 37 59 41 50 54 40 29 17 33 24 4 4 3 1 0 0 0
0 0 0 0 1 1 1 3 4 4 4 3 2 2 5 6 3 10 22 26 13 9 7 15 16 19 21 44 17 43 56 38 34 41 38 49 42 21 12 7 6 10 12 10 14 11 7 3 3 4 3 2 1 2 1 1 1 0 0 0 0 0 0 0 0 0 0 0 0 1 1 1 0 2 11 9 32 18 22 48 63 60 41 45 25 13 12 23 15 10 2 1 1 0 0 0
0 0 0 0 1 1 0 4 2 2 1 2 13 16 30 29 14 5 6 7 13 12 10 22 42 39 38 35 37 37 50 51 47 49 44 53 48 59 36 13 13 7 7 5 5 4 4 2 1 2 1 2 2 2 1 1 0 0 0 0 0 0 0 0 0 0 0 0 1 1 1 1 1 3 9 9 30 49 33 55 61 60 57 47 25 30 16 16 14 8 3 2 1 0 0 0
0 0 0 0 0 1 0 3 1 0 0 4 2 2 9 35 13 6 5 5 10 13 15 16 11 17 41 60 60 60 56 57 60 65 61 53 53 55 60 49 19 12 10 10 9 4 2 3 4 2 3 3 1 1 1 1 1 0 0 0 0 0 0 0 0 0 1 1 2 2 2 2 1 4 21 10 6 43 80 55 62 61 51 37 24 14 3 9 13 6 2 1 1 0 1 0
0 0 0 0 0 1 1 0 0 4 9 16 6 4 7 4 4 3 7 10 13 27 17 21 38 25 9 29 31 64 67 65 75 79 66 50 64 71 69 51 22 18 14 16 15 13 5 9 5 2 1 1 1 1 0 0 0 0 0 0 0 0 0 0 0 0 1 2 3 4 4 5 3 6 20 32 9 38 61 53 47 29 19 9 10 14 5 5 5 3 2 1 1 1 1 1
0 0 0 0 0 0 0 0 1 1 0 1 4 10 14 6 5 9 6 17 30 16 18 35 23 38 25 9 9 51 38 70 85 71 68 67 53 56 62 58 43 43 27 14 17 21 7 7 5 2 2 2 1 1 0 0 0 0 0 0 0 0 0 0 0 1 1 3 3 8 7 10 4 6 20 39 37 29 63 35 22 12 18 11 8 3 2 4 8 5 2 1 1 1 1 0
0 0 0 0 1 0 0 1 0 1 1 1 3 5 3 2 12 19 10 22 15 21 28 26 23 37 45 24 19 14 20 14 53 61 53 49 38 53 44 25 19 12 8 7 9 18 7 5 3 3 2 1 1 0 0 0 1 0 0 0 0 0 0 0 0 1 2 3 3 6 20 11 14 6 10 37 39 69 39 24 28 15 13 11 13 4 6 7 5 1 1 3 3 2 1 0
0 0 0 0 0 0 1 0 1 2 4 10 6 3 2 10 12 27 19 10 8 12 10 21 17 21 35 31 51 48 28 38 42 29 15 27 31 37 21 22 9 8 4 5 6 5 4 6 2 2 1 1 1 1 0 0 0 1 0 0 0 0 0 0 0 1 1 1 2 2 7 24 37 8 6 27 23 62 26 35 19 16 9 12 12 10 9 2 3 3 3 4 2 1 0 0
0 0 0 0 0 1 0 0 0 1 3 7 4 2 10 12 25 11 35 9 10 13 14 19 30 29 62 53 26 22 17 19 41 47 33 25 38 43 32 24 23 16 25 15 7 6 5 6 4 2 1 1 1 1 1 1 1 0 0 0 0 0 0 0 0 1 1 3 2 1 4 8 19 28 15 20 57 45 37 26 12 20 17 9 4 9 9 6 7 9 3 3 1 1 0 0
0 0 1 0 0 1 0 0 0 1 2 1 4 3 8 14 24 9 14 12 15 16 18 19 68 73 65 41 60 64 54 36 53 51 43 38 43 55 39 32 36 25 14 11 10 7 12 11 5 3 3 2 2 2 1 0 0 0 0 0 0 0 0 0 1 1 3 5 6 3 2 4 12 32 41 25 66 46 45 46 35 17 20 22 16 12 16 10 6 8 6 2 2 1 0 0
0 0 0 0 1 0 0 0 1 3 5 6 6 5 11 18 31 25 8 22 17 17 27 36 54 73 76 59 34 44 46 40 27 28 38 30 29 37 31 52 54 26 25 20 26 19 12 13 7 5 4 5 2 1 1 1 1 0 0 0 0 0 0 0 1 2 6 6 4 4 4 7 11 12 10 61 67 46 37 35 22 25 38 27 25 27 21 23 13 7 3 2 1 1 1 0
0 1 0 1 0 0 0 1 5 14 31 10 3 9 13 8 9 12 7 12 13 24 33 60 61 32 57 57 46 63 63 50 26 18 20 21 34 41 49 45 30 27 52 39 39 27 13 6 4 3 1 2 3 1 1 1 0 0 0 0 0 0 0 1 2 4 6 8 7 12 11 11 29 39 33 43 63 53 28 34 32 40 34 17 23 22 18 9 12 4 2 1 2 1 1 1
0 0 0 1 0 0 2 10 22 14 42 38 7 7 14 11 11 2 4 7 7 10 13 43 16 23 41 64 65 70 84 49 63 45 26 15 27 67 52 50 53 10 13 5 6 12 5 8 3 4 2 2 2 2 1 0 0 0 0 0 0 0 0 1 3 8 7 7 5 24 43 12 39 63 70 55 42 43 37 22 30 26 27 37 26 19 10 7 8 5 4 4 3 2 1 0
0 0 0 1 0 1 1 2 5 7 4 3 9 11 14 15 29 9 10 9 10 9 22 29 9 7 9 40 43 34 47 77 55 68 61 55 48 46 40 40 45 40 27 28 23 11 10 13 7 6 4 2 1 1 1 1 0 0 0 0 0 0 1 2 4 6 9 8 6 7 26 54 28 55 70 68 54 36 48 37 48 47 27 17 22 18 10 6 6 11 7 5 2 1 1 0
1 0 1 0 0 0 1 3 7 7 8 15 11 9 13 14 29 11 5 18 22 16 22 44 16 3 16 10 24 32 15 24 60 52 62 59 35 12 11 11 25 25 20 24 32 30 15 6 9 6 3 4 3 1 1 1 1 0 0 0 0 1 2 4 10 13 8 7 21 20 14 15 56 68 56 69 51 51 70 63 22 18 17 21 17 10 15 9 9 4 3 1 1 1 0 0
0 0 1 0 0 1 1 1 2 4 7 12 5 10 8 10 17 2 5 7 6 34 29 48 35 13 15 23 31 23 25 11 9 18 20 17 16 15 14 8 6 9 7 10 23 19 9 15 12 8 6 4 3 2 2 1 1 1 0 0 0 1 2 7 13 14 9 16 18 40 28 29 21 26 48 52 67 63 40 40 33 42 34 39 24 16 23 16 5 3 2 2 1 0 0 0
0 0 0 0 0 0 0 1 2 2 6 8 7 7 8 17 16 4 5 5 11 36 43 41 17 3 17 36 24 38 40 16 44 49 50 42 38 31 28 12 9 9 29 34 31 16 17 13 12 11 8 5 4 3 2 2 1 1 0 0 0 1 5 9 10 22 13 21 21 19 66 48 41 32 19 61 45 67 55 49 52 62 55 42 28 32 18 11 4 2 2 1 1 0 0 1
1 0 0 0 0 0 1 0 1 2 2 7 23 26 24 39 30 8 4 4 28 34 41 32 19 38 9 35 33 43 29 46 46 30 34 36 29 27 12 19 40 48 23 23 15 20 14 11 15 9 10 7 4 3 2 2 1 1 0 0 0 0 3 11 31 25 15 27 24 21 22 43 62 20 15 28 69 80 75 64 59 54 51 49 39 21 19 9 12 4 2 1 0 1 0 2
0 0 0 0 0 0 0 0 0 3 8 9 21 32 33 12 6 3 2 15 26 28 36 48 45 20 24 29 24 23 31 70 34 33 39 40 37 23 31 33 55 44 40 35 32 27 22 17 20 15 12 7 6 3 3 1 1 1 1 0 0 1 2 8 25 22 35 42 32 52 53 59 61 32 33 48 66 62 65 54 53 46 41 42 28 19 16 16 15 9 2 2 1 1 1 3
0 0 0 0 0 0 1 1 1 8 13 14 14 71 29 11 14 9 6 19 19 22 26 17 14 12 45 15 30 23 48 36 48 56 43 42 40 41 48 42 30 45 46 48 42 39 29 32 23 9 6 5 4 4 4 2 1 1 1 0 0 1 3 7 16 18 17 36 60 48 69 61 66 36 60 59 64 65 46 46 46 44 30 22 19 17 14 11 8 7 4 3 1 2 3 4
0 0 0 0 0 0 0 0 2 6 10 12 5 16 10 2 9 11 16 14 17 32 30 15 12 28 18 26 40 60 65 54 51 52 40 43 54 53 56 48 52 65 61 40 33 42 41 33 17 13 9 7 5 3 2 3 2 1 0 0 0 1 3 8 12 20 18 24 50 74 70 67 59 83 68 49 38 41 49 49 42 42 39 28 18 21 9 16 8 4 4 3 1 3 4 4
0 0 0 0 0 0 0 0 5 3 5 5 3 1 1 2 10 10 8 15 17 15 17 31 29 14 16 43 61 29 23 24 47 43 51 56 57 55 53 51 54 63 46 44 54 43 40 36 16 14 9 7 4 2 2 3 1 1 1 0 0 1 6 11 21 19 20 21 24 30 47 54 60 69 19 45 43 42 36 37 33 30 24 38 28 23 17 13 7 6 5 2 2 5 5 7
0 0 0 0 0 0 0 0 3 7 10 8 6 9 9 4 2 3 4 19 28 16 53 52 22 25 28 44 28 28 29 35 39 37 50 56 58 57 46 72 59 46 43 52 23 35 45 40 32 23 6 6 4 5 5 2 2 2 1 0 0 1 2 10 16 21 52 34 43 44 42 30 44 63 50 56 56 40 40 37 41 34 35 33 27 8 8 5 6 11 6 1 3 9 11 11
0 0 0 1 0 0 0 2 6 13 12 3 4 9 10 7 5 1 5 24 22 49 36 17 21 40 29 26 28 29 38 34 26 37 44 65 46 44 62 55 47 66 68 33 47 45 39 38 24 10 7 10 8 7 6 5 3 2 1 1 0 1 4 7 13 31 53 76 44 55 48 32 36 69 77 43 48 54 55 36 31 33 40 28 16 6 13 9 6 4 2 1 5 13 14 14
0 0 1 0 0 1 3 7 12 15 2 2 2 2 1 3 5 3 8 16 18 22 9 16 33 14 11 23 27 32 51 38 29 37 50 57 51 66 70 66 48 41 42 51 43 43 28 27 19 16 13 17 13 5 5 4 4 2 2 1 0 1 3 8 17 26 49 68 65 66 52 54 59 72 46 44 40 40 47 49 34 64 42 18 20 22 14 9 4 1 1 2 7 14 16 20
0 0 0 0 1 0 0 3 5 3 0 2 4 5 5 7 14 7 20 9 9 7 5 15 16 21 25 33 45 37 34 26 29 35 60 43 76 72 70 42 31 29 36 49 54 43 37 34 30 23 18 15 9 5 4 3 3 2 2 1 1 2 4 12 26 32 33 38 64 78 72 36 42 71 45 50 69 65 61 66 58 39 32 28 26 23 8 7 3 2 2 6 11 14 12 21
0 0 0 0 0 0 0 2 3 3 0 3 5 7 9 9 5 8 25 17 20 18 3 19 21 36 37 35 28 18 28 29 32 38 74 41 27 18 19 36 38 54 65 66 61 50 38 35 20 28 14 11 12 5 5 3 3 3 2 2 1 4 8 12 31 36 35 23 44 69 72 50 58 69 47 31 51 73 72 68 63 31 35 32 26 22 8 6 8 3 7 11 6 19 21 24
0 0 0 0 0 0 0 1 5 7 1 3 6 2 3 3 4 25 14 10 13 17 16 14 35 28 28 34 22 26 38 38 28 75 30 23 49 53 53 51 63 69 61 64 63 59 48 38 23 20 18 15 12 11 7 6 4 3 2 1 3 6 17 41 42 42 32 42 52 60 74 47 47 61 74 55 56 56 69 69 54 53 34 34 28 16 9 2 3 7 9 6 11 17 40 29
0 0 0 0 0 0 0 3 3 3 6 5 1 1 3 5 8 12 12 21 14 18 15 16 30 30 28 30 33 27 40 42 48 37 12 37 43 49 60 84 62 60 69 68 64 60 42 33 24 16 18 16 14 8 10 5 5 6 3 3 4 13 13 32 40 39 39 51 57 52 80 73 54 71 69 57 62 62 58 52 57 41 30 24 23 11 4 1 3 12 6 13 19 21 45 28
0 0 0 0 0 0 0 0 1 3 2 1 1 3 4 3 12 6 5 25 47 24 6 11 42 28 39 34 21 26 57 82 50 11 22 51 40 70 74 68 65 74 71 52 54 50 45 40 21 24 20 19 15 13 12 10 8 7 4 5 5 7 13 18 41 62 51 69 73 63 58 59 58 66 75 75 58 52 42 41 41 35 26 26 19 9 3 2 9 12 14 28 36 29 37 29
0 0 0 0 1 0 1 2 2 2 2 4 3 2 1 12 6 10 13 26 16 8 16 28 7 33 28 20 44 48 66 43 16 24 57 30 55 46 57 78 81 61 49 76 66 42 46 44 36 28 24 22 17 15 13 12 9 5 5 7 8 16 12 15 19 45 71 75 73 73 82 81 57 70 57 51 35 42 53 54 37 35 22 26 19 3 2 9 9 17 28 36 35 22 37 36
0 0 0 0 0 0 1 0 0 1 2 3 2 1 0 20 5 2 4 4 8 11 25 11 6 22 13 19 59 52 44 12 17 30 55 70 50 56 70 74 72 61 65 35 47 39 50 57 38 34 29 25 22 18 17 15 8 4 8 15 11 21 21 24 28 44 54 81 65 64 46 70 54 39 39 51 60 47 40 39 33 20 30 20 6 3 6 10 17 16 21 32 49 39 43 39
0 0 1 0 0 0 1 0 1 1 1 1 1 2 3 18 5 4 5 4 20 11 15 3 19 28 16 37 67 38 27 14 23 27 69 72 67 58 61 63 60 65 52 40 45 72 56 48 43 51 36 28 25 21 20 16 8 5 15 21 34 42 31 37 32 43 62 66 78 61 53 44 52 60 52 66 51 51 42 40 25 25 13 6 4 7 15 19 19 35 35 27 28 39 34 31
0 0 0 0 0 0 0 0 1 0 1 3 1 3 12 6 5 3 11 16 11 13 7 14 42 16 19 49 40 30 35 24 47 59 72 61 58 61 51 39 40 59 68 61 67 55 58 56 60 44 38 48 16 24 20 11 5 15 25 27 51 54 41 57 44 33 42 76 77 39 75 53 50 60 61 59 54 52 48 33 23 23 8 9 7 14 20 24 22 29 39 27 30 41 46 37
0 0 0 0 0 1 1 1 0 0 1 1 1 9 1 3 4 8 12 14 9 6 10 12 27 19 22 51 20 19 29 28 56 58 54 55 46 54 45 50 58 61 62 76 59 57 56 70 52 47 58 40 32 28 15 13 6 15 39 40 45 64 52 63 64 46 47 56 84 40 43 77 74 57 55 55 63 49 53 48 25 19 5 6 9 19 28 36 42 42 41 44 32 39 56 45
0 0 0 0 0 1 2 0 0 0 1 0 5 2 3 3 6 2 1 9 6 8 20 16 22 30 26 11 18 24 36 45 54 59 25 17 53 44 51 44 48 59 65 74 72 58 75 49 67 67 44 39 39 32 18 15 9 16 42 53 50 67 49 53 70 47 65 44 72 46 49 71 49 64 62 56 51 49 67 38 29 7 6 10 19 21 30 41 32 23 32 54 27 32 49 65
0 0 0 0 0 0 0 1 0 1 1 1 3 2 1 3 2 2 1 2 4 7 14 16 11 24 18 11 21 19 27 13 37 23 14 36 26 31 37 59 62 65 70 72 62 45 64 70 65 55 53 41 40 36 30 17 18 21 47 69 70 69 63 52 67 65 34 42 83 47 66 62 57 57 51 44 52 27 25 26 9 6 9 20 22 29 41 43 26 30 44 27 18 22 34 65
0 0 0 0 1 1 1 0 0 1 1 1 2 3 2 7 5 1 1 1 1 10 12 6 15 25 12 30 32 34 53 47 37 19 13 16 34 32 34 32 39 63 50 56 65 37 30 31 48 49 56 49 42 39 22 13 23 36 50 61 83 76 56 56 61 64 62 28 66 17 25 38 47 55 55 57 56 53 38 33 12 7 13 22 25 49 58 48 36 36 43 43 38 22 32 52
0 0 1 1 1 1 1 0 1 0 1 3 6 3 4 6 8 3 7 2 11 17 8 19 23 14 14 4 5 13 38 14 15 10 16 24 15 22 24 26 59 54 42 56 36 41 43 54 54 66 52 53 47 29 25 16 26 41 56 64 74 57 59 64 71 44 45 52 62 31 33 30 28 20 36 47 42 42 25 20 8 14 23 26 31 56 52 25 38 50 34 47 26 29 34 57
0 1 0 0 0 0 0 0 0 1 2 4 10 9 6 16 7 3 7 9 20 8 7 15 14 9 3 7 6 20 23 9 8 23 33 27 34 28 32 47 40 47 64 41 44 45 61 56 66 53 51 50 49 31 12 27 33 65 60 65 67 71 61 73 74 55 39 63 49 32 43 58 54 57 58 53 42 18 14 6 11 25 27 31 36 62 63 24 27 48 35 55 32 33 37 71
0 0 1 1 1 2 1 1 1 1 3 4 6 7 1 2 1 1 5 17 13 7 11 5 16 20 4 5 8 24 11 8 12 31 45 24 26 31 38 22 55 51 38 52 46 60 61 71 69 59 67 51 35 34 20 34 42 61 74 61 65 74 57 47 71 71 40 46 55 60 62 46 46 46 36 42 32 18 7 20 19 29 35 51 45 61 67 37 38 40 23 59 36 36 39 54
1 3 4 9 11 6 3 3 2 2 3 1 3 2 8 2 2 3 9 10 13 9 8 4 5 8 3 6 11 23 10 10 51 38 19 16 24 30 34 42 68 55 61 41 52 71 72 58 58 74 61 43 37 35 23 50 65 58 62 76 66 73 77 53 81 79 47 49 50 57 43 43 58 45 44 26 30 25 15 33 36 34 40 55 45 51 57 51 55 38 36 61 36 39 33 48
6 8 11 4 9 24 8 3 1 3 0 0 2 3 3 1 2 11 16 7 4 10 5 5 11 16 4 4 7 16 19 46 21 10 19 20 12 9 38 37 53 33 68 57 63 74 46 57 70 64 50 46 40 38 37 55 66 66 65 76 63 69 75 68 63 74 50 22 40 68 46 53 53 55 43 44 44 37 26 37 39 52 46 55 43 40 52 53 48 45 41 61 38 31 39 47
1 6 10 1 1 5 7 8 0 0 1 2 2 2 5 3 4 8 6 6 2 3 10 4 18 28 8 5 15 19 33 44 20 21 24 5 6 10 22 43 35 48 61 64 64 59 61 59 62 59 48 46 40 41 45 49 62 77 67 65 81 58 68 72 58 40 18 14 11 33 45 60 55 50 42 39 30 15 25 36 39 53 49 58 44 56 66 67 55 50 39 51 54 21 43 50
1 1 1 2 1 0 0 0 0 1 2 0 0 2 4 3 5 8 2 3 1 4 3 4 13 11 3 4 8 12 8 13 23 17 15 14 11 5 53 19 30 20 58 47 70 54 57 44 63 61 44 43 40 41 45 66 63 77 76 74 72 68 63 64 24 18 38 52 38 43 43 45 48 33 31 25 13 24 38 38 40 55 59 39 54 54 65 66 53 51 38 48 54 25 27 59
1 1 3 1 1 1 0 1 0 1 1 1 0 2 1 1 4 2 3 4 2 9 10 9 16 11 3 3 5 6 6 21 23 17 24 17 27 8 49 27 7 25 60 51 63 55 58 68 60 56 50 44 42 63 62 59 66 66 75 57 67 71 49 42 34 31 38 58 46 34 58 56 67 61 46 15 24 25 39 53 59 45 59 43 56 69 66 62 50 53 38 46 57 49 24 40
0 2 1 2 2 0 0 2 1 1 1 0 0 1 0 2 3 7 2 5 16 6 8 13 29 14 3 5 4 15 15 13 17 39 17 24 27 17 70 45 13 34 22 58 54 46 63 44 57 54 42 46 42 60 74 62 61 60 71 77 53 61 50 33 35 23 31 32 36 29 53 58 63 70 33 22 27 40 36 58 58 57 56 56 41 66 66 68 56 58 27 49 42 42 33 25
1 1 0 0 0 1 1 2 0 1 1 0 1 1 2 3 2 6 1 3 6 14 11 18 13 3 1 1 1 11 17 7 12 20 26 37 18 20 44 52 26 38 21 61 47 39 46 36 53 50 56 42 42 52 60 85 54 60 55 49 60 35 37 32 20 22 38 32 38 33 55 56 35 49 23 21 42 41 40 44 59 57 56 53 53 69 65 75 61 52 35 54 50 27 34 21
1 1 1 0 0 1 0 1 0 1 1 0 1 1 3 3 2 3 2 1 1 2 1 3 2 2 2 1 4 4 13 18 24 17 24 27 15 14 14 68 39 42 38 53 20 50 39 52 55 39 50 39 40 37 63 65 72 57 48 30 45 22 19 29 24 22 35 31 47 40 46 47 36 23 28 42 42 44 43 40 47 58 68 55 52 71 71 73 68 46 32 60 46 42 38 18
1 1 1 0 0 1 1 0 0 2 0 1 0 0 2 2 1 2 5 2 2 2 4 5 5 14 7 2 1 2 7 16 22 22 23 20 20 15 9 39 69 58 40 26 21 32 31 52 38 21 49 38 39 34 48 72 59 64 40 17 23 6 7 7 12 14 27 43 48 52 56 37 23 23 46 46 49 62 58 44 41 54 54 63 69 79 58 75 57 43 36 69 46 56 30 19
0 0 1 0 2 1 0 0 0 0 1 0 1 0 2 1 1 2 1 1 1 2 2 11 17 3 3 2 2 1 1 5 5 21 14 6 21 13 13 23 76 59 30 18 21 35 49 24 36 18 30 43 36 55 58 50 42 42 49 19 22 11 13 7 22 36 34 39 42 34 40 37 17 26 40 41 61 52 49 37 37 26 53 66 63 55 68 72 65 43 31 68 46 51 47 17
0 0 1 0 1 1 0 0 0 0 1 0 0 1 2 2 3 1 1 1 5 4 4 5 4 5 8 4 2 1 7 8 3 8 8 6 30 3 3 22 43 49 34 22 18 64 46 23 18 32 43 46 32 52 70 49 62 26 39 32 19 15 17 10 16 17 20 27 45 46 25 21 25 39 36 40 36 42 30 12 31 38 53 54 63 59 75 69 28 50 27 59 61 30 21 25
0 0 0 0 1 1 0 0 0 0 1 1 1 1 2 2 0 1 2 1 1 1 1 3 6 15 5 2 3 2 12 8 10 14 11 10 15 6 10 13 34 41 40 32 27 75 37 34 22 28 42 35 39 69 70 51 57 31 27 24 14 5 6 30 27 25 32 29 50 23 23 25 41 36 37 35 49 51 40 30 36 53 49 66 61 64 60 72 32 42 33 30 61 21 17 22
0 0 0 0 0 0 0 2 0 1 2 2 1 0 1 2 1 1 1 1 1 1 4 8 12 4 3 6 1 2 6 13 14 26 19 16 20 12 13 20 33 45 31 42 16 42 30 48 34 16 17 43 53 53 61 47 47 28 19 21 11 4 9 15 24 35 36 32 36 35 40 36 37 39 51 23 29 52 39 28 43 47 43 61 50 56 36 51 42 34 64 32 42 20 24 23
0 0 0 0 0 1 1 0 0 2 3 1 0 0 1 1 0 1 0 1 1 2 13 7 6 7 10 13 8 10 3 14 14 26 11 23 18 25 23 21 20 28 29 47 13 41 43 47 36 28 32 46 42 36 52 29 31 30 16 9 4 8 9 10 14 23 22 48 54 40 37 34 35 51 35 19 24 53 53 31 40 44 39 38 61 57 19 25 43 55 49 33 26 15 29 35
