sesion_6_simulaciones/modelos_agentes/ejemplos_netlogo/scenarios/echam4_b2/rob_2015.asc
NCOLS 322 
NROWS 307 
XLLCORNER 451900 
YLLCORNER 4086900 
CELLSIZE 100 
NODATA_value -9999 
[rows 74 to 147 of 307, columns 96 to 191 of 322]
32 62 44 30 26 31 26 54 26 28 24 67 41 74 68 56 22 9 16 25 67 72 52 34 30 17 15 3 14 30 11 9 24 20 14 7 8 9 19 9 10 15 29 10 13 15 20 8 10 24 19 44 66 51 40 25 35 44 58 43 33 83 75 60 63 65 42 57 68 69 58 70 56 67 46 46 56 65 45 37 20 40 55 43 24 10 10 11 6 7 4 5 3 2 0 0
37 39 36 25 16 23 32 39 24 41 43 35 25 30 47 67 43 52 59 75 92 76 74 49 34 25 15 6 20 6 14 60 34 30 30 27 11 6 11 5 9 35 40 38 50 25 20 55 57 15 17 15 26 50 22 26 44 61 46 28 53 56 74 62 65 49 42 56 68 74 48 82 54 62 56 40 62 31 24 51 50 40 16 15 19 17 13 10 16 14 17 18 8 5 1 1
51 33 29 25 19 31 19 45 22 43 52 22 25 48 38 38 48 71 63 74 86 85 85 75 36 24 18 10 17 21 49 60 48 39 35 33 32 11 16 22 17 13 23 10 17 36 28 43 35 32 12 9 25 23 27 29 50 61 32 34 47 31 68 68 62 50 62 56 81 65 41 72 69 59 70 60 32 23 76 48 32 29 46 31 45 44 35 42 43 25 26 22 12 7 3 2
53 20 36 31 24 20 23 33 27 29 68 33 33 36 38 48 72 45 69 71 86 88 71 64 63 19 13 21 40 38 56 25 37 28 39 13 49 26 15 30 12 7 7 5 15 25 46 43 27 55 45 34 26 9 14 22 37 28 31 24 45 26 63 50 46 28 62 66 69 45 35 49 74 45 68 42 42 46 68 40 50 46 41 56 69 63 66 44 37 45 23 22 11 9 5 4
48 29 37 34 42 19 26 29 12 48 65 56 40 28 45 50 53 65 80 56 57 64 74 80 44 35 44 62 70 52 54 32 39 39 11 26 31 30 27 33 28 8 7 12 22 26 45 52 26 66 61 48 55 41 40 16 17 16 23 15 34 22 20 32 23 27 39 60 45 30 38 35 71 56 41 19 52 58 47 47 63 77 84 75 75 71 42 48 50 25 26 14 9 9 8 15
59 60 21 52 56 32 12 31 12 31 26 56 44 36 40 10 46 82 54 62 59 40 65 77 51 34 80 78 76 73 76 53 18 14 20 45 50 16 27 29 35 13 10 24 25 25 32 76 73 65 60 59 71 32 62 52 45 21 10 7 21 30 14 14 25 29 36 42 20 18 34 44 42 34 68 64 31 36 60 69 76 74 69 70 58 66 61 70 44 24 20 12 10 16 32 15
78 82 58 54 21 17 12 11 10 37 18 10 40 53 16 36 74 51 43 39 51 31 17 57 66 73 80 69 77 66 87 81 40 40 51 65 42 32 15 23 48 28 15 21 35 57 35 28 74 53 59 81 69 59 73 45 50 64 55 47 52 19 49 27 19 7 24 32 35 46 30 12 15 16 26 58 63 76 51 77 72 56 76 63 55 55 66 69 48 37 30 20 48 45 13 9
57 51 64 15 10 12 17 14 12 19 18 4 9 21 29 42 26 55 59 47 38 53 15 24 63 78 78 51 44 60 64 47 64 60 65 65 68 64 23 27 60 47 16 17 44 43 27 16 46 25 65 76 60 86 78 51 74 50 37 40 64 29 42 50 40 23 39 45 65 33 46 22 19 23 34 18 26 67 66 71 52 66 78 67 50 58 76 61 52 45 42 47 60 39 13 27
66 64 50 21 20 23 28 20 10 15 24 3 12 25 31 22 21 69 52 38 42 73 45 41 68 92 69 21 46 57 39 44 19 24 84 70 36 38 22 50 68 61 27 27 33 31 26 30 30 54 56 80 84 88 71 70 72 55 70 47 66 48 48 46 43 42 23 36 59 33 63 73 61 48 34 33 29 24 52 84 87 56 71 67 46 78 61 45 55 67 52 68 43 33 22 50
20 34 57 51 7 7 21 22 32 16 16 5 19 46 32 11 18 78 34 53 47 43 33 67 51 61 38 49 63 52 40 36 22 60 90 76 55 34 22 59 43 23 40 19 23 18 22 26 26 42 35 71 71 85 70 69 80 56 74 66 61 61 39 42 49 25 59 31 49 61 75 75 58 41 45 30 26 35 24 74 68 64 42 64 77 44 51 54 64 53 56 43 27 33 33 75
10 14 22 30 38 7 15 9 7 25 24 9 16 41 31 18 28 74 43 46 27 18 70 72 65 56 29 62 64 50 26 16 62 90 88 86 81 54 54 64 57 18 40 31 32 42 31 22 30 12 8 34 76 87 62 69 61 67 86 75 62 55 34 25 64 34 72 52 44 61 78 75 40 33 42 38 39 41 31 31 69 81 76 57 34 67 76 74 63 71 27 46 43 60 41 72
7 11 20 12 27 28 20 19 8 17 33 7 16 48 28 36 30 41 52 64 60 19 39 49 77 67 63 68 70 74 47 81 90 81 78 88 82 56 40 66 49 23 42 31 34 41 38 25 30 21 23 42 75 80 57 52 54 86 83 80 58 28 48 63 74 54 82 71 61 43 76 61 66 62 60 41 42 45 32 30 40 75 64 79 73 49 74 36 72 40 35 59 45 76 47 60
5 3 2 2 7 18 7 3 6 12 16 9 25 54 30 10 24 21 43 57 67 58 28 35 38 42 71 84 60 60 78 86 86 72 79 80 63 80 62 65 50 71 56 64 40 50 57 55 38 36 25 44 65 88 67 49 77 70 86 72 57 42 43 57 83 60 75 70 63 44 68 56 48 24 55 30 17 40 34 23 14 57 74 66 52 83 62 59 62 59 58 69 72 76 75 41
4 1 0 1 5 5 1 2 4 8 5 13 44 39 10 5 11 17 40 45 57 82 49 26 23 33 73 73 81 42 82 70 69 67 87 82 64 78 54 63 60 89 50 76 57 51 43 30 31 28 24 19 46 80 65 75 65 79 90 65 43 47 59 77 74 57 70 65 55 23 27 34 56 57 68 47 26 40 46 47 52 17 60 67 62 75 84 86 91 76 85 87 74 41 77 29
5 4 1 1 5 3 2 4 6 4 7 13 26 32 9 3 30 29 21 27 35 49 67 64 45 31 51 63 78 75 72 84 82 56 58 48 52 74 32 48 89 78 62 52 41 56 40 49 53 54 53 24 31 59 55 66 67 82 83 64 57 71 72 79 78 48 62 67 56 30 27 45 63 59 50 77 39 28 40 47 48 31 23 59 67 84 79 55 55 67 67 82 74 42 52 65
7 2 2 1 2 1 1 8 4 4 3 7 46 22 6 3 26 12 21 32 32 46 57 56 58 33 41 20 37 70 57 65 71 62 63 60 46 37 51 85 51 76 45 28 40 70 57 56 60 60 46 42 24 27 26 48 66 73 81 56 46 60 59 86 81 53 61 77 37 15 17 38 35 51 85 73 46 42 22 56 39 52 49 19 53 77 76 73 72 68 49 46 60 37 22 39
3 3 1 1 1 0 0 5 4 1 8 19 42 34 6 2 12 3 12 46 44 45 17 27 51 37 39 29 59 87 79 73 48 63 46 30 37 30 63 46 41 45 24 58 80 64 61 60 46 34 31 29 25 21 8 12 43 61 79 44 67 64 81 89 87 52 77 62 53 31 20 29 52 72 89 50 46 77 37 47 44 51 58 38 17 58 64 51 33 46 42 39 29 40 37 32
7 5 2 1 1 0 0 1 3 3 5 23 14 10 15 4 16 3 1 7 11 38 21 17 19 11 26 42 74 85 58 68 75 68 62 33 19 32 75 23 51 57 69 77 78 59 78 38 30 36 64 58 64 59 51 20 7 5 29 43 49 65 80 88 86 59 89 64 64 52 29 30 51 87 73 38 72 65 46 33 55 59 57 45 32 11 28 48 41 41 24 36 56 63 47 43
3 3 1 1 1 0 0 0 1 5 8 11 9 4 3 2 15 4 2 14 11 14 10 15 22 18 16 40 19 45 53 49 54 46 12 22 38 45 48 27 66 65 81 67 62 49 85 75 74 58 59 55 53 34 37 12 5 5 7 27 56 83 76 86 76 51 78 71 38 32 34 54 49 72 43 57 80 70 73 71 56 61 46 42 44 31 9 16 19 26 41 50 57 57 53 40
2 1 1 1 1 0 0 0 0 1 4 8 8 5 2 1 15 3 1 6 4 6 7 12 8 21 21 28 18 6 15 19 15 11 29 39 63 76 48 48 29 65 91 60 37 80 75 65 78 60 59 46 31 35 32 35 17 8 8 47 75 71 82 88 81 79 76 81 64 26 42 34 40 22 33 74 72 42 69 38 49 45 43 40 46 34 39 16 6 26 41 63 69 57 53 24
3 1 2 3 2 2 1 1 1 1 2 5 3 3 2 1 5 2 1 2 4 4 3 4 5 13 15 16 17 12 4 3 6 19 29 66 78 49 56 64 43 81 86 57 71 67 68 48 85 64 72 56 65 68 65 47 26 9 11 20 61 55 82 82 76 67 76 80 69 39 27 42 50 48 53 61 71 86 54 61 38 31 49 42 30 46 57 47 16 14 19 15 26 29 32 24
10 7 4 8 6 4 4 3 2 0 1 2 1 2 1 2 1 1 1 2 2 2 1 2 4 6 8 9 10 19 3 5 7 20 73 79 53 34 64 71 56 69 77 61 54 70 64 59 85 67 56 69 56 64 64 45 27 11 7 9 12 49 70 75 70 57 75 65 40 15 26 54 29 53 74 68 77 58 37 74 43 41 46 47 71 53 32 36 41 37 29 10 5 5 10 11
17 7 12 12 14 7 10 5 2 2 0 0 0 1 1 1 1 1 0 1 2 2 1 1 1 1 9 7 7 3 5 2 11 60 55 59 18 45 80 60 43 46 56 22 33 84 55 79 85 77 54 69 78 49 23 22 24 24 18 10 12 23 45 55 61 55 35 43 20 18 38 41 38 59 69 77 61 51 62 72 63 39 51 77 73 68 50 43 46 43 50 39 20 7 3 6
19 20 25 13 20 15 9 6 5 4 4 2 1 0 0 0 1 1 0 0 1 0 0 1 1 1 6 10 4 3 6 1 16 44 30 15 22 63 80 62 29 37 33 26 75 67 52 55 89 88 47 52 52 67 46 23 6 10 12 19 16 19 14 24 14 30 38 33 14 30 47 47 44 45 68 61 54 66 40 27 65 62 64 72 73 56 54 45 33 37 45 35 26 11 9 2
34 21 29 30 23 13 10 13 6 6 3 3 2 1 0 0 0 1 0 0 1 1 0 1 0 1 1 6 1 2 6 2 8 23 9 13 21 38 38 43 33 35 20 62 68 26 56 89 87 82 84 34 18 22 16 18 7 10 19 28 17 26 13 9 8 18 13 13 11 37 38 57 32 57 64 59 72 40 53 45 72 45 42 44 51 68 67 47 36 25 42 31 32 24 19 7
26 16 36 34 12 15 6 6 13 8 4 4 3 3 2 1 0 0 0 0 0 0 0 0 0 0 0 0 1 6 3 1 2 2 4 20 24 37 76 49 40 28 40 45 41 43 55 90 83 77 93 70 41 50 41 22 9 6 3 8 31 15 10 6 8 15 10 9 16 27 43 53 47 25 35 36 45 44 46 58 22 68 53 59 60 67 60 63 67 44 40 39 38 43 21 13
15 28 61 34 27 12 25 11 17 14 6 5 4 1 1 1 1 1 1 1 1 0 0 0 0 0 0 0 1 6 1 1 2 1 7 22 30 8 23 22 31 23 25 39 29 42 65 86 80 80 87 88 41 25 19 12 11 13 9 1 3 6 7 7 7 9 7 8 10 25 36 52 48 53 18 30 49 47 30 40 67 48 42 65 67 63 65 71 60 70 54 61 55 46 30 21
21 35 57 32 26 22 11 13 20 13 9 8 5 3 1 2 1 2 1 1 1 1 1 1 1 1 0 0 0 3 1 1 2 2 5 8 7 9 8 4 20 31 18 12 21 65 81 81 71 63 80 81 58 38 39 41 33 19 14 4 1 6 4 3 7 5 4 7 15 22 23 33 31 31 44 42 36 58 86 85 77 82 63 62 58 55 60 66 76 64 75 66 55 49 43 38
25 51 21 23 29 19 16 9 16 15 5 3 7 3 2 2 2 2 2 2 2 2 2 1 1 1 0 0 0 1 0 1 2 2 4 4 5 9 9 3 7 34 22 7 30 40 80 71 25 23 37 67 82 69 47 40 30 16 8 3 1 6 3 1 3 3 5 12 17 22 23 28 36 54 68 72 64 83 82 80 74 61 53 36 40 61 77 68 65 69 74 73 68 67 54 44
56 22 28 22 15 22 21 12 5 6 8 8 7 6 2 3 2 2 3 5 4 2 4 2 3 1 1 0 0 1 0 0 1 2 4 5 9 8 8 2 4 9 18 5 19 23 55 25 12 15 40 55 80 71 60 38 31 18 8 6 1 2 2 1 5 4 7 19 17 22 24 26 58 66 83 67 76 71 76 60 31 28 37 56 31 62 69 64 78 85 75 57 38 28 20 16
20 26 39 57 44 28 8 5 6 15 12 10 4 7 6 5 5 8 6 6 6 6 4 4 4 2 1 1 0 0 0 0 0 1 3 11 18 9 9 3 3 2 4 1 5 11 7 12 16 29 35 64 84 71 61 57 45 29 24 9 2 1 2 1 3 5 9 7 8 15 34 38 47 53 58 65 68 61 44 34 44 39 63 60 84 66 50 72 86 73 57 56 52 43 35 28
46 54 44 14 11 16 17 7 11 18 16 12 10 11 9 12 6 10 9 13 4 9 8 6 4 2 1 0 0 0 0 0 0 1 2 4 5 7 10 5 5 4 4 1 3 7 12 41 59 62 84 65 85 80 71 51 47 24 16 8 2 2 2 1 1 2 3 9 17 17 27 52 30 38 40 57 62 25 16 31 32 49 74 63 80 61 83 69 73 60 58 59 50 53 51 40
48 29 35 30 28 15 19 9 23 24 21 20 32 16 21 17 14 24 18 9 10 11 14 4 5 3 2 0 0 0 0 0 0 0 1 2 5 12 11 3 2 3 3 2 3 9 33 21 48 52 56 51 90 80 70 37 20 13 8 2 2 1 0 0 0 1 4 16 25 19 24 47 40 27 25 36 25 30 54 55 41 72 68 60 71 80 66 67 62 58 47 55 56 62 51 64
28 23 14 11 9 8 4 15 30 27 28 40 27 32 28 28 31 11 9 22 14 17 14 5 3 2 2 1 1 1 0 0 0 0 1 1 1 3 6 3 2 2 2 3 7 9 5 14 27 74 38 57 81 58 61 44 24 11 4 2 1 1 0 0 0 1 4 8 28 18 19 8 17 28 23 38 44 48 47 45 50 73 63 55 63 62 41 74 43 50 59 66 66 45 72 71
16 23 30 32 26 13 11 19 32 51 48 46 30 37 55 50 25 14 15 31 20 9 9 6 3 2 2 2 1 1 1 0 0 0 1 1 0 1 1 0 1 1 1 2 6 5 7 15 55 16 14 43 83 61 40 19 11 9 8 5 1 1 0 0 0 1 2 4 9 15 14 10 25 21 29 41 57 71 70 72 73 87 62 40 38 49 66 85 82 60 58 60 50 56 62 56
30 48 33 51 23 21 22 37 39 57 53 22 23 42 40 27 20 19 27 48 16 11 8 7 4 3 2 2 1 1 0 0 1 0 0 0 1 0 0 0 0 1 1 1 2 4 9 5 37 11 24 57 79 44 18 17 11 4 3 3 2 1 0 0 0 0 1 1 4 7 14 19 32 31 62 66 81 50 37 30 82 79 77 50 20 53 75 91 86 79 85 54 71 53 44 78
51 51 69 57 29 46 46 49 68 61 44 31 33 53 35 47 15 25 54 22 14 10 11 9 9 5 3 2 1 1 1 1 1 0 0 0 0 0 0 0 0 1 1 1 1 3 6 5 3 8 29 65 73 38 24 16 6 5 4 2 2 0 0 0 0 0 1 3 7 11 17 25 38 52 64 59 30 33 29 75 76 79 81 83 39 57 83 83 74 68 69 69 49 53 34 49
68 67 45 35 39 52 51 69 41 53 23 46 48 75 58 37 19 49 13 9 22 12 7 5 5 4 4 3 3 2 2 2 1 1 0 0 0 0 0 0 0 0 0 1 2 6 2 6 1 3 14 43 83 71 28 14 8 2 3 1 1 1 1 0 0 0 2 6 16 21 22 29 38 37 36 44 41 58 74 79 74 77 66 81 69 61 63 34 20 19 56 81 68 46 29 30
75 62 45 32 44 61 68 19 61 29 35 54 69 71 46 26 51 39 22 8 7 12 3 3 6 6 8 4 5 4 3 3 1 1 1 0 0 0 0 0 0 0 0 1 1 3 1 3 1 4 10 5 46 52 21 9 3 2 2 1 1 1 0 0 0 1 3 5 8 12 16 19 26 33 59 68 65 67 74 62 68 57 43 70 62 41 35 45 61 68 85 39 54 49 27 23
47 61 44 39 56 75 76 32 66 58 70 57 81 50 37 42 54 20 21 15 39 17 8 5 8 15 10 12 9 10 4 1 0 2 1 1 1 0 0 0 0 0 0 1 1 0 1 3 0 3 3 25 39 17 15 10 8 4 2 1 1 1 1 0 0 0 1 3 6 8 11 15 28 29 28 30 33 38 84 44 65 73 53 46 33 23 61 67 65 80 79 59 43 57 54 50
86 45 61 65 73 54 52 62 62 56 58 59 54 49 44 70 30 37 29 53 42 18 22 14 7 21 25 21 31 15 9 2 1 1 1 1 1 1 1 0 0 0 0 1 0 1 5 1 0 3 16 29 42 9 9 12 6 4 2 1 1 1 0 0 0 0 0 1 3 5 2 7 6 9 23 39 42 47 72 64 53 70 86 41 23 43 51 57 76 69 64 76 56 56 42 51
79 93 88 91 86 59 22 13 57 37 65 73 83 75 62 68 65 74 54 65 45 40 34 27 24 32 46 51 18 17 8 4 4 2 1 1 0 1 1 0 0 0 0 0 0 0 0 0 0 2 7 32 32 6 9 8 7 3 1 2 1 1 0 0 0 0 1 2 4 9 12 19 34 32 22 27 43 77 71 74 76 57 59 68 31 37 62 63 51 36 74 86 56 44 55 62
63 86 72 80 79 61 76 36 55 45 22 36 78 84 87 62 47 49 61 61 58 51 59 39 50 48 60 37 31 24 16 9 5 5 5 1 1 1 1 0 0 0 0 0 1 0 0 0 0 1 5 3 12 4 12 5 7 5 2 1 1 1 0 0 0 0 2 4 7 14 30 26 16 33 58 41 58 76 76 89 78 65 55 41 8 18 24 45 67 81 87 63 85 56 52 59
45 84 66 76 77 68 86 64 39 70 49 39 62 73 70 61 70 46 72 84 84 65 52 36 73 56 55 39 25 16 16 10 9 8 6 4 2 1 1 1 0 0 0 0 0 0 1 0 0 0 1 2 15 7 17 12 5 5 2 2 0 0 0 0 0 1 2 3 6 15 34 43 53 49 68 74 79 77 71 86 84 51 32 22 10 18 45 67 58 90 59 72 83 85 59 57
47 79 68 60 78 54 59 25 42 72 53 28 10 48 60 59 67 50 44 73 80 39 66 30 61 46 59 37 29 10 13 23 22 18 13 4 1 1 1 1 0 0 0 0 1 0 0 0 0 0 1 4 16 3 4 2 5 6 5 1 0 0 0 0 0 1 2 3 7 12 23 42 37 27 29 44 83 59 82 82 89 84 22 13 10 27 58 38 69 84 70 79 65 59 45 65
13 37 26 47 68 55 51 14 42 79 39 21 12 22 58 53 57 52 22 26 51 32 30 50 21 18 66 31 14 7 3 5 10 7 6 6 3 3 2 1 0 0 0 0 0 0 0 0 0 0 1 5 4 8 4 1 2 1 1 0 1 0 0 0 0 1 1 2 4 7 13 11 19 35 42 60 89 90 74 65 78 82 57 13 6 18 19 44 78 63 58 26 20 30 43 61
13 36 60 44 52 36 62 39 49 79 58 28 21 19 52 71 37 6 7 16 24 12 18 62 22 10 47 32 37 8 1 5 15 10 4 8 6 4 1 0 0 0 0 0 0 0 0 0 0 1 2 4 2 2 2 2 0 0 1 1 0 0 0 0 0 0 1 1 1 5 11 17 36 40 53 82 90 89 84 48 50 61 50 21 5 11 30 55 50 25 27 59 61 58 65 77
21 11 11 14 22 32 63 22 51 54 82 42 20 14 15 13 8 7 7 17 14 12 8 49 12 27 33 24 38 48 12 6 7 5 6 8 5 3 2 1 0 0 0 0 0 0 0 0 0 0 2 4 0 1 1 3 1 0 0 0 0 0 0 0 0 1 5 4 7 18 33 60 70 52 70 94 90 89 81 59 13 24 41 34 7 13 28 49 35 41 87 64 46 52 42 79
23 26 10 9 18 31 52 41 27 38 71 43 11 5 16 17 6 18 5 7 11 9 8 46 10 7 29 18 25 38 16 11 13 4 2 2 1 1 1 1 1 0 0 0 0 0 0 0 0 0 1 2 0 1 1 0 1 1 0 0 0 0 0 0 0 1 2 7 23 38 72 48 31 49 81 93 87 76 74 73 54 12 36 33 6 13 30 26 23 69 69 50 62 78 22 10
22 28 17 10 13 8 41 51 39 13 70 32 8 2 11 11 16 19 11 7 7 11 2 12 34 2 6 8 25 54 13 2 6 3 5 5 3 2 1 1 1 0 0 0 0 0 0 0 0 0 2 2 0 0 1 0 1 0 0 0 0 0 0 0 0 1 2 9 24 23 12 18 46 58 77 79 82 70 59 42 55 17 11 12 10 23 17 13 53 84 43 57 65 73 65 21
31 19 16 6 5 6 26 56 20 15 48 43 20 2 9 9 22 16 12 7 7 15 5 6 55 6 10 9 21 25 28 15 12 12 8 5 4 3 2 0 0 0 0 0 0 0 0 0 0 1 2 2 0 1 0 0 0 0 0 0 0 0 0 0 0 1 8 12 10 7 21 34 55 88 78 61 77 44 23 18 42 19 10 2 2 15 17 34 77 50 43 55 78 62 63 29
57 10 16 7 4 6 13 19 4 4 56 29 3 1 8 10 22 15 21 13 15 10 10 7 15 9 3 8 13 13 20 25 10 5 4 2 3 2 2 1 0 0 0 0 0 0 0 0 0 0 1 1 0 0 0 0 0 0 0 0 0 0 0 0 0 2 4 3 2 5 28 46 80 85 82 58 32 50 14 14 35 11 3 1 5 22 33 49 61 19 52 84 73 68 77 38
11 16 6 5 4 3 4 7 5 8 32 10 4 1 5 7 17 4 13 8 7 10 9 5 11 17 6 2 1 7 8 19 6 4 4 3 1 1 1 1 0 0 0 0 0 0 0 0 0 1 1 0 0 0 0 0 0 0 0 0 0 0 0 0 1 2 1 0 3 17 35 47 82 84 65 46 27 33 34 7 10 6 2 1 7 10 28 53 30 30 72 64 62 65 58 50
9 6 11 11 3 3 1 2 1 2 7 3 8 3 2 4 16 4 3 9 3 2 1 9 13 18 2 1 0 2 10 19 17 7 3 1 1 1 0 0 0 0 0 0 0 0 0 0 0 0 1 0 0 0 0 0 0 0 0 0 0 0 0 0 1 0 0 1 7 19 40 74 72 70 57 45 24 15 27 9 4 4 1 1 6 9 29 39 29 22 28 47 43 38 54 62
17 8 5 12 12 6 4 1 1 3 2 2 7 8 2 3 7 8 2 2 2 2 2 23 9 9 5 0 0 0 2 3 13 11 5 2 1 1 0 0 1 0 0 0 0 0 0 0 0 0 0 0 0 0 0 0 0 0 0 0 0 0 0 0 0 0 0 2 9 39 53 77 74 52 28 10 7 6 8 8 5 1 1 1 4 6 17 19 13 8 22 21 16 31 51 68
18 10 4 5 6 11 4 1 0 2 3 1 1 3 1 2 4 5 2 1 1 1 1 2 1 2 6 1 1 1 0 2 9 12 4 2 2 4 3 1 0 0 0 0 0 0 0 0 0 0 0 0 0 0 0 0 0 0 0 0 0 0 0 0 0 0 0 1 9 62 65 62 74 60 27 9 2 1 2 4 3 1 0 0 2 5 10 5 3 17 28 37 67 56 71 66
45 16 7 2 4 7 12 1 1 3 3 2 0 1 1 1 2 6 1 1 1 0 0 1 0 0 3 2 0 1 0 0 3 17 8 3 1 1 1 0 0 0 0 0 0 0 0 0 0 0 0 0 0 0 0 0 0 0 0 0 0 0 0 0 0 1 1 8 25 33 72 77 54 63 49 19 7 2 1 1 2 1 0 0 0 1 2 1 4 16 23 65 69 60 58 64
26 62 13 5 1 2 2 1 1 2 2 1 2 1 1 0 0 4 2 1 0 0 0 1 1 0 1 2 0 1 0 0 1 4 12 6 2 2 2 1 0 0 0 0 0 0 0 0 0 0 0 0 0 0 0 0 0 0 0 0 0 0 0 0 0 1 3 3 7 29 59 54 39 34 52 19 6 2 1 0 0 0 0 0 0 0 1 1 8 17 49 58 37 53 65 67
4 37 45 18 4 2 0 3 1 1 1 1 2 1 1 0 0 4 2 1 0 0 0 0 1 0 1 1 1 1 0 0 1 1 1 8 2 1 1 1 0 0 0 0 0 0 0 0 0 0 0 0 0 0 0 0 0 0 0 0 0 0 0 0 0 0 0 3 24 41 45 42 28 24 22 15 6 2 2 0 0 0 0 0 1 2 3 2 6 21 24 17 24 50 71 63
2 14 18 32 8 3 1 3 2 1 1 1 1 1 1 1 0 1 3 0 0 0 0 0 1 0 0 1 0 1 1 0 1 1 1 1 7 3 2 1 0 0 0 0 0 0 0 0 0 0 0 0 0 0 0 0 0 0 0 0 0 0 0 0 0 0 1 3 21 45 45 60 37 8 6 8 4 3 2 1 0 0 0 0 1 2 8 15 6 5 5 17 35 53 79 58
5 7 5 14 4 2 2 2 2 1 1 1 1 1 1 1 1 1 1 1 0 0 0 0 1 1 0 0 0 0 1 0 0 0 1 2 2 0 3 1 0 0 0 0 0 0 0 0 0 0 0 0 0 0 0 0 0 0 0 0 0 0 0 0 0 0 1 6 20 35 68 55 48 18 4 2 3 2 1 1 0 0 0 0 1 3 10 26 28 19 23 17 38 54 82 69
2 5 1 5 5 4 3 2 1 1 1 0 0 1 1 1 0 1 0 1 0 0 0 0 0 1 0 0 0 0 0 0 0 0 1 2 2 1 4 0 0 0 0 0 0 0 0 0 0 0 0 0 0 0 0 0 0 0 0 0 0 0 0 0 0 0 1 3 17 14 50 46 30 20 17 4 2 1 0 0 0 0 0 0 2 5 13 23 44 37 39 37 37 69 92 79
4 2 2 1 2 1 1 1 5 3 1 0 0 0 0 1 0 0 0 0 0 0 0 0 0 0 0 0 0 0 0 0 0 0 3 4 1 1 0 1 1 0 0 0 0 0 0 0 0 0 0 0 0 0 0 0 0 0 0 0 0 0 0 0 0 0 1 8 22 32 39 43 31 14 6 6 2 1 0 0 0 0 0 0 1 3 8 16 29 22 45 52 75 92 91 75
1 2 1 1 1 0 1 0 1 1 0 0 0 0 0 0 0 0 0 0 0 0 0 0 0 0 0 0 0 0 0 0 0 1 1 2 3 7 6 3 0 0 0 0 0 0 0 0 0 0 0 0 0 0 0 0 0 0 0 0 0 0 0 0 0 1 4 14 21 38 38 37 30 15 3 2 2 0 0 0 0 0 1 1 1 1 2 4 9 25 33 66 67 89 88 65
1 1 0 1 0 0 0 0 0 0 0 0 0 0 0 0 0 0 0 0 0 0 0 0 0 0 0 0 0 0 0 0 0 0 0 0 0 0 0 0 0 0 0 0 0 0 0 0 0 0 0 0 0 0 0 0 0 0 0 0 0 0 0 0 0 0 2 4 16 30 15 38 14 8 2 1 1 0 0 0 0 0 1 2 7 4 6 8 18 45 57 64 77 77 65 47
0 0 0 0 0 0 0 0 0 0 0 0 0 0 0 0 0 0 0 0 0 0 0 0 0 0 0 0 0 0 0 0 0 0 0 0 0 0 0 0 0 0 0 0 0 0 0 0 0 0 0 0 0 0 0 0 0 0 0 0 0 0 0 0 0 1 1 3 8 8 11 15 10 4 1 0 0 0 0 0 0 0 0 1 3 10 24 23 44 71 69 53 65 46 45 31
0 0 0 0 0 0 0 0 0 0 0 1 0 1 0 0 0 0 0 0 0 0 0 0 0 0 0 0 0 0 0 0 0 0 0 0 0 0 0 0 0 0 0 0 0 0 0 0 0 0 0 0 0 0 0 0 0 0 0 0 0 0 0 0 0 1 1 6 5 6 10 5 5 1 0 0 0 0 0 0 0 0 1 2 3 13 55 56 19 30 74 83 49 15 14 21
2 1 0 0 0 0 0 1 1 1 2 2 3 2 1 1 0 0 0 0 0 0 0 0 0 0 0 0 0 0 0 0 0 0 0 0 0 0 0 0 0 0 0 0 0 0 0 0 0 0 0 0 0 0 0 0 0 0 0 0 0 0 0 0 0 1 1 1 2 3 3 2 2 1 0 0 0 0 0 0 0 1 2 4 14 23 18 5 13 51 86 78 72 14 5 6
3 1 0 2 2 2 2 2 2 3 3 3 3 6 2 1 1 1 0 0 0 0 0 0 0 0 0 0 0 0 0 0 0 0 0 0 0 0 0 0 0 0 0 0 0 0 0 0 0 0 0 0 0 0 0 0 0 0 0 0 0 0 0 0 0 1 2 1 1 1 1 1 0 0 0 0 0 0 0 0 1 1 4 12 12 4 2 6 22 72 81 58 33 25 2 1
5 3 1 4 4 8 5 5 10 6 10 6 10 5 3 2 3 1 0 0 0 0 0 0 0 0 0 0 0 0 0 0 0 0 0 0 0 0 0 0 0 0 0 0 0 0 0 0 0 0 0 0 0 0 0 0 0 0 0 0 0 0 0 0 0 1 2 2 0 1 1 0 0 0 0 0 0 0 0 0 1 3 3 2 1 1 3 14 35 57 57 43 13 23 4 1
10 6 4 11 23 42 27 20 34 23 19 12 29 18 15 8 2 1 1 2 1 0 0 0 0 0 0 0 0 0 0 0 0 0 0 0 0 0 0 0 0 0 0 0 0 0 0 0 0 0 0 0 0 0 0 0 0 0 0 0 0 0 0 0 0 1 2 1 0 0 0 0 0 0 0 0 0 0 0 0 1 1 1 0 1 3 9 33 51 36 36 14 6 7 9 1
39 43 28 21 26 24 12 7 24 12 11 11 11 20 19 4 3 4 3 3 1 0 0 0 0 0 0 0 0 0 0 0 0 0 0 0 0 0 0 0 0 0 0 0 0 0 0 0 0 0 0 0 0 0 0 0 0 0 0 0 0 0 0 0 0 1 3 2 0 1 0 0 0 0 0 0 0 0 0 0 0 0 0 1 2 5 11 53 52 74 22 3 2 2 3 1
34 21 43 23 21 27 23 15 10 6 12 18 9 6 12 25 16 4 1 1 1 0 0 0 0 0 0 0 0 0 0 0 0 0 0 0 0 0 0 0 0 0 0 0 0 0 0 0 0 0 0 0 0 0 0 0 0 0 0 0 0 0 0 0 0 0 1 3 1 0 0 0 0 0 0 0 0 0 0 0 0 0 1 2 3 5 25 25 37 45 35 4 1 0 2 1
34 8 30 31 9 3 9 12 15 12 6 4 27 7 8 18 6 4 2 1 1 0 0 0 0 0 0 0 0 0 0 0 0 0 0 0 0 0 0 0 0 0 0 0 0 0 0 0 0 0 0 0 0 0 0 0 0 0 0 0 0 0 0 0 0 0 0 1 1 0 0 0 0 0 0 0 0 0 0 0 0 0 1 2 6 16 25 19 13 10 27 6 1 0 0 0
