sesion_6_simulaciones/modelos_agentes/ejemplos_netlogo/scenarios/echam4_b2/rob_2054.asc
NCOLS 322 
NROWS 307 
XLLCORNER 451900 
YLLCORNER 4086900 
CELLSIZE 100 
NODATA_value -9999 
[rows 0 to 73 of 307, columns 96 to 191 of 322]
2 0 0 0 0 0 0 0 0 0 1 1 2 5 8 2 4 2 2 1 3 2 2 4 1 1 1 1 2 2 1 1 1 2 1 1 1 2 3 1 1 5 29 40 53 39 57 49 61 36 32 42 20 7 14 12 19 4 7 5 5 3 2 1 7 12 17 3 3 14 21 11 10 15 13 11 14 19 10 54 43 27 40 44 54 38 41 44 50 65 40 30 23 8 15 30
0 0 0 0 0 1 0 0 0 0 0 1 4 4 4 3 1 1 1 1 2 0 1 1 2 1 1 1 1 4 2 1 1 1 1 1 1 2 3 3 5 11 14 19 72 75 73 64 84 50 65 46 14 11 36 5 4 5 2 3 1 3 2 1 4 2 3 11 10 10 7 21 39 18 29 39 47 21 23 28 28 25 42 46 56 40 40 50 53 45 52 40 47 23 30 31
0 0 0 0 0 0 0 0 0 0 0 0 1 2 1 1 1 3 3 4 5 1 1 1 1 1 1 0 1 2 4 3 0 1 5 4 4 5 8 9 17 27 20 25 6 4 10 30 85 68 65 62 17 43 31 27 11 4 4 4 3 10 37 26 34 15 9 22 5 10 10 11 22 21 29 48 63 62 37 27 28 28 42 43 52 44 45 61 39 38 49 37 43 44 30 32
0 0 0 0 0 0 0 0 0 0 0 0 0 1 1 2 2 4 4 4 1 0 1 2 0 1 1 1 1 1 2 2 1 4 5 4 11 12 24 40 54 60 43 11 5 6 3 5 29 9 15 14 6 15 32 6 21 2 2 4 8 17 54 52 51 58 45 21 26 17 16 21 16 18 29 33 41 22 16 27 36 36 52 54 53 42 39 49 35 31 48 49 32 41 25 41
0 0 0 0 0 0 0 0 1 0 1 0 0 0 2 2 1 7 3 2 2 1 1 3 2 1 1 1 1 2 5 3 1 5 11 12 16 28 54 69 75 63 50 21 12 4 6 18 10 7 9 12 3 25 8 14 19 9 1 3 24 45 32 56 43 20 50 16 27 39 34 19 19 12 31 24 30 25 29 34 41 35 71 54 38 40 39 53 38 39 49 60 26 45 48 55
0 0 0 0 0 0 0 0 1 1 0 1 0 1 1 1 2 2 4 3 1 1 3 2 2 2 1 1 0 1 2 4 5 2 18 30 36 57 71 62 71 70 65 35 12 15 13 14 15 12 16 30 5 9 8 17 7 7 5 6 32 45 12 5 8 17 21 7 7 17 4 21 48 28 24 14 18 21 23 38 32 38 45 44 50 38 37 57 52 33 50 32 43 44 67 28
0 0 0 0 0 0 0 0 0 1 1 0 0 0 0 1 1 2 4 3 4 2 1 1 2 2 2 1 1 0 1 5 7 5 14 56 65 69 64 68 69 68 33 16 20 47 20 31 25 24 17 20 18 18 22 13 5 10 15 7 4 6 5 9 4 6 29 45 21 21 7 17 13 5 29 30 31 30 18 34 28 19 27 24 42 47 36 51 49 26 52 41 48 39 26 22
0 0 0 0 0 0 0 0 0 0 5 4 2 1 1 0 0 1 1 1 4 11 3 5 6 3 2 1 1 1 1 2 7 23 18 43 58 67 67 65 58 26 27 21 47 39 28 52 36 31 15 18 36 36 20 18 14 35 45 45 23 8 2 1 9 5 22 9 25 13 21 10 5 12 7 27 35 69 45 18 34 37 26 28 57 35 38 40 49 50 39 29 10 19 21 16
0 0 0 0 0 0 0 0 0 0 1 4 11 7 2 4 1 0 0 2 3 2 2 3 2 1 1 1 1 2 4 4 16 46 64 35 18 31 22 23 36 23 17 30 60 50 25 36 38 26 21 13 67 34 23 35 27 39 10 20 46 31 13 1 7 9 5 5 3 8 25 20 7 7 23 10 18 21 28 57 49 75 35 43 27 15 24 69 39 41 36 73 49 29 21 27
0 0 0 0 0 0 0 0 0 0 0 0 0 0 0 0 1 0 0 1 1 1 2 1 3 1 2 1 2 3 4 21 24 24 46 38 35 36 19 20 11 10 16 33 65 43 16 17 25 32 28 18 24 78 63 61 11 21 7 36 27 30 7 9 2 5 4 2 7 15 14 17 22 16 25 38 13 14 53 59 32 63 44 35 16 21 16 28 29 49 23 40 75 67 24 17
0 0 0 0 0 0 0 0 0 0 0 0 0 0 0 0 0 0 2 0 1 1 1 1 2 1 1 1 4 8 18 27 63 52 30 28 29 51 48 32 21 9 7 11 42 17 15 23 30 23 33 17 29 37 80 62 24 15 19 39 13 15 10 3 5 7 9 4 16 27 25 31 16 11 31 47 29 12 12 47 32 24 46 55 24 27 18 24 65 52 46 36 68 82 56 29
0 0 0 0 0 0 0 0 0 0 0 0 1 1 1 0 1 2 2 1 4 1 1 1 1 1 1 1 3 29 38 39 43 38 30 24 28 47 47 36 21 11 12 22 26 14 14 40 20 24 48 21 32 49 28 44 26 22 29 26 10 9 22 14 7 5 17 14 21 57 67 68 15 24 39 47 29 17 18 56 32 8 33 59 26 31 29 25 50 33 26 34 56 63 63 53
0 0 0 0 0 0 0 0 0 0 1 0 0 0 0 1 2 2 4 2 9 9 1 1 1 1 1 2 6 22 50 31 34 29 30 41 50 22 28 48 20 9 10 34 28 13 23 25 28 39 55 43 42 64 44 36 37 30 40 15 11 12 20 17 9 7 6 17 35 24 46 46 30 21 22 47 24 21 8 17 31 7 44 69 29 30 42 28 21 49 36 17 23 39 60 71
0 0 0 0 0 0 0 0 0 0 1 0 0 0 0 0 2 1 8 2 1 1 4 2 1 1 2 9 17 17 25 30 23 12 14 15 16 12 10 17 21 4 3 3 13 10 17 20 52 67 72 68 52 54 33 48 49 37 33 30 10 8 24 25 18 16 8 9 13 8 3 3 19 28 23 31 20 31 20 11 5 9 21 58 61 28 37 40 28 24 46 25 37 56 79 61
0 0 0 0 0 0 0 0 0 0 0 0 0 0 1 0 0 1 8 3 1 5 7 3 2 2 3 4 18 25 13 8 8 12 18 16 16 14 7 2 16 3 11 7 2 4 18 36 42 72 71 66 55 63 42 65 61 46 44 47 8 20 29 30 18 13 6 8 5 3 3 18 44 38 31 36 37 30 15 15 26 9 26 57 66 31 16 20 26 21 16 14 32 47 56 51
0 0 0 0 0 0 0 0 0 0 0 0 0 0 0 0 1 1 1 1 1 2 1 8 4 5 2 4 6 6 7 17 23 24 17 23 43 43 23 5 6 6 2 7 4 5 4 23 40 44 57 48 45 44 56 38 47 41 52 45 8 20 6 30 45 26 9 10 12 2 8 33 42 45 21 12 21 33 41 34 25 24 25 49 72 85 57 41 22 19 18 11 33 68 58 42
0 0 0 0 0 0 0 0 0 0 0 0 0 0 0 0 1 1 1 2 2 0 1 1 9 4 5 10 27 22 22 9 11 20 21 36 51 54 41 5 11 9 5 7 18 19 20 5 21 34 24 23 19 20 30 49 51 54 55 55 15 31 21 24 38 11 8 9 7 6 9 37 28 41 13 10 18 17 41 31 32 31 35 40 73 87 84 39 24 23 21 16 36 60 69 62
0 0 0 0 0 0 0 0 0 0 0 0 0 0 0 0 0 1 1 2 1 1 1 1 4 6 3 6 9 7 12 12 20 13 37 61 41 50 40 23 31 34 25 25 39 38 43 26 8 3 4 7 5 2 10 57 81 90 65 30 47 30 25 16 27 19 9 18 6 6 41 38 43 36 13 23 44 26 30 39 23 22 17 12 62 68 64 65 44 27 27 20 26 45 49 26
0 0 0 0 0 0 0 0 0 0 0 0 0 0 0 0 0 0 0 0 1 1 1 1 8 14 3 5 4 11 15 20 13 31 37 43 18 21 27 49 39 45 53 64 58 39 49 44 24 17 13 12 17 3 4 15 82 87 60 37 34 41 21 14 23 7 9 11 3 29 57 54 43 52 19 18 47 44 40 71 45 31 18 11 24 52 57 55 56 36 31 31 17 32 71 22
0 0 0 0 0 0 0 0 0 0 0 0 0 0 0 0 0 0 0 0 1 1 2 1 4 4 5 5 8 9 11 21 27 22 25 12 27 32 27 39 62 66 59 37 42 24 40 48 30 24 22 7 12 6 13 9 31 44 54 55 38 21 16 33 29 5 9 33 60 43 62 77 37 74 34 14 39 66 47 67 57 52 39 18 21 56 74 59 66 45 40 28 13 22 60 50
0 0 0 0 0 0 0 0 0 0 0 0 0 0 0 0 0 0 0 0 0 1 0 0 2 3 3 2 2 7 6 6 12 21 29 18 18 31 19 56 33 37 57 45 29 26 30 42 40 22 30 26 9 17 23 19 24 48 63 55 18 17 57 47 27 6 24 36 46 57 43 47 27 36 59 43 27 25 29 68 32 29 50 38 32 17 63 42 67 38 43 27 19 19 26 48
0 0 0 0 0 0 0 0 0 1 0 0 0 0 0 0 0 0 0 1 1 1 1 1 4 3 7 5 3 5 6 10 14 34 43 28 51 25 41 18 36 25 21 22 40 42 69 56 56 25 26 22 22 23 34 27 29 42 63 64 60 17 24 27 16 17 46 11 35 54 57 39 44 22 55 63 39 24 29 79 84 49 25 65 51 19 15 25 64 52 45 44 22 19 18 46
0 0 0 0 0 0 0 0 0 0 0 0 0 0 0 0 0 0 0 1 2 2 2 2 5 2 4 10 4 4 18 31 41 13 7 56 49 19 21 22 33 49 32 22 20 48 42 17 24 19 36 24 24 26 26 29 18 29 47 34 28 25 15 14 15 34 51 7 31 20 47 59 47 18 17 47 46 60 33 60 86 65 57 29 50 27 10 23 64 71 23 53 36 20 23 38
0 0 0 0 0 0 0 0 1 0 1 0 0 3 1 1 1 0 0 3 2 4 3 2 6 5 3 17 14 9 9 8 4 3 3 11 23 30 12 27 29 45 43 45 38 15 11 7 5 4 16 14 8 12 21 12 13 15 14 26 37 27 16 22 44 39 29 13 24 25 28 47 38 39 29 66 67 50 44 25 67 67 50 69 34 23 16 17 17 50 17 33 31 15 12 18
0 0 0 0 1 0 0 0 2 1 0 1 1 2 2 2 4 1 2 1 4 6 15 8 6 7 16 13 31 15 7 4 11 11 7 1 4 25 29 11 21 41 55 62 46 38 30 25 17 17 8 6 4 2 3 3 3 4 20 31 47 27 34 36 20 43 22 28 35 31 23 35 54 62 21 59 65 48 50 37 53 66 39 21 51 34 18 17 13 21 22 24 34 17 8 8
1 1 0 0 1 0 1 0 1 1 1 1 2 3 4 3 7 9 3 3 14 40 46 62 52 42 46 26 42 30 52 58 64 30 11 10 12 9 8 17 36 27 37 45 58 58 57 42 36 34 18 18 17 16 15 15 14 12 34 45 40 33 25 25 21 40 39 50 21 48 22 18 52 40 22 48 46 27 34 31 31 40 67 21 21 15 18 8 8 13 10 18 9 8 5 6
1 1 2 1 1 0 0 0 1 2 2 1 2 8 12 8 9 29 19 40 53 59 73 71 60 70 66 60 65 72 46 22 36 45 35 14 20 15 6 5 26 32 38 57 52 51 57 47 45 43 34 32 35 33 17 28 19 20 33 28 34 23 14 15 12 48 31 49 42 46 15 21 30 38 27 46 42 54 20 29 29 14 38 23 13 28 11 10 2 6 11 8 10 6 6 6
1 2 2 1 2 2 2 2 2 5 5 10 9 14 23 51 49 36 49 21 29 39 44 71 69 66 80 77 76 77 18 11 10 10 25 26 36 17 22 16 18 44 50 48 48 46 40 68 58 45 38 38 36 35 33 33 35 11 20 21 24 15 15 24 41 62 57 32 41 21 25 15 29 32 33 21 20 32 37 21 31 19 27 24 8 22 11 7 2 4 10 9 7 9 5 3
1 4 2 1 3 2 3 3 5 11 23 36 51 63 78 78 63 58 72 50 23 11 35 56 40 39 29 60 61 53 38 7 5 4 6 10 20 16 21 25 10 23 31 36 23 21 14 31 41 40 52 53 39 37 35 50 38 14 14 13 9 19 35 44 53 44 27 27 20 35 31 41 23 23 23 20 19 21 33 21 19 17 15 11 12 10 11 8 5 3 6 3 3 6 2 2
3 5 2 2 8 7 6 13 26 45 60 64 70 81 75 86 67 67 85 31 58 24 14 31 23 14 18 20 22 22 43 26 15 3 5 3 9 8 9 23 21 19 43 19 25 22 13 27 28 18 15 14 12 23 24 12 39 24 16 12 16 22 38 44 47 38 19 37 49 31 36 25 22 18 15 9 12 11 16 16 14 14 5 9 6 3 4 2 3 2 1 0 1 1 1 2
2 10 6 6 10 21 32 46 44 71 70 83 70 84 75 79 53 58 81 68 25 32 16 9 9 8 4 3 12 12 19 59 24 7 7 6 21 50 48 33 33 21 23 13 11 17 19 7 5 9 9 21 33 34 20 19 40 24 35 12 19 26 39 30 44 22 15 29 48 42 29 21 11 18 14 7 4 2 4 6 8 5 3 3 2 2 2 2 1 1 1 1 7 4 4 5
8 14 25 26 44 63 65 67 68 76 72 89 76 75 56 71 55 69 69 74 20 39 38 15 10 3 3 1 4 7 6 14 18 8 8 12 8 15 14 17 14 15 16 26 27 17 20 10 16 18 42 58 51 34 55 14 41 39 11 5 5 18 15 35 27 29 16 11 13 20 17 17 8 3 3 4 6 4 10 12 7 11 7 11 12 12 9 8 7 12 3 4 16 10 6 13
29 44 52 65 70 63 78 70 78 69 88 68 41 56 54 51 58 60 61 66 30 18 24 14 12 7 3 4 10 11 11 22 14 5 16 12 18 18 28 19 33 22 34 35 41 40 31 29 23 28 38 63 65 64 64 36 43 38 20 26 15 4 5 6 8 7 12 8 7 6 7 6 7 12 20 18 29 17 28 15 17 23 13 22 15 35 22 10 17 16 8 8 17 13 9 18
60 68 75 65 78 73 80 66 70 55 69 14 26 21 30 46 48 36 34 54 32 14 6 5 8 11 10 8 13 5 32 38 32 19 28 30 29 22 27 26 27 32 33 34 50 38 46 32 17 53 48 48 60 46 36 33 62 41 32 50 39 27 27 27 27 25 40 30 22 21 21 23 34 34 34 21 34 33 33 32 31 31 29 27 41 32 24 20 20 11 18 11 21 12 27 26
12 25 41 41 66 63 73 68 35 7 3 5 13 9 9 11 13 24 41 54 32 9 10 16 8 9 30 19 31 22 31 32 31 26 25 44 37 18 40 32 31 44 44 43 35 34 43 34 30 39 49 44 57 64 47 50 45 33 42 45 41 43 43 47 45 40 54 45 40 23 36 38 35 36 50 37 37 51 36 47 48 35 39 38 60 35 30 25 26 25 23 17 31 34 35 47
12 8 5 6 5 7 21 22 19 7 5 7 14 15 7 4 3 6 24 31 16 8 33 9 20 28 38 28 40 27 25 20 37 25 17 32 30 15 31 36 29 45 30 29 30 34 52 39 26 31 49 46 25 72 49 61 33 38 46 37 53 41 37 39 41 30 57 42 28 38 39 38 51 37 50 38 38 54 52 52 39 37 51 43 49 38 33 31 29 29 29 25 55 43 36 35
22 36 30 11 11 10 3 7 10 4 9 12 11 6 3 5 1 12 9 16 23 37 41 18 36 30 35 31 23 9 3 9 24 22 16 24 14 18 26 36 41 24 29 25 26 45 36 24 37 35 49 57 34 68 61 28 59 54 46 31 45 37 53 52 39 45 42 42 40 26 39 52 52 38 52 51 41 57 41 51 41 53 55 66 52 36 20 43 35 34 43 46 55 27 54 35
27 21 22 14 8 6 7 7 14 16 20 23 17 6 6 14 16 19 23 33 57 53 49 29 31 20 20 27 26 21 12 8 22 17 18 15 12 17 20 28 13 9 28 33 25 62 33 33 48 26 58 28 59 59 31 40 62 52 30 43 32 47 49 38 25 45 44 42 26 41 60 64 57 40 53 56 55 60 42 40 45 56 56 51 43 28 24 48 41 28 56 58 55 29 19 61
12 21 25 19 21 12 20 18 24 25 31 41 31 24 19 29 18 26 40 44 54 36 19 29 35 19 10 15 25 22 14 8 15 17 8 20 12 30 20 14 19 12 32 19 15 62 38 42 32 24 37 57 44 31 30 26 44 62 31 46 44 55 48 27 53 49 55 42 22 43 55 75 61 45 52 60 61 48 41 31 50 74 67 60 57 28 49 70 53 27 46 70 68 37 21 57
22 30 17 18 10 18 28 21 18 31 31 34 32 30 34 31 30 38 38 39 44 32 29 29 21 12 13 21 16 19 7 15 8 5 18 19 18 14 18 11 13 8 29 10 8 39 41 39 21 29 33 18 45 9 7 6 18 45 21 49 60 45 43 63 51 51 34 18 26 58 62 80 66 49 53 68 77 54 53 31 54 78 57 43 41 35 56 72 53 36 28 77 82 58 37 49
10 19 16 22 17 26 25 23 21 21 35 30 26 24 47 22 27 38 31 29 39 33 18 27 16 17 19 17 13 23 9 17 8 6 8 16 7 11 7 13 10 13 18 11 23 20 43 32 11 18 28 17 21 12 10 6 10 19 12 52 59 49 54 65 28 46 20 17 27 60 70 75 71 53 59 72 82 43 54 27 60 85 62 34 30 38 60 74 57 41 32 67 77 67 26 49
6 9 25 18 11 16 22 12 11 13 28 23 18 28 23 21 14 28 33 18 17 21 29 20 12 11 10 8 6 35 8 11 7 8 7 13 11 8 5 9 6 13 10 9 16 14 22 6 9 7 10 28 17 14 10 10 23 12 14 38 32 42 72 39 48 43 28 31 42 47 70 68 70 42 49 70 57 36 60 32 47 75 62 50 33 37 62 75 55 45 34 49 71 50 35 50
2 3 5 5 3 3 8 6 5 9 8 11 12 20 15 14 16 14 20 16 12 6 9 16 13 8 12 7 4 7 11 13 4 3 5 10 6 3 4 7 5 12 8 7 7 10 7 5 4 4 3 11 4 4 7 8 16 6 15 22 19 38 22 34 65 30 29 35 53 40 54 74 50 28 46 66 54 33 63 35 45 68 44 40 41 31 32 72 71 44 28 48 69 47 30 47
0 1 1 1 1 1 3 4 2 6 5 9 11 9 8 14 11 8 11 13 6 4 3 11 9 5 10 3 3 8 6 7 3 2 5 3 2 4 3 6 8 3 5 10 8 4 2 6 3 2 1 4 1 2 3 6 9 15 14 8 8 7 16 55 20 29 44 24 34 35 26 52 23 20 37 54 32 33 50 20 51 58 37 38 40 44 19 31 73 37 29 40 65 54 40 33
0 0 0 0 1 0 1 1 1 3 3 6 6 6 6 7 6 6 4 6 8 3 9 6 7 5 4 3 1 3 5 7 1 1 2 4 2 1 2 2 7 3 4 2 2 2 2 1 2 2 2 3 3 1 3 4 11 9 8 22 15 7 23 19 29 39 16 18 21 31 13 37 12 12 18 40 19 37 42 15 30 36 19 44 45 48 25 25 67 45 24 40 47 27 34 26
0 0 0 0 1 0 1 1 1 2 2 5 3 2 3 5 6 8 5 2 2 1 11 1 3 3 3 2 1 1 1 2 0 0 2 0 0 0 2 0 3 1 2 1 1 2 2 8 12 25 14 10 12 7 3 5 8 6 7 11 8 7 14 5 22 9 12 13 15 24 7 16 8 14 6 17 10 24 22 15 33 18 16 26 39 19 29 20 36 24 31 22 49 48 52 38
0 0 0 0 0 0 0 0 1 1 1 2 2 3 1 3 1 4 5 2 1 2 4 1 3 3 2 3 0 0 0 1 1 1 0 0 1 1 2 1 1 1 2 5 2 15 7 25 9 11 5 5 11 21 22 13 13 2 3 11 6 7 2 4 10 6 6 8 10 18 17 12 13 11 7 20 7 24 8 8 34 8 31 26 40 20 25 19 21 35 33 44 48 59 67 83
0 0 0 0 0 0 1 0 1 0 0 0 0 1 1 2 1 3 2 3 2 3 2 4 1 1 1 1 1 1 0 0 1 0 4 7 3 2 9 23 8 8 7 24 8 7 30 29 7 16 11 8 12 29 19 11 19 17 11 28 12 26 20 8 4 8 11 10 9 11 21 23 13 37 48 37 45 63 51 26 29 43 48 48 15 71 68 52 39 16 29 23 37 67 47 57
0 0 0 0 0 1 0 0 0 0 0 0 0 1 1 1 1 2 1 1 2 1 1 3 1 0 0 0 0 0 0 0 1 0 0 3 7 1 2 10 11 14 8 21 35 8 10 16 22 22 28 6 8 34 38 11 45 29 50 39 15 24 14 16 10 19 11 28 37 5 6 31 35 14 37 48 29 51 31 62 24 44 67 49 28 70 61 48 76 65 52 24 40 57 37 27
0 0 0 0 0 0 0 0 0 0 0 0 1 1 0 1 0 1 1 1 1 1 1 1 1 0 0 0 0 1 0 0 0 0 0 1 1 1 1 5 9 5 16 31 21 5 9 10 13 22 29 8 11 27 23 37 24 18 28 40 15 5 9 28 27 31 28 28 27 38 6 30 52 14 39 59 12 8 14 71 62 35 36 42 56 66 64 72 83 72 39 61 25 22 58 68
0 0 0 0 0 0 0 0 0 0 0 0 0 0 0 1 0 1 0 0 0 1 1 0 1 0 0 0 0 1 0 0 0 0 0 0 1 4 2 7 4 12 8 8 38 19 9 8 15 17 27 29 14 44 41 73 21 45 68 66 43 5 21 23 25 54 46 59 27 58 18 15 50 22 41 65 28 18 14 64 53 60 10 11 22 63 73 66 78 62 23 67 43 32 50 62
0 0 0 0 0 0 0 0 0 0 0 0 0 0 0 1 0 0 0 0 0 1 0 0 0 0 0 0 0 0 0 0 0 0 0 1 1 2 8 35 7 19 11 28 29 34 13 15 36 28 68 71 33 49 78 84 43 71 78 63 52 17 50 53 31 27 22 19 44 72 27 15 37 16 49 55 79 30 39 80 51 69 60 22 21 39 62 57 56 39 63 86 44 30 19 19
0 0 0 0 0 0 0 0 0 0 0 0 0 0 0 1 1 0 0 0 0 0 0 0 0 0 0 0 1 1 1 1 1 1 2 3 2 6 21 20 17 6 7 39 45 23 11 13 24 39 64 56 58 30 66 86 53 61 72 63 71 56 62 75 23 28 42 21 52 67 58 34 10 23 72 71 74 66 32 83 38 62 75 44 26 23 55 45 46 20 76 86 65 44 47 20
0 0 0 0 0 0 0 0 0 0 0 0 0 0 0 0 0 0 0 0 0 0 0 0 0 0 0 1 2 0 1 0 1 3 2 3 2 6 14 13 37 14 35 11 67 18 25 22 12 31 62 58 36 14 17 52 60 74 79 75 87 70 73 71 66 39 45 38 50 53 77 52 24 21 55 71 80 79 51 64 63 60 67 79 45 28 18 19 17 33 74 55 76 50 46 30
0 0 0 0 0 0 0 0 0 0 0 0 0 0 0 0 0 0 0 0 0 0 0 0 0 0 0 0 1 0 0 2 1 2 7 5 3 2 1 8 9 6 2 2 15 15 51 45 16 10 28 12 20 9 7 14 15 52 59 56 67 70 64 61 85 42 43 38 11 69 89 42 27 20 65 53 53 63 33 47 53 23 69 81 67 43 12 14 15 24 15 40 80 48 32 40
0 0 0 0 0 0 0 0 0 0 0 0 0 0 0 0 0 0 0 0 0 0 0 0 1 2 1 0 0 0 1 1 4 5 5 6 5 8 4 2 3 11 5 3 5 9 19 30 33 11 13 10 21 11 13 26 20 11 21 39 38 18 30 64 90 68 33 39 49 76 88 53 20 11 24 36 58 44 58 64 52 16 53 71 81 34 22 11 36 42 23 42 89 63 57 61
0 0 0 0 0 0 0 0 0 0 0 0 0 0 0 0 0 0 0 0 0 1 0 0 1 1 2 0 0 1 1 1 3 7 4 2 10 11 3 4 5 20 11 6 11 10 12 11 14 7 13 35 41 37 29 28 20 15 13 9 3 1 11 76 77 74 49 25 31 71 81 77 63 25 15 36 53 42 43 29 53 40 26 76 77 63 29 19 42 32 55 83 83 83 68 64
0 0 0 0 0 0 1 0 0 0 0 0 0 0 0 0 0 0 0 0 0 0 0 0 1 1 1 1 1 3 1 1 5 3 7 9 8 16 8 15 9 17 21 11 5 20 13 18 14 6 12 49 60 66 59 50 37 32 29 26 29 24 25 47 49 62 53 22 11 46 43 78 79 36 17 46 58 42 27 46 70 38 25 24 77 79 33 19 52 60 55 76 52 78 50 33
0 0 0 0 0 0 0 0 0 0 0 0 1 0 0 0 0 0 0 0 0 0 0 0 0 0 1 2 1 2 1 2 2 1 9 15 6 6 16 33 22 24 20 14 4 9 34 27 21 13 12 34 75 77 73 72 60 58 50 49 76 79 82 72 59 56 46 29 12 8 36 51 83 65 59 22 43 51 30 7 23 36 40 53 71 77 51 32 18 40 42 36 79 77 87 61
0 0 0 0 1 0 2 0 0 0 0 0 1 1 0 0 0 0 0 0 0 0 0 0 0 0 1 2 1 1 1 3 7 6 15 12 11 21 39 18 39 33 15 21 26 25 37 42 29 22 14 21 48 74 71 79 80 77 56 44 35 51 61 67 78 74 75 64 40 3 11 52 60 67 59 52 35 18 24 23 56 49 25 34 32 71 70 30 16 25 32 38 31 71 59 74
1 0 0 0 0 1 1 0 0 1 0 0 0 0 0 0 0 0 0 0 0 0 0 0 1 0 1 1 1 3 3 18 10 5 8 17 12 15 12 5 11 46 58 35 54 39 32 30 33 36 33 17 14 19 60 61 58 77 77 69 63 56 42 48 54 73 77 76 72 63 43 66 58 76 46 46 36 25 37 28 24 28 19 50 38 74 78 28 13 37 45 32 33 33 60 76
0 1 0 0 0 1 2 1 0 0 0 0 0 0 0 0 0 0 0 0 0 0 0 1 1 1 0 1 1 1 1 1 1 6 7 9 11 15 19 21 12 5 15 63 65 75 64 47 42 21 32 34 28 17 28 45 39 33 51 56 60 71 72 60 37 41 70 77 77 62 66 81 63 83 72 53 48 49 30 18 20 39 20 31 43 31 67 40 13 25 42 42 20 13 53 77
0 0 6 1 0 0 0 1 2 1 1 0 0 0 0 0 0 0 0 0 0 0 0 0 0 0 1 3 2 1 2 4 3 5 7 19 21 24 24 30 34 28 14 11 12 61 69 63 43 30 23 35 29 18 7 7 8 10 9 11 20 43 38 50 53 31 31 47 46 41 67 67 67 64 62 64 68 63 40 44 42 36 20 21 56 64 46 52 19 8 32 39 22 41 79 38
0 0 1 1 1 0 0 0 3 10 7 6 0 0 0 0 0 1 0 0 0 0 0 0 1 0 1 2 1 1 2 4 2 4 7 11 12 20 21 22 29 25 42 39 40 25 15 11 39 41 49 18 17 12 17 26 26 25 25 22 24 10 7 10 14 10 9 7 9 28 40 57 51 47 40 33 31 58 50 44 34 21 45 39 41 55 45 61 41 13 9 30 49 79 48 71
1 0 1 6 2 1 1 0 0 6 1 0 1 0 0 0 0 0 0 0 0 0 0 0 0 0 0 0 0 1 0 1 2 3 3 5 11 21 15 25 31 38 39 44 46 35 32 33 23 13 13 10 13 29 32 44 43 45 43 55 26 9 8 25 26 40 21 25 7 6 15 35 30 21 21 21 25 33 40 57 52 22 19 23 24 27 40 54 59 21 10 24 85 60 50 62
1 1 1 3 2 3 4 0 0 0 0 0 0 0 0 2 0 0 0 0 0 0 0 0 0 0 0 0 1 1 0 1 1 2 4 5 7 11 10 24 28 25 24 25 33 26 25 36 30 27 33 35 37 49 45 43 57 61 62 56 32 26 28 43 40 31 39 21 8 10 10 3 3 3 5 4 11 11 5 10 20 13 14 9 10 11 30 41 37 23 10 59 66 42 67 64
2 2 1 0 3 3 10 8 3 2 1 0 0 0 2 1 4 2 1 0 1 1 0 0 0 0 0 0 0 0 0 1 2 1 0 2 7 12 7 6 15 24 20 15 25 21 29 32 38 35 41 27 29 44 54 56 56 61 69 62 40 37 48 46 55 58 60 49 27 24 8 4 2 5 6 13 33 23 15 13 9 7 4 6 5 8 11 20 41 40 16 71 28 18 55 71
3 3 3 5 4 7 3 2 2 5 1 2 1 1 2 5 9 4 1 1 2 0 1 1 0 0 0 0 0 0 1 0 0 0 1 2 5 12 14 13 20 21 31 24 30 28 32 33 38 23 51 41 37 33 49 53 73 72 72 58 30 52 47 61 61 76 68 62 51 30 21 22 22 28 31 45 53 41 25 26 38 42 24 11 13 8 3 6 15 47 30 61 20 20 62 85
4 5 1 1 6 4 16 12 4 4 4 8 6 2 3 15 13 4 1 4 1 3 1 1 0 0 0 0 0 0 0 0 0 1 1 1 3 6 10 13 18 16 17 22 24 28 32 47 37 29 38 52 34 35 53 62 73 64 52 44 42 51 60 61 61 79 74 64 55 31 45 45 45 50 49 49 62 48 45 46 46 44 28 40 38 19 17 4 7 23 20 23 21 13 34 57
5 7 6 2 13 19 19 13 31 12 6 2 1 9 14 9 6 3 2 11 1 6 1 0 0 0 0 0 1 0 0 0 0 1 1 2 3 6 5 11 19 17 8 17 20 20 34 43 35 20 19 44 41 31 45 63 65 52 36 28 31 61 56 59 77 75 66 61 36 30 46 45 48 59 53 66 65 67 49 51 63 53 54 64 53 46 26 7 4 17 14 25 16 7 20 37
5 2 6 3 2 18 10 6 9 22 24 11 1 5 20 11 1 1 7 13 1 11 1 0 1 1 0 1 1 3 0 0 0 0 1 1 1 1 3 3 11 9 12 13 16 10 33 16 31 14 37 29 28 20 44 64 44 42 25 38 39 51 47 64 75 69 63 63 35 51 62 62 43 60 69 64 66 59 51 59 68 64 58 67 39 29 13 10 5 3 5 14 14 4 13 9
6 5 3 8 2 5 26 34 40 20 6 6 2 9 9 16 4 6 26 9 2 11 1 1 0 1 1 1 2 0 1 3 1 0 0 1 0 1 1 2 5 5 6 11 7 9 11 12 4 5 39 10 19 14 45 24 23 34 19 26 26 37 53 68 53 66 56 44 35 51 62 63 40 64 58 69 72 60 51 59 75 62 66 45 26 32 26 32 24 7 1 2 7 6 4 6
11 5 8 7 9 8 16 29 27 26 31 10 21 4 2 1 11 47 33 8 10 10 2 2 2 1 0 2 1 2 1 0 0 0 0 0 0 0 1 3 2 3 5 6 2 4 3 4 6 10 5 3 11 23 10 19 16 13 16 15 15 29 58 50 53 44 32 36 51 62 60 61 51 62 42 52 60 37 49 58 76 46 32 35 44 51 64 43 31 13 8 2 1 3 3 2
10 11 8 8 30 16 36 66 25 22 18 24 27 32 2 1 3 5 2 1 4 15 5 1 1 2 1 1 1 1 0 0 0 1 0 0 0 0 1 1 1 1 4 1 1 1 1 3 2 1 2 3 5 10 7 8 4 7 17 19 12 45 42 42 42 49 35 33 41 59 53 41 44 59 41 22 67 44 49 71 44 46 43 48 76 80 62 41 36 24 11 9 5 1 2 2
