sesion_6_simulaciones/modelos_agentes/ejemplos_netlogo/scenarios/echam4_b2/rob_2046.asc
NCOLS 322 
NROWS 307 
XLLCORNER 451900 
YLLCORNER 4086900 
CELLSIZE 100 
NODATA_value -9999 
[rows 148 to 221 of 307, columns 0 to 95 of 322]
0 3 3 2 3 7 5 3 1 1 1 26 26 23 15 26 32 23 13 23 7 9 2 1 0 0 0 0 0 0 0 0 0 0 0 0 0 1 0 1 4 4 4 5 7 4 11 10 7 18 8 7 14 8 12 28 24 11 7 20 35 36 32 21 32 47 46 29 34 66 61 61 34 39 66 78 27 26 21 36 36 30 13 21 58 45 15 10 41 33 27 32 54 47 29 54
0 2 3 7 7 12 8 12 13 2 4 13 21 48 39 42 57 19 28 28 24 16 2 4 1 0 0 0 0 0 2 1 0 0 0 0 0 0 1 1 2 2 1 2 7 28 16 10 5 6 5 13 15 15 4 4 6 3 21 18 18 52 30 20 31 50 46 44 48 61 34 15 11 46 35 34 64 15 17 42 38 23 30 22 12 52 24 15 11 19 9 40 25 52 37 16
1 0 1 5 5 17 14 3 8 10 7 7 54 60 53 27 73 46 44 49 27 9 4 2 3 1 0 0 0 0 0 1 1 1 1 1 0 1 1 2 1 1 2 8 22 15 9 7 5 5 6 8 9 9 18 12 20 20 20 21 32 48 20 22 49 50 59 66 45 12 50 29 28 43 68 30 32 11 3 11 26 27 19 35 17 19 44 29 13 18 11 8 16 20 29 12
0 0 1 1 1 1 1 2 3 3 8 4 19 49 45 40 73 68 59 20 3 2 4 7 10 4 1 0 0 0 0 0 7 3 7 9 12 1 1 1 5 3 19 24 6 5 3 6 4 3 9 8 10 9 12 10 24 25 26 27 46 43 36 27 48 68 60 43 75 35 15 51 58 29 39 14 29 48 21 9 12 22 26 15 21 12 18 47 34 18 17 9 6 17 26 22
2 1 0 0 1 1 2 3 3 5 4 10 5 7 6 4 5 9 13 8 4 18 22 11 23 5 15 2 1 2 1 2 3 1 0 0 1 8 1 1 3 3 6 9 7 13 17 23 10 5 9 10 14 11 4 10 15 44 23 44 41 52 63 83 83 68 66 34 34 83 37 33 33 39 23 7 12 14 42 26 13 16 31 23 14 21 15 18 40 15 13 11 3 4 11 11
5 3 2 1 2 1 2 2 1 2 9 7 7 14 8 8 3 11 18 30 58 31 51 19 18 5 4 5 2 8 4 0 0 0 1 0 0 1 3 1 1 21 3 8 8 5 3 5 15 9 15 20 19 14 6 9 17 36 53 48 72 62 75 74 77 74 65 20 29 68 71 54 35 23 32 20 16 12 24 16 25 17 16 25 19 15 13 12 49 28 8 7 8 3 13 14
20 6 13 5 6 10 12 2 2 1 2 4 6 19 18 6 4 10 37 39 55 72 51 63 30 22 24 20 5 8 20 13 2 0 1 1 3 2 2 4 1 11 7 4 10 2 3 6 4 13 23 33 47 35 37 17 25 36 56 64 39 28 71 75 73 65 64 47 31 47 78 31 34 24 17 12 24 8 23 42 17 25 24 12 12 10 11 9 17 12 22 7 4 3 2 5
29 19 27 11 16 11 6 9 2 1 2 2 18 10 7 16 10 7 10 41 57 40 43 54 29 24 24 20 5 1 6 37 40 14 8 2 3 4 4 5 2 11 34 7 11 8 3 3 4 8 9 11 25 8 12 35 25 46 33 17 16 19 27 51 56 20 30 19 48 59 55 51 29 24 29 11 12 16 17 30 26 16 21 17 10 11 10 9 9 9 12 14 8 5 3 2
18 27 29 42 43 16 8 35 4 1 3 3 5 5 14 17 11 19 11 8 11 40 50 10 19 41 14 34 12 3 2 4 18 34 21 10 5 4 3 6 5 11 43 6 8 9 8 12 14 17 20 25 17 16 24 19 30 61 43 41 44 40 20 13 8 25 20 26 18 35 38 55 63 32 17 10 12 16 20 27 31 42 11 15 9 7 7 3 5 9 7 2 13 4 1 2
37 62 44 67 36 12 34 52 10 7 7 4 15 35 21 12 23 18 13 11 13 11 8 38 29 10 10 27 36 10 7 4 4 35 31 27 24 18 14 22 17 13 48 44 10 8 10 12 15 17 30 34 18 36 38 14 17 34 46 32 31 20 12 20 20 7 3 15 34 41 45 55 30 32 17 15 19 17 27 21 24 18 23 9 8 7 3 2 3 3 6 4 5 6 2 1
29 70 24 65 28 48 53 49 6 18 18 6 4 6 16 16 23 50 43 57 18 9 14 9 15 10 14 50 15 50 12 22 17 36 13 28 26 46 25 15 22 10 35 47 43 10 7 8 17 14 15 13 12 29 34 15 31 61 63 65 32 38 42 35 34 14 13 20 28 32 31 40 32 20 30 8 16 25 23 27 15 11 14 13 4 3 2 1 1 3 3 5 4 4 4 3
12 64 43 59 51 63 56 14 16 35 32 15 14 8 8 5 9 17 17 58 29 9 11 12 52 47 33 42 14 52 54 13 14 29 53 56 40 68 73 28 25 11 11 44 46 31 21 9 15 6 4 7 24 28 24 19 28 18 16 20 16 32 50 43 45 30 30 30 24 28 29 27 20 28 9 14 13 20 11 8 9 7 6 8 11 7 4 7 4 2 2 2 4 4 2 1
11 10 8 42 60 60 17 13 49 24 39 49 30 16 11 12 19 18 25 13 22 37 31 9 43 40 46 53 53 27 76 67 25 10 29 75 69 42 43 50 52 10 12 52 65 60 20 11 15 16 11 7 52 21 72 74 72 67 75 63 39 21 31 29 30 27 31 34 29 18 19 28 23 25 12 20 10 10 10 13 6 6 5 9 5 4 5 5 3 3 4 2 2 2 1 0
9 35 22 17 18 40 25 61 65 37 32 48 28 28 10 16 13 15 24 18 23 25 27 11 53 62 49 75 66 47 68 81 71 36 30 7 21 50 31 14 22 12 8 73 72 62 43 35 26 40 69 81 62 30 29 71 67 26 35 59 52 29 44 34 30 24 22 40 31 15 17 17 21 21 14 14 13 13 7 7 5 5 2 4 3 2 4 3 2 2 2 2 1 1 1 1
24 28 21 37 30 14 43 78 64 68 7 35 48 49 60 25 39 14 16 16 17 10 34 55 80 52 79 84 68 67 46 63 76 48 41 21 50 69 76 82 65 43 20 45 78 60 44 77 34 45 71 74 87 54 31 75 84 50 35 27 68 67 26 54 35 32 21 26 23 17 21 17 17 12 12 12 11 8 7 3 2 3 3 3 3 2 2 2 1 1 1 1 0 0 0 0
14 21 44 29 22 8 38 66 42 74 22 28 64 48 65 46 19 31 23 39 41 42 17 49 63 71 80 82 57 81 62 79 71 74 70 73 64 72 78 71 13 55 58 24 10 46 48 69 47 37 66 58 65 74 26 43 68 89 58 41 50 31 31 33 38 48 45 37 23 13 23 13 9 8 7 4 7 3 2 1 1 2 2 2 1 1 1 0 1 1 0 1 1 1 1 1
7 10 7 14 25 27 12 76 35 26 23 39 48 12 30 48 25 30 26 56 54 30 29 16 55 83 76 82 65 86 71 73 70 61 72 72 83 76 76 81 73 50 18 14 6 9 51 64 43 15 28 60 69 76 70 77 80 78 85 43 32 36 33 43 37 38 49 22 16 26 12 9 8 7 3 2 1 1 3 4 4 2 1 1 1 2 4 4 7 1 3 7 3 7 6 3
6 13 21 24 14 14 14 33 44 36 57 48 58 58 25 44 39 47 17 13 30 65 41 26 17 32 35 69 67 45 22 20 19 29 30 33 76 59 62 74 73 58 44 14 4 8 47 46 37 28 20 16 44 77 71 67 54 54 78 74 33 21 31 33 39 36 19 26 16 6 7 9 8 5 3 2 1 1 1 1 3 5 3 5 8 12 13 14 7 5 6 14 12 21 20 7
10 7 8 9 17 18 21 16 19 17 34 64 63 69 21 15 22 53 53 33 24 23 46 14 25 33 27 23 18 28 37 26 37 36 56 34 30 25 24 26 19 35 24 10 9 14 37 38 43 29 27 26 7 36 37 44 48 65 41 58 50 27 54 52 43 26 23 14 13 10 8 8 3 2 3 3 1 1 1 3 14 16 10 18 22 26 23 32 21 21 47 47 26 39 21 12
5 7 12 30 24 30 29 24 28 28 36 9 14 18 21 31 21 11 55 60 49 27 30 9 26 52 50 38 27 33 48 54 27 58 28 25 24 31 34 28 21 12 17 17 25 27 45 45 49 36 22 10 13 12 20 48 20 16 14 41 24 33 33 20 29 16 10 13 12 5 5 2 4 2 4 4 6 1 12 13 26 26 28 35 36 54 55 37 34 44 19 8 11 10 12 29
8 10 21 15 13 22 28 16 34 53 13 20 38 30 19 34 8 11 14 22 35 25 20 17 31 26 41 36 53 22 47 38 28 39 26 23 31 54 25 52 33 15 11 10 10 18 28 43 35 33 19 34 32 25 29 27 27 20 28 34 57 49 29 10 13 13 11 4 6 3 3 18 17 9 9 14 6 9 21 44 59 46 47 70 63 60 56 41 51 50 21 6 3 3 6 19
25 46 45 47 20 14 16 16 29 42 22 24 36 28 28 16 20 17 31 30 22 27 31 18 30 24 21 39 19 23 36 35 36 29 22 23 20 42 20 54 34 24 22 7 4 3 16 19 66 58 31 26 61 33 16 38 45 59 55 41 48 27 16 10 12 8 3 3 8 8 16 28 37 14 20 25 14 23 46 54 69 82 51 79 62 56 45 48 40 34 23 18 4 2 2 3
5 7 10 7 10 10 22 28 32 23 26 11 25 32 14 6 12 13 20 21 11 8 7 16 25 21 21 21 32 31 28 29 18 26 19 8 28 20 34 48 31 26 41 18 20 9 6 17 22 49 28 41 34 17 18 34 36 30 24 14 12 9 4 3 3 1 8 18 30 22 36 48 46 32 44 31 17 34 59 59 84 69 55 50 34 6 7 27 12 16 10 6 5 2 1 6
8 16 12 18 15 19 14 22 20 22 10 13 21 29 31 28 28 14 13 13 18 6 8 24 52 39 21 19 29 17 15 31 65 33 18 9 31 16 51 16 40 21 34 25 15 9 13 16 9 24 32 28 13 21 19 19 47 19 12 9 5 15 16 23 10 16 24 41 41 40 39 56 39 38 47 38 30 44 62 72 74 59 38 30 20 10 9 9 16 6 5 4 2 2 1 1
7 9 9 17 24 7 9 13 11 17 16 12 29 18 48 33 20 37 33 22 50 20 25 20 43 48 23 39 13 18 30 21 52 52 28 21 24 32 37 14 18 15 25 28 12 20 13 8 10 14 16 24 20 20 22 20 12 5 5 20 18 34 34 34 24 26 42 48 61 62 44 59 61 59 47 56 55 60 63 66 61 73 45 29 15 16 12 5 23 9 3 2 0 2 2 2
8 8 14 17 7 9 7 15 22 18 26 30 29 23 17 20 56 56 31 28 33 20 38 19 24 39 48 27 15 15 11 16 18 19 28 36 12 14 38 33 28 29 23 15 23 17 16 15 11 14 17 21 31 26 15 12 15 20 29 46 40 38 51 40 31 45 49 50 64 49 52 63 77 45 48 56 63 69 79 58 29 26 26 31 23 14 7 5 4 4 2 1 1 1 1 1
6 6 10 9 3 22 14 19 41 52 58 53 47 56 30 14 21 40 34 42 12 26 49 21 24 18 35 49 24 45 30 24 19 20 36 48 20 29 37 43 30 6 9 15 12 16 8 8 13 20 20 35 26 20 27 16 25 27 48 45 39 39 51 40 35 46 54 35 63 58 48 73 58 42 53 73 63 67 32 83 59 59 28 17 22 15 10 10 3 2 1 1 1 0 1 0
4 6 10 5 5 4 8 17 14 24 45 64 41 44 56 17 24 20 17 17 19 46 43 28 12 20 9 21 15 23 17 15 26 24 40 36 18 30 44 39 28 14 6 5 11 10 14 26 16 16 32 21 20 39 23 21 32 49 49 56 47 45 47 36 38 64 65 47 67 65 62 62 76 77 55 62 71 70 29 26 51 62 43 33 14 8 8 10 4 2 1 0 0 1 1 0
3 5 11 8 9 5 8 7 16 18 11 12 9 12 17 29 27 23 48 21 34 44 22 35 8 31 8 31 12 12 18 20 22 18 28 22 24 18 35 30 25 11 4 9 12 12 17 19 19 20 22 36 26 21 21 35 47 45 41 46 42 34 52 45 49 66 65 61 62 85 74 66 62 73 27 25 18 54 59 36 22 42 26 16 11 8 9 3 2 4 2 1 1 1 0 0
4 12 17 33 5 37 28 5 20 15 17 12 34 17 26 29 27 19 20 19 15 34 15 19 12 10 13 11 9 19 16 13 17 18 19 16 17 12 20 32 20 20 19 23 29 13 19 15 30 41 37 52 37 26 38 39 41 51 36 39 58 41 58 58 52 64 48 74 36 56 82 81 77 64 75 56 40 20 15 31 24 15 31 24 20 14 11 16 5 2 1 1 1 1 0 0
22 15 5 10 31 18 7 15 16 17 7 18 11 12 34 17 19 6 16 18 22 6 12 16 8 6 6 3 5 5 4 13 11 28 8 10 8 17 18 6 11 20 8 11 11 19 10 19 32 48 41 39 35 34 31 49 40 50 46 38 49 55 47 51 55 69 49 48 78 42 77 80 60 76 79 83 65 61 58 42 37 27 10 5 14 17 9 10 4 2 1 1 1 0 0 0
15 50 17 21 6 11 7 14 9 10 14 7 7 22 33 43 54 14 16 29 15 12 4 7 10 2 5 4 4 3 3 11 12 8 5 8 7 8 22 13 8 17 9 39 17 16 26 14 38 43 33 30 32 30 29 33 56 45 40 60 60 66 59 46 59 25 41 39 45 53 39 72 51 61 78 80 80 88 72 57 58 67 63 41 11 8 9 8 5 2 1 1 0 0 0 0
6 9 9 9 20 20 6 8 8 11 11 5 11 10 7 12 9 12 16 20 25 9 9 4 8 3 3 2 2 4 5 8 5 5 6 3 8 12 21 15 8 11 16 40 12 29 15 21 29 48 21 25 27 24 28 33 53 56 40 50 65 42 32 70 72 64 46 28 21 8 18 21 36 37 65 74 68 73 78 59 75 63 54 20 14 14 12 7 8 3 1 1 0 0 0 0
5 5 11 12 11 14 10 4 2 8 3 2 6 9 31 14 27 11 17 11 14 7 6 6 5 6 6 2 2 2 6 3 3 7 2 2 4 17 8 9 6 12 12 20 16 19 20 24 32 28 15 26 19 21 35 23 42 60 62 44 56 67 24 13 11 16 23 41 39 29 16 13 7 20 34 61 51 72 82 48 63 80 51 32 21 12 9 8 6 2 1 1 1 0 0 0
3 14 10 6 5 7 5 2 2 1 2 2 3 10 8 9 13 15 9 9 4 15 3 9 4 6 9 1 1 3 1 1 6 4 4 8 5 21 2 2 5 13 11 17 17 10 12 12 21 12 28 37 27 34 39 35 43 44 47 29 35 60 32 19 45 59 67 50 53 39 35 46 17 7 13 44 41 67 78 65 50 46 42 29 17 15 13 8 6 4 2 2 1 1 0 0
3 7 6 5 6 7 3 3 1 0 1 1 4 2 4 6 5 11 4 2 1 2 3 2 1 4 3 2 2 2 1 2 3 2 1 2 3 7 4 4 6 8 18 21 7 8 15 11 17 19 42 59 41 70 63 80 63 49 56 31 20 9 65 52 17 48 68 55 58 60 61 42 25 21 10 11 13 31 63 39 30 14 10 20 6 12 5 4 4 5 4 2 2 1 0 0
4 1 1 4 1 3 1 0 0 0 0 0 0 1 4 3 1 2 5 1 1 1 1 1 1 2 1 1 2 2 0 0 1 1 2 1 5 3 2 4 6 15 40 62 40 29 18 33 29 14 55 39 80 65 60 69 34 43 60 69 20 18 17 78 33 28 48 67 54 43 66 70 75 45 33 13 6 4 5 4 6 7 5 13 13 4 3 2 1 4 2 2 1 1 0 0
0 0 1 1 1 0 0 0 0 1 3 0 0 1 1 2 2 1 2 1 1 1 1 1 0 0 1 1 1 0 0 0 0 5 6 10 21 24 33 35 40 57 41 62 52 54 44 10 36 40 25 27 52 59 60 64 38 66 66 50 47 30 13 52 73 26 9 34 64 75 62 61 37 34 45 37 16 6 8 2 7 7 6 3 9 9 2 2 1 1 1 1 1 0 0 0
0 0 0 0 0 0 1 4 10 1 1 4 5 0 0 1 1 1 1 0 1 0 0 0 0 0 1 2 3 0 0 1 1 0 1 10 20 24 31 39 31 53 48 43 60 66 59 27 16 21 67 47 21 53 20 27 29 66 81 61 48 38 27 29 83 39 37 19 43 60 81 28 14 25 29 47 35 26 21 11 6 4 2 3 4 7 3 1 1 0 1 1 0 0 0 0
1 1 1 1 2 4 8 4 4 5 5 2 4 1 1 0 0 0 0 0 0 0 1 3 5 6 1 1 3 1 0 2 3 1 2 3 5 23 37 51 35 20 34 30 46 70 77 80 28 26 42 54 38 20 46 15 47 54 73 70 20 33 26 19 81 58 27 26 27 77 79 86 50 39 29 20 14 11 8 9 13 12 5 2 2 2 4 3 1 1 0 1 1 0 0 0
3 4 2 12 6 8 9 17 17 15 7 6 9 2 2 0 0 0 0 0 0 0 0 0 1 2 4 3 1 1 1 1 3 3 1 3 8 17 33 55 48 21 12 24 38 71 79 80 85 79 26 38 33 32 21 18 32 55 69 72 24 30 35 32 57 87 61 41 24 15 19 49 25 27 18 39 26 11 7 5 5 5 6 4 2 1 1 2 2 1 0 1 0 0 0 0
2 8 9 15 16 14 24 15 37 23 12 23 13 4 16 7 5 2 0 0 0 0 0 0 0 1 1 5 1 1 1 1 4 2 6 5 4 5 3 3 33 42 15 26 23 32 53 60 80 85 78 46 46 62 38 50 32 65 76 64 66 26 48 41 29 81 89 70 51 22 12 15 48 32 21 19 26 27 10 9 3 4 3 5 4 1 0 2 1 2 1 0 0 0 0 0
0 1 6 20 29 18 52 60 58 58 40 35 15 25 33 22 8 3 7 1 1 0 1 1 1 2 5 2 1 1 1 3 6 4 5 10 9 10 8 8 8 18 17 17 12 26 62 40 67 78 87 54 48 46 58 57 13 56 71 67 66 49 37 36 19 74 81 84 58 53 13 5 35 56 25 6 9 6 13 4 5 4 3 2 4 2 1 1 1 1 1 0 0 0 0 0
1 1 3 32 37 51 60 58 54 77 81 48 55 46 43 28 14 17 11 8 3 0 1 2 6 19 15 3 1 2 3 3 4 6 4 7 10 13 19 12 8 11 8 9 21 28 46 43 15 62 78 85 47 39 49 25 22 16 46 55 84 79 23 26 48 59 60 79 34 50 38 8 9 35 26 16 10 10 12 10 4 4 2 1 1 2 1 0 0 1 1 0 0 0 0 0
1 1 1 3 4 5 16 25 27 10 35 68 82 68 60 23 22 37 19 9 16 1 2 1 1 2 14 28 4 1 4 4 6 10 9 7 12 14 28 14 20 32 23 19 16 10 55 58 42 29 57 78 65 37 16 15 35 13 24 53 51 47 35 29 32 48 29 76 31 40 28 31 5 16 19 25 18 13 14 9 8 4 1 1 1 1 1 0 0 0 0 0 0 0 0 0
0 1 2 7 6 16 50 22 21 15 20 13 62 79 81 56 47 47 19 19 9 15 4 4 5 3 2 4 7 2 1 5 6 17 7 9 5 8 24 19 20 19 16 18 30 29 29 12 39 66 38 51 17 19 10 27 22 34 26 28 53 59 48 37 17 19 18 60 66 24 11 20 20 5 10 9 17 8 6 3 5 3 3 2 0 1 0 0 1 0 0 0 0 0 0 0
0 1 1 1 3 5 9 18 18 14 10 6 8 33 66 77 73 24 4 3 4 16 6 12 10 7 6 2 2 6 2 22 17 7 26 13 14 18 24 14 18 36 40 35 41 28 36 22 23 22 70 47 39 26 19 15 27 33 25 28 48 67 48 30 29 20 29 47 67 46 19 9 27 15 9 2 3 10 7 5 2 2 2 2 1 0 0 1 1 0 0 0 0 0 0 0
2 0 1 2 4 7 6 7 10 14 22 16 34 16 14 21 26 13 6 8 23 4 4 14 34 35 5 5 4 32 13 13 43 32 40 11 51 23 17 16 22 23 23 34 30 33 37 24 26 31 29 41 27 29 33 26 22 31 17 9 17 27 40 39 39 29 22 30 40 46 24 25 28 13 14 6 3 7 6 2 4 1 1 1 0 1 0 0 0 0 0 0 0 0 0 0
9 2 4 2 2 7 3 7 17 18 13 20 11 21 29 20 18 13 7 11 4 14 9 8 4 12 19 22 31 4 7 30 28 8 18 18 8 44 19 18 22 32 15 23 15 19 18 28 34 40 24 13 45 48 33 42 28 23 21 21 12 23 43 24 23 23 13 17 26 43 13 15 11 7 7 5 3 2 3 4 2 2 1 1 0 0 0 0 0 0 0 0 0 0 0 0
18 15 1 1 6 2 10 30 11 7 15 14 15 37 10 21 12 10 5 3 6 12 10 11 11 7 10 13 6 11 5 30 27 31 26 35 8 16 40 10 15 31 25 36 35 15 22 27 22 39 19 30 9 21 20 53 22 26 21 33 21 21 9 9 7 3 2 5 9 11 7 2 8 6 4 9 7 3 4 2 1 1 1 1 0 0 0 0 0 0 0 0 0 0 0 0
20 13 40 3 3 13 2 4 20 23 9 18 15 32 8 25 16 10 6 10 17 24 11 6 14 16 13 18 41 39 30 6 6 11 27 18 18 5 43 31 28 23 10 18 32 30 21 14 27 39 31 10 47 31 22 50 32 14 24 12 11 16 9 8 3 2 1 1 5 12 8 3 3 6 5 7 6 3 8 3 1 1 1 0 0 0 0 0 0 0 0 0 0 0 0 0
17 19 27 16 3 4 15 5 2 7 15 10 8 11 15 15 7 4 5 12 16 17 43 21 19 22 19 19 50 64 36 18 7 18 36 27 41 17 5 45 20 30 31 28 16 15 22 31 27 35 20 8 16 8 6 24 18 15 12 6 8 12 9 7 7 3 2 1 1 3 5 4 6 6 7 9 9 5 2 2 2 0 0 0 0 0 0 0 0 0 0 0 0 0 0 0
20 26 45 25 32 8 2 35 8 10 40 11 21 13 7 23 7 9 6 6 6 13 32 22 21 28 26 25 38 71 73 39 19 16 57 45 48 27 11 23 64 21 20 51 33 33 26 34 37 23 16 6 5 7 7 8 15 11 6 4 4 5 6 9 4 4 2 1 1 1 1 2 2 1 1 2 3 5 2 1 1 1 0 0 0 0 0 0 0 0 0 0 0 0 0 0
29 22 18 33 15 20 24 9 49 22 38 59 39 48 31 12 12 7 11 26 12 25 50 40 23 28 31 24 17 21 64 53 32 22 19 55 33 25 19 10 16 48 12 15 17 19 24 34 53 33 44 16 10 8 7 5 7 5 4 12 5 2 3 2 1 1 1 1 0 0 0 0 0 0 1 1 1 1 2 1 1 0 0 0 0 0 0 0 0 0 0 0 0 0 0 0
14 50 37 46 28 39 52 39 24 19 12 11 17 13 14 40 25 12 23 9 43 14 56 65 24 29 35 23 14 6 14 38 57 39 12 37 43 15 42 30 20 13 41 41 21 21 36 26 42 25 48 20 9 7 6 4 5 4 2 5 6 3 1 1 0 1 1 1 0 0 0 0 0 0 0 0 1 0 1 0 1 0 1 0 0 0 0 0 0 0 0 0 0 0 0 0
8 11 8 15 18 9 9 9 16 16 26 24 26 33 13 18 39 33 24 27 18 14 50 77 51 44 40 42 27 7 7 9 52 34 34 31 47 16 41 45 31 13 12 38 26 36 28 26 37 18 6 6 12 11 9 7 2 2 1 1 2 1 1 0 1 0 1 0 0 0 0 0 0 0 0 0 0 0 1 0 0 0 0 0 0 0 0 0 0 0 0 0 0 0 0 0
10 16 10 5 7 12 9 9 13 31 11 29 17 13 17 21 17 11 16 31 15 63 30 60 68 49 53 45 46 20 9 11 8 25 38 39 44 20 44 25 32 32 23 18 32 23 28 43 36 28 21 9 12 6 5 4 2 1 0 0 0 0 0 0 0 0 0 0 0 0 0 0 0 0 0 0 0 0 0 0 0 0 0 0 0 0 0 0 0 0 0 0 0 0 0 0
16 7 15 5 8 17 9 10 9 18 6 11 10 7 13 34 19 22 16 18 50 40 29 22 75 44 17 13 14 9 13 5 13 6 12 19 82 62 30 42 28 15 27 27 17 31 19 22 48 42 35 16 9 5 5 3 1 0 0 1 2 2 1 1 1 1 1 0 0 0 0 0 0 0 0 0 0 0 0 0 0 0 0 0 0 0 0 0 0 0 0 0 0 0 0 0
8 5 6 4 3 5 4 3 3 4 7 10 9 5 10 11 9 20 28 60 37 25 40 59 75 66 26 18 19 21 21 21 8 12 14 10 6 10 27 26 21 36 14 26 21 34 37 23 47 27 33 29 18 9 4 1 1 1 1 2 4 6 7 5 1 1 1 1 0 0 0 0 0 0 0 0 0 0 0 0 0 0 0 0 0 0 0 0 0 0 0 0 0 0 0 0
3 3 3 2 2 2 3 2 1 1 3 3 4 11 8 8 6 21 17 15 22 23 11 7 14 15 11 14 34 37 22 44 33 14 11 8 9 9 8 22 17 33 26 13 35 24 37 28 25 14 19 16 10 8 2 2 2 2 4 7 10 8 7 6 3 1 2 2 1 1 1 1 0 0 0 0 0 0 0 0 0 0 0 0 0 0 0 0 0 0 0 0 0 0 0 0
3 2 2 1 1 1 3 6 18 17 15 3 3 8 4 4 7 19 35 27 35 16 19 15 10 13 39 21 26 34 46 35 22 24 28 6 3 5 9 13 12 18 27 30 30 29 19 15 32 16 11 10 6 3 4 7 3 8 12 9 15 11 12 8 5 4 3 6 6 4 2 1 0 0 1 0 0 0 0 0 0 0 0 0 0 0 0 0 0 0 0 0 0 0 0 0
1 1 1 0 2 3 2 7 35 40 27 27 9 3 5 12 9 18 24 13 12 11 31 19 18 19 35 14 7 23 21 16 7 14 25 16 7 6 12 8 5 10 9 11 18 20 19 13 20 15 7 3 6 7 13 11 12 14 17 20 11 18 19 12 20 7 9 8 9 7 1 1 0 0 1 1 1 0 0 0 0 0 0 0 0 0 0 0 0 0 0 0 0 0 0 0
1 1 3 2 7 4 13 10 3 8 35 31 22 36 38 29 60 32 23 30 11 5 23 16 18 26 14 15 10 11 24 25 24 17 27 14 9 20 25 8 5 23 12 17 13 7 20 9 9 6 5 7 14 22 22 27 17 15 16 19 14 24 25 34 31 19 13 10 10 7 3 3 4 2 1 1 0 0 0 0 0 0 0 0 0 0 0 0 0 0 0 0 0 0 0 0
1 1 0 1 8 15 21 56 45 21 32 60 42 32 55 36 72 73 68 45 22 31 6 6 7 6 24 27 33 43 14 54 53 25 10 13 5 16 17 10 25 14 13 12 15 9 12 10 8 8 16 15 31 46 46 31 41 23 26 27 19 35 35 37 28 23 17 14 14 12 8 2 1 0 0 1 1 0 0 0 0 0 0 0 0 0 0 0 0 0 0 0 0 0 0 0
2 3 10 2 2 8 27 52 60 26 17 66 23 21 63 42 38 19 33 53 13 23 17 11 9 13 21 30 29 53 25 17 16 39 23 20 8 31 15 13 22 29 24 23 26 35 34 27 9 26 40 36 41 56 59 57 29 19 52 36 27 36 37 27 36 38 7 26 26 11 9 4 2 1 0 1 3 1 0 0 0 0 0 0 0 0 0 0 0 0 0 0 0 0 0 0
12 4 9 24 12 5 5 12 18 63 16 57 32 29 62 24 10 14 26 21 13 5 19 11 14 29 30 15 11 35 25 18 9 7 10 9 24 28 13 9 44 44 25 51 46 26 25 15 13 35 53 50 49 79 49 41 38 20 63 33 30 38 51 53 40 30 24 29 13 7 7 4 3 5 2 2 2 1 1 0 0 0 0 0 0 0 0 0 0 0 0 0 0 0 0 0
35 34 11 23 39 52 46 23 10 10 36 71 56 20 61 22 23 16 27 26 8 6 26 11 24 22 24 24 20 16 10 15 16 23 27 18 34 7 13 23 42 41 53 57 38 21 12 20 39 30 46 63 76 49 33 44 44 28 71 38 64 30 55 32 30 60 39 20 30 12 6 6 15 12 2 0 1 2 1 0 0 0 0 0 0 0 0 0 0 0 0 0 0 0 0 0
33 46 46 37 45 73 58 81 48 10 23 58 9 18 46 37 27 11 41 7 7 6 15 8 40 25 15 12 13 3 3 14 24 16 35 13 44 11 31 28 55 58 67 35 33 23 22 41 50 44 40 64 65 45 49 65 55 37 75 70 46 55 48 56 70 50 41 32 21 8 9 34 14 2 3 3 1 1 1 1 0 0 0 0 0 0 0 0 0 0 0 0 0 0 0 1
37 61 61 73 67 66 78 80 65 35 30 26 34 13 45 32 21 15 12 6 7 7 22 12 18 17 15 33 25 23 27 28 18 9 13 25 58 25 32 40 67 67 52 35 21 33 34 62 68 49 41 64 54 36 51 74 38 62 66 61 69 36 48 79 77 52 43 23 28 28 18 17 9 5 4 1 1 1 1 0 0 0 0 0 0 0 0 0 0 0 0 0 0 0 1 3
7 60 74 59 73 27 55 70 70 67 55 62 43 13 47 71 40 15 17 12 6 13 21 12 11 13 27 8 12 13 5 12 9 25 53 33 54 23 24 39 65 46 29 15 29 51 47 49 74 55 60 61 31 54 68 63 33 60 47 73 63 69 75 68 56 38 46 25 12 5 5 3 2 1 1 0 0 0 0 0 0 0 0 0 0 0 0 0 0 0 0 0 0 0 1 2
13 16 40 17 8 11 17 15 20 9 12 24 56 14 7 47 60 41 27 25 13 10 7 8 24 8 16 16 42 38 8 19 23 26 63 62 70 36 22 50 47 24 17 33 56 54 48 47 73 52 59 71 63 60 78 63 62 40 61 68 46 70 60 27 13 15 10 15 26 21 17 11 12 4 1 0 0 0 0 0 0 0 0 0 0 0 0 0 0 0 0 0 0 1 2 3
15 16 7 10 17 41 45 16 21 4 8 10 6 3 10 8 9 19 7 6 4 21 12 14 6 25 21 27 16 26 24 43 36 36 62 72 52 44 36 52 28 29 29 48 58 53 61 38 60 69 64 82 87 71 70 83 85 67 84 82 81 86 68 73 53 46 41 32 19 5 7 6 3 3 3 2 1 1 0 0 0 0 0 0 0 0 0 0 0 0 0 0 0 0 1 5
25 28 26 19 37 47 54 41 15 12 21 14 16 11 11 15 12 4 4 6 8 28 11 11 22 28 12 55 47 37 46 54 47 48 57 34 20 33 19 52 40 34 32 46 59 63 65 58 65 74 67 79 77 78 34 48 81 87 87 75 32 25 49 43 72 46 30 42 14 6 4 4 6 2 1 1 0 0 0 0 0 0 0 0 0 0 0 1 1 0 0 0 0 0 2 2
15 5 21 30 41 34 44 27 8 15 13 18 38 30 13 14 6 11 8 9 2 5 44 25 17 5 9 29 43 30 33 40 58 30 60 19 29 23 9 50 36 33 48 58 56 69 74 60 80 86 63 44 47 38 25 27 64 74 64 43 55 43 38 48 36 30 26 12 21 12 11 4 3 2 1 1 1 0 0 0 0 0 0 0 0 0 1 1 2 1 1 0 0 2 3 3
