sesion_6_simulaciones/modelos_agentes/ejemplos_netlogo/scenarios/echam4_b2/rob_2026.asc
NCOLS 322 
NROWS 307 
XLLCORNER 451900 
YLLCORNER 4086900 
CELLSIZE 100 
NODATA_value -9999 
[rows 0 to 72 of 307, columns 96 to 191 of 322]
13 3 0 0 2 2 2 2 1 1 5 5 7 18 21 6 10 6 5 2 8 6 5 14 5 3 5 5 7 6 2 2 4 8 5 3 3 6 12 4 3 16 56 62 75 61 77 75 82 69 64 75 50 22 36 34 46 14 22 19 20 11 10 5 24 31 40 9 7 29 37 20 17 23 20 15 18 24 13 60 45 28 38 40 46 30 32 36 46 63 41 31 25 9 18 33
1 1 1 0 1 4 2 1 1 3 3 4 15 15 12 9 2 2 2 3 6 1 2 2 6 3 5 2 3 16 8 3 2 4 2 3 6 7 11 15 18 30 29 33 81 84 84 80 92 70 83 72 34 29 63 17 12 14 6 10 3 15 8 5 13 7 9 27 27 24 16 37 55 29 42 50 57 25 29 34 32 26 43 46 54 36 36 46 52 46 54 43 51 28 35 35
0 0 0 1 1 2 2 1 1 1 1 2 5 8 2 2 3 7 7 9 15 2 3 2 3 4 6 2 5 8 13 10 1 4 17 14 14 19 25 28 40 51 36 41 11 8 18 45 91 80 79 78 33 67 60 54 30 12 12 14 10 30 64 58 65 40 26 52 17 26 25 25 40 36 43 61 71 68 45 33 33 32 46 48 52 44 45 61 41 43 54 42 48 52 36 38
0 0 0 0 0 0 0 2 1 0 1 1 2 6 6 7 6 13 13 13 4 1 4 6 1 2 3 4 4 3 6 6 5 12 18 14 30 32 52 67 74 75 60 19 9 11 5 10 43 16 26 25 12 32 56 19 46 6 7 13 23 41 76 74 74 79 71 46 53 41 38 47 35 36 48 47 52 27 22 33 44 44 59 60 57 46 43 54 39 36 55 56 38 47 33 49
0 0 0 0 0 0 0 2 3 1 3 2 2 2 9 7 6 25 10 5 5 3 5 10 8 5 3 4 3 10 16 9 4 14 31 33 39 55 75 81 84 75 62 33 18 8 10 29 17 12 16 22 6 40 18 32 41 24 4 8 47 67 52 73 63 39 70 33 48 63 63 43 39 25 52 39 42 34 38 42 51 45 78 60 45 48 46 59 44 44 56 67 34 55 56 61
0 0 0 0 0 0 0 1 4 8 2 3 1 3 5 3 9 8 13 8 3 2 9 7 8 6 5 4 2 2 6 14 13 6 40 56 59 74 81 73 77 76 72 45 17 22 20 21 24 19 27 43 9 16 19 35 19 19 14 13 51 62 22 11 17 30 35 15 16 36 12 45 71 51 45 27 33 33 35 52 45 51 57 54 60 48 46 65 62 41 58 40 54 52 72 34
0 0 1 0 0 0 1 0 2 6 5 3 1 2 3 6 3 9 15 12 12 7 3 4 7 7 9 7 3 2 4 18 21 14 30 72 78 79 73 75 75 73 40 21 26 56 28 40 36 35 27 29 28 30 40 29 12 25 32 14 9 12 10 16 8 13 43 61 36 37 15 33 28 13 50 53 54 49 34 52 42 31 42 37 57 61 49 63 62 37 65 54 56 47 32 29
0 0 0 0 0 0 1 0 1 2 24 22 13 5 4 3 3 5 5 5 16 29 9 13 21 11 7 3 5 5 6 9 21 46 33 57 68 74 73 70 63 31 33 25 53 45 35 60 45 42 22 26 47 51 36 34 27 54 63 62 40 16 3 3 16 10 33 16 38 22 36 22 10 24 15 45 52 82 63 31 51 57 42 45 73 50 52 55 61 61 49 37 16 25 26 21
0 0 0 0 0 1 1 0 1 1 5 17 37 31 11 21 4 3 3 11 13 7 8 12 9 3 7 6 4 7 14 14 36 65 77 48 27 39 28 27 40 26 19 33 63 54 29 42 46 34 29 19 74 46 36 51 41 53 18 36 64 47 23 3 12 16 9 9 5 14 40 34 13 15 37 19 29 33 43 69 62 84 50 58 41 25 35 77 51 52 44 76 55 36 27 34
0 0 0 0 0 1 1 0 1 1 3 0 1 1 1 1 5 3 3 4 4 5 8 5 13 8 8 5 7 12 15 44 45 38 60 51 45 45 24 23 13 12 16 35 66 45 18 20 30 39 36 25 32 82 71 71 18 32 14 52 43 44 12 14 4 9 6 4 12 24 23 27 35 25 36 52 21 20 62 68 42 69 53 47 25 32 24 37 38 57 30 45 76 71 30 21
0 0 0 0 0 0 1 1 2 0 1 0 2 2 1 1 3 2 7 2 5 4 6 4 11 5 3 6 13 23 44 49 77 64 41 39 37 58 55 36 22 9 7 12 42 18 16 25 35 27 39 23 37 47 82 66 33 23 30 53 23 24 15 5 9 12 14 6 23 35 35 42 24 16 43 59 40 18 17 54 39 29 51 64 33 36 25 32 70 57 52 40 70 82 60 34
0 0 0 0 0 1 1 2 2 2 1 1 4 5 3 3 4 11 10 4 20 8 3 4 6 5 4 5 11 58 61 56 57 51 41 31 34 51 52 38 21 10 11 20 25 13 14 41 23 27 53 25 38 55 35 49 33 31 41 37 16 14 32 22 11 8 24 20 29 63 72 72 20 31 48 56 39 22 22 61 38 10 37 64 32 40 35 30 55 38 30 38 57 65 65 58
0 0 0 0 1 1 1 1 1 3 3 2 1 1 2 6 11 11 18 10 34 32 7 4 3 5 3 8 19 42 67 44 45 38 39 48 54 24 30 49 20 8 9 28 25 11 20 25 28 41 59 47 46 67 49 39 44 38 49 21 16 17 28 23 13 10 8 22 42 29 50 50 34 27 30 56 31 27 11 21 38 9 48 73 34 37 48 32 23 49 39 19 24 41 60 71
0 0 0 0 0 0 0 0 1 1 3 2 2 2 2 2 8 4 28 9 5 5 18 9 7 4 9 28 39 32 40 42 32 17 18 18 18 12 10 16 19 4 3 3 10 8 14 19 51 66 72 68 52 54 35 49 54 44 41 37 14 12 31 34 24 22 11 12 16 10 5 5 22 33 31 42 29 40 26 16 8 12 24 62 63 32 41 42 29 26 45 25 35 56 78 60
0 0 0 0 0 0 0 0 0 0 1 1 2 3 3 2 2 4 25 13 4 20 27 11 10 8 11 12 35 41 21 13 12 17 23 19 18 14 7 2 15 3 9 6 2 3 14 30 37 68 67 62 51 59 39 64 63 52 52 53 10 26 36 37 25 17 8 10 7 4 4 22 50 45 39 46 46 38 21 21 33 12 31 60 67 32 18 21 27 21 15 13 30 45 55 49
0 0 0 0 0 0 0 0 0 0 0 0 0 0 1 2 3 6 3 2 4 7 4 23 15 21 8 13 13 12 12 26 33 33 23 28 48 45 23 5 5 5 2 6 3 4 3 17 32 37 48 40 37 37 51 34 48 44 57 51 10 25 9 36 52 31 12 13 15 3 10 36 47 52 28 17 29 40 48 41 30 28 29 50 71 84 58 43 23 18 17 10 29 63 53 40
0 0 0 0 0 0 1 0 0 0 1 1 0 0 1 3 4 5 3 6 7 1 3 6 31 18 20 28 51 37 33 14 19 29 29 45 59 57 40 4 10 8 4 5 15 16 15 4 15 24 18 15 13 14 22 42 48 55 58 58 18 37 26 30 44 14 10 11 9 8 11 41 32 46 17 13 24 23 45 36 36 33 37 39 70 86 83 38 24 21 18 12 28 51 61 55
0 0 1 1 1 1 0 0 0 0 0 0 0 0 0 1 3 3 4 7 3 3 3 4 14 22 10 19 20 15 24 22 32 20 51 70 50 56 40 22 30 33 23 23 36 34 37 19 6 2 3 4 3 1 6 45 76 88 66 32 50 35 29 20 32 25 12 22 7 7 45 43 49 41 17 27 50 32 34 42 25 23 18 11 57 64 61 62 41 23 22 14 18 32 39 20
0 0 0 1 0 1 0 0 0 0 0 0 0 0 0 0 1 1 2 1 3 4 4 3 27 43 13 16 13 26 31 36 23 46 52 55 26 27 31 52 41 47 54 65 57 36 46 38 18 12 8 7 11 1 3 9 74 83 57 38 35 43 24 17 27 9 11 13 4 33 62 59 49 54 23 22 52 48 43 70 47 31 17 10 21 46 50 49 48 29 23 20 10 20 59 15
1 1 0 0 0 0 1 0 0 0 0 1 0 0 0 1 1 1 1 1 3 5 6 3 14 17 17 18 24 24 28 44 48 38 40 20 37 43 35 47 66 69 60 37 40 21 34 41 22 17 14 4 7 4 9 6 23 34 46 53 36 22 17 36 33 6 12 37 65 47 65 79 41 74 37 16 44 67 48 65 56 52 36 16 16 43 64 48 56 35 29 16 6 11 44 34
1 0 0 0 0 1 1 1 0 1 1 1 1 0 1 0 0 1 1 2 2 3 2 1 7 14 12 6 7 19 15 15 26 37 47 30 27 42 28 64 37 39 56 41 25 20 22 29 28 13 18 16 6 10 14 11 15 33 52 48 16 16 57 49 30 7 26 39 49 61 48 52 31 38 61 45 29 26 28 64 30 27 44 32 23 11 45 26 55 26 30 15 9 9 13 28
1 0 0 0 1 1 1 3 2 4 2 2 1 1 1 1 1 1 1 5 2 3 3 3 15 12 20 17 8 14 16 24 30 52 60 44 64 36 51 24 41 26 19 19 30 29 53 37 35 12 13 13 12 12 20 15 16 25 46 52 51 16 23 28 17 20 47 13 38 58 60 43 46 23 54 63 39 23 26 75 82 43 20 55 37 10 8 12 47 35 27 27 10 9 8 27
0 0 0 0 2 1 0 1 1 1 0 1 3 1 0 0 1 1 1 5 9 7 9 5 16 8 12 26 12 10 36 50 56 23 13 69 62 28 29 30 40 51 29 17 13 30 23 8 11 8 18 11 11 13 13 14 8 13 27 20 20 22 14 14 16 36 52 7 34 22 48 59 47 18 16 44 43 55 29 51 81 57 47 20 34 14 4 11 43 53 12 34 17 8 9 20
1 0 0 0 3 2 1 2 5 2 3 1 1 13 8 3 3 2 2 13 9 15 12 8 18 13 9 36 30 18 18 15 7 6 6 20 32 41 18 36 35 49 41 38 26 8 4 3 2 2 6 5 3 5 9 4 5 6 6 15 26 22 15 22 45 40 31 14 25 26 28 45 37 36 24 59 61 43 36 18 55 56 35 53 19 11 7 7 7 28 7 15 13 5 4 6
1 1 0 0 3 2 2 1 9 3 1 3 6 7 10 10 16 6 6 6 15 19 39 21 15 16 34 25 51 30 13 9 20 19 13 2 7 34 35 15 27 47 58 60 36 25 18 12 7 7 3 2 1 1 1 1 1 1 8 18 35 22 31 34 20 43 23 29 34 30 21 31 49 54 16 47 54 37 39 25 37 51 24 10 32 17 7 7 5 8 9 10 15 6 3 3
5 6 1 2 4 1 3 1 3 5 5 6 9 16 18 13 26 29 10 10 34 65 68 78 69 60 60 41 58 43 65 66 72 42 17 16 18 14 12 23 46 33 42 46 55 49 43 26 20 17 8 8 7 7 6 6 6 5 16 31 31 28 22 23 19 37 38 49 19 41 18 15 45 31 15 36 33 17 22 19 17 22 47 9 9 6 7 3 2 5 4 6 3 3 2 2
5 4 8 6 7 1 2 2 6 10 9 6 7 30 42 28 30 60 45 66 72 74 83 81 71 79 74 69 74 79 53 28 44 52 44 21 28 22 9 7 33 38 43 60 52 49 49 37 34 28 20 17 19 17 8 13 8 10 17 17 25 18 11 13 11 44 28 45 36 37 11 16 24 29 18 32 26 35 11 17 16 6 19 11 5 12 4 3 1 2 4 3 3 2 2 2
3 10 8 6 9 8 10 7 9 20 20 32 29 37 52 77 73 59 70 36 43 53 59 79 75 73 82 80 80 81 24 15 14 14 30 34 45 24 30 22 23 50 54 49 47 44 36 63 52 35 27 25 22 23 19 19 20 5 11 13 16 10 12 20 37 55 48 27 35 16 18 10 20 20 19 12 10 16 19 10 15 8 13 10 3 10 4 2 1 1 3 3 2 3 1 1
5 15 9 6 13 10 11 11 18 34 53 66 77 82 89 87 77 72 82 64 34 17 47 66 49 47 37 65 67 59 44 10 8 6 9 14 26 22 26 31 13 27 34 36 22 20 12 26 34 32 43 44 29 26 23 35 23 7 7 8 5 13 28 38 46 35 20 20 14 27 21 29 13 12 11 9 9 9 15 9 7 6 6 4 4 4 4 2 2 1 2 1 1 2 1 1
8 17 7 9 28 25 21 37 55 72 80 82 81 87 82 90 76 76 90 41 68 33 19 40 30 18 22 24 27 27 49 31 21 4 7 4 13 11 11 28 24 21 43 18 23 19 11 21 20 12 11 10 9 16 17 7 27 15 10 7 10 15 30 37 38 27 12 25 34 21 23 14 12 9 7 4 5 4 7 6 6 5 2 3 2 1 1 1 1 1 0 0 0 0 0 0
6 30 21 22 32 51 62 73 68 84 80 89 75 87 80 84 62 66 85 74 33 41 23 12 12 10 5 4 14 15 22 62 30 9 10 8 25 51 48 33 33 22 20 11 9 13 13 5 3 5 6 15 26 27 14 14 30 17 26 8 14 19 29 22 32 14 8 16 30 27 16 10 5 9 6 3 2 1 2 2 3 2 1 1 1 1 1 1 0 0 0 0 2 1 1 1
20 35 53 54 72 83 83 82 79 82 78 91 80 79 62 76 62 74 74 78 26 47 47 20 13 3 3 1 5 8 7 17 22 11 11 16 10 18 18 20 15 15 15 24 23 14 15 7 10 11 32 51 47 31 49 11 32 31 8 3 3 12 10 24 17 17 9 5 7 9 7 8 3 1 1 1 2 1 4 4 2 3 2 3 4 4 3 3 2 4 1 1 6 3 2 4
50 67 73 80 81 77 86 79 82 73 89 73 48 61 59 56 63 64 66 71 35 22 29 18 15 9 4 5 12 13 14 26 19 7 22 17 24 23 34 24 38 26 37 36 40 38 27 23 17 22 32 60 66 65 61 31 37 32 16 20 10 2 3 3 4 4 6 3 3 3 3 3 3 5 9 8 13 8 12 6 6 10 5 8 5 17 8 3 6 5 2 2 6 5 3 7
74 78 82 72 83 80 85 73 74 59 72 18 32 25 33 48 49 38 38 58 35 16 7 6 9 13 13 10 16 7 38 45 41 26 37 40 37 30 35 35 35 38 39 39 52 38 44 29 14 48 47 48 63 50 39 34 60 37 29 45 33 20 20 19 18 15 26 17 12 10 10 11 19 19 19 11 18 17 18 15 15 14 13 13 20 14 11 7 7 4 6 4 8 5 12 12
20 35 52 49 71 69 78 74 42 9 4 6 15 10 9 11 13 22 40 55 35 10 11 20 10 11 36 26 38 28 38 41 41 36 35 57 47 26 50 42 40 53 52 51 40 38 45 34 28 38 50 47 60 70 53 55 47 35 44 45 39 39 39 40 38 31 44 33 26 13 21 24 22 23 34 23 23 35 21 31 29 19 21 21 39 17 13 11 10 10 10 6 13 15 16 25
20 14 9 10 7 10 27 29 27 9 6 8 16 16 7 4 3 5 22 29 17 9 38 12 25 36 47 38 53 37 36 31 51 37 28 46 43 24 43 48 39 56 40 36 38 42 58 43 29 33 52 52 30 77 58 68 41 45 52 42 55 42 38 38 38 26 50 32 19 26 28 27 39 27 38 27 27 41 40 38 24 25 36 27 30 20 16 16 15 13 13 12 34 23 19 19
36 50 43 18 17 13 4 9 14 6 11 14 12 7 3 4 1 11 9 15 23 41 48 24 45 41 47 43 33 14 5 15 37 34 29 39 26 29 42 51 54 35 40 34 35 55 45 30 44 39 56 63 42 76 71 38 68 62 55 38 50 41 56 54 39 43 38 36 33 19 31 44 44 31 44 43 33 48 31 41 31 42 43 53 35 21 11 24 19 19 24 28 37 15 39 20
46 34 33 22 12 9 10 10 19 21 24 26 18 6 6 14 15 18 24 35 61 60 57 36 43 31 30 40 40 32 20 14 35 30 33 30 23 31 33 43 21 15 40 45 36 73 44 44 57 32 65 38 72 75 46 55 73 61 39 52 39 53 53 41 27 45 42 39 23 37 54 60 54 36 48 51 51 56 36 34 37 50 49 41 30 16 14 33 28 16 40 43 44 19 11 48
26 35 37 28 30 17 29 25 33 35 40 48 35 25 20 31 19 26 43 50 60 44 25 41 49 31 17 26 40 37 26 16 27 33 19 40 26 52 37 25 32 22 46 30 24 74 52 54 42 33 47 73 67 52 48 42 59 71 41 56 54 62 54 31 57 52 56 41 20 41 54 76 61 45 52 58 60 47 39 28 46 72 63 54 46 19 38 59 42 19 34 61 60 30 15 47
43 49 28 28 17 27 41 33 29 46 43 46 41 37 40 36 35 45 46 48 56 43 42 47 36 23 25 36 30 35 16 29 17 13 39 43 40 32 35 23 25 15 46 18 13 53 59 55 33 40 51 38 69 20 15 12 32 59 31 62 71 56 51 70 57 55 37 18 26 59 64 82 70 52 57 70 79 54 53 31 54 78 56 40 35 28 50 67 48 30 21 72 80 53 31 43
24 37 28 34 26 39 42 41 38 36 52 43 38 36 58 29 34 47 43 40 53 51 31 47 31 31 35 32 26 45 20 36 18 16 23 42 20 27 19 30 23 27 32 22 38 37 67 52 21 33 53 45 48 29 23 15 22 35 23 68 73 62 64 70 33 51 22 19 29 63 74 77 75 59 65 74 84 47 57 30 61 85 62 34 29 36 58 74 56 37 29 64 75 65 25 47
19 23 45 33 22 29 44 28 26 28 48 39 30 44 34 32 22 41 49 30 30 39 50 40 29 26 25 19 16 63 23 31 20 21 24 40 34 24 16 25 16 31 24 19 33 32 46 19 25 17 31 64 47 38 25 25 46 26 30 61 51 59 81 47 56 50 33 34 48 50 75 75 77 49 56 76 64 42 65 37 49 76 65 54 35 39 64 77 58 46 33 49 70 50 37 51
8 12 17 16 9 9 25 20 17 23 21 25 24 36 28 26 28 25 35 31 24 15 22 39 33 25 31 20 12 21 36 44 17 15 21 38 22 11 14 21 17 32 23 19 20 31 23 18 15 15 15 38 16 17 24 25 42 18 36 46 38 59 34 47 73 37 35 39 59 47 64 84 63 36 58 76 64 42 70 42 51 74 51 48 48 36 37 75 75 48 31 52 71 51 36 52
2 5 4 6 6 7 14 16 8 20 17 27 26 24 19 30 23 18 24 30 17 11 9 32 31 18 31 10 11 27 26 30 12 12 22 16 12 17 13 24 30 12 19 32 28 18 9 26 13 9 6 19 6 11 13 26 33 45 40 21 20 16 31 72 32 42 54 31 43 51 43 71 36 32 54 71 47 45 61 29 62 67 48 49 50 54 25 36 78 44 36 46 71 63 51 42
1 1 2 3 5 3 5 5 7 13 11 22 18 17 17 20 16 16 12 15 21 10 27 20 25 22 17 16 4 14 24 31 3 6 11 19 9 4 9 12 28 11 20 10 9 11 10 4 11 12 9 13 17 8 15 17 41 34 26 50 39 20 49 38 52 59 29 30 37 55 31 63 28 27 39 63 36 56 59 26 46 50 34 62 62 60 34 33 75 56 33 50 58 42 48 38
0 1 2 2 3 1 6 4 6 9 10 19 13 9 10 16 18 23 14 5 6 5 33 4 15 16 15 11 4 6 8 13 1 2 12 3 2 2 10 3 15 6 10 7 7 9 8 33 41 60 45 34 36 26 15 25 32 22 27 37 30 26 40 16 51 25 29 32 39 57 23 43 25 40 18 40 27 49 41 31 54 37 32 50 64 35 46 32 50 40 47 37 67 69 72 59
0 0 1 1 1 3 1 2 4 4 8 11 7 12 5 13 4 16 15 6 3 8 15 5 11 14 11 15 2 2 2 3 4 6 2 2 4 4 9 5 9 7 10 22 11 45 27 61 32 39 22 24 37 55 58 42 40 12 13 41 24 25 10 16 38 23 22 27 35 51 51 40 42 34 26 54 23 56 26 25 62 24 60 52 63 38 50 38 37 56 54 64 67 74 79 88
0 0 0 0 0 2 4 1 3 2 1 2 2 7 4 7 5 12 9 10 6 11 10 19 4 4 6 5 6 6 2 1 4 2 19 31 17 13 35 58 33 34 26 63 33 28 66 65 25 47 34 28 36 62 52 37 48 46 35 58 39 57 48 31 21 28 37 33 29 33 49 55 39 68 76 70 73 85 77 53 58 68 69 70 35 84 84 71 63 32 50 42 55 77 59 65
0 0 0 1 2 4 1 1 0 0 0 1 1 6 5 5 5 7 5 6 8 7 5 16 7 3 1 2 2 2 1 3 4 1 2 17 31 7 10 38 41 46 32 57 71 29 35 45 52 52 60 20 26 65 69 30 75 63 81 74 42 54 40 49 33 52 36 61 66 17 23 62 63 38 65 74 52 72 55 80 46 65 79 68 46 82 75 62 86 78 65 36 51 66 46 35
0 0 0 0 0 0 0 0 0 1 1 1 5 4 2 5 2 6 3 3 6 4 6 8 5 3 1 1 2 5 3 1 2 1 2 5 7 5 3 26 35 19 48 68 56 18 29 29 34 46 57 23 28 52 49 65 53 47 62 72 40 17 27 59 58 64 59 57 54 64 19 55 76 34 63 79 27 19 28 84 77 52 49 55 68 75 73 79 88 78 49 68 33 27 63 71
0 0 0 0 0 1 1 0 0 1 1 2 1 3 1 4 3 3 2 1 2 4 5 3 4 3 0 1 1 3 2 1 2 1 2 1 4 18 8 28 18 36 26 26 71 46 25 21 33 35 51 50 28 64 64 87 42 70 87 86 68 14 45 51 52 77 68 76 49 75 37 31 68 39 60 80 48 34 26 74 66 71 17 17 31 69 78 72 81 67 29 72 49 36 53 64
0 0 0 0 0 0 0 1 0 1 1 2 2 1 2 4 3 2 1 1 2 3 2 2 2 2 0 1 1 3 2 2 2 1 2 5 5 7 28 71 26 46 31 55 58 64 31 30 55 45 81 83 49 63 86 91 60 84 89 80 73 34 71 76 56 48 40 33 58 83 45 26 51 27 65 70 87 42 50 84 61 75 68 28 26 45 67 62 61 44 65 88 49 32 20 21
0 0 0 0 0 0 0 1 0 0 1 1 1 1 2 3 3 2 1 2 1 2 1 1 1 3 1 2 4 6 6 7 4 5 10 14 9 21 48 49 43 17 19 61 69 44 24 23 37 51 75 68 69 43 75 91 66 73 82 76 82 72 76 86 41 45 57 32 62 77 71 46 16 31 80 78 81 73 42 86 45 66 77 49 29 26 58 49 50 23 77 87 67 47 48 20
1 0 0 0 0 0 0 0 0 1 1 1 0 1 1 2 2 1 1 1 1 1 1 1 0 2 3 7 12 2 4 2 8 13 11 13 7 19 32 33 63 29 53 24 81 34 39 34 19 40 68 67 47 24 26 65 68 78 84 81 91 77 79 79 77 53 57 45 54 60 82 61 30 27 64 76 84 82 57 70 67 62 67 79 47 30 19 21 19 35 75 54 78 50 46 28
0 1 1 0 0 0 0 0 0 0 1 1 0 0 1 1 0 1 1 1 1 1 0 1 0 1 1 1 4 3 2 11 8 8 27 19 12 7 4 20 21 14 5 5 29 26 65 56 21 14 36 17 28 14 12 20 21 60 65 64 72 74 68 66 88 51 52 44 14 71 91 47 32 26 69 59 59 68 38 51 56 24 69 80 67 44 13 14 16 26 16 39 81 48 33 38
0 0 0 1 2 0 0 0 0 0 0 0 0 0 1 0 0 1 1 0 1 1 1 1 4 13 3 1 3 3 5 5 17 21 21 21 15 21 11 5 8 24 11 6 11 17 29 39 40 15 18 14 28 16 18 35 27 16 27 46 46 23 34 67 91 73 41 44 53 76 88 57 25 15 29 42 63 49 61 65 54 18 53 69 80 33 22 11 35 41 23 41 89 62 58 58
0 0 0 1 1 3 1 0 1 0 0 0 0 0 0 0 0 0 0 2 0 4 2 1 5 8 12 2 2 7 8 5 15 26 13 7 25 24 8 9 11 36 21 12 19 17 18 17 18 10 17 41 48 44 36 35 26 20 16 12 4 2 13 77 80 78 54 28 34 71 81 76 66 28 17 40 57 43 44 30 54 39 26 73 75 61 26 16 38 31 52 81 82 82 67 62
0 1 1 1 0 1 4 0 0 0 0 3 0 0 0 0 0 0 0 0 0 0 0 1 5 7 5 7 7 16 7 5 21 13 23 25 18 32 15 25 18 30 34 19 10 32 19 25 18 8 15 53 63 70 64 56 43 37 33 29 33 29 29 52 53 65 56 23 12 46 44 78 79 38 19 46 58 42 26 41 66 35 23 22 74 77 29 14 43 54 51 72 50 77 47 30
0 0 0 1 2 1 1 0 0 1 2 2 5 2 1 2 0 0 0 0 0 0 1 1 1 2 5 13 8 12 6 8 7 4 25 33 13 13 25 44 32 38 31 22 8 14 44 35 26 16 14 36 75 77 75 74 61 60 52 52 77 79 82 71 59 57 47 30 12 8 36 50 81 64 58 21 42 48 27 6 20 31 33 45 64 74 45 23 13 32 36 31 75 76 86 57
0 0 0 2 5 3 10 1 2 1 1 1 4 4 3 1 1 0 0 0 0 1 0 1 3 2 4 11 5 4 3 13 24 19 34 25 20 32 50 25 47 43 22 29 35 35 47 50 35 26 16 22 47 71 68 77 77 74 55 44 35 50 59 64 73 70 72 61 39 3 11 49 57 64 58 50 33 15 21 20 48 38 19 27 26 64 64 21 9 18 26 32 26 66 56 71
5 2 1 1 1 4 4 1 1 4 2 2 1 1 1 0 2 0 0 0 0 0 0 2 6 1 5 7 7 12 12 48 27 15 18 30 20 24 18 7 15 51 63 42 60 47 39 37 39 40 36 17 13 17 54 55 52 70 71 63 57 52 37 42 46 64 69 70 67 57 40 61 54 71 43 42 32 21 31 21 18 20 13 36 29 65 72 18 7 25 34 23 26 26 57 73
2 5 3 1 1 6 15 5 1 2 2 2 0 1 1 0 1 1 0 0 1 1 1 4 3 4 2 3 4 3 2 3 4 17 15 18 20 25 28 29 18 8 19 66 67 77 67 51 46 24 34 33 24 13 21 34 29 24 38 43 48 61 61 49 28 30 58 66 68 50 57 75 55 77 63 43 40 41 23 12 13 26 12 18 30 20 55 28 7 13 28 31 14 9 49 73
2 2 29 8 2 3 2 8 9 4 4 2 0 2 1 2 3 2 1 1 0 1 2 2 3 2 6 15 8 6 9 16 12 17 19 38 40 39 38 44 45 37 20 14 14 61 68 63 43 30 23 34 25 13 5 5 5 6 6 7 12 29 25 35 35 18 19 29 29 26 55 55 54 49 48 51 55 48 28 32 28 23 11 12 37 46 31 36 11 4 17 25 15 34 76 32
1 2 6 5 4 3 0 0 18 40 33 28 2 3 2 1 1 7 1 2 1 1 1 1 9 2 8 13 4 8 13 19 11 15 23 31 30 40 37 39 44 36 52 47 46 28 15 11 37 38 45 16 14 9 12 19 20 19 18 15 15 5 4 5 7 5 4 3 4 16 23 39 35 29 23 19 18 39 32 28 19 10 27 22 23 34 26 45 26 6 4 17 39 75 42 68
4 2 5 27 11 4 3 1 2 26 7 3 4 3 3 2 3 0 1 2 0 0 0 2 3 2 3 3 2 3 3 6 9 15 15 19 35 48 32 46 51 55 52 53 54 42 36 35 23 13 11 8 10 24 28 39 38 40 37 44 17 5 4 15 16 25 12 14 3 3 7 18 15 10 10 9 12 17 22 36 31 11 8 10 10 12 20 33 40 10 4 14 79 46 40 56
5 4 5 11 11 14 21 3 1 1 0 1 1 2 2 12 1 3 1 3 1 0 0 1 0 1 3 3 4 3 2 5 6 9 18 21 25 32 30 49 48 39 35 35 43 33 30 41 33 29 33 34 35 48 46 44 58 59 58 48 23 16 18 30 30 20 26 12 4 4 4 1 1 1 2 2 5 4 2 4 8 5 5 3 4 4 13 21 20 11 4 44 49 24 55 56
12 8 6 2 12 12 36 32 13 9 6 3 1 1 9 4 20 13 5 3 8 5 2 1 0 1 2 1 1 1 2 7 12 6 2 8 27 35 21 17 31 41 31 23 34 28 37 39 44 40 45 30 32 48 59 60 59 63 69 57 33 29 42 39 48 48 48 33 14 11 3 2 1 2 2 6 17 11 6 5 4 3 1 2 2 3 4 8 21 21 8 54 13 8 40 61
12 12 11 16 14 27 12 7 10 22 7 10 3 6 10 25 38 21 7 6 11 2 4 4 3 1 2 1 1 1 4 1 2 2 6 9 22 40 39 34 42 37 46 35 41 37 41 42 47 30 57 49 46 41 56 61 77 76 74 58 27 50 47 60 60 73 62 49 36 15 11 10 11 14 17 28 35 24 12 13 19 22 10 4 5 3 1 2 6 26 13 39 9 9 43 74
16 18 5 4 15 13 43 36 16 16 17 29 22 8 16 51 44 20 8 17 3 14 3 4 1 1 0 3 1 2 1 1 1 8 6 8 13 26 34 36 42 31 31 36 37 41 45 58 48 37 46 62 44 45 63 72 79 70 55 46 43 53 63 64 64 79 72 56 43 20 30 30 30 36 36 39 52 35 32 33 31 26 15 20 18 7 6 1 2 9 9 11 10 5 18 39
19 21 17 5 27 41 45 36 61 34 20 8 5 31 45 36 26 14 11 41 4 23 4 3 2 1 1 3 5 1 1 2 2 5 6 13 16 27 21 35 47 36 17 33 35 33 50 61 54 32 31 61 56 46 61 76 73 59 44 33 36 67 64 65 80 76 65 57 31 24 38 38 39 51 49 62 61 62 42 44 54 41 39 45 32 24 11 2 1 6 5 11 7 2 8 18
16 4 15 8 4 34 24 16 25 48 50 32 5 18 51 38 6 7 28 44 5 39 3 3 9 5 1 3 4 13 2 1 2 2 6 5 3 6 13 13 35 24 31 31 34 24 56 36 60 31 61 51 49 39 67 80 59 54 34 48 49 61 57 72 80 73 64 62 33 49 60 61 40 58 69 65 67 58 49 56 65 59 49 55 23 13 5 3 2 1 2 5 6 1 6 4
16 13 9 16 5 10 47 57 61 39 16 16 6 25 26 42 14 28 64 31 12 36 6 4 2 5 4 7 11 3 8 14 3 2 2 4 2 5 6 12 20 20 22 36 23 29 37 37 18 20 72 27 44 36 73 49 45 53 31 40 41 54 67 78 62 71 60 46 37 53 65 65 42 65 62 72 75 62 54 60 75 60 60 33 14 15 12 13 9 3 0 1 2 2 1 2
26 11 18 14 17 15 27 47 43 44 49 23 44 12 5 3 30 78 67 29 34 33 11 11 10 6 3 9 8 10 8 2 3 1 2 1 1 3 4 16 8 13 23 25 10 20 17 20 27 35 19 14 35 59 31 46 36 28 33 30 30 49 76 65 64 52 37 41 56 68 66 66 56 66 48 55 66 43 55 62 77 45 27 25 30 31 39 21 13 4 2 1 0 1 1 1
