sesion_6_simulaciones/modelos_agentes/ejemplos_netlogo/scenarios/echam4_b2/rob_2029.asc
NCOLS 322 
NROWS 307 
XLLCORNER 451900 
YLLCORNER 4086900 
CELLSIZE 100 
NODATA_value -9999 
[rows 148 to 221 of 307, columns 0 to 95 of 322]
1 18 21 15 24 41 32 24 7 5 5 59 62 65 52 64 74 62 46 62 34 41 14 7 1 2 1 3 1 1 3 1 2 2 2 4 3 5 4 5 23 20 18 17 21 12 27 22 16 34 17 13 23 13 18 36 31 15 11 25 40 42 35 22 35 51 52 36 42 74 66 66 38 45 66 75 22 17 14 29 28 21 9 11 38 26 7 4 18 14 11 13 25 22 11 26
3 17 23 41 36 50 42 47 48 11 15 34 51 77 71 71 81 50 62 62 60 53 15 27 9 2 1 1 1 2 14 10 1 4 1 2 2 4 4 7 13 10 5 8 24 59 36 22 11 12 9 23 26 23 6 7 8 5 29 26 25 60 37 28 39 60 57 57 59 67 42 21 14 48 35 29 53 10 11 32 28 15 19 12 6 26 11 6 4 7 3 16 9 23 14 5
7 3 9 31 30 54 51 18 30 32 21 20 78 80 76 48 84 69 71 75 59 35 22 13 20 9 2 3 2 3 4 8 5 9 11 11 4 8 9 11 6 6 13 31 52 33 21 16 12 12 12 15 16 15 26 17 26 28 28 30 44 61 30 33 60 62 71 73 53 17 56 33 32 40 60 21 22 7 2 7 16 17 11 19 7 7 21 12 5 6 3 2 4 6 9 3
1 3 6 5 8 7 8 10 13 13 25 13 38 67 62 53 78 76 73 42 12 13 24 39 42 23 10 3 3 1 1 4 40 21 36 43 56 10 6 10 27 20 53 55 18 14 7 15 9 7 17 16 18 15 20 15 35 37 40 41 61 59 52 41 59 75 68 50 77 41 21 53 57 25 27 9 20 35 14 6 7 13 14 7 10 5 7 21 13 6 5 2 1 4 7 6
22 8 4 4 8 11 12 17 18 24 18 29 14 15 13 10 11 17 23 25 18 53 61 47 65 31 51 14 12 16 6 12 22 4 1 1 12 43 7 4 19 19 25 29 21 33 36 43 21 10 18 19 25 18 7 18 25 59 37 60 56 64 73 88 86 74 71 42 40 84 41 35 31 34 16 4 8 8 25 16 7 8 14 10 6 7 5 6 15 4 3 2 1 1 3 2
33 22 18 12 16 9 15 13 6 13 37 24 20 29 18 17 7 24 39 56 84 66 80 55 56 29 25 26 12 40 27 4 2 3 5 1 4 6 19 6 4 61 14 24 24 15 7 13 29 17 28 35 32 22 11 13 24 49 69 61 79 69 80 78 79 77 69 24 33 70 72 53 31 18 23 13 9 7 12 9 12 8 7 11 7 5 4 4 20 9 2 2 2 1 3 3
64 35 55 30 32 45 49 11 12 9 11 18 23 45 39 15 9 20 55 61 73 86 74 84 63 61 62 56 26 34 56 51 15 3 7 7 15 13 13 24 4 41 30 18 28 5 9 13 9 24 35 47 58 43 45 21 30 48 67 71 52 39 75 77 75 67 64 47 31 47 77 25 27 16 10 7 11 4 12 23 7 11 8 4 4 3 3 2 5 3 6 2 1 1 0 1
66 55 68 42 52 42 29 39 14 11 15 12 54 31 19 36 23 15 18 56 70 59 61 70 49 55 60 55 26 8 26 67 76 47 33 14 16 20 19 27 13 34 68 28 30 18 7 8 10 16 15 17 32 11 16 41 33 58 45 26 24 25 32 52 56 22 31 18 44 56 50 44 21 14 16 6 6 8 8 15 11 6 8 5 3 2 2 2 2 2 3 3 2 1 1 0
45 57 62 74 75 44 28 73 23 10 17 18 22 21 42 42 29 41 26 16 19 53 62 20 39 66 44 74 43 11 10 13 45 65 51 34 22 19 16 24 21 32 75 22 28 31 22 29 32 33 34 37 25 23 34 26 41 72 57 54 55 48 24 13 8 23 17 22 16 29 31 43 47 19 9 5 6 7 8 12 11 17 3 4 2 2 1 1 1 2 1 0 3 1 0 0
61 79 66 85 65 31 64 79 36 29 35 22 49 71 47 31 49 37 25 22 26 21 15 50 46 23 32 64 70 35 24 14 12 60 52 51 55 52 44 54 48 35 69 75 38 33 37 37 39 41 53 56 31 51 54 24 27 46 60 43 40 24 14 22 20 6 3 12 29 32 32 40 16 17 8 7 8 7 11 7 8 6 7 2 2 1 0 0 1 1 1 1 1 1 0 0
43 81 43 80 47 67 74 72 21 49 51 28 18 17 33 33 43 67 57 70 32 19 26 17 27 25 42 80 41 79 33 42 36 53 23 48 50 73 56 39 48 26 53 71 79 40 34 31 53 40 38 31 27 50 54 27 45 74 74 73 40 48 48 37 32 14 11 16 20 20 19 24 18 8 13 3 6 9 8 9 4 3 4 3 1 1 0 0 0 1 1 1 1 1 1 0
21 72 55 70 63 73 69 29 36 63 62 46 43 23 21 12 18 27 26 66 41 18 21 20 64 68 62 69 35 73 75 27 25 39 60 69 57 82 86 52 48 22 23 66 75 68 58 40 49 23 14 20 51 52 47 40 43 31 28 28 24 41 54 46 44 26 24 21 15 16 16 14 9 12 3 5 4 6 3 2 2 2 1 2 2 1 1 1 1 0 0 0 1 1 0 0
20 18 14 52 68 69 27 26 72 45 60 73 60 39 30 32 37 34 40 22 29 48 41 15 54 55 65 74 72 43 84 79 36 17 35 76 74 58 60 63 68 21 22 67 82 83 55 43 47 45 35 23 75 42 83 87 84 78 82 72 49 28 36 29 29 23 22 22 16 9 9 13 10 10 4 7 3 3 3 3 1 1 1 2 1 1 1 1 1 1 1 0 0 0 0 0
19 55 36 28 24 46 35 75 78 52 48 67 50 52 25 36 31 31 39 27 32 34 36 16 62 72 63 85 78 59 74 85 78 44 37 10 28 59 42 23 34 23 16 81 83 81 66 66 59 69 87 92 79 49 43 79 79 39 44 66 58 34 45 34 27 18 15 24 16 6 7 6 7 6 4 4 3 3 2 2 1 1 0 1 1 0 1 0 0 0 0 0 0 0 0 0
49 52 38 55 45 22 51 82 72 77 13 50 65 65 74 42 55 28 27 25 26 15 39 60 83 60 84 89 74 74 53 67 80 54 49 28 58 76 82 83 66 53 33 58 83 69 62 89 59 65 84 84 92 69 48 82 88 62 44 33 71 67 26 50 29 23 12 13 11 7 8 6 5 3 3 3 3 2 1 1 0 0 0 0 1 0 0 0 0 0 0 0 0 0 0 0
38 41 62 44 34 13 45 66 49 80 32 40 72 58 73 57 29 48 38 54 56 55 20 50 65 73 82 83 61 82 66 81 70 71 69 74 68 76 82 74 17 62 67 37 18 51 60 82 66 53 76 71 75 83 38 56 74 90 65 45 52 31 29 28 29 36 30 19 10 5 8 4 2 2 2 1 1 1 0 0 0 0 0 0 0 0 0 0 0 0 0 0 0 0 0 0
20 22 16 27 41 39 17 78 40 31 31 48 57 19 41 59 35 43 37 64 63 40 36 17 47 82 75 82 65 84 68 70 62 48 63 67 81 73 72 80 74 55 26 23 10 15 58 77 59 27 42 68 76 82 76 81 83 78 85 45 31 33 27 33 26 24 28 10 6 10 4 2 2 2 1 0 0 0 1 1 1 0 0 0 0 0 1 1 1 0 1 1 1 1 1 1
17 31 41 38 22 20 19 36 45 41 62 55 64 64 32 50 46 57 25 19 35 69 46 26 15 27 34 66 64 40 18 17 17 29 27 24 63 43 49 64 65 57 50 21 7 14 59 62 53 41 31 24 51 80 76 70 58 56 76 72 30 18 24 23 25 20 9 11 6 2 2 2 2 1 1 0 0 0 0 0 1 1 1 1 1 3 3 3 1 1 1 3 2 5 4 1
30 20 17 17 29 26 28 18 21 19 38 67 65 71 25 22 28 61 62 43 31 28 47 15 26 36 32 27 20 29 40 30 41 37 56 28 24 20 19 21 15 35 28 14 14 22 50 53 58 41 36 33 9 41 40 47 47 62 37 51 41 18 38 33 25 12 10 5 4 3 2 2 1 0 1 1 0 0 0 1 3 4 2 5 6 7 6 11 6 7 17 16 7 12 5 2
20 23 29 53 42 45 38 32 37 38 45 13 18 24 30 43 32 16 62 65 54 30 27 9 27 59 58 46 34 39 54 61 32 61 31 25 24 31 34 28 22 12 20 23 34 37 54 54 62 47 33 16 18 14 23 47 19 13 11 31 17 20 17 9 14 7 3 4 4 1 1 1 1 1 1 1 1 0 3 3 8 9 10 14 15 27 27 14 13 17 5 2 2 2 3 7
28 31 44 33 26 37 42 26 47 63 19 29 47 42 29 45 13 17 21 26 38 22 19 15 33 32 51 46 62 30 55 48 38 45 30 26 34 57 29 56 38 18 13 13 16 25 36 47 42 42 26 41 36 25 27 26 24 16 19 23 38 28 13 4 5 5 4 1 2 1 1 5 5 2 2 4 1 2 6 18 33 25 26 47 38 34 31 17 22 20 6 1 1 1 1 4
49 65 63 64 33 25 28 29 44 56 32 34 48 43 42 26 30 25 38 37 26 31 32 19 34 30 30 53 26 36 48 49 49 37 30 28 25 50 28 60 41 31 29 10 7 5 22 22 65 63 37 29 60 32 14 34 37 45 37 22 25 12 6 3 4 3 1 1 2 2 5 9 14 4 6 7 4 6 20 32 51 70 32 59 34 29 20 20 16 12 7 4 1 0 0 1
14 15 20 15 20 21 40 50 54 39 41 18 38 48 23 11 18 18 27 24 13 11 9 17 28 26 27 30 45 45 40 37 25 34 23 9 33 27 45 58 41 37 53 27 30 14 9 21 22 52 32 42 32 14 14 26 24 17 12 6 5 3 1 1 1 0 2 6 12 9 16 25 23 14 20 12 6 13 37 44 76 53 35 25 12 2 2 9 3 4 2 1 1 0 0 1
23 33 26 37 33 37 28 45 36 34 17 21 31 45 50 43 41 21 17 15 20 7 9 26 59 49 29 28 44 26 21 37 67 39 21 11 34 20 57 23 54 34 49 39 24 14 19 21 11 28 36 28 11 17 14 11 29 9 5 4 2 6 6 9 3 6 9 20 23 23 25 38 23 21 26 19 14 26 51 64 64 41 18 13 7 3 2 2 4 1 1 1 0 0 0 0
20 19 18 39 52 21 26 35 30 34 30 24 46 29 59 45 31 52 44 29 57 26 30 22 50 62 36 55 21 26 40 26 55 53 28 19 25 34 40 20 28 27 41 43 19 30 20 12 13 18 18 24 18 16 15 11 5 2 2 9 8 17 17 16 10 12 23 30 47 52 36 48 49 44 30 37 43 53 59 58 47 52 23 11 4 4 3 1 5 2 1 0 0 0 0 0
23 21 35 47 28 29 24 38 45 37 50 52 49 40 28 29 62 61 39 38 41 28 49 27 33 55 66 43 25 23 17 19 19 18 31 39 12 15 45 43 42 44 37 26 35 26 24 22 14 17 19 21 29 20 9 6 7 10 14 27 25 24 35 26 18 30 37 42 60 46 51 61 74 38 40 50 62 68 76 49 17 12 11 11 7 3 2 1 1 1 0 0 0 0 0 0
19 19 33 35 16 50 37 40 60 67 74 69 61 66 42 19 25 42 39 46 17 34 62 33 39 29 54 69 42 59 43 34 28 29 46 56 25 34 47 57 46 12 16 26 20 25 13 11 18 24 23 36 22 15 19 9 14 16 35 34 32 32 44 33 26 40 51 36 66 63 52 77 62 45 55 75 63 66 26 74 43 37 12 6 6 4 2 2 1 0 0 0 0 0 0 0
16 21 36 23 19 13 22 32 25 36 56 71 49 52 64 24 33 28 24 23 24 60 59 45 26 37 19 40 31 38 29 26 40 39 57 50 28 42 58 55 45 24 12 10 18 17 21 35 21 20 35 22 17 33 17 15 25 40 41 54 46 45 46 36 36 66 70 55 73 73 71 71 82 82 57 61 65 64 23 16 33 39 20 12 4 2 2 2 1 0 0 0 0 0 0 0
15 23 38 28 26 15 20 16 29 34 21 23 18 22 27 42 39 33 60 31 47 59 39 59 20 56 24 57 24 25 35 37 41 34 47 39 39 29 52 49 42 19 8 16 20 19 26 26 26 26 26 38 26 20 18 31 43 43 41 48 46 38 56 49 55 72 72 68 66 85 76 69 64 73 29 26 16 41 46 21 10 21 9 5 3 2 2 1 0 1 0 0 0 0 0 0
23 43 47 63 15 60 47 11 38 36 35 27 55 30 42 44 42 32 33 32 27 51 31 42 30 27 35 29 24 42 35 30 37 38 39 31 33 24 36 55 37 35 33 37 44 22 29 23 39 49 45 57 41 26 39 41 46 56 41 46 64 49 65 67 61 72 55 75 39 57 81 79 76 60 73 56 35 13 7 16 10 6 11 7 5 3 3 3 1 0 0 0 0 0 0 0
58 43 18 24 52 34 15 35 38 45 25 45 27 25 56 33 34 13 30 35 39 12 27 38 24 19 24 12 18 16 14 34 31 56 20 24 18 36 39 15 23 36 16 20 20 29 16 29 44 61 53 50 44 42 39 56 49 60 58 49 58 66 61 65 64 74 55 52 76 41 73 75 54 70 74 79 59 54 47 26 18 10 3 2 3 4 2 2 1 0 0 0 0 0 0 0
40 75 38 37 14 26 20 36 31 39 46 22 23 45 52 60 64 23 27 51 34 26 10 20 31 9 22 16 16 10 11 35 37 25 16 23 19 21 50 29 18 32 17 56 28 25 38 22 52 59 48 44 45 42 40 45 66 58 55 71 72 79 72 56 66 32 46 41 45 49 35 63 40 49 66 71 72 81 61 40 38 42 33 15 3 2 2 2 1 0 0 0 0 0 0 0
19 22 19 17 40 47 22 27 37 45 41 22 33 25 16 20 16 19 28 40 52 25 25 13 25 15 14 9 10 18 21 32 21 19 20 12 24 36 49 36 20 23 31 61 22 46 27 35 48 68 38 41 43 39 42 48 68 71 57 67 79 56 42 73 73 65 49 28 19 7 13 14 22 24 46 59 51 58 63 38 57 37 24 6 3 3 3 2 2 1 0 0 0 0 0 0
18 14 29 26 27 41 40 21 14 35 15 13 25 26 55 25 43 22 33 23 37 27 21 21 16 25 29 10 13 12 28 15 16 28 8 8 15 50 27 25 16 29 32 45 36 37 39 46 57 53 35 50 40 39 55 39 63 78 79 60 69 73 31 18 15 23 29 45 37 25 12 8 4 11 20 38 28 50 67 24 35 55 22 10 6 3 2 2 1 0 0 0 0 0 0 0
14 43 30 17 15 24 26 14 12 8 14 13 17 37 28 24 29 38 27 26 17 46 18 36 17 27 40 10 9 18 8 9 31 20 16 31 22 57 10 8 17 40 37 45 46 30 34 36 51 32 57 65 52 57 58 56 63 66 67 45 48 64 37 28 56 69 73 55 53 36 27 33 9 3 5 23 18 38 57 40 21 18 15 8 4 4 3 2 1 1 0 0 0 0 0 0
15 32 24 21 19 25 20 19 6 3 7 11 22 13 20 22 19 40 21 11 9 14 17 12 9 23 23 12 16 14 8 12 23 11 6 13 17 31 19 17 23 35 58 61 30 31 49 41 49 49 71 78 60 80 73 86 72 64 72 43 32 15 65 58 23 52 70 58 61 60 56 32 13 10 4 4 4 10 34 15 9 3 2 6 1 2 1 1 1 1 1 0 0 0 0 0
27 7 10 22 7 16 10 2 3 1 3 2 4 10 23 14 8 14 28 11 9 6 6 10 4 12 9 11 17 12 2 4 6 10 11 7 28 20 12 22 29 49 73 86 74 67 53 69 59 32 75 56 85 74 70 76 43 53 71 77 30 27 21 76 37 29 49 64 52 44 64 62 61 26 15 5 2 1 1 1 2 1 1 3 3 1 1 0 0 1 0 0 0 0 0 0
2 3 8 7 6 4 4 1 1 7 18 1 3 6 6 11 12 10 14 11 9 8 9 8 2 3 7 8 5 3 1 2 2 31 33 38 58 65 74 73 74 84 70 84 77 83 73 31 64 64 42 41 61 66 68 71 45 71 73 59 56 39 16 49 72 28 10 30 55 70 56 47 22 18 23 15 4 1 2 0 2 2 1 1 2 2 0 0 0 0 0 0 0 0 0 0
2 3 4 2 2 2 7 23 42 8 9 25 27 4 3 8 4 4 6 3 5 2 2 3 4 2 6 14 22 3 1 5 5 3 9 41 59 64 71 75 64 76 72 67 78 83 80 51 35 39 79 59 30 58 26 33 34 71 85 68 53 44 31 27 80 40 37 16 33 46 71 17 7 13 14 23 13 9 6 3 1 1 0 1 1 1 1 0 0 0 0 0 0 0 0 0
6 6 7 11 10 21 34 20 20 24 23 12 18 9 6 4 2 2 2 2 1 2 9 17 30 30 10 5 17 4 1 15 18 9 12 15 20 58 64 77 62 39 55 52 63 82 87 87 43 41 57 65 48 26 49 18 49 57 77 73 24 35 28 17 76 53 25 21 16 59 61 72 31 20 12 7 4 3 2 2 3 2 1 0 0 0 1 1 0 0 0 0 0 0 0 0
17 19 14 42 27 34 38 52 53 48 31 27 37 15 12 3 2 2 1 3 2 2 1 3 7 16 25 18 7 7 6 6 19 16 5 13 29 42 55 71 67 38 23 39 54 79 85 84 88 84 35 47 41 37 22 18 32 55 69 74 26 29 33 26 46 83 54 31 15 7 9 26 11 12 8 17 10 3 2 1 1 1 1 1 0 0 0 0 0 0 0 0 0 0 0 0
14 32 33 50 51 43 61 44 72 57 37 62 47 20 52 32 27 12 3 1 1 1 1 1 2 4 9 27 4 3 6 6 20 14 27 23 14 15 8 6 49 59 26 39 35 45 64 66 83 88 82 52 50 63 39 44 28 59 73 63 65 24 41 31 18 72 84 59 36 10 5 6 23 13 7 6 8 9 3 2 1 1 1 1 1 0 0 0 0 0 0 0 0 0 0 0
3 7 26 54 66 51 78 77 79 76 67 69 45 62 72 61 38 19 33 8 5 3 4 4 4 11 25 13 6 7 8 19 31 23 25 35 27 24 19 17 15 28 25 27 18 37 69 49 69 80 88 58 47 45 53 46 10 47 64 63 60 41 27 23 11 56 69 72 40 30 4 2 14 29 9 2 2 1 3 1 1 1 1 0 1 0 0 0 0 0 0 0 0 0 0 0
8 8 17 63 67 72 71 60 58 80 86 68 77 77 77 62 46 51 36 33 18 2 7 14 27 58 51 12 5 11 13 14 17 27 17 26 29 33 40 23 16 18 15 14 26 34 51 48 18 63 78 84 43 33 41 19 15 10 34 43 76 67 15 14 30 36 36 61 18 26 16 2 3 12 8 5 2 2 3 2 1 1 0 0 0 0 0 0 0 0 0 0 0 0 0 0
5 7 8 12 14 16 34 41 41 16 41 73 89 83 79 48 51 71 54 36 49 8 11 6 5 10 40 59 17 6 13 14 21 36 29 22 32 33 49 29 34 46 35 27 20 12 53 54 41 28 54 73 56 27 12 10 24 9 15 34 36 30 20 14 16 22 11 57 14 18 11 10 1 5 5 8 4 3 3 2 2 1 0 0 0 0 0 0 0 0 0 0 0 0 0 0
3 7 16 36 25 38 70 38 35 26 33 20 64 83 87 70 68 70 49 51 32 48 23 19 21 13 6 12 21 9 3 18 21 45 23 26 14 21 44 36 34 30 24 24 38 33 30 11 31 56 33 41 11 12 6 17 14 19 13 15 30 36 25 16 6 6 7 32 40 8 4 7 6 1 3 2 4 2 1 1 1 1 1 0 0 0 0 0 0 0 0 0 0 0 0 0
3 10 6 6 14 15 18 29 32 26 16 11 14 40 66 78 78 41 13 16 18 51 30 43 35 25 19 6 6 18 8 49 38 20 55 34 32 36 41 25 31 50 52 44 49 31 36 19 20 15 56 35 26 16 10 8 16 15 11 12 23 38 22 12 9 6 10 21 40 17 5 2 8 4 2 1 1 2 1 1 0 0 0 0 0 0 0 0 0 0 0 0 0 0 0 0
11 2 6 12 20 26 19 19 24 30 38 27 47 26 23 30 40 26 21 31 59 19 20 40 63 64 17 15 10 52 26 29 63 49 64 25 70 39 30 28 35 35 32 41 35 36 37 22 20 20 17 24 15 16 18 13 10 13 6 3 6 9 16 13 15 8 6 9 13 16 8 8 7 3 3 1 1 1 1 1 1 0 0 0 0 0 0 0 0 0 0 0 0 0 0 0
33 12 22 15 13 29 17 28 43 38 25 30 18 36 43 33 32 27 21 35 21 48 36 26 14 30 41 42 53 9 13 46 43 15 34 32 17 55 30 29 34 43 21 28 17 19 17 23 26 25 12 7 24 27 16 23 12 10 8 8 3 6 15 8 7 6 4 4 7 14 3 3 3 2 2 1 1 0 1 1 1 0 0 0 0 0 0 0 0 0 0 0 0 0 0 0
49 43 6 8 30 13 35 62 33 21 34 29 30 57 18 34 27 24 19 14 26 39 34 30 26 16 22 26 14 21 11 42 37 40 42 53 16 23 49 18 23 40 32 40 37 14 20 23 15 22 9 13 3 9 8 27 7 10 7 12 6 5 2 2 1 1 0 1 2 2 1 0 2 1 1 2 1 1 1 0 0 0 0 0 0 0 0 0 0 0 0 0 0 0 0 0
54 42 73 16 15 37 11 15 41 47 28 38 29 47 16 43 37 31 27 34 43 54 35 19 31 31 24 30 52 52 43 12 9 16 39 30 29 8 49 42 37 30 13 20 32 29 19 11 17 21 12 3 22 12 8 23 12 4 6 3 2 4 2 2 1 0 0 0 1 3 2 1 1 1 1 2 1 1 2 1 0 0 0 0 0 0 0 0 0 0 0 0 0 0 0 0
48 48 62 48 13 14 40 18 8 19 35 24 17 25 28 32 21 14 21 35 38 40 71 47 37 36 31 28 58 69 47 27 11 25 46 39 54 26 8 51 28 39 37 30 15 14 19 22 16 17 7 2 5 2 2 8 4 4 3 1 2 3 2 2 1 1 0 0 0 1 1 1 2 2 2 2 3 1 1 0 0 0 0 0 0 0 0 0 0 0 0 0 0 0 0 0
46 58 75 59 66 30 10 58 22 21 58 24 35 25 15 40 19 25 22 20 16 31 58 47 39 41 37 33 46 71 75 48 26 21 61 57 60 38 16 27 69 27 24 53 32 31 22 26 22 9 5 2 1 2 2 2 4 3 2 1 1 1 1 2 1 1 0 0 0 0 0 1 1 0 0 1 1 1 1 0 0 0 0 0 0 0 0 0 0 0 0 0 0 0 0 0
54 46 43 65 42 47 49 22 65 34 50 68 53 61 43 23 26 19 28 51 27 41 66 61 40 40 40 30 20 24 66 57 39 28 23 62 44 32 25 14 20 54 14 16 17 18 19 26 35 15 20 5 3 2 1 1 1 1 1 4 1 0 1 0 0 0 0 0 0 0 0 0 0 0 0 0 0 0 0 0 0 0 0 0 0 0 0 0 0 0 0 0 0 0 0 0
29 67 60 71 55 64 68 57 37 27 21 19 29 23 21 50 41 26 44 20 60 26 69 78 40 42 45 28 17 7 15 40 59 41 15 42 52 20 48 37 25 14 40 41 20 18 28 17 25 11 20 6 2 2 1 1 1 1 1 1 1 1 0 0 0 0 0 0 0 0 0 0 0 0 0 0 0 0 0 0 0 0 0 0 0 0 0 0 0 0 0 0 0 0 0 0
16 21 17 29 34 19 18 17 30 30 44 43 45 52 20 24 51 49 42 45 32 25 60 83 65 57 50 49 30 9 8 9 49 34 36 35 52 19 47 50 35 15 12 35 25 31 21 17 18 6 1 2 3 2 2 2 0 0 0 0 0 0 0 0 0 0 0 0 0 0 0 0 0 0 0 0 0 0 0 0 0 0 0 0 0 0 0 0 0 0 0 0 0 0 0 0
23 36 27 15 20 30 23 24 33 56 26 54 37 27 30 37 31 20 26 45 25 72 42 66 73 58 61 54 52 23 10 12 8 22 36 38 44 21 46 27 35 32 23 17 28 19 18 25 18 11 6 2 3 1 1 1 0 0 0 0 0 0 0 0 0 0 0 0 0 0 0 0 0 0 0 0 0 0 0 0 0 0 0 0 0 0 0 0 0 0 0 0 0 0 0 0
38 23 42 19 27 47 31 34 32 47 21 31 27 17 26 58 41 41 29 30 61 48 35 28 76 50 22 18 17 11 13 5 13 6 11 17 77 54 28 41 26 14 22 23 14 24 12 12 24 20 14 5 2 1 1 1 0 0 0 0 0 0 0 0 0 0 0 0 0 0 0 0 0 0 0 0 0 0 0 0 0 0 0 0 0 0 0 0 0 0 0 0 0 0 0 0
29 24 24 21 14 21 19 13 16 21 33 35 29 16 26 31 23 38 43 70 48 32 41 61 76 68 33 24 25 25 23 22 8 12 13 9 5 8 21 23 17 30 11 20 16 23 24 12 24 11 13 10 4 2 1 0 0 0 0 0 1 1 2 1 0 0 0 0 0 0 0 0 0 0 0 0 0 0 0 0 0 0 0 0 0 0 0 0 0 0 0 0 0 0 0 0
19 15 15 13 13 10 16 15 9 7 15 14 13 32 30 29 20 42 30 25 29 29 16 10 17 18 14 20 42 42 25 48 33 13 9 6 8 7 5 18 14 27 19 9 24 15 21 14 11 5 6 5 3 2 1 1 0 0 1 1 2 2 1 1 1 0 0 0 0 0 0 0 0 0 0 0 0 0 0 0 0 0 0 0 0 0 0 0 0 0 0 0 0 0 0 0
17 11 10 4 6 10 18 26 54 51 43 12 16 29 21 15 23 39 51 39 44 23 26 22 15 19 47 25 30 41 52 38 21 23 24 4 3 4 6 9 9 13 19 21 20 16 9 7 14 5 3 2 1 1 1 1 1 2 2 2 4 3 3 2 1 1 1 1 1 1 1 0 0 0 0 0 0 0 0 0 0 0 0 0 0 0 0 0 0 0 0 0 0 0 0 0
5 5 4 4 15 14 13 25 65 67 55 59 36 14 22 37 28 38 39 20 17 18 42 28 27 28 44 19 9 28 23 16 7 13 22 12 5 4 10 5 4 6 6 7 9 9 9 5 8 4 2 1 1 2 3 3 3 4 5 5 3 4 4 3 5 2 2 2 2 2 0 0 0 0 0 0 0 0 0 0 0 0 0 0 0 0 0 0 0 0 0 0 0 0 0 0
4 6 15 11 27 18 42 31 11 22 60 60 54 65 67 54 79 52 39 40 16 8 33 24 25 35 20 19 13 11 25 26 24 17 23 10 7 15 20 6 3 16 7 10 6 3 8 3 3 2 1 2 3 6 7 8 5 4 4 6 4 7 8 10 10 5 3 2 2 1 1 1 1 1 0 0 0 0 0 0 0 0 0 0 0 0 0 0 0 0 0 0 0 0 0 0
8 4 2 8 30 47 53 78 71 37 48 77 66 53 76 56 82 81 79 56 31 41 10 10 11 9 30 33 36 47 14 51 48 23 8 11 4 13 13 7 17 9 7 6 7 4 5 4 3 2 4 5 11 22 20 13 15 8 8 8 6 12 13 14 9 6 4 3 3 3 2 0 0 0 0 0 0 0 0 0 0 0 0 0 0 0 0 0 0 0 0 0 0 0 0 0
12 14 34 9 9 27 51 69 73 41 30 79 41 37 74 57 53 31 45 60 19 30 24 17 14 17 26 33 31 52 25 16 13 30 18 17 7 25 11 10 16 20 16 14 13 19 17 11 3 10 16 18 22 36 37 32 11 6 25 13 10 15 16 10 13 14 2 8 6 3 2 1 1 0 0 0 1 0 0 0 0 0 0 0 0 0 0 0 0 0 0 0 0 0 0 0
44 18 30 59 38 18 18 27 30 71 27 70 49 44 72 36 17 23 35 27 19 8 24 16 20 35 34 17 11 33 23 15 7 5 7 6 20 24 11 7 37 37 18 38 31 14 12 6 5 14 30 31 33 67 30 23 19 8 38 16 13 16 25 28 16 11 8 9 3 1 1 1 1 1 0 0 0 0 0 0 0 0 0 0 0 0 0 0 0 0 0 0 0 0 0 0
67 65 36 55 69 77 67 37 18 17 46 78 65 32 69 35 33 24 35 31 12 9 31 13 31 26 28 25 20 15 9 12 12 18 21 14 28 6 10 19 37 36 45 47 25 10 6 8 20 15 30 52 68 36 22 28 27 14 53 22 43 15 32 15 13 33 16 5 8 3 2 1 4 3 1 0 0 1 0 0 0 0 0 0 0 0 0 0 0 0 0 0 0 0 0 0
62 74 73 64 68 84 71 85 58 16 34 66 14 25 53 46 36 15 48 9 10 8 18 10 45 29 16 13 12 3 3 12 19 13 31 11 38 9 26 25 53 56 61 25 22 13 10 26 38 34 31 58 58 37 40 55 44 26 64 55 29 35 28 34 47 26 17 11 6 2 2 11 4 0 1 1 0 0 0 0 0 0 0 0 0 0 0 0 0 0 0 0 0 0 0 0
56 80 78 83 77 73 82 82 70 42 37 33 42 18 50 39 28 20 15 9 9 9 26 15 21 20 17 34 25 22 26 25 16 7 10 23 53 23 30 40 67 65 46 25 13 22 24 52 65 48 38 62 52 34 49 71 32 53 58 50 56 21 32 64 58 29 18 8 8 9 5 5 2 1 1 0 0 0 0 0 0 0 0 0 0 0 0 0 0 0 0 0 0 0 0 1
15 71 82 70 78 37 61 71 71 69 59 66 47 16 51 73 45 20 22 15 7 15 25 15 13 15 27 9 12 13 5 11 8 21 51 34 54 25 26 42 66 45 22 10 20 45 43 46 75 57 62 64 34 57 70 63 31 53 41 67 54 60 63 54 34 19 22 9 4 1 1 1 0 0 0 0 0 0 0 0 0 0 0 0 0 0 0 0 0 0 0 0 0 0 0 1
27 24 52 25 13 14 22 18 22 11 14 28 59 18 10 51 62 44 32 30 16 11 9 10 27 10 17 17 44 39 8 20 23 25 64 66 74 41 26 54 48 22 13 26 53 54 49 49 77 58 64 76 67 61 77 64 61 39 59 65 41 62 48 17 6 6 3 5 9 6 5 3 3 1 0 0 0 0 0 0 0 0 0 0 0 0 0 0 0 0 0 0 0 0 1 1
30 29 13 17 27 53 55 22 25 5 10 13 8 4 15 10 11 22 9 8 6 26 14 16 8 28 25 30 19 28 25 43 38 39 65 77 59 50 41 58 29 28 26 46 60 58 67 44 66 76 69 83 86 71 65 80 81 62 80 75 71 78 51 56 31 24 19 13 6 1 2 2 1 1 1 1 0 0 0 0 0 0 0 0 0 0 0 0 0 0 0 0 0 0 0 1
50 48 41 31 52 60 62 49 20 17 27 19 23 16 16 21 16 6 6 9 11 33 14 14 27 34 16 60 53 42 51 57 52 53 64 42 27 43 25 56 43 34 32 48 64 70 73 67 71 79 69 80 77 76 31 41 75 82 80 63 21 15 31 24 47 22 12 18 4 2 1 1 2 1 0 0 0 0 0 0 0 0 0 0 0 0 0 0 0 0 0 0 0 0 0 1
32 10 40 49 58 49 52 32 11 19 18 25 49 40 19 19 8 14 11 13 3 7 49 30 22 6 11 32 48 36 39 46 64 39 67 28 40 30 12 53 42 37 50 64 65 78 80 65 81 87 66 46 46 36 21 21 51 63 50 28 36 24 20 25 16 11 9 3 6 3 3 1 1 1 0 0 0 0 0 0 0 0 0 0 0 0 0 0 1 0 0 0 0 0 1 1
