sesion_6_simulaciones/modelos_agentes/ejemplos_netlogo/scenarios/echam4_b2/rob_2042.asc
NCOLS 322 
NROWS 307 
XLLCORNER 451900 
YLLCORNER 4086900 
CELLSIZE 100 
NODATA_value -9999 
[rows 146 to 218 of 307, columns 0 to 95 of 322]
1 0 1 2 3 3 7 4 5 2 19 24 7 21 18 15 22 13 7 3 2 1 1 1 3 1 1 2 2 1 1 1 1 2 5 6 3 6 11 20 19 20 26 25 3 20 21 24 28 17 13 29 30 20 8 9 15 33 24 22 15 46 33 25 12 26 24 32 56 54 45 73 56 72 60 74 78 70 77 69 42 65 75 61 41 42 61 34 65 74 59 62 58 57 55 73
6 8 11 4 16 3 1 1 8 6 13 31 17 59 30 27 50 26 10 9 8 5 1 1 1 1 2 1 1 1 2 1 2 4 1 2 5 5 6 4 6 15 22 42 32 16 28 17 22 21 24 14 13 43 58 29 28 24 19 23 34 33 40 20 24 35 50 33 47 61 46 58 65 62 79 53 66 59 75 65 25 36 46 55 31 8 12 23 65 58 60 66 31 34 26 61
0 8 9 6 11 20 16 11 3 3 3 46 47 48 36 50 59 45 28 42 18 25 7 3 0 1 0 1 0 0 1 0 1 1 1 2 1 3 2 3 14 12 12 12 16 10 22 18 13 30 14 12 21 13 17 36 31 16 11 26 42 44 39 25 38 54 54 37 42 73 66 66 39 46 69 78 27 23 20 36 34 28 12 16 49 36 11 7 30 22 17 20 37 33 18 38
1 8 11 21 18 30 24 30 32 7 11 28 41 67 60 63 73 38 50 45 42 34 7 13 4 1 0 0 0 1 6 4 0 1 1 1 1 2 2 4 7 6 3 6 17 50 30 18 10 11 8 21 25 22 6 7 8 5 28 25 25 60 38 29 39 59 56 55 58 67 42 20 14 50 38 33 60 14 15 40 35 21 26 18 9 37 17 10 7 12 5 25 14 34 22 8
3 1 4 17 17 36 35 11 20 23 16 15 72 76 71 43 81 63 63 65 47 22 11 6 9 4 1 1 1 1 2 3 2 4 5 4 2 3 4 5 3 3 8 20 43 29 17 14 10 10 11 14 14 15 26 17 27 28 28 29 42 60 29 32 59 61 69 72 52 16 56 34 33 45 67 27 29 10 3 10 22 24 16 28 11 12 31 19 8 11 6 4 8 11 16 6
1 1 3 2 4 4 4 6 8 9 18 10 33 64 59 51 77 75 70 36 8 7 12 21 26 11 4 1 1 1 1 2 22 10 19 25 34 5 2 5 16 11 42 45 14 12 6 13 8 6 15 14 17 15 19 15 34 36 39 39 59 56 49 39 58 74 67 50 77 41 20 56 60 30 36 13 26 44 20 8 10 18 21 11 15 8 12 31 21 10 9 4 3 8 12 11
9 3 2 2 3 5 6 9 10 15 12 22 11 12 11 8 10 15 20 19 11 40 43 29 46 16 34 6 6 8 2 6 12 2 0 0 6 24 4 2 10 10 15 21 17 27 31 39 18 9 16 17 22 17 6 17 23 57 34 58 54 63 72 87 86 74 71 42 40 85 42 38 35 40 22 6 11 12 34 22 11 13 21 16 9 14 9 10 24 8 6 5 1 2 5 5
16 9 8 5 7 4 7 6 3 7 25 17 15 24 14 14 6 21 33 49 77 54 72 40 39 16 13 15 6 23 14 2 1 2 3 0 2 3 11 3 2 44 8 18 19 12 6 11 26 15 25 32 29 21 10 13 23 47 67 59 78 68 80 78 80 77 70 25 34 71 74 57 36 23 30 18 14 10 18 13 20 12 11 17 11 9 7 7 31 15 4 3 3 1 5 6
45 19 34 15 17 27 29 5 5 5 7 11 16 37 33 12 7 18 51 56 68 83 68 79 53 44 43 37 15 23 43 35 8 1 4 4 9 8 7 13 2 26 17 12 23 4 7 11 7 21 33 45 57 43 45 22 29 46 65 70 51 38 75 78 76 69 67 51 34 50 80 31 33 21 15 10 18 6 18 33 12 17 16 7 7 5 6 5 9 6 11 3 2 1 1 2
52 40 51 25 36 26 17 25 6 5 8 6 39 23 16 30 19 13 16 53 68 55 57 67 43 44 47 41 15 4 18 56 65 35 21 8 10 12 12 16 8 25 56 19 24 15 6 6 8 14 14 16 33 12 17 42 32 57 43 24 23 25 33 55 59 25 35 21 49 61 56 50 27 21 23 9 9 13 12 22 18 10 13 10 5 5 4 4 4 3 5 6 3 2 1 1
35 45 48 64 66 35 19 59 13 5 8 10 13 15 33 34 23 35 22 14 18 51 61 17 34 57 32 59 28 7 7 10 36 56 42 24 15 11 9 16 14 25 63 15 20 23 17 24 27 30 32 35 25 23 33 25 40 70 55 52 54 49 26 16 10 27 22 28 19 35 37 54 57 27 13 7 9 11 14 19 20 27 6 8 5 3 3 1 2 4 3 1 5 2 1 1
55 75 58 80 56 24 53 69 25 19 20 13 36 61 38 24 41 31 22 20 23 18 14 48 43 18 24 50 57 23 17 10 9 54 47 43 47 40 32 43 38 29 63 63 26 20 27 29 32 34 48 51 29 49 52 22 25 44 58 41 40 25 15 24 24 8 3 16 35 39 41 50 25 25 12 10 13 12 18 13 14 10 13 5 3 3 1 1 1 1 2 1 2 2 1 0
40 78 38 76 42 61 68 66 15 37 39 17 11 13 27 29 38 64 55 68 29 16 23 15 24 20 32 71 32 70 25 37 31 50 21 44 43 67 47 32 41 21 49 64 67 27 21 22 40 30 31 26 23 46 51 25 42 72 72 72 40 48 51 40 37 17 14 21 27 28 26 33 26 14 21 5 10 16 13 16 8 5 7 6 2 1 1 0 0 1 1 2 2 1 2 1
19 71 53 67 61 70 66 25 29 53 53 33 32 17 17 10 16 25 24 65 38 16 19 18 61 64 54 59 28 67 70 24 23 38 59 66 54 79 84 47 42 20 19 60 67 57 45 25 36 17 11 16 43 47 42 35 39 28 25 27 23 41 57 49 49 32 30 28 20 22 23 21 14 19 5 8 8 10 6 4 5 3 3 4 5 3 1 3 1 1 1 1 1 1 1 0
18 16 12 51 67 67 25 22 66 39 54 67 51 31 23 26 31 30 37 20 29 46 39 14 52 52 61 69 67 39 82 76 34 16 34 76 74 55 57 60 65 18 20 64 78 78 41 29 33 35 24 17 70 37 81 84 82 77 81 71 49 28 38 33 33 28 31 29 23 13 14 20 16 16 7 12 5 6 5 6 3 2 2 4 2 2 2 2 1 1 1 1 0 1 0 0
16 50 33 26 23 46 33 72 75 48 45 63 44 46 20 30 25 27 36 25 31 33 35 15 61 70 61 83 75 56 74 84 77 43 36 10 28 58 40 21 32 20 15 80 81 77 60 58 49 60 83 89 76 45 40 78 77 37 43 65 59 35 49 38 32 23 20 33 24 10 12 11 12 12 8 7 6 6 3 3 2 2 1 1 1 1 1 1 1 1 1 1 0 0 0 0
42 45 34 52 42 20 50 81 71 76 11 47 61 62 71 39 52 24 25 23 24 14 40 61 83 58 84 88 73 73 52 67 80 54 49 27 57 75 81 84 67 52 31 56 82 68 57 87 53 61 81 82 91 67 44 81 88 61 43 33 73 70 29 56 36 30 18 20 17 12 13 10 9 6 6 6 5 4 3 1 1 1 1 1 1 1 1 1 0 0 0 0 0 0 0 0
31 35 58 41 31 12 44 67 48 79 30 37 71 56 72 55 26 44 35 51 53 53 21 53 67 73 82 84 61 82 66 81 72 73 71 75 68 76 82 75 17 61 66 34 16 51 58 79 62 51 75 69 74 82 37 54 73 90 65 46 55 36 34 33 36 44 40 28 16 8 14 7 5 4 3 2 3 1 1 1 1 1 1 0 1 0 0 0 0 0 0 0 1 1 0 1
15 19 13 24 37 37 17 78 40 30 29 46 56 17 39 57 32 41 35 63 62 38 35 19 53 83 76 83 67 86 71 73 67 56 68 71 83 76 76 82 76 56 25 21 9 14 57 75 56 25 39 67 75 82 76 81 83 80 86 47 35 39 34 41 36 32 39 15 10 16 7 5 4 3 1 1 1 1 1 2 2 1 0 0 0 1 1 1 3 1 1 3 1 2 2 1
13 25 35 34 21 19 18 38 47 41 62 54 64 63 31 50 45 55 24 19 35 69 47 28 18 32 37 69 68 45 22 21 20 33 33 31 70 53 57 70 70 59 51 20 6 13 57 60 50 39 30 23 52 80 76 71 60 58 79 76 34 22 30 30 33 29 13 18 10 3 4 4 4 2 1 1 1 0 0 0 1 2 1 2 3 5 6 6 3 2 3 6 5 10 9 3
22 16 14 15 26 26 28 19 22 21 38 68 66 72 25 22 27 60 61 42 31 29 50 16 30 39 34 29 22 32 43 32 43 40 61 35 30 25 24 27 20 38 29 14 13 21 48 51 56 39 35 33 9 42 42 49 51 66 42 59 49 25 48 44 35 18 16 9 8 6 4 4 1 1 1 1 1 0 0 1 6 8 5 9 11 14 12 18 11 11 29 28 13 21 10 5
13 17 24 48 38 42 37 33 37 36 45 13 18 24 30 41 30 15 61 65 55 31 32 10 29 60 58 46 34 41 55 61 33 63 32 28 29 35 38 32 24 14 21 22 33 36 53 53 60 46 31 15 18 15 24 51 22 16 14 39 22 28 25 16 21 11 6 8 7 3 2 1 2 1 2 2 2 0 5 6 14 15 17 22 24 39 40 23 21 28 9 3 5 4 5 14
20 24 36 28 22 34 40 24 44 61 18 28 46 40 27 43 12 16 20 26 40 26 23 19 35 32 51 44 61 30 54 47 37 45 31 28 37 60 31 58 40 19 13 14 15 24 36 48 41 41 26 41 38 29 32 31 28 20 27 30 48 39 20 6 8 8 7 2 3 1 1 10 9 4 4 6 2 3 11 28 43 35 37 59 50 46 40 26 34 32 11 3 1 1 3 9
41 61 58 61 30 23 25 26 41 54 30 33 46 40 40 24 29 24 37 37 28 33 35 21 35 30 29 50 25 34 46 46 47 36 30 30 25 51 27 61 41 32 29 10 7 5 21 23 66 64 38 31 64 36 17 40 44 54 48 34 36 19 10 6 7 5 2 2 4 4 9 16 24 7 11 13 7 12 31 41 62 78 42 69 47 38 28 31 24 19 11 7 1 1 1 1
11 13 17 13 17 19 36 44 49 35 39 17 36 45 21 10 17 18 26 25 14 12 10 20 29 26 26 29 42 43 38 37 24 33 23 10 33 27 44 57 41 36 52 25 29 14 9 22 24 53 33 44 37 18 18 32 32 25 18 10 9 6 2 1 2 1 4 11 20 15 25 37 34 22 31 20 10 21 48 54 81 62 44 36 20 3 4 14 6 7 4 2 2 1 0 3
17 28 22 31 28 33 24 38 31 32 15 19 29 41 46 40 39 20 17 17 22 8 10 27 60 47 28 26 42 23 20 37 68 39 23 12 35 20 57 22 52 32 46 36 23 13 18 21 12 29 38 30 14 21 18 17 39 14 8 6 3 9 10 15 6 10 17 30 32 32 32 49 32 30 37 28 22 35 59 70 70 51 27 18 11 5 4 4 7 3 2 2 1 1 0 0
16 16 15 32 44 16 20 27 24 29 27 21 42 27 57 43 28 49 42 29 58 26 31 23 50 60 34 52 20 24 38 25 56 55 31 22 27 36 41 19 26 25 38 40 18 29 19 12 14 19 20 27 21 20 20 16 8 4 3 14 13 26 26 25 16 18 33 41 57 60 43 57 58 54 40 48 52 60 63 62 55 63 33 18 8 8 5 2 11 4 1 1 0 1 1 1
17 17 28 38 20 21 17 30 37 30 44 48 45 36 25 27 62 61 38 37 40 28 48 27 32 52 62 39 23 22 16 20 20 20 32 41 14 17 46 42 40 41 35 24 33 26 23 22 15 19 21 24 34 25 13 9 11 15 22 38 34 32 45 35 25 40 45 50 65 51 54 66 78 45 47 56 65 71 79 56 24 18 17 19 12 7 3 2 2 2 1 0 0 0 0 0
13 14 23 23 10 41 30 34 57 63 71 65 58 64 40 19 25 44 39 47 17 33 60 31 36 27 51 65 38 57 40 33 27 28 46 56 26 35 46 54 44 11 14 24 19 24 13 12 18 26 25 40 27 19 25 14 20 23 44 43 40 39 51 40 33 47 56 39 68 65 54 78 64 48 58 76 65 69 30 80 53 49 19 10 10 7 4 4 1 1 0 0 0 0 0 0
10 14 25 14 13 10 17 28 22 34 54 70 48 51 63 23 33 28 23 22 24 58 55 42 22 32 16 35 27 35 26 24 37 37 54 49 27 40 55 52 41 22 10 9 17 16 20 35 22 21 39 24 22 40 22 20 32 48 48 59 51 50 51 40 40 69 71 56 73 73 71 70 82 83 58 63 69 68 28 22 41 49 30 20 7 3 3 4 1 1 0 0 0 0 0 0
8 13 24 18 19 11 16 13 26 30 19 21 16 20 25 39 38 32 57 30 45 56 36 54 16 49 19 49 22 22 32 32 37 31 42 34 35 26 50 46 39 18 7 14 19 18 24 26 26 27 27 41 30 24 22 36 49 48 45 52 49 40 59 51 56 73 72 68 67 86 76 70 65 75 30 28 18 49 55 29 16 29 15 8 5 3 4 1 1 1 1 0 0 0 0 0
12 31 37 55 12 54 42 9 34 30 29 23 49 26 39 40 39 30 31 30 24 47 28 36 24 20 29 23 19 36 29 26 31 34 34 27 30 21 33 51 33 31 30 35 40 20 28 22 40 49 46 59 44 29 43 45 48 58 43 48 66 50 66 67 61 71 55 76 40 58 83 80 77 63 75 58 40 17 11 23 15 8 18 13 10 6 4 7 2 1 1 0 0 0 0 0
45 31 13 20 46 29 13 29 30 35 19 37 22 21 51 29 31 11 27 31 35 10 23 31 19 13 18 8 13 13 11 27 24 49 17 20 14 31 34 13 19 33 15 19 18 27 16 27 43 59 52 50 45 43 40 58 50 60 58 49 58 65 59 64 63 74 55 52 78 44 76 78 59 74 77 81 64 59 55 36 27 16 6 3 7 8 4 4 1 1 0 0 0 0 0 0
29 69 31 33 12 22 16 29 22 27 31 15 18 37 48 56 62 22 25 44 28 21 8 16 24 6 15 11 11 7 7 26 29 19 12 18 16 17 41 25 16 29 15 54 26 23 37 21 50 57 46 42 43 41 40 44 66 57 54 69 71 78 70 55 65 31 46 43 48 54 40 69 48 57 73 77 77 85 68 50 49 55 47 25 5 4 4 3 2 1 1 0 0 0 0 0
13 18 16 16 33 37 15 18 24 27 26 15 26 20 13 18 15 18 25 34 44 20 20 10 18 10 9 6 7 12 14 23 15 13 15 9 19 29 39 29 17 20 28 55 20 43 25 32 45 65 34 38 40 37 40 45 66 69 54 65 77 54 41 73 73 65 50 31 22 8 17 19 30 32 56 68 61 66 71 49 65 50 37 10 7 6 5 3 3 1 0 0 0 0 0 0
12 10 24 22 23 29 27 11 7 22 8 8 17 20 48 22 40 20 29 20 30 19 14 15 12 16 18 6 7 6 18 9 11 19 5 6 10 40 20 20 12 24 26 38 31 33 35 41 52 48 30 45 35 35 51 36 60 75 75 57 67 73 30 18 15 23 30 48 42 30 14 11 5 16 26 49 39 61 74 35 47 67 34 17 10 5 4 3 2 1 1 1 0 0 0 0
8 31 21 13 11 17 14 8 6 4 7 7 10 26 21 20 25 31 20 20 11 34 11 24 11 18 27 5 5 10 5 5 19 12 10 22 15 43 7 6 14 31 28 34 38 24 28 29 43 25 50 59 46 52 53 51 59 62 64 42 46 63 36 26 54 68 73 57 57 41 34 42 14 5 9 34 27 51 65 49 33 29 25 15 8 6 5 3 2 2 1 1 1 0 0 0
7 20 15 15 13 16 10 9 2 1 3 4 11 8 11 14 13 29 12 5 5 7 9 7 5 13 13 6 9 8 4 6 10 6 3 8 11 20 13 12 16 25 45 46 21 20 37 30 38 40 64 74 56 79 72 85 71 62 69 41 30 14 66 57 22 53 71 59 63 63 61 40 19 15 6 6 7 18 45 22 17 7 5 9 3 5 2 2 2 2 2 1 1 0 0 0
16 3 5 12 4 8 5 1 1 1 1 1 2 5 13 8 4 8 14 5 5 2 3 4 2 6 4 5 9 6 1 2 3 5 6 4 16 10 7 11 18 32 63 80 63 55 41 57 50 26 71 53 84 73 69 75 42 52 69 76 29 26 21 77 38 31 51 67 55 46 68 67 70 37 23 7 3 2 2 2 3 3 2 6 6 2 1 1 1 2 1 1 0 0 0 0
1 2 4 3 3 2 1 1 0 3 8 0 1 3 3 6 6 5 7 5 4 4 4 4 1 1 3 4 2 1 0 1 1 18 20 23 41 49 60 61 63 77 63 79 70 76 66 24 57 59 38 38 60 65 68 70 45 71 72 58 55 38 17 52 73 30 11 33 60 73 61 56 30 26 33 24 8 3 4 1 3 3 2 1 4 3 1 1 1 1 1 0 0 0 0 0
1 1 2 1 1 1 3 13 23 4 5 14 14 2 1 4 2 2 3 1 2 1 1 1 1 1 3 6 12 1 0 2 2 1 5 26 44 51 59 65 54 70 68 62 75 80 75 45 30 35 78 57 29 58 26 33 34 71 84 68 54 45 32 30 81 42 39 19 39 54 76 23 11 19 22 31 21 14 11 5 2 2 1 1 1 3 1 1 0 0 0 0 0 0 0 0
2 3 3 5 5 11 17 11 11 14 13 6 10 4 3 2 1 1 1 1 0 1 4 9 17 17 5 2 9 2 1 8 9 4 6 9 13 48 55 71 56 35 50 48 60 80 85 86 40 38 55 63 47 26 51 19 51 58 77 74 25 37 30 20 78 56 28 24 22 69 71 80 42 30 19 12 8 5 4 4 5 5 2 1 1 1 2 1 1 1 0 0 0 0 0 0
8 10 7 27 15 18 21 32 33 33 19 16 23 7 6 1 1 1 0 1 1 1 1 1 3 7 12 10 4 4 3 3 10 9 3 8 22 34 50 67 63 34 21 36 52 78 84 83 88 84 33 46 40 38 23 20 34 58 71 75 27 32 37 31 51 85 59 38 19 11 14 37 17 18 11 25 15 5 3 2 2 2 2 2 1 0 0 1 1 0 0 0 0 0 0 0
7 19 20 34 32 28 42 30 56 44 24 43 32 11 32 19 15 5 1 0 0 0 0 1 1 2 4 16 2 2 3 3 11 8 17 15 11 12 7 5 47 56 23 37 33 43 63 65 83 87 81 52 51 66 41 49 32 64 77 66 69 27 46 38 25 77 87 65 44 15 8 10 34 21 12 10 14 14 4 4 1 1 1 2 2 0 0 1 0 1 0 0 0 0 0 0
1 3 14 36 48 34 68 70 72 70 57 55 31 47 54 45 20 10 17 3 2 1 2 2 2 6 14 8 3 4 4 12 20 14 17 25 21 19 15 15 13 26 23 25 17 36 69 49 70 80 89 59 50 48 59 54 12 54 69 67 65 48 34 31 16 66 76 78 51 41 8 3 22 39 14 3 4 2 5 2 2 1 1 1 2 1 0 0 1 1 0 0 0 0 0 0
3 4 9 49 57 66 67 59 58 79 85 60 68 67 66 49 29 36 22 18 10 1 4 7 17 45 37 7 3 7 8 9 11 16 11 19 22 27 35 20 14 17 13 13 26 34 52 49 18 64 80 86 48 39 46 25 20 14 42 50 80 75 19 21 38 45 47 71 24 37 25 4 5 20 14 9 4 4 5 4 2 2 1 0 1 1 0 0 0 0 0 0 0 0 0 0
2 3 4 7 9 11 28 38 38 15 41 71 87 80 73 38 40 59 37 22 34 4 6 4 3 6 31 51 12 3 9 9 14 26 21 17 26 28 44 25 32 44 33 26 20 13 56 58 44 31 58 77 63 34 15 13 32 12 20 45 43 40 28 21 22 33 18 65 21 25 16 18 2 8 10 12 8 6 6 4 3 2 0 0 0 1 0 0 0 0 0 0 0 0 0 0
1 3 8 23 17 31 66 34 33 23 30 19 64 81 85 66 60 62 38 38 18 32 12 11 14 9 4 9 16 6 2 13 16 36 17 20 11 17 39 32 32 28 23 24 38 35 33 13 37 63 38 48 15 17 9 24 18 27 20 22 41 48 36 25 10 11 10 44 50 13 6 12 10 3 4 4 8 3 2 1 2 1 1 1 0 0 0 0 0 0 0 0 0 0 0 0
1 5 3 3 9 12 15 26 30 24 15 10 12 39 67 78 76 36 9 10 10 32 18 30 25 19 14 4 5 14 6 42 31 15 47 28 27 32 38 23 29 48 51 44 50 33 39 23 24 20 65 44 34 22 15 12 21 23 17 19 34 52 33 20 16 12 16 33 51 28 10 4 14 8 4 1 1 4 3 2 1 1 1 1 1 0 0 0 0 0 0 0 0 0 0 0
6 1 3 7 12 19 14 14 20 26 34 24 44 24 21 28 38 22 15 18 44 11 12 29 55 57 13 12 8 48 23 23 58 45 59 21 67 35 28 25 32 33 31 41 36 38 40 26 25 26 23 33 21 23 26 19 15 21 10 5 10 16 26 23 22 15 11 16 22 27 12 12 14 6 6 2 1 3 2 1 2 0 1 0 0 0 0 0 0 0 0 0 0 0 0 0
21 6 12 8 7 19 11 19 34 32 22 28 17 33 41 30 28 22 15 22 13 34 25 19 10 25 36 38 49 8 12 43 40 13 30 29 15 54 28 27 32 42 21 28 19 21 20 28 32 33 18 9 32 36 24 31 19 14 14 13 6 12 26 12 11 11 6 8 13 25 6 7 5 3 3 2 1 1 1 2 1 1 0 0 0 0 0 0 0 0 0 0 0 0 0 0
33 25 3 4 16 7 24 50 24 16 29 25 26 52 17 30 23 18 13 9 17 24 24 23 21 14 19 23 12 18 10 40 35 39 39 50 14 21 48 17 21 40 32 41 40 16 24 26 20 31 12 18 5 14 12 37 13 15 11 18 12 10 4 4 3 1 1 2 4 5 3 1 4 3 2 4 3 1 2 1 0 1 1 0 0 0 0 0 0 0 0 0 0 0 0 0
36 28 56 8 9 25 6 10 32 39 22 32 25 43 15 39 31 22 18 24 32 40 25 15 26 27 22 27 50 50 40 11 9 15 37 28 27 7 49 40 36 29 14 21 35 33 22 14 23 30 20 6 31 18 12 32 20 7 12 5 5 9 4 3 1 1 0 0 2 6 4 1 1 3 2 3 2 1 3 2 0 0 0 0 0 0 0 0 0 0 0 0 0 0 0 0
36 34 48 30 8 9 30 12 6 14 29 20 14 21 25 27 17 9 14 27 31 31 61 40 32 33 29 27 57 69 45 26 10 24 44 37 52 25 8 51 28 38 37 32 18 17 22 28 22 25 11 4 8 4 3 12 9 7 6 3 3 6 4 4 3 1 1 0 1 2 3 2 3 3 3 5 4 2 1 1 1 0 0 0 0 0 0 0 0 0 0 0 0 0 0 0
37 44 65 42 53 21 6 50 17 17 54 20 31 21 13 36 15 18 16 14 13 25 50 40 36 38 35 32 45 72 76 47 25 21 61 55 58 37 15 27 69 27 25 56 36 36 25 31 30 15 8 3 2 3 3 3 7 5 3 2 2 2 2 4 1 2 1 1 0 0 0 1 1 0 1 1 2 2 1 1 0 0 0 0 0 0 0 0 0 0 0 0 0 0 0 0
47 38 33 55 29 36 40 18 60 31 48 66 50 58 41 20 21 15 21 43 22 37 61 55 35 38 38 30 21 25 67 58 38 28 23 62 43 31 25 14 21 55 15 17 18 20 23 31 45 23 31 10 5 4 3 2 3 2 2 7 2 1 1 1 1 1 1 0 0 0 0 0 0 0 0 1 1 0 1 0 0 0 0 0 0 0 0 0 0 0 0 0 0 0 0 0
24 63 52 63 47 56 63 53 35 26 19 17 26 21 20 49 36 21 37 16 56 23 66 75 37 40 43 28 18 7 16 42 61 43 15 42 52 20 48 37 26 15 43 44 23 22 35 23 32 15 31 11 4 4 3 2 2 2 1 2 3 1 0 0 0 0 0 0 0 0 0 0 0 0 0 0 0 0 0 0 0 0 0 0 0 0 0 0 0 0 0 0 0 0 0 0
14 18 14 25 29 15 16 15 27 27 41 37 39 47 19 22 49 45 37 39 29 23 58 82 62 55 49 49 32 10 8 10 53 36 38 36 54 20 47 51 36 16 14 40 28 36 27 23 27 10 3 3 6 5 4 3 1 1 0 0 1 0 0 0 0 0 0 0 0 0 0 0 0 0 0 0 0 0 0 0 0 0 0 0 0 0 0 0 0 0 0 0 0 0 0 0
19 29 21 11 15 24 18 20 26 48 22 46 29 22 27 33 28 18 24 41 23 71 40 66 73 57 60 54 53 25 11 13 9 26 39 41 47 23 48 28 37 35 25 20 33 23 23 34 27 17 11 4 5 2 2 2 1 1 0 0 0 0 0 0 0 0 0 0 0 0 0 0 0 0 0 0 0 0 0 0 0 0 0 0 0 0 0 0 0 0 0 0 0 0 0 0
31 16 30 12 19 35 22 24 23 36 15 21 20 14 22 52 35 35 25 28 59 47 34 27 76 50 22 18 18 11 15 6 15 7 13 20 81 60 32 44 29 17 27 28 17 29 16 17 35 30 23 9 5 2 2 1 0 0 0 0 1 1 0 1 0 0 0 0 0 0 0 0 0 0 0 0 0 0 0 0 0 0 0 0 0 0 0 0 0 0 0 0 0 0 0 0
20 14 14 12 8 12 11 8 9 13 21 24 21 12 21 23 18 32 40 68 47 31 42 62 76 69 33 24 25 26 25 25 9 14 16 11 6 10 26 26 20 35 14 25 20 31 32 17 35 18 22 15 8 4 2 1 0 0 0 1 2 3 3 2 0 1 0 0 0 0 0 0 0 0 0 0 0 0 0 0 0 0 0 0 0 0 0 0 0 0 0 0 0 0 0 0
9 8 8 6 6 5 8 8 4 3 8 9 9 23 20 21 14 36 27 23 28 29 16 10 17 18 14 20 42 44 27 51 37 14 11 8 9 9 7 21 17 33 24 11 31 21 29 20 16 8 10 8 5 4 1 1 1 1 2 3 4 4 3 2 1 1 1 1 1 1 0 0 0 0 0 0 0 0 0 0 0 0 0 0 0 0 0 0 0 0 0 0 0 0 0 0
9 6 5 2 3 5 9 15 38 36 28 7 9 18 13 10 16 34 48 36 43 22 25 21 15 19 46 25 31 42 54 41 24 25 29 6 3 5 8 12 11 18 25 27 27 22 14 10 22 9 6 5 2 1 2 3 1 3 5 4 6 5 5 3 2 2 2 2 2 2 1 0 0 0 0 0 0 0 0 0 0 0 0 0 0 0 0 0 0 0 0 0 0 0 0 0
2 2 2 2 6 8 7 15 53 56 43 45 23 8 14 26 21 33 36 19 16 17 40 27 25 27 44 19 9 28 24 18 8 15 25 16 6 6 12 7 5 9 8 9 13 14 14 8 11 8 3 1 2 3 6 5 5 7 9 9 5 8 9 6 11 4 4 3 4 3 1 0 0 0 0 0 0 0 0 0 0 0 0 0 0 0 0 0 0 0 0 0 0 0 0 0
2 3 8 6 16 10 28 20 7 16 51 47 41 55 55 44 73 47 36 38 15 7 31 23 24 33 19 19 13 12 26 28 27 19 28 13 10 20 24 8 4 21 10 13 9 4 12 6 5 3 3 4 6 11 11 14 10 7 7 9 7 14 14 19 16 10 5 4 4 3 1 1 2 1 0 0 0 0 0 0 0 0 0 0 0 0 0 0 0 0 0 0 0 0 0 0
4 2 1 4 19 34 41 69 62 31 42 70 58 45 70 50 80 80 77 54 30 40 9 9 11 9 29 33 37 48 16 55 52 26 10 13 5 16 16 9 23 13 10 9 11 7 7 6 5 4 8 9 19 31 31 19 26 12 15 14 10 20 20 21 14 12 8 6 6 5 4 1 1 0 0 0 1 0 0 0 0 0 0 0 0 0 0 0 0 0 0 0 0 0 0 0
6 7 21 5 5 19 42 64 70 36 26 75 37 33 71 54 50 28 43 59 18 29 23 16 13 17 26 34 33 55 27 18 16 37 23 20 8 30 14 13 21 26 20 18 19 27 23 16 5 16 26 24 29 45 49 45 18 11 35 22 15 22 23 16 23 21 4 13 12 6 4 2 1 0 0 1 1 1 0 0 0 0 0 0 0 0 0 0 0 0 0 0 0 0 0 0
29 10 19 41 25 12 14 22 27 69 24 67 45 41 70 34 16 21 34 26 18 7 23 15 19 35 35 18 12 37 26 18 9 7 9 8 25 27 13 9 42 42 23 48 38 19 19 9 8 22 42 41 42 73 40 33 27 14 52 22 19 25 37 37 25 17 12 15 6 3 3 2 1 2 1 1 1 1 0 0 0 0 0 0 0 0 0 0 0 0 0 0 0 0 0 0
53 51 24 42 58 69 60 33 16 16 45 77 64 30 68 32 31 23 34 31 12 8 31 13 30 27 29 27 23 17 11 14 16 21 26 17 33 8 13 23 42 42 53 53 31 15 8 13 29 23 37 60 73 42 29 38 37 21 62 29 52 20 41 21 19 43 23 10 15 5 3 3 7 6 1 0 0 1 0 0 0 0 0 0 0 0 0 0 0 0 0 0 0 0 0 0
51 63 63 54 62 81 68 84 56 15 32 65 13 24 52 45 35 15 48 9 10 8 18 10 46 30 17 14 14 4 3 15 24 16 35 14 42 11 31 29 57 60 67 32 29 17 16 32 44 42 38 64 63 44 48 63 50 32 71 66 36 44 39 43 60 38 25 18 10 4 4 18 6 1 1 1 1 1 0 0 0 0 0 0 0 0 0 0 0 0 0 0 0 0 0 0
50 75 73 80 75 72 81 82 69 41 36 32 41 17 50 38 27 19 15 9 9 9 26 15 22 21 18 38 28 26 30 30 19 9 13 27 58 27 33 43 70 69 52 32 18 29 31 58 68 52 42 65 54 38 53 74 38 58 63 57 65 30 40 71 69 38 28 14 15 14 10 8 4 3 2 1 0 0 0 0 0 0 0 0 0 0 0 0 0 0 0 0 0 0 0 1
12 68 81 68 78 35 60 72 71 69 59 65 46 16 51 73 44 20 22 15 8 16 25 15 14 17 29 9 13 15 6 13 10 25 55 37 57 27 28 43 68 47 27 14 26 50 47 49 76 59 63 65 36 58 71 65 34 58 47 71 60 65 70 61 45 26 30 13 6 2 2 1 1 0 0 0 0 0 0 0 0 0 0 0 0 0 0 0 0 0 0 0 0 0 0 1
23 22 49 24 12 14 21 18 23 11 15 28 59 18 10 51 62 44 32 30 16 12 9 10 28 10 19 19 47 41 9 21 25 29 65 68 75 42 27 56 50 24 16 31 56 57 52 51 77 58 64 76 67 62 78 65 64 42 63 68 45 66 54 21 9 10 5 9 14 11 8 5 6 2 0 0 0 0 0 0 0 0 0 0 0 0 0 0 0 0 0 0 0 0 1 1
