sesion_6_simulaciones/modelos_agentes/ejemplos_netlogo/scenarios/echam4_b2/rob_2090.asc
NCOLS 322 
NROWS 307 
XLLCORNER 451900 
YLLCORNER 4086900 
CELLSIZE 100 
NODATA_value -9999 
[rows 75 to 149 of 307, columns 0 to 95 of 322]
0 0 0 0 0 0 0 0 0 0 0 0 0 0 0 0 0 0 0 0 0 0 0 0 0 0 0 0 0 0 0 0 0 0 0 0 0 0 0 0 0 0 0 0 0 0 0 0 0 0 0 0 0 0 0 0 0 0 0 0 0 0 0 0 0 0 1 0 0 0 0 1 1 1 2 15 4 1 1 14 10 4 3 1 0 2 2 1 1 1 1 2 2 1 1 7
0 0 0 0 0 0 0 0 0 0 0 0 0 0 0 0 0 0 0 0 0 0 0 0 0 0 0 0 0 0 0 0 0 0 0 0 0 0 0 0 0 1 0 0 0 0 0 0 0 0 0 0 0 0 0 0 0 0 0 0 0 0 0 0 0 0 1 1 1 1 1 0 0 0 2 17 28 5 2 2 10 6 2 1 1 5 6 5 4 1 1 1 3 4 3 7
0 0 0 0 0 0 0 0 0 0 0 0 0 0 0 0 0 0 0 0 0 0 0 0 0 0 0 0 0 0 0 0 0 0 0 0 0 0 0 0 0 0 0 0 0 0 0 0 0 0 0 0 0 0 0 0 0 0 0 0 0 0 0 0 0 0 1 1 1 1 2 2 2 2 1 3 12 8 5 2 12 15 2 1 3 11 2 11 9 4 1 4 9 8 6 4
0 0 0 0 0 0 0 0 0 0 0 0 0 0 0 0 0 0 0 0 0 0 0 0 0 0 0 0 0 0 0 0 0 0 0 0 0 0 0 0 0 0 0 0 0 1 0 0 0 0 0 0 0 0 0 0 0 0 0 0 0 0 0 0 0 0 0 1 1 1 2 3 2 3 2 1 1 3 4 2 3 4 2 1 5 2 1 1 1 5 4 5 4 7 8 8
0 0 0 0 0 0 0 0 0 0 0 0 0 0 0 0 0 0 0 0 0 0 0 0 0 0 0 0 0 0 0 0 0 0 0 0 0 0 0 0 0 1 0 0 0 0 1 1 2 2 1 0 0 0 0 0 0 0 0 0 0 0 0 0 0 0 0 0 0 1 1 2 2 4 3 2 1 3 1 1 2 3 2 2 4 1 4 3 2 5 6 17 31 24 16 18
0 0 0 0 0 0 0 0 0 0 0 0 0 0 0 0 0 0 0 0 0 0 0 0 0 0 0 0 0 0 0 0 0 0 0 0 0 0 0 0 0 0 1 0 0 0 0 2 7 11 16 13 6 1 0 0 0 0 0 0 0 0 0 0 0 0 0 0 0 1 1 1 2 4 4 2 2 1 1 0 1 3 2 3 3 4 2 2 2 6 35 37 38 15 18 39
0 0 0 0 0 0 0 0 0 0 0 0 0 0 0 0 0 0 0 0 0 0 0 0 0 0 0 0 0 0 0 0 0 0 0 0 0 0 0 0 1 2 1 2 1 1 0 0 0 1 3 4 6 8 3 1 0 0 0 0 0 0 0 0 0 0 0 0 0 0 0 2 2 3 4 3 1 0 0 0 1 2 1 5 2 3 6 7 5 5 4 3 13 8 11 26
0 0 0 0 0 0 0 0 0 0 0 0 0 0 0 0 0 0 0 0 0 0 0 0 0 0 0 0 0 0 0 0 0 0 0 0 0 0 0 0 0 0 1 2 1 1 1 1 0 0 0 0 0 3 2 4 1 0 0 1 1 0 0 0 0 0 0 0 0 0 0 1 2 2 2 2 1 1 1 2 1 0 2 9 2 8 9 9 10 13 8 4 4 12 43 67
0 0 0 0 0 0 0 0 0 0 0 0 0 0 0 0 0 0 0 0 0 0 0 0 0 0 0 0 0 0 0 0 0 0 0 0 0 0 0 0 1 1 1 0 0 0 0 0 0 0 0 0 0 0 0 1 1 1 1 3 1 0 0 0 0 0 0 0 0 0 1 1 2 1 1 2 3 5 2 1 2 1 8 10 6 23 29 54 25 22 25 23 5 5 9 12
0 0 0 0 0 0 0 0 0 0 0 0 0 0 0 0 0 0 0 0 0 0 0 0 0 0 0 0 0 0 0 0 0 0 0 0 0 0 0 0 0 1 2 1 0 0 0 0 0 0 0 1 3 1 1 1 0 1 5 1 0 0 0 0 0 0 0 0 0 1 1 1 1 1 1 1 2 2 4 1 2 2 3 4 8 38 7 20 30 46 22 26 28 17 14 13
0 0 0 0 0 0 0 0 0 0 0 0 0 0 0 0 0 0 0 0 0 0 0 0 0 0 0 0 0 0 0 0 0 0 0 0 0 0 0 0 0 0 1 2 1 1 2 1 1 2 1 1 2 1 1 0 1 1 2 1 0 0 0 0 0 0 0 0 0 0 1 1 3 1 1 3 2 2 3 2 2 1 2 6 1 19 12 40 41 62 75 76 48 28 21 23
0 0 0 0 0 0 0 0 0 0 0 0 0 0 0 0 0 0 0 0 0 0 0 0 0 0 0 0 0 0 0 0 0 0 0 0 0 0 0 0 0 0 1 1 1 1 1 1 1 1 1 0 1 0 1 0 1 1 1 1 1 0 0 0 0 0 0 0 0 0 0 1 0 0 2 2 1 1 7 4 5 2 1 3 11 22 21 19 55 46 41 48 61 24 26 28
0 0 0 0 0 0 0 0 0 0 0 0 0 0 0 0 0 0 0 0 0 0 0 0 0 0 0 0 0 0 0 0 0 0 0 0 0 0 0 0 0 0 0 0 0 0 1 0 0 0 0 0 0 0 0 0 1 0 0 0 0 0 0 0 0 0 0 0 0 0 0 0 0 0 0 0 3 6 2 4 4 3 3 3 4 7 17 36 44 56 9 30 46 47 25 29
0 0 0 0 0 0 0 0 0 0 0 0 0 0 0 0 0 0 0 0 0 0 0 0 0 0 0 0 0 0 0 0 0 0 0 0 0 0 0 0 0 0 0 0 0 0 0 0 0 1 0 0 0 0 0 0 0 0 0 0 0 0 0 0 0 0 0 0 1 0 0 0 0 0 1 1 1 2 2 2 1 2 6 6 4 6 6 6 18 15 9 34 16 53 42 38
0 0 0 0 0 0 0 0 0 0 0 0 0 0 0 0 0 0 0 0 0 0 0 0 0 0 0 0 0 0 0 0 0 0 0 0 0 0 0 0 0 0 0 0 0 0 0 0 0 0 0 0 0 0 0 0 0 0 0 0 0 0 0 0 0 0 0 0 1 0 0 0 0 0 0 2 2 5 4 7 11 7 4 3 10 15 14 15 7 6 15 32 37 15 39 36
0 0 0 0 0 0 0 0 0 0 0 0 0 0 0 0 0 0 0 0 0 0 0 0 0 0 0 0 0 0 0 0 0 0 0 0 0 0 0 0 0 0 0 0 0 0 0 0 0 0 0 0 0 0 0 0 0 0 0 0 0 0 0 0 0 0 0 0 0 3 1 1 0 1 2 2 10 8 2 4 16 11 15 15 14 18 19 21 19 10 5 29 27 15 12 5
0 0 0 0 0 0 0 0 0 0 0 0 0 0 0 0 0 0 0 0 0 0 0 0 0 0 0 1 1 0 0 0 0 0 0 0 0 0 0 0 0 0 0 0 0 0 0 0 0 0 1 1 2 1 1 0 0 0 0 0 0 0 0 0 0 0 0 0 0 0 1 1 7 25 11 5 2 2 20 6 1 9 17 14 13 18 23 28 26 12 9 10 7 4 7 24
0 0 0 0 0 0 0 0 0 0 0 0 0 0 0 0 0 0 0 0 0 0 0 0 0 0 0 0 2 0 0 0 0 0 0 0 0 0 0 0 0 0 0 0 0 0 0 0 0 1 2 1 0 0 1 2 0 0 0 0 0 0 0 0 0 0 0 0 0 0 0 0 0 1 1 9 3 3 2 6 15 4 6 25 18 23 30 32 41 45 28 6 11 26 15 27
0 0 0 0 0 0 0 0 0 0 0 0 0 0 0 0 0 0 0 0 0 0 0 0 0 0 0 0 0 0 1 0 0 0 0 0 0 0 0 0 0 0 0 0 0 0 0 1 1 1 3 4 1 2 1 3 1 1 0 0 0 0 0 0 0 0 0 0 0 0 0 0 0 0 0 1 1 2 3 4 8 22 9 13 21 28 22 41 31 15 24 27 31 8 7 12
0 0 0 0 0 0 0 0 0 0 0 0 0 0 0 0 0 0 0 0 0 0 0 0 0 0 0 0 0 0 2 0 0 0 0 0 0 0 1 0 0 0 0 1 1 1 1 3 2 10 7 6 3 17 7 6 4 3 1 1 0 0 0 0 0 0 0 0 0 0 0 1 1 1 1 1 1 3 5 6 3 4 22 22 21 14 32 17 14 32 28 19 29 30 23 15
0 0 0 0 0 0 0 0 0 0 0 0 0 0 0 0 0 0 0 0 0 0 0 0 0 0 0 0 0 0 1 1 0 0 0 0 0 0 1 0 0 0 0 1 1 1 6 8 9 20 17 7 7 8 9 5 3 5 0 0 0 0 0 0 0 0 0 0 0 0 2 1 0 0 1 1 7 9 12 9 8 7 8 16 11 7 20 18 17 22 33 26 16 13 20 18
0 0 0 0 0 0 0 0 0 0 0 0 0 0 0 0 0 0 0 0 0 0 0 0 0 0 0 0 0 0 1 2 0 0 0 0 0 0 1 1 1 1 0 0 2 9 27 17 14 29 10 1 3 1 1 5 9 4 1 2 1 1 0 0 0 0 0 0 0 0 0 0 1 0 1 3 3 2 9 15 18 8 5 7 5 8 16 30 24 23 22 30 13 15 15 27
0 0 0 0 0 0 0 0 0 0 0 0 0 0 0 0 0 0 0 0 0 0 0 0 0 0 0 0 0 0 1 3 0 0 0 0 0 0 0 1 2 7 1 1 5 17 39 26 6 12 2 2 1 0 0 0 8 12 9 4 1 2 0 0 0 1 0 0 0 0 0 1 0 1 3 0 2 9 6 13 11 16 20 7 13 14 21 20 29 16 28 27 18 22 21 32
0 0 0 0 0 0 0 0 0 0 0 0 0 0 0 0 0 0 0 0 0 0 0 0 0 1 1 1 1 1 1 2 0 0 0 0 0 0 0 0 1 4 3 4 10 15 45 65 48 20 5 1 0 0 0 0 0 0 25 10 4 0 0 0 0 1 0 0 0 0 0 0 1 1 1 1 1 1 4 6 15 23 19 9 12 21 16 13 27 9 47 16 16 19 14 19
0 0 0 0 0 0 0 0 0 0 0 0 0 0 0 0 0 0 0 0 0 0 0 1 1 2 2 2 2 4 0 1 2 1 0 0 0 0 0 0 0 3 0 1 2 7 58 69 55 9 4 3 2 1 0 0 0 1 0 1 0 0 0 0 0 0 0 0 0 0 0 0 0 0 0 0 1 2 3 7 10 15 10 11 8 12 16 5 17 13 46 22 19 9 16 25
0 0 0 0 0 0 0 0 0 0 0 0 0 0 0 0 0 0 0 0 0 0 0 0 0 1 2 1 3 5 2 10 11 3 1 2 0 0 0 0 1 3 3 2 2 5 3 15 33 3 5 6 3 1 2 1 0 1 1 1 0 0 0 0 0 0 0 0 0 0 0 0 0 1 1 1 1 3 3 4 5 9 9 8 8 7 10 8 23 28 6 16 20 20 23 15
0 0 0 0 0 0 0 0 0 0 0 0 0 0 0 0 0 0 0 0 0 0 0 1 2 2 2 1 1 1 1 11 11 3 3 4 6 4 0 0 2 1 12 4 6 7 10 3 2 4 11 7 3 2 1 1 1 1 0 0 0 0 1 0 0 0 0 0 0 0 0 0 0 0 0 1 1 2 2 3 3 3 4 7 8 4 5 6 16 2 5 13 10 4 2 7
0 0 0 0 0 0 0 0 0 0 0 0 0 0 0 0 0 0 0 0 0 1 1 2 3 9 4 5 3 1 1 1 12 16 11 3 17 8 2 4 5 1 14 5 40 32 8 3 3 2 6 8 4 2 2 1 1 1 1 0 1 1 2 2 1 0 0 0 0 0 0 0 0 0 0 1 1 1 1 2 2 2 3 5 2 7 5 15 6 3 8 9 11 7 6 12
0 0 0 0 0 0 0 0 0 0 0 0 0 0 0 0 0 0 0 0 1 1 5 5 7 6 15 7 2 3 2 2 1 7 16 2 2 1 10 5 4 1 16 6 3 1 4 4 6 4 6 9 8 4 1 0 0 0 0 0 0 0 1 1 0 0 0 0 0 0 0 0 0 0 0 0 1 1 1 1 1 3 1 0 1 8 3 15 5 1 3 4 6 5 10 13
0 0 0 0 0 0 0 0 0 0 0 0 0 0 0 0 0 0 0 0 0 1 9 15 5 4 6 6 7 8 5 5 2 1 1 3 1 1 13 2 1 2 8 2 3 2 5 4 5 4 2 6 6 4 1 0 0 0 0 0 0 0 0 0 0 0 0 0 0 0 0 0 0 0 0 0 1 1 1 1 3 1 1 2 2 4 4 4 5 1 1 3 4 9 10 22
0 0 0 0 0 0 0 0 0 0 0 0 0 0 0 0 0 0 1 1 1 1 3 2 1 1 3 8 9 7 13 13 3 1 0 1 1 6 3 3 1 8 19 4 4 4 4 6 9 2 2 4 3 2 1 1 0 0 0 0 0 0 0 0 0 0 0 0 0 0 0 0 0 0 0 0 0 0 0 1 1 1 1 1 2 1 2 5 8 3 3 4 6 7 4 17
0 0 0 0 0 0 0 0 0 0 0 0 0 0 0 0 0 0 0 1 1 3 3 2 2 3 1 3 5 4 5 3 1 2 2 2 5 4 6 3 2 6 13 11 6 4 2 2 4 1 1 5 5 5 3 1 0 0 0 1 0 0 0 0 0 0 1 1 0 0 0 2 1 0 0 0 0 0 0 1 0 1 1 0 1 1 2 4 3 6 4 6 6 11 9 13
0 0 0 0 0 0 0 0 0 0 0 0 0 0 0 0 0 0 0 1 2 3 5 3 2 4 4 3 6 7 3 2 3 4 5 6 2 2 3 4 3 1 2 6 6 3 1 1 2 2 2 3 2 2 1 1 0 0 2 1 0 0 0 0 0 0 1 10 5 1 1 0 1 2 0 0 0 0 0 0 0 1 0 0 1 1 1 1 1 2 5 5 16 9 4 6
0 0 0 0 0 0 0 0 0 0 0 0 0 0 0 0 1 1 1 2 2 1 5 3 2 2 1 1 1 2 4 3 5 5 2 6 5 4 3 2 1 2 5 1 6 4 3 3 2 1 1 1 1 4 2 1 1 0 0 0 0 0 0 0 0 1 1 6 18 6 0 1 1 0 1 1 0 0 0 0 0 1 0 3 1 1 1 2 1 2 5 7 4 4 5 3
0 0 0 0 0 0 0 0 0 0 0 0 0 0 0 0 0 0 1 1 2 2 4 9 5 3 5 4 2 1 2 1 1 3 3 4 5 3 5 2 1 3 2 2 7 3 3 2 3 2 2 1 1 3 4 0 0 0 0 0 0 1 1 2 2 1 2 1 14 5 3 0 0 0 0 1 1 1 0 1 0 0 1 2 1 1 1 1 1 7 3 1 5 4 6 7
0 0 0 0 0 0 0 0 0 0 0 0 0 0 0 0 0 0 0 1 2 4 7 12 14 4 3 1 1 1 1 0 0 0 2 1 3 4 4 3 3 3 1 4 1 0 1 1 2 3 4 4 2 2 1 1 0 1 1 0 0 1 0 1 12 2 2 1 1 18 13 1 1 0 2 3 3 6 2 1 1 1 0 1 3 1 4 3 2 4 4 2 4 6 10 5
0 0 0 0 0 0 0 0 0 0 0 0 0 0 0 0 0 0 0 1 8 4 2 5 9 5 4 4 1 0 1 1 2 1 0 1 4 5 1 2 6 5 4 4 1 1 1 4 5 7 4 14 6 4 2 1 1 0 0 1 0 0 0 1 1 3 2 2 1 4 9 16 6 1 0 2 1 7 1 0 2 6 0 1 0 1 3 11 17 10 19 3 5 4 6 7
0 0 0 0 0 0 0 0 0 0 0 0 0 0 0 0 0 0 1 0 1 4 7 4 4 4 7 11 6 2 2 3 3 2 3 1 1 3 3 3 3 5 4 3 3 2 6 8 6 6 8 5 7 4 2 2 3 3 1 0 0 0 0 2 1 2 6 2 1 1 10 10 7 3 1 1 0 3 1 0 0 2 1 1 1 5 2 2 1 1 8 3 3 22 6 10
0 0 0 0 0 0 0 0 0 0 0 0 0 0 0 0 0 0 1 1 1 0 5 15 9 7 7 9 11 3 3 5 2 2 5 7 3 2 1 3 5 3 2 9 4 5 5 22 25 11 22 5 7 16 28 22 6 1 1 0 0 3 1 0 3 1 5 5 3 1 12 9 5 8 1 1 0 3 5 1 0 5 0 1 1 0 3 2 1 1 28 4 1 12 30 25
0 0 0 0 0 0 0 0 0 0 0 0 0 0 0 0 0 0 0 1 2 2 1 4 7 7 2 3 7 3 2 2 1 1 2 4 4 3 2 4 3 1 1 1 6 8 8 18 11 7 5 13 5 3 3 2 2 1 1 1 1 2 3 1 1 4 1 12 6 2 9 17 6 10 2 2 1 4 1 1 0 18 2 1 2 2 1 2 1 4 21 33 3 5 31 29
0 0 0 0 0 0 0 0 0 0 0 0 0 0 0 0 0 0 1 2 4 3 2 1 1 0 2 1 0 1 2 0 0 1 2 2 3 4 4 2 6 4 5 3 6 9 8 8 5 5 9 10 6 9 3 5 3 2 1 1 0 1 2 3 2 15 4 8 24 4 4 8 17 4 9 2 1 5 3 7 4 12 32 3 3 3 1 5 3 2 9 47 9 2 5 36
0 0 0 0 0 0 0 0 0 0 0 0 0 0 0 0 0 0 0 1 3 2 1 2 1 2 2 1 0 0 1 1 1 1 1 2 4 4 3 7 14 7 6 5 2 4 7 5 5 14 7 14 7 5 3 6 4 2 1 2 2 3 2 5 2 15 11 4 25 14 2 9 14 7 27 4 5 2 4 3 10 7 42 11 2 4 4 13 4 2 3 23 12 4 12 12
0 0 0 0 0 0 0 0 0 0 0 0 0 0 0 0 0 0 0 1 1 2 2 2 4 3 4 2 1 0 0 0 0 1 1 1 3 4 2 3 11 6 5 2 4 3 4 4 3 14 25 24 21 8 3 3 12 3 4 4 6 9 2 1 2 3 11 4 12 21 7 6 5 29 16 11 17 5 7 25 16 5 17 34 5 5 3 3 3 4 5 26 13 16 7 3
0 0 0 0 0 0 0 0 0 0 0 0 0 0 0 0 0 0 1 1 2 5 3 4 2 2 3 5 3 0 0 0 2 1 4 4 3 7 7 6 8 6 3 2 3 2 3 4 4 4 4 7 3 5 10 17 16 2 27 14 2 10 4 6 8 3 2 2 8 17 7 17 7 18 3 13 36 18 9 25 41 28 20 50 6 8 9 4 4 2 9 15 18 6 4 5
0 0 0 0 0 0 0 0 0 0 0 0 0 0 0 0 0 0 0 0 0 0 1 1 3 6 3 4 6 1 0 3 3 3 1 1 3 3 3 11 8 3 4 6 6 5 8 8 4 8 10 5 10 19 15 23 9 11 11 13 3 8 13 5 11 21 22 13 6 33 37 53 41 17 12 15 26 33 21 28 35 42 23 49 40 17 2 3 3 8 12 16 27 8 4 3
0 0 0 0 0 0 0 0 0 0 0 0 0 0 0 0 0 0 0 0 0 1 1 2 5 3 3 5 5 5 2 16 3 1 2 2 7 7 7 10 22 8 10 8 8 8 5 6 4 5 6 3 3 15 6 8 26 26 13 13 16 25 33 20 3 26 32 42 30 19 32 50 10 19 16 16 30 22 50 59 45 30 25 64 47 15 15 3 5 17 9 22 17 17 12 9
0 0 0 0 0 0 0 0 0 0 0 0 0 0 0 0 0 0 0 1 0 1 1 1 2 2 4 3 4 3 3 16 3 3 4 3 4 4 4 9 14 6 7 7 6 8 2 3 6 2 3 4 2 2 1 1 12 23 33 33 28 22 26 51 19 16 47 51 41 22 9 18 25 14 17 25 37 63 44 28 26 23 76 61 57 18 9 9 6 10 13 27 6 4 5 21
0 0 0 0 0 0 0 0 0 0 0 0 0 0 0 0 0 0 0 0 1 1 0 0 1 2 2 1 4 3 6 5 5 8 3 2 2 4 12 11 4 4 5 10 8 6 2 2 1 4 2 2 5 4 2 1 4 5 4 15 10 9 24 49 40 23 12 6 9 13 9 11 10 12 14 14 44 38 28 18 6 22 80 60 61 40 12 15 4 15 16 34 35 24 9 4
0 0 0 0 0 0 0 0 0 0 0 0 0 0 0 0 0 0 0 0 0 0 0 1 0 0 1 1 3 4 4 5 8 5 5 6 6 5 10 6 4 7 3 3 6 1 1 2 1 2 1 1 3 2 4 2 2 4 4 2 7 13 12 21 24 9 8 12 11 18 10 7 8 10 9 4 18 14 20 10 9 7 35 19 34 59 17 29 6 22 32 26 22 21 21 7
0 0 0 0 0 0 0 0 0 0 0 0 0 0 0 0 0 0 0 0 0 0 0 0 0 0 1 0 2 1 2 4 8 3 6 7 6 3 4 3 2 4 2 2 3 1 1 1 1 4 2 1 3 4 4 2 6 5 9 5 4 5 2 5 2 2 5 11 13 14 14 7 6 3 3 4 8 9 10 9 13 11 15 12 20 27 7 21 5 18 38 35 19 10 63 44
0 0 0 0 0 0 0 0 0 0 0 0 0 0 0 0 0 0 0 0 0 0 0 0 0 0 1 1 2 1 4 8 2 5 5 7 4 2 5 2 2 3 1 1 2 2 1 1 1 2 1 1 2 5 2 3 3 6 4 7 7 12 6 4 4 2 9 7 10 7 4 3 13 5 3 2 3 8 7 6 7 7 9 18 19 17 12 19 8 52 57 56 57 14 4 11
0 0 0 0 0 0 0 0 0 0 0 0 0 0 0 0 0 0 0 0 0 0 0 0 0 0 2 1 1 1 1 2 3 11 3 2 2 1 2 1 1 1 1 1 1 1 1 1 1 2 2 1 1 2 2 3 5 3 5 4 10 5 4 8 2 5 7 14 7 4 7 18 12 9 9 12 3 2 7 6 7 10 7 25 13 10 32 9 18 56 50 50 69 28 30 8
0 0 0 0 0 0 0 0 0 0 0 0 0 0 0 0 0 0 0 0 0 0 0 0 0 1 0 1 1 1 1 5 2 3 4 1 1 1 1 1 1 1 0 0 0 1 0 0 0 0 0 0 1 2 3 3 6 4 2 5 3 5 5 4 18 4 7 9 12 25 17 11 6 6 11 13 13 15 17 19 29 38 14 15 13 24 46 26 38 52 22 40 76 55 56 32
0 0 0 0 0 0 0 0 0 0 0 0 0 0 0 0 0 0 0 0 0 0 0 0 0 0 0 1 1 1 1 2 1 1 2 1 1 1 1 1 1 0 0 0 1 1 0 1 3 2 3 2 3 6 5 2 3 3 3 2 4 4 11 6 14 8 9 10 21 4 3 4 6 3 2 3 16 13 23 33 44 44 36 16 12 32 61 26 27 12 18 49 88 46 63 53
0 0 0 0 0 0 0 0 0 0 0 0 0 0 0 0 0 0 0 0 1 0 0 0 0 0 0 0 1 1 1 0 0 1 1 1 1 0 0 0 0 3 1 0 1 1 2 1 7 13 23 7 12 25 13 3 7 2 1 1 2 2 8 4 5 8 7 13 4 4 5 8 19 11 12 10 5 20 38 60 57 21 15 22 12 41 58 35 31 23 24 79 81 41 54 87
0 0 0 0 0 0 0 0 0 0 0 0 0 0 0 0 0 0 0 0 0 1 1 0 0 0 1 1 1 0 1 1 1 0 0 0 0 0 1 1 1 0 1 4 1 3 3 3 4 27 26 36 7 20 16 13 7 10 4 3 2 3 1 4 7 10 12 3 5 5 10 20 14 21 37 20 13 43 65 71 36 22 16 35 22 46 24 19 36 36 58 87 65 80 61 90
0 0 0 0 0 0 0 0 0 0 0 0 0 0 0 0 0 0 0 0 0 1 1 2 3 3 2 2 1 0 1 1 0 0 1 1 2 4 4 4 4 5 3 11 3 6 13 17 3 3 2 31 30 9 28 9 5 29 17 8 2 2 4 5 7 9 6 8 9 15 15 7 14 16 19 21 52 54 46 50 27 19 17 25 22 38 24 25 26 26 41 81 58 78 35 70
0 0 0 0 0 0 0 0 0 0 0 0 0 0 0 0 0 0 0 1 0 0 2 8 2 7 3 5 4 6 5 6 5 7 3 5 1 7 12 4 8 20 6 18 23 6 21 7 40 13 5 57 32 31 33 27 56 50 11 18 4 1 2 3 3 5 5 4 4 7 7 10 8 17 24 50 70 65 24 13 30 18 14 23 13 23 22 37 36 59 71 84 57 60 54 49
0 0 0 0 0 0 0 0 0 0 0 0 0 0 0 0 0 0 0 1 0 0 0 1 1 1 2 5 7 6 5 5 16 12 5 8 12 9 12 19 8 31 31 9 24 17 38 10 36 64 26 31 37 26 17 61 45 39 23 25 15 2 3 2 6 5 6 9 12 14 19 13 23 22 52 62 54 35 31 13 4 11 14 20 22 12 23 36 37 52 76 77 34 42 44 47
0 0 0 0 0 0 0 0 0 0 0 0 0 0 0 0 0 0 0 0 0 0 0 0 0 1 3 2 3 7 7 13 8 9 9 19 19 16 23 27 22 38 31 29 32 32 41 48 8 45 29 13 62 13 31 65 41 9 40 8 7 30 2 2 4 6 10 14 15 13 14 22 40 73 75 68 54 35 9 12 12 7 4 5 15 8 25 23 34 46 66 55 43 26 55 65
0 0 0 0 0 0 0 0 0 0 0 0 0 0 0 0 0 0 0 0 0 0 0 0 1 1 0 0 1 1 1 1 1 1 1 1 1 1 2 2 2 4 4 5 4 4 7 50 31 25 64 16 46 43 46 50 10 7 8 8 25 21 9 4 7 11 14 10 11 33 52 61 71 73 69 66 50 16 6 7 7 7 6 4 9 6 14 11 17 23 41 42 38 21 35 45
0 0 0 0 0 0 0 0 0 0 0 0 0 0 0 0 0 0 0 0 0 0 0 0 1 1 0 1 1 1 1 1 2 2 1 2 1 2 3 4 4 6 9 5 6 5 9 4 5 6 30 33 48 60 51 19 17 22 13 18 29 15 8 8 11 11 18 32 50 56 64 47 34 39 30 33 10 11 11 11 11 10 6 7 4 3 3 3 6 9 19 22 27 17 15 22
1 1 0 0 0 0 0 0 0 0 0 0 0 0 0 0 0 0 0 0 0 0 0 0 0 0 0 1 1 0 1 1 0 0 0 1 1 1 2 1 2 5 4 2 2 4 4 9 7 9 6 10 12 19 23 20 24 18 15 16 6 5 6 10 12 9 9 9 25 51 62 58 40 34 18 16 23 22 35 33 24 16 5 8 10 11 12 8 6 2 2 5 12 28 25 19
0 0 0 0 0 0 0 0 0 0 0 0 0 0 0 0 0 0 0 0 0 0 0 0 0 0 0 0 1 1 0 0 1 0 0 1 1 1 2 2 2 2 2 1 1 1 2 3 5 10 14 30 24 21 21 17 16 13 11 4 3 5 5 12 10 5 9 10 14 21 19 36 46 23 14 24 30 30 12 10 6 8 9 17 29 29 30 16 17 14 7 6 3 3 7 7
0 0 0 0 0 0 0 0 0 0 0 0 0 0 0 0 0 0 0 0 0 0 0 0 0 0 0 1 1 0 0 0 0 2 1 1 1 1 1 1 1 1 5 4 3 3 3 5 8 7 13 18 15 12 16 12 12 8 7 6 1 6 6 7 16 16 17 25 18 18 11 14 8 15 20 29 50 35 19 13 13 17 20 36 27 26 29 32 35 20 27 16 12 11 6 3
0 0 0 0 0 0 0 0 0 0 0 0 0 0 0 0 0 0 0 0 0 0 0 0 0 0 0 1 0 0 0 0 1 1 1 1 1 2 2 2 1 2 2 3 3 6 7 5 5 4 10 7 20 11 21 16 8 7 4 3 4 5 6 5 32 40 15 29 26 24 17 21 12 22 32 40 25 11 18 22 19 30 21 34 40 36 44 34 36 35 33 34 29 24 12 24
0 0 0 0 0 0 0 0 0 0 0 0 0 0 0 0 0 0 0 0 0 0 0 0 0 0 1 3 1 0 0 0 1 2 1 1 1 2 1 1 2 3 3 3 3 6 6 4 13 5 9 11 11 8 15 7 14 3 7 2 10 18 6 27 55 27 28 16 15 19 15 9 13 21 28 28 14 20 19 24 32 28 33 47 46 42 40 31 45 51 36 57 40 29 26 29
0 0 0 0 0 0 0 0 0 0 0 0 0 0 0 0 0 0 0 0 0 0 0 0 0 1 1 0 0 0 0 0 0 1 2 1 1 2 2 2 2 2 2 2 2 2 6 6 6 7 10 8 8 7 9 6 11 7 4 2 4 15 30 46 37 38 19 20 21 11 10 12 18 8 29 12 19 20 34 33 41 31 37 45 48 35 49 46 46 35 39 51 38 35 47 55
0 0 0 0 0 0 0 0 1 0 0 0 0 0 0 0 0 0 0 0 0 0 0 0 0 0 0 0 1 1 0 0 0 0 1 1 1 1 1 1 0 2 1 1 1 1 3 8 6 6 4 13 3 6 11 7 4 3 7 5 1 8 10 14 27 47 35 51 35 9 19 14 23 17 59 20 18 18 27 23 36 25 30 47 28 27 43 57 49 48 35 40 39 52 52 42
0 0 0 0 0 0 0 0 0 0 0 1 0 0 0 0 0 0 0 0 0 0 0 0 0 0 0 0 0 0 0 0 0 0 0 0 0 0 0 1 2 1 1 1 1 1 2 2 4 5 5 5 3 2 9 1 4 11 5 6 2 3 6 6 6 7 26 20 11 23 45 18 22 17 52 15 22 21 32 36 56 45 62 62 53 46 51 52 72 67 38 35 37 37 68 51
0 0 0 0 0 0 0 0 0 0 0 0 0 0 0 0 0 0 0 0 0 0 0 0 0 0 0 0 0 0 0 0 0 0 0 0 0 0 0 1 1 3 1 1 4 2 3 1 3 2 1 4 2 4 4 5 6 4 6 6 3 10 18 13 10 7 9 20 27 21 29 27 14 23 35 28 34 30 43 67 51 46 72 71 74 72 70 68 73 64 48 41 61 66 67 54
0 0 0 0 0 0 0 0 0 0 0 1 0 1 0 0 1 0 0 0 0 0 0 0 0 0 0 0 0 0 0 0 0 0 0 0 0 0 0 0 1 1 1 1 0 2 2 2 4 2 2 5 6 3 1 1 3 9 7 8 6 19 14 11 5 15 15 19 36 29 20 42 21 37 29 52 61 56 67 55 24 51 70 55 34 37 62 32 64 76 61 61 60 64 59 78
0 0 0 0 0 0 0 0 0 0 0 1 0 3 1 1 2 1 0 0 0 0 0 0 0 0 0 0 0 0 0 0 0 0 0 0 0 0 0 0 0 0 1 2 2 1 2 1 2 2 3 2 2 12 22 7 7 5 5 8 13 12 18 8 11 17 26 12 22 30 15 25 34 31 60 33 54 50 65 50 14 24 40 54 28 6 11 28 73 71 72 77 39 48 37 73
0 0 0 0 0 0 0 0 0 0 0 3 3 2 1 3 4 3 1 2 1 1 0 0 0 0 0 0 0 0 0 0 0 0 0 0 0 0 0 0 0 0 0 0 1 0 1 1 1 4 2 2 4 2 4 11 9 4 3 8 16 16 15 9 16 23 21 11 13 36 32 35 16 18 48 66 16 17 12 22 24 20 8 16 54 39 14 9 40 35 30 33 55 55 34 61
0 0 0 0 0 1 0 1 1 0 0 1 2 7 5 7 10 2 3 3 2 1 0 0 0 0 0 0 0 0 0 0 0 0 0 0 0 0 0 0 0 0 0 0 1 4 2 1 1 1 1 3 4 5 1 1 2 1 8 6 6 24 12 8 12 23 17 16 18 30 12 5 4 26 18 22 55 8 10 28 25 15 20 16 10 53 21 14 11 21 11 50 31 63 47 22
