sesion_6_simulaciones/modelos_agentes/ejemplos_netlogo/scenarios/echam4_b2/rob_2070.asc
NCOLS 322 
NROWS 307 
XLLCORNER 451900 
YLLCORNER 4086900 
CELLSIZE 100 
NODATA_value -9999 
[rows 0 to 73 of 307, columns 96 to 191 of 322]
0 0 0 0 0 0 0 0 0 0 0 0 0 1 1 0 1 0 0 0 1 0 0 1 0 0 0 0 0 0 0 0 0 0 0 0 0 0 0 0 0 1 6 10 17 9 17 13 23 8 6 10 3 1 2 2 3 1 1 1 1 0 0 0 1 2 3 1 1 4 6 3 3 5 5 5 7 10 6 40 31 19 31 36 49 32 35 38 44 57 31 21 16 5 9 18
0 0 0 0 0 0 0 0 0 0 0 0 0 0 0 0 0 0 0 0 0 0 0 0 0 0 0 0 0 1 0 0 0 0 0 0 0 0 0 1 1 2 3 4 38 43 39 27 53 18 24 12 3 2 9 1 1 1 0 0 0 0 0 0 1 0 0 2 2 2 1 5 13 6 11 18 27 11 13 17 19 16 31 36 47 32 32 41 43 33 38 28 33 14 19 18
0 0 0 0 0 0 0 0 0 0 0 0 0 0 0 0 0 0 0 1 1 0 0 0 0 0 0 0 0 0 1 0 0 0 1 0 0 1 1 2 3 6 5 7 2 1 3 10 58 30 29 25 4 12 6 5 2 1 1 1 0 2 9 5 8 3 1 5 1 2 2 2 5 5 9 21 36 43 22 15 17 17 29 31 39 32 34 50 27 26 34 23 29 28 16 16
0 0 0 0 0 0 0 0 0 0 0 0 0 0 0 0 0 1 1 1 0 0 0 0 0 0 0 0 0 0 0 0 0 1 1 1 1 2 5 10 18 23 15 3 1 2 1 1 9 2 4 3 1 3 7 1 4 0 0 1 1 3 18 17 15 24 13 4 6 3 3 4 3 4 8 12 19 10 8 14 21 20 33 38 37 29 27 35 23 20 32 31 19 23 11 21
0 0 0 0 0 0 0 0 0 0 0 0 0 0 0 0 0 1 0 0 0 0 0 0 0 0 0 0 0 0 1 0 0 1 2 2 3 6 18 31 39 33 23 8 4 1 2 6 3 2 2 3 1 6 2 2 4 1 0 1 5 12 8 20 12 4 17 3 6 10 8 4 4 2 8 7 11 10 13 17 20 16 50 33 22 24 24 36 23 24 31 39 11 23 24 33
0 0 0 0 0 0 0 0 0 0 0 0 0 0 0 0 0 0 1 0 0 0 1 0 0 0 0 0 0 0 0 1 1 0 3 6 9 19 34 33 45 48 44 17 4 6 4 4 5 3 5 11 1 2 2 3 1 1 1 1 8 15 3 1 2 4 5 1 1 3 1 4 13 7 5 3 5 6 7 15 11 15 20 21 27 20 19 35 31 16 28 15 19 21 47 13
0 0 0 0 0 0 0 0 0 0 0 0 0 0 0 0 0 0 0 1 1 0 0 0 0 0 0 0 0 0 0 1 1 1 3 22 29 38 37 46 50 51 19 7 9 28 9 13 10 9 6 7 5 4 5 3 1 2 3 1 1 1 1 2 1 1 9 17 5 5 1 3 3 1 8 7 8 7 4 9 8 6 8 8 16 19 15 24 24 9 24 17 23 21 12 12
0 0 0 0 0 0 0 0 0 0 1 1 0 0 0 0 0 0 0 0 1 2 1 1 1 0 0 0 0 0 0 0 1 5 4 16 30 44 47 46 40 15 16 11 31 23 15 33 18 14 6 7 14 12 5 4 3 10 15 15 6 2 0 0 2 1 6 2 8 4 5 2 1 3 1 7 10 34 16 4 10 12 7 8 24 11 12 13 20 21 17 12 4 8 10 8
0 0 0 0 0 0 0 0 0 0 0 0 1 1 0 1 0 0 0 0 0 0 0 0 0 0 0 0 0 0 1 1 3 16 30 13 7 15 12 13 23 14 10 19 46 36 14 21 22 12 10 5 41 14 7 11 8 14 2 5 16 9 4 0 2 3 2 2 1 2 8 5 2 2 6 2 5 6 8 29 21 45 11 15 8 4 8 40 16 19 17 55 27 13 10 15
0 0 0 0 0 0 0 0 0 0 0 0 0 0 0 0 0 0 0 0 0 0 0 0 0 0 0 0 0 0 1 4 6 7 21 18 16 18 9 11 7 6 10 23 53 30 9 10 15 18 14 8 10 58 37 32 3 6 2 12 8 10 2 3 1 2 1 1 2 5 4 5 7 4 8 13 3 5 27 32 12 40 21 12 5 7 6 11 13 27 10 23 61 48 12 9
0 0 0 0 0 0 0 0 0 0 0 0 0 0 0 0 0 0 0 0 0 0 0 0 0 0 0 0 1 1 3 6 28 22 12 13 15 33 31 20 14 5 5 7 31 10 10 15 19 13 19 8 14 19 69 43 8 5 6 15 4 4 3 1 2 3 3 1 5 11 10 12 6 4 11 19 10 4 4 24 15 12 27 30 8 10 7 12 47 35 30 23 54 72 39 16
0 0 0 0 0 0 0 0 0 0 0 0 0 0 0 0 0 0 0 0 1 0 0 0 0 0 0 0 0 6 10 12 17 18 15 11 15 33 33 24 13 6 8 15 18 9 9 28 12 14 32 11 18 32 14 30 12 8 12 9 3 3 7 5 3 2 7 6 10 39 46 47 6 10 18 22 11 7 9 36 16 3 18 35 11 13 14 13 34 20 15 22 45 51 48 36
0 0 0 0 0 0 0 0 0 0 0 0 0 0 0 0 0 0 1 0 1 1 0 0 0 0 0 0 1 5 18 11 14 14 16 26 37 13 19 35 14 6 7 27 21 9 16 17 20 26 41 29 28 51 29 24 21 14 19 6 4 4 7 6 3 3 3 8 20 13 32 30 17 9 8 21 10 9 3 8 17 3 29 50 14 15 25 17 13 39 26 11 16 30 49 61
0 0 0 0 0 0 0 0 0 0 0 0 0 0 0 0 0 0 1 0 0 0 1 0 0 0 0 1 3 4 8 11 11 6 7 8 10 7 6 11 13 3 2 2 9 6 13 15 43 58 63 58 40 42 23 36 33 20 17 15 4 3 10 10 7 7 4 4 6 4 2 2 11 14 9 12 7 13 8 5 2 4 12 41 43 16 24 27 19 16 36 18 30 49 74 52
0 0 0 0 0 0 0 0 0 0 0 0 0 0 0 0 0 0 1 0 0 1 1 0 0 0 0 1 4 7 4 3 3 6 10 9 9 8 4 1 10 2 8 5 2 3 15 30 34 66 66 60 46 55 34 57 48 30 26 29 4 9 15 14 8 6 3 4 3 1 2 9 27 19 13 16 16 13 6 7 14 5 15 44 54 21 10 13 18 15 11 9 26 40 49 44
0 0 0 0 0 0 0 0 0 0 0 0 0 0 0 0 0 0 0 0 0 0 0 1 1 1 0 1 1 2 2 6 9 11 8 13 27 28 15 3 4 4 2 5 3 3 3 20 35 39 52 43 39 37 50 32 38 28 36 29 4 11 3 16 25 14 4 5 7 1 5 20 26 22 9 4 8 15 21 18 15 15 15 38 66 80 48 31 16 13 13 8 29 66 54 36
0 0 0 0 0 0 0 0 0 0 0 0 0 0 0 0 0 0 0 0 0 0 0 0 1 1 1 1 6 6 8 3 4 8 10 19 34 38 31 3 7 6 3 4 12 15 16 4 19 33 22 20 16 17 27 44 42 43 43 41 8 18 11 12 20 5 4 5 4 3 5 24 14 22 5 4 7 7 24 17 21 20 25 31 69 84 82 32 18 18 17 13 33 60 68 60
0 0 0 0 0 0 0 0 0 0 0 0 0 0 0 0 0 0 0 0 0 0 0 0 1 1 0 1 2 2 3 3 6 4 17 36 22 32 30 14 21 24 17 17 29 29 35 21 7 3 4 7 4 2 10 54 78 87 56 20 35 19 15 8 16 9 5 10 3 3 26 23 24 19 6 12 25 12 18 25 15 15 12 8 56 63 59 58 38 22 23 18 24 45 48 23
0 0 0 0 0 0 0 0 0 0 0 0 0 0 0 0 0 0 0 0 0 0 0 0 1 2 0 1 1 2 3 5 3 10 14 19 9 11 17 34 25 32 41 51 46 29 40 38 21 15 11 11 16 2 3 14 81 84 54 28 23 31 13 8 13 4 4 6 1 18 38 35 25 36 10 9 30 30 27 63 33 23 13 8 19 46 53 50 54 32 29 31 17 34 73 22
0 0 0 0 0 0 0 0 0 0 0 0 0 0 0 0 0 0 0 0 0 0 0 0 1 1 1 1 1 1 2 5 8 6 8 4 11 17 15 25 45 53 47 27 32 18 32 41 25 21 20 6 12 6 12 8 29 41 49 47 29 15 11 22 17 2 5 20 44 27 45 64 22 64 23 7 26 54 38 63 50 43 31 15 17 56 75 60 67 47 41 29 14 25 65 53
0 0 0 0 0 0 0 0 0 0 0 0 0 0 0 0 0 0 0 0 0 0 0 0 0 1 0 0 0 1 1 1 3 5 8 5 6 14 9 35 20 25 47 36 23 21 27 40 40 21 30 25 9 17 22 18 23 49 61 49 13 13 48 35 17 3 16 24 33 42 28 29 17 24 48 32 18 18 22 65 27 24 46 34 30 16 65 45 70 40 48 30 23 23 32 55
0 0 0 0 0 0 0 0 0 0 0 0 0 0 0 0 0 0 0 0 0 0 0 0 1 0 1 1 0 1 1 2 3 10 15 9 23 10 20 8 22 16 16 18 36 40 72 62 60 28 29 23 23 25 36 30 30 45 65 61 56 13 19 19 10 11 36 7 24 40 43 27 33 15 47 55 30 18 24 78 84 46 21 63 50 20 17 29 70 58 52 51 28 26 27 59
0 0 0 0 0 0 0 0 0 0 0 0 0 0 0 0 0 0 0 0 0 0 0 0 1 0 1 2 1 1 4 9 13 4 2 27 23 7 9 11 20 36 25 19 18 52 49 23 31 24 44 29 29 32 31 35 22 35 54 35 26 21 11 10 10 24 41 4 22 12 37 50 37 13 13 41 38 54 27 59 86 62 57 29 52 30 12 28 73 78 32 64 46 30 36 56
0 0 0 0 0 0 0 0 0 0 0 0 0 0 0 0 0 0 0 0 0 1 1 0 1 1 1 4 3 2 2 2 1 1 1 4 8 13 4 13 15 31 33 38 37 17 14 10 7 6 23 20 12 16 29 17 18 22 21 30 35 22 12 16 34 29 20 8 16 17 20 39 30 34 24 63 64 44 40 22 67 69 52 72 36 27 21 24 25 62 28 47 45 26 23 33
0 0 0 0 0 0 0 0 0 0 0 0 0 0 0 0 0 0 0 0 1 1 3 1 1 1 4 3 8 4 2 1 3 3 2 0 1 11 13 5 11 26 43 53 40 37 33 29 23 23 11 10 6 3 4 5 5 8 29 35 44 22 27 28 15 35 16 19 28 25 18 29 49 58 17 57 65 45 49 35 55 71 43 24 60 41 26 27 21 35 36 39 53 30 18 18
0 0 0 0 0 0 0 0 0 0 0 0 0 0 1 0 1 1 0 0 2 10 14 24 19 14 17 8 15 9 25 32 39 13 4 3 4 3 3 8 20 15 25 32 48 51 54 43 39 38 22 23 23 22 22 22 21 18 43 48 36 28 20 19 16 34 32 41 16 44 18 14 47 35 19 45 46 26 33 32 34 47 74 28 31 22 29 14 14 25 20 33 18 18 13 15
0 0 0 0 0 0 0 0 0 0 0 0 0 1 2 1 1 6 3 10 18 25 39 40 30 44 38 32 36 44 24 10 19 26 18 5 9 6 3 2 14 17 24 42 39 40 50 42 43 42 35 34 37 38 22 35 23 26 38 28 32 19 11 12 9 43 25 41 36 42 12 18 27 35 26 46 44 58 22 32 34 17 46 33 21 42 20 18 5 13 23 18 21 15 16 15
0 0 0 0 0 0 0 0 0 1 1 1 1 2 4 14 14 9 14 5 9 14 19 44 46 45 67 61 58 58 8 5 4 5 13 12 18 8 11 8 10 29 34 37 40 37 33 60 51 40 35 35 36 35 34 34 37 12 21 20 22 13 12 19 35 57 54 27 35 17 23 14 28 32 35 23 22 37 44 26 39 26 39 35 14 38 22 15 5 9 21 22 17 22 14 8
0 0 0 0 0 0 0 0 1 2 4 8 14 22 42 43 28 25 37 20 7 4 16 34 22 24 16 43 45 36 23 3 3 2 3 5 9 8 11 13 6 13 21 25 15 15 9 25 36 35 46 47 34 33 33 49 37 14 15 13 8 17 31 38 48 40 24 23 16 32 30 41 25 24 27 24 24 27 42 30 28 27 26 18 23 21 21 18 13 6 15 8 9 15 7 6
0 1 0 0 1 1 1 2 4 11 21 25 35 56 45 66 39 38 63 11 32 11 6 17 13 8 10 12 13 12 29 14 7 1 3 1 5 4 4 13 12 13 32 13 18 16 10 24 25 16 13 12 10 19 21 11 37 22 16 11 13 19 34 39 43 35 18 37 49 30 36 26 24 21 19 13 17 17 26 26 26 24 10 19 13 7 8 5 8 5 4 1 2 3 3 4
0 1 1 1 2 3 7 12 12 32 34 59 46 66 54 61 30 34 62 45 11 16 8 4 5 4 2 2 7 7 11 47 13 3 3 3 12 37 37 24 23 15 17 10 8 13 16 6 5 8 8 18 27 30 16 16 34 20 31 10 16 23 36 26 41 21 15 30 50 46 32 24 13 24 18 10 6 3 8 13 18 12 7 6 5 5 5 4 3 3 3 3 17 9 11 15
1 2 5 5 11 22 27 28 35 49 50 80 62 60 40 53 36 53 51 56 10 22 23 8 5 1 1 1 2 4 3 8 11 4 4 7 4 8 8 10 8 9 10 18 19 13 15 8 13 15 37 51 41 26 49 11 36 33 9 4 4 16 13 34 27 30 19 12 16 24 20 20 11 4 4 6 9 7 17 23 15 20 13 20 22 23 20 18 17 24 9 11 35 24 15 29
7 13 18 28 34 28 46 41 57 52 81 53 26 39 39 36 44 44 44 48 18 10 15 8 7 4 2 2 5 6 6 12 7 2 8 6 10 9 15 10 21 13 22 23 29 30 24 23 17 21 31 55 56 54 56 27 37 33 16 22 13 3 4 5 8 7 13 9 9 9 10 9 9 15 25 24 37 24 38 24 27 37 23 36 26 53 38 21 31 31 18 19 32 28 20 36
27 35 48 37 54 49 58 44 54 38 56 7 16 12 18 33 34 25 22 38 20 8 3 3 4 5 6 4 7 3 20 23 16 8 13 15 14 11 14 14 16 19 20 21 36 26 35 25 13 45 38 38 48 33 25 23 54 31 25 42 33 22 24 25 25 25 41 31 25 24 25 25 36 37 37 24 40 38 39 39 39 40 37 37 54 46 39 32 35 22 33 23 39 25 45 42
4 9 22 23 49 44 57 50 20 3 2 2 7 5 5 6 8 16 29 41 21 5 5 9 4 5 17 10 18 11 17 16 14 11 9 20 17 8 22 16 16 25 26 28 21 22 30 24 20 30 38 32 41 47 31 35 33 23 29 33 31 34 34 38 38 36 50 43 39 23 37 37 35 36 50 37 38 52 38 50 52 38 43 42 67 43 40 38 39 36 37 29 46 46 45 56
4 3 2 3 2 3 11 12 10 3 2 4 8 9 4 2 2 4 17 21 9 4 19 5 11 16 20 14 21 12 11 8 17 10 6 12 11 5 13 16 13 25 16 15 17 20 37 26 16 20 34 31 15 52 27 41 19 23 31 23 39 29 26 28 31 23 50 37 25 35 35 35 48 34 46 34 35 51 51 52 39 37 51 46 53 44 40 41 38 38 39 35 65 51 41 40
7 15 14 5 5 5 1 3 5 2 4 7 6 4 2 3 1 8 6 10 14 23 24 10 19 15 16 13 9 3 1 3 9 7 5 7 4 5 9 14 19 10 13 12 12 26 21 12 22 21 33 37 15 39 34 12 36 34 29 18 31 25 40 39 28 36 34 35 34 23 33 46 46 33 46 45 35 53 37 47 37 49 52 65 54 40 24 49 39 40 48 50 57 28 56 37
8 7 9 6 4 3 3 3 7 8 11 13 10 3 3 8 9 12 14 22 42 34 29 14 14 8 7 10 10 7 4 3 6 4 4 4 3 4 6 9 4 3 11 13 11 38 15 16 28 14 35 10 26 23 9 15 37 28 16 24 18 31 36 25 16 34 34 33 20 34 51 56 49 32 44 48 45 54 36 34 40 49 51 49 42 29 26 50 43 28 57 57 54 28 18 59
3 6 9 8 10 5 10 8 11 13 16 24 20 14 11 19 10 16 25 28 35 19 8 13 13 6 3 5 8 6 4 2 4 4 2 4 3 7 5 3 5 4 11 7 5 33 15 18 13 11 15 24 13 9 8 8 17 34 14 24 24 37 32 16 38 35 42 32 16 34 44 66 49 35 41 50 50 38 31 25 42 67 60 54 54 27 48 68 50 25 44 66 64 34 19 55
5 9 6 7 4 8 12 7 6 12 13 18 17 16 20 19 18 24 22 23 25 13 10 9 6 3 4 6 4 5 2 3 2 1 4 4 3 3 4 2 3 2 9 3 2 14 13 14 7 10 11 4 12 2 2 1 4 18 7 24 34 24 25 45 35 36 23 11 19 46 51 69 53 35 38 58 67 43 41 22 44 70 47 35 36 30 51 67 47 31 24 74 79 52 32 44
2 4 5 8 6 9 7 6 5 5 12 11 12 11 29 12 15 20 15 13 16 12 5 7 4 4 5 4 3 5 2 3 1 1 1 3 1 2 1 3 2 3 4 3 7 5 13 8 2 4 6 3 4 2 2 1 2 5 3 19 26 23 30 45 15 32 12 11 18 48 55 60 53 36 41 57 71 31 38 18 52 79 50 25 23 31 51 67 47 33 27 61 72 61 20 41
1 2 6 5 3 4 5 2 2 3 7 6 5 10 8 8 6 11 12 5 5 6 7 4 2 2 2 2 1 8 1 2 1 1 1 2 2 1 1 2 1 2 2 2 4 2 4 1 2 1 2 6 3 3 2 2 5 2 3 12 9 14 42 20 29 28 18 22 28 33 50 41 48 23 28 49 35 21 42 20 34 61 49 36 22 27 50 63 41 36 26 39 62 42 25 39
0 0 1 1 0 0 1 1 1 1 1 2 2 5 4 4 5 4 6 4 3 1 2 3 2 1 2 1 1 1 2 3 1 1 1 1 1 0 1 1 1 2 2 1 1 2 1 1 1 1 0 2 1 1 1 1 3 1 3 4 4 10 6 12 40 15 15 21 33 21 25 42 21 11 20 36 26 15 39 18 25 45 26 23 25 18 19 57 55 30 18 35 52 31 18 32
0 0 0 0 0 0 0 1 0 1 1 2 2 2 1 3 2 2 2 3 1 1 0 2 2 1 2 0 0 1 1 1 0 0 1 0 0 1 1 1 1 0 1 1 1 1 0 1 0 0 0 1 0 0 0 1 1 3 2 1 2 1 4 20 6 10 20 10 13 11 8 18 7 5 11 21 10 12 22 7 25 28 15 15 18 23 8 16 51 19 15 23 42 29 19 15
0 0 0 0 0 0 0 0 0 0 0 1 1 1 1 1 1 1 1 1 1 1 1 1 1 1 1 0 0 0 1 1 0 0 0 0 0 0 0 0 1 0 1 0 0 0 0 0 0 0 0 0 0 0 0 1 2 2 1 4 3 1 5 4 7 12 4 5 5 7 3 10 2 2 3 11 4 10 13 4 9 11 5 16 16 20 9 10 39 20 9 18 20 9 12 8
0 0 0 0 0 0 0 0 0 0 0 1 0 0 0 1 1 1 1 0 0 0 2 0 0 0 0 0 0 0 0 0 0 0 0 0 0 0 0 0 0 0 0 0 0 0 0 1 2 4 2 2 2 1 0 1 1 1 1 2 1 1 2 1 5 2 2 2 3 5 1 3 1 3 1 4 2 6 5 3 9 5 3 6 12 5 8 6 12 7 9 6 17 17 20 13
0 0 0 0 0 0 0 0 0 0 0 0 0 0 0 1 0 1 1 0 0 0 1 0 0 0 0 0 0 0 0 0 0 0 0 0 0 0 0 0 0 0 0 1 0 3 1 6 1 2 1 1 2 4 5 2 2 0 0 2 1 1 0 1 2 1 1 1 2 3 3 2 2 2 1 3 1 4 1 1 8 1 7 6 11 4 6 4 5 8 8 12 16 25 38 60
0 0 0 0 0 0 0 0 0 0 0 0 0 0 0 0 0 0 0 0 0 0 0 1 0 0 0 0 0 0 0 0 0 0 1 1 0 0 1 4 1 1 1 4 1 1 6 6 1 3 2 1 2 6 4 2 5 4 2 6 2 6 4 1 1 1 2 2 1 3 5 4 2 11 15 9 13 28 16 6 8 13 16 15 4 41 31 22 11 4 8 6 13 35 20 30
0 0 0 0 0 0 0 0 0 0 0 0 0 0 0 0 0 0 0 0 0 0 0 0 0 0 0 0 0 0 0 0 0 0 0 0 1 0 0 2 2 2 1 3 7 1 2 3 4 5 6 1 2 8 9 2 14 6 13 9 3 5 3 3 2 3 2 6 11 1 1 8 9 3 9 17 7 16 7 28 7 16 33 18 9 37 27 19 45 37 26 8 17 30 17 12
0 0 0 0 0 0 0 0 0 0 0 0 0 0 0 0 0 0 0 0 0 0 0 0 0 0 0 0 0 0 0 0 0 0 0 0 0 0 0 1 1 1 3 7 4 1 1 2 2 4 6 1 2 6 4 9 5 4 6 9 3 1 2 6 5 7 7 6 7 11 1 7 18 3 11 22 2 2 3 42 28 13 12 17 27 41 37 48 61 49 17 38 11 10 37 53
0 0 0 0 0 0 0 0 0 0 0 0 0 0 0 0 0 0 0 0 0 0 0 0 0 0 0 0 0 0 0 0 0 0 0 0 0 1 0 1 1 2 1 1 8 3 2 1 3 4 6 7 3 14 13 35 4 13 27 26 11 1 4 6 5 16 14 22 8 25 4 3 17 6 13 27 7 5 3 35 22 33 3 4 8 39 50 43 63 42 10 44 22 20 38 49
0 0 0 0 0 0 0 0 0 0 0 0 0 0 0 0 0 0 0 0 0 0 0 0 0 0 0 0 0 0 0 0 0 0 0 0 0 0 1 7 1 4 2 6 6 9 3 4 12 9 31 34 10 18 49 62 14 37 42 26 17 3 16 19 7 6 5 4 17 41 8 4 13 4 20 25 49 9 15 60 25 44 33 9 9 23 44 40 38 24 44 73 24 19 12 13
0 0 0 0 0 0 0 0 0 0 0 0 0 0 0 0 0 0 0 0 0 0 0 0 0 0 0 0 0 0 0 0 0 0 0 0 0 1 5 4 3 1 2 10 14 5 2 3 8 15 37 25 30 11 37 69 26 32 40 28 36 25 29 41 7 7 15 6 25 36 30 14 4 9 45 43 48 40 14 66 18 42 61 24 14 15 41 32 32 12 65 78 47 30 36 15
0 0 0 0 0 0 0 0 0 0 0 0 0 0 0 0 0 0 0 0 0 0 0 0 0 0 0 0 0 0 0 0 0 0 0 0 0 1 3 2 8 3 12 3 30 4 7 6 4 12 36 34 14 5 6 27 34 52 58 53 73 44 48 45 37 15 20 18 31 31 57 26 10 9 31 51 64 63 30 44 48 47 55 67 30 19 12 13 11 22 62 42 66 37 37 25
0 0 0 0 0 0 0 0 0 0 0 0 0 0 0 0 0 0 0 0 0 0 0 0 0 0 0 0 0 0 0 0 0 0 1 1 1 0 0 2 2 1 0 0 4 4 23 18 6 4 14 4 7 3 3 5 6 32 37 33 44 50 46 38 68 18 22 21 5 52 81 22 14 10 46 34 34 46 19 32 38 15 61 75 56 33 9 10 10 16 10 30 71 36 24 33
0 0 0 0 0 0 0 0 0 0 0 0 0 0 0 0 0 0 0 0 0 0 0 0 0 0 0 0 0 0 0 0 0 1 1 1 1 1 1 0 1 2 1 1 1 2 6 12 16 5 6 4 9 4 5 11 9 5 10 22 20 9 19 48 80 45 17 25 34 65 80 33 11 5 13 21 42 31 45 54 38 10 44 65 77 27 17 8 30 33 18 32 85 53 47 54
0 0 0 0 0 0 0 0 0 0 0 0 0 0 0 0 0 0 0 0 0 0 0 0 0 0 0 0 0 0 0 0 0 1 1 0 2 2 1 1 1 5 3 2 3 3 4 5 6 3 7 20 22 20 14 13 9 7 6 5 1 1 6 64 64 57 33 16 20 62 74 67 48 14 9 24 40 31 33 21 45 33 20 73 75 58 24 16 37 27 49 81 81 80 61 59
0 0 0 0 0 0 0 0 0 0 0 0 0 0 0 0 0 0 0 0 0 0 0 0 0 0 0 0 0 0 0 0 1 0 1 2 1 4 2 4 2 5 5 3 2 7 5 8 7 3 6 35 46 52 43 34 22 20 17 16 18 14 15 31 35 47 39 15 7 38 33 70 70 26 11 37 48 33 21 41 66 31 19 19 75 79 29 17 50 56 52 74 47 76 44 29
0 0 0 0 0 0 0 0 0 0 0 0 0 0 0 0 0 0 0 0 0 0 0 0 0 0 0 0 0 0 0 0 0 0 2 3 1 1 5 12 7 8 7 4 1 3 15 12 10 7 7 23 67 71 64 62 51 47 38 36 68 71 77 66 50 46 35 21 8 5 28 45 80 56 51 17 34 42 24 5 19 31 35 50 69 78 50 32 17 37 38 31 78 77 86 56
0 0 0 0 0 0 0 0 0 0 0 0 0 0 0 0 0 0 0 0 0 0 0 0 0 0 0 0 0 0 0 0 1 1 3 3 2 6 16 7 18 15 6 8 10 10 17 22 15 13 9 14 41 69 65 73 78 73 49 35 27 42 53 62 75 70 71 58 33 2 8 45 55 63 50 44 28 14 19 19 52 47 23 31 29 72 71 31 16 25 30 35 28 71 59 73
0 0 0 0 0 0 0 0 0 0 0 0 0 0 0 0 0 0 0 0 0 0 0 0 0 0 0 0 0 0 0 3 2 1 1 4 3 5 4 2 4 28 40 17 32 21 17 16 21 23 23 12 10 14 55 55 53 75 75 65 57 50 35 42 50 71 76 74 70 60 38 61 52 75 40 41 30 21 32 24 22 28 18 50 37 74 80 29 14 41 46 30 31 31 61 76
0 0 0 0 0 0 0 0 0 0 0 0 0 0 0 0 0 0 0 0 0 0 0 0 0 0 0 0 0 0 0 0 0 1 1 2 3 5 7 8 5 2 8 50 52 66 52 33 29 13 21 25 22 14 25 42 36 30 50 56 60 69 71 59 35 40 71 79 78 63 64 80 61 83 70 50 45 46 28 16 19 40 20 32 45 31 71 43 15 30 47 44 19 12 55 78
0 0 1 0 0 0 0 0 0 0 0 0 0 0 0 0 0 0 0 0 0 0 0 0 0 0 0 0 0 0 0 1 1 1 1 4 6 6 8 11 14 13 7 6 8 51 62 55 33 22 16 27 23 16 6 6 7 8 9 11 21 44 39 53 57 33 34 52 51 43 69 68 67 65 63 67 71 64 40 45 44 39 21 23 62 68 50 57 23 10 41 44 23 43 80 40
0 0 0 0 0 0 0 0 0 1 1 1 0 0 0 0 0 0 0 0 0 0 0 0 0 0 0 0 0 0 0 1 0 0 1 2 2 5 5 6 10 10 21 23 26 17 10 7 30 33 41 13 14 10 14 23 21 21 22 20 23 10 8 12 16 12 11 8 11 32 44 60 56 51 42 36 37 64 56 47 39 27 55 49 50 64 53 68 48 17 14 37 53 82 52 73
0 0 0 1 0 0 0 0 0 1 0 0 0 0 0 0 0 0 0 0 0 0 0 0 0 0 0 0 0 0 0 0 0 0 0 1 2 5 3 6 9 14 16 22 27 22 20 21 16 9 9 7 11 24 25 35 34 38 38 51 24 9 8 24 26 40 22 26 8 7 18 42 36 25 25 27 33 45 52 67 61 31 27 32 34 37 53 63 67 28 14 31 87 66 55 66
0 0 0 0 0 0 1 0 0 0 0 0 0 0 0 0 0 0 0 0 0 0 0 0 0 0 0 0 0 0 0 0 0 0 0 1 1 2 2 5 7 7 8 10 16 15 13 23 20 18 24 27 29 40 35 31 47 50 54 51 30 26 27 40 37 29 38 22 10 14 14 5 4 5 7 6 16 16 7 15 28 20 21 15 17 18 44 55 50 32 15 68 75 50 72 70
0 0 0 0 0 0 1 1 0 0 0 0 0 0 0 0 1 0 0 0 0 0 0 0 0 0 0 0 0 0 0 0 0 0 0 0 1 2 1 1 3 8 6 5 11 10 16 18 23 21 27 17 19 31 39 40 43 48 60 54 35 33 42 40 50 53 57 49 29 29 11 5 3 7 9 17 40 29 20 18 15 12 8 11 10 15 22 36 57 56 26 79 40 26 64 77
0 0 0 1 1 1 0 0 0 1 0 0 0 0 0 1 1 1 0 0 0 0 0 0 0 0 0 0 0 0 0 0 0 0 0 0 1 2 2 2 4 5 10 8 13 13 16 17 22 12 35 23 21 19 30 33 55 58 63 49 23 43 37 50 52 70 63 61 53 34 25 26 27 32 34 47 55 44 29 30 45 54 35 19 25 16 7 14 30 64 46 76 32 32 73 90
1 1 0 0 1 1 3 2 1 1 1 1 1 0 1 2 3 1 0 1 0 0 0 0 0 0 0 0 0 0 0 0 0 0 0 0 0 1 2 2 4 3 4 7 8 11 13 21 17 13 20 27 15 16 28 36 50 45 37 32 32 39 46 47 49 72 68 59 52 31 44 45 45 49 46 47 60 45 45 46 47 49 34 50 53 34 33 10 16 43 39 41 38 26 53 74
1 1 1 0 3 4 4 2 6 2 1 0 0 1 2 1 1 0 0 2 0 1 0 0 0 0 0 0 0 0 0 0 0 0 0 0 0 1 1 2 4 4 2 5 6 6 10 15 12 6 6 18 15 12 19 32 36 31 22 15 18 43 38 40 62 63 57 53 31 26 40 39 42 55 48 60 59 62 44 47 59 51 55 67 61 59 42 16 10 33 29 44 33 14 36 59
1 0 1 1 0 4 2 1 2 5 5 2 0 1 4 2 0 0 1 2 0 2 0 0 0 0 0 0 0 1 0 0 0 0 0 0 0 0 0 0 2 1 3 3 3 2 9 3 8 3 11 7 8 5 14 30 16 18 11 18 17 25 23 37 56 54 51 54 28 43 54 53 37 52 60 53 57 49 42 53 62 59 55 69 46 39 24 22 13 8 13 29 30 11 29 22
1 1 1 2 1 1 7 10 12 4 1 1 0 2 1 3 1 1 5 1 0 2 0 0 0 0 0 0 0 0 0 0 0 0 0 0 0 0 0 0 1 1 1 2 1 1 2 2 1 1 10 2 4 2 11 5 6 11 5 9 8 13 23 39 28 48 42 32 25 39 49 50 30 55 43 54 59 47 39 49 67 55 64 46 32 42 41 51 46 18 4 4 17 14 12 16
2 1 2 2 2 2 5 9 8 7 8 2 5 1 0 0 2 11 7 1 2 2 0 0 0 0 0 0 0 0 0 0 0 0 0 0 0 0 0 0 0 0 1 1 0 1 1 1 1 1 1 1 2 4 2 3 3 3 4 3 4 8 23 22 25 23 18 22 34 44 40 44 34 45 25 34 37 21 31 41 64 39 29 34 46 56 73 61 51 28 18 7 3 8 9 7
2 3 2 2 10 5 16 37 9 7 5 6 7 8 0 0 1 1 0 0 1 3 1 0 0 0 0 0 0 0 0 0 0 0 0 0 0 0 0 0 0 0 0 0 0 0 0 1 0 0 0 0 1 1 1 1 1 1 3 4 2 12 11 14 15 24 17 15 20 34 28 19 21 35 18 10 39 17 22 51 29 37 37 43 74 82 70 54 53 45 25 21 15 4 6 5
