sesion_6_simulaciones/modelos_agentes/ejemplos_netlogo/scenarios/echam4_b2/rob_2038.asc
NCOLS 322 
NROWS 307 
XLLCORNER 451900 
YLLCORNER 4086900 
CELLSIZE 100 
NODATA_value -9999 
[rows 74 to 147 of 307, columns 96 to 191 of 322]
25 55 37 25 21 26 21 50 23 24 20 62 35 72 65 51 17 7 11 18 64 68 39 23 20 10 9 2 10 19 7 5 18 14 10 4 4 5 9 5 5 8 17 5 7 10 12 5 5 14 10 30 52 38 30 18 26 34 49 35 26 80 70 54 59 62 39 54 65 66 56 67 52 67 43 43 58 65 47 40 22 43 58 47 27 11 12 13 7 8 5 5 4 2 0 0
29 33 30 21 13 20 28 35 21 38 40 30 22 25 42 63 37 46 52 71 91 70 66 36 25 17 9 4 12 4 8 53 22 19 23 18 6 3 5 2 5 24 27 28 39 18 15 45 49 10 10 8 15 35 14 18 31 50 37 21 44 48 69 55 60 44 37 52 63 71 44 80 49 58 50 36 61 32 25 51 53 43 17 18 23 21 16 12 20 16 20 20 10 6 2 1
45 28 25 21 16 27 16 42 19 43 51 20 23 45 33 33 44 68 60 71 83 82 81 69 28 17 12 6 10 12 34 50 35 27 26 23 23 6 10 15 10 7 14 5 9 24 18 29 27 27 10 5 13 13 16 17 35 47 23 26 36 22 61 60 56 45 57 49 77 61 36 67 63 52 64 55 31 22 76 48 33 32 49 34 50 51 42 49 49 30 30 28 14 9 4 2
46 16 33 29 23 19 21 30 25 30 71 31 31 33 35 45 70 42 67 67 83 86 66 56 57 14 10 14 30 26 43 17 27 17 29 8 41 20 10 28 8 3 4 2 8 16 35 30 20 49 38 27 20 5 9 13 26 17 18 14 33 16 54 42 39 24 56 57 61 37 28 39 67 34 60 34 33 41 64 38 49 45 41 58 72 67 71 51 44 53 28 26 13 10 6 4
44 26 33 31 40 18 25 28 11 48 69 58 40 26 43 48 52 65 81 51 50 60 71 78 38 29 37 53 62 41 41 20 28 33 7 17 22 21 20 32 21 4 3 6 13 17 36 45 18 62 55 45 45 31 28 10 10 10 14 8 21 14 14 22 17 20 31 50 33 21 27 24 61 46 33 14 42 50 42 43 60 75 84 75 77 75 47 55 57 31 32 17 10 11 10 17
57 58 20 53 57 35 13 30 12 32 29 60 44 34 38 9 45 83 54 57 55 37 63 76 45 28 76 75 72 69 71 42 11 9 14 34 39 10 19 27 30 7 5 16 15 17 25 71 66 60 57 55 63 27 54 42 39 14 6 4 15 23 9 9 16 20 25 30 12 10 24 38 37 28 64 59 25 28 52 65 73 73 69 70 59 70 67 74 51 29 27 16 12 21 36 18
79 83 62 58 22 17 12 10 11 37 19 12 43 57 15 35 75 51 40 34 48 28 14 54 64 69 77 66 75 63 86 76 29 31 41 55 30 22 10 20 46 21 10 12 25 47 27 23 69 46 58 79 64 52 66 35 43 56 47 42 42 13 42 20 11 4 18 26 28 39 26 8 11 11 21 54 60 74 48 73 68 53 75 61 55 57 69 73 54 44 36 24 53 49 15 11
60 56 68 15 11 13 18 15 13 20 20 4 11 23 29 43 24 55 58 45 36 49 12 21 60 77 75 47 39 54 58 37 57 58 59 57 58 56 17 21 53 41 9 11 35 35 20 11 40 20 64 76 55 85 72 44 69 42 32 33 55 21 34 43 33 16 32 36 59 26 41 16 13 15 25 13 22 67 65 69 47 62 76 66 49 58 78 65 57 50 48 52 66 45 16 31
70 70 57 26 26 28 31 21 11 16 26 4 14 27 35 23 20 70 51 36 41 73 43 39 67 92 67 18 41 53 34 36 14 20 82 64 28 30 17 43 61 57 20 18 26 24 20 24 26 50 53 81 83 86 68 65 68 49 67 42 57 42 41 40 37 35 17 28 52 26 59 68 55 42 26 26 24 21 53 79 85 53 68 64 43 78 62 45 56 70 56 73 48 39 27 56
25 39 61 58 9 9 27 27 39 19 20 6 22 51 36 12 19 80 33 51 45 43 31 67 48 57 34 47 59 47 36 30 18 57 89 71 49 27 18 53 35 17 32 15 18 13 16 21 23 40 31 72 71 85 69 67 79 53 74 62 55 56 34 36 41 22 55 25 44 59 73 72 53 36 40 23 21 30 23 70 66 64 38 60 75 42 49 52 63 53 59 47 31 38 39 78
13 18 26 36 43 9 19 12 9 32 27 12 20 44 36 21 32 76 44 45 25 18 72 73 65 54 28 61 62 45 23 13 60 90 88 85 78 47 47 59 52 12 31 24 24 34 26 19 27 10 6 32 76 87 62 69 62 67 84 74 58 50 30 20 59 30 69 47 39 59 77 73 33 28 38 33 33 34 28 32 69 80 77 57 31 64 73 73 62 72 30 48 46 63 44 74
9 14 24 14 30 36 26 21 11 21 40 9 20 50 34 40 32 46 56 67 62 19 41 49 80 69 65 69 68 72 45 80 89 80 76 88 82 50 34 61 43 18 36 26 25 34 32 21 27 18 21 38 77 81 58 50 55 86 80 80 56 24 45 57 71 51 80 70 58 39 75 59 65 59 53 37 34 41 30 28 41 76 65 80 74 47 71 33 71 39 35 60 46 78 50 62
7 4 2 2 8 21 9 4 8 14 21 10 30 57 36 12 28 25 47 62 71 63 30 34 40 45 73 86 60 61 79 86 87 73 79 78 64 79 57 63 47 69 51 60 35 42 52 51 35 33 23 41 67 89 69 51 78 70 83 73 56 39 43 55 79 59 74 69 62 42 66 53 46 22 47 26 14 35 32 22 13 60 74 67 53 84 62 59 61 58 58 69 73 78 76 44
5 2 0 1 7 8 2 3 6 12 6 17 47 43 14 7 14 22 47 49 63 85 52 28 25 35 76 75 83 43 84 71 70 69 88 83 63 78 52 64 60 89 44 74 54 45 39 27 28 26 23 19 47 81 67 76 67 78 89 66 43 47 59 77 72 58 70 65 54 19 23 33 56 55 64 42 21 33 39 44 50 16 62 69 63 76 84 86 92 76 86 87 75 44 78 32
8 6 2 1 7 4 2 4 8 6 9 17 29 37 11 4 31 33 27 33 42 56 71 70 51 34 56 68 81 75 74 86 83 56 59 47 50 75 32 49 89 79 60 48 40 53 34 44 50 53 52 25 32 62 59 68 65 81 82 66 59 73 73 76 76 47 63 68 55 27 24 46 64 59 46 73 34 23 34 42 46 30 24 60 66 85 79 54 54 67 67 83 75 45 57 66
8 3 3 1 3 2 1 10 5 5 4 9 46 25 8 3 27 16 25 38 39 54 64 62 65 40 47 23 42 72 61 68 73 64 65 62 48 38 53 86 53 75 42 26 40 69 52 52 57 60 47 44 27 31 29 52 66 71 80 59 48 62 59 84 79 53 63 77 35 13 14 38 36 51 84 70 42 37 18 51 36 50 49 19 56 77 77 74 74 67 50 47 62 40 25 44
4 4 2 1 1 1 1 6 6 2 11 24 45 38 8 3 15 4 16 51 50 52 22 34 59 45 47 36 63 88 82 76 53 66 50 33 40 32 65 46 42 43 22 58 80 63 58 58 44 34 32 31 26 24 10 14 48 62 79 47 67 63 81 88 87 53 78 64 52 29 18 30 54 72 89 48 42 72 33 42 40 48 58 40 18 61 66 51 33 47 43 41 31 44 42 39
9 8 4 2 1 0 0 1 3 5 7 29 18 11 18 6 17 4 2 10 14 44 24 23 23 14 33 49 76 86 63 70 76 72 65 38 22 35 76 23 53 57 70 78 79 59 76 37 29 35 63 59 66 62 55 24 9 7 35 46 50 64 79 87 87 61 90 66 65 54 28 32 52 87 73 37 67 62 41 30 51 56 56 46 35 12 31 52 44 44 26 40 61 67 53 50
5 3 2 1 1 1 0 0 1 5 10 12 12 4 5 2 18 6 2 17 14 18 11 17 27 23 21 48 24 50 56 54 58 49 15 27 42 48 51 29 67 67 82 69 63 48 83 74 74 57 59 55 54 37 42 15 7 7 8 31 61 83 75 85 78 53 79 73 40 33 37 56 50 72 44 57 79 66 66 68 54 60 45 43 47 32 10 18 21 28 45 55 63 64 59 46
2 2 2 1 1 1 1 0 0 1 5 10 10 8 3 2 18 4 1 7 6 8 9 15 10 25 27 33 22 7 19 23 18 14 35 44 65 78 52 51 30 68 91 62 39 78 72 62 78 59 59 47 32 38 36 41 21 10 11 53 76 72 81 87 83 81 76 82 67 29 45 36 42 21 33 74 70 39 63 35 44 44 42 39 47 35 41 18 6 30 48 65 72 64 58 32
4 1 4 5 3 2 2 2 1 1 3 6 5 4 4 1 6 2 1 3 6 5 4 5 7 15 17 18 20 15 6 5 8 24 34 68 78 53 60 67 47 82 87 59 72 66 65 45 85 64 73 58 67 71 69 52 32 12 14 25 65 58 82 82 77 70 76 82 72 43 30 45 51 47 52 59 69 86 47 54 34 29 48 41 29 45 59 52 18 18 22 19 30 36 37 29
13 11 6 11 9 6 6 5 3 1 1 2 2 3 2 2 2 1 1 2 2 3 1 2 5 7 10 11 11 21 4 5 8 23 73 80 57 39 68 74 61 72 77 64 57 67 62 58 85 68 57 71 58 65 65 49 32 14 9 13 16 54 72 77 69 59 77 71 47 17 28 57 31 53 74 68 76 56 35 68 39 39 46 45 70 52 33 38 45 43 35 13 7 7 12 14
22 10 17 16 17 11 15 8 4 3 0 1 0 1 2 1 2 1 1 1 2 2 1 1 1 2 11 9 9 3 6 2 12 60 57 61 22 54 82 65 48 50 60 26 35 82 55 77 83 77 56 70 79 51 26 28 28 29 23 13 16 29 50 59 62 59 42 50 24 22 41 44 40 60 69 78 63 50 60 69 60 35 49 75 72 67 50 44 48 49 56 48 27 9 4 9
23 25 28 17 26 18 12 9 7 6 6 2 1 0 0 0 1 1 0 0 1 0 1 1 1 1 7 11 5 4 7 2 18 46 32 17 27 68 82 68 34 42 38 30 75 65 49 53 88 86 46 53 53 68 50 27 7 13 16 21 20 26 20 28 18 36 44 39 17 34 51 52 46 46 69 62 55 66 39 24 62 54 61 71 73 57 55 47 35 40 52 41 35 14 11 3
38 24 32 36 29 16 14 18 8 9 5 4 3 1 1 0 0 1 0 1 1 1 0 1 0 1 1 7 1 2 7 2 9 25 10 15 25 44 45 50 39 42 24 64 70 27 54 88 85 79 81 34 19 26 20 24 8 11 21 30 19 30 19 12 12 23 17 17 15 41 42 60 35 59 66 60 74 41 53 40 69 40 36 41 49 68 67 48 38 29 47 37 38 29 23 8
28 18 38 40 14 19 7 9 18 11 7 6 4 4 2 1 0 0 0 0 0 0 0 0 0 0 0 1 1 8 3 1 2 3 5 22 29 40 77 52 45 33 45 48 44 41 51 89 82 74 92 69 43 53 48 25 11 7 4 9 33 20 15 8 10 21 13 11 18 31 49 58 51 27 36 37 47 45 45 56 19 65 48 56 58 66 60 63 68 48 45 44 47 52 27 15
16 30 65 39 32 16 32 14 23 20 9 8 5 2 1 1 1 1 1 1 1 1 0 0 0 0 0 0 1 7 1 1 2 1 8 24 33 9 30 24 35 28 30 44 31 41 63 86 80 80 85 86 43 27 21 15 14 15 12 2 3 9 9 8 9 13 9 12 13 28 40 57 51 56 19 32 51 47 28 35 61 41 34 61 65 61 64 70 60 72 58 65 62 53 35 26
21 37 59 33 30 27 14 17 26 16 13 10 6 5 2 3 1 2 2 2 1 2 1 1 1 1 0 0 1 3 1 2 2 2 6 9 9 11 9 5 23 35 21 16 24 64 81 81 71 62 78 78 58 41 43 46 38 23 16 5 1 7 5 4 8 6 6 8 17 28 27 38 37 35 47 44 37 58 86 84 74 78 59 56 54 53 58 66 76 64 77 70 60 57 52 43
24 54 23 25 31 23 20 12 22 21 7 5 10 4 3 2 2 3 3 3 3 2 2 2 1 1 0 0 0 1 0 1 2 3 5 5 7 11 11 4 9 38 25 9 31 44 82 73 31 26 39 66 81 71 51 44 34 22 10 4 1 7 4 2 3 4 6 13 19 28 27 35 40 57 71 74 66 84 82 80 73 58 48 33 36 58 75 67 65 69 76 76 72 73 60 52
55 22 27 24 16 26 24 16 7 9 11 11 10 8 3 5 3 4 4 6 6 3 5 2 4 2 1 0 0 1 0 1 1 2 5 6 10 10 9 3 5 13 20 6 21 25 56 30 15 19 44 55 79 73 63 42 35 23 9 7 2 3 2 1 6 4 8 21 20 26 31 31 62 70 85 69 78 72 76 60 29 25 31 50 26 56 66 62 77 85 76 60 42 35 24 21
19 24 39 60 49 33 11 6 7 20 17 12 6 10 9 8 7 11 9 9 9 8 5 6 5 3 1 1 0 0 0 0 0 2 3 13 20 10 12 4 3 3 6 1 6 12 10 15 20 33 38 64 83 73 65 60 48 32 27 12 3 2 2 1 4 8 10 9 8 18 39 43 52 58 62 68 70 61 43 35 43 38 58 55 82 64 47 69 84 73 58 59 56 50 41 36
42 54 45 15 13 18 20 9 14 23 22 17 14 15 12 17 9 14 13 18 6 13 11 8 5 2 1 1 0 0 0 0 0 1 3 5 5 10 12 6 7 4 5 1 4 8 15 44 62 64 84 66 84 80 73 52 52 26 17 9 2 3 2 1 1 2 4 11 20 19 33 57 36 44 44 61 64 26 16 31 31 47 69 61 79 60 81 67 71 60 60 61 54 59 57 48
46 29 35 31 29 16 22 10 28 29 24 25 36 20 28 23 20 32 24 13 14 16 19 5 6 3 2 1 0 0 0 0 0 0 1 2 7 15 15 4 2 3 3 2 4 12 36 24 51 52 56 50 89 82 72 40 23 15 9 3 2 1 1 0 0 1 5 19 27 20 27 50 43 32 28 40 27 32 54 55 40 68 67 61 71 80 65 62 60 58 47 56 59 65 56 70
27 23 14 12 10 9 5 17 35 31 32 46 32 37 35 35 39 16 12 29 20 23 19 7 4 2 2 2 1 1 0 0 0 0 1 1 1 4 7 4 3 3 3 3 8 11 6 16 31 74 38 59 79 62 63 47 27 13 4 3 2 1 0 1 0 1 4 10 30 20 24 9 20 34 26 42 47 49 47 45 48 70 63 57 65 63 41 70 40 48 59 67 67 47 75 74
15 21 30 33 28 14 12 22 35 54 51 49 34 42 61 58 32 18 20 40 26 13 12 8 4 3 3 2 1 1 1 1 0 0 1 1 1 1 1 0 1 1 2 3 7 5 8 18 59 20 16 42 84 63 43 21 15 10 10 6 2 1 0 0 0 1 3 6 11 16 17 13 31 25 34 45 60 72 72 72 72 86 62 42 40 50 66 83 79 58 57 59 51 58 63 58
27 46 32 51 23 22 24 39 40 58 54 23 25 47 45 33 25 25 34 57 22 15 12 10 5 4 3 2 1 1 0 1 1 0 0 1 1 0 0 0 0 1 1 1 2 6 11 6 43 12 25 56 80 45 22 18 12 5 3 4 2 1 0 0 0 0 1 1 6 8 15 23 38 38 66 69 82 52 39 30 81 78 78 52 21 53 74 89 84 78 83 55 71 53 47 78
45 46 67 55 28 46 45 48 67 60 44 31 35 57 38 53 19 30 61 28 19 14 15 13 12 8 4 2 1 1 1 1 1 1 0 0 1 0 0 0 0 1 1 1 2 4 7 6 5 9 30 68 73 38 25 18 7 5 4 3 2 1 1 0 0 0 2 5 9 14 22 28 43 57 69 63 32 35 30 73 75 78 81 82 41 58 82 83 73 67 66 69 50 54 36 54
62 63 41 32 37 50 48 68 39 52 23 46 49 77 60 40 22 56 17 13 29 16 11 7 7 5 5 4 4 2 2 2 1 1 0 0 0 0 0 0 0 0 0 1 2 6 3 7 2 3 15 45 84 72 29 16 9 3 4 2 2 1 1 0 0 1 3 7 20 23 24 35 43 41 38 47 43 60 75 80 74 77 65 81 70 62 63 35 22 20 52 79 69 48 31 34
70 57 41 28 41 57 65 18 60 27 32 52 68 71 47 27 55 47 27 10 10 16 5 4 8 8 11 5 7 6 4 4 1 1 1 1 0 0 0 0 0 0 0 1 2 3 1 4 1 6 11 6 48 54 23 10 4 3 2 1 2 2 1 0 0 2 4 6 9 15 17 22 28 35 60 68 66 68 74 63 70 59 45 72 63 42 36 46 62 69 83 39 56 51 29 26
42 56 39 35 51 71 73 28 62 54 67 53 80 49 36 44 58 24 25 19 47 23 11 7 13 21 13 16 13 15 5 2 0 2 1 1 1 0 0 0 0 0 0 1 1 0 1 4 1 4 4 27 41 18 16 12 9 5 2 1 2 1 1 1 0 0 2 4 8 9 12 18 31 28 29 32 35 38 83 45 66 72 52 47 38 26 60 67 66 81 78 59 45 59 58 55
86 43 58 60 69 52 50 60 59 53 59 58 53 47 42 72 32 41 32 60 49 26 29 19 10 27 32 28 38 18 11 3 1 1 1 1 1 1 1 0 0 0 1 1 0 1 7 2 1 3 22 31 47 12 10 14 6 4 3 1 2 1 1 0 0 0 0 2 4 5 2 8 8 11 27 43 44 47 73 64 52 67 85 40 28 45 48 58 77 69 65 76 57 58 45 55
80 94 88 90 85 57 20 12 58 36 66 75 85 76 63 68 64 74 55 67 49 45 41 34 31 40 57 59 23 22 10 5 5 2 2 2 1 1 1 0 0 0 0 1 0 0 0 1 0 3 9 41 39 7 10 10 8 4 2 2 2 1 1 0 0 0 2 3 4 10 15 23 39 39 25 28 46 78 72 74 75 55 57 69 33 39 62 63 53 37 74 86 57 46 57 65
65 88 73 81 78 61 76 34 57 46 22 38 80 86 88 63 46 53 65 65 60 53 63 44 57 55 67 46 43 34 23 12 6 6 5 2 1 2 1 1 0 0 0 0 1 1 0 0 0 2 7 4 16 4 13 6 8 6 2 1 1 1 0 0 0 1 2 5 8 18 33 29 20 35 62 44 60 76 76 88 76 63 54 46 11 21 26 45 68 82 87 63 84 56 54 61
45 85 65 77 76 67 87 65 41 72 51 42 66 77 72 63 72 50 76 86 86 69 57 41 77 62 65 47 31 21 21 15 12 12 8 4 2 1 1 1 1 0 0 0 1 0 1 0 0 1 1 3 20 8 19 16 5 7 3 3 0 0 0 0 0 1 3 3 7 16 35 49 58 51 70 75 80 76 69 84 82 50 31 24 12 20 45 65 59 90 60 71 80 83 59 58
49 81 69 61 79 54 62 26 45 74 57 31 11 53 64 63 71 55 50 78 83 45 69 35 65 54 65 45 36 14 18 29 27 22 16 5 2 1 2 1 0 0 0 0 1 0 1 0 0 0 1 5 19 4 5 2 6 7 6 2 0 0 0 0 0 1 4 3 8 15 27 43 39 29 31 46 82 58 80 80 88 83 23 15 12 29 59 38 70 83 71 79 66 60 46 65
13 38 26 49 71 57 55 15 46 79 43 23 14 27 63 61 65 59 27 32 58 41 35 54 25 23 71 38 19 10 5 7 13 9 9 8 3 3 3 1 1 0 0 0 0 0 0 0 0 0 1 8 6 12 4 2 2 1 1 0 1 0 0 0 0 1 2 2 4 9 15 13 20 39 44 61 87 89 72 63 77 81 60 15 6 19 21 46 78 64 60 28 22 31 44 62
13 40 65 48 57 39 67 44 54 80 62 32 27 23 58 76 44 8 9 19 29 16 22 62 30 13 52 38 45 13 1 9 19 13 5 12 7 5 2 1 0 0 0 0 0 1 1 0 0 1 2 5 2 3 2 2 1 0 1 1 1 0 0 0 0 1 1 1 2 6 12 18 38 41 54 80 89 87 83 48 52 61 52 21 5 13 31 58 54 28 28 59 62 59 62 75
22 12 12 16 25 37 70 25 58 59 82 47 25 18 20 16 11 9 9 24 18 16 11 50 15 33 39 28 42 56 19 9 9 6 8 9 6 4 2 1 1 0 0 0 0 0 1 0 0 0 2 5 0 1 2 4 1 0 1 1 0 0 0 0 0 1 7 5 8 22 36 60 69 54 70 93 89 88 80 60 14 27 43 38 7 13 29 54 39 43 86 63 46 53 41 76
24 29 11 11 22 37 59 48 32 45 72 47 15 6 20 22 8 23 8 9 15 12 11 47 12 9 32 23 28 41 22 15 19 5 3 3 1 1 1 1 1 1 0 0 0 0 0 0 0 0 2 3 0 1 1 1 2 2 0 0 0 0 0 0 0 1 3 10 28 42 75 50 29 48 80 92 87 77 74 75 58 14 41 39 7 14 34 31 25 69 67 49 62 79 22 10
25 32 21 12 18 11 49 59 47 17 70 36 11 3 14 14 21 24 15 9 10 15 3 15 38 3 9 12 29 57 16 4 7 5 6 7 4 3 1 1 1 0 0 0 0 0 0 0 0 0 3 2 0 1 1 1 1 1 0 0 0 0 0 0 0 1 3 13 27 28 12 19 45 56 75 78 82 72 62 43 60 20 12 16 11 27 20 16 55 83 44 57 66 74 67 22
36 22 20 8 7 8 33 63 26 21 52 46 24 3 13 14 30 21 16 10 11 19 8 8 57 8 11 11 27 27 30 18 15 17 10 6 5 4 2 1 0 0 0 0 0 0 0 0 0 1 4 3 1 1 1 0 0 1 1 0 0 0 0 0 1 2 13 16 12 7 21 35 53 86 76 64 79 45 27 19 49 25 12 3 3 18 18 38 79 52 42 54 77 63 64 30
64 13 20 9 6 9 18 25 6 5 58 32 4 2 10 13 27 19 26 17 19 15 12 9 19 10 4 10 17 15 24 28 13 8 5 2 3 3 3 2 1 0 0 0 0 0 0 0 0 1 2 2 1 0 0 0 0 0 0 0 0 0 0 0 1 4 6 4 3 7 30 45 77 85 82 61 36 55 17 16 39 15 4 1 7 24 38 54 64 21 53 83 72 67 78 40
14 21 8 7 5 4 6 11 7 10 37 13 6 2 7 9 22 6 16 12 9 14 10 7 12 19 7 3 1 8 9 20 9 5 6 3 2 1 2 1 0 0 0 0 0 0 0 0 0 1 2 0 0 0 0 0 0 0 0 0 0 0 0 0 1 2 1 1 4 20 34 46 81 85 67 51 31 35 40 9 13 9 3 2 10 14 33 57 34 33 73 63 63 64 59 51
12 8 15 15 5 5 2 3 2 3 9 4 11 4 2 7 19 7 4 12 5 3 1 12 14 21 2 2 1 2 14 24 21 8 3 2 2 1 1 0 0 0 0 0 0 0 0 0 0 0 1 1 0 0 0 0 0 0 0 0 0 0 0 0 1 1 0 1 9 22 41 72 72 72 59 53 30 20 35 11 6 7 2 2 7 13 37 46 33 23 30 48 43 39 55 61
22 11 6 16 17 8 7 2 1 4 3 3 9 10 2 4 8 10 3 3 3 3 2 26 11 11 6 0 1 1 3 4 15 13 5 3 1 1 0 0 1 0 0 0 0 0 0 0 0 0 1 0 1 0 0 0 0 0 0 0 0 0 0 0 0 0 0 3 10 43 54 77 74 53 29 13 9 8 11 12 7 2 1 2 5 9 23 23 14 10 25 23 17 33 52 66
23 13 5 7 10 16 5 2 1 3 4 2 2 3 2 2 4 8 2 2 1 1 1 3 1 2 9 1 1 1 0 2 13 14 5 2 3 5 3 2 1 0 0 0 0 0 0 0 0 0 0 0 0 0 0 0 0 0 0 0 0 0 0 0 0 0 0 2 11 66 66 63 76 64 28 12 4 1 3 5 4 1 0 1 3 8 16 8 5 18 28 38 69 57 71 64
51 21 10 3 6 10 15 1 2 4 5 2 1 2 1 1 2 7 2 1 1 1 0 1 0 0 3 2 0 1 0 0 4 23 11 3 2 1 1 0 0 0 0 0 0 0 0 0 0 0 0 0 0 1 0 0 0 0 0 0 0 0 0 0 0 1 2 11 32 37 74 77 59 68 51 21 10 3 1 1 2 2 0 0 1 3 3 1 5 17 26 66 70 60 57 62
34 64 16 7 2 3 2 2 2 4 3 1 3 1 1 0 0 6 2 1 1 0 0 1 1 0 2 2 1 1 1 0 1 6 16 7 2 2 3 2 0 0 0 0 0 0 0 0 0 0 0 0 0 0 0 0 0 0 0 0 0 0 0 0 0 3 6 4 10 33 62 55 43 39 60 25 9 3 1 0 1 0 0 0 1 1 1 2 10 20 53 60 37 52 63 63
5 42 53 23 7 3 1 4 1 1 1 1 3 1 1 1 0 5 2 1 0 0 0 0 1 0 1 1 1 1 1 0 1 1 2 10 3 1 1 1 1 0 0 0 0 0 0 0 0 0 0 0 0 0 0 0 0 0 0 0 0 0 0 0 0 0 0 3 32 46 48 46 32 30 28 20 9 3 3 1 0 0 0 0 1 3 4 3 8 25 28 19 25 49 68 61
3 17 22 35 12 4 2 4 3 1 2 1 1 1 2 1 1 1 4 1 0 0 0 0 1 0 1 1 0 1 1 0 1 1 1 1 9 3 3 1 0 0 0 0 0 0 0 0 0 0 0 0 0 0 0 0 0 0 0 0 0 0 0 0 0 1 2 5 27 50 49 64 44 9 9 12 6 5 3 1 0 0 0 0 1 3 11 19 8 7 6 18 37 52 77 55
6 9 7 17 6 2 2 2 3 2 1 1 1 2 1 1 1 1 1 1 0 0 0 1 1 1 0 1 0 0 1 0 0 0 1 2 3 1 5 1 0 0 0 0 0 0 0 0 0 0 0 0 0 0 0 0 0 0 0 0 0 0 0 0 0 1 2 8 23 37 73 60 55 24 6 3 5 3 2 1 0 0 0 1 2 4 14 31 32 23 27 20 40 53 80 67
3 7 2 6 7 5 3 2 2 2 1 1 1 1 1 1 1 1 0 1 1 0 0 0 0 1 0 1 0 0 0 0 0 1 1 2 2 1 6 1 1 1 0 0 0 0 0 0 0 0 0 0 0 0 0 0 0 0 0 0 0 0 0 0 0 1 2 5 22 18 56 52 34 27 26 6 4 3 1 0 0 0 0 1 3 8 17 28 48 40 43 42 40 67 92 78
4 3 3 2 3 1 2 1 5 4 1 0 1 1 0 1 0 0 0 0 0 0 0 0 0 1 0 1 0 0 0 0 0 0 4 5 2 1 1 1 1 0 0 0 0 0 0 0 0 0 0 0 0 0 0 0 0 0 0 0 0 0 0 0 0 1 2 11 26 39 46 51 37 18 11 10 3 2 0 0 0 0 0 0 1 5 11 21 33 24 46 53 74 91 91 77
1 3 1 1 1 1 1 1 1 1 0 0 0 0 0 0 0 0 0 1 0 0 0 0 0 1 0 0 0 0 0 0 0 1 2 3 5 13 9 5 1 0 0 0 0 0 0 0 0 0 0 0 0 0 0 0 0 0 0 0 0 0 0 0 0 2 7 18 30 47 47 42 43 23 5 3 3 1 0 0 0 0 2 1 1 1 2 5 10 28 35 67 66 89 89 69
1 1 1 1 0 0 0 0 0 0 0 0 0 0 0 0 0 0 0 0 0 0 0 0 0 0 0 0 0 0 0 0 0 0 1 1 1 1 1 0 0 0 0 0 0 0 0 0 0 0 0 0 0 0 0 0 0 0 0 0 0 0 0 0 1 1 2 6 22 40 22 47 23 14 4 2 1 1 0 0 0 0 2 3 10 6 8 10 20 47 57 64 77 80 69 53
0 0 0 0 0 0 0 0 0 0 0 0 0 0 0 0 0 0 0 0 0 0 0 0 0 0 0 0 0 0 0 0 0 0 0 0 0 0 0 0 0 0 0 0 0 0 0 0 0 0 0 0 0 0 0 0 0 0 0 0 0 0 0 0 0 1 2 5 12 10 17 24 18 7 2 1 0 0 0 0 0 0 1 2 5 13 29 27 48 73 69 54 68 52 52 37
1 0 0 0 0 0 0 0 0 0 1 1 1 1 0 0 0 0 0 0 0 0 0 0 0 0 0 0 0 0 0 0 0 0 0 0 0 0 0 0 0 0 0 0 0 0 0 0 0 0 0 0 0 0 0 0 0 0 0 0 0 0 0 0 0 1 2 9 8 9 16 9 7 2 1 0 0 0 0 0 0 1 1 3 5 17 61 62 22 32 74 84 54 19 18 28
2 1 0 1 1 1 1 1 1 1 2 2 4 3 2 1 0 0 0 0 0 0 0 0 0 0 0 0 0 0 0 0 0 0 0 0 0 0 0 0 0 0 0 0 0 0 0 0 0 0 0 0 0 0 0 0 0 0 0 0 0 0 0 0 0 1 2 2 4 6 6 4 4 1 0 0 0 0 0 0 1 1 3 6 20 32 24 7 15 53 87 81 77 18 8 9
4 1 1 2 2 2 3 3 4 4 4 4 4 8 3 1 1 1 0 0 0 0 0 0 0 0 0 0 0 0 0 0 0 0 0 0 0 0 0 0 0 0 0 0 0 0 0 0 0 0 0 0 0 0 0 0 0 0 0 0 0 0 0 0 1 1 3 2 1 1 2 2 1 1 0 0 0 0 0 1 2 2 7 19 19 6 2 8 25 74 84 65 41 32 3 1
7 4 2 5 6 11 6 8 14 9 15 8 13 8 4 3 4 2 0 1 1 0 0 0 0 0 0 0 0 0 0 0 0 0 0 0 0 0 0 0 0 0 0 0 0 0 0 0 0 0 0 0 0 0 0 0 0 0 0 0 0 0 0 0 0 1 3 3 1 2 1 1 0 0 0 0 0 0 0 0 2 6 5 4 2 1 4 17 39 62 64 53 19 32 6 1
16 10 5 15 30 51 35 25 42 31 28 16 37 26 19 12 3 1 1 2 1 0 0 0 0 0 0 0 0 0 0 0 0 0 0 0 0 0 0 0 0 0 0 0 0 0 0 0 0 0 0 0 0 0 0 0 0 0 0 0 0 0 0 0 0 1 4 3 1 0 1 0 0 0 0 0 0 0 0 0 2 2 2 0 1 4 11 37 56 42 44 24 10 11 15 1
51 52 39 29 31 30 17 9 32 15 16 15 17 25 26 6 5 4 4 4 2 0 0 0 1 0 0 0 0 0 0 0 0 0 0 0 0 0 0 0 0 0 0 0 0 0 0 0 0 0 0 0 0 0 0 0 0 0 0 0 0 0 0 0 0 1 5 4 1 1 0 0 0 0 0 0 0 0 0 0 0 0 0 1 3 7 14 58 62 81 33 6 4 3 7 1
45 27 51 32 25 31 26 18 12 10 15 23 12 8 16 30 19 6 1 1 1 0 0 0 0 0 0 0 0 0 0 0 0 0 0 0 0 0 0 0 0 0 0 0 0 0 0 0 0 0 0 0 0 0 0 0 0 0 0 0 0 0 0 0 0 1 2 6 2 1 0 0 0 0 0 0 0 0 0 0 0 0 1 2 4 7 31 31 46 55 45 7 1 0 3 2
41 11 36 36 11 4 12 14 19 17 7 6 31 8 9 21 8 5 2 1 1 0 0 0 0 0 0 0 0 0 0 0 0 0 0 0 0 0 0 0 0 0 0 0 0 0 0 0 0 0 0 0 0 0 0 0 0 0 0 0 0 0 0 0 0 0 1 2 2 1 0 0 0 0 0 0 0 0 0 0 0 1 1 3 9 21 31 26 18 16 38 9 2 0 0 1
