sesion_6_simulaciones/modelos_agentes/ejemplos_netlogo/scenarios/echam4_b2/rob_2020.asc
NCOLS 322 
NROWS 307 
XLLCORNER 451900 
YLLCORNER 4086900 
CELLSIZE 100 
NODATA_value -9999 
[rows 75 to 149 of 307, columns 0 to 95 of 322]
0 0 0 0 0 0 0 0 0 1 0 0 0 0 1 0 0 0 0 0 0 0 0 0 0 0 1 1 1 1 0 0 2 5 13 19 12 10 26 22 5 9 9 4 2 0 2 3 2 2 3 4 3 2 3 4 2 2 2 2 2 5 18 20 9 9 18 14 10 5 9 18 15 10 21 67 35 16 13 47 49 48 51 35 16 48 44 21 17 13 17 27 31 21 16 54
0 0 0 0 0 0 0 0 0 0 0 0 0 0 0 0 0 0 0 0 0 0 0 0 1 0 0 0 0 0 0 0 0 2 4 15 14 24 18 11 9 32 10 4 5 2 2 2 2 3 7 2 4 2 3 2 4 3 1 1 2 15 9 21 17 18 28 24 32 18 16 6 7 5 17 63 73 32 17 11 39 49 35 16 16 63 59 55 44 13 7 8 29 38 31 45
0 0 0 0 0 0 0 0 0 0 0 0 0 0 0 0 0 0 0 0 0 0 0 0 0 0 0 0 0 0 0 0 1 1 5 7 6 6 6 6 28 9 10 8 11 12 5 1 2 5 4 3 4 2 6 2 3 3 1 3 7 13 12 23 15 23 30 31 33 37 32 31 29 21 10 18 46 39 30 11 35 61 24 14 44 68 29 59 50 35 15 33 50 49 37 28
1 0 0 0 0 0 0 0 0 0 0 0 0 0 0 0 0 0 0 0 0 0 1 0 0 0 0 1 0 1 2 2 3 4 6 7 4 7 8 18 14 23 7 10 12 26 14 10 13 6 7 3 4 3 2 1 3 3 7 10 9 6 9 6 16 26 27 42 39 33 35 46 31 29 14 5 6 18 23 15 24 30 23 27 58 31 21 14 15 36 29 33 25 36 37 35
0 0 0 0 0 0 0 0 0 0 0 0 0 0 0 0 0 0 0 0 0 0 0 0 0 0 0 0 0 1 2 2 13 26 43 36 16 6 12 18 21 37 23 6 6 9 28 30 41 44 32 18 10 7 5 3 3 5 10 10 4 5 6 5 6 11 9 7 11 32 40 33 33 36 24 18 10 19 9 6 15 27 24 35 51 24 35 27 14 28 31 49 66 54 43 43
0 0 0 0 0 0 0 0 0 0 0 0 0 0 0 0 0 0 0 0 0 0 1 1 0 0 0 0 1 2 1 2 2 11 36 58 20 8 10 27 23 17 34 19 7 6 11 28 56 68 81 79 68 26 19 12 9 11 8 10 8 6 5 2 12 12 10 14 16 30 40 30 35 38 34 19 17 9 6 1 8 25 23 36 35 35 19 16 15 24 57 56 62 34 37 55
0 0 0 0 0 0 0 0 0 0 0 0 0 0 0 0 0 0 0 0 0 0 1 13 1 1 0 0 1 3 3 2 2 2 4 33 34 12 6 18 29 51 33 43 33 14 10 4 3 8 34 40 54 66 52 27 12 6 9 9 5 11 6 20 7 3 8 6 8 16 17 42 36 40 40 24 8 1 4 2 7 16 13 40 22 31 45 45 24 18 11 8 25 18 22 33
0 0 0 1 1 0 0 0 0 0 0 0 0 0 0 0 0 0 1 17 16 15 29 6 32 11 2 0 0 0 2 4 7 9 11 6 4 3 3 10 15 14 17 36 21 21 21 13 4 1 1 2 7 33 29 59 36 18 7 31 47 25 18 8 25 16 5 8 4 3 18 32 44 34 24 22 14 9 8 19 8 5 21 50 20 41 45 45 42 40 23 10 8 19 42 52
0 0 0 0 0 0 0 0 0 0 0 0 0 0 1 1 1 6 10 27 4 7 4 1 6 7 5 0 2 3 3 4 3 3 7 8 4 4 10 16 29 34 13 9 7 6 7 6 1 3 4 1 5 6 7 18 33 25 49 57 28 8 9 13 25 12 8 10 15 12 56 48 48 31 26 28 31 38 21 12 18 12 39 46 29 59 62 83 60 59 56 39 9 6 7 7
0 0 1 1 0 0 0 0 0 0 0 0 0 0 1 2 4 2 2 4 5 3 1 2 0 3 3 4 9 10 17 2 4 8 14 11 5 11 16 16 26 40 35 23 2 1 2 4 3 2 2 9 32 23 21 16 11 30 63 32 16 15 7 7 22 14 19 13 30 42 32 31 36 32 32 30 33 28 37 11 14 11 18 20 29 64 26 50 56 73 42 45 40 18 10 6
0 0 0 0 1 1 1 0 0 0 0 0 1 0 1 1 2 2 1 1 1 2 1 0 1 2 6 1 1 1 2 2 5 11 9 11 4 33 27 22 36 34 43 34 15 19 26 19 18 25 20 26 39 32 26 15 19 21 29 19 19 32 31 17 12 6 6 30 31 25 24 26 53 29 21 51 37 30 33 17 14 9 9 23 5 40 30 59 56 71 76 75 53 28 13 9
0 0 1 1 1 0 0 1 0 0 0 0 0 0 0 0 1 1 1 0 2 1 0 2 3 4 2 1 1 1 3 3 8 8 8 8 9 18 17 32 44 24 37 28 17 27 34 21 16 28 26 14 23 24 24 22 32 20 20 31 42 32 15 13 13 13 13 11 13 17 12 21 12 7 47 35 25 23 49 31 31 14 7 12 26 33 29 26 55 53 39 36 57 18 13 7
0 0 1 2 1 1 0 1 0 0 0 0 0 0 1 0 0 1 1 1 1 3 3 10 11 13 11 21 13 3 1 3 5 2 5 4 8 17 21 31 25 16 8 16 15 21 31 8 14 22 21 22 24 34 29 23 26 11 20 24 33 16 10 9 16 17 30 44 43 31 27 15 18 12 11 10 32 45 20 27 26 17 13 9 12 13 19 29 38 44 7 18 29 30 11 6
0 1 1 1 2 1 0 0 0 0 0 0 0 0 2 0 1 1 1 2 3 2 3 6 48 27 28 30 14 23 32 22 7 3 2 3 3 17 13 18 12 10 18 28 33 33 38 13 25 48 22 20 24 52 30 15 17 12 25 34 19 3 3 9 30 9 5 13 49 21 24 24 15 16 24 17 17 22 18 15 9 14 22 18 9 9 7 4 10 12 5 18 9 25 17 9
0 1 1 1 1 0 0 1 0 0 0 0 0 0 0 0 0 4 2 1 5 2 3 23 31 39 43 44 23 25 27 41 18 32 17 7 5 4 5 3 5 15 19 15 25 26 27 9 14 41 14 29 9 47 40 16 21 10 26 16 14 16 16 30 29 8 5 3 58 28 29 19 12 14 12 34 36 49 42 44 53 31 14 9 22 26 19 13 5 3 6 12 16 5 10 7
0 1 1 1 0 0 0 0 0 0 0 0 0 0 0 5 3 1 2 13 2 1 8 51 46 12 45 49 29 37 34 42 24 48 24 39 28 10 4 1 4 7 8 7 16 20 12 14 14 18 13 44 22 57 7 25 35 16 22 6 6 22 28 20 17 10 6 4 11 73 61 33 20 45 42 40 67 58 25 28 49 38 48 41 34 30 25 21 12 4 2 9 9 3 2 1
0 1 1 0 0 0 0 0 0 0 0 0 0 4 4 2 3 11 3 2 6 2 2 22 35 26 7 65 68 34 16 49 37 55 48 66 32 22 19 4 8 17 16 3 6 9 11 6 9 20 63 60 72 55 71 27 9 26 5 3 5 26 20 5 4 5 23 21 11 8 47 26 71 89 72 52 27 24 66 34 8 31 48 38 25 26 25 20 13 4 3 2 1 1 1 4
1 0 1 0 0 0 0 0 0 0 0 0 1 0 1 10 7 14 15 3 3 6 1 18 5 50 29 35 81 41 11 10 10 28 26 51 27 49 60 42 19 8 29 51 47 42 43 22 35 73 83 60 43 37 71 81 49 14 17 17 13 33 16 9 10 11 9 12 27 10 14 16 11 15 13 57 33 26 18 33 44 16 18 48 27 24 21 13 11 9 4 1 2 6 3 4
1 1 0 0 0 0 0 0 0 0 0 0 1 1 2 1 7 35 30 20 3 16 8 5 4 23 10 3 32 33 69 22 6 5 25 12 30 62 35 24 38 22 22 56 65 57 44 59 73 69 83 75 42 78 76 85 59 73 56 44 36 30 9 8 9 9 6 14 12 5 8 3 8 9 8 18 17 23 17 17 26 44 20 23 24 21 8 9 4 2 4 6 9 2 1 1
2 0 0 0 0 0 0 0 0 0 0 0 1 3 3 3 2 30 12 11 12 12 7 9 4 18 8 6 3 31 76 52 13 10 11 34 9 37 78 19 62 11 27 73 73 70 65 83 79 91 85 73 64 91 86 87 75 80 71 52 40 35 7 8 7 11 21 40 28 15 8 27 33 24 17 10 13 26 29 21 10 9 28 26 18 7 8 3 2 8 10 7 12 9 4 2
2 0 0 0 0 0 0 0 0 0 0 0 2 3 5 3 3 5 7 12 12 16 5 7 9 14 18 4 4 9 47 63 35 28 8 18 3 16 70 23 57 17 38 62 60 61 86 85 81 89 85 66 70 71 75 70 67 82 38 18 58 22 14 12 16 14 18 42 29 20 53 21 8 14 16 22 58 55 50 33 25 15 13 16 8 4 8 7 7 10 21 15 7 4 5 3
1 1 0 0 0 0 0 0 0 0 0 1 3 3 1 4 8 3 3 4 5 5 4 10 23 8 27 15 10 5 33 68 14 10 16 19 5 41 64 61 73 71 37 44 65 76 92 86 73 85 69 28 47 22 28 61 78 71 41 77 71 66 39 14 17 20 30 27 22 44 21 25 34 13 18 48 38 24 46 52 47 17 7 5 3 5 11 24 21 23 22 23 9 8 6 11
3 3 0 0 0 0 0 1 0 1 1 4 19 5 2 4 5 5 9 6 2 2 5 26 37 31 21 28 16 7 29 59 14 9 36 27 11 36 18 57 79 91 53 55 60 66 89 84 42 61 24 32 19 7 3 9 57 75 78 79 61 78 28 17 52 65 31 12 23 24 24 45 21 48 55 14 36 61 42 54 39 36 29 9 14 16 28 29 41 25 39 29 19 20 15 21
2 8 1 0 0 0 1 0 0 0 1 1 9 23 7 6 5 12 15 17 15 11 10 18 23 34 30 44 33 26 19 38 19 20 25 12 18 37 21 26 48 83 72 70 61 63 87 92 81 64 35 19 5 5 2 4 7 7 77 74 71 28 20 52 31 55 43 25 17 17 48 31 52 38 28 18 18 14 37 43 56 56 35 20 24 40 36 33 50 20 64 24 25 24 16 17
0 21 13 2 0 0 1 0 0 0 1 4 3 4 18 21 4 9 22 22 21 14 18 37 45 58 56 50 47 51 11 29 49 35 25 19 19 26 14 6 16 75 27 31 29 35 77 80 71 38 28 32 25 23 10 12 4 17 12 21 18 24 50 53 39 25 30 18 24 29 26 36 33 24 16 10 13 33 40 54 57 57 35 34 26 39 48 23 49 37 68 37 32 14 22 30
0 2 19 4 1 0 1 0 0 1 1 3 6 3 15 7 37 11 7 9 13 10 4 7 14 31 37 20 46 49 24 59 75 56 28 54 28 32 25 9 44 68 66 39 35 35 15 34 55 11 26 39 33 28 44 25 14 33 22 39 34 20 47 49 34 19 26 14 33 15 8 11 34 32 31 23 34 46 44 50 47 54 47 41 41 35 45 36 66 66 17 37 40 36 36 22
0 0 0 3 3 0 1 0 1 0 1 3 4 2 2 11 16 39 15 13 6 19 17 17 34 42 38 21 9 11 14 54 57 42 57 62 74 70 21 17 60 44 84 64 55 42 38 11 5 11 38 41 35 34 22 42 48 34 26 34 45 43 56 48 28 18 18 28 39 11 7 18 19 27 28 44 40 44 44 48 45 39 38 51 49 35 37 39 56 11 22 38 29 10 5 13
0 0 0 3 4 1 2 0 0 0 0 3 5 7 9 9 7 7 11 14 22 36 29 36 41 63 43 48 33 13 9 6 43 65 67 42 84 73 43 66 72 31 76 52 82 75 35 15 9 6 24 41 37 34 46 26 51 42 41 34 58 60 75 73 37 16 13 13 27 9 8 10 7 7 8 37 35 35 33 42 38 33 37 50 24 53 44 63 28 18 37 37 35 20 18 27
0 0 0 6 6 1 2 0 0 0 2 3 7 9 5 5 6 11 10 13 28 31 60 48 49 42 66 51 25 26 22 19 9 37 62 23 31 23 73 57 52 17 80 50 28 12 26 18 22 11 19 40 54 48 41 28 19 30 10 16 42 31 53 53 9 16 21 10 22 24 27 25 14 21 24 10 33 37 38 38 31 49 25 11 25 62 32 58 27 11 19 22 24 20 31 35
0 0 0 4 5 4 2 0 0 0 2 1 3 3 12 19 10 7 6 8 8 19 60 63 33 25 31 40 43 43 34 33 20 8 10 27 14 24 74 31 23 32 62 29 25 17 35 26 23 17 10 27 36 43 34 24 23 20 11 24 24 16 18 11 13 14 18 14 17 27 36 14 23 29 26 21 43 35 35 28 62 26 20 33 32 49 38 30 29 5 7 21 22 35 37 54
0 0 0 2 6 4 2 1 0 2 2 2 4 4 7 7 19 21 35 32 21 24 28 17 9 4 16 35 42 31 44 50 19 11 3 6 19 51 39 36 10 59 75 42 40 37 34 40 43 11 14 24 26 28 22 27 25 11 19 10 17 8 15 31 27 10 20 21 31 26 29 34 17 32 22 24 33 27 31 51 27 21 33 21 41 18 37 45 47 21 15 20 33 35 22 53
0 0 0 2 7 5 3 2 2 1 2 1 4 12 10 18 21 27 32 25 24 40 25 16 16 16 6 13 23 15 16 14 9 17 20 23 40 31 46 26 27 42 61 63 54 39 19 20 24 9 8 29 38 49 52 38 25 15 29 48 46 31 22 28 14 8 40 41 28 23 17 73 70 45 27 18 18 21 25 43 22 29 26 13 31 25 39 50 35 48 33 40 33 50 41 48
0 0 0 0 17 16 4 1 1 1 2 6 8 39 31 50 28 15 25 39 41 40 44 25 16 18 16 9 14 16 8 9 17 26 32 36 14 18 26 29 23 9 16 45 46 26 6 10 12 11 17 21 22 23 20 23 28 15 53 54 36 40 14 14 19 15 34 83 77 54 41 37 60 75 45 29 28 30 45 26 9 34 12 20 28 44 18 21 25 36 54 45 70 45 23 27
0 0 0 0 3 8 6 2 1 2 1 4 4 13 42 39 53 59 43 45 36 24 41 23 11 10 5 4 4 5 11 13 23 26 13 31 29 28 23 15 7 14 33 9 44 38 30 25 18 8 9 10 11 36 32 29 30 9 11 23 27 23 37 28 33 38 20 63 74 69 22 42 49 31 64 65 28 32 31 30 37 47 21 68 48 38 34 47 34 39 58 61 36 30 25 14
0 0 0 0 0 19 26 3 2 2 2 4 3 6 6 7 3 7 34 35 40 34 44 49 27 14 19 14 7 4 8 3 6 11 12 22 25 17 23 9 5 22 15 15 44 30 31 22 22 11 10 11 13 30 50 9 17 19 34 33 28 49 45 58 64 40 42 26 57 47 56 28 30 33 31 55 51 55 44 53 29 39 45 66 47 58 48 28 32 78 53 29 45 33 36 33
0 0 0 0 0 2 10 1 2 1 3 4 7 12 22 19 9 4 12 41 44 59 65 63 57 22 13 5 2 4 4 1 1 2 7 8 13 17 13 12 15 20 8 29 8 5 11 14 16 15 17 23 15 28 25 23 20 36 47 17 41 42 25 37 86 49 43 23 12 62 74 40 49 22 56 72 61 81 62 53 47 41 24 50 76 52 69 60 56 69 68 41 54 57 57 35
1 0 0 0 0 0 8 3 1 1 1 10 6 13 21 17 12 29 14 41 75 56 35 43 47 25 17 15 6 1 4 6 9 4 2 5 16 15 3 9 25 30 28 28 10 6 11 29 28 31 20 40 31 34 27 24 22 18 15 46 35 18 16 29 30 61 38 31 14 30 55 82 73 30 12 54 31 72 29 20 47 78 20 46 18 48 57 80 84 71 84 59 58 60 59 55
0 1 0 0 0 1 5 26 2 4 2 4 5 6 6 15 40 33 31 15 15 44 58 43 37 30 38 43 22 8 8 16 13 11 11 4 4 8 7 11 12 22 23 23 19 15 30 37 24 22 24 17 32 29 24 33 45 56 41 19 39 25 18 48 22 48 53 29 17 13 49 67 67 54 30 40 10 61 41 21 5 45 45 37 34 67 40 40 21 18 58 43 47 80 64 75
0 0 1 1 0 1 7 1 1 2 4 8 17 8 9 26 33 31 34 23 18 7 41 69 52 44 39 42 44 16 15 23 11 12 23 26 8 4 3 8 17 16 11 39 22 23 19 49 49 29 39 16 29 58 77 72 49 30 28 28 31 66 42 15 49 19 48 44 26 9 50 56 51 66 28 39 13 57 71 27 14 59 21 37 28 11 44 36 13 25 78 49 25 65 82 82
1 0 0 1 0 1 6 1 1 1 1 3 15 9 5 8 19 32 29 42 37 29 12 29 39 37 14 15 30 17 13 13 9 7 10 15 11 6 5 11 10 6 7 7 28 31 22 32 23 15 12 38 26 20 22 17 19 17 30 40 29 45 56 25 23 48 11 58 42 12 32 61 46 64 33 32 18 60 31 29 10 74 41 28 42 31 19 31 23 37 66 79 34 38 71 74
3 1 0 0 1 0 4 1 1 0 1 1 8 9 5 11 11 16 37 56 53 34 21 9 7 4 11 7 2 3 11 1 3 8 12 8 10 12 10 7 17 17 22 17 29 33 23 21 15 18 31 42 39 54 34 46 46 42 27 49 22 28 38 40 22 68 40 46 68 26 16 32 63 34 63 28 22 58 44 65 51 62 83 45 40 35 16 43 33 18 44 82 50 24 25 68
6 1 1 0 1 1 4 3 1 2 0 1 1 5 8 11 28 25 33 39 44 31 17 22 11 11 11 5 1 1 5 5 4 6 5 8 13 11 6 11 24 22 20 19 12 23 27 21 18 47 35 58 45 42 40 63 60 49 47 52 42 45 25 39 24 60 51 29 66 50 10 32 50 34 74 35 44 34 46 36 63 46 79 60 22 39 35 61 27 18 20 58 51 25 42 35
5 2 1 0 1 0 2 1 1 2 1 0 4 6 7 10 15 19 25 30 32 33 24 20 31 21 21 10 3 1 2 1 1 5 6 3 11 11 5 4 15 15 13 10 20 14 14 14 10 35 56 59 60 44 28 41 71 41 61 59 60 62 29 14 17 18 38 23 40 53 28 22 21 67 53 45 66 38 47 72 60 35 52 76 35 36 21 20 19 24 24 64 48 51 31 12
12 6 4 1 1 2 1 0 2 0 1 4 2 11 11 10 33 33 54 52 40 62 39 39 20 19 21 22 13 1 1 1 9 8 19 19 13 22 17 12 14 13 12 10 11 10 11 17 15 15 15 23 18 33 53 67 74 34 88 77 29 69 46 48 47 20 12 8 24 40 20 35 20 47 13 45 81 65 41 57 67 62 52 82 29 34 31 17 19 8 28 48 48 23 15 17
5 6 10 3 2 2 1 0 2 0 2 2 1 7 15 14 7 22 17 10 17 10 13 18 34 44 22 24 31 7 2 15 15 16 7 5 12 9 7 27 23 8 16 25 23 19 33 35 22 35 41 22 35 58 51 65 52 67 67 69 37 60 71 47 58 69 61 37 14 41 41 56 49 32 34 48 71 74 55 52 54 57 44 77 72 46 10 12 14 23 38 50 61 29 14 8
1 2 5 5 3 2 3 1 1 0 3 2 0 4 25 27 21 12 26 21 15 21 22 32 54 31 33 37 34 29 11 56 22 8 11 7 26 26 26 33 54 24 34 35 38 39 22 35 31 35 38 24 18 44 25 32 69 74 58 60 66 76 81 72 28 65 59 56 37 21 26 43 13 29 35 47 67 52 69 66 45 26 34 78 69 40 42 11 17 34 25 54 47 45 33 21
7 1 1 2 2 3 2 1 1 5 7 3 3 7 7 7 6 17 11 39 24 29 27 34 33 33 45 35 36 28 27 60 20 21 19 14 20 26 28 45 53 27 35 42 38 40 14 20 44 25 28 33 17 10 10 10 45 60 68 73 71 65 70 84 57 40 54 46 31 13 5 10 19 17 30 51 61 75 55 30 21 14 70 61 66 35 24 24 13 19 28 52 20 11 14 40
19 7 2 1 5 2 2 1 2 6 3 3 9 6 24 5 3 9 12 32 44 47 14 19 25 39 41 21 49 40 52 41 32 37 13 8 13 27 60 56 22 25 27 55 55 40 20 21 17 48 31 25 39 26 13 7 18 17 17 43 37 36 61 76 72 47 20 7 7 11 8 7 10 14 25 26 59 50 36 19 6 11 64 48 60 53 25 24 7 24 37 61 58 45 19 9
6 11 6 3 5 3 1 0 1 2 1 8 11 8 37 10 11 8 28 46 29 23 5 30 16 7 30 17 50 58 47 47 51 25 15 23 36 34 59 43 27 43 25 32 52 24 24 25 14 33 27 20 32 17 25 16 14 22 22 9 18 31 36 48 50 24 17 23 18 28 14 8 11 15 18 9 34 25 26 11 8 4 17 12 26 57 24 29 8 34 55 45 34 31 34 12
5 1 1 4 3 9 1 0 1 2 1 6 5 15 4 39 18 15 21 15 20 6 22 21 17 11 22 16 47 32 35 33 42 16 26 38 43 35 45 37 31 43 32 28 54 26 28 26 19 54 35 26 41 37 34 25 39 38 47 27 19 20 8 15 7 7 22 33 33 32 26 14 11 7 7 8 14 14 12 9 9 5 5 5 15 23 8 21 7 24 49 47 26 14 63 39
5 6 6 3 2 2 1 2 2 1 1 1 8 17 4 35 42 16 17 16 25 9 10 20 17 20 51 35 45 25 36 42 15 32 35 51 42 33 60 26 39 50 29 32 50 56 23 35 21 51 40 40 36 54 27 37 36 49 39 42 39 45 22 15 16 11 32 24 27 15 8 5 23 12 7 3 5 11 7 5 4 3 3 8 12 11 9 14 7 50 59 61 60 20 6 12
2 5 5 6 3 4 3 2 1 2 3 3 25 32 20 4 28 26 16 30 24 16 19 44 26 29 59 24 21 10 18 23 27 61 35 33 40 15 47 25 32 30 42 31 30 30 28 42 49 56 52 51 41 49 43 50 59 39 47 37 56 30 19 37 10 19 22 29 13 8 14 31 24 20 17 17 4 3 7 5 5 5 3 10 5 4 19 5 13 48 45 42 67 32 33 7
7 4 4 5 3 1 1 3 2 1 1 3 2 7 18 4 7 23 16 22 17 15 21 44 31 58 35 27 18 15 24 48 24 34 59 39 26 37 44 19 37 33 21 26 25 38 18 27 25 12 26 15 35 49 61 61 70 51 27 51 35 38 33 23 53 17 22 22 25 49 36 23 12 11 13 16 14 16 15 14 17 14 5 4 4 9 21 11 20 32 13 28 69 46 48 25
11 14 11 9 5 2 1 2 4 5 4 2 1 10 8 5 17 11 13 16 16 19 17 18 23 14 22 32 21 25 30 42 17 30 54 30 27 27 29 26 37 35 24 28 45 39 18 43 61 38 52 40 60 69 60 43 48 59 55 37 46 45 61 41 57 40 38 36 51 13 8 9 11 4 2 4 13 10 16 18 15 10 8 3 2 8 23 7 10 5 8 30 80 32 50 38
2 3 4 9 16 12 6 2 7 11 13 7 4 2 1 9 9 8 36 37 61 55 42 26 54 18 21 30 44 30 31 21 18 31 50 37 32 19 23 28 28 68 45 23 46 43 47 24 56 68 80 60 71 82 67 42 58 43 33 33 32 35 62 40 41 49 41 49 16 15 17 21 35 18 16 9 4 12 19 26 18 3 2 3 2 8 15 7 6 7 9 57 62 23 31 70
3 1 2 6 9 13 19 20 9 5 10 4 2 2 1 5 14 18 25 25 44 73 61 32 32 53 62 57 45 30 63 38 31 31 34 34 20 20 39 33 47 16 36 64 29 54 57 44 34 73 73 79 40 67 61 60 46 65 52 49 46 51 20 46 56 59 59 22 25 23 33 49 33 33 42 19 8 18 23 21 5 2 1 4 2 6 3 3 6 8 20 63 32 46 25 65
12 11 4 3 7 4 5 11 5 8 3 3 2 2 8 3 9 12 26 41 22 55 60 76 79 80 70 74 60 35 50 42 25 31 46 58 53 71 73 60 59 64 46 76 40 50 75 72 30 24 15 69 69 36 63 42 31 79 68 60 32 44 50 54 58 58 42 45 42 51 39 20 29 23 21 15 26 15 8 6 2 1 1 2 1 3 2 2 3 4 9 44 16 32 7 24
10 18 15 5 7 5 2 2 1 1 1 1 1 3 5 4 1 8 35 66 27 12 52 82 61 80 64 80 80 85 80 80 79 81 56 70 27 66 79 54 65 82 49 70 78 43 71 43 79 54 28 78 62 55 57 53 80 81 44 68 38 21 39 43 39 48 36 25 21 27 23 24 14 22 21 28 28 15 2 1 2 1 1 1 1 1 1 3 3 8 17 35 10 10 10 8
6 12 31 6 25 31 12 10 5 6 4 7 7 11 10 5 8 8 8 43 31 8 5 28 24 24 49 68 73 73 70 67 78 74 52 66 73 62 66 75 48 80 77 42 64 56 73 45 69 81 50 53 54 36 24 71 61 60 46 61 59 29 33 31 53 44 44 48 47 45 46 27 32 22 37 29 11 3 2 1 0 0 0 1 1 0 1 2 2 4 16 18 3 3 5 6
12 7 5 32 37 39 22 31 16 13 3 12 21 17 8 9 20 11 24 8 3 3 13 10 9 21 49 42 46 62 65 72 52 57 58 73 69 67 70 70 60 68 63 59 64 62 68 73 26 59 49 24 62 15 31 67 49 19 55 24 34 72 21 23 39 40 50 51 48 39 35 32 37 58 44 23 9 3 0 1 0 0 0 0 0 0 1 1 1 3 7 4 3 1 4 8
4 12 23 26 34 34 14 17 38 16 18 10 14 26 8 19 13 10 15 33 22 15 12 13 15 19 9 9 14 14 17 15 20 24 17 15 16 13 15 15 13 17 16 24 24 17 22 66 50 36 65 21 39 33 33 43 14 13 26 29 63 57 34 27 40 47 50 35 30 53 65 54 48 38 24 15 6 1 0 0 0 0 0 0 0 0 0 0 1 1 2 2 2 1 2 2
19 28 40 32 21 12 18 14 28 8 28 11 12 28 12 23 24 14 16 8 13 33 21 20 29 24 15 15 28 30 20 20 44 43 29 31 22 24 26 30 28 33 41 32 40 28 39 17 15 14 31 27 27 27 25 14 24 39 41 49 56 38 25 34 46 41 46 54 63 60 60 38 15 11 4 2 0 0 0 0 0 0 0 0 0 0 0 0 0 0 1 1 1 1 0 1
49 63 53 28 19 9 10 18 8 10 9 9 6 16 6 10 12 9 10 32 23 11 14 11 20 13 6 27 21 18 30 31 13 9 9 23 20 19 23 18 26 38 38 23 18 30 22 36 23 19 9 7 4 3 6 11 27 32 37 40 18 18 24 41 42 33 27 21 34 46 44 32 13 6 2 1 2 2 3 2 1 1 0 0 0 0 0 0 0 0 0 0 0 1 1 0
17 16 12 36 23 10 8 4 4 6 6 9 5 13 8 15 22 6 4 6 15 29 25 20 12 13 10 12 26 32 18 7 14 11 11 17 18 24 26 27 22 20 24 12 11 9 12 12 18 24 27 35 13 7 8 9 15 23 26 14 14 25 25 49 36 21 24 20 17 14 9 9 9 3 1 3 4 3 1 0 0 0 0 0 1 1 1 1 0 0 0 0 0 0 0 0
22 19 20 10 5 7 7 2 12 4 5 4 5 6 8 5 6 13 14 9 12 41 36 20 24 9 11 27 38 11 11 14 10 25 18 9 9 17 17 17 15 13 27 24 29 21 20 25 33 22 25 23 15 12 15 14 16 17 22 23 5 24 25 32 50 44 39 40 21 11 5 3 1 2 3 6 12 5 2 1 1 1 1 2 2 2 2 2 2 1 1 0 0 0 0 0
34 34 22 9 10 3 4 3 5 2 5 6 3 3 5 5 8 14 12 5 12 28 37 30 27 10 24 45 21 8 8 8 17 12 15 13 16 18 17 21 10 20 23 25 17 24 27 23 21 15 18 9 28 20 37 30 20 17 14 10 14 20 25 17 60 64 28 39 26 16 8 5 2 4 8 12 5 1 2 2 2 4 2 4 6 4 6 3 3 3 2 2 1 1 0 1
11 13 13 8 4 11 33 44 24 11 21 8 1 0 3 2 2 4 5 10 22 25 10 19 23 27 42 60 27 10 12 13 15 28 20 23 22 24 14 15 22 35 31 30 29 36 30 13 27 13 21 24 28 21 38 21 40 10 18 8 25 45 18 49 71 44 38 18 13 11 5 2 3 6 10 9 3 4 4 6 9 8 9 15 13 10 10 5 10 8 4 7 2 1 1 1
9 9 6 6 19 51 43 31 51 57 17 24 7 1 1 3 4 6 7 19 28 22 15 45 25 49 41 12 9 7 13 18 15 26 48 27 25 30 33 33 26 30 27 27 24 19 34 23 19 23 31 28 31 28 37 27 41 28 15 7 12 33 45 55 44 46 20 17 12 4 3 4 6 3 13 5 9 8 17 17 26 17 19 28 24 14 20 19 17 8 7 7 3 3 4 3
5 7 7 10 12 36 49 48 72 55 42 30 44 25 7 3 4 3 13 15 6 7 17 38 36 14 14 14 28 31 27 17 31 22 47 37 36 46 29 32 13 35 15 11 13 17 21 40 30 29 26 49 18 28 43 37 17 14 19 13 4 19 17 19 26 39 26 29 12 2 8 7 11 9 43 15 16 17 29 30 40 26 30 44 25 20 34 44 29 24 11 9 7 11 9 4
6 3 7 17 3 6 8 8 50 45 42 66 57 26 29 25 8 4 8 4 7 8 16 16 18 20 31 27 19 44 29 24 24 33 30 42 27 32 32 48 51 21 21 24 9 12 16 15 28 34 37 36 24 14 40 10 21 34 15 13 6 7 11 8 6 5 11 5 2 8 28 14 18 17 53 23 36 41 57 63 77 66 75 73 61 47 48 46 66 57 23 17 15 14 33 12
3 4 4 4 2 5 10 15 5 12 16 49 52 29 38 41 31 24 29 12 6 8 5 11 19 36 33 24 13 18 16 19 21 27 29 25 25 27 26 47 51 59 35 14 50 34 35 17 28 22 11 29 15 29 25 24 24 15 21 15 8 25 30 17 9 5 4 7 13 16 28 37 25 40 57 57 61 49 61 76 62 54 70 67 61 58 53 48 57 48 35 26 39 42 43 25
8 4 5 14 20 19 37 22 24 7 46 59 29 59 56 52 62 47 32 22 15 12 8 9 24 10 9 12 11 6 9 9 7 11 25 27 13 23 32 45 41 40 44 39 5 31 33 33 37 23 18 34 35 24 11 10 16 30 20 14 10 36 22 13 5 11 10 16 37 39 35 67 53 71 57 67 69 59 65 54 28 48 56 38 20 20 34 14 35 49 33 35 31 31 29 47
32 36 45 23 60 19 8 8 30 19 32 60 45 85 65 62 83 62 37 38 36 30 9 9 7 6 14 12 10 8 14 5 16 26 10 10 23 22 23 14 18 33 44 63 50 28 42 28 33 30 31 17 15 43 58 29 30 23 16 18 27 25 27 11 13 20 37 22 37 55 43 55 62 58 72 40 48 40 55 44 12 18 24 30 14 3 4 8 32 29 30 36 11 13 9 31
4 37 44 32 45 63 56 42 14 9 9 67 71 75 65 73 82 72 62 76 54 62 35 19 3 7 2 9 4 3 9 3 7 7 6 11 7 14 8 10 37 33 27 25 30 18 36 30 21 40 20 16 24 14 17 34 28 13 10 21 35 38 29 17 28 46 47 34 41 73 64 62 34 41 58 65 13 10 8 19 17 11 5 6 21 15 3 2 8 6 5 6 13 13 5 12
11 33 46 62 56 69 60 62 63 17 22 41 58 82 77 75 84 57 72 71 72 67 32 48 23 5 4 2 2 6 32 27 3 11 4 6 6 9 10 14 24 17 9 13 35 68 44 29 16 16 11 27 28 23 6 6 7 4 27 24 25 58 34 26 36 58 58 59 60 66 41 20 12 41 27 17 38 6 5 20 17 9 10 6 3 15 5 3 2 3 1 7 4 12 6 2
