sesion_6_simulaciones/modelos_agentes/ejemplos_netlogo/scenarios/echam4_b2/rob_2023.asc
NCOLS 322 
NROWS 307 
XLLCORNER 451900 
YLLCORNER 4086900 
CELLSIZE 100 
NODATA_value -9999 
[rows 0 to 73 of 307, columns 96 to 191 of 322]
46 17 2 3 10 11 12 7 7 6 20 18 22 39 41 12 21 13 11 4 16 14 11 29 13 8 14 15 19 15 5 5 9 17 12 9 8 18 30 11 7 29 67 71 81 69 83 82 87 81 80 86 68 38 55 50 62 27 39 40 43 25 24 13 45 51 53 14 11 40 48 28 23 29 25 16 19 23 13 55 37 19 27 24 26 15 18 19 28 47 29 22 20 8 15 29
3 6 5 3 6 21 10 8 6 13 13 18 42 36 27 20 6 5 4 7 13 3 5 6 14 8 14 8 10 35 18 6 6 11 6 9 15 18 27 32 35 48 43 42 83 85 85 82 93 74 88 79 47 42 75 30 20 23 13 23 8 32 21 12 28 15 17 44 43 38 26 50 65 38 50 55 58 24 29 31 26 20 34 34 38 23 22 31 39 35 46 37 44 26 32 32
1 2 2 8 6 10 9 5 5 8 6 10 18 20 6 5 7 16 15 20 29 4 7 6 9 10 17 7 15 20 29 22 3 10 32 30 32 38 46 49 56 65 50 53 18 13 25 51 91 83 82 81 42 73 72 69 44 19 21 26 21 52 76 74 77 55 43 67 31 42 39 40 51 47 53 68 74 69 45 33 30 29 42 41 44 33 33 51 34 36 50 40 44 51 38 38
0 1 0 1 2 2 2 14 5 2 3 5 9 19 15 18 15 28 29 28 11 3 10 14 3 6 10 11 12 7 14 14 10 22 35 28 52 53 69 78 81 81 69 29 14 18 9 14 53 25 32 34 18 41 67 30 61 11 11 22 38 56 82 82 81 83 78 60 63 55 55 64 49 48 60 55 55 28 23 33 45 44 58 58 53 41 37 50 35 32 53 56 37 46 36 50
2 1 1 0 0 0 2 10 17 5 13 9 7 8 25 19 15 51 23 12 11 6 10 22 20 13 10 12 9 25 33 20 9 22 48 51 58 71 82 86 86 78 67 41 24 12 14 39 25 19 23 31 9 47 25 44 56 38 9 15 58 74 62 78 71 48 76 44 57 73 73 57 53 38 63 47 48 41 42 45 55 50 80 60 45 46 45 58 42 43 55 68 37 58 57 61
3 1 1 1 1 1 2 4 18 31 9 15 5 11 19 10 27 23 29 17 6 5 17 14 17 14 13 14 6 7 16 29 27 12 55 70 73 81 85 77 79 77 73 50 21 26 25 27 33 27 36 51 13 23 29 49 31 33 23 21 60 70 30 17 25 39 44 24 23 48 20 59 78 61 56 38 43 41 43 59 52 59 63 58 65 51 51 67 65 44 61 43 59 52 71 36
0 2 4 3 2 2 3 2 8 25 24 13 6 9 12 25 12 29 37 29 25 14 6 8 15 17 23 22 11 6 10 38 40 25 43 78 83 83 75 76 75 71 39 22 28 58 32 45 43 43 35 34 33 39 53 41 20 36 42 19 13 17 15 22 13 18 51 66 44 46 23 45 39 20 59 64 65 61 45 62 50 41 52 46 65 67 56 69 68 44 70 60 56 48 34 29
0 1 1 1 1 3 3 2 4 11 60 55 43 22 18 13 13 20 18 17 36 51 19 24 41 27 20 9 16 15 15 20 37 62 44 65 72 76 73 69 60 28 32 23 51 43 36 59 48 48 29 30 51 60 46 47 37 60 66 67 47 22 5 4 21 14 41 21 46 27 45 32 16 34 21 51 59 84 67 37 59 67 52 54 78 56 57 60 65 63 51 37 19 27 28 21
0 0 1 2 1 3 2 2 3 4 22 47 70 64 35 51 17 12 12 33 33 19 19 28 23 10 20 18 13 20 29 29 51 72 81 56 33 42 28 25 34 20 16 28 57 48 26 41 45 37 34 23 76 51 44 58 47 58 25 46 69 54 31 4 16 21 13 11 7 18 48 42 20 20 42 24 35 39 49 69 64 84 55 63 47 31 40 78 57 56 46 74 53 38 29 35
1 0 0 0 2 5 3 1 2 5 10 2 4 5 3 3 18 13 14 17 16 17 23 15 35 25 25 17 21 28 30 62 57 48 66 58 50 48 24 21 10 8 12 27 57 37 15 16 28 40 38 28 36 82 72 73 23 38 19 61 52 51 16 19 5 13 9 6 15 30 30 35 42 31 38 55 25 23 63 67 44 66 52 49 32 38 30 40 41 58 33 44 73 68 31 22
1 0 1 2 3 2 5 5 6 2 4 2 8 7 4 4 11 8 28 11 19 15 19 14 34 18 9 17 31 44 61 62 82 70 49 45 40 57 52 31 17 6 4 8 32 13 11 19 33 25 38 24 39 49 78 62 38 29 37 60 30 30 19 6 12 15 18 8 27 37 40 46 28 19 45 59 43 21 19 53 39 28 48 62 38 42 29 34 69 55 49 37 65 80 56 33
1 1 3 3 3 5 5 11 10 8 2 4 14 17 11 11 15 31 30 16 50 27 13 16 21 17 11 14 24 74 72 65 64 57 46 34 33 46 45 31 15 6 6 12 17 8 9 31 18 23 50 25 37 54 35 45 34 36 47 43 20 19 38 27 13 10 28 24 32 61 70 70 21 31 47 54 41 23 22 59 38 11 33 62 34 43 36 30 51 36 27 35 50 60 60 55
0 1 1 3 4 4 4 4 5 10 11 7 3 4 6 18 30 29 41 28 60 59 22 14 11 16 10 21 35 56 76 54 51 43 39 45 47 19 23 38 13 4 5 15 15 6 13 16 20 34 54 41 41 62 46 35 43 41 52 22 19 21 31 27 15 12 10 25 41 28 46 47 32 28 33 55 32 27 12 22 39 9 44 70 33 38 47 29 20 39 32 16 18 35 55 67
0 1 0 1 1 1 1 1 4 7 13 9 8 9 8 7 21 11 53 24 13 13 40 25 22 14 22 48 55 44 50 49 37 18 17 15 14 8 7 10 13 2 1 1 5 4 7 11 36 53 62 57 41 42 27 41 50 45 43 38 16 14 34 37 26 23 12 13 15 11 5 5 19 31 33 43 33 44 29 17 8 13 22 58 59 30 36 36 23 19 34 17 24 46 74 53
0 0 0 0 1 0 0 1 2 3 5 6 9 10 11 8 6 10 45 29 11 39 52 28 27 25 29 24 46 51 28 17 15 19 22 16 14 11 5 1 9 2 5 3 1 2 7 17 22 51 51 46 34 41 25 52 55 50 52 53 11 27 36 37 26 17 8 10 6 4 4 20 49 45 39 47 48 41 23 22 33 12 30 54 62 27 14 17 19 15 11 8 19 33 45 39
3 1 1 1 1 2 1 1 1 1 1 1 1 2 3 6 9 14 7 5 11 18 10 40 32 45 21 24 20 18 19 34 40 37 25 27 43 37 16 3 3 3 1 3 1 2 1 8 17 22 28 22 20 20 32 21 37 38 54 48 10 24 9 36 52 30 12 13 13 3 9 33 45 52 29 19 33 40 48 42 29 25 27 42 65 81 50 35 16 12 10 6 17 53 43 29
0 1 2 2 2 2 5 3 1 1 3 3 2 1 3 10 12 15 10 17 17 4 8 13 52 39 38 49 67 49 43 22 25 35 33 47 57 51 28 3 6 5 2 3 8 8 7 2 7 11 8 7 5 6 10 25 34 48 52 52 16 36 25 30 43 15 10 11 8 7 10 37 32 43 19 14 26 25 42 36 32 27 30 29 61 81 77 27 15 12 10 7 16 36 50 42
0 1 5 7 6 3 2 2 1 1 2 1 2 2 2 3 10 9 13 19 9 7 8 8 30 40 21 33 31 23 35 32 43 28 60 74 53 53 29 15 20 23 15 14 23 21 21 9 2 1 1 2 1 0 2 26 62 80 55 25 43 32 26 19 30 25 12 20 7 7 42 41 49 38 18 26 50 33 31 37 21 17 12 7 43 50 48 49 28 13 11 6 8 18 24 10
1 1 2 3 1 6 2 2 1 1 1 1 0 0 1 1 2 6 8 4 9 11 10 8 46 66 30 32 26 44 48 52 35 58 63 63 30 28 27 44 33 37 43 54 44 24 30 21 8 5 3 3 5 1 1 4 54 69 41 29 27 35 20 15 24 8 11 12 3 29 60 56 47 50 21 21 49 44 38 65 39 23 11 6 11 29 34 33 36 16 12 9 4 10 41 7
8 4 1 1 0 2 7 1 1 1 2 3 2 2 2 3 2 2 3 5 11 14 17 9 29 38 37 38 45 44 47 61 62 52 52 27 43 46 35 45 64 63 51 26 26 12 20 23 10 7 6 2 3 2 3 2 11 19 28 38 26 15 13 33 30 5 11 33 62 44 60 76 38 69 32 15 40 59 39 61 47 40 25 8 7 25 47 31 41 23 16 7 2 4 26 19
8 2 1 2 1 3 4 7 2 4 6 4 5 2 3 2 1 5 5 7 6 8 6 3 18 33 29 14 16 38 30 27 43 53 60 41 35 47 32 65 34 32 43 27 14 11 11 14 12 5 7 6 2 4 6 5 6 15 31 32 9 10 44 40 25 6 22 33 43 57 45 50 28 32 53 37 23 18 19 59 22 18 32 18 11 4 25 14 40 15 19 6 3 4 5 17
6 1 1 2 4 3 7 13 8 17 10 10 5 3 4 2 3 2 2 17 8 9 9 8 34 25 40 33 17 25 29 39 42 60 67 56 70 43 57 26 38 19 11 10 15 15 32 18 16 4 6 5 4 5 9 6 6 11 25 31 32 9 15 20 13 16 38 11 31 51 56 37 38 17 42 52 30 16 16 68 78 31 12 37 20 4 3 5 31 24 15 14 5 3 3 14
2 1 0 2 10 5 2 6 4 3 2 3 11 6 2 2 2 3 3 14 25 17 20 13 33 16 23 45 23 17 48 59 63 32 18 73 68 35 35 32 39 42 17 8 5 15 9 3 4 3 8 4 4 5 5 5 3 6 13 9 9 12 8 9 12 29 42 6 28 18 39 49 36 11 9 32 29 39 17 35 75 42 31 10 18 6 1 4 27 37 6 20 8 3 4 9
4 2 0 1 13 10 4 9 21 7 15 6 6 43 27 10 10 8 6 30 21 33 26 17 32 25 18 49 47 29 28 23 11 9 10 27 37 47 22 40 34 42 29 23 12 3 2 1 0 0 2 2 1 2 3 1 2 2 2 6 12 11 8 15 35 32 24 10 19 19 19 31 25 23 13 43 44 25 20 8 37 41 22 35 8 4 2 2 3 15 4 8 7 2 2 2
6 7 1 2 15 9 8 4 31 12 5 12 20 25 32 29 41 16 17 14 32 37 58 36 25 27 46 37 62 41 20 13 29 27 19 3 10 36 37 16 28 43 48 44 19 11 7 4 3 2 1 1 0 0 0 0 0 1 3 8 19 11 19 22 13 33 16 21 23 19 13 19 33 37 8 29 39 19 20 11 20 38 12 5 18 7 3 3 2 4 4 4 7 2 1 1
18 19 5 9 19 6 12 4 12 16 16 20 27 39 44 31 49 54 22 20 51 76 77 83 76 67 67 49 67 52 70 68 75 48 23 21 23 17 13 24 47 31 38 38 39 29 22 12 8 6 3 2 2 2 2 2 2 1 6 15 15 15 12 13 11 26 27 36 11 28 10 8 27 18 8 18 17 7 9 8 8 12 29 5 5 3 3 1 1 2 1 3 1 1 1 1
15 14 27 21 24 6 10 8 22 30 26 18 19 55 67 51 51 76 62 75 78 80 87 84 75 81 77 71 77 82 54 29 46 53 47 25 33 27 11 8 33 38 40 55 40 34 30 19 16 12 8 7 7 6 3 4 3 3 7 7 13 9 5 7 6 31 17 30 22 21 5 8 11 14 8 15 11 18 4 7 6 2 8 5 2 5 1 1 0 1 2 1 1 1 1 1
8 25 26 18 27 25 28 22 26 43 42 56 50 60 71 86 82 68 77 46 52 62 67 82 76 74 80 78 80 81 25 16 16 15 30 36 48 27 33 24 22 48 50 40 34 32 22 45 33 18 13 11 11 9 7 7 8 2 4 5 7 5 6 11 25 38 31 14 20 8 8 4 9 9 8 4 3 7 8 4 6 3 5 4 1 4 2 1 0 0 1 1 1 1 1 0
11 33 24 18 33 27 28 28 38 56 71 80 85 88 91 89 82 78 85 70 42 22 54 70 51 48 37 61 64 58 43 11 9 6 9 15 27 23 25 31 12 24 27 27 14 12 7 14 18 17 24 25 14 12 12 17 11 2 3 3 2 6 15 22 29 21 9 9 7 13 10 13 5 5 4 4 3 3 6 4 3 3 2 1 2 1 1 1 1 0 1 0 0 1 0 0
17 34 18 23 51 48 41 59 73 83 87 87 85 86 84 90 79 78 90 47 73 37 22 41 30 17 19 20 24 26 46 31 23 5 8 5 14 10 10 25 20 16 32 11 15 10 5 10 9 5 5 5 4 8 7 3 12 6 4 3 4 8 17 21 21 13 5 13 19 9 10 6 4 3 3 1 2 1 2 3 2 2 1 1 1 0 0 0 0 0 0 0 0 0 0 0
13 48 39 41 53 70 77 83 77 87 83 90 74 88 80 85 66 68 86 75 37 44 24 12 11 9 4 3 12 13 18 55 29 10 11 8 23 43 37 24 24 15 12 6 4 6 6 2 1 2 2 7 13 14 7 6 15 9 13 3 6 9 15 10 16 6 4 7 14 12 7 4 2 3 2 1 0 0 1 1 1 1 0 0 0 0 0 0 0 0 0 0 1 0 0 1
33 52 69 70 83 88 87 87 82 84 78 90 78 76 59 76 62 72 73 77 27 47 46 19 12 3 3 1 4 6 6 14 19 11 11 15 8 15 15 16 11 10 10 16 14 7 7 3 4 5 16 35 31 19 32 5 18 16 3 1 1 5 4 11 7 7 3 2 2 3 3 3 1 0 0 1 1 1 1 2 1 1 1 1 1 2 1 1 1 1 0 0 2 1 1 1
62 76 80 84 84 82 88 81 82 71 87 70 47 57 53 50 57 59 63 69 33 19 26 16 14 8 3 4 10 12 13 24 19 8 23 18 24 23 34 22 34 21 29 29 28 24 15 12 9 12 18 43 55 54 47 19 21 19 8 10 5 1 1 1 2 1 2 1 1 1 1 1 1 2 3 3 5 3 4 2 2 3 2 3 2 7 3 1 2 2 1 1 2 2 1 3
79 83 84 74 84 82 87 74 73 54 66 16 28 21 27 38 39 30 31 54 32 13 6 4 7 11 13 9 15 6 34 46 44 30 43 45 41 32 38 35 36 37 36 34 46 28 32 17 7 31 33 37 56 44 32 26 46 26 18 31 18 10 9 9 7 7 11 6 4 3 3 4 7 7 7 4 8 6 7 5 5 6 5 5 9 7 4 3 3 1 2 1 3 2 5 5
29 44 56 50 70 67 77 74 40 9 4 5 12 7 7 8 9 14 29 45 29 8 9 17 8 10 35 26 39 28 39 45 46 43 43 63 52 30 53 46 43 55 52 49 37 33 36 24 19 25 41 41 55 69 52 52 39 28 36 35 26 27 24 24 23 17 24 16 11 5 10 10 9 10 15 10 10 16 10 14 12 7 9 8 20 7 5 4 4 3 4 3 6 6 6 11
30 20 13 12 8 10 26 30 27 10 6 7 12 11 5 2 2 3 13 19 12 7 34 11 24 36 49 42 58 44 43 39 59 46 37 57 52 31 51 54 46 61 43 39 38 40 55 40 24 27 48 49 29 76 60 69 40 44 51 38 48 33 28 27 25 15 31 18 9 13 13 13 20 13 19 12 13 21 21 19 12 11 18 13 16 9 6 6 5 5 5 5 16 11 8 8
51 63 53 23 21 15 4 10 14 6 10 11 9 5 2 3 1 7 5 9 19 36 47 24 48 46 54 52 42 19 7 19 47 45 41 50 38 41 53 62 63 42 46 40 40 58 47 30 43 37 55 64 45 78 75 43 71 63 56 38 46 38 49 45 29 30 23 21 18 10 16 25 28 17 25 25 17 30 17 22 15 25 24 31 18 9 4 11 8 8 11 14 18 6 19 10
61 47 44 28 15 11 11 11 20 23 23 23 13 4 4 9 10 12 17 28 57 60 60 37 50 39 40 51 51 43 29 21 46 42 45 43 36 44 45 55 29 22 51 54 43 77 50 49 59 32 66 43 77 81 55 63 77 64 42 55 40 53 48 34 21 34 30 25 13 22 39 46 37 24 31 36 35 39 22 19 23 32 31 24 14 6 6 16 13 7 22 25 24 8 5 27
41 50 49 39 39 21 33 30 40 41 43 47 31 21 15 24 14 21 36 45 59 47 27 47 59 42 25 37 53 51 38 25 38 47 31 56 41 68 51 38 44 30 57 39 31 77 59 61 47 35 52 77 75 63 59 53 66 75 46 60 58 64 53 27 50 44 46 28 12 30 41 67 52 35 40 47 48 33 26 17 30 58 46 36 26 9 20 38 23 9 19 43 41 15 7 28
62 64 40 40 24 34 49 44 40 57 51 51 44 37 38 33 32 42 45 51 61 49 50 60 50 35 36 51 43 50 25 42 28 23 53 62 58 50 52 36 38 24 56 24 19 58 66 64 43 47 60 49 76 28 23 19 42 65 38 67 76 60 53 70 54 51 29 13 19 49 56 78 65 46 50 63 73 46 43 22 42 69 42 28 22 15 33 53 33 16 12 59 69 39 19 28
41 53 41 48 37 48 55 57 54 52 66 53 48 43 61 30 33 51 49 49 62 63 43 62 47 47 51 48 40 62 32 54 33 27 38 64 37 46 33 46 36 41 46 31 48 46 76 63 33 45 64 61 62 43 34 24 33 46 33 77 79 69 68 70 31 47 18 15 24 55 71 75 73 56 63 71 82 41 52 24 51 81 54 24 19 24 46 65 44 25 17 51 67 54 15 35
38 41 59 45 33 42 61 47 43 45 64 54 44 57 45 41 30 51 62 43 43 54 64 59 46 44 40 33 28 78 42 53 38 38 46 66 58 43 31 43 31 48 39 31 45 47 61 33 41 31 46 81 68 58 41 40 61 39 43 73 64 69 84 50 57 47 29 28 45 46 75 76 77 50 58 76 64 40 64 34 43 72 60 47 29 31 58 73 52 35 24 41 65 41 31 43
20 30 35 30 20 20 46 40 33 42 39 42 40 53 43 39 42 38 51 47 39 26 35 58 55 44 52 36 24 38 61 70 37 33 46 68 46 27 30 41 33 52 40 33 36 52 42 40 36 36 35 65 36 37 44 45 63 33 55 62 53 70 43 54 76 40 35 36 58 48 67 85 65 40 62 78 67 47 72 42 51 72 50 49 47 35 35 73 73 44 28 47 67 47 35 49
7 19 14 19 19 20 34 38 22 43 37 47 45 41 34 49 38 32 40 47 31 22 18 53 56 40 56 23 24 50 55 62 30 32 54 45 33 38 32 48 53 27 38 55 52 42 26 59 38 30 21 48 21 30 34 52 59 69 61 36 32 25 42 77 40 49 58 33 45 57 51 76 40 38 61 76 52 50 66 34 64 68 52 54 54 57 27 34 77 45 38 44 69 65 54 46
7 7 11 12 20 9 16 16 23 35 29 45 37 34 34 38 31 30 23 28 39 20 47 41 52 49 43 38 11 33 57 64 13 22 37 52 31 16 28 31 54 31 47 30 26 36 35 15 36 37 34 40 44 29 43 47 70 64 50 71 57 34 61 50 60 66 39 38 46 65 45 71 36 39 52 73 47 64 66 33 51 53 41 69 69 64 40 34 75 61 39 53 60 48 56 44
2 3 8 12 16 6 21 16 21 26 27 43 30 21 23 33 37 42 28 11 13 11 55 10 34 43 43 33 14 23 29 46 7 8 43 15 11 9 37 12 39 23 35 28 26 28 24 62 70 84 74 65 62 56 39 54 63 51 53 62 54 50 57 29 64 40 44 48 54 73 41 58 43 56 31 52 40 62 51 42 62 46 43 61 73 43 55 39 51 47 56 45 71 76 78 65
3 2 8 5 4 14 5 8 15 18 30 34 21 30 12 30 11 32 30 13 6 19 33 14 31 41 38 46 10 11 10 17 21 24 11 12 17 19 30 21 33 26 33 54 34 71 51 81 59 68 47 50 59 78 80 68 66 33 34 71 48 47 24 37 65 47 46 52 57 73 73 65 65 58 46 73 42 73 42 40 76 37 71 62 70 47 62 48 43 65 65 72 71 76 79 87
1 3 1 1 3 8 18 4 15 11 7 10 7 20 11 21 14 30 22 23 14 27 27 45 13 16 24 21 26 26 12 7 15 10 49 61 48 40 67 84 67 63 58 84 63 50 82 81 46 68 57 48 56 77 74 59 67 70 59 78 62 71 69 59 47 54 63 57 46 50 65 72 58 79 84 80 81 90 84 66 70 76 75 74 44 86 85 74 69 38 56 48 59 78 62 65
1 2 1 3 10 19 7 4 2 1 2 3 5 20 17 16 15 22 16 17 23 21 19 46 27 13 7 9 12 10 7 15 18 6 9 46 65 23 30 70 72 71 61 78 87 52 61 66 69 67 74 35 43 77 80 47 84 79 91 86 59 70 59 70 60 74 58 76 74 28 38 73 72 52 75 81 62 79 63 83 54 70 80 72 52 83 76 63 86 79 65 36 51 66 48 37
1 0 2 1 2 2 2 1 0 3 5 4 19 14 8 18 8 21 10 9 21 13 24 31 23 16 6 7 11 21 14 3 8 7 8 17 25 17 12 56 62 40 68 85 77 35 47 45 50 57 69 34 41 64 61 75 67 64 77 84 56 27 40 73 76 79 73 68 65 71 29 64 82 45 70 84 37 28 36 85 78 54 50 58 70 74 73 77 87 77 48 72 32 28 62 67
0 2 1 0 2 4 5 2 1 4 6 10 7 11 6 15 12 13 8 6 8 17 21 13 19 17 2 3 7 16 10 5 9 5 7 5 13 41 23 57 37 55 45 47 83 63 40 32 45 43 59 60 37 71 72 89 52 77 91 90 76 22 55 65 68 83 75 80 56 79 46 38 72 46 67 84 55 41 31 74 70 70 21 20 34 69 78 71 79 65 28 74 46 33 48 58
1 1 0 1 0 1 2 4 2 3 7 11 8 5 10 19 12 10 5 6 10 16 8 9 12 10 2 5 5 14 10 9 8 7 9 15 15 16 50 83 47 62 45 66 72 75 42 39 62 51 83 85 54 68 86 91 63 86 91 84 80 43 77 81 67 59 48 41 59 84 50 30 54 31 70 73 87 47 52 82 63 73 66 29 26 45 65 60 58 41 62 90 46 28 17 17
0 1 0 0 3 1 1 4 1 1 7 6 4 4 9 15 15 9 8 9 5 7 5 4 5 15 5 10 15 26 29 25 15 22 29 33 22 36 62 65 61 26 29 70 76 55 32 30 44 55 75 70 72 51 78 91 69 74 83 79 84 76 77 87 48 51 63 37 61 76 71 47 18 34 81 78 81 72 45 85 46 62 76 47 26 22 53 43 46 21 74 88 68 42 41 14
6 0 0 0 1 0 1 1 2 3 9 5 2 3 6 10 11 3 4 6 7 4 3 3 3 10 14 30 43 11 20 13 31 39 31 31 17 31 45 47 75 39 57 33 85 42 47 40 24 44 69 69 53 30 33 69 69 77 84 82 91 77 78 78 77 57 61 47 50 58 82 59 31 28 66 76 82 80 58 70 63 57 64 79 43 24 15 17 16 30 70 52 81 46 39 19
1 4 7 1 1 0 1 1 0 1 3 3 1 1 9 4 2 4 4 5 6 5 2 6 1 5 4 4 21 13 8 34 28 27 52 41 23 13 7 31 33 23 8 8 39 33 70 62 24 17 39 20 33 18 15 24 24 61 65 67 73 73 65 63 87 54 54 45 14 68 92 45 30 26 66 58 58 66 38 48 51 20 63 80 63 37 9 10 12 21 13 35 83 44 26 27
0 1 3 8 9 1 1 1 1 1 2 1 0 0 4 1 2 5 5 3 5 6 4 7 20 41 18 8 13 14 20 20 45 47 42 37 29 35 19 10 13 36 18 9 17 23 34 45 43 17 19 15 31 19 22 40 30 18 29 47 47 23 30 63 90 74 42 41 49 73 88 53 23 15 29 41 60 44 55 57 49 14 43 63 79 27 15 7 25 33 18 36 90 60 51 49
0 3 1 4 5 18 5 1 6 3 2 1 1 0 1 1 1 2 3 10 3 19 11 7 23 34 45 8 9 29 29 18 40 51 27 14 40 36 14 15 18 49 31 18 26 23 23 19 19 10 16 41 48 45 38 37 27 20 17 12 4 2 12 73 78 77 53 25 30 65 77 73 61 26 16 36 50 35 36 23 44 29 19 65 73 54 18 9 25 22 42 80 83 84 62 51
3 8 6 4 3 4 20 2 2 1 3 14 3 1 2 1 0 2 1 1 1 3 3 6 23 29 25 29 27 46 25 17 38 26 39 39 29 45 22 34 26 39 44 25 13 39 24 27 19 7 14 49 58 66 61 54 42 35 32 25 30 27 27 48 49 61 50 18 9 35 36 73 75 33 15 36 47 31 17 29 53 24 16 14 68 76 20 8 30 39 39 65 41 78 43 21
0 1 2 6 9 6 7 1 1 5 13 14 20 10 8 9 1 2 1 1 1 1 3 4 8 10 24 42 25 32 19 23 17 9 41 45 19 18 31 49 38 45 38 28 10 18 50 39 26 15 13 29 68 69 68 67 51 52 46 46 70 72 75 63 49 49 40 24 9 5 27 40 78 57 49 14 30 36 17 3 11 18 21 30 54 71 34 13 6 19 24 21 69 75 87 48
0 1 2 11 22 13 40 8 12 9 7 3 17 17 14 5 6 0 0 1 2 4 3 4 13 10 15 33 18 14 9 31 45 32 49 35 28 39 55 29 49 47 27 32 39 39 51 52 36 25 12 16 33 58 57 67 67 63 42 33 25 38 47 50 61 57 60 48 28 2 7 39 47 55 48 36 21 9 12 10 32 23 9 14 14 55 56 13 4 9 14 19 16 59 56 66
25 10 4 4 3 19 19 3 8 20 9 11 5 8 6 2 8 2 1 1 1 1 3 12 23 6 16 23 18 27 27 65 42 25 28 38 27 29 21 9 17 49 61 42 59 48 41 37 36 36 30 12 8 10 39 39 34 54 57 46 42 38 23 28 30 48 57 55 53 42 27 50 40 61 29 26 20 11 17 12 9 10 5 21 15 49 63 11 3 14 20 14 16 18 53 68
9 22 13 6 5 23 44 23 8 10 10 8 2 4 6 2 4 7 1 2 3 4 4 15 12 13 6 10 11 9 6 8 10 29 25 26 29 32 36 34 21 9 19 61 61 71 61 45 42 20 27 24 15 7 11 19 15 12 21 28 31 41 42 30 14 16 39 50 51 36 40 63 38 65 44 27 23 24 12 6 6 14 5 9 16 11 44 17 3 7 18 19 7 6 45 69
8 9 62 27 9 14 7 29 34 22 19 9 1 7 6 10 11 10 3 4 2 5 11 10 10 9 17 42 25 17 24 36 28 32 32 53 52 51 49 52 52 41 22 13 12 50 59 52 34 22 16 23 14 6 2 2 2 3 2 3 5 14 12 19 22 8 9 16 16 13 37 36 35 33 29 32 37 29 14 16 14 11 4 5 23 28 17 25 5 2 11 16 8 25 73 26
7 7 21 19 15 12 2 1 46 72 69 62 9 14 10 5 3 23 3 7 4 4 6 7 32 10 31 40 18 28 39 43 25 35 44 51 48 55 49 50 54 43 57 47 42 23 11 8 25 27 31 9 7 4 6 10 10 10 8 7 6 2 1 2 3 2 2 1 2 7 12 22 18 16 12 8 9 22 19 14 9 5 13 10 11 18 14 29 15 3 2 11 30 70 34 61
13 9 15 54 33 14 12 5 7 61 25 11 17 13 13 12 14 1 5 11 1 2 2 8 15 8 15 15 10 13 14 19 27 36 37 41 56 66 48 60 63 65 58 58 56 40 33 28 17 8 6 4 5 13 16 26 25 24 21 27 7 2 2 6 7 12 5 5 1 1 3 8 6 4 4 4 5 8 13 23 19 5 3 4 4 5 12 18 24 5 2 9 69 35 29 45
16 13 15 25 28 34 48 10 2 3 2 2 5 10 10 41 7 14 9 13 4 2 3 5 3 3 14 12 18 15 9 17 22 31 44 47 48 51 47 64 60 48 43 42 46 33 29 37 28 23 23 23 22 37 35 36 46 45 43 29 11 8 8 16 15 9 11 5 2 2 2 1 0 0 1 1 2 2 1 2 4 2 2 1 1 1 6 10 10 6 2 30 37 13 44 41
32 21 15 4 26 28 65 60 36 27 18 11 3 5 32 15 53 41 19 14 26 16 9 4 2 4 10 9 6 7 11 27 39 20 8 22 51 56 36 29 44 50 39 29 38 29 38 39 41 37 41 26 28 45 56 57 54 55 59 42 18 15 25 24 31 31 27 16 6 4 1 1 0 1 1 2 7 4 2 2 1 1 1 1 1 1 2 4 10 12 4 40 7 4 25 45
30 28 23 29 27 47 29 20 26 47 21 28 10 18 30 57 69 53 26 23 30 9 13 18 14 8 8 3 6 7 23 8 10 9 23 30 49 65 60 52 56 47 56 45 48 41 45 45 48 30 55 50 48 42 58 61 77 73 67 45 18 38 35 49 45 59 42 31 17 7 4 4 4 5 7 13 17 11 5 5 8 10 4 2 2 1 0 1 3 13 7 25 4 4 26 57
34 34 10 9 28 25 62 59 33 34 36 54 45 19 40 79 72 49 27 45 11 32 14 18 8 3 1 13 4 13 7 4 3 28 23 30 38 53 60 57 57 43 42 47 47 49 51 64 53 40 47 66 49 51 67 75 81 69 51 37 33 47 58 59 57 73 58 37 23 9 14 14 15 20 20 21 31 18 15 16 14 13 6 10 9 3 3 1 1 5 4 5 4 2 9 22
35 39 30 10 39 55 61 55 77 53 39 19 12 48 69 62 50 37 32 73 16 48 18 15 11 7 6 15 19 5 5 9 8 24 25 41 43 60 48 59 64 51 27 44 47 43 57 70 64 40 38 68 64 54 67 80 76 61 43 32 34 66 63 65 78 71 53 41 17 12 22 21 22 35 32 48 47 46 25 26 36 25 20 27 16 11 4 1 0 2 2 4 3 1 3 9
30 10 27 15 8 47 39 29 41 64 66 50 12 32 69 60 14 17 58 70 16 68 16 14 35 26 7 15 17 35 9 3 11 10 26 20 13 22 34 31 56 40 47 46 48 35 65 47 72 43 71 63 62 50 76 85 66 60 39 52 53 65 62 74 80 70 57 50 23 34 46 47 26 45 60 57 59 47 36 41 53 44 30 38 12 6 2 2 1 0 1 2 2 1 2 1
29 25 17 27 9 18 59 68 70 53 27 28 12 38 44 60 27 50 84 57 29 64 26 16 11 23 18 30 36 12 28 41 13 11 12 18 8 19 18 33 44 41 41 59 42 50 57 57 36 36 83 41 61 52 83 62 57 61 38 50 49 62 73 81 66 71 55 39 30 47 59 58 34 58 57 70 72 57 49 53 68 50 48 21 8 8 5 5 4 1 0 0 1 1 1 1
42 20 27 24 28 25 38 58 54 54 59 33 57 21 11 6 46 88 80 51 58 57 37 41 38 25 10 31 30 31 27 9 10 5 9 4 6 14 15 47 26 35 53 51 26 43 47 51 59 59 40 31 58 78 53 63 48 39 44 42 41 60 81 70 69 53 37 38 53 67 65 65 54 64 47 52 65 42 54 58 73 36 19 15 15 17 23 11 6 2 1 0 0 0 0 0
33 34 25 25 55 36 57 79 44 46 41 51 62 66 12 4 21 30 21 13 35 67 51 28 21 34 18 25 20 22 9 1 6 13 2 6 12 14 27 26 20 21 48 23 19 27 27 52 25 19 30 35 52 66 49 41 24 33 55 55 41 78 74 71 63 65 47 42 54 70 67 55 56 66 53 27 75 59 61 76 42 38 29 26 50 51 25 11 7 4 1 1 1 0 0 0
