sesion_6_simulaciones/modelos_agentes/ejemplos_netlogo/scenarios/echam4_b2/rob_2034.asc
NCOLS 322 
NROWS 307 
XLLCORNER 451900 
YLLCORNER 4086900 
CELLSIZE 100 
NODATA_value -9999 
[rows 0 to 73 of 307, columns 192 to 287 of 322]
42 39 22 13 33 58 33 17 15 19 20 8 6 4 6 4 3 3 4 3 3 3 2 2 4 7 3 7 8 24 6 2 1 0 0 0 1 1 0 2 3 1 1 5 9 11 9 18 31 39 24 29 36 45 45 57 46 82 50 42 10 13 19 46 56 42 58 55 27 39 23 12 18 20 41 24 20 39 57 29 16 18 17 20 18 12 31 27 26 30 11 25 36 62 21 7
53 32 39 35 40 59 21 30 42 25 17 13 19 16 9 8 10 2 4 5 6 3 1 1 2 7 2 3 2 4 20 8 1 0 0 0 0 1 1 1 2 1 0 2 3 4 10 10 23 64 78 60 43 45 46 46 69 68 67 23 27 15 47 41 52 49 58 43 45 22 7 25 13 20 53 27 53 40 37 35 28 34 35 21 16 8 20 30 31 29 17 30 27 32 17 15
34 58 40 38 59 52 38 18 12 25 27 26 38 38 19 30 17 14 19 18 15 6 3 2 1 1 1 0 0 1 1 7 5 1 1 0 0 0 1 0 0 0 2 5 5 10 12 16 25 44 53 48 60 51 66 74 42 37 47 26 23 33 42 31 37 62 31 27 21 27 15 17 14 20 62 25 60 51 27 42 31 26 32 33 16 6 13 17 31 24 16 45 25 40 16 3
44 46 66 57 45 38 35 35 33 55 31 48 61 48 39 53 35 17 25 37 23 17 11 5 3 2 0 0 0 0 1 1 0 1 1 1 1 0 0 0 1 2 1 1 3 14 13 16 7 15 13 17 30 60 49 55 53 20 29 35 38 22 25 45 33 58 46 39 54 21 31 26 9 9 44 27 32 25 34 40 31 30 31 34 18 6 11 25 40 17 30 26 23 38 11 3
32 24 46 17 51 58 52 39 53 48 45 35 38 32 39 57 42 44 45 48 41 18 12 11 5 7 3 5 3 1 0 0 0 0 0 1 0 0 0 0 1 1 1 2 2 4 4 9 27 48 55 49 46 41 65 67 32 27 9 11 35 35 29 43 45 57 37 28 18 13 9 9 12 8 22 22 19 31 56 63 53 21 21 42 37 27 4 22 24 33 33 17 33 47 18 3
34 28 44 39 26 33 53 28 51 41 31 36 14 36 44 47 50 47 18 15 28 15 9 15 11 10 4 8 5 2 1 1 0 0 0 0 0 0 0 0 0 1 2 5 11 23 30 39 40 28 34 38 45 61 81 57 37 28 9 45 66 66 60 61 45 65 28 36 42 34 42 30 24 18 13 18 26 24 34 28 40 63 46 35 37 27 9 16 22 27 12 18 30 30 20 5
25 14 16 34 25 20 51 20 16 27 35 60 32 17 32 45 40 41 21 8 10 22 27 33 14 11 12 8 7 5 3 2 2 1 1 0 0 1 0 0 0 1 2 4 17 11 17 25 45 35 40 78 41 67 72 40 29 31 16 34 51 60 58 60 68 62 51 45 45 20 29 29 20 30 26 13 6 18 37 41 31 55 37 19 10 35 12 10 12 12 13 26 43 55 14 13
19 14 13 17 37 29 42 51 16 8 16 22 40 12 5 15 9 16 21 11 7 14 7 12 13 10 11 7 10 7 6 6 5 4 3 1 2 1 0 0 0 2 5 8 14 18 20 46 71 67 66 42 58 55 63 34 21 9 17 23 33 32 29 28 26 55 33 26 47 28 26 20 25 29 30 18 6 26 46 24 50 63 42 19 11 28 21 10 11 21 24 27 51 34 21 15
33 25 23 13 20 17 28 54 52 23 11 10 19 28 14 9 5 16 23 14 11 19 4 8 23 14 11 11 11 15 12 12 10 8 5 4 2 1 0 0 1 2 5 7 22 22 18 27 48 58 43 28 70 50 49 19 9 41 63 51 64 53 59 46 55 77 46 35 16 17 25 21 23 23 19 11 7 13 17 31 45 56 44 28 12 12 13 8 8 27 21 31 28 37 18 26
23 25 25 13 12 6 24 23 48 35 27 14 12 15 19 7 7 5 18 17 15 21 6 6 12 13 10 9 5 10 2 5 10 10 6 2 1 1 0 0 0 1 3 6 16 6 7 39 20 15 15 77 47 48 26 13 24 53 61 74 55 82 68 44 61 34 57 47 45 20 20 30 27 14 10 7 6 10 36 19 12 42 46 43 21 10 17 5 7 9 12 35 25 37 20 49
29 26 27 24 12 6 4 4 8 20 13 9 7 18 11 7 8 2 4 12 8 19 23 5 6 5 19 8 2 6 11 2 1 1 1 4 2 1 0 0 1 1 5 14 3 10 17 23 5 9 50 55 24 34 14 8 22 41 42 57 77 79 50 30 33 49 58 60 65 49 57 37 32 26 15 11 4 4 12 23 25 51 66 39 42 15 9 12 3 10 31 14 20 16 16 58
52 35 18 20 19 17 11 6 5 5 5 5 7 8 5 4 3 6 4 5 11 14 11 6 1 3 14 9 3 2 9 10 1 0 0 1 2 1 0 0 3 4 6 2 1 1 9 2 5 26 61 43 19 13 5 26 32 30 39 77 62 56 15 27 42 45 67 64 55 62 46 36 42 41 36 24 7 6 18 21 22 69 45 54 37 27 10 6 4 16 18 10 27 9 29 63
57 44 40 54 44 38 34 18 30 17 13 7 3 2 2 2 3 10 8 3 2 6 5 5 1 2 6 4 3 1 1 4 1 0 0 0 1 2 0 0 2 3 3 5 5 4 16 2 9 39 32 13 2 10 30 46 49 59 81 69 20 27 31 23 22 24 41 40 62 43 24 35 53 55 48 25 9 2 16 25 51 58 24 31 47 30 15 3 4 15 13 9 30 9 25 34
67 63 61 64 60 55 41 36 32 30 25 23 8 6 3 2 2 1 1 1 2 2 1 2 1 2 3 3 1 0 1 2 2 1 0 0 0 1 1 1 1 2 2 1 1 6 3 3 13 10 5 1 4 13 22 33 61 57 48 12 46 64 59 47 47 27 24 22 57 48 60 69 47 33 27 27 12 4 9 18 49 22 16 30 61 31 20 8 3 5 6 8 15 8 18 17
25 62 65 66 58 61 40 46 22 22 34 20 15 14 13 9 6 3 1 1 1 0 0 1 2 2 1 1 0 0 1 1 1 1 0 0 1 1 1 1 1 1 1 1 0 1 1 2 3 3 1 2 5 7 18 32 36 10 31 48 62 60 59 79 82 72 64 46 48 60 64 53 59 43 22 16 8 4 8 18 25 12 8 43 58 59 34 35 12 2 4 6 7 7 23 21
36 53 64 45 52 72 55 31 50 34 23 30 24 27 27 15 10 3 2 2 1 1 0 0 1 1 0 0 0 0 0 1 1 2 1 0 0 1 1 1 1 1 1 1 0 0 2 3 2 1 3 3 3 6 11 19 9 34 39 45 58 70 79 70 66 74 41 33 67 20 49 76 54 40 44 41 36 18 6 18 20 12 4 10 26 52 15 9 10 10 2 8 5 6 24 20
63 17 66 45 39 63 72 74 39 20 31 26 37 32 24 16 17 9 5 5 3 3 1 0 0 0 1 1 1 0 0 0 0 0 1 1 1 1 1 1 1 1 0 0 0 0 0 0 1 5 4 11 9 7 6 20 33 36 42 44 66 55 75 65 67 43 31 60 46 38 39 22 56 35 59 62 60 36 24 7 33 18 12 3 9 26 37 9 3 4 2 2 4 9 6 7
37 12 48 27 45 55 59 36 67 70 42 48 49 15 14 12 18 16 10 7 6 5 3 1 1 1 2 2 1 1 0 0 0 0 0 0 0 0 0 0 1 0 0 0 0 0 1 3 4 4 7 17 19 20 9 21 26 55 55 56 76 59 53 47 31 30 48 61 49 32 19 20 49 53 60 57 62 60 37 10 7 15 14 9 3 9 20 12 8 1 4 0 4 7 3 3
24 28 29 31 20 43 51 29 30 66 34 58 70 37 23 16 24 36 31 19 14 6 2 2 2 2 3 3 5 1 1 1 1 1 0 0 0 0 0 0 0 0 0 0 1 1 3 4 4 5 12 21 19 14 27 31 39 40 32 46 67 31 16 11 28 33 29 77 65 23 25 16 51 48 15 32 67 55 56 35 8 5 24 13 7 2 9 11 12 4 1 1 6 3 1 1
27 10 15 24 15 21 54 20 14 41 48 62 64 46 46 37 10 16 17 27 11 8 6 4 4 4 4 6 6 5 3 2 2 2 1 1 0 0 0 0 0 0 0 1 3 3 4 7 3 9 19 15 27 30 35 38 12 10 24 44 73 28 12 35 51 45 59 65 49 38 23 10 19 51 42 15 32 41 49 45 34 7 6 13 10 3 2 5 13 8 1 0 4 1 3 6
48 15 17 17 4 12 38 19 27 18 35 25 40 16 24 28 7 5 13 28 13 19 8 4 13 9 6 4 5 4 2 1 2 1 2 1 1 0 0 0 0 0 1 2 3 5 2 2 8 22 13 20 39 48 62 57 39 30 43 47 49 17 17 52 52 46 45 21 45 47 30 9 12 23 55 29 13 17 62 34 25 9 2 6 8 2 3 8 5 5 0 1 1 1 6 18
22 5 19 18 5 3 13 39 6 12 43 37 39 19 14 7 8 2 4 27 27 14 9 8 4 4 1 1 2 2 2 2 1 1 2 1 1 0 0 0 0 0 1 2 1 3 4 7 9 10 8 16 24 61 70 76 74 63 48 42 25 13 31 42 62 56 46 27 23 42 18 8 11 17 51 32 13 13 21 42 25 16 5 3 8 3 4 6 3 1 1 5 2 4 16 25
32 5 28 34 10 5 7 19 5 5 37 22 13 7 3 9 7 5 1 4 6 13 28 25 8 2 5 2 1 1 1 1 0 1 1 2 1 0 0 0 0 1 2 2 1 2 1 3 2 3 3 10 24 23 43 66 51 37 20 65 29 14 33 43 43 50 70 41 34 15 9 9 23 38 65 30 13 15 24 52 25 9 4 2 3 6 3 5 2 1 4 19 9 11 10 23
20 17 13 29 3 5 8 16 12 3 3 3 4 11 4 3 8 8 3 5 5 5 15 10 9 2 3 5 2 0 1 0 0 0 1 1 1 0 0 0 0 0 0 1 1 0 1 2 4 4 3 9 10 18 22 17 13 30 54 36 12 23 39 36 54 70 49 37 36 23 9 13 23 41 45 21 18 12 20 42 28 29 10 2 2 3 3 5 1 1 5 5 15 27 16 21
6 5 9 9 5 2 10 18 6 2 4 2 2 5 9 3 5 6 5 2 2 3 4 3 2 1 2 5 4 1 0 0 0 0 0 0 0 1 0 0 0 0 1 1 2 3 4 4 4 5 10 6 5 3 4 11 28 33 62 26 10 37 32 30 56 76 43 50 44 23 14 14 23 52 36 19 23 11 15 27 24 23 20 8 2 1 3 2 1 7 10 12 13 14 51 23
2 3 2 6 2 1 10 14 6 1 1 2 2 1 5 5 2 2 3 3 1 1 2 2 2 1 1 3 7 1 1 0 0 0 0 0 0 0 0 0 0 0 0 1 2 2 4 2 2 6 8 17 14 27 20 26 27 46 50 8 18 31 26 20 45 58 38 39 32 24 11 12 23 53 22 29 22 7 5 11 13 21 11 4 4 1 1 2 6 17 23 26 37 23 19 47
1 1 1 1 1 3 6 6 2 1 0 1 1 0 0 2 3 3 2 2 1 1 1 1 0 1 1 1 1 2 1 0 0 0 0 0 0 0 0 0 0 0 0 0 1 1 1 1 3 4 10 14 15 25 40 57 59 72 30 8 21 29 21 29 68 60 18 33 34 21 12 6 18 49 22 17 13 12 2 4 11 19 5 3 1 1 1 6 17 18 24 25 32 45 63 40
1 0 0 0 0 0 0 1 1 0 0 0 0 0 0 0 1 0 1 1 1 0 0 0 0 0 1 1 1 1 1 1 1 0 0 0 0 0 0 0 0 0 0 0 0 1 2 2 2 10 7 11 19 26 40 70 53 38 6 22 32 24 45 56 80 42 45 21 19 19 16 9 26 49 29 15 12 13 2 3 9 16 9 8 3 0 2 5 8 6 7 7 9 15 35 40
0 0 0 0 0 0 0 0 0 0 0 0 0 0 0 0 0 0 0 0 0 0 0 0 0 0 1 1 0 0 0 0 0 0 0 0 0 0 0 0 0 0 1 1 1 1 4 10 3 7 6 8 13 15 53 44 18 5 17 29 32 30 52 76 47 26 36 18 16 17 13 7 14 42 57 28 15 7 2 3 8 17 13 6 2 0 2 2 2 6 9 17 22 23 23 37
0 1 1 1 1 0 0 0 0 1 1 1 1 1 1 1 1 1 0 0 0 0 0 0 0 0 0 0 0 0 0 0 0 0 0 0 0 0 0 0 0 1 1 1 2 3 5 4 11 6 6 7 15 19 52 13 6 11 24 31 28 32 52 75 32 22 19 28 13 5 4 6 24 41 17 39 21 8 2 1 11 9 12 5 2 0 2 5 12 19 12 27 38 35 34 16
1 2 1 2 1 0 0 1 1 2 2 2 2 2 2 3 2 1 1 1 0 0 0 0 0 0 0 0 0 0 0 0 0 0 0 0 0 0 0 0 1 1 1 3 4 6 7 5 10 23 25 25 16 30 14 6 2 17 20 26 15 30 52 62 37 14 19 25 16 9 2 6 33 14 10 46 29 11 3 1 5 4 8 4 1 1 4 6 7 13 16 16 12 14 19 40
3 3 3 3 2 1 1 2 3 2 2 3 7 4 6 5 3 2 2 2 1 2 1 0 0 0 0 0 0 0 0 0 0 0 0 0 0 0 0 1 1 1 2 2 4 6 9 21 15 18 13 44 28 14 17 12 4 13 22 36 39 32 59 25 11 27 29 12 24 7 2 5 11 12 7 42 16 11 3 2 5 4 4 3 1 2 10 17 22 17 15 8 18 22 22 31
8 8 4 6 4 2 1 2 3 3 8 7 7 10 9 4 4 3 3 3 2 3 2 1 1 1 0 0 0 0 0 0 0 0 0 0 0 0 0 1 1 1 2 3 6 8 14 19 17 17 12 6 15 16 20 3 8 14 14 25 24 39 40 45 39 21 13 10 27 17 5 3 11 8 16 42 13 8 4 1 2 3 3 1 2 5 11 31 36 35 39 24 30 42 36 60
10 11 12 6 5 4 2 4 8 9 12 11 12 8 11 7 5 5 4 6 5 4 2 1 1 2 1 1 0 0 1 0 0 0 0 0 0 0 0 0 0 1 1 2 5 11 7 3 25 19 12 5 14 18 2 2 6 9 12 26 39 48 54 26 15 15 19 14 10 13 7 4 10 8 12 20 17 15 5 1 1 2 1 1 3 5 7 10 8 9 13 26 39 41 70 68
15 15 17 15 12 4 3 7 11 16 17 16 17 14 14 12 8 15 9 8 3 2 2 2 2 2 1 1 1 1 0 0 0 0 0 0 0 0 0 0 1 1 3 3 2 3 3 7 6 10 9 2 7 1 2 2 3 5 8 20 40 53 33 50 25 13 12 9 8 13 12 3 4 6 11 13 13 6 4 1 1 1 1 2 6 3 4 8 23 30 33 29 19 64 40 50
28 41 27 7 14 5 8 9 25 20 20 21 20 34 35 19 19 15 7 12 5 3 1 4 4 1 1 1 4 1 0 0 0 0 0 0 0 0 0 0 1 2 4 1 2 3 4 7 5 5 3 2 3 1 2 1 4 11 16 30 24 23 38 53 16 7 6 5 10 8 6 3 2 5 5 14 13 7 3 1 0 0 2 5 12 13 13 13 20 21 20 42 47 58 34 16
45 62 25 23 29 11 7 28 28 41 18 28 37 31 49 28 12 7 16 10 6 5 1 7 2 1 2 4 1 0 0 1 1 1 0 0 0 0 0 0 1 1 1 1 1 4 14 10 6 4 3 1 1 2 3 6 10 8 6 8 14 25 31 50 23 10 9 6 4 3 3 4 1 3 7 6 5 8 3 1 0 2 6 5 10 26 29 34 36 39 22 34 31 32 33 12
39 61 28 27 38 15 14 42 41 46 15 32 54 38 54 23 18 18 22 22 11 3 4 2 2 4 10 1 0 1 1 1 1 1 0 0 0 0 0 0 0 0 0 1 2 9 9 4 10 2 2 1 3 3 5 3 3 2 8 10 11 32 37 31 13 41 39 22 12 9 4 3 1 2 3 2 3 4 1 0 1 4 11 21 20 28 40 39 32 34 36 42 13 4 24 16
58 34 35 29 40 17 18 46 68 46 12 44 67 56 55 52 25 36 49 27 11 4 9 4 7 10 1 1 2 1 1 1 2 1 1 1 0 1 1 0 0 0 0 1 8 4 7 1 2 3 1 1 4 4 4 4 3 6 26 35 30 32 63 31 39 24 28 28 10 5 4 3 1 1 1 2 1 2 0 0 1 4 5 13 15 8 17 7 7 9 6 56 37 15 10 5
81 65 40 31 37 20 32 51 81 39 21 35 64 65 68 36 28 70 33 6 7 16 13 9 12 4 3 2 4 4 2 2 2 1 1 1 1 1 1 1 0 0 0 0 2 2 2 0 0 0 0 1 2 6 6 12 17 18 13 27 45 45 26 45 33 31 9 18 30 8 3 2 1 0 1 1 1 1 1 1 2 5 6 7 6 3 6 12 22 42 58 76 45 12 8 3
74 74 43 44 49 27 35 60 74 45 26 44 83 82 46 56 35 34 10 6 11 36 39 23 12 9 4 4 5 3 2 6 3 1 1 1 1 2 2 1 1 0 0 0 0 0 0 0 0 1 2 3 6 9 9 17 15 13 29 53 60 55 34 46 8 56 39 6 6 23 19 9 4 1 0 1 1 0 0 0 2 2 3 5 4 6 19 26 26 22 31 53 23 12 7 3
75 65 44 55 52 49 37 64 74 49 37 49 83 73 55 43 20 10 3 12 28 41 24 8 5 2 2 10 7 4 5 5 2 1 1 2 2 2 2 0 1 0 1 0 0 0 0 0 1 1 2 2 5 7 6 8 14 28 22 71 53 22 19 68 35 13 45 14 5 3 5 6 8 6 2 1 0 0 0 0 2 2 2 3 5 12 21 25 19 33 23 30 26 15 6 2
76 66 41 61 58 55 52 51 60 43 37 51 64 31 31 24 9 11 8 18 43 17 11 11 4 4 2 14 10 5 13 6 2 2 2 3 3 5 4 1 1 0 1 1 1 0 0 0 0 1 1 1 5 5 10 17 8 27 36 61 12 3 19 63 21 19 10 32 10 2 2 3 6 5 4 3 1 0 0 0 1 2 3 2 3 8 34 16 10 44 16 14 17 5 2 2
50 48 46 63 61 44 63 50 74 77 65 53 46 37 48 44 29 34 16 23 38 20 15 11 6 5 5 17 16 7 14 6 4 3 3 6 5 5 2 2 3 2 1 1 0 0 0 0 0 1 1 2 5 5 6 9 5 15 40 17 9 5 33 58 31 5 3 4 13 4 2 1 2 1 4 2 1 0 0 0 1 2 3 2 10 22 36 15 12 36 12 4 6 10 2 1
63 36 66 75 66 71 69 84 78 89 88 83 44 66 65 61 57 26 21 40 34 19 14 7 8 11 6 20 20 19 12 8 6 7 6 9 16 6 3 2 8 4 1 0 0 0 0 0 0 1 2 3 3 5 3 4 10 28 46 10 5 6 12 49 36 16 4 1 9 8 4 1 1 1 6 1 1 0 0 1 1 2 3 5 8 6 6 5 9 8 14 8 8 6 1 0
55 50 57 67 80 82 86 88 75 74 78 80 83 74 44 43 36 27 29 26 15 18 14 15 25 17 17 41 30 42 16 14 11 14 16 26 27 8 6 5 9 2 1 0 0 0 0 0 0 1 1 2 2 1 2 5 12 24 16 13 4 4 6 54 19 13 10 1 5 10 6 1 1 1 1 3 1 0 0 1 1 2 5 7 7 4 5 3 4 4 5 3 2 1 0 1
68 59 42 44 59 68 79 58 51 47 60 63 62 74 47 41 47 58 45 30 26 29 24 36 51 35 25 52 47 36 20 28 18 23 21 33 17 11 15 5 2 1 2 1 1 1 1 0 0 0 1 1 1 2 3 1 6 7 8 29 7 6 10 22 14 2 7 2 3 4 3 2 1 1 0 9 1 0 0 1 1 2 2 9 4 4 4 2 2 1 1 1 1 1 1 3
72 74 49 31 56 51 55 66 47 58 64 48 61 77 82 66 78 69 49 40 52 49 49 46 53 41 33 59 56 27 35 35 32 35 42 40 24 15 4 1 1 2 2 2 3 1 1 0 0 0 0 1 2 2 3 2 5 6 3 6 6 5 8 16 22 2 4 3 2 6 3 1 2 1 1 1 0 0 0 0 1 2 4 9 3 3 2 2 3 1 0 0 0 1 3 4
54 67 79 47 29 33 56 55 74 41 36 34 69 50 59 91 88 47 67 65 64 60 61 52 55 47 45 70 55 46 44 40 43 60 55 23 6 5 6 5 6 4 4 2 4 3 2 0 0 0 0 2 1 1 3 2 5 4 3 3 4 2 2 5 27 2 1 2 1 1 2 1 1 1 0 1 0 0 0 0 1 1 8 3 1 1 1 1 1 0 0 1 1 2 3 4
76 74 75 79 45 17 21 64 62 54 14 16 31 45 75 82 66 88 88 69 61 78 72 41 60 50 68 59 57 51 54 43 57 73 71 27 20 12 18 15 19 16 7 7 8 2 1 0 0 0 0 0 0 0 3 2 5 4 2 2 2 1 0 1 9 3 1 1 1 1 1 2 1 1 0 0 0 0 0 0 1 1 2 1 1 1 0 0 0 0 1 1 2 4 3 4
61 45 51 84 44 36 29 29 29 35 23 6 23 72 82 80 60 54 82 62 76 78 65 49 71 65 78 73 66 73 54 55 54 48 50 28 25 29 25 26 7 6 16 26 3 2 1 0 0 0 0 0 0 0 1 3 4 7 2 2 1 1 0 4 9 3 2 1 1 1 1 1 1 0 0 0 0 0 0 0 1 1 1 0 0 0 0 1 1 2 2 3 3 4 2 3
31 49 47 80 81 27 32 19 20 18 22 10 26 39 46 52 70 82 64 27 61 29 70 80 91 85 80 56 72 54 64 49 43 23 60 52 52 38 16 11 3 1 18 12 7 3 2 1 0 1 1 0 0 0 0 0 0 1 1 1 1 0 1 2 4 4 2 1 1 0 0 0 1 0 0 0 0 0 0 0 1 1 1 0 0 0 1 1 2 2 3 7 6 4 3 3
20 26 39 43 75 72 38 16 15 14 12 12 21 42 58 65 29 71 71 32 65 57 31 47 70 48 67 42 63 26 16 38 23 23 37 78 56 32 15 45 14 13 15 12 13 4 2 1 1 2 1 0 0 0 0 0 0 0 0 1 1 0 1 2 2 4 2 1 1 0 0 0 0 0 0 0 0 0 0 0 0 0 0 0 0 1 1 1 2 2 3 3 14 6 4 2
9 15 24 7 38 83 38 20 9 7 11 12 10 16 25 42 48 67 43 49 66 44 14 42 62 44 42 34 37 57 42 42 36 17 22 59 73 81 75 63 45 27 25 27 16 6 4 2 5 1 1 1 1 0 0 0 0 0 0 0 0 0 0 2 2 2 2 1 1 0 0 0 0 0 0 0 0 0 0 0 0 0 0 0 0 0 0 1 2 1 2 5 6 5 3 7
17 10 18 40 35 54 79 33 26 7 4 5 6 8 25 20 45 65 11 20 71 62 24 12 69 74 44 29 42 49 21 18 22 14 11 32 50 54 46 19 29 31 14 19 18 13 18 12 4 1 1 2 2 1 1 2 2 0 0 0 0 0 0 0 1 2 1 1 0 1 0 0 0 0 0 0 0 0 0 0 0 0 0 0 0 0 0 0 1 2 2 3 5 5 10 10
24 8 5 25 44 53 80 59 24 17 8 6 5 7 7 5 23 16 12 50 87 35 17 9 13 51 24 28 21 41 36 21 23 20 16 48 35 16 11 8 10 5 4 38 16 29 34 24 7 4 6 4 3 2 1 0 1 0 0 0 0 0 0 0 0 1 1 1 0 0 0 0 0 0 0 0 0 0 0 0 0 0 0 0 1 1 1 1 2 2 2 4 5 6 5 15
41 26 16 9 10 14 27 55 26 28 11 5 4 5 9 4 14 8 28 27 78 33 17 13 7 14 13 19 7 30 35 14 11 13 18 30 27 8 4 7 6 4 4 9 22 15 12 4 5 5 3 3 2 2 3 0 0 1 0 0 0 0 0 0 0 0 1 1 0 0 0 0 0 0 0 0 0 0 0 0 0 0 0 1 0 0 1 5 1 4 5 7 10 9 13 19
18 16 28 9 8 25 28 54 56 31 19 5 3 2 3 5 6 10 10 25 62 75 41 16 4 4 11 2 6 23 31 14 9 9 7 6 9 5 4 4 4 3 4 4 20 12 12 5 2 1 2 0 1 0 1 1 0 0 0 0 0 0 0 0 0 0 0 0 0 0 0 0 0 0 0 0 0 0 0 0 0 0 0 0 0 1 2 4 5 7 8 7 9 13 13 23
32 22 8 4 5 12 20 30 52 23 11 6 2 1 2 4 2 3 12 54 46 58 43 27 11 3 12 11 2 4 15 9 10 6 2 3 4 10 3 3 3 2 1 3 8 11 16 6 3 2 1 1 0 0 1 1 0 0 0 0 0 0 0 0 0 0 0 0 0 0 0 0 0 0 0 0 0 0 0 0 0 0 0 0 1 1 1 4 2 2 2 2 5 11 13 8
45 35 11 4 1 9 10 17 37 33 8 6 3 2 3 3 2 8 26 46 17 25 39 11 7 5 3 6 8 1 6 11 4 4 2 3 3 2 2 2 4 3 1 1 3 9 14 8 5 2 2 1 0 0 0 0 0 0 0 0 0 0 0 0 0 0 0 0 0 0 0 0 0 0 0 0 0 0 0 0 0 0 0 0 1 1 2 2 2 1 1 3 5 6 6 8
48 32 14 11 2 3 7 12 48 10 8 3 2 2 1 2 1 5 24 13 2 12 64 12 6 6 2 3 3 5 5 3 2 2 2 1 1 1 1 2 3 1 1 1 1 4 13 7 6 2 1 1 0 0 0 0 0 0 0 0 0 0 0 0 0 0 0 0 0 0 0 0 0 0 0 0 0 0 0 0 0 0 0 1 1 1 2 2 2 2 3 2 4 6 8 5
42 32 15 6 5 3 6 7 33 11 3 5 3 1 1 1 1 7 10 5 15 25 47 26 7 3 4 8 2 7 4 3 3 1 2 1 1 1 0 1 1 1 1 2 4 7 9 8 12 8 4 2 0 0 0 0 0 0 0 0 0 0 0 0 0 0 0 0 0 0 0 0 0 0 0 0 0 0 0 0 0 0 0 0 0 1 1 2 3 3 4 3 5 3 6 9
32 19 10 6 4 4 2 4 9 24 6 2 3 1 1 1 1 4 4 6 6 14 43 25 9 10 3 4 4 8 3 2 2 2 1 1 1 1 1 1 0 0 1 7 3 3 7 4 9 9 7 3 1 1 0 0 0 0 0 0 0 0 0 0 0 0 0 0 0 0 0 0 0 0 0 0 0 0 0 0 0 0 0 0 0 0 1 2 2 2 3 6 5 7 14 10
27 21 8 4 4 3 2 3 4 10 11 2 1 1 1 1 1 1 2 4 5 14 47 21 11 4 7 2 3 5 2 1 1 1 1 0 0 1 0 0 0 0 3 6 1 3 4 2 6 6 4 4 2 1 1 0 0 0 0 0 0 0 0 0 0 0 0 0 0 0 0 0 0 0 0 0 0 0 0 0 0 0 0 0 0 0 0 0 1 2 2 3 4 2 4 6
72 43 19 4 2 3 2 2 3 6 11 3 2 1 1 1 1 1 1 1 5 8 28 16 5 3 3 3 2 1 3 1 1 1 1 1 1 1 0 0 1 1 2 1 1 2 1 2 3 4 5 4 5 2 1 1 0 0 0 0 0 0 0 0 0 0 0 0 0 0 0 0 0 0 0 0 0 0 0 0 0 0 0 0 0 0 0 0 1 1 2 5 3 3 4 1
22 63 37 13 4 1 1 2 2 3 16 4 2 1 1 0 1 0 1 1 3 6 16 20 4 2 2 2 2 2 1 2 1 0 0 1 0 0 0 0 1 3 1 1 1 1 1 1 3 4 2 2 2 3 2 1 0 0 0 0 0 0 0 0 0 0 0 0 0 0 0 0 0 0 0 0 0 0 0 0 0 0 0 0 0 0 0 0 1 1 2 2 2 2 3 5
7 57 10 40 16 7 1 1 1 3 8 3 2 1 1 0 0 0 1 1 3 8 7 17 8 4 2 1 1 1 1 1 1 1 0 1 0 0 0 0 1 1 1 0 0 1 0 1 3 4 1 1 1 1 4 2 1 0 0 0 0 0 0 0 0 0 0 0 0 0 0 0 0 0 0 0 0 0 0 0 0 0 0 0 0 0 0 0 1 1 1 1 1 3 4 5
12 14 7 28 10 11 4 1 1 1 3 3 1 1 0 0 0 0 1 2 1 1 11 14 14 8 4 3 1 0 0 1 1 0 0 0 0 0 0 0 1 0 0 0 0 1 0 1 3 4 2 0 0 0 2 1 1 0 0 0 0 0 0 0 0 0 0 0 0 0 0 0 0 0 0 0 0 0 0 0 0 0 0 0 0 0 0 0 1 1 1 1 3 4 6 7
14 9 8 6 7 3 10 2 0 0 1 1 1 0 0 0 0 0 1 1 2 8 16 17 18 8 4 2 1 0 1 1 0 0 0 0 0 0 0 1 0 0 0 0 0 2 1 1 5 4 3 1 0 0 0 0 0 0 0 0 0 0 0 0 0 0 0 0 0 0 0 0 0 0 0 0 0 0 0 0 0 0 1 1 0 0 0 0 1 1 1 1 1 1 2 3
10 6 8 4 5 1 2 4 0 0 1 1 1 0 0 0 0 0 1 1 5 6 11 9 9 11 3 1 1 1 1 0 0 0 0 0 0 0 0 1 0 0 0 0 0 0 1 0 2 4 2 1 1 0 0 0 0 0 0 0 0 0 0 0 0 0 0 0 0 0 0 0 0 0 0 0 0 0 0 1 1 1 1 1 1 1 1 2 1 0 0 0 1 2 3 5
6 9 9 4 2 1 1 1 1 0 0 1 1 0 0 0 0 0 1 4 3 1 6 4 4 6 3 1 1 1 0 0 0 0 0 0 0 0 0 1 0 0 0 0 0 1 0 1 3 1 1 0 0 0 0 0 0 0 0 0 0 0 0 0 0 0 0 0 0 0 0 0 0 0 0 0 0 0 0 0 1 2 2 2 3 2 2 2 1 1 1 1 1 1 3 3
2 2 3 3 1 1 0 0 1 0 0 0 0 0 0 0 0 0 1 1 2 1 3 8 1 2 1 2 1 0 0 0 0 0 0 0 0 0 1 0 0 0 0 0 0 0 0 3 6 0 0 1 0 0 0 0 0 0 0 0 0 0 0 0 0 0 0 0 0 0 0 0 0 0 0 0 0 0 0 0 1 1 1 2 3 3 4 4 3 2 1 1 3 2 2 2
1 1 1 1 1 0 0 0 0 0 0 0 0 0 0 0 0 0 0 0 1 1 1 1 1 1 1 1 0 0 0 0 0 0 0 0 0 0 0 0 0 0 0 0 0 0 1 1 3 1 0 0 0 0 0 0 0 0 0 0 0 0 0 0 0 0 0 0 0 0 0 0 0 0 0 0 0 0 0 0 0 0 1 1 3 3 6 8 4 7 5 5 4 4 3 9
1 1 1 1 0 0 0 0 0 0 0 0 0 0 0 0 0 0 0 0 1 0 0 0 1 1 0 0 0 0 0 0 0 0 0 0 0 0 0 0 0 0 0 0 0 1 0 0 0 0 0 0 0 0 0 0 0 0 0 0 0 0 0 0 0 0 0 0 0 0 0 0 0 0 0 0 0 0 0 0 0 0 0 1 2 3 2 3 16 13 5 13 9 9 5 8
