sesion_6_simulaciones/modelos_agentes/ejemplos_netlogo/scenarios/echam4_b2/rob_2031.asc
NCOLS 322 
NROWS 307 
XLLCORNER 451900 
YLLCORNER 4086900 
CELLSIZE 100 
NODATA_value -9999 
[rows 222 to 295 of 307, columns 96 to 191 of 322]
1 0 0 0 0 0 0 0 0 0 0 0 0 0 0 0 0 0 0 0 0 0 0 0 0 0 1 1 0 0 0 0 1 1 0 0 0 0 0 0 0 0 0 1 1 1 3 8 12 16 20 23 29 38 40 46 52 64 77 76 79 84 61 77 54 64 53 47 51 45 32 33 22 27 39 41 48 25 27 22 52 43 38 32 31 18 39 55 62 41 31 31 17 9 11 6
1 0 0 0 0 0 0 0 0 0 0 0 0 0 0 0 0 0 0 0 0 0 0 0 0 0 0 0 2 1 0 1 2 0 0 0 0 0 0 0 0 0 0 0 1 1 2 4 7 10 17 13 21 29 44 68 72 52 36 46 50 50 43 53 80 35 33 36 57 49 36 52 23 28 45 39 41 22 37 50 46 79 51 41 34 32 23 23 50 74 57 46 40 17 12 8
0 0 0 0 0 0 0 0 0 0 0 0 0 0 0 0 0 0 0 0 0 0 0 0 0 0 0 0 2 1 1 1 1 0 0 0 0 0 0 0 0 0 0 0 1 1 2 2 5 9 12 16 34 22 42 64 38 33 36 36 16 43 41 41 36 57 22 52 55 47 58 52 17 26 27 38 31 30 47 56 41 31 58 59 35 37 40 22 17 48 77 57 47 25 24 16
0 0 0 0 0 0 0 0 0 0 0 0 0 0 0 0 0 0 0 0 0 0 0 0 0 1 0 1 1 4 2 1 0 0 0 0 0 0 0 0 0 0 0 0 0 1 1 2 4 6 9 12 28 29 19 17 23 25 25 22 49 66 42 44 56 86 73 50 54 48 65 54 34 26 42 49 40 40 49 60 49 29 12 28 62 63 38 35 28 22 55 52 40 31 15 11
0 0 0 0 0 0 0 0 0 0 0 0 0 0 0 0 0 0 0 0 1 0 0 0 0 1 1 1 2 3 1 0 0 0 0 0 0 0 0 0 0 0 0 0 0 1 1 3 4 5 11 20 20 20 24 26 40 33 27 36 19 30 55 49 53 88 63 69 38 64 52 52 39 23 49 58 48 30 49 77 43 41 54 39 38 21 26 39 33 36 19 23 27 17 7 8
0 0 0 0 0 0 0 0 0 0 0 0 0 0 0 0 0 0 0 0 0 1 0 1 0 1 3 4 3 2 0 0 0 0 0 0 0 0 0 0 0 0 0 0 1 1 1 2 3 5 7 8 7 13 16 25 47 45 41 24 27 42 40 52 73 56 49 64 79 59 45 54 56 16 20 39 39 49 69 33 75 61 78 55 73 41 56 41 28 16 15 24 16 11 6 3
0 0 0 0 0 0 0 0 0 0 0 0 0 0 0 0 0 0 0 0 0 0 1 2 1 1 2 5 3 1 1 1 0 0 0 0 0 0 0 0 0 0 0 0 0 1 1 2 4 5 10 11 15 17 16 28 40 66 40 37 26 49 63 78 60 51 52 52 36 50 62 34 27 16 18 35 54 46 79 59 28 24 42 64 47 51 41 38 23 22 17 11 8 9 7 8
0 0 0 0 0 0 0 0 0 0 0 0 0 0 0 0 0 0 0 0 0 0 0 2 1 1 2 10 5 2 3 2 0 0 0 0 0 0 0 0 0 0 0 0 0 1 1 1 3 4 6 7 10 10 25 34 23 24 20 37 25 24 32 46 32 17 29 43 32 42 21 41 35 25 35 20 22 60 39 49 38 28 30 40 24 26 35 42 20 21 9 5 6 4 4 3
0 0 0 0 0 0 0 0 0 0 0 0 0 0 0 0 0 0 0 1 1 1 0 1 4 1 1 5 11 11 3 2 1 0 0 0 0 0 0 0 0 0 0 0 1 1 1 1 2 2 3 4 7 10 18 12 14 16 19 20 25 24 26 34 37 49 53 61 46 45 57 58 37 20 33 48 20 55 42 51 53 47 39 61 39 17 23 14 11 14 7 4 2 4 4 2
0 0 0 0 0 0 0 0 0 0 0 0 0 0 0 0 0 0 0 1 1 1 1 1 2 3 1 3 12 10 4 2 1 0 0 0 0 0 0 0 0 1 1 0 1 1 1 1 2 3 4 5 6 7 5 6 6 7 7 9 9 9 11 33 44 45 27 47 49 46 45 37 34 21 22 43 41 36 45 67 55 52 53 53 40 31 16 15 10 11 9 5 3 2 3 1
0 0 0 0 0 0 0 0 0 0 0 0 0 0 0 0 0 0 1 1 1 1 1 1 6 3 2 3 8 9 5 3 1 0 0 0 0 0 0 0 1 1 1 2 1 1 1 2 4 7 10 9 6 5 4 7 6 8 16 20 14 25 21 18 15 18 25 27 29 44 59 66 64 24 25 25 57 47 56 48 42 50 52 45 40 56 39 19 13 7 4 3 3 2 1 1
0 0 0 0 0 0 0 0 0 0 0 0 0 0 0 0 0 0 0 1 1 2 0 1 2 5 5 6 13 12 6 3 1 0 0 0 0 0 0 0 0 1 1 1 2 4 3 1 4 8 12 20 15 7 9 13 25 26 30 46 39 38 32 24 32 52 33 29 27 38 59 64 63 57 39 58 70 38 61 40 65 63 49 61 43 33 38 31 34 10 4 2 2 1 0 0
1 0 0 0 0 0 0 0 0 0 0 0 0 0 0 0 0 0 0 1 1 2 1 1 2 3 13 10 7 5 3 2 0 0 0 0 0 0 0 0 1 1 1 2 2 3 3 8 4 7 10 12 15 21 18 25 29 36 55 49 35 37 47 37 27 22 34 44 23 31 16 20 21 16 49 20 33 73 47 36 17 33 70 62 41 39 51 23 25 9 10 4 1 1 1 1
1 0 0 0 0 0 0 0 0 0 0 0 0 0 0 0 0 0 0 1 2 2 2 1 1 4 5 16 5 2 1 1 0 0 0 0 0 0 1 1 1 1 2 2 3 4 5 7 11 8 12 14 22 40 23 25 35 39 41 53 50 63 57 54 42 25 36 41 55 38 35 31 36 26 73 35 20 24 30 29 18 8 63 70 52 51 53 52 23 17 12 7 5 5 1 0
1 1 0 0 0 0 0 0 0 0 0 0 0 0 0 0 0 0 0 1 1 2 5 3 1 5 5 18 8 3 1 0 0 0 0 0 0 0 1 1 1 1 2 3 4 6 14 10 15 25 20 31 29 30 34 28 34 38 64 56 58 57 48 63 66 39 27 34 39 34 60 43 29 39 41 51 39 54 54 38 37 25 17 55 51 53 63 44 20 11 5 5 4 1 1 1
3 1 0 0 0 0 0 0 0 0 0 0 0 1 0 0 0 0 0 0 1 3 2 5 1 3 5 11 7 4 2 1 1 0 0 0 0 0 1 1 1 2 2 4 8 10 22 19 14 12 34 53 64 40 38 19 33 35 61 50 73 60 49 44 44 41 21 39 28 63 28 32 31 38 23 21 27 33 36 33 28 26 26 25 43 30 14 28 20 9 7 2 1 1 1 1
1 0 0 0 0 0 0 0 0 0 0 0 1 1 1 0 0 0 0 1 1 2 4 7 4 4 8 15 10 6 3 1 1 0 0 0 1 1 1 1 2 2 3 8 9 16 22 26 28 22 27 43 49 51 42 21 33 41 30 54 71 64 24 67 26 45 41 34 27 47 33 13 24 43 46 42 43 51 56 53 61 33 32 26 21 12 20 15 9 9 3 2 1 1 1 0
0 0 0 0 0 0 0 0 0 0 0 0 1 1 1 1 0 1 1 2 2 1 5 15 9 7 14 17 8 10 4 1 1 0 0 0 1 1 1 1 2 3 4 7 11 22 25 30 36 39 34 46 61 63 49 21 33 44 53 46 56 57 20 49 51 45 53 27 38 32 21 28 40 37 28 25 26 37 45 22 43 51 51 26 28 16 11 11 7 3 2 2 2 2 1 0
0 0 0 0 0 0 0 0 0 0 0 0 1 1 2 1 0 1 1 6 5 2 5 15 15 5 3 39 25 8 4 2 1 0 0 1 1 1 1 2 3 5 5 8 16 16 32 39 41 53 38 54 64 48 54 20 34 41 45 58 49 47 48 44 49 51 45 43 34 25 29 34 39 38 30 26 25 41 42 31 33 32 59 53 30 33 24 9 3 2 1 1 1 1 1 0
0 0 0 0 0 0 0 0 0 1 1 1 1 1 3 3 1 1 2 3 6 3 5 13 24 7 9 38 15 12 7 3 1 0 0 1 1 1 3 2 5 8 7 12 14 18 42 42 48 53 54 48 43 55 78 41 23 46 59 45 31 28 29 55 56 46 42 56 31 20 22 22 40 41 46 41 44 68 58 50 42 38 41 37 36 37 20 14 8 4 2 2 2 1 1 0
0 0 0 0 0 0 0 0 0 1 1 1 1 2 4 4 1 1 5 4 5 8 8 19 34 37 31 39 25 15 7 2 1 0 0 1 1 2 2 5 3 8 15 12 10 17 38 50 55 54 57 64 59 58 83 60 51 16 35 67 50 44 29 32 26 52 55 54 25 21 13 43 43 32 36 31 43 71 57 45 59 29 24 22 24 20 23 18 6 4 3 2 2 1 1 0
0 0 0 0 0 0 0 0 0 1 2 3 2 3 3 7 2 1 4 5 7 12 12 24 43 58 30 44 14 9 8 2 0 0 0 0 1 4 2 4 7 7 15 14 17 32 39 38 56 61 62 62 71 82 82 77 39 20 46 58 66 44 34 37 36 29 22 21 21 19 41 42 20 49 24 32 25 48 45 45 38 40 58 32 17 12 6 6 5 4 2 1 1 1 1 0
1 0 0 0 0 0 0 1 1 2 2 2 5 3 6 10 3 4 3 11 17 16 14 28 44 38 22 13 7 6 3 2 0 0 0 0 2 4 5 4 5 12 6 32 21 27 41 35 43 70 69 49 71 76 73 77 62 32 22 23 36 57 47 34 32 18 6 5 16 20 55 34 32 45 88 74 57 50 48 51 61 60 40 45 30 28 14 11 7 3 2 1 1 0 0 0
0 0 0 0 0 0 0 1 1 2 3 4 7 3 8 13 6 11 4 8 27 24 39 24 52 35 14 10 5 3 2 1 0 0 1 1 1 2 4 7 11 8 10 13 41 26 29 43 60 74 70 58 56 49 60 77 76 37 24 26 44 37 37 32 19 24 14 9 30 40 26 37 61 69 66 81 56 71 55 66 69 53 34 14 19 12 14 10 4 4 2 1 0 0 0 0
0 0 0 0 0 0 1 1 2 2 4 5 12 7 12 19 7 13 20 9 14 31 21 64 41 38 12 8 6 2 1 0 0 1 1 1 2 1 2 2 4 9 16 37 25 31 48 53 50 61 74 76 48 47 37 44 70 56 38 17 28 16 15 10 11 5 13 27 21 28 24 17 33 56 28 61 83 80 72 70 73 47 26 23 18 6 5 4 4 3 0 0 0 0 0 0
0 0 0 1 1 1 1 1 2 3 4 6 11 17 11 26 11 11 29 24 25 45 25 51 54 20 7 4 1 1 1 1 1 1 1 2 2 2 2 5 6 7 15 28 52 37 30 45 48 65 64 66 67 61 42 31 41 59 40 22 27 21 23 19 21 9 7 21 26 28 35 37 40 31 28 27 54 62 70 51 32 27 22 18 10 7 5 3 2 1 1 0 0 0 0 0
0 0 0 1 1 1 1 2 2 3 6 9 12 18 21 44 15 14 32 36 35 51 76 46 27 23 14 6 3 2 3 2 2 1 1 2 2 3 4 5 6 11 17 25 32 57 41 40 52 59 67 57 64 68 51 32 21 46 43 30 17 17 21 21 18 16 12 27 23 23 36 37 71 53 45 35 28 16 43 48 39 16 13 9 11 6 2 1 0 0 0 0 0 0 1 0
0 0 0 1 2 2 1 3 2 4 11 11 12 15 47 47 22 25 27 40 40 59 75 25 37 25 9 7 8 7 9 8 3 2 1 2 2 4 8 4 8 18 28 33 30 50 39 66 54 67 60 80 56 36 39 28 49 19 15 60 18 14 31 26 13 10 21 41 23 20 32 56 79 60 46 39 35 32 25 32 34 21 11 11 9 5 2 1 1 0 0 0 1 1 1 1
0 0 0 2 2 2 1 4 5 6 14 13 28 27 31 44 55 38 46 35 54 52 82 69 37 18 17 17 12 15 15 12 4 2 1 1 3 7 4 9 15 19 36 49 58 48 66 29 16 31 61 36 49 41 50 33 13 12 11 16 28 8 23 15 6 11 39 15 21 24 16 22 14 30 43 34 34 36 26 21 20 11 13 11 11 9 5 6 2 1 0 1 1 1 2 1
0 0 0 2 3 5 2 5 9 9 9 17 13 38 43 25 24 64 47 48 44 67 73 47 35 26 25 25 27 44 15 6 3 3 3 1 2 3 14 13 18 26 29 57 42 65 57 51 39 53 55 14 56 62 57 24 31 23 16 9 30 8 14 11 5 7 13 41 34 14 32 56 47 54 52 43 35 38 36 39 27 20 17 14 11 12 11 2 2 1 0 1 1 1 2 0
0 1 1 3 4 6 3 3 6 14 19 26 15 14 30 56 28 20 70 70 43 64 75 51 53 26 48 63 40 16 9 8 6 3 2 1 1 2 5 12 16 38 46 37 27 46 47 63 65 63 47 41 57 66 70 62 45 17 13 12 21 13 9 10 5 7 23 15 9 12 30 36 40 44 53 56 38 35 24 28 13 9 10 24 19 15 6 2 1 1 1 1 1 3 2 1
0 1 3 3 5 5 7 6 8 6 11 30 12 11 29 46 55 49 15 37 49 68 55 47 40 61 40 19 20 12 11 11 7 2 3 1 3 4 9 9 7 22 28 22 33 42 48 44 65 59 60 52 72 69 57 48 21 33 8 11 13 19 3 7 8 7 5 20 30 33 23 42 54 49 48 53 34 30 19 28 36 23 36 22 18 8 7 3 1 2 2 2 4 4 3 2
1 2 3 3 5 10 9 16 13 12 9 19 44 15 36 37 45 64 47 22 37 70 30 53 76 36 31 28 24 24 15 6 3 3 4 2 3 6 10 9 14 24 23 17 36 49 28 24 48 49 29 22 36 34 39 19 29 17 26 5 9 17 4 6 22 30 17 30 47 28 48 53 61 66 66 66 49 33 36 35 40 29 36 19 16 12 4 2 2 2 2 3 5 8 2 1
1 3 4 2 4 16 22 18 17 15 30 19 29 55 31 37 50 24 68 40 39 40 78 62 48 50 48 44 36 28 13 5 3 3 8 3 3 7 14 20 21 29 39 38 38 28 37 44 32 28 30 24 23 29 22 28 23 18 19 18 4 3 9 23 31 12 22 27 44 32 56 45 47 64 67 53 42 49 40 38 43 38 23 23 15 6 2 2 3 3 5 5 7 7 3 1
2 5 5 4 5 14 14 28 36 18 29 37 39 44 61 36 54 32 26 57 31 35 72 70 62 51 43 45 38 18 15 11 7 3 6 2 3 5 11 25 30 35 24 41 36 45 37 38 43 44 37 26 28 30 34 27 14 12 13 12 8 4 10 5 6 24 26 39 20 28 48 43 51 43 52 72 43 39 22 19 20 21 31 22 12 7 3 2 4 4 6 4 15 5 3 3
2 4 7 5 7 9 16 20 23 35 46 41 42 46 68 66 34 28 35 32 63 66 75 62 64 67 57 52 41 27 16 14 8 4 8 2 2 6 12 23 30 50 44 50 49 49 46 59 39 40 40 30 18 28 21 39 29 10 3 3 5 5 7 7 7 7 4 3 7 41 27 34 48 47 48 42 29 13 12 29 41 35 12 22 22 13 4 6 5 7 6 5 18 5 4 4
3 7 11 11 13 10 12 25 32 34 54 57 57 49 62 66 50 49 39 42 37 67 70 66 47 58 51 49 30 35 26 16 12 9 12 2 7 11 15 18 13 41 54 56 50 57 59 46 42 53 58 48 20 27 30 30 13 12 5 2 3 3 8 3 8 10 14 20 16 21 22 25 29 25 45 20 22 25 16 51 44 19 26 22 19 24 9 13 11 6 6 3 11 7 6 4
5 7 24 15 19 19 17 30 37 40 43 58 57 53 73 52 58 66 51 41 40 59 55 52 47 54 53 48 41 24 21 20 23 17 4 1 7 17 25 31 27 42 59 47 49 55 44 34 46 69 61 52 50 25 32 23 16 12 6 6 5 4 6 4 12 19 36 38 26 30 30 37 31 20 21 26 37 50 29 47 42 37 28 22 16 16 19 16 7 8 7 2 8 14 2 3
7 5 18 27 22 22 19 35 43 44 44 46 62 67 70 64 53 71 50 35 42 80 56 71 51 54 60 58 44 29 35 31 21 11 6 3 4 13 34 50 45 51 45 62 50 52 45 34 43 36 32 28 40 32 15 13 11 9 6 7 11 4 6 7 17 22 28 35 37 18 34 23 13 17 20 51 43 53 58 18 36 32 36 37 23 18 34 21 10 10 6 6 10 9 3 5
8 7 15 35 36 26 33 41 43 48 53 43 57 69 69 57 54 43 53 35 43 66 63 74 59 53 50 44 45 34 48 28 19 11 11 6 8 16 30 42 65 69 65 49 61 37 35 48 37 27 25 30 33 28 46 28 8 6 7 7 5 5 6 7 8 8 27 40 23 12 14 24 24 36 32 58 55 57 39 45 36 22 42 33 23 29 29 14 19 9 5 6 21 7 5 8
13 31 25 31 41 31 25 44 47 46 58 45 23 34 72 75 68 49 45 63 42 77 78 49 57 64 39 43 35 43 38 32 26 8 10 7 9 27 29 39 38 57 55 65 56 57 32 52 58 28 40 45 39 31 35 15 11 7 9 4 3 5 8 8 13 12 36 9 15 5 21 34 51 31 38 58 37 42 54 45 13 19 40 41 45 33 20 12 19 14 6 8 17 15 11 10
15 22 41 46 46 32 31 46 45 45 46 55 47 46 54 70 63 31 40 67 38 76 63 63 59 44 24 44 37 43 51 38 35 17 11 8 10 29 31 45 62 50 37 63 39 47 53 34 50 42 58 55 38 35 29 13 10 7 4 7 3 4 13 11 5 20 14 11 33 27 44 37 37 51 38 25 42 61 32 15 15 38 54 43 39 40 19 16 12 11 17 11 9 28 14 13
27 35 39 49 49 38 46 47 49 47 31 49 47 58 57 61 62 62 70 73 70 72 60 58 51 59 50 49 57 35 49 51 35 24 24 8 12 29 53 49 56 52 52 56 53 42 50 22 42 39 49 39 29 26 27 19 17 10 7 4 4 9 2 6 6 12 13 24 25 24 20 39 59 60 41 35 61 47 44 34 32 37 15 20 39 42 21 16 13 19 19 12 9 45 18 24
30 38 34 41 14 30 59 40 52 56 44 44 55 60 51 62 47 70 66 75 69 61 69 50 46 58 69 67 37 49 42 48 44 24 21 9 10 35 38 50 50 43 63 56 53 40 26 55 41 66 34 38 26 32 24 35 13 9 8 2 2 7 15 17 5 9 15 29 35 21 18 47 71 62 37 60 52 33 38 75 62 25 30 45 29 23 25 11 14 22 22 15 21 50 41 31
34 25 14 10 9 16 57 40 25 33 43 32 34 54 73 70 39 37 67 56 68 64 69 69 31 53 72 48 41 46 34 57 54 42 17 3 9 25 33 53 46 44 52 63 66 61 29 23 10 13 43 46 20 22 27 22 22 8 6 3 3 9 10 13 10 11 14 13 32 25 26 49 73 36 44 61 54 13 51 48 33 47 63 49 33 27 22 8 24 24 25 17 35 74 47 26
36 39 30 30 28 22 34 56 21 25 22 46 36 45 68 59 66 38 53 66 65 75 75 74 55 33 56 59 52 34 61 48 49 36 18 7 7 14 37 59 29 47 66 66 62 43 37 35 31 30 24 29 47 23 10 8 7 4 4 2 3 4 2 5 8 7 11 6 11 16 46 39 46 60 36 34 26 24 42 37 39 58 54 37 25 10 8 7 18 24 25 21 43 60 49 16
50 38 44 42 28 32 29 32 39 36 31 61 41 45 42 47 66 70 62 78 77 68 72 57 31 39 51 46 45 49 60 53 30 28 32 15 11 8 26 38 14 27 35 34 35 32 32 25 60 53 36 31 21 14 15 9 6 11 2 1 1 3 3 8 12 14 8 5 28 26 16 27 17 33 28 25 14 55 44 59 40 37 25 25 25 14 11 19 20 31 30 36 41 63 22 17
33 35 42 38 44 28 24 43 61 61 27 25 55 53 27 28 23 44 74 71 44 37 42 51 54 17 47 51 34 64 48 45 43 29 36 17 23 8 18 39 47 21 30 37 22 29 12 7 17 25 17 54 33 25 11 2 1 1 2 1 1 5 2 6 10 12 5 21 25 16 19 22 28 27 12 24 43 57 63 38 35 36 39 42 26 14 11 23 33 34 32 28 52 64 51 18
35 56 43 44 45 43 32 47 61 48 47 31 23 42 55 28 50 39 29 62 41 53 58 61 48 36 50 34 34 63 52 52 37 18 31 17 20 13 7 23 33 55 47 31 26 34 32 15 21 33 42 42 22 17 16 9 5 3 2 1 1 1 3 4 5 5 11 26 34 28 20 21 17 11 37 41 38 50 50 35 28 34 39 28 23 20 14 29 39 26 38 33 20 40 57 27
41 42 42 35 42 61 33 46 49 54 47 40 51 37 21 54 53 36 38 63 65 26 25 38 33 56 51 65 37 38 55 41 31 46 25 14 19 25 11 29 41 57 62 25 28 48 32 12 26 33 19 31 18 20 14 7 6 6 3 2 1 3 1 3 4 7 11 5 8 8 13 10 33 42 27 29 27 27 28 27 19 26 29 33 31 16 16 22 44 27 44 30 32 30 47 29
39 39 58 41 50 58 25 39 52 59 53 45 48 50 63 44 65 74 49 62 60 31 36 41 47 69 63 73 44 45 47 46 52 27 19 12 13 40 17 17 33 48 34 37 42 49 10 5 48 69 25 25 23 10 8 5 7 4 2 1 1 2 1 2 3 3 3 6 12 16 22 27 17 23 17 9 15 29 26 23 33 50 29 27 30 15 27 28 45 27 33 10 5 15 39 59
39 45 58 56 48 44 25 38 54 61 55 44 36 32 53 69 45 35 60 59 35 24 34 30 57 51 71 54 51 69 63 54 33 31 13 5 5 43 19 17 19 33 31 28 37 36 2 14 25 29 48 31 16 5 3 2 1 1 2 1 1 2 1 0 1 1 2 7 20 42 44 44 22 16 12 16 51 39 29 29 44 34 34 43 13 17 31 38 28 22 9 8 19 25 28 44
44 28 32 56 45 56 44 19 50 52 57 44 47 32 46 36 64 36 35 40 25 35 39 41 36 60 48 65 67 75 57 58 44 39 29 4 21 40 16 18 27 15 25 31 31 24 6 16 15 17 28 18 25 17 12 4 1 3 3 2 1 3 0 1 1 2 7 18 16 18 28 14 10 12 24 36 42 34 24 53 46 40 42 18 17 33 55 25 9 7 13 29 23 55 41 42
42 13 36 52 60 53 53 33 21 42 54 31 42 41 53 54 46 42 45 41 18 40 73 46 44 48 31 43 51 55 56 57 37 23 24 12 25 19 28 19 32 29 26 32 41 30 18 13 11 15 15 26 13 16 9 5 2 3 4 5 2 2 1 1 1 6 4 11 12 8 19 23 18 34 32 38 43 41 40 54 41 27 18 12 35 46 15 7 9 17 19 42 43 47 51 43
38 19 22 15 44 53 62 38 8 22 45 30 43 34 67 60 45 16 29 38 21 47 53 43 38 18 45 54 55 50 54 42 45 36 21 19 20 14 21 15 6 26 21 35 34 36 40 51 38 32 26 39 24 11 5 2 4 2 3 5 4 1 1 1 5 8 3 6 5 7 10 30 43 53 31 21 54 53 36 31 22 30 9 27 33 16 4 17 19 28 33 38 40 54 54 46
49 33 40 12 46 62 58 35 11 7 9 34 48 27 37 51 31 35 42 47 36 20 43 45 31 27 51 57 51 44 37 33 44 34 31 30 33 11 27 19 9 11 19 24 32 24 17 15 14 14 10 22 8 4 5 12 11 3 2 1 1 0 1 3 4 5 3 3 6 4 11 31 42 43 38 33 54 55 43 37 25 13 24 29 17 5 13 31 28 28 35 33 41 39 42 42
59 28 43 14 20 50 38 20 14 13 14 17 25 56 48 43 37 26 27 46 31 42 51 34 33 49 32 46 53 46 32 40 32 20 34 34 22 19 17 28 18 12 17 17 22 22 31 22 16 26 33 22 9 6 2 8 11 4 3 3 2 3 1 2 3 3 2 4 6 8 13 28 37 44 33 28 31 32 49 22 14 14 26 9 11 30 31 30 32 30 32 28 23 20 26 45
48 27 40 21 15 51 39 40 28 28 18 21 31 40 56 60 64 46 30 30 25 24 31 45 54 44 58 64 52 33 35 38 23 19 54 35 22 25 19 9 9 14 14 27 23 26 32 20 29 21 24 11 17 11 3 6 23 7 2 3 2 1 1 1 1 4 2 4 7 7 9 20 39 36 40 15 25 46 38 40 36 19 8 13 17 22 20 41 41 27 34 31 26 16 24 10
37 29 43 32 23 32 20 45 23 22 26 20 30 27 24 33 42 43 36 34 35 16 23 53 48 55 45 39 47 39 39 37 35 20 45 32 31 20 36 12 26 28 9 15 29 39 39 28 25 34 17 10 20 6 5 9 9 5 3 2 1 1 1 1 2 4 12 7 3 3 14 11 14 24 22 18 37 55 70 41 22 12 4 14 8 42 32 30 33 37 55 53 24 22 29 9
51 29 41 32 18 17 12 30 38 28 27 29 25 27 22 35 33 28 11 19 27 13 36 45 50 34 47 51 41 37 33 34 29 37 47 31 43 57 22 16 17 17 20 16 38 22 30 28 24 19 31 22 12 7 13 9 18 5 4 3 1 1 1 1 1 2 11 8 4 5 9 10 21 27 14 52 51 42 43 37 18 5 10 25 20 27 40 23 35 44 42 48 25 18 23 10
54 31 56 33 15 17 31 20 52 25 41 37 20 14 22 19 17 28 18 20 9 26 21 25 29 29 46 44 28 36 34 17 28 36 27 53 29 57 34 17 32 14 30 18 31 43 30 28 20 26 28 14 9 16 14 10 8 6 3 4 3 2 1 0 1 4 7 8 6 11 7 6 17 19 48 46 23 31 29 38 20 12 16 29 49 32 29 44 40 37 35 27 24 17 17 8
51 30 58 36 13 11 56 32 33 25 29 41 20 23 21 21 18 29 20 19 5 10 6 8 17 20 53 56 49 33 20 18 29 49 38 21 37 35 29 19 30 8 26 10 19 34 43 30 24 34 17 30 7 10 15 15 12 4 4 5 2 0 0 1 1 1 2 6 11 8 7 15 29 46 37 21 19 57 36 25 19 13 30 21 47 46 27 39 36 37 30 19 29 16 13 5
58 28 47 21 13 18 30 32 25 53 45 28 31 19 21 22 27 26 28 23 5 7 12 29 35 39 38 40 41 26 16 16 44 34 38 33 53 28 21 19 30 8 23 17 21 30 46 34 22 29 31 26 11 5 11 13 8 3 2 3 4 1 0 1 1 1 1 4 6 6 9 15 21 18 28 20 21 45 29 9 9 18 38 35 34 42 16 27 49 49 24 16 29 8 13 11
60 30 51 22 14 18 19 54 27 51 60 51 25 14 14 18 44 27 7 18 3 10 13 23 13 19 19 35 23 15 25 18 62 46 43 41 41 20 14 38 20 15 15 46 42 32 34 29 38 34 22 16 17 11 10 6 10 5 2 1 1 1 1 1 1 1 1 2 8 7 7 6 15 16 29 26 35 40 35 12 7 30 39 41 38 34 13 24 37 39 15 16 13 17 18 18
70 54 20 31 17 14 33 52 36 25 52 45 41 10 25 40 25 25 17 12 8 6 9 8 9 15 34 22 28 24 22 33 13 24 11 27 24 16 9 34 16 12 3 18 66 35 24 36 37 30 26 17 14 10 22 17 13 8 2 1 1 1 2 1 1 1 1 3 7 3 10 11 16 15 27 40 28 35 29 18 14 36 29 23 31 20 26 27 18 20 32 17 13 26 18 13
53 28 19 27 18 13 53 47 49 20 13 31 48 10 18 15 12 20 12 14 4 3 11 20 21 19 12 32 31 14 49 18 26 21 32 27 18 23 12 28 11 23 9 13 44 55 32 30 36 32 28 24 13 14 9 6 9 3 3 2 1 0 2 1 1 1 1 2 6 8 20 28 32 28 39 57 9 47 29 24 21 20 25 13 21 15 27 46 25 13 28 17 14 17 22 16
49 26 12 31 24 19 37 7 28 45 10 14 43 28 8 14 10 16 8 7 6 12 23 12 14 17 20 36 24 19 25 33 39 60 38 25 43 20 22 31 13 13 16 18 31 35 24 59 28 25 19 22 22 13 4 4 8 6 3 3 2 1 1 0 0 1 1 1 3 6 12 17 32 50 36 17 25 45 34 16 11 16 39 13 24 26 29 20 32 17 11 22 25 19 9 14
51 12 21 30 18 19 30 6 7 8 25 45 23 40 10 12 7 8 4 8 6 5 6 13 11 13 15 27 25 45 19 24 43 27 16 41 20 13 29 20 27 29 23 24 31 34 22 25 39 15 10 9 15 20 6 4 5 3 2 2 2 1 1 0 0 1 2 2 4 7 8 21 29 16 25 20 32 22 13 8 9 29 30 30 18 23 25 16 16 16 24 13 12 20 6 6
59 15 19 35 18 33 36 16 7 7 22 39 50 39 15 7 11 8 12 3 2 4 10 15 7 6 18 40 27 21 15 38 17 23 48 14 13 21 30 17 30 24 21 37 41 48 33 17 15 22 11 9 15 19 12 6 4 1 1 1 1 1 0 0 0 1 2 3 4 11 14 34 30 16 8 20 38 13 13 11 14 24 31 28 15 21 19 19 7 26 16 21 10 7 3 2
42 17 19 39 11 30 47 29 12 11 7 26 20 26 38 5 7 8 6 8 7 5 3 6 2 7 26 30 33 9 33 13 10 40 32 15 21 26 39 26 7 36 32 35 50 46 30 9 17 28 22 7 4 7 10 10 3 2 1 1 0 2 1 1 1 5 11 6 3 5 20 32 25 12 6 27 27 17 14 11 13 19 22 26 17 18 7 17 11 17 18 6 13 5 5 8
29 15 16 35 10 28 35 14 9 9 16 14 11 10 15 14 3 5 6 2 2 2 2 2 4 7 51 20 21 10 41 23 9 49 23 14 24 47 36 21 13 34 36 49 20 43 25 21 11 10 16 16 5 4 4 11 4 2 1 1 0 1 1 1 3 7 6 13 15 20 29 40 27 6 10 28 19 8 9 10 16 14 23 12 16 14 6 10 14 9 17 5 4 15 8 6
50 19 35 20 7 39 21 8 13 9 24 8 18 12 9 6 4 1 3 1 5 10 5 2 2 5 28 11 7 22 18 13 25 31 27 11 19 48 51 21 14 28 25 45 40 36 17 17 15 7 5 5 9 6 3 1 3 1 1 0 1 1 1 7 18 26 37 32 43 57 38 39 22 6 31 44 15 8 8 16 13 15 25 13 26 18 4 7 12 7 9 4 4 2 5 6
49 33 7 7 8 23 10 11 13 14 15 17 12 16 4 4 3 1 3 2 4 6 2 3 2 8 13 5 23 6 12 29 29 16 14 26 25 57 49 18 15 28 23 30 30 20 20 28 13 13 8 3 10 7 3 1 1 1 1 0 2 1 1 4 4 3 23 39 46 65 65 41 7 17 33 48 19 2 7 32 14 27 13 18 12 25 4 9 15 5 7 3 8 3 7 2
41 15 7 9 9 12 3 8 11 16 8 17 26 6 3 3 3 0 2 1 3 4 1 2 2 20 4 9 18 5 31 29 11 10 23 25 12 55 44 10 14 21 18 25 35 22 20 13 10 6 9 3 2 4 3 1 0 0 1 1 2 2 6 6 9 8 25 61 69 55 55 10 11 24 38 50 34 7 17 18 14 14 15 16 11 20 3 5 11 8 9 5 4 3 2 3
