sesion_6_simulaciones/modelos_agentes/ejemplos_netlogo/scenarios/echam4_b2/rob_2013.asc
NCOLS 322 
NROWS 307 
XLLCORNER 451900 
YLLCORNER 4086900 
CELLSIZE 100 
NODATA_value -9999 
[rows 150 to 224 of 307, columns 0 to 95 of 322]
29 14 29 55 52 72 68 37 48 46 33 27 80 82 80 53 83 70 74 78 67 51 49 40 58 40 14 19 12 16 17 31 26 35 46 42 22 30 30 34 20 17 30 50 64 45 31 25 19 17 16 18 17 14 21 13 20 21 25 26 39 57 28 29 56 61 70 69 46 14 43 23 18 21 33 7 8 2 1 2 5 4 2 4 2 1 6 2 1 1 1 0 1 1 2 1
9 16 29 19 21 21 18 22 27 26 42 21 45 69 64 53 74 73 71 48 20 28 51 70 74 56 36 18 17 8 6 17 73 49 66 69 82 39 24 36 62 40 68 67 28 22 13 24 15 11 22 20 19 15 17 13 32 37 40 41 63 61 56 44 56 70 63 43 66 33 14 36 35 9 9 2 6 11 4 1 2 3 3 1 2 1 1 5 2 1 1 0 0 1 1 1
63 36 23 21 30 34 34 39 40 44 32 44 21 19 16 14 16 21 24 35 30 70 79 70 81 62 80 39 37 45 21 33 47 15 4 4 36 74 31 18 42 41 45 46 36 49 50 58 31 15 24 23 28 19 7 17 25 59 40 64 58 64 71 86 82 69 63 34 28 74 27 20 13 13 5 1 2 2 8 4 2 2 3 2 1 1 1 1 4 1 1 0 0 0 0 0
69 55 52 44 47 31 46 38 16 30 57 39 32 43 29 27 12 33 49 61 87 73 85 67 72 54 52 57 30 65 52 12 6 11 19 3 15 21 51 19 13 76 28 34 37 26 13 21 39 24 35 40 34 21 9 10 20 49 72 60 76 63 74 73 70 65 52 15 20 52 55 28 12 6 7 3 2 2 3 2 3 1 1 2 1 1 1 1 5 2 0 0 0 0 1 1
81 63 80 63 61 69 76 36 37 30 27 33 40 61 53 24 14 25 60 65 73 86 75 85 73 77 79 76 45 52 71 70 33 9 21 21 41 37 36 53 12 57 48 31 44 9 16 22 12 28 38 47 53 36 34 14 23 48 63 67 51 33 64 65 59 47 41 28 15 26 57 10 9 4 3 1 3 1 2 5 1 2 2 1 1 0 1 0 1 1 1 0 0 0 0 0
74 66 81 64 68 63 50 64 34 32 37 26 72 48 30 48 33 20 21 58 70 62 63 71 48 62 75 73 42 16 41 73 83 64 55 30 37 45 44 53 30 47 78 44 43 27 13 12 14 18 15 15 26 8 10 29 29 57 44 25 22 19 20 33 33 11 15 8 20 30 24 20 7 4 4 1 1 2 2 3 2 1 1 1 0 0 0 0 0 0 1 1 0 0 0 0
54 65 72 81 82 56 38 83 39 24 41 40 41 38 60 58 44 57 38 23 22 52 62 24 46 69 58 84 57 20 18 21 56 76 63 52 41 38 33 46 37 43 80 34 46 46 33 41 42 42 39 37 23 19 29 21 40 71 58 53 49 37 15 7 3 9 7 10 6 11 11 18 18 5 2 1 1 1 2 2 2 3 0 1 0 0 0 0 0 0 0 0 1 0 0 0
65 80 67 85 71 38 70 83 50 48 60 39 64 79 57 43 61 47 32 29 34 27 17 49 50 27 43 73 79 48 36 22 20 69 55 59 68 67 64 73 65 47 72 82 58 54 59 58 57 56 64 64 37 55 58 25 28 44 60 41 33 16 8 11 9 2 1 4 11 11 10 13 4 4 2 1 1 1 2 1 1 1 1 0 0 0 0 0 0 0 0 0 0 0 0 0
45 79 46 79 52 68 74 73 29 58 65 45 30 25 40 41 49 70 60 71 38 25 33 19 31 32 53 84 51 83 41 49 45 58 27 53 57 80 70 55 62 35 52 74 86 61 54 52 71 58 53 45 38 60 62 34 44 74 74 70 33 38 36 22 14 5 4 5 6 5 5 6 4 2 2 0 1 2 1 2 1 0 1 1 0 0 0 0 0 0 0 0 0 0 0 0
23 68 54 69 62 70 68 34 41 68 68 57 55 31 30 17 21 28 25 63 41 21 26 21 63 72 69 73 41 74 76 31 30 37 55 68 59 85 89 60 58 30 28 67 81 80 75 60 67 40 25 30 61 59 56 50 45 33 30 27 20 31 39 26 22 11 8 7 4 4 3 3 2 2 0 1 1 1 0 0 0 0 0 0 0 0 0 0 0 0 0 0 0 0 0 0
22 21 16 48 63 65 30 31 73 48 64 77 66 49 42 43 48 43 45 23 27 45 39 16 50 54 66 75 71 45 83 78 35 18 28 72 69 61 63 63 71 28 27 65 84 87 67 60 63 60 48 32 78 48 83 87 85 78 79 68 42 19 21 15 12 8 8 7 4 2 2 3 2 2 1 1 0 0 0 0 0 0 0 0 0 0 0 0 0 0 0 0 0 0 0 0
25 62 39 28 19 38 34 75 78 52 50 67 53 58 33 44 41 40 44 27 28 30 31 14 56 70 62 84 77 57 71 82 74 39 31 9 25 55 42 24 36 27 21 79 82 82 69 74 69 72 89 93 80 55 43 77 78 40 39 55 46 21 27 16 11 6 4 6 3 1 1 1 1 1 1 1 1 1 0 0 0 0 0 0 0 0 0 0 0 0 0 0 0 0 0 0
62 63 49 61 46 20 45 78 70 74 15 52 65 66 74 46 57 33 31 24 23 12 29 49 75 54 81 87 70 70 45 60 73 44 41 23 51 71 79 78 57 51 37 58 79 66 61 90 63 68 83 82 92 70 51 82 85 61 39 23 55 46 12 26 11 7 3 3 2 1 1 1 1 1 0 0 0 0 0 0 0 0 0 0 0 0 0 0 0 0 0 0 0 0 0 0
50 48 64 47 34 13 36 59 40 75 31 40 69 53 69 55 29 51 44 57 56 50 12 33 49 62 77 79 52 77 54 71 56 55 49 59 54 66 73 64 12 51 62 39 19 44 58 83 68 57 76 72 74 82 40 56 67 86 56 28 31 17 14 10 11 12 8 4 2 1 2 1 0 0 0 0 0 0 0 0 0 0 0 0 0 0 0 0 0 0 0 0 0 0 0 0
29 30 21 32 45 38 14 69 30 24 28 44 54 18 38 55 34 45 37 60 57 35 25 9 28 68 62 73 50 77 52 52 45 29 37 45 63 53 53 61 58 42 22 22 10 15 52 79 63 32 43 63 72 79 70 74 75 66 75 27 15 15 11 11 9 6 7 2 1 2 1 0 0 0 0 0 0 0 0 0 0 0 0 0 0 0 0 0 0 0 0 0 0 0 0 0
30 45 50 43 23 18 14 23 28 28 52 48 57 55 26 39 39 53 25 18 26 55 31 12 6 12 16 44 43 19 7 7 6 12 12 9 40 22 23 37 40 34 37 19 6 15 58 66 56 43 32 22 42 70 65 55 41 36 54 50 12 6 8 7 6 5 2 2 1 0 0 0 0 0 0 0 0 0 0 0 0 0 0 0 0 1 1 1 0 0 0 1 1 1 1 0
49 30 22 20 31 23 21 10 12 12 27 56 53 59 17 18 22 55 57 41 25 19 28 7 15 22 21 17 10 15 22 18 23 20 36 12 8 7 6 8 6 19 17 10 12 22 50 57 60 41 32 25 6 26 24 28 25 35 15 25 16 6 12 9 6 2 2 1 1 0 0 0 0 0 0 0 0 0 0 0 1 1 0 1 1 1 1 2 1 1 4 3 1 2 1 0
37 38 43 63 48 46 32 24 30 33 39 9 12 17 26 41 32 13 52 54 41 16 12 3 13 45 48 36 26 28 43 48 19 43 16 11 12 14 16 13 10 6 12 17 29 35 50 49 60 44 29 12 12 7 11 25 9 4 3 12 5 5 4 2 3 1 1 1 1 0 0 0 0 0 0 0 0 0 0 1 1 1 2 3 3 6 6 3 2 4 1 0 0 0 1 1
44 43 55 43 31 42 44 26 44 61 16 24 41 38 27 44 12 17 17 15 22 10 8 6 17 22 46 41 55 25 47 42 33 33 18 14 20 40 17 40 24 11 7 9 13 21 32 36 33 36 21 31 23 13 13 12 10 5 6 6 11 7 3 1 1 1 1 0 0 0 0 1 1 0 0 1 0 0 1 4 9 6 6 15 12 10 9 4 6 5 1 0 0 0 0 1
58 69 66 65 36 29 34 34 48 58 32 31 48 45 45 28 31 24 31 27 17 18 16 8 19 22 28 51 24 35 45 49 47 30 20 18 17 39 20 47 31 23 23 7 6 5 18 15 48 50 25 18 36 14 5 14 14 16 11 6 6 2 1 1 1 0 0 0 0 0 1 2 2 1 1 1 1 1 5 9 18 34 10 28 12 8 5 5 4 3 1 1 0 0 0 0
22 20 23 18 26 30 49 60 63 46 47 19 39 52 24 11 16 15 18 14 8 6 5 9 17 18 23 29 46 47 39 33 21 26 16 6 23 21 41 54 36 32 49 24 27 13 7 13 11 35 20 24 14 5 4 8 8 5 3 1 1 1 0 0 0 0 0 1 2 1 3 5 5 2 4 2 1 3 13 16 45 24 12 6 3 0 0 2 1 1 0 0 0 0 0 0
35 45 34 46 45 48 37 57 43 37 19 21 32 49 56 47 41 18 13 9 12 4 4 13 48 42 26 27 47 27 18 28 54 28 13 6 20 13 49 21 56 37 51 40 24 12 15 14 6 17 21 13 5 6 4 3 7 2 1 1 0 1 1 1 0 1 2 5 5 5 6 11 5 5 6 4 3 8 21 34 36 15 5 3 1 0 0 0 1 0 0 0 0 0 0 0
30 24 25 50 65 34 40 51 43 45 40 32 50 30 57 45 32 52 38 22 43 15 19 12 38 61 40 60 23 25 35 18 38 34 14 9 12 20 26 15 29 32 46 47 19 27 17 9 9 10 9 10 7 5 4 3 1 0 0 2 2 3 3 3 2 2 6 8 17 22 13 21 19 14 8 11 18 27 31 33 20 22 5 2 1 1 0 0 1 0 0 0 0 0 0 0
37 34 47 63 46 47 40 50 53 45 61 62 57 47 33 27 55 50 32 34 33 20 42 25 30 56 71 47 27 24 14 12 9 7 16 22 5 8 34 39 45 49 43 29 35 25 20 17 9 10 10 10 12 6 2 2 1 2 3 7 6 6 12 7 4 10 12 17 32 22 26 35 47 15 15 23 36 44 52 22 5 3 2 2 1 1 0 0 0 0 0 0 0 0 0 0
30 32 49 55 28 62 46 47 65 66 75 70 63 65 43 17 16 26 27 33 13 28 61 36 43 33 60 75 49 61 42 31 23 24 41 48 16 22 41 57 51 14 19 29 20 23 11 9 12 15 12 19 9 5 5 3 4 5 11 12 12 12 18 12 9 17 26 18 47 46 35 62 44 30 35 59 43 42 10 44 14 10 2 1 1 1 0 0 0 0 0 0 0 0 0 0
30 35 56 40 33 23 31 39 28 36 53 68 45 47 57 23 28 22 20 17 18 60 63 53 34 46 23 48 39 44 35 31 45 45 60 50 27 38 59 58 51 29 14 11 19 17 18 27 14 12 22 11 7 13 6 5 8 15 19 29 24 23 24 17 17 47 55 43 65 67 66 64 77 75 41 40 44 37 8 4 10 12 4 2 1 0 0 0 0 0 0 0 0 0 0 0
32 43 56 40 36 24 30 21 37 42 29 31 23 26 30 43 40 33 57 30 45 62 46 69 31 64 35 66 32 34 48 49 52 46 58 48 47 33 58 57 50 23 10 18 21 19 24 20 18 17 14 20 11 8 7 12 19 21 23 29 28 22 38 32 40 62 68 62 57 78 65 57 49 60 16 12 5 17 19 7 2 5 2 1 0 0 0 0 0 0 0 0 0 0 0 0
45 63 59 72 22 64 51 17 45 46 46 36 63 34 48 48 46 39 39 37 32 56 40 57 45 38 51 41 35 57 51 46 54 55 54 44 45 34 46 66 48 44 41 43 46 23 25 18 33 39 34 40 23 12 20 23 28 40 27 35 49 37 55 59 56 67 48 66 26 38 67 64 58 38 54 33 15 3 2 4 2 1 2 1 1 1 0 1 0 0 0 0 0 0 0 0
73 56 29 33 56 40 20 46 50 62 40 60 36 35 64 44 44 17 39 44 48 16 35 53 40 33 43 24 33 29 26 53 50 73 34 38 29 51 54 24 34 48 23 26 23 28 15 25 42 57 48 41 34 30 28 46 40 53 51 42 51 65 62 66 61 68 46 37 58 22 48 52 28 45 52 60 35 25 18 7 4 2 0 0 1 1 0 0 0 0 0 0 0 0 0 0
50 78 47 43 19 36 30 47 49 60 64 31 36 56 57 64 62 24 32 58 44 36 14 27 47 17 42 32 30 21 22 56 60 42 30 39 32 37 67 42 29 40 21 63 32 25 40 24 54 64 51 45 43 39 36 41 63 57 57 70 74 82 74 55 61 27 33 23 23 24 14 31 14 20 40 46 45 60 31 14 11 12 7 3 0 0 0 0 0 0 0 0 0 0 0 0
29 29 25 21 49 61 37 46 61 71 61 35 45 34 21 22 17 20 31 46 62 36 37 19 35 28 31 19 22 37 45 59 44 37 39 24 42 57 68 52 32 33 42 70 29 54 35 42 56 77 49 49 50 44 46 50 70 77 64 72 83 58 39 65 65 53 32 13 8 2 4 4 6 6 19 26 21 29 34 14 26 11 6 1 1 1 0 0 0 0 0 0 0 0 0 0
30 25 42 36 35 55 61 42 34 66 30 31 44 43 65 29 48 29 42 28 47 43 38 37 27 43 55 26 33 34 57 38 39 51 17 18 27 71 47 42 28 43 50 63 52 53 52 58 71 67 50 65 55 52 66 53 72 84 84 62 68 70 28 16 13 19 19 29 17 10 3 2 1 2 5 12 9 21 40 7 11 22 5 2 1 0 0 0 0 0 0 0 0 0 0 0
30 62 45 29 22 35 44 41 38 27 40 33 39 60 45 37 41 55 41 37 29 68 41 59 32 47 73 33 31 47 26 27 63 44 32 57 44 79 21 16 30 58 61 67 66 49 52 55 69 50 74 75 60 64 62 60 66 71 73 50 48 55 30 26 52 65 65 39 31 16 9 10 2 1 1 5 4 13 26 14 5 4 3 2 1 1 1 0 0 0 0 0 0 0 0 0
39 57 44 37 33 39 48 61 29 18 35 36 51 35 42 42 34 63 47 30 29 38 44 34 26 53 63 43 50 47 33 45 61 37 20 37 39 57 40 36 43 60 81 81 56 55 71 64 68 63 78 79 62 80 71 84 71 66 75 45 34 15 56 49 18 40 54 40 43 37 28 11 3 2 1 1 1 2 11 3 2 1 0 1 0 0 0 0 0 0 0 0 0 0 0 0
64 22 32 51 19 40 37 14 20 11 18 16 22 37 55 36 21 33 65 42 40 26 26 38 21 46 43 45 61 51 17 23 30 44 43 29 65 52 35 44 55 69 81 90 85 81 70 80 72 42 78 58 83 73 69 73 39 50 71 77 29 24 15 69 26 17 28 42 30 24 37 30 26 6 3 1 0 0 0 0 0 0 0 1 1 0 0 0 0 0 0 0 0 0 0 0
15 20 38 30 30 20 20 8 8 34 53 9 19 28 26 37 37 37 56 49 47 46 45 44 17 21 39 42 29 20 7 11 10 69 70 71 82 85 89 85 83 89 78 87 82 89 81 46 73 71 49 44 57 60 62 63 37 65 71 57 52 32 11 34 59 16 4 12 31 46 28 21 6 4 5 3 1 0 0 0 0 0 0 0 0 0 0 0 0 0 0 0 0 0 0 0
13 24 26 17 16 11 30 62 76 38 42 65 63 19 18 39 21 26 37 16 31 16 18 20 24 18 35 41 63 17 7 26 25 13 34 71 79 80 85 85 75 80 79 75 81 87 84 58 46 48 82 60 27 47 20 24 24 63 80 60 41 31 19 13 73 23 18 6 12 22 45 5 2 3 3 5 2 2 1 0 0 0 0 0 0 0 0 0 0 0 0 0 0 0 0 0
28 31 36 47 44 56 68 58 53 55 60 38 53 39 32 23 14 17 15 18 8 12 38 59 74 73 40 20 48 23 8 51 53 30 34 38 42 72 73 84 70 48 64 63 68 83 88 87 46 45 60 62 42 18 33 11 31 42 66 61 15 20 15 7 65 36 10 7 4 29 31 43 8 4 2 1 1 0 0 0 1 0 0 0 0 0 0 0 0 0 0 0 0 0 0 0
47 57 45 76 64 67 71 77 78 72 59 54 71 48 43 18 15 18 8 17 14 12 7 16 33 52 60 51 24 28 22 23 50 47 15 28 46 55 61 70 72 46 29 45 59 78 85 80 86 81 34 42 33 26 11 9 15 33 50 56 13 13 14 10 27 72 29 10 4 1 2 7 2 2 1 3 2 1 0 0 0 0 0 0 0 0 0 0 0 0 0 0 0 0 0 0
40 63 65 76 76 70 79 66 82 70 51 79 76 53 80 70 68 44 19 5 6 7 6 7 10 19 29 54 16 13 19 21 50 40 53 42 25 25 15 11 54 63 30 41 37 46 61 59 78 83 76 42 36 45 20 21 11 32 49 41 41 9 17 10 5 53 71 27 11 2 1 1 6 3 1 1 1 2 0 0 0 0 0 0 0 0 0 0 0 0 0 0 0 0 0 0
17 23 45 71 80 69 85 84 80 78 71 79 62 80 88 82 68 51 67 34 23 13 18 17 19 36 54 34 17 23 22 42 63 51 50 57 45 40 31 26 19 30 25 26 17 33 61 40 54 69 81 43 26 22 25 19 3 19 34 34 33 16 8 7 3 28 48 45 13 7 1 0 3 8 2 0 0 0 1 0 0 0 0 0 0 0 0 0 0 0 0 0 0 0 0 0
31 26 34 70 73 77 78 63 54 79 89 70 84 84 85 76 65 74 66 64 51 12 26 36 51 77 71 29 12 23 29 30 39 51 36 47 49 50 54 32 19 19 16 13 20 25 36 32 10 43 61 68 20 12 15 6 4 3 11 16 46 36 4 3 8 13 14 37 5 6 3 0 1 2 1 1 0 0 0 0 0 0 0 0 0 0 0 0 0 0 0 0 0 0 0 0
23 20 21 23 21 22 46 50 47 16 36 79 92 84 81 56 60 83 72 63 73 29 30 19 15 23 58 72 33 12 26 25 41 57 47 38 49 48 61 39 42 49 35 24 15 7 30 31 21 13 31 47 27 8 3 2 7 2 4 12 11 8 5 3 3 5 3 29 4 4 2 2 0 1 1 1 1 1 1 0 0 0 0 0 0 0 0 0 0 0 0 0 0 0 0 0
18 31 40 66 44 51 72 45 42 31 37 19 62 87 86 69 69 75 60 64 53 78 52 45 41 26 13 20 30 18 7 29 38 62 38 41 25 32 55 46 40 32 22 20 28 20 17 4 13 31 13 16 3 4 2 4 3 5 3 3 8 10 6 3 1 1 1 10 14 2 1 1 1 0 0 0 1 0 0 0 0 0 0 0 0 0 0 0 0 0 0 0 0 0 0 0
19 38 23 18 28 21 21 31 40 34 18 12 16 36 64 80 79 40 21 33 38 72 56 66 57 45 34 11 11 28 14 61 50 31 65 46 44 47 53 34 36 52 49 38 36 20 20 9 7 5 25 12 9 4 3 2 3 4 2 2 5 12 6 2 2 1 2 6 14 4 1 0 2 1 0 0 0 0 0 0 0 0 0 0 0 0 0 0 0 0 0 0 0 0 0 0
39 14 28 40 44 45 35 31 36 41 47 33 50 28 25 30 44 32 31 50 76 39 38 57 71 74 28 25 17 58 35 39 69 53 72 33 74 45 39 34 38 35 29 32 24 20 18 9 7 5 4 6 4 4 4 3 2 3 1 0 1 2 4 3 4 2 1 2 3 4 2 2 2 1 1 0 0 0 0 0 0 0 0 0 0 0 0 0 0 0 0 0 0 0 0 0
63 36 53 47 39 58 36 50 63 45 31 32 21 42 49 38 37 32 29 48 38 69 55 42 23 43 53 53 63 15 17 51 50 17 42 38 22 54 35 34 34 40 18 19 9 8 7 9 9 7 2 1 7 7 3 5 2 2 1 1 1 1 4 2 1 1 1 1 1 3 1 1 1 0 0 0 0 0 0 0 0 0 0 0 0 0 0 0 0 0 0 0 0 0 0 0
76 72 25 27 56 30 53 73 47 35 47 38 41 62 21 37 33 32 32 28 44 56 49 45 39 24 31 36 21 29 15 45 37 36 47 57 19 24 46 20 23 35 25 27 20 6 7 8 4 7 2 3 1 2 2 7 1 2 1 2 1 1 0 0 0 0 0 0 0 0 0 0 0 0 0 0 0 0 0 0 0 0 0 0 0 0 0 0 0 0 0 0 0 0 0 0
71 66 90 40 31 55 20 24 46 56 42 50 34 50 20 51 48 46 45 51 58 63 48 30 42 40 31 35 51 56 45 14 9 15 42 34 33 10 42 42 34 24 9 10 15 13 7 3 5 5 3 1 6 3 2 6 3 1 1 0 1 1 0 0 0 0 0 0 0 1 0 0 0 0 0 0 0 0 0 0 0 0 0 0 0 0 0 0 0 0 0 0 0 0 0 0
63 66 79 69 29 24 54 31 14 28 43 30 23 34 37 38 29 23 36 46 46 48 79 59 46 43 35 29 52 63 46 29 10 23 45 43 57 27 8 43 25 32 26 16 7 6 7 7 4 4 1 0 1 0 0 1 1 1 1 0 0 1 0 0 0 0 0 0 0 0 0 0 0 0 0 0 0 0 0 0 0 0 0 0 0 0 0 0 0 0 0 0 0 0 0 0
57 67 83 72 77 46 17 62 29 28 58 29 40 31 20 43 24 33 33 29 22 35 63 58 46 45 38 28 36 59 65 43 24 19 50 56 60 37 14 19 59 20 15 34 15 14 8 8 7 2 1 0 0 0 0 0 1 1 0 0 0 0 0 0 0 0 0 0 0 0 0 0 0 0 0 0 0 0 0 0 0 0 0 0 0 0 0 0 0 0 0 0 0 0 0 0
62 56 54 74 54 60 58 27 64 37 49 65 52 60 43 25 31 24 36 56 33 43 67 65 46 43 36 22 13 14 50 44 32 23 18 54 42 29 22 11 14 40 8 7 7 7 6 8 11 4 4 1 0 0 0 0 0 0 0 1 0 0 0 0 0 0 0 0 0 0 0 0 0 0 0 0 0 0 0 0 0 0 0 0 0 0 0 0 0 0 0 0 0 0 0 0
35 68 64 76 63 69 68 59 40 28 25 23 36 27 22 47 43 30 47 25 59 30 67 78 46 45 41 19 9 3 8 25 41 28 10 31 46 17 38 28 17 8 20 22 9 7 11 5 7 2 6 1 0 0 0 0 0 0 0 0 0 0 0 0 0 0 0 0 0 0 0 0 0 0 0 0 0 0 0 0 0 0 0 0 0 0 0 0 0 0 0 0 0 0 0 0
21 26 22 35 38 24 22 21 38 40 52 51 50 56 22 22 48 49 43 47 36 30 57 81 63 58 47 39 18 5 4 4 27 18 21 22 38 12 34 35 23 7 6 16 10 12 7 4 4 1 0 0 1 0 0 0 0 0 0 0 0 0 0 0 0 0 0 0 0 0 0 0 0 0 0 0 0 0 0 0 0 0 0 0 0 0 0 0 0 0 0 0 0 0 0 0
34 48 42 27 33 44 34 37 46 66 34 63 43 31 38 45 37 22 28 44 26 70 42 61 69 53 55 44 37 13 5 5 3 9 19 19 25 11 30 14 20 16 10 7 11 6 5 7 5 2 1 0 0 0 0 0 0 0 0 0 0 0 0 0 0 0 0 0 0 0 0 0 0 0 0 0 0 0 0 0 0 0 0 0 0 0 0 0 0 0 0 0 0 0 0 0
51 36 59 38 47 65 49 49 49 65 36 45 37 21 33 66 51 50 32 33 60 43 29 24 72 45 18 13 10 6 7 2 5 2 4 6 54 32 12 21 11 6 9 9 4 8 3 3 7 4 3 1 0 0 0 0 0 0 0 0 0 0 0 0 0 0 0 0 0 0 0 0 0 0 0 0 0 0 0 0 0 0 0 0 0 0 0 0 0 0 0 0 0 0 0 0
48 48 47 46 33 44 45 38 42 45 60 57 38 21 37 42 32 43 49 69 47 27 29 49 68 58 25 19 16 14 12 10 3 5 6 3 2 2 7 8 6 12 4 7 5 8 6 3 5 2 3 2 1 0 0 0 0 0 0 0 0 0 0 0 0 0 0 0 0 0 0 0 0 0 0 0 0 0 0 0 0 0 0 0 0 0 0 0 0 0 0 0 0 0 0 0
43 43 41 38 40 37 52 50 33 27 40 32 21 50 50 46 33 52 37 29 27 23 12 7 12 13 10 16 32 30 15 30 17 5 3 2 2 2 2 6 5 9 7 2 7 4 5 3 2 1 1 1 1 0 0 0 0 0 0 0 0 0 0 0 0 0 0 0 0 0 0 0 0 0 0 0 0 0 0 0 0 0 0 0 0 0 0 0 0 0 0 0 0 0 0 0
53 46 44 23 30 40 55 60 79 74 66 28 34 51 38 28 35 45 55 42 40 19 23 20 13 15 40 19 20 31 37 23 11 10 9 1 1 1 2 3 3 4 6 6 5 4 2 1 3 1 1 0 0 0 0 0 0 0 0 0 1 1 1 0 0 0 0 0 0 0 0 0 0 0 0 0 0 0 0 0 0 0 0 0 0 0 0 0 0 0 0 0 0 0 0 0
25 30 27 24 47 45 38 48 77 77 68 76 59 32 42 57 42 46 46 22 16 18 40 27 26 26 38 14 6 19 14 7 3 5 8 4 2 1 3 2 1 2 1 2 2 2 2 1 2 1 0 0 0 0 1 0 1 1 1 1 1 1 1 1 1 0 0 0 0 0 0 0 0 0 0 0 0 0 0 0 0 0 0 0 0 0 0 0 0 0 0 0 0 0 0 0
25 28 46 42 57 43 63 49 21 31 66 70 66 73 75 62 81 59 47 41 16 8 32 24 22 32 17 13 8 5 12 12 12 7 9 4 2 5 6 2 1 4 2 2 1 1 2 1 1 0 0 0 1 1 1 1 1 1 1 1 1 1 1 2 2 1 1 0 0 0 0 0 0 0 0 0 0 0 0 0 0 0 0 0 0 0 0 0 0 0 0 0 0 0 0 0
33 22 12 28 57 66 66 84 75 39 48 84 70 56 78 59 81 80 79 56 33 41 10 10 11 8 23 23 23 31 7 27 23 9 3 4 1 4 4 2 5 2 2 1 1 1 1 1 0 0 1 1 2 5 4 2 3 1 1 1 1 2 3 3 2 1 1 1 1 1 0 0 0 0 0 0 0 0 0 0 0 0 0 0 0 0 0 0 0 0 0 0 0 0 0 0
45 42 65 28 20 39 56 69 73 40 32 79 45 40 75 56 57 35 47 56 18 27 24 18 13 14 18 21 16 31 11 6 5 11 6 6 2 9 4 3 5 6 4 3 3 4 3 2 0 2 4 4 5 10 10 8 2 1 5 2 2 3 3 2 2 3 0 2 1 1 0 0 0 0 0 0 0 0 0 0 0 0 0 0 0 0 0 0 0 0 0 0 0 0 0 0
71 43 53 76 58 31 28 34 34 68 31 70 51 47 70 40 20 27 35 24 18 7 20 14 17 27 23 9 6 15 9 5 2 1 2 2 7 9 4 2 14 14 5 12 8 3 2 1 1 3 9 9 10 32 8 5 4 1 10 3 3 3 5 6 3 2 1 2 1 0 0 0 0 0 0 0 0 0 0 0 0 0 0 0 0 0 0 0 0 0 0 0 0 0 0 0
81 79 52 68 78 83 70 38 21 19 46 75 63 34 66 37 35 26 32 25 11 7 23 10 25 19 17 14 10 7 3 4 4 6 7 4 10 2 3 6 15 15 19 18 7 2 1 2 4 3 9 22 39 13 6 8 7 3 18 5 12 3 6 3 2 8 3 1 2 1 0 0 1 1 0 0 0 0 0 0 0 0 0 0 0 0 0 0 0 0 0 0 0 0 0 0
72 81 80 71 70 84 69 84 57 17 37 64 15 25 47 43 37 15 39 7 8 6 12 7 36 20 9 6 5 1 1 5 7 4 12 4 16 3 10 10 29 30 31 7 6 3 3 7 13 11 11 30 32 14 15 25 16 7 29 21 7 9 6 9 14 6 3 2 1 0 0 2 1 0 0 0 0 0 0 0 0 0 0 0 0 0 0 0 0 0 0 0 0 0 0 0
58 80 80 84 75 70 79 80 65 37 34 31 39 16 43 35 28 17 12 7 7 6 19 11 15 12 9 20 12 10 12 12 6 3 3 9 27 10 13 21 44 40 20 9 4 6 7 23 38 24 18 38 28 16 25 45 12 23 26 20 23 5 9 28 21 7 4 1 2 2 1 1 0 0 0 0 0 0 0 0 0 0 0 0 0 0 0 0 0 0 0 0 0 0 0 0
20 69 81 67 75 36 55 63 61 57 46 56 37 13 42 66 38 17 18 11 5 9 17 9 8 8 14 4 6 6 2 4 3 9 26 17 33 14 14 25 47 23 8 3 7 19 20 23 57 39 45 46 20 41 55 40 13 27 17 37 25 28 29 24 12 6 6 2 1 0 0 0 0 0 0 0 0 0 0 0 0 0 0 0 0 0 0 0 0 0 0 0 0 0 0 0
32 27 51 28 14 13 18 13 14 7 10 19 45 14 7 38 49 33 25 22 10 7 6 6 17 5 9 9 26 21 3 9 10 11 42 52 62 29 17 39 29 9 4 9 27 33 31 31 65 50 56 70 56 47 64 45 39 19 34 39 18 35 22 5 1 1 1 1 2 1 1 1 1 0 0 0 0 0 0 0 0 0 0 0 0 0 0 0 0 0 0 0 0 0 0 0
38 35 18 21 31 54 50 17 17 3 7 9 6 3 13 7 7 14 6 5 4 17 9 9 5 17 17 20 11 16 13 23 23 23 51 70 52 40 30 44 18 13 10 23 41 45 58 36 60 73 63 75 79 55 48 68 69 42 62 51 47 57 23 29 11 6 5 3 1 0 0 0 0 0 0 0 0 0 0 0 0 0 0 0 0 0 0 0 0 0 0 0 0 0 0 0
62 58 48 37 57 63 59 42 15 12 20 15 19 14 13 17 13 5 5 6 8 23 11 11 19 24 11 46 42 28 36 39 41 45 57 39 26 38 19 44 28 20 16 31 55 67 72 64 67 74 59 68 59 53 13 17 51 65 58 32 6 4 9 6 17 6 3 5 1 0 0 0 0 0 0 0 0 0 0 0 0 0 0 0 0 0 0 0 0 0 0 0 0 0 0 0
39 15 49 59 65 54 49 25 8 16 15 21 47 37 17 15 5 10 8 10 2 5 38 22 16 4 7 22 36 29 30 36 56 34 64 29 39 25 8 40 32 25 34 58 63 77 77 58 76 82 53 28 25 17 7 7 22 31 19 8 11 6 5 6 3 2 2 1 1 1 0 0 0 0 0 0 0 0 0 0 0 0 0 0 0 0 0 0 0 0 0 0 0 0 0 0
28 39 44 61 47 37 43 26 5 16 20 24 45 18 15 9 8 3 4 6 12 24 23 31 25 20 15 26 47 26 17 40 56 34 60 52 29 25 29 57 33 32 44 65 58 73 48 49 50 72 68 33 17 15 11 4 5 11 5 6 6 3 2 5 2 2 1 1 1 0 0 0 0 0 0 0 0 0 0 0 0 0 0 0 0 0 0 0 0 0 0 0 0 0 1 0
52 64 49 35 34 43 38 39 18 8 11 24 26 11 6 6 8 18 21 21 24 38 24 60 47 42 32 33 29 42 26 44 41 48 70 20 22 36 41 63 60 60 49 73 35 19 27 14 13 41 49 28 21 9 6 6 2 3 5 5 3 5 2 2 4 1 1 1 1 0 0 0 0 0 0 0 0 0 0 0 0 0 0 0 0 0 0 0 0 0 0 0 0 0 0 0
51 72 68 76 57 57 42 41 27 31 40 53 20 16 13 22 22 35 21 20 56 15 37 45 46 34 28 60 42 43 41 52 45 62 39 30 43 56 47 62 66 65 64 87 79 66 52 45 32 11 14 18 8 6 3 3 2 3 3 3 2 2 1 5 4 2 1 0 0 0 0 0 0 0 0 0 0 0 0 0 0 0 0 0 0 0 0 0 1 1 0 0 0 0 0 0
