sesion_6_simulaciones/modelos_agentes/ejemplos_netlogo/scenarios/echam4_b2/rob_2095.asc
NCOLS 322 
NROWS 307 
XLLCORNER 451900 
YLLCORNER 4086900 
CELLSIZE 100 
NODATA_value -9999 
[rows 225 to 299 of 307, columns 192 to 287 of 322]
13 11 11 7 5 3 2 2 1 1 0 0 0 0 0 1 2 2 2 3 4 7 15 30 39 39 30 32 30 45 70 52 35 35 20 22 27 21 41 23 17 18 27 32 52 43 15 20 6 5 4 3 5 5 1 4 4 6 13 30 44 42 56 49 29 34 22 27 11 12 44 22 7 5 3 3 3 1 1 0 1 1 1 0 0 0 1 1 2 2 3 8 9 9 13 18
15 11 9 4 1 2 2 1 1 0 0 0 0 0 0 1 2 4 5 7 5 8 19 22 40 66 47 41 44 31 48 62 33 43 31 35 40 37 23 24 13 19 17 18 21 26 18 33 21 5 15 12 5 3 1 3 14 15 21 31 52 49 48 33 31 30 37 50 27 18 18 5 8 6 6 5 2 1 1 0 1 1 1 0 1 1 1 1 1 2 2 3 8 12 11 18
10 17 12 9 6 4 2 1 1 0 0 0 0 0 1 1 3 2 7 14 15 21 21 26 36 63 76 48 63 38 46 58 41 29 46 48 36 31 29 26 7 12 10 18 26 30 36 44 50 13 10 8 6 2 3 4 9 10 24 38 48 41 35 26 53 45 54 48 30 24 9 6 9 10 9 7 5 4 2 0 1 1 1 0 1 1 1 1 1 1 2 3 5 6 12 19
16 10 6 4 3 1 1 1 0 0 0 0 0 0 2 1 1 3 12 16 30 44 55 42 44 53 80 44 62 38 42 57 23 25 45 44 47 40 29 27 17 18 15 12 26 30 28 41 37 22 15 10 6 3 9 21 17 19 39 63 48 28 28 44 75 68 46 34 30 18 17 14 19 14 20 11 8 5 1 0 1 3 2 1 2 1 1 2 1 2 3 5 6 6 7 19
18 11 5 3 2 2 1 0 0 0 0 0 0 1 1 1 1 3 5 11 16 35 55 72 61 52 68 65 74 42 61 37 22 22 32 48 46 41 24 25 24 27 17 15 18 32 29 31 23 13 18 12 6 5 11 15 24 17 29 15 22 44 49 75 71 54 42 30 38 39 33 28 26 31 13 9 6 4 1 0 0 3 5 3 2 2 3 3 1 2 3 4 11 12 14 19
6 6 5 1 1 1 1 0 0 0 0 0 0 1 1 2 5 2 5 9 23 32 53 50 67 63 71 72 67 38 52 26 22 46 32 42 46 31 28 35 28 34 15 17 30 33 40 31 33 12 10 8 5 2 4 3 54 27 15 27 38 41 50 45 34 29 33 36 29 36 50 50 36 14 4 4 2 2 0 0 0 1 5 3 2 2 7 10 3 2 2 6 8 8 15 21
2 1 3 1 2 1 1 0 0 0 0 0 0 1 2 5 4 5 9 19 21 33 53 62 56 59 63 58 63 58 67 35 25 35 45 32 42 36 29 28 32 21 25 15 15 21 34 36 28 14 7 5 3 4 9 9 5 67 73 44 26 13 31 30 42 38 29 22 14 41 75 52 26 12 6 2 1 0 0 0 0 1 3 3 5 3 5 7 11 3 3 8 8 13 11 19
2 1 0 1 1 1 0 0 0 0 0 0 1 1 4 5 4 6 14 17 17 46 62 66 53 55 62 52 74 77 52 38 36 47 30 44 41 37 35 32 31 26 34 12 24 20 32 24 15 5 9 6 6 8 14 23 21 22 31 37 20 38 24 27 26 33 33 14 25 46 50 28 21 16 6 1 0 0 0 1 1 1 1 7 6 2 2 3 16 4 4 9 10 11 9 12
1 1 1 1 1 1 0 0 0 0 0 0 0 1 2 3 7 11 19 39 26 26 66 57 70 55 56 60 21 72 47 47 33 48 37 29 33 42 34 32 31 25 48 13 12 43 29 24 17 9 16 7 6 14 25 11 32 34 19 9 18 11 19 25 26 29 20 53 45 21 36 21 14 10 5 1 1 1 1 1 2 2 2 3 4 6 3 6 9 11 9 5 6 19 13 12
4 3 2 1 1 0 0 0 0 0 0 0 0 1 1 2 5 9 20 34 48 58 76 59 69 67 67 58 62 49 75 40 29 40 33 14 20 37 40 45 33 13 27 34 7 16 23 39 16 16 19 10 6 13 12 14 7 9 13 26 23 26 25 40 19 23 37 22 16 28 27 18 12 3 1 1 1 1 2 1 2 2 3 4 9 12 4 5 11 11 33 14 5 9 24 21
1 2 1 1 0 0 0 0 0 0 0 0 0 0 1 2 3 9 18 30 52 44 58 18 37 56 55 25 22 40 64 34 33 66 30 32 37 43 24 8 18 9 27 34 8 23 38 19 6 14 16 13 6 12 9 5 20 29 30 24 13 20 46 60 42 34 56 56 51 36 24 16 5 2 1 1 2 2 4 1 2 3 4 4 10 9 19 6 12 8 3 19 9 8 11 18
2 1 1 1 0 0 0 0 0 0 0 0 0 0 0 1 3 4 13 24 33 24 22 47 41 41 27 32 38 40 52 43 50 52 41 38 36 32 33 15 24 19 24 32 8 15 28 20 8 6 7 10 7 9 4 11 23 11 15 22 24 47 56 59 62 60 44 35 47 34 49 23 8 3 1 0 1 4 4 2 4 4 6 3 5 10 9 22 18 17 10 24 14 3 8 8
3 1 1 0 0 0 0 0 0 0 0 0 1 1 0 0 2 5 6 8 13 48 48 39 47 55 48 30 35 43 41 37 44 47 27 38 32 32 39 13 35 29 18 34 7 10 22 17 18 15 4 4 13 11 7 11 13 12 35 24 54 40 42 71 81 52 48 27 52 25 17 12 3 2 2 2 2 5 5 5 9 5 6 5 6 4 9 24 37 47 10 10 18 8 13 24
1 1 1 0 0 0 0 0 0 0 1 1 1 1 1 1 1 2 4 9 17 26 38 30 24 37 48 31 40 27 36 39 39 51 37 45 30 38 25 25 14 23 10 25 6 5 12 10 11 14 13 4 4 2 7 4 4 18 22 22 34 28 53 63 68 77 49 22 14 15 9 2 1 3 5 5 3 3 10 8 15 8 7 6 8 8 4 4 5 14 35 31 22 14 15 24
1 1 0 0 0 0 0 0 0 0 1 1 2 2 1 1 3 3 2 8 17 29 25 36 40 49 35 27 32 29 16 18 32 30 21 36 19 32 23 20 20 19 46 27 9 11 18 26 10 4 5 4 1 6 2 5 13 39 32 65 68 50 36 46 46 33 39 40 20 11 4 1 2 7 4 10 4 4 10 17 12 18 11 9 9 7 11 9 8 11 22 19 18 51 18 29
1 0 0 0 0 0 0 0 0 1 1 1 2 2 3 2 4 5 6 5 12 7 13 18 22 34 26 20 21 22 31 29 17 13 8 47 27 45 15 21 16 13 41 26 18 10 27 19 12 8 4 15 5 15 9 19 23 10 23 32 41 38 23 34 48 39 49 22 25 11 6 1 4 5 6 12 14 5 6 11 15 24 14 21 13 5 8 14 4 2 5 5 6 24 31 22
1 0 0 0 0 0 0 0 1 1 1 2 2 3 6 3 5 11 8 16 26 29 41 46 48 39 40 50 54 40 43 49 41 28 34 28 51 31 16 14 11 8 7 28 14 5 11 11 13 7 15 16 22 38 74 61 61 53 58 36 39 41 46 58 48 39 34 24 18 8 2 1 4 6 12 12 14 12 12 22 14 29 18 25 16 8 8 15 22 6 11 12 8 5 6 12
1 0 0 0 1 1 1 1 1 1 1 2 2 5 7 5 2 3 17 28 43 37 48 59 66 70 66 58 78 63 48 36 30 18 10 10 21 24 19 13 13 6 5 13 6 5 3 10 5 9 3 1 3 4 15 28 76 77 62 56 41 40 22 54 43 31 30 22 6 3 1 2 5 8 6 10 14 22 15 24 16 9 32 31 19 9 10 21 20 9 12 18 16 27 32 42
1 0 0 1 1 1 1 1 2 2 1 1 3 5 5 11 2 2 5 12 30 47 27 53 51 65 71 56 10 24 41 27 16 14 21 25 26 12 27 11 9 7 2 7 6 7 2 3 2 8 4 4 4 4 5 6 20 52 70 76 81 42 39 29 25 25 25 23 16 4 2 4 11 11 11 13 34 26 27 28 28 11 13 44 28 11 11 15 16 12 19 11 23 29 39 47
0 0 1 1 1 2 2 2 2 2 1 2 2 5 4 8 6 2 5 10 17 26 20 42 34 30 26 17 12 14 23 19 17 22 18 11 18 27 27 3 7 7 3 5 5 2 1 7 5 5 8 6 11 12 18 22 30 47 43 33 47 78 60 48 42 40 40 23 13 4 3 11 13 20 21 16 29 38 28 21 19 20 8 27 44 21 22 10 26 14 25 25 17 32 31 24
1 1 1 1 3 2 3 3 3 3 1 2 3 4 8 4 13 2 3 2 7 6 15 18 23 37 32 35 38 24 32 18 16 29 25 18 14 10 4 5 6 9 29 7 4 3 1 2 6 6 9 24 10 17 40 25 21 19 26 19 21 38 59 58 49 33 34 22 8 2 6 13 15 22 23 26 18 45 31 44 25 36 24 23 61 32 38 17 28 26 26 41 27 28 25 34
0 1 2 2 3 3 3 4 4 4 2 3 3 6 11 9 8 4 3 6 5 5 15 18 26 33 37 32 31 46 37 44 34 56 14 10 12 14 11 10 22 17 6 5 17 6 3 3 3 17 25 8 16 23 19 21 35 33 45 28 27 23 27 32 35 28 18 16 8 4 7 15 17 27 21 21 21 31 39 49 36 24 38 24 61 24 26 30 20 45 28 28 31 21 24 23
1 2 3 2 4 2 3 5 8 8 3 2 4 4 16 37 4 4 3 12 14 16 12 16 22 22 34 22 25 34 33 27 22 21 23 20 18 21 18 10 5 4 2 2 4 5 7 3 17 36 7 3 7 22 30 26 21 36 25 24 31 26 25 19 18 17 14 9 6 7 13 19 18 21 21 22 25 31 44 37 37 33 35 50 63 27 28 32 21 45 30 15 38 16 9 20
2 2 3 6 5 3 5 6 12 11 3 2 3 7 13 15 5 6 4 10 17 18 18 11 12 11 24 27 28 35 24 20 25 21 20 19 17 13 11 7 7 3 2 2 2 1 1 13 4 11 5 4 6 8 18 69 41 47 37 35 27 28 24 19 15 14 12 6 6 6 14 17 13 20 19 32 40 25 31 54 45 50 49 47 60 44 47 20 46 40 14 22 33 14 18 24
3 4 4 11 7 3 3 8 10 21 6 2 6 8 14 23 14 8 7 18 24 33 20 24 24 9 15 20 23 19 25 16 21 21 19 10 9 4 5 7 14 10 12 6 3 7 6 4 1 3 6 17 21 20 30 19 29 34 47 48 38 26 23 22 18 16 12 6 3 12 16 18 23 22 36 32 29 42 28 24 38 38 38 52 27 84 51 20 34 39 10 23 19 37 21 27
5 10 5 16 8 5 5 9 13 19 4 3 7 9 17 19 25 3 14 22 24 41 25 27 27 33 22 16 12 13 15 25 36 25 8 19 9 14 8 9 10 10 5 3 3 5 3 2 4 9 12 12 22 25 37 13 9 12 14 28 26 29 27 27 24 24 18 8 3 14 15 14 25 29 36 16 28 21 39 19 27 24 40 24 47 75 35 21 50 22 12 23 22 31 35 33
5 6 11 12 11 11 5 7 15 30 5 8 10 15 16 28 6 4 17 22 35 44 47 29 51 32 33 31 18 20 12 44 47 26 27 16 13 17 10 7 12 4 5 2 2 3 3 3 2 6 11 10 24 29 32 11 21 28 32 39 37 36 37 42 35 34 23 9 3 17 18 16 36 24 30 44 42 30 18 33 22 32 33 43 34 57 50 40 45 23 20 30 17 19 9 41
3 4 14 15 14 12 7 10 18 23 7 12 16 33 36 17 5 4 18 22 24 49 45 51 32 35 50 36 30 29 28 36 48 40 27 30 27 14 27 11 5 9 2 1 1 2 2 2 3 5 9 11 21 21 28 28 31 41 42 47 51 58 44 35 24 17 19 5 7 20 27 21 37 39 28 31 42 31 34 11 44 14 18 40 45 57 64 73 41 24 33 26 32 35 22 47
6 7 17 21 27 16 9 12 24 26 6 8 20 39 28 7 4 10 17 21 35 40 42 44 48 34 47 37 48 46 44 33 13 20 27 24 24 10 18 14 11 6 3 3 5 3 2 6 4 2 2 9 20 37 28 28 48 49 48 34 56 39 21 28 29 22 10 7 6 17 37 23 34 39 45 34 43 29 36 29 20 42 22 9 12 36 56 70 34 44 34 30 26 45 19 20
6 9 11 17 40 25 12 14 19 30 6 6 22 38 18 8 5 11 22 22 24 29 33 41 57 34 38 36 29 46 49 33 29 23 21 12 15 13 15 10 9 5 4 6 7 6 3 5 2 1 2 13 23 16 39 45 24 32 23 27 24 22 36 39 23 20 18 6 8 10 41 28 29 28 33 46 34 34 18 31 15 45 27 22 12 10 29 46 53 68 40 36 28 36 14 17
7 17 12 12 19 39 14 19 35 11 9 9 15 45 26 9 4 15 23 24 37 48 45 56 53 46 24 28 45 40 20 42 68 46 18 15 10 13 17 10 5 8 7 3 4 2 3 2 5 4 7 10 16 28 43 29 46 32 33 38 33 30 29 25 26 25 13 8 7 16 16 44 28 25 31 31 51 47 31 51 20 18 30 27 20 17 17 33 52 56 38 38 31 33 21 28
9 12 27 22 11 27 10 23 56 12 11 22 28 41 14 12 2 9 27 31 48 35 38 58 54 50 41 16 13 15 19 18 23 9 9 14 23 12 9 14 11 7 4 2 2 1 1 2 6 9 9 11 17 28 50 49 50 39 32 42 37 41 43 27 29 26 12 10 10 29 28 29 49 24 27 30 54 45 31 23 39 18 14 35 33 19 21 22 40 52 57 35 29 21 38 16
11 14 30 38 19 42 12 21 57 27 13 32 37 26 10 4 3 6 14 32 49 49 39 38 46 53 35 15 17 15 18 18 18 15 9 6 11 12 20 13 9 6 2 3 3 2 2 1 0 1 7 10 9 20 23 20 28 46 47 41 46 26 28 29 23 26 22 5 12 29 33 27 34 13 34 35 34 51 59 43 48 26 18 16 34 23 15 26 43 78 70 35 21 18 35 14
13 14 17 44 20 37 23 18 28 38 16 41 39 10 4 6 9 14 22 37 36 39 47 26 33 42 55 19 15 14 22 21 18 19 13 15 11 12 7 2 3 5 3 3 4 2 2 0 2 4 6 15 28 30 23 47 49 68 50 33 42 43 44 42 40 23 21 12 17 32 28 41 53 26 22 47 37 50 43 35 53 22 27 27 49 25 11 17 14 36 57 30 26 13 45 28
11 12 10 26 53 26 40 17 46 24 47 26 10 4 10 11 18 12 43 53 27 36 38 39 15 30 41 51 23 23 13 22 14 9 7 8 10 5 4 3 3 1 1 1 2 1 1 1 3 3 3 10 12 25 40 43 28 53 40 23 31 37 39 38 23 19 15 26 27 31 35 42 11 34 43 47 43 29 50 24 61 25 27 19 24 49 29 29 35 30 47 21 42 16 24 47
25 15 12 16 25 43 47 23 62 36 36 8 5 11 14 21 21 14 18 17 32 31 35 56 49 26 32 12 28 40 12 20 10 8 11 11 15 8 6 3 3 2 5 3 1 0 0 1 2 4 6 12 15 15 28 28 28 30 21 8 22 31 31 29 18 15 15 26 27 31 34 50 17 16 9 16 40 55 67 23 52 40 26 27 16 15 55 23 35 35 37 40 17 14 29 43
18 28 19 15 15 28 57 29 31 15 9 2 9 14 26 35 33 13 18 19 31 34 28 11 16 15 15 24 10 13 33 47 23 15 6 14 4 5 7 1 2 2 1 1 1 3 1 1 2 3 7 5 7 14 18 24 18 37 27 29 41 31 34 22 29 29 18 29 28 32 29 47 16 28 17 22 21 15 36 36 22 50 27 31 16 35 41 13 32 48 49 39 18 16 15 22
20 30 22 28 36 44 46 29 30 8 11 9 13 28 27 34 38 25 28 29 32 32 25 17 13 17 15 9 10 19 11 15 16 28 23 32 5 3 3 3 4 2 2 2 1 1 1 1 2 5 11 7 8 12 27 13 29 53 60 49 44 32 36 35 30 26 28 42 29 31 31 37 21 32 29 22 34 29 33 49 16 48 25 43 16 13 33 9 14 22 47 31 10 18 17 42
20 34 26 33 41 51 47 12 7 4 14 13 25 30 30 39 25 47 42 27 31 29 25 27 30 18 18 11 13 29 15 4 3 5 5 16 21 9 10 17 7 6 2 2 2 1 0 2 6 5 9 3 5 14 19 23 38 67 34 36 47 29 34 30 27 28 32 46 30 29 30 33 30 30 40 22 33 30 28 29 46 72 33 42 28 9 36 18 7 12 27 38 16 22 15 6
21 41 42 36 66 54 13 8 12 14 26 23 19 36 29 44 16 30 60 19 32 24 14 19 28 34 10 16 18 18 33 10 7 3 4 3 3 2 4 13 15 5 3 4 3 2 1 1 3 4 3 4 8 13 28 31 32 39 35 24 45 38 28 10 30 17 19 53 33 29 41 30 44 27 39 31 29 33 26 21 19 13 56 51 35 12 14 16 9 7 16 41 19 23 27 15
24 33 60 50 65 15 13 12 14 24 29 28 38 47 18 35 17 27 31 52 18 37 13 11 14 27 22 22 18 12 7 20 5 7 5 3 3 3 3 4 5 2 1 3 1 0 1 2 2 3 3 4 3 10 22 37 17 41 60 51 26 21 15 8 41 27 27 43 38 26 42 29 59 36 35 39 24 24 37 23 17 10 34 36 35 16 6 38 12 9 20 31 42 29 18 19
15 34 61 77 47 8 13 24 26 26 43 50 26 32 24 19 43 18 26 27 23 22 21 14 15 21 17 29 18 18 23 13 18 6 8 5 3 3 2 4 3 1 1 1 1 1 1 4 2 3 4 3 6 14 29 28 60 40 29 46 31 15 6 16 21 48 26 30 40 23 28 28 47 39 25 36 35 21 23 36 25 7 17 43 46 20 5 18 17 10 20 13 49 30 11 40
16 38 67 50 8 9 27 26 18 47 31 60 18 37 24 15 19 58 16 26 43 19 35 12 12 26 28 21 19 27 13 14 22 6 8 6 4 5 1 4 3 1 2 3 2 1 3 3 3 5 7 8 12 11 15 27 40 32 34 33 30 15 8 22 19 33 24 27 38 26 25 25 26 47 23 21 42 23 22 21 33 11 15 20 37 17 9 13 25 14 7 9 9 29 18 19
17 51 51 28 12 17 28 30 18 37 16 55 23 31 46 15 34 56 13 32 52 14 41 14 10 25 30 29 10 6 23 5 6 15 24 12 2 4 2 3 2 1 1 1 1 1 2 3 5 6 6 4 5 8 9 14 25 34 21 42 34 18 14 23 28 38 16 20 28 38 20 20 12 32 24 20 27 31 22 18 8 7 27 13 34 18 11 6 11 29 5 13 26 26 19 5
19 41 45 31 14 17 32 48 16 24 17 42 18 25 56 18 31 52 20 15 24 29 26 15 10 13 13 19 20 22 7 12 4 3 1 13 12 2 2 2 1 2 3 2 1 2 2 3 3 5 5 8 7 8 10 14 11 20 23 14 18 23 22 21 21 29 32 22 27 40 11 22 12 19 31 19 24 10 9 21 11 10 8 11 36 43 11 5 10 26 4 5 22 28 27 11
32 33 52 21 14 24 25 34 15 23 18 24 32 14 48 15 15 38 19 10 11 12 57 28 9 8 9 9 14 14 24 10 3 6 1 1 10 3 1 2 1 3 4 3 1 1 1 1 4 6 8 6 6 4 5 14 22 41 27 12 6 20 21 19 21 21 43 16 30 38 11 17 20 20 38 3 15 24 10 8 21 9 7 8 13 29 12 5 6 28 6 5 5 27 52 32
68 38 15 14 21 22 23 26 16 41 23 12 33 12 41 14 11 23 20 9 10 18 39 21 6 10 8 17 16 19 12 10 9 7 1 3 2 6 1 1 3 4 2 2 2 2 1 1 2 5 8 13 8 7 11 18 24 42 39 16 6 26 21 13 20 21 28 20 14 37 18 9 11 29 36 11 8 9 23 6 12 25 10 8 35 31 4 10 2 25 16 6 4 3 8 11
18 7 14 11 17 20 33 24 25 29 17 11 51 12 12 39 12 33 27 7 9 14 15 44 13 13 6 14 20 18 10 5 9 13 3 3 2 7 2 1 1 2 1 1 1 2 2 1 3 9 6 8 9 8 9 13 9 29 34 6 10 15 25 11 18 20 15 31 11 30 22 13 15 10 25 9 10 12 11 14 5 3 24 8 14 32 7 17 4 10 39 6 13 9 5 3
31 14 31 21 17 20 39 19 38 32 8 15 32 16 15 36 9 11 45 6 15 12 8 33 8 12 14 9 11 11 14 15 2 4 4 2 1 1 10 2 0 2 2 3 2 1 1 3 8 8 15 13 3 7 13 2 10 17 12 6 10 31 27 10 9 20 14 25 10 13 53 9 18 20 12 9 14 9 17 10 16 7 5 17 4 22 23 19 6 9 51 10 7 5 11 5
66 24 12 23 22 23 24 17 39 22 13 15 13 16 13 21 8 7 35 11 14 10 5 11 17 14 10 6 7 6 8 7 9 2 2 7 2 1 2 4 1 2 2 3 2 2 1 1 7 3 1 1 2 7 8 24 17 12 10 10 8 23 16 10 10 18 28 7 26 6 31 9 14 18 5 7 15 5 8 14 13 13 6 2 4 3 16 35 11 6 20 8 8 4 9 7
76 22 13 18 15 21 9 16 20 8 13 13 15 19 10 23 10 8 24 6 6 17 6 2 2 4 4 3 10 21 6 7 8 1 2 0 4 1 2 11 1 1 1 1 3 1 3 2 23 3 3 2 3 3 14 26 15 4 5 19 7 5 17 11 17 9 34 8 32 6 11 18 9 20 5 12 7 8 5 5 10 13 6 4 3 4 1 4 11 19 12 11 7 4 11 7
55 16 9 20 11 11 11 12 21 7 12 9 9 23 8 27 9 16 14 6 4 10 8 3 4 5 5 5 6 8 13 7 3 2 1 1 1 2 1 5 1 1 1 2 1 1 4 6 1 2 4 4 1 9 17 21 12 7 3 17 11 8 4 21 15 18 24 9 24 11 7 9 20 24 6 5 10 3 7 2 2 9 4 5 3 2 3 2 1 4 17 7 4 5 11 7
57 15 26 11 12 10 9 10 13 6 10 11 5 24 19 6 9 10 15 7 10 4 11 5 9 9 6 9 4 4 5 4 5 2 1 1 1 1 2 2 1 0 1 1 1 1 1 7 1 1 2 3 4 16 20 18 11 10 3 6 18 7 13 7 16 29 11 19 4 14 28 5 18 33 8 2 6 3 4 2 6 5 6 4 2 1 2 3 3 2 6 11 8 2 8 3
51 20 11 10 9 11 16 8 14 5 8 7 8 9 24 3 3 3 7 2 9 4 8 8 9 8 7 8 9 2 2 3 8 4 1 1 4 1 0 3 5 0 1 1 1 3 3 4 1 1 1 2 9 11 17 11 3 8 9 4 15 6 11 11 4 8 9 12 5 6 23 5 9 16 1 2 2 6 6 3 1 5 1 2 3 0 0 1 2 2 2 1 8 2 4 1
9 28 5 10 8 9 11 6 25 5 6 10 7 2 12 6 6 3 13 4 4 7 7 10 7 4 7 7 9 1 2 3 4 3 3 1 1 2 0 0 3 0 1 0 0 6 10 2 1 1 2 6 9 10 18 7 4 10 7 8 13 7 4 3 10 8 4 12 4 5 15 10 18 7 1 4 1 1 2 5 2 2 2 2 4 1 2 1 1 1 1 3 4 6 3 1
9 31 8 6 3 7 9 9 5 10 5 7 6 3 5 5 5 3 27 4 2 3 6 16 4 3 5 9 7 2 3 2 4 3 4 2 1 1 1 0 3 0 0 0 0 1 1 3 0 4 3 8 11 18 9 3 6 10 5 10 15 11 18 5 5 7 3 14 3 4 3 8 14 3 1 1 2 2 3 2 3 1 0 3 3 4 3 2 1 1 1 0 1 9 3 1
8 31 21 1 4 4 12 7 4 9 4 3 2 3 2 6 1 5 4 2 3 2 6 3 7 4 3 4 3 3 2 4 4 3 2 1 2 1 2 1 2 0 1 0 0 1 3 10 2 1 5 15 18 17 3 4 8 13 7 10 5 15 7 12 7 3 2 4 2 4 5 11 5 5 3 3 0 3 5 2 3 1 0 2 2 9 6 1 1 1 1 1 0 2 3 2
3 6 22 2 4 2 7 6 3 7 5 2 1 3 2 8 2 5 3 5 2 2 5 7 4 1 2 3 3 6 1 1 3 5 3 1 2 3 1 1 3 1 0 1 0 0 0 5 6 6 13 22 16 5 3 10 11 10 7 11 10 6 3 5 11 1 3 4 4 2 4 4 3 7 3 3 2 5 3 1 5 8 2 2 1 1 2 2 1 1 0 1 1 3 1 3
3 7 16 3 4 1 2 3 3 2 4 1 0 1 3 13 2 2 3 1 3 4 4 5 3 1 1 2 3 3 2 2 4 2 1 0 1 3 2 1 1 1 1 1 1 1 2 16 8 25 37 29 2 3 4 4 8 8 5 6 11 3 7 5 3 9 20 2 2 1 1 8 2 4 5 4 3 6 5 3 4 17 3 3 1 1 1 2 6 3 1 1 2 2 1 5
3 4 13 3 5 1 1 3 1 3 4 3 1 1 2 5 2 1 3 1 2 3 2 1 2 1 4 1 2 5 2 2 4 4 1 1 2 1 1 2 0 1 0 1 6 20 35 13 13 16 9 2 3 4 5 6 6 6 3 3 3 2 4 5 1 8 3 0 0 2 2 2 7 2 8 5 4 4 6 2 5 6 2 3 2 1 1 1 1 2 2 4 1 3 5 10
3 2 1 8 2 1 0 0 0 2 7 1 1 1 1 3 1 1 4 1 1 2 1 1 1 1 1 1 0 3 2 2 2 2 1 2 1 1 0 1 0 0 0 14 8 11 39 45 16 4 2 3 3 5 4 3 5 5 3 1 0 1 3 9 7 17 1 1 1 5 6 3 3 1 8 2 6 2 7 2 3 4 3 5 3 3 1 0 1 1 0 1 3 1 3 5
3 2 1 9 0 1 1 0 3 0 3 1 1 1 2 3 1 1 3 1 1 1 1 2 0 1 0 2 0 1 1 2 3 2 1 1 3 2 0 0 2 17 27 26 37 12 24 50 27 1 1 3 3 3 1 2 2 2 2 0 0 3 10 15 11 4 2 5 5 2 4 5 1 1 3 3 6 6 14 17 22 9 2 4 3 3 2 0 1 1 1 1 1 2 6 6
2 1 1 12 1 0 0 1 3 0 1 2 1 1 1 2 1 1 4 1 1 1 1 3 0 2 1 1 2 2 1 2 2 2 1 1 1 1 1 4 11 27 50 33 50 55 44 27 1 1 3 2 2 3 1 1 4 6 1 1 1 4 10 6 3 2 3 4 4 2 5 11 21 2 1 3 3 5 7 4 2 4 4 10 7 4 2 0 2 0 2 2 1 2 9 2
1 1 1 2 3 3 1 0 3 1 1 2 0 1 0 0 1 1 1 1 0 0 0 1 0 1 2 1 2 1 1 1 1 2 1 2 1 0 1 6 4 5 18 45 59 47 1 1 3 1 2 1 2 2 1 1 1 14 2 3 2 3 1 5 4 1 4 4 3 10 9 13 2 2 2 5 5 4 6 5 6 5 6 3 5 1 2 1 1 0 0 2 1 1 6 2
1 1 0 1 4 1 1 0 1 0 0 1 1 0 0 0 0 0 1 1 1 0 0 0 1 2 1 1 1 1 1 1 1 1 1 1 1 0 2 4 2 7 6 5 4 1 4 5 3 2 1 1 1 0 1 2 1 3 3 2 1 2 1 2 1 1 1 5 6 13 3 1 2 3 3 4 11 4 6 5 7 5 6 4 4 1 1 1 2 1 3 2 1 1 2 1
1 1 1 0 2 0 0 0 2 0 0 0 2 0 0 0 0 0 1 1 0 0 0 1 2 1 1 1 1 1 1 1 1 1 1 1 1 0 4 3 20 24 6 2 3 3 1 1 2 0 1 0 1 0 1 2 1 6 2 1 1 1 3 1 0 1 1 8 8 0 1 0 1 4 9 9 5 5 3 3 5 3 4 5 3 1 1 1 1 1 2 2 1 1 1 0
0 0 1 1 1 0 1 0 1 0 0 0 1 0 0 0 0 0 0 1 0 0 0 0 1 1 1 0 0 0 0 1 1 1 0 1 1 1 3 2 2 5 4 3 4 2 2 2 4 2 1 0 0 0 1 2 1 2 2 1 1 1 1 1 0 1 3 6 1 0 0 2 1 1 2 6 6 8 2 3 3 3 5 1 3 2 2 2 2 1 1 2 1 0 0 0
1 0 1 2 3 0 0 0 1 0 0 0 0 0 0 0 0 0 0 0 0 0 0 0 1 1 1 0 0 0 0 0 1 0 1 0 1 1 4 1 2 5 2 3 1 3 1 0 1 3 2 0 0 0 0 1 2 0 2 0 0 2 2 0 1 3 4 7 1 0 0 2 1 1 2 3 6 3 1 2 3 3 2 3 1 1 3 2 1 1 1 1 1 0 0 0
1 0 0 0 0 0 0 0 0 0 0 0 0 0 0 0 0 0 0 0 0 0 0 1 0 1 1 0 0 0 0 0 0 0 1 1 1 9 2 19 17 7 1 1 0 3 2 1 1 2 1 1 0 0 1 0 3 1 0 0 0 1 1 1 2 3 4 6 0 1 1 2 6 1 1 2 3 2 1 1 2 2 1 1 1 3 1 2 0 0 0 0 0 0 0 0
0 0 0 0 0 1 0 0 0 0 0 0 0 0 0 0 0 0 1 0 0 0 0 1 0 0 0 0 0 0 0 0 0 0 0 1 4 6 18 8 6 8 4 1 1 1 0 0 0 1 2 1 1 0 1 1 0 3 1 0 1 3 1 0 1 2 2 4 1 1 2 1 2 0 1 1 2 3 1 1 0 0 0 0 0 1 0 1 0 0 0 0 0 0 0 0
0 1 1 0 0 0 0 0 0 0 0 0 0 0 0 0 0 0 0 0 0 0 0 0 0 0 0 0 0 0 0 0 0 0 1 7 11 22 46 12 1 1 2 1 1 0 2 5 1 2 4 1 1 2 1 1 0 1 1 1 0 3 1 1 2 2 1 4 1 1 1 1 1 0 0 0 1 1 6 2 0 0 1 1 0 0 0 0 0 0 0 0 0 0 0 0
0 0 0 0 0 0 0 0 0 0 0 0 0 0 0 0 0 0 0 0 0 0 0 0 0 0 0 0 0 0 0 0 0 1 2 4 14 2 1 9 21 4 1 2 1 2 5 6 2 1 3 1 0 1 1 1 1 1 2 0 1 2 0 1 2 1 1 2 1 1 1 2 3 2 1 1 1 1 4 1 0 0 0 0 0 0 0 0 0 0 0 0 0 0 0 0
0 0 0 0 0 0 0 0 0 0 0 0 0 0 0 0 0 0 0 0 0 0 1 0 0 0 0 0 0 0 0 0 0 0 7 7 9 0 2 4 1 1 0 0 2 2 4 8 2 2 2 1 1 1 0 0 0 0 3 1 0 1 0 0 1 1 1 0 1 1 1 2 3 1 0 1 0 1 1 1 0 0 0 0 0 0 0 0 0 0 0 0 0 0 0 0
0 0 0 0 1 0 0 0 0 0 0 0 0 0 0 0 0 0 0 0 0 0 0 0 0 0 0 0 0 0 0 0 0 3 3 2 2 0 10 9 0 0 0 0 1 2 3 3 2 1 2 3 1 2 1 1 0 0 0 2 1 1 0 0 0 1 0 1 1 1 0 2 1 0 0 0 0 0 0 0 0 0 0 0 0 0 0 0 0 0 0 1 0 0 0 0
0 0 0 0 0 0 0 0 0 0 0 0 0 0 0 0 0 0 0 0 0 0 0 0 0 0 0 7 7 14 8 3 0 8 8 5 3 1 15 3 1 1 0 1 1 2 2 3 1 2 1 4 1 2 1 1 1 0 0 1 1 1 1 0 0 0 0 0 0 0 0 0 1 1 0 0 0 0 0 0 0 0 0 0 0 0 0 0 0 0 0 1 1 0 0 0
