sesion_6_simulaciones/modelos_agentes/ejemplos_netlogo/scenarios/echam4_b2/rob_2071.asc
NCOLS 322 
NROWS 307 
XLLCORNER 451900 
YLLCORNER 4086900 
CELLSIZE 100 
NODATA_value -9999 
[rows 148 to 221 of 307, columns 96 to 191 of 322]
51 51 47 73 42 23 26 32 44 30 20 20 46 20 8 51 25 41 34 32 17 14 17 18 17 4 3 4 3 2 1 1 0 0 0 0 0 0 0 0 1 0 0 0 0 1 0 0 0 0 0 0 0 0 0 0 0 0 0 0 0 0 0 0 1 2 4 9 14 5 2 0 0 0 0 0 0 0 1 2 5 8 22 32 65 72 79 68 35 35 56 57 16 7 1 2
44 70 44 38 34 9 6 4 8 23 8 36 20 6 9 29 54 36 48 17 11 8 14 23 17 9 2 2 2 1 2 1 1 0 0 0 0 0 0 0 0 0 0 0 0 0 0 0 0 0 0 0 0 0 0 0 0 0 0 0 0 0 0 0 1 1 1 3 6 3 1 1 0 0 0 0 0 1 2 3 11 16 25 59 68 62 82 59 38 12 17 39 40 7 3 1
31 52 28 12 19 21 13 8 1 6 6 16 24 30 10 26 56 52 43 37 27 18 30 13 14 9 4 2 2 1 2 2 1 0 0 0 0 0 0 0 0 0 0 0 0 0 0 0 0 0 0 0 0 0 0 0 0 0 0 0 0 0 0 0 1 1 1 2 2 4 1 1 0 0 0 0 0 1 2 6 11 25 53 65 54 21 55 55 36 13 10 24 45 15 4 1
19 6 15 6 12 14 15 8 2 2 10 7 18 39 36 19 23 43 55 54 35 40 32 30 14 8 2 1 1 1 1 3 1 1 0 0 0 0 0 0 0 0 0 0 0 0 0 0 0 0 0 0 0 0 0 0 0 0 0 0 0 0 0 0 0 1 1 2 2 2 1 0 0 0 0 0 0 1 2 7 19 37 43 31 35 20 47 53 31 6 5 20 32 30 13 2
27 7 22 9 4 7 14 11 4 2 15 29 18 18 30 20 33 41 51 41 42 34 21 22 17 7 2 1 1 1 1 2 2 1 0 0 0 0 0 0 0 0 0 0 0 0 0 0 0 0 0 0 0 0 0 0 0 0 0 0 0 0 0 0 1 1 1 1 1 1 0 0 0 0 0 0 1 2 3 8 36 34 30 20 27 24 44 53 18 6 2 6 13 23 13 5
12 9 10 12 6 4 3 4 2 2 3 7 12 10 7 6 22 65 33 60 9 27 21 20 13 2 2 3 1 2 4 2 2 1 0 1 0 0 0 0 0 0 0 0 0 0 0 0 0 0 0 0 0 0 0 0 0 0 0 0 0 0 0 0 0 0 1 1 1 0 0 0 0 0 0 0 1 2 2 11 8 12 13 18 9 13 38 27 10 11 2 2 6 11 13 4
8 10 3 8 3 5 1 3 4 7 6 7 11 14 7 1 11 19 21 41 31 50 50 21 10 7 7 5 2 7 4 5 3 2 1 2 1 1 1 0 0 0 0 0 0 0 0 0 0 0 0 0 0 0 0 0 0 0 0 0 0 0 0 0 0 0 1 1 1 1 0 0 0 0 0 0 1 2 4 10 5 10 13 8 4 4 20 20 13 12 4 1 3 3 7 7
4 7 6 10 11 7 8 4 15 15 7 2 3 10 15 15 5 10 33 14 54 32 42 28 29 16 16 9 9 15 15 9 6 4 5 2 3 2 1 1 0 0 0 0 0 0 0 0 0 0 0 0 0 0 0 0 0 0 0 0 0 0 0 0 0 0 0 1 0 0 0 0 0 0 0 0 1 4 9 4 4 6 2 1 1 3 14 21 11 4 2 0 1 2 4 3
5 3 6 10 10 9 8 9 7 2 3 0 1 1 2 20 4 11 24 40 17 53 41 30 30 33 23 12 12 29 21 2 1 6 5 7 4 3 1 1 1 1 0 0 0 0 0 0 0 0 0 0 0 0 0 0 0 0 0 0 0 0 0 0 0 0 0 0 0 0 0 0 0 0 0 0 2 3 4 3 3 1 0 0 1 5 14 11 3 1 1 0 0 1 1 1
3 2 2 3 2 3 5 4 2 1 0 0 2 4 3 1 2 8 6 64 20 40 55 38 59 51 47 25 26 25 11 7 11 8 7 5 3 2 2 2 2 2 0 0 0 0 0 0 0 0 0 0 0 0 0 0 0 0 0 0 0 0 0 0 0 0 0 0 0 0 0 0 0 0 0 1 1 2 5 1 1 0 0 0 1 0 1 0 0 0 0 0 0 0 0 0
8 3 1 1 3 3 6 2 3 2 1 1 2 4 2 3 7 8 3 24 4 11 38 78 71 53 26 20 11 16 24 13 7 4 2 0 1 2 2 2 2 1 1 1 0 0 0 0 0 0 0 0 0 0 0 0 0 0 0 0 0 0 0 0 0 0 0 0 0 0 0 0 0 0 0 0 1 1 2 1 1 0 0 0 0 0 0 0 0 0 0 0 0 0 0 0
7 6 6 1 1 3 2 5 3 1 1 1 2 3 2 7 9 6 3 6 5 2 26 58 45 39 26 40 18 3 6 11 4 1 1 1 1 1 3 1 1 3 4 1 0 0 0 0 0 0 0 0 0 0 0 0 0 0 0 0 0 0 0 0 0 0 0 0 0 0 0 0 0 0 0 0 1 1 1 0 0 0 0 0 0 1 1 1 1 1 1 0 0 0 0 0
3 4 3 3 2 1 1 2 2 1 1 1 2 1 4 3 5 1 3 5 2 2 13 13 6 18 15 8 6 1 2 12 5 1 1 1 2 2 2 1 0 0 1 1 0 0 0 0 0 0 0 0 0 0 0 0 0 0 0 0 0 0 0 0 0 0 0 0 0 0 0 0 0 0 0 0 0 0 0 0 0 0 0 0 0 1 1 0 1 1 0 0 0 0 0 0
3 1 1 2 2 1 2 1 2 2 1 0 1 2 3 4 2 1 4 4 1 3 5 10 10 2 3 1 2 3 1 7 1 0 1 1 1 4 2 2 1 1 1 1 0 0 0 0 0 0 0 0 0 0 0 0 0 0 0 0 0 0 0 0 0 0 0 0 0 0 0 0 0 0 0 0 0 0 0 0 0 0 0 0 0 0 0 0 0 0 0 0 0 0 0 0
1 1 0 0 1 1 1 1 1 1 0 0 1 4 2 2 1 1 2 1 3 3 3 7 6 7 2 1 1 3 3 1 3 1 0 0 0 1 2 2 1 1 1 0 0 0 0 0 0 0 0 0 0 0 0 0 0 0 0 0 0 0 0 0 0 0 0 0 0 0 0 0 0 0 0 0 0 0 0 0 0 0 0 0 0 0 0 0 0 0 0 0 0 0 0 0
3 1 0 0 0 0 0 0 0 0 0 0 1 1 0 0 0 1 1 2 4 1 5 3 3 2 6 1 1 2 1 1 1 1 1 1 0 1 0 0 0 1 0 0 0 0 0 0 0 0 0 0 0 0 0 0 0 0 0 0 0 0 0 0 0 0 0 0 0 0 0 0 0 0 0 0 0 0 0 0 0 0 0 0 0 0 0 0 0 0 0 0 0 0 0 0
5 4 2 2 1 1 2 1 1 0 0 0 0 0 0 0 1 1 2 1 3 1 6 4 4 4 2 1 0 0 1 1 0 1 1 1 0 0 0 0 0 0 0 0 0 0 0 0 0 0 0 0 0 0 0 0 0 0 0 0 0 0 0 0 0 0 0 0 0 0 0 0 0 0 0 0 0 0 0 0 0 0 0 0 0 0 0 0 0 0 0 0 0 0 0 0
15 5 5 9 7 5 4 4 1 1 1 0 0 0 0 1 1 2 2 1 2 1 2 2 3 3 1 1 1 0 0 0 1 0 0 0 0 0 0 0 0 0 0 0 0 0 0 0 0 0 0 0 0 0 0 0 0 0 0 0 0 0 0 0 0 0 0 0 0 0 0 0 0 0 0 0 0 0 0 0 0 0 0 0 0 0 0 0 0 0 0 0 0 0 0 0
22 14 12 21 18 15 6 4 3 2 2 1 0 0 0 0 1 1 1 2 2 1 4 1 1 1 1 0 1 1 0 0 1 0 0 0 0 0 0 0 0 0 0 0 0 0 0 0 0 0 0 0 0 0 0 0 0 0 0 0 0 0 0 0 0 0 0 0 0 0 0 0 0 0 0 0 0 0 0 0 0 0 0 0 0 0 0 0 0 0 0 0 0 0 0 0
47 23 15 3 7 17 13 16 8 6 2 2 1 0 0 0 1 1 1 1 1 0 1 1 1 1 1 0 1 1 1 0 1 1 0 0 0 0 0 0 0 0 0 0 0 0 0 0 0 0 0 0 0 0 0 0 0 0 0 0 0 0 0 0 0 0 0 0 0 0 0 0 0 0 0 0 0 0 0 0 0 0 0 0 0 0 0 0 0 0 0 0 0 0 0 0
18 38 14 14 10 5 4 2 2 2 3 2 1 0 0 0 1 1 1 1 0 0 1 1 0 1 0 0 2 2 0 1 1 1 1 0 0 0 1 1 0 0 0 0 0 0 0 0 0 0 0 0 0 0 0 0 0 0 0 0 0 0 0 0 0 0 0 0 0 0 0 0 0 0 0 0 0 0 0 0 0 0 0 0 0 0 0 0 0 0 0 0 0 0 0 0
7 26 38 16 13 6 2 1 1 1 3 1 0 0 0 0 0 0 1 0 0 0 0 0 0 0 0 0 0 0 0 1 0 1 1 1 0 0 0 1 0 0 0 0 0 0 0 0 0 0 0 0 0 0 0 0 0 0 0 0 0 0 0 0 0 0 0 0 0 0 0 0 0 0 0 0 0 0 0 0 0 0 0 0 0 0 0 0 0 0 0 0 0 0 0 0
9 20 19 16 22 17 4 2 1 0 0 0 0 0 0 0 0 1 0 1 0 0 0 0 0 0 0 0 0 0 1 1 0 0 1 1 0 0 0 1 1 1 0 0 0 0 0 0 0 0 0 0 0 0 0 0 0 0 0 0 0 0 0 0 0 0 0 0 0 0 0 0 0 0 0 0 0 0 0 0 0 0 0 0 0 0 0 0 0 0 0 0 0 0 0 0
3 5 9 20 18 14 12 8 3 1 0 0 0 0 0 0 0 0 1 1 0 1 0 0 0 0 0 0 0 0 1 3 3 1 0 0 0 0 0 0 0 0 0 0 0 0 0 0 0 0 0 0 0 0 0 0 0 0 0 0 0 0 0 0 0 0 0 0 0 0 0 0 0 0 0 0 0 0 0 0 0 0 0 0 0 0 0 0 0 0 0 0 0 0 0 0
2 3 4 13 20 14 13 8 5 2 1 0 0 0 0 0 0 0 1 2 2 1 0 0 0 0 0 0 0 0 0 0 1 1 0 0 0 0 0 0 0 0 0 0 0 0 0 0 0 0 0 0 0 0 0 0 0 0 0 0 0 1 1 1 0 0 0 0 0 0 0 0 0 0 0 0 0 0 0 0 0 0 0 0 0 0 0 0 0 0 0 0 0 0 0 0
8 1 9 7 17 10 5 2 1 0 0 0 0 0 0 0 0 0 0 1 1 1 1 0 0 0 0 1 0 0 0 0 0 1 0 0 0 0 0 0 0 0 0 0 0 0 0 0 0 0 0 0 0 0 0 0 0 0 0 0 1 1 1 2 1 0 1 0 0 0 0 0 0 0 0 0 0 0 0 0 0 0 0 0 0 0 0 0 0 0 0 0 0 0 0 0
3 2 5 3 8 12 9 4 4 1 0 0 0 0 0 0 0 0 0 0 0 0 0 0 0 0 0 0 0 0 0 0 0 0 0 0 0 0 0 0 0 0 0 0 0 0 0 0 0 0 0 0 0 0 0 0 0 0 0 0 0 1 1 1 1 2 2 0 0 0 0 0 0 0 0 0 0 0 0 0 0 0 0 0 0 0 0 0 0 0 0 0 0 0 0 0
3 3 5 3 4 10 11 8 5 3 3 2 1 0 0 0 0 0 0 0 0 0 0 0 0 0 0 0 0 0 0 0 0 0 0 0 0 0 0 0 0 0 0 0 0 0 0 0 0 0 0 0 0 0 0 0 0 0 0 0 0 0 0 1 1 2 2 0 0 0 0 0 0 0 0 0 0 0 0 0 0 0 0 0 0 0 0 0 0 0 0 0 0 0 0 0
2 3 4 2 3 7 13 12 8 7 4 1 0 0 0 0 0 0 0 0 0 0 0 0 0 0 0 0 0 0 0 0 0 0 0 0 0 0 0 0 0 0 0 0 0 0 0 0 0 0 0 0 0 0 0 0 0 0 0 0 0 0 0 0 1 3 1 2 1 0 0 0 0 0 0 0 0 0 0 0 0 0 0 1 0 0 0 0 0 0 0 0 0 0 0 0
1 2 4 2 2 6 8 12 9 7 3 2 1 0 0 0 0 0 0 0 0 0 0 0 0 0 0 0 0 0 0 0 0 0 0 0 0 0 0 0 0 0 0 0 0 0 0 0 0 0 0 0 0 0 0 0 0 0 0 0 0 0 0 1 1 2 2 5 1 1 0 0 0 0 0 0 0 0 0 0 0 0 0 1 0 0 0 0 0 0 0 0 0 0 0 0
1 2 3 2 0 3 4 6 3 5 5 3 1 1 0 0 0 0 0 0 0 0 0 0 0 0 0 0 0 0 0 0 0 0 0 0 0 0 0 0 0 0 0 0 0 0 0 0 0 0 0 0 0 0 0 0 0 0 0 0 0 0 0 1 1 1 2 2 2 1 1 1 1 0 0 0 0 1 1 0 0 0 1 1 0 0 0 0 0 0 0 0 0 0 0 0
1 1 3 2 1 2 1 2 5 5 2 1 1 0 0 0 0 0 0 0 0 0 0 0 0 0 0 0 0 0 0 0 0 0 0 0 0 0 0 0 0 0 0 0 0 0 0 0 0 0 0 0 0 0 0 0 0 0 0 0 0 0 0 0 0 0 1 2 3 4 3 4 1 2 1 0 0 1 0 0 0 0 0 0 0 0 0 0 0 0 0 0 0 0 0 1
0 1 3 3 3 1 1 3 6 5 2 2 1 1 0 0 0 0 0 0 0 0 0 0 0 0 0 0 0 0 0 0 0 0 0 0 0 0 0 0 0 0 0 0 0 0 0 0 0 0 0 0 0 0 0 0 0 0 0 0 0 0 0 0 0 1 2 1 1 1 4 10 7 4 1 1 1 0 0 0 0 0 0 0 0 0 0 0 0 0 0 0 0 0 1 1
0 1 1 2 1 1 1 1 2 2 1 1 0 0 0 0 0 0 0 0 0 0 0 0 0 0 0 0 0 0 0 0 0 0 0 0 0 0 0 0 0 0 0 0 0 0 0 0 0 1 0 0 0 0 0 0 0 0 0 0 0 0 0 0 0 1 1 1 1 2 2 3 1 6 7 4 2 0 0 0 1 0 1 1 1 0 0 0 0 0 0 0 0 0 1 3
0 0 1 2 1 1 1 1 1 2 1 1 0 0 0 0 0 0 0 0 0 0 0 0 0 0 0 0 0 0 0 0 0 0 0 0 0 0 0 0 0 0 0 0 0 0 0 0 1 2 0 0 0 0 0 0 0 0 0 0 0 0 0 0 0 1 0 1 1 1 1 2 3 3 9 12 1 1 0 0 1 1 1 4 1 1 0 0 0 0 0 0 0 0 1 3
0 0 0 1 0 0 1 1 0 1 1 1 0 0 0 0 0 0 0 0 0 0 0 0 0 0 0 0 0 0 0 0 0 0 0 0 0 0 0 0 1 1 1 1 0 0 0 0 1 2 0 0 0 0 0 0 0 0 0 0 0 0 0 0 0 0 0 1 1 0 1 1 1 7 5 6 2 1 0 0 1 3 3 13 5 3 1 0 0 0 0 0 0 1 2 3
0 0 0 1 1 0 1 0 0 1 0 0 0 0 0 0 0 0 0 0 0 0 0 0 0 0 0 0 0 0 0 0 0 0 0 0 0 0 0 1 1 0 0 1 0 0 0 1 2 1 0 1 0 0 0 0 0 0 0 0 0 0 0 0 0 0 0 0 0 1 1 2 3 3 5 6 2 0 0 0 1 1 2 7 7 2 1 0 0 0 0 0 1 1 2 3
0 0 0 0 0 0 1 0 0 0 0 0 0 0 0 0 0 0 0 0 0 0 0 0 0 0 0 0 0 0 0 0 0 0 0 0 0 0 0 0 0 0 0 1 1 0 0 1 2 3 2 2 1 1 1 1 1 1 0 0 0 0 0 0 0 0 0 0 0 1 1 4 4 3 7 4 2 1 0 0 0 2 2 3 5 2 1 0 1 0 1 1 1 2 4 7
0 0 0 0 0 0 0 0 0 0 1 0 0 0 0 0 0 0 0 0 0 0 0 0 0 0 0 0 0 0 0 0 0 0 0 0 0 0 0 0 0 0 0 1 1 0 0 1 2 6 6 2 2 1 2 1 2 1 0 0 0 0 0 0 0 0 0 0 0 1 2 2 2 12 7 6 4 2 1 0 0 0 2 5 7 5 2 1 1 1 1 1 1 2 3 10
0 0 0 0 0 0 0 0 0 0 0 0 0 0 0 0 0 0 0 0 0 0 0 0 0 0 0 0 0 0 0 0 0 0 1 1 0 0 0 1 2 1 1 2 0 0 0 1 2 9 18 5 4 3 5 3 4 3 1 1 1 0 0 0 0 0 0 0 0 0 1 2 3 6 4 7 4 3 1 0 0 0 2 5 20 8 4 2 2 2 2 3 1 2 5 20
0 0 0 0 0 0 0 0 0 0 0 0 0 0 0 0 0 0 0 0 0 0 0 0 0 0 0 0 0 0 0 0 0 0 1 1 0 0 0 1 2 3 2 4 3 1 0 1 3 6 31 14 4 5 9 5 4 3 2 2 2 1 1 0 0 0 0 0 0 0 0 2 3 7 7 11 5 4 1 0 0 0 2 4 13 22 9 3 4 4 5 5 4 3 7 24
0 0 0 0 0 0 0 0 0 0 0 0 0 0 0 0 0 0 0 0 0 0 0 0 0 0 0 0 0 0 0 0 0 1 1 1 0 0 0 2 6 5 6 13 5 2 1 1 3 10 13 26 8 8 13 15 9 6 4 5 2 2 0 0 0 0 0 0 0 0 0 1 3 2 5 6 9 8 3 1 0 1 2 2 4 10 28 8 8 7 8 8 8 5 9 25
0 0 0 0 0 0 0 0 0 0 0 0 0 0 0 0 0 0 0 0 0 0 0 0 0 0 0 0 0 0 0 0 0 1 2 3 0 0 0 2 2 8 19 28 8 4 2 3 4 17 15 35 20 17 24 25 30 24 13 5 3 2 1 0 0 1 0 0 0 0 0 1 3 4 3 6 16 13 5 1 0 0 1 2 6 12 34 27 13 12 11 14 14 9 11 25
0 0 0 0 0 0 0 0 0 0 0 0 0 0 0 0 0 0 0 0 0 0 0 1 0 0 0 0 0 0 0 0 1 1 2 5 2 1 1 3 5 8 18 37 12 5 2 6 9 13 41 41 46 28 37 42 47 29 26 7 4 2 1 1 1 1 1 1 0 0 0 1 2 3 3 2 12 15 10 2 0 0 0 3 6 15 17 38 20 19 19 23 26 12 35 16
0 0 0 0 0 0 0 0 0 0 0 0 0 0 0 0 0 0 0 0 0 0 1 0 0 0 0 0 0 0 0 0 1 1 1 5 15 4 2 2 10 10 19 36 18 4 4 11 29 23 31 67 45 36 50 67 58 45 23 5 5 3 4 1 2 2 1 1 1 0 0 0 1 2 2 4 8 37 15 8 2 1 0 2 6 14 15 23 39 21 38 11 12 28 21 4
0 0 0 0 0 0 0 0 0 0 0 0 0 0 0 0 0 0 0 1 0 1 0 0 0 0 0 0 0 0 0 0 0 0 1 2 8 10 9 4 4 26 37 56 16 14 14 15 29 40 20 44 74 46 69 75 65 34 15 8 7 6 5 4 3 3 4 1 1 1 0 0 0 1 2 5 8 27 28 14 3 1 1 2 6 10 4 10 26 44 45 13 41 22 6 6
0 0 0 0 0 0 0 0 0 0 0 0 0 0 0 0 0 0 1 1 1 0 0 0 0 0 0 0 0 0 0 0 0 0 1 1 3 4 13 28 8 13 32 66 21 20 19 20 22 14 37 49 66 46 76 49 36 19 15 15 9 9 7 6 10 8 3 2 1 1 1 1 1 1 2 4 9 24 31 11 4 7 2 3 10 12 15 11 17 64 59 44 61 14 11 12
0 0 0 0 0 0 0 0 0 0 0 0 0 0 0 0 1 1 1 0 0 0 0 0 0 0 0 0 0 0 0 0 0 0 0 1 1 4 8 22 32 13 18 66 29 31 26 25 22 26 44 49 79 63 70 37 30 27 28 18 13 14 10 13 15 10 5 2 4 2 2 2 1 1 1 2 9 18 59 29 20 17 8 3 6 9 13 34 18 26 63 63 47 23 19 44
0 0 0 0 0 0 0 0 0 0 0 0 0 0 1 2 2 0 0 0 0 0 0 0 0 0 0 0 0 0 0 0 0 0 1 3 3 7 13 16 44 38 19 28 47 36 51 30 26 19 44 42 59 76 53 50 48 31 39 18 21 16 19 17 16 8 5 6 4 2 4 8 2 1 2 3 6 21 46 58 52 45 6 4 5 11 19 18 44 23 50 62 35 33 53 52
0 0 0 0 0 0 0 0 0 0 0 0 0 0 1 2 1 0 0 0 0 0 0 0 0 0 0 0 0 0 0 0 0 0 1 5 9 15 15 28 46 50 42 42 69 49 57 46 45 32 36 54 49 79 60 58 68 71 44 30 39 30 25 15 11 10 8 3 3 1 3 5 12 7 7 4 5 4 17 43 66 23 5 3 6 13 18 22 53 53 27 72 64 65 63 53
0 0 0 0 0 0 0 0 0 1 0 0 1 1 1 1 1 1 0 0 0 0 0 0 0 0 0 0 0 0 0 0 0 1 2 3 8 10 10 11 12 16 41 48 66 71 67 71 49 38 35 54 66 76 63 77 67 58 49 36 25 20 17 25 15 13 11 7 2 1 3 10 15 20 13 12 7 8 23 24 50 15 8 7 9 21 28 39 50 67 24 80 79 55 49 64
0 0 0 0 0 0 0 0 0 0 2 1 1 2 1 1 0 0 0 0 0 0 0 0 0 0 0 0 0 0 0 0 0 1 1 2 4 5 3 5 9 10 13 21 38 41 55 67 71 44 24 41 62 72 71 69 62 57 47 26 27 25 20 30 20 16 15 10 4 1 3 9 16 28 51 37 25 13 26 54 75 25 14 9 18 21 36 47 54 70 40 73 63 56 57 36
0 0 0 0 0 0 0 0 1 1 3 3 1 1 1 1 0 0 0 0 0 0 0 0 0 0 0 0 0 0 0 0 0 0 1 1 1 1 1 4 6 8 16 21 25 35 30 40 65 58 19 42 49 70 43 42 31 47 34 42 29 15 23 40 18 30 21 16 6 3 3 8 17 23 31 63 48 32 33 58 68 39 16 29 28 28 37 53 58 73 83 39 18 61 44 43
0 0 0 0 0 0 1 1 2 3 4 1 1 1 0 0 0 0 0 0 0 0 0 0 0 0 0 0 0 0 0 0 0 0 0 0 0 1 2 3 5 12 15 17 21 19 36 52 50 69 32 37 45 56 46 30 47 55 54 41 39 24 46 40 10 40 32 20 6 4 6 5 6 14 29 30 49 75 48 56 45 28 36 36 34 31 48 51 60 73 47 26 26 62 46 39
0 0 0 0 0 1 1 2 3 4 1 1 1 0 1 0 0 0 0 0 0 0 0 0 0 0 0 0 0 0 0 1 0 0 0 1 1 1 1 3 3 7 10 12 19 30 46 58 40 49 62 34 33 56 43 25 57 64 49 30 41 35 51 29 21 47 41 25 6 7 8 3 2 9 20 15 25 46 68 75 72 49 61 58 33 32 38 66 60 63 23 28 49 64 51 59
0 0 0 0 0 1 2 2 5 2 2 1 0 0 0 0 0 0 0 0 0 0 0 0 0 0 0 0 0 0 1 1 1 1 0 0 1 4 8 7 6 7 11 9 18 25 26 29 49 45 50 47 38 68 31 27 78 58 32 50 46 41 72 29 43 32 23 9 4 6 4 8 6 8 10 14 29 36 56 54 60 68 64 63 42 35 25 59 71 68 37 57 61 39 75 46
0 0 0 0 0 0 1 3 3 1 1 1 0 0 0 0 0 0 0 0 0 0 0 0 0 0 0 0 0 0 1 1 1 1 2 2 1 1 2 18 23 25 36 27 30 27 30 34 48 54 49 61 59 40 40 32 67 39 30 50 50 66 45 63 46 24 28 16 7 10 10 11 11 5 4 4 9 23 32 56 67 61 79 66 60 25 29 41 71 60 39 63 37 67 46 40
0 1 0 0 1 3 2 2 2 1 1 0 0 0 0 0 0 0 0 0 0 0 0 0 0 0 0 0 0 0 0 0 1 1 2 2 1 1 3 4 9 32 35 41 47 38 42 38 37 32 51 65 32 59 45 68 33 51 35 51 74 67 68 48 43 25 44 19 14 19 11 20 21 8 12 21 24 13 23 49 61 68 62 79 48 40 26 40 61 35 62 24 53 56 60 60
0 0 0 0 0 0 1 5 2 1 0 0 0 0 0 0 0 0 0 0 0 0 0 0 0 0 0 0 0 0 0 0 0 0 1 0 3 4 5 5 5 13 41 39 38 52 48 45 32 28 26 20 30 45 26 62 39 35 39 60 81 72 43 50 30 39 45 39 18 23 14 23 22 18 26 25 35 32 21 13 28 26 30 48 63 42 24 29 71 27 43 33 71 53 68 72
0 0 0 0 0 1 1 3 3 2 1 0 0 0 0 0 0 0 0 0 0 0 0 0 0 0 0 0 0 0 0 0 0 0 1 4 3 3 12 10 14 21 21 34 33 27 19 46 73 25 25 27 50 42 36 47 17 39 59 75 54 47 40 40 18 40 37 39 34 28 17 27 27 22 43 38 52 43 18 25 46 50 34 50 58 39 40 22 48 27 70 56 55 60 62 58
0 0 0 0 2 3 3 4 1 1 0 0 0 0 0 0 0 0 0 0 0 0 0 0 0 0 0 0 0 0 0 0 1 1 2 5 8 9 8 22 35 21 21 14 28 34 50 58 23 50 40 34 39 46 47 46 22 72 47 26 26 29 54 45 46 43 33 34 39 38 22 18 29 31 48 38 44 50 18 23 33 32 37 38 52 55 57 27 9 47 45 42 55 61 44 36
0 0 0 1 3 5 5 1 1 0 1 0 0 0 0 0 0 0 0 0 0 0 0 0 0 0 0 0 0 0 0 0 1 1 2 3 4 3 9 24 35 39 27 30 37 37 45 40 51 41 30 64 42 25 26 47 45 41 26 27 25 33 47 55 48 31 46 48 44 39 26 21 30 29 21 34 47 60 42 20 23 19 29 20 14 24 41 23 16 45 57 53 53 62 53 60
1 1 1 2 4 6 6 2 1 0 0 0 0 0 0 0 0 0 0 0 0 0 0 0 0 0 0 0 0 0 0 0 1 2 2 3 4 13 12 16 20 41 71 59 40 41 41 46 42 42 61 30 46 63 39 38 28 16 15 19 31 47 63 58 36 43 46 53 32 24 26 35 34 25 13 32 59 71 60 37 24 30 25 34 43 26 44 48 42 76 37 23 39 60 63 55
0 4 5 4 7 6 3 2 2 1 0 0 0 0 0 0 0 0 0 0 0 0 0 0 0 0 0 0 0 0 0 0 0 1 1 3 5 10 12 16 27 30 33 47 73 66 46 48 45 47 34 42 59 25 24 40 33 26 36 49 40 40 63 55 54 58 31 46 40 40 26 26 38 27 12 23 40 53 66 61 38 37 27 28 42 46 43 44 43 52 71 28 30 30 40 45
0 2 14 10 6 3 1 1 1 1 1 0 0 0 0 0 0 0 0 0 0 0 0 0 0 0 0 0 0 0 0 0 0 1 1 3 3 3 4 6 5 15 36 49 65 73 43 59 70 58 48 49 67 68 33 29 31 37 53 50 39 53 65 57 64 56 44 41 48 49 31 16 46 53 21 25 46 42 28 58 66 56 27 29 33 43 36 28 21 19 36 41 23 15 18 24
1 4 7 6 7 4 1 1 0 0 0 0 0 0 0 0 0 0 0 0 0 0 0 0 0 0 0 0 0 0 0 0 0 0 1 2 1 2 3 6 13 24 25 34 42 32 43 61 75 64 67 84 42 41 48 36 44 52 51 34 34 54 60 66 56 41 50 45 43 56 19 20 42 63 33 19 24 33 26 42 43 63 36 23 33 45 44 42 46 53 27 19 47 28 24 15
2 6 6 7 4 2 1 1 0 0 0 0 0 0 0 0 0 0 0 0 0 0 0 0 0 0 0 0 0 1 1 1 0 0 0 1 2 1 5 8 9 13 21 33 45 60 44 62 67 58 63 49 38 27 26 31 31 45 34 27 36 60 38 44 41 43 52 55 51 41 18 34 39 65 45 32 17 24 21 30 27 30 57 31 34 54 51 77 49 35 17 18 20 34 44 27
5 10 10 4 2 1 1 0 0 0 0 0 0 0 0 0 0 0 0 0 0 0 0 0 0 0 0 0 0 0 0 1 1 0 0 0 1 2 2 6 8 11 21 23 60 54 46 65 25 31 29 34 30 28 24 10 12 23 36 31 34 66 44 42 42 62 56 40 32 37 19 31 56 52 60 29 28 25 17 23 37 38 37 50 18 60 21 21 66 48 44 18 18 13 20 25
12 11 9 2 1 0 0 0 0 0 0 0 0 0 0 0 0 0 0 0 0 0 0 0 0 0 0 0 0 0 0 0 1 2 1 0 0 1 2 3 6 6 16 30 42 40 60 55 39 19 20 31 32 33 40 27 20 44 42 24 43 21 29 34 51 56 46 35 49 33 19 14 39 64 65 33 27 24 18 27 26 33 39 39 44 17 38 41 26 31 44 32 27 18 9 9
20 14 3 2 1 1 0 0 0 0 0 0 0 0 0 0 0 0 0 0 0 1 1 1 0 0 0 0 0 0 0 0 1 2 3 0 0 0 1 3 6 8 11 12 12 35 43 33 30 22 30 31 34 37 55 53 32 54 49 17 16 31 20 50 52 53 39 44 31 26 17 19 30 35 64 35 29 23 18 27 14 22 15 32 36 41 56 72 46 25 27 25 14 16 15 15
13 9 3 1 1 1 1 0 0 0 0 0 0 0 0 0 0 0 0 0 0 1 1 2 1 1 0 0 0 0 0 1 1 1 4 1 0 0 1 2 5 7 9 11 17 40 33 19 22 36 36 32 57 49 56 60 35 27 18 12 27 15 26 40 39 33 48 46 33 39 17 10 19 27 27 59 33 21 20 31 23 21 23 5 15 36 14 6 10 22 24 30 31 20 18 13
13 7 3 2 1 0 0 0 0 0 0 0 0 0 0 0 0 0 0 0 0 0 0 0 2 1 1 0 0 0 0 1 1 2 5 0 0 0 1 2 4 6 9 11 14 16 14 27 29 31 50 31 46 41 33 47 27 39 24 24 30 28 18 19 32 36 37 18 45 35 18 8 12 27 27 21 45 11 26 13 19 25 18 43 81 19 29 26 25 36 50 44 44 23 18 17
13 6 2 2 2 1 0 0 0 0 0 0 0 0 0 0 0 0 0 0 0 0 0 0 1 4 2 1 1 1 1 1 1 3 3 1 0 0 1 1 2 4 4 9 11 13 22 27 25 37 30 34 36 39 43 47 59 43 31 22 31 30 10 26 32 25 22 32 32 36 19 12 14 11 21 16 15 23 16 16 21 11 25 20 40 67 41 57 53 60 65 56 61 45 51 53
17 7 3 1 1 1 0 0 0 0 0 0 0 0 0 0 0 0 0 0 0 0 1 1 1 2 9 3 2 1 1 3 2 8 2 1 0 0 0 1 1 2 3 4 8 13 21 24 23 25 27 32 49 55 48 32 36 35 27 37 47 51 32 28 17 24 32 39 26 27 19 13 10 14 15 22 14 6 14 16 8 9 23 15 4 36 83 60 64 66 50 54 45 44 23 18
