sesion_6_simulaciones/modelos_agentes/ejemplos_netlogo/scenarios/echam4_b2/rob_2088.asc
NCOLS 322 
NROWS 307 
XLLCORNER 451900 
YLLCORNER 4086900 
CELLSIZE 100 
NODATA_value -9999 
[rows 0 to 73 of 307, columns 96 to 191 of 322]
0 0 0 0 0 0 0 0 0 0 0 0 0 1 1 0 0 0 0 0 0 0 0 0 0 0 0 0 0 0 0 0 0 0 0 0 0 0 0 0 0 1 5 9 13 8 16 12 19 6 5 8 3 1 2 2 3 0 1 1 1 0 0 0 1 1 3 0 0 3 5 3 3 4 5 4 6 9 5 38 30 18 30 35 47 31 34 37 43 56 30 20 15 5 9 18
0 0 0 0 0 0 0 0 0 0 0 0 0 0 0 0 0 0 0 0 0 0 0 0 0 0 0 0 0 0 0 0 0 0 0 0 0 0 0 0 1 1 2 4 33 38 37 23 48 14 21 12 2 1 7 1 1 1 0 0 0 0 0 0 0 0 0 1 2 2 1 4 11 5 10 15 26 10 12 16 18 15 29 34 46 30 31 39 42 32 37 26 32 12 18 17
0 0 0 0 0 0 0 0 0 0 0 0 0 0 0 0 0 0 0 1 1 0 0 0 0 0 0 0 0 0 0 0 0 0 1 0 0 1 1 1 2 5 4 6 1 1 2 8 52 27 25 24 3 10 5 4 2 1 1 0 0 1 7 4 7 2 1 4 1 1 2 2 5 4 7 20 34 40 20 14 15 15 27 29 38 31 32 48 26 25 32 21 28 25 15 15
0 0 0 0 0 0 0 0 0 0 0 0 0 0 0 0 0 0 1 1 0 0 0 0 0 0 0 0 0 0 0 0 0 0 1 0 1 2 4 7 15 20 12 3 1 1 1 1 7 2 3 3 1 3 6 1 3 0 0 1 1 2 14 13 12 20 12 4 5 3 2 4 3 3 8 10 18 9 7 13 19 19 31 36 35 27 25 33 21 18 30 29 17 22 10 19
0 0 0 0 0 0 0 0 0 0 0 0 0 0 0 0 0 1 0 0 0 0 0 0 0 0 0 0 0 0 0 0 0 1 1 1 2 5 14 27 38 30 20 6 3 1 1 4 2 2 2 3 1 5 1 2 3 1 0 0 4 12 6 16 10 4 15 3 5 8 7 3 3 2 6 6 10 9 12 15 19 14 48 32 20 23 22 34 22 23 30 37 11 20 23 31
0 0 0 0 0 0 0 0 0 0 0 0 0 0 0 0 0 0 0 0 0 0 0 0 0 0 0 0 0 0 0 1 1 0 3 5 7 18 32 28 42 45 40 15 4 5 4 4 4 3 4 9 1 2 1 3 1 1 1 1 7 12 2 1 2 3 4 1 1 3 1 3 13 5 5 2 5 5 6 12 11 13 19 18 26 17 17 32 28 15 25 13 18 20 43 12
0 0 0 0 0 0 0 0 0 0 0 0 0 0 0 0 0 0 0 0 0 0 0 0 0 0 0 0 0 0 0 1 1 1 2 18 25 32 32 43 47 47 17 7 8 24 8 12 9 7 5 6 5 4 4 2 1 2 2 1 1 1 1 2 1 1 7 14 5 5 1 3 2 1 6 5 6 6 4 9 7 5 8 7 15 18 13 21 21 8 21 14 20 18 11 10
0 0 0 0 0 0 0 0 0 0 1 0 0 0 0 0 0 0 0 0 0 1 0 1 1 0 0 0 0 0 0 0 1 4 3 13 25 39 42 43 38 14 14 11 27 21 14 29 16 12 5 6 12 10 5 4 2 8 13 12 5 2 0 0 2 1 6 2 7 3 5 2 1 2 1 5 8 28 13 4 8 10 6 7 20 10 12 13 17 20 14 10 3 7 9 7
0 0 0 0 0 0 0 0 0 0 0 0 1 1 0 0 0 0 0 0 0 0 0 0 0 0 0 0 0 0 0 1 3 12 26 12 6 14 10 12 21 13 9 17 44 35 13 20 19 11 8 4 37 11 5 9 7 11 2 4 14 8 3 0 2 2 1 1 1 2 6 4 1 1 5 2 4 5 8 25 20 44 9 13 7 4 7 36 13 16 15 52 26 12 9 13
0 0 0 0 0 0 0 0 0 0 0 0 0 0 0 0 0 0 0 0 0 0 0 0 0 0 0 0 0 0 1 3 4 6 17 15 15 17 9 10 6 5 9 21 51 28 8 9 13 16 13 7 9 57 32 27 3 5 2 9 7 8 2 2 1 1 1 1 2 4 3 4 6 4 6 11 3 4 26 28 12 39 20 12 4 6 5 10 11 26 10 21 58 44 11 8
0 0 0 0 0 0 0 0 0 0 0 0 0 0 0 0 0 0 0 0 0 0 0 0 0 0 0 0 0 1 3 5 24 21 10 11 13 30 29 18 12 5 4 6 29 10 8 13 17 12 17 7 13 17 66 42 7 4 5 13 4 4 3 1 2 2 3 1 5 9 8 11 4 4 11 17 9 4 4 23 14 11 24 29 7 9 6 10 44 32 28 21 52 69 36 15
0 0 0 0 0 0 0 0 0 0 0 0 0 0 0 0 0 0 0 0 0 0 0 0 0 0 0 0 0 5 7 10 15 15 13 10 14 30 30 23 13 6 7 14 17 8 8 27 11 13 30 10 16 29 13 28 10 8 10 9 3 2 7 4 2 2 6 5 8 36 44 46 6 10 16 19 9 6 8 33 14 3 17 32 10 12 12 13 33 19 14 21 43 49 45 33
0 0 0 0 0 0 0 0 0 0 0 0 0 0 0 0 0 0 0 0 1 1 0 0 0 0 0 0 1 4 15 9 13 12 14 23 33 13 17 32 12 5 6 26 20 8 15 15 18 25 39 28 27 47 27 21 19 12 17 6 4 4 6 5 3 2 2 7 18 12 29 28 16 9 7 18 8 9 3 7 15 3 27 46 12 13 24 15 12 38 25 10 16 28 48 59
0 0 0 0 0 0 0 0 0 0 0 0 0 0 0 0 0 0 1 0 0 0 0 0 0 0 0 1 3 3 7 10 9 5 7 7 9 6 6 10 13 2 2 2 8 6 12 13 41 56 61 57 39 40 22 34 30 18 15 14 4 3 9 9 7 6 4 4 6 3 1 1 10 13 8 11 6 12 8 5 2 4 11 40 42 14 23 26 18 15 36 17 29 47 74 50
0 0 0 0 0 0 0 0 0 0 0 0 0 0 0 0 0 0 1 0 0 1 1 0 0 0 0 0 3 5 3 2 3 5 9 8 8 7 4 1 9 2 7 4 1 3 14 28 32 64 64 59 45 54 32 55 47 29 25 26 3 9 13 13 7 6 2 4 3 1 1 9 25 16 12 14 15 12 6 6 13 4 14 42 51 19 9 13 18 14 10 9 25 39 48 43
0 0 0 0 0 0 0 0 0 0 0 0 0 0 0 0 0 0 0 0 0 0 0 1 0 1 0 1 1 1 2 5 9 10 8 11 26 27 13 3 3 4 1 5 2 3 3 18 34 38 51 41 38 36 49 30 36 26 32 27 4 10 2 14 24 14 4 5 6 1 4 19 23 21 8 4 7 14 20 17 13 13 14 36 64 79 46 30 15 13 13 8 28 65 53 35
0 0 0 0 0 0 0 0 0 0 0 0 0 0 0 0 0 0 0 0 0 0 0 0 1 0 1 1 5 4 6 2 4 8 9 18 30 36 28 2 6 6 3 4 12 13 15 4 18 31 21 20 16 16 26 43 41 40 40 40 7 17 10 11 19 5 3 4 4 3 4 23 13 21 4 3 6 6 24 15 19 19 23 30 68 83 81 31 17 17 16 12 32 60 68 60
0 0 0 0 0 0 0 0 0 0 0 0 0 0 0 0 0 0 0 0 0 0 0 0 0 1 0 1 1 1 3 3 6 4 14 33 21 30 28 14 19 22 16 16 28 27 32 20 7 3 4 6 4 2 9 53 77 86 53 19 32 16 13 8 14 9 4 9 3 3 24 21 20 18 5 11 23 12 16 24 14 15 12 7 55 62 58 56 38 21 22 17 23 45 48 23
0 0 0 0 0 0 0 0 0 0 0 0 0 0 0 0 0 0 0 0 0 0 0 0 1 2 0 1 1 2 3 4 3 9 13 17 7 10 15 33 24 31 38 50 44 28 38 35 19 14 11 11 15 2 3 13 80 84 52 26 22 28 12 7 13 3 4 5 1 17 37 32 24 33 9 9 29 28 26 62 32 22 12 8 18 45 52 49 54 32 28 31 17 33 72 21
0 0 0 0 0 0 0 0 0 0 0 0 0 0 0 0 0 0 0 0 0 0 0 0 0 0 1 1 1 1 2 4 6 5 7 3 10 15 13 22 43 49 44 25 30 16 31 39 24 20 19 6 11 6 11 7 28 40 49 45 27 14 10 20 16 2 4 19 42 25 44 62 21 62 22 7 24 53 36 62 49 42 30 14 17 55 75 60 67 46 41 29 14 24 65 53
0 0 0 0 0 0 0 0 0 0 0 0 0 0 0 0 0 0 0 0 0 0 0 0 0 0 0 0 0 1 1 1 2 4 7 5 5 12 8 32 18 24 44 35 22 19 25 39 38 20 30 24 9 16 22 17 22 48 60 48 12 12 47 34 16 3 14 23 31 39 26 28 16 24 46 31 17 17 21 65 26 23 45 34 29 16 65 45 70 40 48 29 22 22 32 55
0 0 0 0 0 0 0 0 0 0 0 0 0 0 0 0 0 0 0 0 0 0 0 0 1 0 1 1 0 1 1 2 2 8 12 7 20 9 18 7 21 15 14 17 35 39 72 61 60 28 29 23 23 24 36 29 30 44 65 61 55 12 18 18 10 10 36 6 23 39 40 25 32 14 46 53 29 17 23 77 84 45 21 63 50 20 16 29 70 58 52 51 28 26 28 60
0 0 0 0 0 0 0 0 0 0 0 0 0 0 0 0 0 0 0 0 0 0 0 0 1 0 1 1 1 1 3 7 13 3 1 22 19 6 7 9 17 35 24 17 18 51 49 23 31 24 44 29 29 31 31 34 22 35 54 34 25 19 11 9 9 23 40 4 21 11 35 48 36 12 13 40 37 53 26 58 86 62 57 28 51 30 12 28 73 78 32 65 47 30 36 57
0 0 0 0 0 0 0 0 0 0 0 0 0 0 0 0 0 0 0 0 0 0 0 0 1 1 0 3 2 2 2 1 1 1 1 3 7 11 4 12 14 30 31 37 36 16 14 10 7 6 22 19 12 16 30 16 18 21 21 29 34 21 11 14 33 28 19 7 16 16 19 38 29 33 23 62 64 43 39 22 66 69 51 71 36 27 21 24 24 63 28 47 45 26 23 33
0 0 0 0 0 0 0 0 0 0 0 0 0 0 0 0 0 0 0 0 1 1 2 1 1 1 3 2 7 3 1 1 3 3 2 0 1 9 13 4 9 24 39 52 39 36 32 28 23 22 11 9 6 3 4 5 5 8 29 35 43 21 26 27 14 33 15 18 27 24 17 28 48 57 16 57 65 45 48 34 54 70 43 24 60 42 26 27 22 35 36 39 53 31 19 18
0 0 0 0 0 0 0 0 0 0 0 0 0 0 0 0 1 1 0 0 2 8 11 21 15 11 14 6 12 8 20 29 33 10 3 3 4 3 3 7 17 13 22 31 46 50 53 42 38 38 22 22 23 22 21 21 22 18 42 47 35 27 19 18 15 33 31 39 15 43 17 14 46 34 18 44 45 25 32 31 33 46 73 27 30 22 29 15 15 26 21 33 18 18 13 16
0 0 0 0 0 0 0 0 0 0 0 0 0 1 2 1 1 5 3 9 14 21 34 34 26 39 34 28 33 40 22 9 17 23 15 5 7 5 2 2 12 16 21 40 37 39 49 41 42 41 34 34 37 37 22 35 23 26 37 27 31 19 10 11 9 42 24 40 35 42 12 17 27 34 25 46 43 57 21 32 34 17 46 33 21 42 20 19 5 14 23 18 21 15 16 15
0 0 0 0 0 0 0 0 0 0 1 1 1 2 3 11 11 7 11 4 8 13 17 42 43 42 65 58 54 53 7 4 4 4 11 11 16 7 9 7 9 26 32 35 39 36 32 58 49 39 33 34 35 35 33 34 36 11 21 20 21 12 12 18 34 56 53 26 34 16 22 13 28 31 34 23 21 37 43 26 38 25 40 36 14 38 21 15 5 10 23 22 17 22 14 8
0 0 0 0 0 0 0 0 0 1 3 6 11 17 36 37 23 20 32 17 7 3 15 30 21 21 15 40 42 33 21 3 2 2 2 4 8 7 10 12 5 12 20 24 14 13 9 24 35 33 45 46 33 32 32 48 37 14 15 12 8 16 30 37 47 38 23 23 16 32 29 40 24 24 26 23 24 26 42 30 28 26 26 19 23 21 23 18 14 6 15 9 9 16 7 7
0 1 0 0 1 1 1 1 4 9 17 20 29 50 41 62 34 35 57 10 29 10 5 15 11 7 9 10 11 11 25 12 6 1 2 1 4 4 4 12 11 11 31 12 16 15 9 23 24 15 12 11 10 18 20 10 35 21 15 11 13 18 33 38 42 35 17 36 49 29 36 26 24 21 19 13 17 17 26 26 26 25 11 20 13 7 8 5 8 5 4 1 2 3 3 5
0 1 1 1 1 3 5 9 9 27 31 53 41 62 50 57 26 29 57 41 10 14 7 4 4 4 2 2 6 6 10 44 11 3 3 2 11 36 36 22 22 14 16 9 8 13 15 6 4 7 8 17 26 28 15 15 33 19 29 10 16 23 36 26 41 21 15 29 50 46 31 24 13 24 18 11 7 3 8 12 18 12 7 6 4 6 5 5 3 3 3 3 17 10 11 15
1 2 4 4 9 17 22 25 29 43 45 78 58 58 36 51 33 50 46 51 9 21 20 7 5 1 1 1 2 3 3 7 9 3 3 6 4 7 8 9 7 8 9 17 18 12 14 8 13 15 36 50 40 25 47 11 35 32 8 4 4 15 13 33 26 29 18 12 16 24 20 20 11 5 4 6 9 7 16 22 15 21 14 21 23 23 20 19 17 26 9 11 35 24 15 29
5 10 14 23 29 23 40 37 54 47 80 49 23 36 35 33 40 42 41 46 15 9 13 7 6 3 1 2 5 5 5 11 6 2 7 5 8 8 14 10 18 12 20 22 28 29 23 22 17 20 29 54 54 51 54 26 36 32 16 21 12 3 4 5 8 7 13 9 8 9 10 8 8 15 25 23 37 24 38 23 26 36 23 35 26 53 38 21 32 31 17 19 34 28 20 36
23 29 42 33 50 43 52 39 49 36 52 6 14 10 17 30 33 22 20 36 19 7 3 2 4 5 5 4 6 2 18 20 15 8 11 13 13 10 13 13 14 17 19 20 33 24 34 23 13 44 36 37 46 31 23 22 53 30 23 41 32 21 22 24 25 24 40 30 25 23 24 25 36 37 37 23 39 37 39 38 38 40 37 36 54 46 38 33 34 22 33 23 38 24 45 42
3 8 19 20 44 40 54 47 18 3 1 2 6 4 5 6 7 14 28 39 18 4 5 8 4 4 15 9 15 10 15 15 13 9 9 19 16 7 19 15 15 23 24 25 20 20 29 23 19 29 37 30 40 44 27 33 31 21 28 32 30 32 33 37 37 34 48 43 39 23 36 37 34 36 49 36 37 51 37 50 51 38 43 42 67 44 40 37 39 36 36 29 46 47 46 57
3 2 2 2 2 3 10 10 9 3 2 3 7 8 4 2 2 3 16 20 9 4 18 4 10 14 19 12 19 11 9 8 16 8 4 10 10 5 11 15 11 23 15 14 15 18 33 23 15 18 32 29 13 50 25 38 18 22 27 22 38 27 25 27 30 22 49 36 25 34 34 34 45 33 45 33 34 50 50 52 39 37 50 45 53 43 40 40 38 38 38 34 65 51 41 40
6 13 12 4 5 4 1 3 4 2 4 6 6 3 2 3 1 7 5 9 13 22 23 8 17 13 15 12 8 3 1 3 8 6 4 6 4 4 8 13 16 9 12 10 11 23 18 12 21 20 29 34 14 35 28 11 34 31 27 17 29 23 37 36 27 34 33 34 33 21 32 45 44 32 45 44 34 52 36 46 36 48 51 64 54 40 23 49 39 40 47 50 57 28 55 36
6 6 8 5 3 3 3 3 6 8 10 12 9 3 3 8 9 11 14 20 38 31 27 13 12 7 6 9 9 6 3 2 6 4 4 3 2 4 5 8 4 3 9 13 10 35 14 15 26 13 32 10 22 22 8 14 33 27 15 23 16 29 34 24 15 32 32 31 19 33 50 55 48 31 43 47 45 53 35 33 39 48 50 49 42 28 26 49 43 28 56 56 53 27 18 58
2 5 8 7 9 5 9 7 10 11 14 23 17 13 10 17 10 15 23 26 34 17 7 10 11 5 2 4 7 6 3 2 3 4 1 4 2 7 4 3 5 3 10 5 5 31 12 16 13 10 13 20 12 7 7 6 16 33 13 22 21 35 30 15 37 34 40 31 15 33 43 64 47 34 39 48 49 37 30 24 41 66 60 53 53 26 47 68 49 24 44 66 63 33 18 54
4 7 5 6 4 6 10 6 5 10 12 15 15 15 19 17 16 22 20 20 21 12 9 7 5 3 3 5 4 4 1 3 1 1 3 3 3 2 3 2 3 2 7 2 2 13 11 11 6 9 8 3 11 1 1 1 4 16 6 23 31 21 23 43 33 34 22 11 18 45 49 68 51 34 37 56 66 42 39 21 42 69 46 34 35 30 50 66 46 30 24 74 78 51 31 44
1 3 4 6 6 8 6 5 4 4 9 9 10 10 25 10 13 18 13 11 13 10 4 6 3 3 4 3 3 5 1 3 1 1 1 2 1 1 1 2 2 2 4 2 6 4 10 6 2 3 6 3 4 2 2 1 2 4 3 16 25 22 27 42 15 30 11 10 18 47 53 58 50 35 40 56 70 30 38 17 50 79 49 24 22 30 50 66 46 32 26 59 71 60 19 41
1 1 4 4 2 3 4 2 2 2 6 5 5 9 7 7 5 10 11 5 4 5 6 3 2 2 2 1 1 7 1 2 1 1 1 2 2 1 1 1 1 2 2 2 3 2 3 1 1 1 1 5 3 2 1 2 4 2 2 9 8 13 41 18 28 26 17 20 27 32 48 37 44 22 26 48 34 20 41 19 33 60 48 35 21 26 49 62 41 34 25 39 61 41 24 39
0 0 1 1 0 0 1 1 1 1 1 2 2 4 4 3 4 3 4 4 2 1 1 2 2 1 2 1 1 1 2 2 1 0 0 1 1 0 1 1 1 2 1 1 1 1 1 1 0 0 0 1 0 1 1 1 2 1 2 4 4 9 5 11 36 14 14 20 32 20 24 41 20 10 19 35 25 14 38 17 24 45 24 21 24 16 18 56 54 29 17 33 51 30 17 30
0 0 0 0 0 0 0 0 0 1 1 1 2 1 1 2 2 2 2 2 1 1 0 1 1 1 1 0 0 1 1 1 0 0 1 0 0 0 0 1 1 0 1 1 1 0 0 1 0 0 0 0 0 0 0 1 1 2 2 1 1 1 3 19 5 9 19 9 13 11 6 17 6 5 10 18 9 12 21 7 22 27 14 14 17 21 8 15 50 18 14 22 39 28 18 14
0 0 0 0 0 0 0 0 0 0 0 1 1 1 1 1 1 1 1 1 1 0 1 1 1 1 0 0 0 0 1 1 0 0 0 0 0 0 0 0 1 0 1 0 0 0 0 0 0 0 0 0 0 0 0 0 2 1 1 3 2 1 4 4 7 11 4 4 5 7 2 9 2 2 3 10 4 10 13 4 9 11 5 15 15 19 9 10 38 19 8 17 19 9 11 8
0 0 0 0 0 0 0 0 0 0 0 1 0 0 0 1 1 1 1 0 0 0 1 0 0 0 0 0 0 0 0 0 0 0 0 0 0 0 0 0 0 0 0 0 0 0 0 1 2 4 2 1 2 1 0 1 1 1 1 2 1 1 2 1 4 1 2 2 3 4 1 3 1 2 1 3 2 5 4 3 8 4 3 6 10 4 7 5 12 6 9 5 16 14 16 12
0 0 0 0 0 0 0 0 0 0 0 0 0 0 0 0 0 0 1 0 0 0 0 0 0 0 0 0 0 0 0 0 0 0 0 0 0 0 0 0 0 0 0 1 0 2 1 5 1 1 1 1 2 3 4 2 2 0 0 2 1 1 0 0 1 1 1 1 1 3 3 2 2 2 1 3 1 4 1 1 7 1 6 6 11 4 5 4 5 8 8 12 16 25 33 60
0 0 0 0 0 0 0 0 0 0 0 0 0 0 0 0 0 0 0 0 0 0 0 0 0 0 0 0 0 0 0 0 0 0 0 1 0 0 1 3 1 1 1 4 1 1 5 4 1 3 1 1 2 6 3 2 4 3 2 5 2 6 4 1 1 1 1 1 1 2 4 4 2 9 14 9 13 24 15 6 7 13 16 14 3 36 31 19 10 4 7 6 11 33 19 29
0 0 0 0 0 0 0 0 0 0 0 0 0 0 0 0 0 0 0 0 0 0 0 0 0 0 0 0 0 0 0 0 0 0 0 0 1 0 0 1 2 2 1 3 6 1 1 2 4 4 5 1 1 7 9 1 13 6 12 8 2 4 2 3 1 3 2 6 10 1 1 7 8 2 9 14 6 15 7 27 5 13 33 18 7 36 26 19 44 36 23 7 16 29 17 11
0 0 0 0 0 0 0 0 0 0 0 0 0 0 0 0 0 0 0 0 0 0 0 0 0 0 0 0 0 0 0 0 0 0 0 0 0 0 0 1 1 1 2 5 3 1 1 1 2 4 5 1 2 5 4 8 4 3 5 8 2 1 1 5 4 6 5 6 6 10 1 7 15 3 10 21 2 1 3 37 28 12 12 16 27 36 35 44 60 44 16 37 9 10 36 52
0 0 0 0 0 0 0 0 0 0 0 0 0 0 0 0 0 0 0 0 0 0 0 0 0 0 0 0 0 0 0 0 0 0 0 0 0 1 0 1 1 2 1 1 8 3 1 1 3 3 6 5 3 12 11 34 4 12 26 25 11 1 4 4 4 16 13 21 7 24 3 3 16 5 12 26 7 4 3 34 21 30 3 3 8 38 49 42 62 39 9 44 21 18 35 47
0 0 0 0 0 0 0 0 0 0 0 0 0 0 0 0 0 0 0 0 0 0 0 0 0 0 0 0 0 0 0 0 0 0 0 0 0 0 1 6 1 3 2 5 6 7 2 3 10 7 30 33 9 17 48 57 14 33 41 25 16 3 15 16 6 6 5 4 16 40 7 4 13 4 17 24 48 9 14 59 24 43 32 8 9 22 43 37 37 23 44 73 24 18 11 12
0 0 0 0 0 0 0 0 0 0 0 0 0 0 0 0 0 0 0 0 0 0 0 0 0 0 0 0 0 0 0 0 0 0 0 0 0 1 4 3 3 1 1 9 12 5 2 3 7 13 33 24 26 10 33 65 22 27 38 27 35 21 28 39 5 7 14 6 24 36 26 12 3 8 43 41 47 40 14 65 17 41 57 24 14 14 40 30 32 11 63 78 47 28 36 14
0 0 0 0 0 0 0 0 0 0 0 0 0 0 0 0 0 0 0 0 0 0 0 0 0 0 0 0 0 0 0 0 0 0 0 0 0 1 2 2 7 2 10 2 29 4 5 6 4 12 35 29 13 5 5 24 32 50 54 48 69 43 47 40 33 13 18 17 30 28 53 25 10 9 27 50 63 62 28 43 45 46 54 66 29 19 12 12 11 22 62 42 66 35 36 25
0 0 0 0 0 0 0 0 0 0 0 0 0 0 0 0 0 0 0 0 0 0 0 0 0 0 0 0 0 0 0 0 0 0 1 1 0 0 0 1 2 1 0 0 3 3 19 17 5 4 12 4 7 3 2 5 6 29 36 32 42 49 45 37 68 17 20 20 5 51 81 21 13 9 45 33 32 45 18 31 37 15 59 75 55 32 8 9 10 16 10 29 71 36 23 33
0 0 0 0 0 0 0 0 0 0 0 0 0 0 0 0 0 0 0 0 0 0 0 0 0 0 0 0 0 0 0 0 0 1 1 1 1 1 1 0 1 2 1 1 1 2 6 11 15 4 5 4 8 4 5 11 8 5 9 20 19 9 18 45 79 44 17 23 33 64 80 33 10 5 12 20 40 30 44 53 37 10 44 64 76 26 17 8 28 33 17 32 85 50 47 54
0 0 0 0 0 0 0 0 0 0 0 0 0 0 0 0 0 0 0 0 0 0 0 0 0 0 0 0 0 0 0 0 0 1 0 0 1 2 1 1 1 4 2 1 3 3 3 4 6 3 7 18 21 18 13 12 9 7 6 4 1 1 6 63 61 55 31 16 19 61 74 66 47 14 8 23 38 29 32 20 44 32 19 72 74 58 24 16 37 26 48 80 80 80 61 59
0 0 0 0 0 0 0 0 0 0 0 0 0 0 0 0 0 0 0 0 0 0 0 0 0 0 0 0 0 0 0 0 1 0 1 1 1 3 2 3 2 4 5 3 1 6 4 7 6 2 6 32 44 50 42 33 21 18 16 15 16 12 14 30 33 44 38 15 7 36 32 70 70 25 10 36 47 31 21 40 66 30 18 19 75 79 29 17 49 56 52 74 46 76 43 29
0 0 0 0 0 0 0 0 0 0 0 0 0 0 0 0 0 0 0 0 0 0 0 0 0 0 0 0 0 0 0 0 0 0 1 3 1 1 4 11 6 7 5 4 1 2 13 11 9 6 6 22 66 70 62 60 50 46 37 35 67 71 76 65 49 45 33 20 8 5 27 43 79 56 51 16 33 42 23 5 19 31 35 50 69 78 49 31 17 37 37 31 78 77 86 56
0 0 0 0 0 0 0 0 0 0 0 0 0 0 0 0 0 0 0 0 0 0 0 0 0 0 0 0 0 0 0 0 1 1 2 2 2 6 15 6 17 13 5 7 9 10 16 21 15 12 8 13 40 68 64 72 77 72 47 34 26 41 52 61 74 70 70 57 32 2 8 44 54 62 49 43 28 13 19 19 51 46 22 31 28 72 71 31 16 25 30 34 27 71 59 73
0 0 0 0 0 0 0 0 0 0 0 0 0 0 0 0 0 0 0 0 0 0 0 0 0 0 0 0 0 0 0 2 1 1 1 4 3 5 4 2 4 27 36 17 31 20 16 15 19 22 22 11 9 13 54 54 51 74 75 64 56 49 34 41 49 70 76 74 70 59 37 61 52 75 39 40 29 20 31 23 21 28 17 49 37 74 80 29 14 40 46 30 31 31 61 76
0 0 0 0 0 0 0 0 0 0 0 0 0 0 0 0 0 0 0 0 0 0 0 0 0 0 0 0 0 0 0 0 0 1 1 2 3 5 7 8 5 2 7 46 51 64 49 31 28 12 20 24 21 13 23 42 36 29 49 56 59 68 70 58 34 39 70 78 78 62 64 80 60 83 69 49 44 45 27 16 19 40 19 32 45 31 70 43 15 30 47 43 19 12 55 78
0 0 1 0 0 0 0 0 0 0 0 0 0 0 0 0 0 0 0 0 0 0 0 0 0 0 0 0 0 0 0 1 0 1 1 4 5 6 7 10 14 12 6 5 7 50 61 54 32 21 15 26 22 15 6 6 6 8 8 11 20 43 38 53 57 33 34 51 50 43 68 68 67 64 63 66 71 64 39 44 43 39 21 23 62 68 49 57 23 10 41 44 23 43 81 40
0 0 0 0 0 0 0 0 0 1 1 1 0 0 0 0 0 0 0 0 0 0 0 0 0 0 0 0 0 0 0 1 0 0 1 2 2 4 4 6 8 8 20 21 24 16 10 7 29 32 40 13 13 10 14 22 20 21 21 19 22 10 7 11 16 11 10 8 11 32 44 60 55 51 42 35 37 63 56 47 38 27 55 48 50 63 52 67 48 17 13 37 53 82 52 74
0 0 0 1 0 0 0 0 0 1 0 0 0 0 0 0 0 0 0 0 0 0 0 0 0 0 0 0 0 0 0 0 0 0 0 1 2 4 3 5 8 12 15 21 25 20 18 20 15 8 8 7 10 23 24 34 33 37 35 50 24 8 8 24 25 39 22 26 8 7 18 42 35 25 24 27 33 45 52 67 61 31 27 31 33 38 53 63 67 28 14 31 87 66 55 67
0 0 0 0 0 0 0 0 0 0 0 0 0 0 0 0 0 0 0 0 0 0 0 0 0 0 0 0 0 0 0 0 0 0 0 1 1 2 2 5 6 7 7 9 15 14 13 22 19 17 23 26 28 39 32 30 44 49 53 50 29 26 26 39 36 28 37 22 10 14 13 4 4 5 7 6 15 16 8 15 27 20 21 15 17 18 44 55 49 32 14 68 75 50 73 70
0 0 0 0 0 0 1 1 0 0 0 0 0 0 0 0 0 0 0 0 0 0 0 0 0 0 0 0 0 0 0 0 0 0 0 0 1 2 1 1 3 6 6 5 10 10 15 17 22 20 26 16 18 30 38 39 41 46 59 53 34 32 41 40 49 52 56 48 29 29 11 5 3 7 9 17 39 28 19 18 15 12 8 11 10 15 24 36 57 56 26 80 40 26 64 78
0 0 0 1 0 1 0 0 0 1 0 0 0 0 0 1 1 1 0 0 0 0 0 0 0 0 0 0 0 0 0 0 0 0 0 0 1 2 2 2 4 5 9 7 11 12 15 16 20 12 32 22 20 17 27 31 54 56 61 47 22 42 36 50 51 69 62 60 52 33 25 26 26 31 33 47 55 44 29 30 44 53 34 19 25 17 7 14 30 65 46 76 32 33 73 90
0 1 0 0 1 1 2 2 0 0 0 1 1 0 0 2 2 1 0 0 0 0 0 0 0 0 0 0 0 0 0 0 0 0 0 0 0 1 1 2 3 3 4 6 7 9 13 20 16 12 19 24 14 15 25 35 49 43 36 31 31 37 44 46 48 71 67 59 51 30 43 44 44 49 45 46 59 45 44 46 47 48 34 50 53 34 33 10 16 43 39 41 38 26 53 74
1 1 1 0 2 3 3 2 6 1 1 0 0 1 2 1 1 0 0 2 0 1 0 0 0 0 0 0 0 0 0 0 0 0 0 0 0 1 1 2 3 3 2 4 5 5 10 13 10 5 5 15 14 10 18 30 35 29 21 15 17 41 35 38 62 63 56 52 30 25 39 38 41 54 47 59 58 61 43 47 59 51 54 68 61 59 42 16 10 33 29 44 33 14 36 59
1 0 1 1 0 3 2 1 1 4 4 2 0 1 3 2 0 0 1 2 0 2 0 0 0 0 0 0 0 0 0 0 0 0 0 0 0 0 0 0 2 1 2 2 3 2 7 3 7 2 9 7 6 4 12 25 15 18 10 16 16 24 22 37 55 53 50 54 27 42 53 53 36 51 59 53 56 49 40 52 61 58 55 69 46 39 24 22 13 8 13 29 30 11 29 22
1 1 1 1 0 1 6 8 9 4 1 1 0 1 1 2 0 1 4 1 0 2 0 0 0 0 0 0 0 0 0 0 0 0 0 0 0 0 0 0 1 1 1 2 1 1 2 2 1 1 10 2 3 2 10 5 6 10 5 7 7 12 22 38 28 46 41 32 24 39 48 48 29 53 42 53 59 46 38 48 67 54 63 46 32 43 41 51 46 19 4 5 17 14 12 16
2 1 1 1 2 2 4 8 6 6 8 2 4 1 0 0 1 11 6 1 2 2 0 0 0 0 0 0 0 0 0 0 0 0 0 0 0 0 0 0 0 0 1 1 0 1 0 0 1 1 1 0 2 4 1 3 3 2 3 3 3 7 22 21 24 22 17 20 33 42 39 42 34 44 24 33 37 21 30 40 63 38 29 34 46 56 73 61 51 28 19 7 3 9 9 7
2 2 2 2 9 5 13 33 7 6 4 5 6 7 0 0 0 1 0 0 1 2 0 0 0 0 0 0 0 0 0 0 0 0 0 0 0 0 0 0 0 0 0 0 0 0 0 0 0 0 0 0 1 1 1 1 1 1 3 3 2 11 10 13 14 23 16 15 18 32 28 18 20 34 18 9 38 16 21 50 29 37 37 42 74 81 69 54 53 45 25 21 14 4 6 5
