sesion_6_simulaciones/modelos_agentes/ejemplos_netlogo/scenarios/echam4_b2/rob_2033.asc
NCOLS 322 
NROWS 307 
XLLCORNER 451900 
YLLCORNER 4086900 
CELLSIZE 100 
NODATA_value -9999 
[rows 74 to 147 of 307, columns 96 to 191 of 322]
10 32 20 13 10 14 11 35 13 13 10 43 17 56 44 25 4 2 2 3 24 22 6 3 2 1 1 0 1 2 1 0 2 1 1 0 0 0 1 0 0 1 1 0 1 1 1 0 0 1 1 3 9 5 5 3 5 8 15 12 8 48 37 24 35 43 25 39 48 48 39 51 36 53 26 26 43 46 37 36 21 45 64 59 45 28 32 36 22 29 22 20 18 9 2 1
14 16 16 11 7 11 18 24 13 27 26 17 11 12 24 42 15 18 19 33 65 26 19 6 3 2 1 0 1 0 1 10 2 2 3 2 1 0 0 0 0 3 3 4 6 2 1 8 11 1 1 1 1 4 2 2 6 11 9 5 12 13 28 22 29 22 19 28 35 47 24 60 24 30 22 14 36 18 15 40 47 45 23 25 36 37 34 31 44 41 52 53 30 21 8 4
27 14 12 12 9 17 9 31 12 36 40 12 14 32 19 16 23 43 33 40 55 48 41 24 5 3 2 1 1 1 4 7 4 3 3 3 3 0 1 2 1 0 1 0 1 3 2 3 4 5 1 0 1 1 1 2 4 8 3 4 7 3 17 16 20 17 25 16 39 27 12 34 26 17 24 22 13 9 56 32 27 31 49 36 53 59 57 68 73 58 62 58 42 31 19 12
28 8 21 19 15 12 15 21 18 25 68 21 21 21 22 29 56 23 46 43 61 64 31 19 20 2 1 2 3 3 6 1 3 2 4 1 8 2 1 5 1 0 0 0 1 2 5 4 2 13 8 4 2 0 1 1 3 1 2 1 4 2 12 8 9 6 19 14 19 9 5 8 21 6 18 8 8 13 36 22 37 36 34 53 71 69 77 63 64 75 54 58 39 33 21 19
29 15 23 21 32 15 21 22 9 45 67 56 33 17 31 37 42 53 70 29 25 35 47 54 12 8 9 13 16 7 6 2 3 4 1 2 3 2 3 6 3 0 0 0 1 2 6 8 2 21 14 10 9 4 4 1 1 1 1 1 2 1 2 3 2 3 5 10 5 3 3 3 15 9 6 2 8 13 15 19 38 63 76 69 74 77 54 64 70 52 58 41 33 36 33 49
47 48 15 49 55 34 12 28 10 31 32 64 41 27 28 5 36 77 43 36 37 20 46 59 20 9 40 41 32 27 27 8 1 1 1 5 6 1 2 6 6 1 0 1 1 2 4 27 20 21 19 16 17 4 12 7 7 1 1 0 2 3 1 1 1 3 3 5 1 1 4 8 8 5 25 21 5 5 15 34 47 56 59 62 53 69 69 80 64 48 47 36 31 45 66 47
77 83 61 59 21 15 11 10 10 36 18 12 47 55 11 28 71 41 28 20 32 16 7 37 45 42 51 35 44 30 57 33 5 6 7 11 4 3 1 3 12 3 1 1 3 10 5 5 28 14 25 41 21 13 18 5 9 14 11 8 7 2 8 3 1 0 2 4 5 9 6 1 2 2 4 18 22 37 14 33 38 33 62 51 47 53 68 75 62 56 53 40 71 71 36 32
62 59 74 17 12 15 19 16 15 21 21 5 13 23 25 37 17 49 48 33 24 33 6 10 44 60 56 24 16 23 23 9 20 23 19 14 14 14 2 3 13 9 1 1 6 6 3 2 11 5 38 47 17 49 26 9 25 8 7 6 12 3 6 9 6 2 6 6 17 4 11 2 2 2 3 2 5 34 35 37 17 34 59 55 40 50 74 64 59 54 54 61 76 63 35 56
80 80 67 35 37 38 42 29 14 19 30 4 15 27 34 20 17 67 41 28 31 65 31 27 55 87 52 8 20 26 11 12 3 5 47 19 4 5 3 10 17 17 3 2 4 4 4 7 9 25 29 63 58 56 28 24 27 12 26 10 14 9 10 8 8 7 2 4 13 5 20 27 15 9 4 4 5 6 28 54 63 25 41 44 30 69 55 38 52 67 56 76 55 51 41 71
37 58 80 75 17 16 41 41 55 27 26 8 25 54 36 10 17 79 25 42 36 36 22 59 35 40 20 33 37 23 16 12 5 23 62 29 14 5 3 15 6 2 6 2 3 3 4 6 9 21 14 56 49 65 39 35 50 22 37 23 16 18 8 8 12 5 16 4 11 26 33 32 15 8 10 3 4 9 10 51 43 36 14 33 56 28 37 40 54 46 55 48 33 43 46 84
24 34 51 64 67 20 36 25 19 50 41 17 27 53 40 23 34 76 40 38 19 14 68 69 57 42 19 48 44 26 10 5 34 73 68 61 45 15 14 20 13 1 5 3 4 7 7 6 13 5 3 19 65 75 41 51 38 37 59 42 24 17 9 4 23 8 31 15 14 26 47 36 9 6 11 7 8 11 11 20 55 63 52 28 12 43 57 62 52 66 27 45 44 66 44 77
22 36 54 39 62 64 54 53 27 40 59 16 31 62 45 54 39 51 56 66 60 16 38 45 79 65 59 63 55 59 29 67 78 62 53 74 64 19 10 25 11 3 7 4 4 7 9 7 12 9 12 24 71 74 46 33 42 73 61 57 30 8 16 20 34 19 51 37 29 17 54 28 31 24 18 8 9 14 13 15 28 65 43 58 53 23 49 20 58 29 27 51 39 74 47 63
22 18 11 10 29 53 30 18 23 34 40 21 44 70 54 20 40 32 54 66 74 64 29 31 36 42 71 86 52 53 76 78 80 61 68 65 49 61 29 34 15 28 15 19 7 10 18 23 17 21 14 27 63 88 62 42 72 61 71 60 34 18 19 21 52 28 47 41 39 21 43 28 20 5 15 6 2 9 13 12 7 51 65 50 35 70 41 40 43 44 44 59 66 76 77 43
17 9 1 3 25 27 8 13 19 30 16 33 66 61 27 14 25 33 59 60 71 89 54 27 23 33 77 76 82 37 82 65 63 67 84 77 50 66 33 45 32 66 13 37 22 11 12 10 14 16 16 14 40 82 67 76 65 76 87 57 31 29 34 49 47 33 46 40 34 9 11 17 33 22 24 11 4 7 12 20 32 10 55 60 54 64 75 79 88 65 81 83 69 39 80 33
23 21 7 4 25 18 11 18 25 19 25 36 49 58 27 10 56 57 44 48 55 66 79 77 56 36 60 73 83 78 73 85 80 47 50 37 38 68 21 33 79 55 28 17 13 17 8 16 27 36 42 21 28 60 59 71 68 81 82 63 56 64 59 58 58 25 43 50 38 14 12 33 48 30 14 37 8 5 8 16 25 19 18 55 64 82 70 41 41 56 58 79 71 42 57 71
26 12 12 5 13 10 6 36 21 17 14 23 69 46 20 10 55 38 53 62 60 70 80 78 77 50 55 28 48 78 64 68 72 61 60 57 42 33 46 81 41 51 19 9 17 32 15 19 29 43 38 40 26 31 29 57 71 74 83 61 48 58 51 75 68 37 49 65 23 7 8 28 22 25 54 33 12 11 4 16 16 31 38 15 55 77 71 68 68 60 43 40 58 39 26 49
13 15 7 5 4 3 4 25 24 9 31 49 71 67 23 10 38 13 43 78 76 76 44 57 77 63 60 47 74 92 86 81 57 69 51 32 36 30 61 35 31 26 9 31 59 35 22 24 21 22 24 27 24 24 10 16 56 71 84 53 70 64 79 84 84 43 73 53 40 19 11 21 40 48 72 16 12 38 7 12 14 24 41 34 16 62 63 45 27 41 38 37 29 45 45 44
30 25 15 8 7 3 3 7 17 20 25 59 45 33 47 20 46 14 7 31 39 74 53 48 46 29 52 68 87 92 76 81 84 79 73 42 23 35 76 17 47 43 55 60 63 36 49 13 11 20 50 51 61 60 58 27 11 9 43 56 55 66 79 86 86 58 89 61 59 46 21 25 39 76 50 13 29 25 12 7 18 27 36 36 32 11 28 49 40 40 25 38 62 71 61 61
16 13 7 5 5 4 2 1 9 23 33 37 37 16 18 9 49 23 11 48 42 50 36 47 58 50 41 71 46 74 77 75 77 68 23 32 42 48 49 25 62 62 76 61 52 32 61 47 47 33 43 44 48 35 46 18 8 9 11 41 67 85 78 86 77 49 79 72 35 28 34 52 40 59 28 30 50 31 30 28 20 32 28 31 41 29 8 16 20 28 49 60 69 72 70 63
9 8 8 7 6 5 4 2 3 8 21 34 33 28 14 9 51 18 7 28 23 29 33 42 32 57 54 63 48 19 43 50 39 28 48 48 69 80 51 51 26 65 90 55 33 70 55 39 53 34 43 37 26 36 39 46 27 13 14 65 83 79 84 89 85 82 79 83 66 27 46 36 33 14 20 51 41 12 29 11 16 23 25 28 39 29 37 17 6 32 55 76 82 77 75 51
13 6 15 21 13 11 10 9 6 8 15 24 21 17 16 9 28 12 5 13 26 22 18 23 28 46 47 47 50 39 19 16 23 44 46 75 83 57 62 69 46 83 87 56 72 62 56 30 70 41 56 47 61 70 72 60 41 17 20 34 79 72 86 87 82 75 80 85 76 46 32 44 44 37 36 36 40 63 19 20 11 12 28 28 21 36 53 50 19 21 33 31 49 57 62 55
34 30 20 34 30 23 25 22 14 3 8 12 11 13 10 12 10 8 6 13 13 16 8 13 23 29 36 38 38 51 15 20 24 44 84 87 69 46 72 79 64 75 81 66 58 67 58 46 72 50 43 62 56 68 72 61 45 23 15 20 26 72 83 85 77 69 84 77 52 19 33 57 26 43 63 48 56 28 10 33 10 14 25 29 58 41 26 35 45 47 45 24 16 18 29 36
41 24 37 36 41 31 42 27 16 13 2 4 3 6 10 7 9 8 4 5 13 13 9 9 8 10 40 33 30 14 22 10 32 80 77 77 36 62 88 70 53 57 66 27 38 82 54 72 74 65 46 67 80 56 35 42 48 50 42 26 31 49 70 76 77 73 55 61 33 29 46 44 36 51 59 66 47 29 28 30 22 9 22 56 57 56 41 39 45 50 63 62 45 21 13 25
36 40 47 32 47 42 32 29 25 24 25 11 6 2 2 3 8 7 3 3 7 3 4 5 5 8 30 41 25 17 26 7 44 73 60 38 46 81 90 77 41 51 47 36 79 70 50 52 82 78 42 53 57 74 62 45 18 30 36 45 39 48 39 52 34 56 62 57 28 46 56 52 43 39 61 52 43 49 16 6 24 18 27 46 57 46 46 41 31 41 57 54 52 31 28 11
47 34 46 52 50 35 35 44 26 29 21 19 17 9 5 2 3 6 3 4 6 5 3 4 3 7 9 30 8 8 27 9 35 58 30 37 48 67 62 65 53 56 34 74 78 33 57 87 84 73 73 36 23 32 29 40 22 29 48 54 41 57 42 29 27 44 36 32 27 55 49 63 33 55 61 53 69 30 26 13 32 10 11 18 31 55 59 42 34 28 52 45 53 51 49 26
31 23 48 54 25 38 19 24 44 34 24 25 20 19 11 4 2 1 1 1 1 1 2 3 1 2 3 4 4 25 14 6 11 13 19 51 57 67 90 74 66 51 64 65 60 47 52 89 83 73 89 69 46 60 59 42 26 21 14 26 59 46 38 23 26 44 33 27 37 45 58 62 53 25 30 32 41 32 22 24 4 26 15 26 32 49 48 55 63 46 46 51 58 69 50 40
17 33 69 48 46 29 53 31 48 46 29 28 22 10 9 8 7 5 5 5 5 4 2 2 2 1 2 2 8 29 5 9 11 7 26 57 65 27 58 53 62 52 52 66 52 51 68 88 83 82 84 84 45 32 31 30 31 40 34 9 13 27 27 27 28 34 27 29 26 44 52 65 56 56 16 29 41 28 11 11 25 12 9 24 35 41 49 61 52 67 57 68 70 68 57 52
20 36 62 38 37 39 26 32 48 38 35 33 23 22 11 16 8 12 12 12 7 12 5 5 8 5 1 1 3 16 5 10 14 11 23 32 30 35 27 15 53 64 46 37 45 73 85 86 79 70 80 78 60 46 52 63 61 47 41 19 5 24 20 15 24 20 18 21 36 44 39 47 40 35 44 38 26 36 69 60 44 48 22 22 24 28 38 52 68 57 74 71 66 68 69 69
20 52 24 27 38 31 33 23 42 43 22 17 33 18 15 11 12 14 15 15 16 14 13 12 7 9 3 0 2 7 3 5 11 13 20 21 25 35 35 16 31 70 57 28 58 60 87 81 44 36 47 69 83 74 59 58 55 44 28 14 6 27 16 8 11 16 20 32 40 45 41 44 45 59 69 70 56 71 65 55 45 28 18 8 12 28 50 49 53 61 72 74 75 80 75 73
49 19 26 24 20 33 36 29 16 21 29 32 32 30 14 19 17 18 19 29 28 18 25 15 20 11 9 2 1 5 3 3 7 11 21 24 34 33 33 11 20 38 50 22 51 51 76 50 28 29 53 59 81 76 70 56 56 46 27 23 7 11 10 6 19 15 26 48 43 44 45 40 68 72 85 69 73 60 59 36 11 8 8 18 5 21 35 39 63 77 71 58 45 44 39 40
13 19 34 59 54 41 17 11 15 36 38 32 19 32 29 29 24 34 32 33 34 32 24 28 25 15 6 5 1 1 1 2 2 9 15 39 50 34 35 17 15 14 21 7 20 33 25 33 34 46 48 69 86 77 72 72 69 60 57 32 11 9 10 5 17 22 31 25 23 36 56 55 59 62 63 68 65 51 29 20 20 12 26 24 53 27 15 38 66 59 50 55 57 57 55 56
31 45 41 14 14 23 29 13 24 39 40 35 33 33 30 43 29 39 38 46 23 43 40 33 24 13 5 4 1 1 0 1 1 4 11 23 24 31 40 24 25 20 22 7 16 27 38 69 78 76 88 72 86 84 80 68 72 54 42 28 11 13 10 3 3 9 14 29 42 38 52 72 45 49 44 60 60 20 10 19 14 19 40 32 54 32 56 33 42 40 50 57 53 62 67 62
36 22 31 31 32 20 28 16 40 39 37 39 55 39 51 46 44 61 54 37 41 43 52 24 29 17 11 3 2 2 0 0 0 2 6 10 27 45 42 17 11 17 17 11 17 34 65 49 74 65 68 58 91 87 83 63 49 39 29 12 10 4 3 1 1 6 19 44 55 41 49 69 57 38 30 40 25 26 41 33 17 38 40 38 56 65 38 34 32 37 36 49 56 65 59 76
19 17 12 11 11 10 6 22 42 37 38 56 44 52 51 55 64 37 32 59 48 55 53 28 19 12 13 10 7 5 2 1 1 2 6 5 5 18 31 19 12 15 15 15 30 35 20 40 56 85 58 67 84 72 79 70 55 37 17 11 8 4 1 3 1 4 15 29 57 44 46 20 32 42 30 43 44 42 32 26 23 42 39 42 55 51 22 43 16 23 40 55 60 42 72 75
10 16 25 31 28 15 15 26 39 56 51 51 40 51 71 73 52 36 38 67 54 37 34 32 20 15 17 15 8 6 4 4 2 1 6 6 3 4 3 3 4 8 9 14 25 22 29 48 80 42 33 54 86 75 65 46 38 32 31 20 7 4 1 1 1 3 11 18 31 38 37 27 45 33 38 46 57 65 57 52 45 69 43 32 36 44 52 64 55 30 30 39 38 54 63 59
17 35 24 47 22 20 24 40 40 54 52 23 26 52 53 44 38 38 53 77 45 38 36 36 24 23 14 13 8 4 2 3 4 2 1 3 5 3 2 2 3 6 8 8 10 21 34 23 70 32 48 71 86 63 43 41 36 17 13 16 9 7 1 2 1 1 5 6 19 22 36 43 54 47 71 70 82 48 28 16 60 59 67 44 17 51 66 81 69 55 62 31 59 50 47 80
29 31 55 48 23 40 40 41 60 53 41 29 35 59 40 61 26 42 74 49 38 35 41 40 39 31 18 14 6 7 5 5 5 4 1 1 3 1 2 2 2 5 5 5 9 17 26 23 16 27 54 80 81 57 48 42 23 19 16 12 9 3 3 2 1 2 7 17 27 35 45 49 60 68 74 65 31 29 20 54 59 69 76 80 40 59 80 79 66 54 44 45 36 51 37 56
41 47 27 22 29 38 36 59 28 42 18 40 44 74 59 43 26 65 27 25 53 35 28 23 26 24 23 20 19 12 13 11 6 5 2 2 0 2 2 1 1 2 2 6 11 24 11 24 7 11 38 66 89 83 53 41 29 12 17 9 7 3 4 1 1 3 11 26 46 50 49 57 62 55 47 50 42 52 61 63 63 73 65 81 72 65 65 34 17 12 30 65 59 46 33 39
48 37 25 18 29 40 52 11 50 19 23 41 60 66 44 25 58 53 38 20 22 36 16 16 28 27 40 21 31 28 18 18 9 7 5 3 2 1 1 1 2 2 2 6 8 14 3 14 4 19 34 15 66 76 50 30 15 11 9 3 9 9 3 1 1 8 16 19 25 35 40 45 49 50 68 72 66 63 61 47 60 56 46 74 68 48 38 45 55 54 66 23 47 49 31 32
20 35 22 20 32 55 59 17 48 38 52 37 71 40 30 41 60 27 33 30 63 45 29 22 33 51 37 49 42 49 25 11 3 13 7 6 5 2 1 0 1 2 2 5 7 2 7 14 3 15 14 52 64 43 42 36 32 19 9 5 9 7 5 3 0 1 7 17 24 25 33 39 51 43 39 37 35 35 75 35 61 72 55 53 44 31 64 68 62 72 62 39 37 54 58 60
79 24 36 36 47 33 35 46 44 40 50 46 40 34 32 68 30 40 34 66 61 41 51 40 26 54 58 59 72 54 43 13 6 7 5 4 5 5 5 0 0 2 4 4 2 4 26 7 3 13 49 59 69 30 28 37 21 16 12 7 8 4 3 2 1 1 2 6 12 18 8 22 20 20 35 47 43 42 64 58 51 68 86 46 37 54 53 60 76 63 50 56 41 51 45 58
71 90 80 83 75 42 11 6 50 27 59 75 84 71 55 60 58 69 50 64 52 53 54 50 48 57 74 81 53 57 40 23 25 13 9 10 3 5 7 2 0 1 2 3 1 2 3 3 1 14 30 67 62 21 29 31 30 16 8 10 7 3 3 1 1 1 8 14 16 30 37 46 60 52 32 31 44 72 64 70 76 59 62 76 49 53 67 66 53 33 63 74 37 34 52 63
58 84 67 75 68 51 67 24 52 38 16 34 81 85 87 55 38 52 64 63 56 52 64 51 65 67 79 67 68 65 56 42 30 28 28 11 7 9 5 3 2 0 1 2 4 3 2 1 2 8 24 14 35 15 37 21 27 23 12 6 6 6 2 1 0 3 9 18 25 44 63 52 33 46 66 44 56 71 72 88 78 65 63 61 20 33 34 50 69 80 84 51 72 37 41 53
38 83 57 74 69 59 86 60 36 71 47 41 70 79 70 59 70 51 79 89 89 73 58 43 79 68 73 66 56 47 54 43 41 40 35 23 15 8 4 4 4 1 1 1 3 2 3 1 1 3 6 9 44 26 45 42 22 25 10 11 3 2 2 1 2 5 13 13 24 40 63 69 71 59 73 76 78 74 67 85 83 55 42 41 25 32 53 69 62 90 59 66 72 73 41 42
44 78 66 57 76 47 59 22 44 75 55 30 12 60 67 62 72 56 55 84 88 54 78 42 74 62 73 62 58 33 45 63 60 56 52 23 10 8 9 6 2 1 1 1 5 2 4 1 1 1 4 17 46 12 18 9 21 29 23 8 2 1 1 0 2 6 14 14 25 39 51 64 54 36 34 47 81 57 80 81 89 86 32 28 25 43 68 44 74 85 71 77 61 51 33 49
11 34 21 45 69 55 56 13 48 82 42 24 17 36 71 65 71 69 35 43 70 52 49 66 33 34 81 55 36 25 14 21 35 30 32 31 17 18 15 6 3 1 0 0 1 3 3 2 0 2 6 23 20 32 17 9 10 7 4 3 3 2 1 1 2 5 8 9 15 27 35 27 33 46 47 62 87 89 74 66 81 86 72 27 15 34 32 54 82 69 62 27 18 22 29 48
11 41 68 49 59 38 69 45 59 84 67 37 38 38 72 84 54 13 14 27 39 25 37 74 43 22 68 56 66 30 3 24 49 42 20 38 29 21 7 4 1 1 0 0 0 3 4 2 1 6 8 18 8 12 10 10 2 2 6 5 3 1 0 1 2 2 4 5 8 19 30 32 49 46 57 81 88 87 83 54 63 76 70 40 14 26 46 68 62 32 31 58 55 47 53 67
20 13 13 18 27 42 74 28 66 68 86 58 42 33 33 26 18 15 16 36 30 28 22 67 31 55 61 49 65 78 40 24 30 24 27 36 28 18 11 7 3 1 0 0 0 1 3 2 1 3 10 18 2 5 8 18 6 2 3 4 1 1 0 1 2 5 26 19 25 45 54 71 75 58 72 93 89 89 82 65 24 49 64 61 20 27 45 67 50 49 86 63 42 44 37 71
22 32 15 15 28 46 69 58 40 61 79 62 31 15 37 36 15 38 15 18 26 26 23 70 29 25 61 48 55 67 48 36 47 19 11 12 6 8 5 5 5 3 1 0 0 0 0 1 1 2 8 10 1 6 4 4 8 9 3 1 1 1 0 1 2 5 11 28 53 63 85 59 35 51 81 93 89 81 81 81 71 32 66 64 18 28 52 47 34 73 69 52 60 74 19 9
25 37 28 18 26 18 67 73 66 32 82 55 24 8 32 29 37 40 30 19 24 31 8 35 62 9 26 31 60 80 40 11 24 17 27 27 19 14 8 5 4 2 3 1 0 0 0 0 0 2 11 11 2 3 5 3 5 4 2 1 1 0 1 1 1 6 12 32 52 52 27 29 51 59 77 80 86 79 76 63 77 43 32 37 27 47 38 29 66 86 50 60 66 71 61 19
42 28 30 13 14 17 52 81 48 42 70 69 49 9 30 30 52 42 36 27 28 46 22 23 80 23 35 35 58 56 60 45 42 46 37 27 25 17 13 4 2 1 2 1 0 0 0 1 2 6 15 12 2 4 4 1 1 3 3 2 1 0 0 1 3 11 38 41 32 20 38 44 58 87 77 67 86 62 50 41 71 49 32 10 10 38 37 57 86 63 48 58 79 62 59 27
72 17 33 18 15 22 40 49 18 16 79 61 12 6 27 31 53 43 56 45 50 41 38 28 45 30 15 36 45 41 52 59 39 26 23 10 15 15 13 9 3 2 1 0 1 0 0 0 1 4 11 8 3 2 1 1 1 1 1 1 1 1 0 1 4 18 26 16 11 17 43 52 79 85 85 70 56 73 37 38 66 38 14 6 19 48 61 72 77 35 60 84 75 68 76 37
19 33 15 16 14 12 17 29 22 28 68 37 17 7 22 26 50 21 46 35 34 41 37 24 35 45 27 15 7 28 29 50 26 18 23 17 9 5 8 7 2 1 1 0 0 0 0 0 3 7 9 2 2 2 1 1 1 0 0 0 0 0 1 2 5 12 7 3 12 37 45 53 82 86 75 66 55 60 66 26 36 29 11 8 27 33 56 78 55 52 79 70 68 67 58 50
19 14 29 30 13 13 6 10 9 10 28 14 35 15 10 23 47 23 16 41 19 12 6 36 40 52 11 10 4 11 38 52 47 24 14 8 8 4 4 1 2 2 1 0 0 0 0 1 2 3 5 3 1 1 1 1 2 1 0 0 0 0 1 1 7 4 1 5 24 39 51 77 75 77 71 70 55 45 63 31 19 24 10 10 24 34 63 69 55 43 44 57 50 42 56 61
33 22 15 35 38 24 20 8 5 17 14 11 33 36 12 20 32 35 12 15 13 15 11 60 36 32 23 3 4 4 11 17 40 38 20 12 7 4 2 1 6 2 1 1 0 0 0 0 2 2 3 3 3 1 1 2 2 1 0 0 0 0 0 3 3 1 2 11 25 58 63 81 80 66 47 29 25 24 33 35 24 10 6 10 19 27 50 48 33 22 41 33 22 36 53 66
37 26 15 23 26 40 19 8 2 15 16 8 8 15 9 11 20 27 12 9 9 5 5 14 5 10 27 4 5 5 2 11 35 37 19 10 12 24 18 8 3 1 0 0 1 0 0 0 0 2 1 2 3 1 1 1 2 1 0 0 0 0 0 1 0 1 2 7 26 77 73 69 82 76 49 28 11 4 12 21 15 7 3 5 13 26 43 24 13 35 45 48 74 60 73 65
72 41 24 9 19 31 45 6 9 19 21 11 4 9 8 5 11 27 9 7 6 4 2 7 2 3 17 12 3 7 2 3 14 52 32 14 7 4 4 2 2 2 1 0 0 0 0 0 0 1 1 1 2 3 1 1 1 1 0 0 0 0 0 0 1 6 10 30 55 53 80 83 72 80 72 44 27 12 4 4 12 9 2 1 4 10 14 5 14 35 42 74 75 64 58 63
61 83 39 21 7 12 11 9 11 15 13 7 16 5 6 2 3 23 12 7 4 3 1 4 5 1 8 11 3 6 3 1 6 22 44 23 13 10 13 8 3 1 1 0 0 0 0 0 0 0 1 2 2 1 2 1 0 0 0 0 0 0 0 0 2 12 23 14 23 48 73 67 62 62 79 50 26 10 4 2 3 2 0 1 4 2 3 8 26 39 69 72 44 56 65 64
19 74 79 55 24 11 3 18 8 5 6 6 18 8 5 4 3 18 14 8 3 1 1 2 7 1 5 6 4 6 3 2 6 6 8 33 12 3 7 6 3 1 1 1 0 0 0 0 0 0 1 1 1 1 1 1 1 0 0 0 0 0 0 1 2 2 2 12 55 63 62 58 51 53 54 46 23 11 11 4 1 0 0 1 5 14 14 10 20 46 48 33 33 54 69 63
12 47 55 70 37 19 9 17 17 4 11 6 8 8 12 7 3 7 18 4 3 2 0 1 4 2 3 4 1 6 7 1 6 5 6 3 32 15 12 6 2 1 1 0 0 0 0 0 0 0 0 1 0 0 1 0 0 0 0 0 0 0 0 1 2 4 9 15 49 68 63 75 63 22 24 33 21 19 12 8 2 0 0 1 5 10 29 44 21 19 16 28 46 56 78 57
24 35 28 50 26 13 13 11 15 10 7 7 7 11 9 7 5 6 8 7 2 2 1 3 5 4 3 3 1 2 7 3 1 2 4 11 14 3 19 6 2 1 1 1 0 0 0 0 0 0 0 0 0 1 2 1 0 0 0 0 0 0 0 1 2 4 7 24 46 59 84 75 74 47 18 11 16 13 11 6 1 0 1 4 7 15 32 56 54 45 48 31 49 56 80 69
16 28 11 28 31 25 16 11 11 9 5 4 4 5 6 7 4 4 3 6 3 1 1 1 1 4 3 3 2 1 2 1 1 2 5 10 12 4 24 3 4 3 1 1 0 0 0 0 0 0 0 0 0 0 2 1 0 0 0 0 0 0 0 1 2 3 8 16 45 36 74 71 56 49 55 22 17 10 4 1 0 0 1 4 13 25 37 52 65 55 57 53 46 70 91 78
20 16 15 11 15 8 11 9 25 18 8 2 4 3 3 5 3 3 3 3 3 2 1 0 1 3 1 3 2 1 1 0 2 2 18 22 9 6 3 5 4 3 1 1 0 0 0 0 0 0 0 0 0 0 1 0 0 0 0 0 0 0 0 0 1 4 8 30 51 62 68 73 61 43 35 34 15 10 3 1 0 1 2 1 4 18 28 43 54 37 56 60 77 91 90 80
9 18 10 7 6 5 4 3 5 6 3 3 2 2 2 2 1 2 2 3 3 2 1 0 0 4 1 2 1 1 1 0 2 7 9 18 22 45 33 20 3 2 1 0 0 0 0 0 0 0 0 0 0 0 0 0 1 0 0 0 0 0 0 0 2 8 26 45 56 72 71 68 71 56 21 13 15 4 2 0 0 2 7 6 5 3 9 15 21 42 46 72 70 90 91 78
4 8 4 5 2 2 2 0 2 1 1 1 2 1 1 1 1 1 1 1 2 1 1 0 1 1 1 1 2 1 1 0 0 2 3 3 4 4 4 1 2 1 2 0 0 0 0 0 0 0 0 0 0 0 0 0 0 0 0 0 0 0 0 1 4 4 10 21 50 68 47 75 54 44 18 9 7 4 2 0 0 2 7 13 31 21 25 24 38 59 64 69 80 84 79 71
1 1 2 1 1 1 1 1 1 2 1 1 0 1 1 1 0 0 0 1 1 1 1 0 1 1 2 0 1 1 1 0 0 0 0 0 0 1 1 1 1 0 0 0 0 0 0 0 0 0 0 0 0 0 0 0 0 0 0 0 0 0 0 1 2 6 7 18 35 29 44 57 52 29 10 5 3 1 0 0 0 1 4 9 14 34 54 49 65 81 75 60 74 67 72 62
4 1 0 0 1 1 1 3 1 2 4 4 4 7 2 2 0 0 0 0 0 0 0 0 0 1 1 1 1 1 1 0 0 0 0 0 0 0 0 1 2 1 1 1 0 0 0 0 0 0 0 0 0 0 0 0 0 0 0 0 0 0 0 0 1 4 8 29 27 30 47 33 31 10 5 3 1 0 0 1 1 3 6 11 17 38 77 76 36 42 78 87 66 38 40 55
14 6 2 4 4 4 5 8 4 6 12 15 20 15 9 4 2 1 1 0 0 0 0 0 0 1 1 1 0 1 0 0 0 0 1 0 0 0 0 1 1 1 0 0 0 0 0 0 0 0 0 0 0 0 0 0 0 0 0 0 0 0 0 0 2 7 10 9 16 24 25 18 23 6 4 2 0 0 0 2 3 7 10 20 46 59 48 17 29 64 89 85 87 35 22 28
24 7 5 11 13 15 15 17 18 22 19 18 20 32 16 8 5 4 2 1 1 1 0 0 0 0 1 1 1 0 0 0 0 0 0 0 0 0 0 0 0 1 1 0 0 0 0 0 0 0 0 0 0 0 0 0 0 0 0 0 0 0 0 1 3 8 14 9 5 5 13 13 6 4 1 0 0 0 1 3 7 8 24 49 49 19 8 18 41 82 88 78 64 59 11 5
27 19 9 26 24 37 24 28 44 29 43 31 44 29 19 16 20 11 2 4 3 1 1 0 0 0 0 0 0 0 0 0 0 0 0 0 0 1 1 0 0 1 1 1 0 0 0 0 0 0 0 0 0 0 0 0 0 0 0 0 0 0 0 1 2 8 15 13 3 10 6 5 3 1 0 0 0 1 2 2 9 25 20 16 7 4 12 33 54 73 76 71 42 62 18 4
39 30 21 43 59 77 63 55 70 62 57 43 69 59 52 42 18 6 6 13 5 1 2 2 1 1 0 0 0 0 0 0 0 0 0 0 0 0 1 1 0 0 0 0 0 0 0 0 0 0 0 0 0 0 0 0 0 0 0 0 0 0 0 0 2 7 19 13 5 3 4 2 1 0 0 0 0 1 2 2 10 12 9 1 4 14 27 56 71 56 63 45 30 35 44 4
69 72 62 53 57 58 42 28 62 41 40 36 41 54 59 25 23 25 20 19 11 2 0 1 3 1 1 1 0 0 0 0 0 0 0 0 0 0 0 0 0 0 0 0 0 0 0 0 0 0 0 0 0 0 0 0 0 0 0 0 0 0 0 0 1 7 22 21 4 6 2 1 0 0 0 0 0 1 1 3 2 1 1 4 9 18 30 75 76 90 54 16 12 15 24 6
65 51 76 60 55 67 59 47 36 30 41 54 34 26 41 68 56 27 5 5 4 1 0 0 1 2 1 1 1 0 0 0 0 0 0 0 0 0 0 0 0 0 0 0 0 0 0 0 0 0 0 0 0 0 0 0 0 0 0 0 0 0 0 0 1 4 14 29 13 6 2 0 0 0 0 0 0 0 1 0 0 1 4 9 13 20 55 54 69 77 72 21 4 2 12 9
67 29 69 69 35 18 38 40 50 47 26 21 65 28 30 51 29 23 13 7 6 2 2 1 2 2 1 1 1 0 0 0 0 0 0 0 0 0 0 0 0 0 0 0 0 0 0 0 0 0 0 0 0 0 0 0 0 0 0 0 0 0 0 0 0 1 3 14 11 5 1 0 0 0 0 0 0 0 0 0 1 3 6 9 26 42 55 51 42 39 68 28 7 2 2 3
