sesion_6_simulaciones/modelos_agentes/ejemplos_netlogo/scenarios/echam4_b2/rob_2025.asc
NCOLS 322 
NROWS 307 
XLLCORNER 451900 
YLLCORNER 4086900 
CELLSIZE 100 
NODATA_value -9999 
[rows 0 to 73 of 307, columns 192 to 287 of 322]
36 33 16 9 23 49 25 10 9 11 11 4 3 2 2 2 1 1 2 1 1 1 1 1 1 3 1 3 4 12 3 1 0 0 0 0 0 0 0 1 1 0 0 2 3 5 4 8 15 21 13 16 24 34 38 54 43 80 47 38 10 14 20 48 59 45 60 56 27 38 23 12 17 20 40 25 20 39 56 30 16 16 15 15 12 9 25 22 23 26 11 25 37 58 21 7
47 27 33 29 33 51 16 22 28 15 9 6 9 7 4 3 4 1 2 2 2 1 1 1 1 3 1 1 1 2 9 3 0 0 0 0 0 0 0 0 1 0 0 1 1 2 4 4 12 46 64 46 31 36 40 41 66 64 63 21 26 15 48 43 54 50 58 43 44 21 7 24 12 18 49 26 50 37 36 33 28 32 31 15 11 5 14 23 26 25 15 27 26 29 16 14
31 56 37 35 55 45 31 13 7 16 16 15 24 21 10 15 8 6 9 8 6 2 1 1 0 0 0 0 0 0 0 3 2 0 0 0 0 0 0 0 0 0 1 2 2 5 5 8 14 28 38 36 50 45 62 71 36 31 39 23 21 31 42 31 38 61 33 28 20 27 15 15 13 18 56 23 55 47 24 38 29 25 28 25 11 3 9 12 24 19 13 39 23 35 14 3
40 42 62 52 39 33 30 27 26 42 21 35 48 33 24 35 20 8 12 20 11 8 5 2 1 1 0 0 0 0 0 0 0 0 0 0 0 0 0 0 0 1 0 0 1 7 6 8 3 8 6 11 23 54 44 49 45 16 22 28 31 20 24 44 35 58 45 38 51 19 28 23 7 8 39 22 27 21 29 36 27 28 26 27 12 4 7 18 31 13 23 22 19 32 10 2
29 21 41 14 44 51 44 32 43 38 33 24 25 21 26 41 25 27 27 29 23 8 5 4 2 3 1 2 1 0 0 0 0 0 0 0 0 0 0 0 0 0 1 1 1 1 2 4 14 30 39 35 38 34 61 61 26 20 6 8 29 32 29 43 45 56 35 26 16 12 8 8 10 6 17 18 14 23 47 58 49 18 17 34 27 19 2 14 17 24 26 13 27 42 14 3
30 24 37 32 22 26 43 21 40 29 20 25 8 21 29 32 35 32 9 8 16 6 4 5 4 4 2 3 2 0 0 0 0 0 0 0 0 0 0 0 0 0 1 2 4 10 14 22 23 15 22 28 37 54 77 48 28 19 6 35 61 64 60 63 46 64 27 36 41 32 39 26 20 14 9 12 17 16 26 22 35 57 39 26 28 17 5 10 15 17 8 11 24 24 16 5
22 11 12 27 19 14 39 13 9 15 22 44 21 9 19 29 22 26 11 3 4 12 13 15 6 5 5 3 3 2 1 1 1 1 0 0 0 0 0 0 0 0 1 2 8 4 8 14 30 23 30 72 33 58 63 29 18 19 10 25 44 56 57 58 67 61 50 43 41 18 27 25 16 23 18 8 3 12 27 33 26 49 29 13 6 23 7 6 7 7 8 18 34 46 11 10
15 10 9 12 25 17 29 37 9 4 8 12 27 6 2 7 4 8 11 5 3 7 3 6 6 4 5 3 4 3 2 2 2 1 1 0 1 0 0 0 0 1 2 3 6 9 10 33 60 51 54 29 51 43 48 21 12 5 11 16 27 30 28 27 26 54 32 24 42 25 23 17 18 21 19 11 3 17 34 18 41 59 32 13 7 16 11 5 6 12 15 17 40 27 15 11
28 18 16 8 12 10 15 38 38 12 5 4 8 15 6 4 2 8 11 6 5 9 2 4 11 7 5 5 5 7 5 4 4 3 2 1 1 0 0 0 0 1 2 3 12 12 9 17 31 40 27 19 62 36 31 10 5 27 52 44 60 51 56 44 53 75 44 32 14 15 21 17 17 16 11 6 4 8 11 22 34 50 33 18 7 7 7 4 3 15 12 19 19 24 12 18
19 18 16 7 6 3 12 12 30 21 13 7 6 8 9 3 3 2 9 7 7 10 3 3 5 6 5 3 2 4 1 2 4 3 2 1 0 0 0 0 0 0 1 3 7 3 3 22 9 8 8 68 34 32 14 6 13 39 54 71 52 81 66 41 58 33 55 44 42 17 18 24 19 9 6 4 3 5 21 12 7 34 38 30 13 5 9 3 3 4 6 21 15 22 12 36
24 19 17 14 6 3 2 2 4 10 6 4 2 9 5 2 4 1 2 6 4 9 12 2 2 2 9 4 1 2 5 1 0 0 0 1 1 0 0 0 0 0 2 5 1 4 7 10 2 5 33 41 14 19 7 4 13 31 33 52 74 76 44 26 31 47 57 60 64 45 54 31 24 18 9 6 2 2 6 14 17 40 60 29 29 8 4 5 1 4 17 7 11 8 8 44
45 27 12 11 11 8 5 3 2 2 2 2 3 3 2 2 1 3 2 2 5 6 5 3 0 1 6 4 1 1 3 4 0 0 0 0 1 0 0 0 1 2 2 1 0 0 3 1 2 15 45 27 10 6 2 15 20 21 32 75 57 46 12 23 38 43 66 63 54 62 43 31 35 30 25 14 4 3 10 12 13 61 31 44 26 15 4 3 2 7 9 4 15 5 17 49
50 36 31 39 28 24 20 9 16 7 6 3 1 1 1 1 1 5 3 1 1 2 2 2 0 1 2 2 1 0 0 1 0 0 0 0 0 1 0 0 1 1 1 2 2 2 6 1 4 22 18 5 1 5 17 29 36 48 77 67 14 20 26 20 20 23 39 38 61 41 22 32 47 45 36 15 4 1 9 15 40 42 14 21 35 18 7 1 2 7 6 4 15 4 12 20
64 57 52 54 47 39 27 20 17 16 13 11 4 2 1 1 1 0 0 0 1 0 0 1 1 1 1 1 0 0 0 1 1 0 0 0 0 0 0 0 0 1 1 0 0 2 1 1 6 4 2 1 2 6 12 19 44 45 36 8 36 59 56 46 47 26 23 21 56 47 60 67 41 25 18 15 6 2 4 10 36 12 9 20 50 19 11 3 1 2 2 3 7 4 9 7
17 54 58 59 49 49 28 31 11 11 17 10 7 6 6 4 3 1 0 0 0 0 0 0 0 1 0 0 0 0 0 0 0 0 0 0 0 0 1 0 0 0 0 0 0 0 0 1 1 1 0 1 2 4 10 18 21 5 20 36 56 56 55 77 80 70 62 44 46 58 61 50 54 34 13 9 4 2 4 10 15 6 4 28 43 45 20 17 5 1 2 3 3 3 12 9
25 41 55 33 41 66 43 20 31 20 11 14 10 13 12 6 4 1 1 1 0 0 0 0 0 0 0 0 0 0 0 0 1 1 0 0 0 0 0 0 0 0 0 0 0 0 1 1 1 0 1 1 1 3 5 9 4 20 27 35 52 68 77 65 61 71 37 31 64 19 44 74 49 33 33 27 22 8 3 9 12 5 2 4 14 39 7 4 5 4 1 3 2 2 12 10
51 10 57 31 28 52 65 65 25 11 16 14 20 17 12 8 7 4 2 2 1 1 0 0 0 0 0 0 0 0 0 0 0 0 0 0 0 0 0 0 0 0 0 0 0 0 0 0 1 2 1 5 4 3 3 10 18 22 28 36 63 52 69 57 60 37 28 57 43 34 33 19 50 30 52 53 47 22 11 3 20 9 6 1 4 15 23 4 1 2 1 1 2 4 3 2
24 6 35 17 32 37 46 24 53 58 26 30 31 8 7 5 7 6 3 3 2 2 1 0 0 0 1 1 1 0 0 0 0 0 0 0 0 0 0 0 0 0 0 0 0 0 0 1 2 2 3 8 7 9 3 10 14 39 42 48 76 55 41 36 23 24 44 59 45 28 15 16 42 46 52 49 50 43 21 4 3 7 7 4 1 4 10 6 4 0 1 0 2 3 1 1
15 14 16 18 9 26 37 15 18 52 22 41 58 24 13 7 13 18 14 7 5 2 1 1 1 1 1 1 2 1 1 0 0 0 0 0 0 0 0 0 0 0 0 0 0 0 1 1 1 2 5 10 9 6 12 17 24 27 22 44 67 25 9 6 20 26 26 76 61 20 19 12 43 42 11 23 58 44 41 20 3 2 13 5 3 1 4 6 5 2 0 0 2 1 0 0
17 5 7 14 8 12 39 12 7 24 34 47 46 28 30 22 4 8 9 12 5 3 2 2 2 2 2 2 2 2 1 1 1 1 0 0 0 0 0 0 0 0 0 0 1 1 1 3 1 4 8 7 13 13 18 21 6 5 14 40 71 22 7 24 40 39 59 62 44 32 17 7 14 43 33 10 22 29 36 30 17 3 2 6 5 1 1 2 6 3 0 0 1 0 1 2
33 8 8 9 2 5 21 11 16 9 21 14 25 8 12 15 3 2 6 16 6 9 3 1 6 4 2 2 2 1 1 0 1 0 1 0 0 0 0 0 0 0 0 1 1 2 1 1 3 9 6 8 19 29 42 39 24 18 29 43 42 9 10 40 43 41 41 17 38 39 21 5 8 16 47 20 7 10 51 22 14 4 1 3 3 1 1 4 2 2 0 0 0 0 2 8
12 2 10 10 2 1 6 24 3 6 26 18 22 9 7 3 4 1 2 14 12 7 4 3 2 2 1 0 1 1 1 1 0 0 1 1 0 0 0 0 0 0 0 1 1 1 1 3 3 4 3 7 12 42 53 62 59 51 36 35 18 7 21 32 55 52 41 22 17 32 12 5 7 12 40 21 7 7 13 29 14 8 2 1 3 1 1 3 1 0 0 2 1 2 7 12
17 2 15 18 4 2 3 9 2 2 19 10 6 2 1 3 3 2 1 2 2 6 12 12 3 1 2 1 0 0 0 0 0 0 0 1 0 0 0 0 0 0 1 1 0 1 0 1 1 1 1 5 13 12 26 51 35 26 15 59 19 8 23 35 37 46 65 35 25 10 5 5 15 29 54 19 7 8 14 39 14 4 2 1 1 2 1 2 1 0 1 9 4 4 4 10
9 7 5 14 1 2 4 8 5 1 1 1 1 5 2 1 3 3 1 2 2 2 6 4 3 1 1 2 1 0 0 0 0 0 0 0 0 0 0 0 0 0 0 0 0 0 0 1 1 2 1 4 5 9 11 9 6 19 47 26 7 14 28 29 48 66 41 30 27 14 5 7 15 31 32 12 10 6 11 26 17 14 4 1 1 1 1 2 0 0 2 2 7 14 6 9
2 2 3 4 2 1 4 8 2 1 2 1 1 2 3 1 2 2 2 1 1 1 1 1 1 1 1 2 1 0 0 0 0 0 0 0 0 0 0 0 0 0 0 0 1 1 1 2 1 2 4 2 2 1 2 5 15 21 56 18 5 25 23 24 51 72 35 39 33 13 8 8 15 42 23 10 13 6 6 14 14 13 9 3 1 0 1 1 0 3 4 5 6 6 32 12
1 1 1 2 1 0 4 6 2 1 0 1 1 0 1 2 1 1 1 1 0 0 1 1 1 0 0 1 2 0 0 0 0 0 0 0 0 0 0 0 0 0 0 0 0 1 1 1 1 2 3 8 6 14 10 12 16 38 41 4 9 21 18 15 40 54 29 28 21 14 6 6 15 43 13 17 12 3 2 5 7 11 5 2 1 0 0 1 2 8 10 12 18 12 10 32
0 0 0 0 0 1 2 2 1 0 0 0 0 0 0 1 1 1 1 1 0 0 0 0 0 0 0 0 0 1 0 0 0 0 0 0 0 0 0 0 0 0 0 0 0 0 0 0 1 2 5 7 7 13 24 41 48 64 19 4 12 19 15 22 66 52 12 22 21 12 6 3 10 39 12 9 7 5 1 2 5 11 2 1 0 0 1 2 7 8 12 11 18 29 48 28
0 0 0 0 0 0 0 0 0 0 0 0 0 0 0 0 0 0 0 0 0 0 0 0 0 0 0 0 0 0 0 0 0 0 0 0 0 0 0 0 0 0 0 0 0 0 1 1 1 4 3 6 8 13 24 61 39 26 3 11 20 16 36 48 78 32 32 13 11 9 8 4 14 37 18 8 6 6 1 1 4 8 4 4 1 0 1 2 3 2 3 3 4 8 22 27
0 0 0 0 0 0 0 0 0 0 0 0 0 0 0 0 0 0 0 0 0 0 0 0 0 0 0 0 0 0 0 0 0 0 0 0 0 0 0 0 0 0 0 0 0 1 1 4 1 3 2 4 6 8 41 32 10 2 9 17 20 20 42 73 38 18 25 10 9 9 6 3 7 30 42 15 7 3 1 1 4 8 6 3 1 0 1 1 1 2 4 8 12 11 13 25
0 0 0 0 0 0 0 0 0 0 0 0 0 0 0 0 0 0 0 0 0 0 0 0 0 0 0 0 0 0 0 0 0 0 0 0 0 0 0 0 0 0 0 0 1 1 2 1 4 3 3 3 7 11 39 7 3 5 14 18 18 20 42 71 23 13 11 17 7 2 2 3 15 27 10 27 10 4 1 0 5 4 6 2 1 0 1 2 4 8 5 14 22 21 22 10
0 1 1 1 1 0 0 1 0 1 1 1 1 1 1 1 1 1 0 0 0 0 0 0 0 0 0 0 0 0 0 0 0 0 0 0 0 0 0 0 0 0 0 1 1 2 3 2 4 11 13 13 9 19 8 3 1 9 9 15 9 19 43 57 25 8 10 14 8 5 1 2 20 6 5 33 17 5 1 0 2 2 3 2 0 0 1 2 3 6 7 8 6 7 11 28
1 1 1 1 1 0 0 1 1 1 1 1 2 2 2 2 1 1 1 1 0 1 0 0 0 0 0 0 0 0 0 0 0 0 0 0 0 0 0 0 0 0 1 1 2 3 4 8 7 9 6 28 15 8 8 6 2 7 11 22 24 22 53 17 6 16 17 6 12 3 1 2 6 6 3 29 8 5 1 1 2 2 2 1 0 1 4 7 10 7 7 4 10 12 14 21
3 3 2 2 1 1 1 1 1 1 3 3 3 4 4 2 1 1 1 1 1 1 1 0 0 0 0 0 0 0 0 0 0 0 0 0 0 0 0 0 0 0 1 1 2 3 6 9 7 9 6 3 8 8 11 1 4 7 7 15 15 25 33 37 28 12 7 4 14 8 2 1 5 4 8 28 7 4 2 1 1 1 1 0 1 2 5 14 21 20 22 13 17 28 24 51
4 5 5 2 2 2 1 2 3 4 5 5 5 3 4 3 2 2 1 3 2 2 1 1 0 1 0 0 0 0 0 0 0 0 0 0 0 0 0 0 0 0 1 1 2 5 3 1 13 10 5 2 7 9 1 1 3 4 5 14 25 35 48 19 9 7 10 7 5 6 3 2 5 3 6 11 8 7 2 1 0 1 0 0 1 2 3 4 3 4 7 14 25 29 61 56
7 7 8 7 5 1 1 3 5 7 8 7 8 6 6 5 3 7 4 3 1 1 1 1 1 1 0 0 0 0 0 0 0 0 0 0 0 0 0 0 0 0 1 1 1 1 1 3 3 4 3 1 3 1 1 1 1 2 4 11 27 41 26 40 15 6 5 4 4 6 6 1 1 2 5 6 6 3 2 0 0 0 0 1 2 1 2 4 11 16 19 17 12 51 28 34
14 23 14 3 6 2 4 4 12 10 8 10 10 17 16 9 9 7 3 4 2 1 1 2 2 1 0 0 1 0 0 0 0 0 0 0 0 0 0 0 0 1 1 0 1 1 2 3 2 2 1 1 1 0 1 1 2 5 8 18 14 14 29 44 10 4 3 2 5 4 3 1 1 2 2 7 5 3 1 0 0 0 1 2 4 6 5 6 10 9 11 29 35 45 22 8
28 40 12 11 15 5 3 15 15 23 8 15 20 17 28 13 5 3 7 4 3 2 0 2 1 0 1 1 0 0 0 0 0 0 0 0 0 0 0 0 0 0 0 0 0 1 5 4 2 1 1 1 1 1 1 2 4 3 3 4 7 15 22 41 13 5 4 3 2 1 1 1 1 1 3 3 2 3 1 0 0 1 2 2 4 13 15 18 20 23 12 24 19 17 20 6
24 40 15 12 20 7 6 24 23 28 7 17 34 21 35 12 9 7 10 10 5 1 1 1 1 1 3 0 0 0 0 0 0 0 0 0 0 0 0 0 0 0 0 0 1 3 3 1 3 1 1 0 1 1 2 1 1 1 3 5 6 20 26 23 7 26 23 12 6 4 2 1 0 1 1 1 1 2 0 0 0 2 4 8 10 16 24 22 18 20 21 30 7 2 13 7
40 20 20 14 24 8 9 30 52 31 6 28 50 39 37 33 12 18 30 14 5 2 4 1 3 3 0 0 1 1 0 0 1 0 0 0 0 0 0 0 0 0 0 0 3 1 2 0 1 1 0 0 2 2 2 2 1 3 14 21 17 21 54 22 28 15 18 18 5 2 2 1 1 0 1 1 1 1 0 0 0 1 2 5 6 3 8 3 3 4 3 43 23 6 5 2
70 50 25 18 22 10 18 36 73 25 10 23 50 50 51 22 16 55 19 2 3 7 6 4 6 1 1 1 1 1 1 1 1 1 0 0 0 0 0 0 0 0 0 0 1 0 1 0 0 0 0 0 1 2 2 5 7 9 7 16 33 33 17 35 23 22 5 10 17 4 1 1 0 0 0 0 0 0 0 0 1 2 2 3 3 1 2 5 11 27 43 63 30 6 3 1
66 64 29 30 34 16 20 48 67 34 15 32 76 75 34 42 24 22 5 3 5 21 23 13 6 4 2 1 2 1 1 2 1 0 0 0 0 1 0 0 0 0 0 0 0 0 0 0 0 0 1 1 2 4 4 8 7 6 17 40 48 41 22 35 4 42 26 3 3 11 8 4 2 1 0 0 0 0 0 0 1 1 1 2 2 2 9 15 15 12 18 36 12 6 3 1
68 57 34 44 40 38 28 55 69 39 28 39 78 67 46 33 11 5 1 6 16 26 13 4 2 1 1 4 3 1 2 2 1 0 0 1 1 1 1 0 0 0 0 0 0 0 0 0 0 0 1 1 2 3 3 4 7 16 14 59 38 13 11 55 23 7 27 7 2 1 2 3 3 2 1 0 0 0 0 0 1 1 1 1 2 5 10 14 10 21 13 17 14 7 2 1
73 61 36 56 53 50 48 46 56 40 34 44 59 25 23 15 4 5 4 9 26 10 5 4 2 2 1 6 4 2 5 2 1 1 1 1 1 2 1 0 0 0 0 0 0 0 0 0 0 0 0 1 2 2 5 8 4 16 23 42 6 2 11 49 12 10 4 17 4 1 1 1 2 2 2 1 0 0 0 0 0 1 1 1 1 4 20 8 4 28 8 6 8 2 1 1
48 46 44 62 61 44 62 50 72 77 65 50 41 31 37 30 17 19 8 12 26 10 6 5 3 2 2 8 7 3 6 2 2 1 1 2 2 2 1 1 1 1 0 0 0 0 0 0 0 0 0 1 2 2 3 4 2 8 26 9 4 2 20 41 19 2 1 2 6 2 1 0 1 0 2 1 0 0 0 0 0 1 1 1 4 11 20 7 5 20 5 2 2 4 1 0
63 38 66 75 67 69 67 83 76 89 88 83 42 62 59 49 42 14 11 25 21 10 7 3 3 5 3 8 9 9 5 3 2 3 2 4 7 3 1 1 3 2 0 0 0 0 0 0 0 0 1 1 1 2 1 1 4 15 28 5 2 3 6 29 21 8 2 0 4 4 1 0 0 0 2 1 0 0 0 0 0 1 1 2 3 2 3 2 4 4 6 3 3 2 0 0
56 52 57 66 78 81 86 86 71 69 74 78 84 74 40 34 24 17 18 16 7 9 7 7 13 8 8 23 15 23 7 6 4 6 7 13 13 3 3 2 3 1 0 0 0 0 0 0 0 0 0 1 1 1 1 2 5 12 8 6 2 2 3 33 9 6 4 0 2 4 2 0 0 0 0 1 0 0 0 0 0 1 2 3 3 2 2 1 2 2 2 1 1 0 0 0
67 57 41 43 57 65 75 52 44 40 50 57 57 76 47 35 38 47 34 17 15 16 13 21 33 20 13 30 28 20 10 14 8 11 10 17 8 5 7 2 1 0 1 1 0 0 0 0 0 0 0 0 0 1 1 0 2 2 3 12 3 2 4 10 6 1 3 1 1 2 1 1 0 0 0 3 0 0 0 0 1 1 1 4 2 1 1 1 1 0 0 0 0 0 0 1
71 73 47 28 50 44 49 60 38 48 52 37 54 77 83 66 75 63 39 30 40 36 34 30 36 25 19 40 37 14 19 19 17 17 24 22 12 7 2 1 0 1 1 1 1 1 0 0 0 0 0 0 1 1 1 1 2 2 1 2 2 2 3 7 9 1 1 1 1 2 1 0 1 0 0 0 0 0 0 0 0 1 2 3 1 1 1 1 1 0 0 0 0 0 1 1
52 63 79 45 24 25 46 44 64 29 23 22 60 43 54 91 89 43 62 58 56 52 49 40 41 33 30 56 37 26 27 23 26 41 36 12 3 2 2 2 3 2 1 1 1 1 1 0 0 0 0 1 0 0 1 1 2 1 1 1 1 1 1 2 11 1 0 1 1 0 1 0 0 0 0 0 0 0 0 0 0 0 3 1 0 0 0 0 0 0 0 0 0 1 1 1
71 69 73 81 38 12 15 51 49 39 7 8 21 35 71 79 65 88 88 66 55 73 65 32 50 38 56 44 41 35 38 28 41 57 54 15 11 5 9 7 9 7 3 2 3 1 0 0 0 0 0 0 0 0 1 1 2 2 1 1 1 0 0 0 3 1 0 1 0 0 0 1 0 0 0 0 0 0 0 0 0 0 1 0 0 0 0 0 0 0 0 0 1 2 1 1
53 38 43 85 38 27 19 18 17 21 12 3 13 62 77 74 54 50 80 59 75 76 63 41 63 57 71 62 53 61 41 41 40 35 35 15 14 13 12 13 3 3 7 12 1 1 0 0 0 0 0 0 0 0 0 1 1 2 1 1 0 0 0 1 3 1 1 0 0 0 0 0 0 0 0 0 0 0 0 0 0 0 0 0 0 0 0 0 0 1 1 1 1 2 1 1
22 37 37 79 81 20 21 11 10 9 11 5 15 25 30 39 63 79 56 21 59 24 68 78 89 83 74 46 63 44 51 34 28 14 48 36 34 22 8 5 1 0 8 6 3 1 1 0 0 0 0 0 0 0 0 0 0 0 0 0 0 0 0 1 1 1 1 0 0 0 0 0 0 0 0 0 0 0 0 0 0 0 0 0 0 0 0 0 1 1 1 3 2 2 1 1
13 17 27 31 72 69 28 9 8 7 6 6 11 28 45 52 19 63 63 25 62 51 21 38 61 37 54 29 52 16 8 24 13 13 25 69 42 20 7 29 7 6 7 5 5 2 1 0 1 1 0 0 0 0 0 0 0 0 0 0 0 0 0 1 1 1 1 0 0 0 0 0 0 0 0 0 0 0 0 0 0 0 0 0 0 0 0 0 1 1 1 1 6 2 1 1
5 9 15 4 27 81 29 12 4 3 5 6 5 8 15 28 36 54 31 40 62 35 8 31 50 28 28 21 25 43 26 27 21 9 12 43 59 70 62 47 30 16 13 14 8 2 2 1 2 0 0 0 0 0 0 0 0 0 0 0 0 0 0 1 1 1 1 0 0 0 0 0 0 0 0 0 0 0 0 0 0 0 0 0 0 0 0 0 1 0 1 2 2 2 1 3
9 5 10 29 25 46 74 22 15 3 2 2 3 3 14 11 31 52 6 14 65 53 15 6 57 61 28 17 25 33 11 9 11 7 6 18 33 37 30 10 16 17 7 10 9 6 8 5 2 0 0 1 1 0 0 1 1 0 0 0 0 0 0 0 0 1 0 0 0 0 0 0 0 0 0 0 0 0 0 0 0 0 0 0 0 0 0 0 0 1 1 1 2 2 5 4
15 4 3 15 32 41 73 48 14 8 4 2 2 3 3 2 13 9 7 38 82 25 10 5 7 34 13 16 12 27 22 11 12 10 9 31 20 8 5 3 5 2 2 22 8 16 18 11 3 2 2 1 1 1 0 0 0 0 0 0 0 0 0 0 0 0 0 0 0 0 0 0 0 0 0 0 0 0 0 0 0 0 0 0 0 0 0 1 1 1 1 2 2 2 2 7
28 15 8 4 5 8 16 44 16 16 6 2 1 2 4 2 7 4 17 18 69 23 11 7 3 8 7 10 4 17 21 7 5 6 9 16 14 3 2 3 3 2 2 4 11 8 6 2 2 2 1 1 1 1 1 0 0 0 0 0 0 0 0 0 0 0 0 0 0 0 0 0 0 0 0 0 0 0 0 0 0 0 0 0 0 0 0 2 0 1 2 3 4 4 5 9
11 8 16 4 4 15 17 41 43 19 10 2 1 1 1 2 3 5 5 16 50 65 29 9 2 2 5 1 3 12 17 7 4 4 3 3 4 2 2 2 2 1 1 2 9 6 6 2 1 1 1 0 0 0 0 0 0 0 0 0 0 0 0 0 0 0 0 0 0 0 0 0 0 0 0 0 0 0 0 0 0 0 0 0 0 0 1 1 2 3 3 3 4 6 6 10
21 13 3 2 2 6 11 18 38 12 5 3 1 0 1 2 1 1 6 37 31 43 30 16 5 1 6 5 1 2 7 4 4 3 1 1 2 4 1 1 1 1 1 1 3 5 7 2 1 1 0 0 0 0 0 0 0 0 0 0 0 0 0 0 0 0 0 0 0 0 0 0 0 0 0 0 0 0 0 0 0 0 0 0 0 0 1 2 1 1 1 1 2 4 5 3
33 23 5 2 1 4 5 9 24 19 3 2 1 1 1 1 1 4 14 29 9 14 25 6 3 2 1 3 4 0 3 5 1 1 1 1 1 1 1 1 1 1 0 0 1 4 6 3 2 1 1 0 0 0 0 0 0 0 0 0 0 0 0 0 0 0 0 0 0 0 0 0 0 0 0 0 0 0 0 0 0 0 0 0 0 0 1 1 1 1 0 1 2 3 2 3
37 20 7 5 1 1 3 6 31 5 4 1 1 1 1 1 1 2 12 6 1 6 48 7 3 3 1 1 1 2 2 1 1 1 1 0 0 0 0 1 1 0 0 0 0 1 6 3 2 1 0 0 0 0 0 0 0 0 0 0 0 0 0 0 0 0 0 0 0 0 0 0 0 0 0 0 0 0 0 0 0 0 0 0 0 0 1 1 1 1 1 1 1 3 3 2
30 20 8 3 2 1 3 3 18 5 1 2 1 1 0 0 0 3 4 2 7 13 30 14 3 1 2 3 1 3 2 1 1 1 1 0 0 0 0 0 0 0 0 1 2 3 4 3 5 3 1 1 0 0 0 0 0 0 0 0 0 0 0 0 0 0 0 0 0 0 0 0 0 0 0 0 0 0 0 0 0 0 0 0 0 0 0 1 1 1 2 1 2 1 3 4
21 11 5 3 2 2 1 2 4 11 3 1 1 1 0 0 0 1 2 2 2 7 26 14 4 4 1 1 1 3 1 1 1 1 0 0 0 0 0 0 0 0 0 3 1 1 3 2 4 4 3 1 0 0 0 0 0 0 0 0 0 0 0 0 0 0 0 0 0 0 0 0 0 0 0 0 0 0 0 0 0 0 0 0 0 0 0 1 1 1 1 3 2 3 6 4
18 12 4 2 2 1 1 1 2 4 5 1 0 0 0 0 0 0 1 1 2 6 27 10 5 2 3 1 1 2 1 0 0 0 0 0 0 0 0 0 0 0 1 2 0 1 1 1 2 2 2 1 1 0 0 0 0 0 0 0 0 0 0 0 0 0 0 0 0 0 0 0 0 0 0 0 0 0 0 0 0 0 0 0 0 0 0 0 0 1 1 1 1 1 2 3
59 30 11 2 1 1 1 1 1 2 4 1 1 0 0 0 0 0 0 0 2 3 13 7 2 1 1 1 1 0 1 0 0 0 0 0 0 0 0 0 0 0 1 0 0 1 0 1 1 2 2 2 2 1 0 0 0 0 0 0 0 0 0 0 0 0 0 0 0 0 0 0 0 0 0 0 0 0 0 0 0 0 0 0 0 0 0 0 0 0 1 2 1 1 2 0
13 44 22 6 2 1 0 1 1 1 6 2 1 0 0 0 0 0 0 0 1 2 7 9 2 1 1 1 1 1 1 1 0 0 0 0 0 0 0 0 0 1 0 0 0 0 0 0 1 1 1 1 1 1 1 0 0 0 0 0 0 0 0 0 0 0 0 0 0 0 0 0 0 0 0 0 0 0 0 0 0 0 0 0 0 0 0 0 0 1 1 1 1 1 1 2
3 36 5 22 8 3 0 0 0 1 3 1 1 0 0 0 0 0 0 0 1 3 3 7 3 1 1 0 0 0 0 0 0 0 0 0 0 0 0 0 0 0 0 0 0 0 0 0 1 1 1 0 0 0 1 1 0 0 0 0 0 0 0 0 0 0 0 0 0 0 0 0 0 0 0 0 0 0 0 0 0 0 0 0 0 0 0 0 0 0 0 0 0 1 1 2
6 7 3 13 4 4 1 0 0 0 1 1 0 0 0 0 0 0 0 1 0 0 4 6 6 3 1 1 0 0 0 0 0 0 0 0 0 0 0 0 0 0 0 0 0 0 0 0 1 1 1 0 0 0 1 0 0 0 0 0 0 0 0 0 0 0 0 0 0 0 0 0 0 0 0 0 0 0 0 0 0 0 0 0 0 0 0 0 0 0 0 1 1 2 2 3
6 4 3 3 3 1 4 1 0 0 0 0 0 0 0 0 0 0 0 0 1 3 6 6 7 3 1 1 0 0 0 0 0 0 0 0 0 0 0 0 0 0 0 0 0 0 0 0 1 1 1 0 0 0 0 0 0 0 0 0 0 0 0 0 0 0 0 0 0 0 0 0 0 0 0 0 0 0 0 0 0 0 0 0 0 0 0 0 0 0 0 0 1 0 1 1
5 3 3 2 2 0 1 1 0 0 0 0 0 0 0 0 0 0 0 0 2 2 4 3 4 4 1 0 0 0 0 0 0 0 0 0 0 0 0 0 0 0 0 0 0 0 0 0 1 1 1 0 0 0 0 0 0 0 0 0 0 0 0 0 0 0 0 0 0 0 0 0 0 0 0 0 0 0 0 0 0 0 0 0 0 0 0 1 0 0 0 0 0 1 1 2
2 3 3 2 1 0 0 0 0 0 0 0 0 0 0 0 0 0 0 1 1 0 2 2 1 2 1 0 0 0 0 0 0 0 0 0 0 0 0 0 0 0 0 0 0 0 0 0 1 0 0 0 0 0 0 0 0 0 0 0 0 0 0 0 0 0 0 0 0 0 0 0 0 0 0 0 0 0 0 0 0 1 1 1 1 1 1 1 1 0 0 0 0 0 1 1
1 1 1 1 0 0 0 0 0 0 0 0 0 0 0 0 0 0 0 0 0 0 1 3 0 1 0 1 0 0 0 0 0 0 0 0 0 0 0 0 0 0 0 0 0 0 0 1 2 0 0 0 0 0 0 0 0 0 0 0 0 0 0 0 0 0 0 0 0 0 0 0 0 0 0 0 0 0 0 0 0 0 0 1 1 1 1 1 1 1 0 0 1 1 1 1
0 0 0 0 0 0 0 0 0 0 0 0 0 0 0 0 0 0 0 0 0 0 0 0 0 0 0 0 0 0 0 0 0 0 0 0 0 0 0 0 0 0 0 0 0 0 0 0 1 0 0 0 0 0 0 0 0 0 0 0 0 0 0 0 0 0 0 0 0 0 0 0 0 0 0 0 0 0 0 0 0 0 0 0 1 1 2 3 2 3 2 2 2 1 1 4
0 0 0 0 0 0 0 0 0 0 0 0 0 0 0 0 0 0 0 0 0 0 0 0 0 0 0 0 0 0 0 0 0 0 0 0 0 0 0 0 0 0 0 0 0 0 0 0 0 0 0 0 0 0 0 0 0 0 0 0 0 0 0 0 0 0 0 0 0 0 0 0 0 0 0 0 0 0 0 0 0 0 0 0 1 1 1 1 6 5 2 6 4 4 2 3
