sesion_6_simulaciones/modelos_agentes/ejemplos_netlogo/scenarios/echam4_b2/rob_2097.asc
NCOLS 322 
NROWS 307 
XLLCORNER 451900 
YLLCORNER 4086900 
CELLSIZE 100 
NODATA_value -9999 
[rows 0 to 73 of 307, columns 96 to 191 of 322]
0 0 0 0 0 0 0 0 0 0 0 0 0 0 1 0 0 0 0 0 0 0 0 0 0 0 0 0 0 0 0 0 0 0 0 0 0 0 0 0 0 0 3 6 11 6 11 8 14 5 3 6 2 1 1 1 2 0 1 0 0 0 0 0 1 1 2 0 0 2 4 2 2 3 4 4 5 8 4 33 27 16 27 33 46 30 33 35 40 54 27 19 13 4 8 15
0 0 0 0 0 0 0 0 0 0 0 0 0 0 0 0 0 0 0 0 0 0 0 0 0 0 0 0 0 0 0 0 0 0 0 0 0 0 0 0 0 1 1 2 25 33 29 18 42 12 14 8 2 1 5 0 0 0 0 0 0 0 0 0 0 0 0 1 1 1 1 3 9 4 7 13 21 9 10 14 16 14 26 31 45 28 28 38 39 30 35 24 28 11 15 14
0 0 0 0 0 0 0 0 0 0 0 0 0 0 0 0 0 0 0 0 0 0 0 0 0 0 0 0 0 0 0 0 0 0 0 0 0 0 1 1 2 3 3 5 1 1 2 6 47 21 21 17 2 8 4 3 1 0 0 0 0 1 5 3 5 2 1 3 0 1 1 1 3 3 6 14 27 33 17 12 14 14 24 26 36 29 31 45 24 23 30 20 23 23 12 13
0 0 0 0 0 0 0 0 0 0 0 0 0 0 0 0 0 0 0 0 0 0 0 0 0 0 0 0 0 0 0 0 0 0 0 0 1 1 3 6 10 14 10 2 1 1 0 1 6 1 3 2 1 2 5 1 2 0 0 0 1 2 10 9 9 14 8 2 4 2 1 3 2 2 5 8 13 8 6 11 16 16 29 32 32 25 22 29 19 17 26 27 15 18 8 16
0 0 0 0 0 0 0 0 0 0 0 0 0 0 0 0 0 1 0 0 0 0 0 0 0 0 0 0 0 0 0 0 0 1 1 1 2 4 10 19 29 24 16 5 3 1 1 4 2 1 1 2 0 4 1 2 2 1 0 0 3 8 5 14 8 3 11 2 4 5 5 2 2 1 5 4 7 7 10 12 15 13 41 28 18 20 20 29 19 20 25 32 9 18 18 25
0 0 0 0 0 0 0 0 0 0 0 0 0 0 0 0 0 0 0 0 0 0 0 0 0 0 0 0 0 0 0 0 0 0 2 4 5 13 24 22 35 39 35 13 3 4 3 3 3 2 3 6 1 1 1 2 1 1 0 1 5 9 2 1 1 3 3 1 1 2 0 3 9 4 3 2 3 4 5 9 8 11 14 16 20 14 14 27 25 12 21 11 14 16 39 10
0 0 0 0 0 0 0 0 0 0 0 0 0 0 0 0 0 0 0 0 0 0 0 0 0 0 0 0 0 0 0 0 1 0 2 13 20 28 28 37 42 44 15 5 6 20 6 10 7 6 4 5 3 2 3 2 1 1 2 1 1 1 1 2 1 1 6 11 3 3 1 2 2 1 4 4 5 5 3 6 6 4 6 5 12 14 11 17 17 6 18 12 17 15 9 9
0 0 0 0 0 0 0 0 0 0 0 0 0 0 0 0 0 0 0 0 0 1 0 0 1 0 0 0 0 0 0 0 1 3 3 11 22 32 39 40 34 12 13 9 25 19 12 26 13 10 4 5 10 8 3 3 2 6 10 10 4 1 0 0 2 1 4 2 5 2 3 1 1 2 1 4 6 24 10 3 7 8 5 5 17 7 9 9 14 15 11 8 3 6 8 6
0 0 0 0 0 0 0 0 0 0 0 0 1 0 0 0 0 0 0 0 0 0 0 0 0 0 0 0 0 0 0 0 2 9 21 9 5 11 9 10 19 11 8 15 40 30 12 16 17 9 6 3 32 8 4 7 5 9 1 3 10 6 2 0 1 2 1 1 0 1 5 3 1 1 4 1 3 4 5 19 14 35 8 10 5 3 6 32 11 13 12 47 20 10 7 11
0 0 0 0 0 0 0 0 0 0 0 0 0 0 0 0 0 0 0 0 0 0 0 0 0 0 0 0 0 0 0 2 3 4 14 13 12 13 8 9 5 5 9 19 49 26 7 8 12 14 10 6 8 49 28 23 2 4 1 8 5 5 1 2 0 1 1 1 2 3 2 3 5 3 5 8 2 3 19 24 9 32 15 9 3 5 4 8 9 21 8 18 55 40 9 7
0 0 0 0 0 0 0 0 0 0 0 0 0 0 0 0 0 0 0 0 0 0 0 0 0 0 0 0 0 1 2 4 19 15 8 10 11 27 27 16 11 5 4 6 26 9 8 12 15 10 15 6 11 14 62 35 6 3 4 9 2 3 2 0 1 2 2 1 4 8 6 8 4 2 7 14 7 3 3 18 11 9 21 22 6 7 5 8 39 29 25 18 48 66 32 12
0 0 0 0 0 0 0 0 0 0 0 0 0 0 0 0 0 0 0 0 0 0 0 0 0 0 0 0 0 4 5 8 11 13 11 9 12 28 28 20 12 5 7 13 15 7 8 24 11 12 26 9 14 25 11 23 8 6 8 6 2 2 5 3 2 1 5 4 7 31 38 40 4 7 13 17 8 5 6 28 12 2 14 28 8 10 11 11 29 16 13 18 40 46 42 30
0 0 0 0 0 0 0 0 0 0 0 0 0 0 0 0 0 0 0 0 1 1 0 0 0 0 0 0 1 2 11 7 10 10 12 21 31 12 16 31 12 5 6 25 18 7 14 14 17 23 35 24 23 44 24 19 16 11 14 5 3 3 5 4 2 2 2 6 15 10 26 25 13 7 6 16 7 7 2 6 13 2 23 43 11 11 21 14 11 35 22 9 14 25 43 56
0 0 0 0 0 0 0 0 0 0 0 0 0 0 0 0 0 0 1 0 0 0 0 0 0 0 0 1 2 2 5 8 8 4 5 6 8 5 5 9 12 2 2 2 8 6 11 13 39 54 58 55 35 37 19 32 27 15 13 10 3 2 7 7 5 5 3 3 5 3 1 1 9 11 6 8 5 10 6 4 2 3 9 33 37 12 20 23 17 14 33 15 27 45 70 48
0 0 0 0 0 0 0 0 0 0 0 0 0 0 0 0 0 0 1 0 0 0 1 0 0 0 0 0 2 4 3 2 2 4 7 7 7 7 3 1 9 2 6 4 1 2 13 27 31 63 63 57 44 53 31 53 43 24 20 23 3 7 11 10 5 5 2 3 2 1 1 8 21 14 9 12 12 9 4 5 10 3 12 39 47 18 8 11 16 12 9 8 23 36 45 40
0 0 0 0 0 0 0 0 0 0 0 0 0 0 0 0 0 0 0 0 0 0 0 1 0 0 0 0 1 1 1 4 7 8 6 10 24 25 12 2 3 4 1 5 2 3 2 18 32 35 50 40 35 35 47 29 33 24 30 23 3 8 2 12 19 11 3 4 5 1 4 16 20 17 6 3 5 11 16 13 11 12 13 34 62 77 43 26 14 12 12 7 27 64 52 33
0 0 0 0 0 0 0 0 0 0 0 0 0 0 0 0 0 0 0 0 0 0 0 0 1 0 0 1 3 4 5 2 3 6 7 15 27 32 27 2 6 5 2 4 11 12 14 3 17 30 20 18 15 15 25 41 39 38 37 35 7 14 8 9 16 4 3 4 3 3 4 19 11 17 4 3 5 5 20 14 17 17 22 28 65 82 79 29 16 15 15 12 31 59 66 59
0 0 0 0 0 0 0 0 0 0 0 0 0 0 0 0 0 0 0 0 0 0 0 0 0 0 0 1 1 1 2 2 4 3 12 28 18 28 26 12 18 21 14 15 26 25 31 19 6 3 3 6 4 2 9 52 76 85 51 17 29 15 12 6 12 7 3 8 2 2 22 18 18 15 4 10 19 9 14 21 13 14 11 7 53 59 56 55 36 20 22 17 23 43 47 22
0 0 0 0 0 0 0 0 0 0 0 0 0 0 0 0 0 0 0 0 0 0 0 0 1 1 0 0 0 1 2 3 2 7 10 14 6 8 14 29 23 29 37 48 41 26 37 34 18 14 10 10 15 2 3 12 79 82 51 24 20 26 11 6 10 3 3 4 1 15 32 29 19 30 8 8 25 24 23 58 29 20 11 7 17 43 51 48 52 31 27 30 17 33 72 21
0 0 0 0 0 0 0 0 0 0 0 0 0 0 0 0 0 0 0 0 0 0 0 0 0 0 0 0 1 1 1 3 4 4 5 2 8 12 12 20 40 47 42 24 29 15 29 38 23 19 18 5 11 5 11 7 26 39 46 43 25 12 9 18 14 2 4 16 37 22 39 59 18 59 19 6 21 50 33 59 46 40 29 14 16 54 74 59 66 46 40 28 14 24 65 52
0 0 0 0 0 0 0 0 0 0 0 0 0 0 0 0 0 0 0 0 0 0 0 0 0 0 0 0 0 1 1 1 2 3 5 4 4 10 7 28 16 22 42 32 20 19 25 38 38 19 28 23 9 16 20 16 22 46 58 47 12 11 44 30 14 3 13 20 28 35 22 25 14 21 44 28 16 15 20 62 24 22 44 32 28 16 65 44 70 39 48 29 22 23 32 55
0 0 0 0 0 0 0 0 0 0 0 0 0 0 0 0 0 0 0 0 0 0 0 0 0 0 1 0 0 0 1 1 2 6 10 5 16 7 14 6 19 14 13 15 33 38 71 61 60 27 28 23 23 24 35 28 29 43 64 60 53 11 16 16 8 9 32 5 21 35 38 23 28 12 44 52 26 15 21 77 83 43 19 62 49 19 16 29 70 58 52 51 28 26 28 60
0 0 0 0 0 0 0 0 0 0 0 0 0 0 0 0 0 0 0 0 0 0 0 0 0 0 0 1 0 0 2 6 9 2 1 19 15 5 6 8 16 31 22 17 17 51 49 23 31 24 44 29 28 30 30 34 21 35 54 34 24 19 9 8 8 21 37 3 18 10 32 45 33 11 12 37 35 52 25 58 85 61 56 27 50 29 12 28 73 78 32 65 47 31 38 57
0 0 0 0 0 0 0 0 0 0 0 0 0 0 0 0 0 0 0 0 0 0 0 0 1 1 0 2 2 1 1 1 1 1 1 2 5 9 3 10 12 27 30 36 34 16 13 10 7 6 23 20 12 16 29 17 19 22 21 29 33 20 11 14 31 25 18 7 14 15 18 36 27 31 22 61 62 41 37 21 65 68 51 71 35 27 21 24 25 64 29 48 46 27 25 34
0 0 0 0 0 0 0 0 0 0 0 0 0 0 0 0 0 0 0 0 0 1 2 1 1 1 2 2 5 2 1 1 2 2 1 0 1 8 10 3 8 21 37 49 38 35 31 28 22 23 11 10 6 3 4 5 5 8 29 34 42 21 25 25 13 30 14 17 25 22 15 27 46 55 16 55 64 43 47 34 53 70 42 24 60 42 26 28 22 37 38 40 55 32 19 20
0 0 0 0 0 0 0 0 0 0 0 0 0 0 0 0 0 1 0 0 1 5 8 14 13 9 10 5 10 5 17 23 27 8 2 2 3 2 2 6 15 12 20 28 44 48 52 41 38 38 21 22 23 22 22 22 22 19 43 47 34 26 18 17 14 31 29 36 14 41 17 13 45 33 17 43 45 25 32 31 33 46 73 28 31 23 30 16 16 27 22 35 19 20 14 17
0 0 0 0 0 0 0 0 0 0 0 0 0 1 1 1 1 3 2 6 10 15 30 27 21 34 28 24 27 34 18 7 14 18 12 4 6 4 2 2 11 14 19 37 36 37 46 39 40 41 33 32 36 37 21 34 23 25 38 26 29 18 10 10 8 39 23 38 33 41 11 16 25 34 25 45 42 57 21 31 34 17 45 34 21 43 21 20 5 15 25 19 23 17 19 18
0 0 0 0 0 0 0 0 0 0 0 1 1 1 3 9 8 5 8 3 5 10 13 36 38 37 60 53 49 49 6 4 3 4 10 9 13 5 8 6 8 23 30 32 36 33 30 57 48 36 32 33 33 34 32 33 34 11 21 18 20 12 11 18 33 55 52 25 33 16 21 12 27 30 33 22 21 36 43 26 39 26 40 36 14 40 23 17 5 10 24 25 19 25 16 9
0 0 0 0 0 0 0 0 0 1 2 5 8 12 31 32 17 15 24 12 5 3 11 25 17 18 13 36 38 28 17 2 2 1 2 4 7 6 8 11 4 11 17 23 14 13 8 23 32 32 43 44 32 31 31 46 36 13 15 12 7 15 28 36 45 37 22 22 15 31 28 40 23 23 26 23 23 26 42 31 28 27 27 19 24 23 24 20 15 7 17 9 11 17 7 8
0 0 0 0 1 1 0 1 3 6 12 17 22 46 35 56 30 28 49 8 24 7 4 14 10 6 8 9 10 10 22 10 5 1 2 1 3 3 3 10 10 10 29 11 16 14 9 22 22 14 12 10 9 18 19 10 34 21 14 10 12 18 32 36 41 34 16 35 47 29 35 25 24 21 19 13 18 17 26 27 27 26 11 21 14 8 9 6 9 5 5 1 2 3 4 6
0 1 0 1 1 2 3 7 7 23 24 48 37 57 45 50 23 26 53 33 8 12 6 3 4 3 1 1 6 6 9 41 10 2 3 2 10 33 34 20 19 12 14 8 7 12 15 5 4 7 7 16 25 27 14 15 32 18 27 9 15 21 34 25 40 19 14 29 49 46 31 23 13 23 18 10 7 3 8 13 20 13 8 6 5 6 5 5 3 3 3 3 20 11 13 16
1 1 3 3 7 14 16 19 22 36 41 74 54 53 33 45 29 44 43 48 7 17 18 6 4 1 1 0 2 3 3 7 8 3 3 5 3 7 7 8 6 7 8 15 17 11 14 7 12 14 35 48 39 23 45 10 34 31 8 4 4 15 12 32 26 28 18 11 16 24 20 20 11 5 4 6 9 7 17 24 17 22 15 22 24 25 22 20 19 27 10 12 39 26 17 31
4 8 10 19 21 17 35 31 47 44 75 46 21 33 32 30 37 38 38 41 14 8 12 6 5 3 1 2 4 5 5 10 6 2 6 5 7 7 12 8 17 11 19 20 25 27 21 21 16 20 28 53 50 50 53 25 35 30 14 21 12 3 4 5 7 7 13 8 8 9 10 8 8 15 24 24 38 24 38 25 27 38 24 36 27 55 38 22 34 34 20 21 35 31 23 39
17 23 34 28 44 36 48 35 46 33 50 6 12 10 16 29 29 21 19 33 17 7 3 2 3 4 4 3 6 2 16 17 12 6 9 11 10 8 11 11 12 15 17 18 31 22 32 22 11 41 33 34 42 27 21 20 50 29 22 39 31 20 21 23 23 23 38 30 24 23 24 24 36 36 36 23 39 37 39 38 38 40 37 37 54 47 40 33 36 24 35 24 41 26 47 44
2 7 15 17 41 35 49 42 16 2 1 2 5 4 4 5 7 13 25 36 17 4 4 8 3 4 13 8 14 9 13 12 10 7 7 15 14 6 17 12 12 21 22 22 18 18 25 20 17 27 34 27 35 39 24 29 28 19 24 30 28 31 31 36 36 32 47 42 38 22 36 36 33 34 49 35 36 50 37 49 51 38 42 41 67 43 41 39 40 37 38 30 47 47 46 56
2 2 2 2 2 2 9 9 8 3 2 3 6 7 3 2 1 3 14 18 8 3 16 4 9 12 17 11 16 9 8 6 12 6 4 8 8 4 9 11 10 19 13 12 13 16 30 21 13 17 29 25 11 44 21 34 15 19 25 20 36 26 24 25 28 21 47 35 23 33 33 32 44 31 44 32 33 49 48 51 37 35 50 44 53 44 40 41 39 38 38 35 65 50 40 40
4 9 10 4 4 3 1 2 4 2 3 5 5 3 1 2 1 6 5 8 11 19 20 7 14 11 12 10 7 2 1 2 6 4 3 4 2 3 6 9 14 7 10 9 9 20 16 10 18 18 27 29 12 31 25 9 28 27 23 15 26 20 34 34 25 33 30 31 31 20 31 42 42 30 43 42 33 50 34 44 35 47 50 64 53 40 24 49 38 40 47 50 56 27 55 36
4 5 6 4 3 2 3 2 5 6 9 11 8 3 3 7 8 10 12 18 36 27 23 11 9 5 5 7 7 5 2 2 4 3 3 2 2 2 4 6 3 2 8 9 8 28 11 12 22 11 29 7 19 16 6 10 28 22 12 20 14 25 31 22 14 31 31 30 18 31 49 52 45 30 41 45 43 50 34 31 38 47 47 48 41 27 25 49 41 27 55 55 52 27 17 58
2 4 6 6 7 4 8 6 8 9 12 20 16 12 10 16 9 13 21 23 29 15 6 9 9 4 2 3 5 4 2 1 2 3 1 3 1 4 3 2 3 2 8 5 4 24 10 13 9 8 11 16 8 6 5 5 12 27 10 20 19 30 27 13 34 31 39 29 15 30 41 61 45 31 38 46 47 35 29 23 39 64 57 52 51 25 45 67 48 23 42 65 63 32 18 53
3 6 4 5 3 6 8 5 4 8 9 14 13 14 16 15 15 20 18 17 18 9 7 5 4 2 2 4 3 3 1 2 1 1 2 2 2 2 2 1 2 1 6 2 2 9 9 9 5 7 7 2 8 1 1 1 3 12 5 17 26 18 19 37 29 32 20 10 16 43 46 64 47 32 35 54 63 38 36 20 41 67 45 32 34 28 49 65 45 29 23 72 77 50 29 42
1 3 3 5 4 6 4 4 3 3 8 8 8 8 22 9 12 16 11 9 11 7 2 4 2 2 3 3 2 3 1 2 1 1 1 2 1 1 1 2 1 2 3 2 4 3 7 5 2 3 4 2 2 1 1 1 1 3 2 14 19 16 24 38 13 26 10 9 15 42 50 52 47 31 36 51 65 28 34 16 47 76 46 22 20 27 48 64 44 31 24 58 69 57 18 38
1 1 3 3 2 2 3 1 1 1 4 4 4 7 6 6 4 8 8 3 3 4 4 3 1 1 1 1 1 5 1 1 1 1 1 1 1 1 1 1 1 1 1 1 2 2 3 1 1 1 1 3 2 2 1 1 3 1 2 7 6 10 35 15 23 22 14 18 24 27 41 33 39 18 22 40 27 17 36 16 31 55 44 33 19 23 44 58 37 33 23 36 57 38 22 36
0 0 0 0 0 0 1 1 1 1 1 1 2 3 3 2 3 2 4 2 1 1 1 2 1 1 1 1 0 1 1 1 0 0 0 1 0 0 0 1 0 1 1 1 1 1 1 0 0 0 0 1 0 0 1 1 2 1 2 3 3 7 4 8 32 11 12 18 27 15 19 31 17 8 15 28 19 10 32 15 19 37 20 18 21 15 15 50 47 26 15 30 48 26 14 27
0 0 0 0 0 0 0 0 0 0 0 1 1 1 1 2 1 1 2 2 1 0 0 1 1 0 1 0 0 1 1 1 0 0 0 0 0 0 0 1 1 0 0 1 1 0 0 0 0 0 0 0 0 0 0 1 1 2 1 1 1 1 2 14 4 7 15 7 10 8 5 12 4 4 7 15 7 8 15 5 18 21 12 11 13 19 7 12 46 15 12 20 34 23 15 11
0 0 0 0 0 0 0 0 0 0 0 1 1 1 1 1 1 1 0 1 1 0 1 0 1 0 0 0 0 0 0 1 0 0 0 0 0 0 0 0 1 0 0 0 0 0 0 0 0 0 0 0 0 0 0 0 1 1 1 2 2 1 3 2 4 8 3 3 3 5 2 6 1 1 2 7 3 7 9 3 7 8 4 11 12 16 6 8 31 14 7 12 14 6 8 5
0 0 0 0 0 0 0 0 0 0 0 0 0 0 0 0 1 1 0 0 0 0 1 0 0 0 0 0 0 0 0 0 0 0 0 0 0 0 0 0 0 0 0 0 0 0 0 1 1 3 1 1 1 1 0 0 1 0 1 1 1 1 1 0 3 1 1 1 2 3 1 2 1 2 1 2 1 4 3 2 6 3 2 4 8 3 6 4 9 4 6 4 13 11 13 9
0 0 0 0 0 0 0 0 0 0 0 0 0 0 0 0 0 0 0 0 0 0 0 0 0 0 0 0 0 0 0 0 0 0 0 0 0 0 0 0 0 0 0 0 0 2 1 4 1 1 0 0 1 2 3 1 1 0 0 1 0 1 0 0 1 0 1 1 1 2 2 1 1 1 1 3 1 3 1 1 5 1 5 4 8 3 4 3 3 6 5 8 13 18 29 54
0 0 0 0 0 0 0 0 0 0 0 0 0 0 0 0 0 0 0 0 0 0 0 0 0 0 0 0 0 0 0 0 0 0 0 1 0 0 1 2 1 1 1 3 1 1 4 3 1 2 1 1 1 4 2 1 3 2 1 4 2 4 2 1 0 1 1 1 1 2 3 3 1 7 9 6 9 20 10 4 5 9 11 10 2 31 26 16 9 3 5 4 9 29 14 23
0 0 0 0 0 0 0 0 0 0 0 0 0 0 0 0 0 0 0 0 0 0 0 0 0 0 0 0 0 0 0 0 0 0 0 0 1 0 0 1 1 1 1 2 4 1 1 2 2 3 3 1 1 5 6 1 9 4 8 5 2 3 2 2 1 2 1 4 7 0 1 5 6 2 6 11 4 11 5 23 4 11 24 13 6 28 22 14 38 28 20 5 13 25 13 9
0 0 0 0 0 0 0 0 0 0 0 0 0 0 0 0 0 0 0 0 0 0 0 0 0 0 0 0 0 0 0 0 0 0 0 0 0 0 0 0 1 0 2 4 3 0 1 1 1 3 4 1 1 4 3 6 4 2 4 6 2 0 1 4 3 4 4 4 5 7 1 5 13 2 7 14 2 1 2 32 23 8 9 13 20 32 28 39 56 40 12 30 8 7 33 46
0 0 0 0 0 0 0 0 0 0 0 0 0 0 0 0 0 0 0 0 0 0 0 0 0 0 0 0 0 0 0 0 0 0 0 0 0 0 0 1 0 1 1 1 5 2 1 1 2 2 4 4 2 9 8 25 3 8 22 17 7 0 3 3 3 11 10 16 5 17 2 2 12 4 8 19 5 3 3 27 15 25 2 3 6 32 42 37 56 35 8 40 17 16 33 44
0 0 0 0 0 0 0 0 0 0 0 0 0 0 0 0 0 0 0 0 0 0 0 0 0 0 0 0 0 0 0 0 0 0 0 0 0 0 1 4 1 2 1 4 4 6 2 2 8 5 23 25 6 13 38 51 10 28 34 18 12 2 10 13 4 4 4 3 12 32 5 2 9 3 14 17 42 6 10 51 17 36 28 6 7 18 38 34 32 19 37 70 20 16 10 11
0 0 0 0 0 0 0 0 0 0 0 0 0 0 0 0 0 0 0 0 0 0 0 0 0 0 0 0 0 0 0 0 0 0 0 0 0 1 3 2 2 1 1 7 9 3 1 2 6 10 27 18 22 7 29 60 18 24 31 23 27 17 21 30 4 5 10 4 19 28 22 9 2 6 36 34 39 32 10 59 14 37 53 21 11 12 36 28 27 9 60 73 40 25 32 13
0 0 0 0 0 0 0 0 0 0 0 0 0 0 0 0 0 0 0 0 0 0 0 0 0 0 0 0 0 0 0 0 0 0 0 0 0 1 2 1 6 2 8 2 21 3 4 4 3 9 29 25 10 4 4 20 26 43 49 42 64 34 38 35 28 11 13 13 25 25 49 19 7 7 24 42 60 58 23 37 42 41 49 63 25 17 10 11 9 18 59 39 60 31 33 23
0 0 0 0 0 0 0 0 0 0 0 0 0 0 0 0 0 0 0 0 0 0 0 0 0 0 0 0 0 0 0 0 0 0 1 0 0 0 0 1 1 1 0 0 2 2 16 13 4 3 10 3 6 2 2 4 5 26 29 26 36 41 38 30 60 13 17 15 4 44 76 16 11 7 39 28 30 40 15 26 34 12 56 72 51 29 8 8 9 13 9 27 66 31 22 31
0 0 0 0 0 0 0 0 0 0 0 0 0 0 0 0 0 0 0 0 0 0 0 0 0 0 0 0 0 0 0 0 0 0 0 1 0 1 0 0 0 2 1 0 1 2 4 9 12 4 5 3 6 3 4 9 7 4 8 18 16 7 16 42 74 38 14 20 29 59 76 27 8 4 11 17 37 26 42 50 34 9 41 61 74 25 16 7 27 30 16 30 82 47 42 51
0 0 0 0 0 0 0 0 0 0 0 0 0 0 0 0 0 0 0 0 0 0 0 0 0 0 0 0 0 0 0 0 0 1 0 0 1 1 0 0 1 3 2 1 2 2 3 3 5 3 5 16 17 15 11 10 7 6 5 4 1 0 5 58 56 50 26 13 17 57 71 61 42 12 7 21 36 27 30 19 41 29 17 70 73 55 23 14 35 24 46 79 79 76 57 57
0 0 0 0 0 0 0 0 0 0 0 0 0 0 0 0 0 0 0 0 0 0 0 0 0 0 0 0 0 0 0 0 0 0 1 1 1 3 1 2 1 3 4 2 1 5 3 5 5 2 5 30 41 46 36 28 18 16 14 14 15 11 12 28 30 42 35 13 6 34 29 66 66 22 9 34 44 30 19 38 64 29 17 18 74 77 28 16 49 55 50 73 43 74 41 27
0 0 0 0 0 0 0 0 0 0 0 0 0 0 0 0 0 0 0 0 0 0 0 0 0 0 0 0 0 0 0 0 0 0 1 2 1 1 3 9 5 5 5 3 1 2 10 10 8 6 5 20 63 67 59 57 46 43 32 32 64 68 74 61 47 42 31 18 7 4 26 41 77 52 49 15 31 39 22 4 18 29 33 49 68 77 49 31 17 36 37 30 77 76 85 54
0 0 0 0 0 0 0 0 0 0 0 0 0 0 0 0 0 0 0 0 0 0 0 0 0 0 0 0 0 0 0 0 1 1 2 2 2 4 12 5 14 10 4 5 7 7 13 17 12 11 7 12 37 66 61 70 76 71 46 32 24 38 50 58 73 69 69 55 30 2 7 42 52 60 47 42 26 13 18 17 50 45 21 30 27 71 71 30 15 24 29 33 26 69 58 71
0 0 0 0 0 0 0 0 0 0 0 0 0 0 0 0 0 0 0 0 0 0 0 0 0 0 0 0 0 0 0 2 1 1 1 3 2 3 3 1 3 22 33 15 28 16 13 13 16 20 19 10 8 12 51 53 50 74 74 63 55 47 33 40 47 70 75 73 69 58 35 59 49 74 37 37 28 19 30 23 20 27 17 48 35 73 80 28 13 40 45 29 30 30 60 75
0 0 0 0 0 0 0 0 0 0 0 0 0 0 0 0 0 0 0 0 0 0 0 0 0 0 0 0 0 0 0 0 0 1 1 1 2 3 5 6 4 2 6 43 47 60 46 29 24 11 19 23 20 12 22 40 35 28 48 55 58 68 69 57 33 38 70 78 77 62 63 79 59 82 69 48 43 44 26 16 18 39 19 31 44 29 70 42 14 30 47 43 18 12 54 77
0 0 1 0 0 0 0 0 0 0 0 0 0 0 0 0 0 0 0 0 0 0 0 0 0 0 0 0 0 0 0 0 0 0 1 2 4 4 5 7 11 10 5 4 6 48 58 51 29 19 14 24 21 15 6 6 6 8 8 11 20 43 38 52 57 32 33 51 50 42 68 67 66 64 63 65 71 63 38 44 42 39 20 23 61 68 48 57 23 10 41 44 22 42 80 39
0 0 0 0 0 0 0 0 0 1 1 0 0 0 0 0 0 0 0 0 0 0 0 0 0 0 0 0 0 0 0 0 0 0 1 1 2 3 3 4 7 7 16 19 21 14 9 6 28 30 39 12 13 9 13 20 20 20 20 19 21 9 7 11 16 11 10 8 11 32 44 59 55 50 42 35 37 64 56 47 38 26 56 48 51 64 52 68 48 17 14 37 53 82 52 74
0 0 0 1 0 0 0 0 0 0 0 0 0 0 0 0 0 0 0 0 0 0 0 0 0 0 0 0 0 0 0 0 0 0 0 0 1 3 2 4 6 10 11 17 21 17 17 19 13 7 8 7 9 23 23 33 32 34 34 49 22 8 7 23 24 39 21 25 8 6 17 43 36 25 25 27 34 45 52 67 61 31 27 32 35 38 53 63 68 28 14 31 88 66 55 67
0 0 0 0 0 0 0 0 0 0 0 0 0 0 0 0 0 0 0 0 0 0 0 0 0 0 0 0 0 0 0 0 0 0 0 0 1 1 1 3 4 5 6 7 12 11 11 18 16 15 21 24 26 35 30 29 42 47 50 48 28 24 25 38 34 28 36 21 10 13 14 5 4 5 7 6 16 16 8 15 28 20 22 16 18 19 46 57 50 32 15 69 75 51 73 70
0 0 0 0 0 0 1 1 0 0 0 0 0 0 0 0 0 0 0 0 0 0 0 0 0 0 0 0 0 0 0 0 0 0 0 0 1 1 1 1 2 5 4 3 8 8 12 15 20 18 24 14 16 26 33 36 37 44 58 52 33 31 39 37 47 51 56 48 29 29 11 5 3 7 9 18 39 29 20 18 15 12 8 12 11 17 25 37 59 57 27 80 41 27 65 78
0 0 0 1 0 1 0 0 0 0 0 0 0 0 0 0 1 0 0 0 0 0 0 0 0 0 0 0 0 0 0 0 0 0 0 0 0 1 1 1 2 3 7 6 9 10 12 13 17 9 29 19 16 14 25 29 49 53 59 46 21 39 33 47 49 68 61 59 52 33 25 26 26 32 34 46 55 43 28 30 45 54 36 20 26 18 8 15 31 67 49 77 34 34 74 90
0 0 0 0 1 0 2 1 0 0 0 1 0 0 0 1 1 0 0 0 0 0 0 0 0 0 0 0 0 0 0 0 0 0 0 0 0 1 1 1 2 2 3 4 5 8 9 16 13 10 16 21 11 12 22 29 43 40 33 29 28 33 42 43 45 69 66 58 50 29 43 44 43 47 45 45 57 44 43 44 46 48 34 50 53 35 34 12 17 45 41 43 41 28 55 75
0 1 1 0 2 2 2 1 4 1 0 0 0 1 1 1 1 0 0 1 0 1 0 0 0 0 0 0 0 0 0 0 0 0 0 0 0 1 1 1 3 2 1 3 4 4 7 10 7 4 4 12 12 8 13 24 31 25 18 13 15 36 32 34 56 60 54 50 29 24 38 37 40 53 46 58 57 60 41 45 57 50 53 67 61 61 45 17 11 37 33 49 35 17 40 61
0 0 1 0 0 3 1 1 1 2 3 1 0 0 2 1 0 0 1 1 0 1 0 0 0 0 0 0 0 0 0 0 0 0 0 0 0 0 0 0 1 1 2 2 2 1 6 2 5 2 7 5 5 3 10 20 13 13 8 14 14 19 17 32 49 49 47 50 24 40 51 50 34 49 57 50 52 47 39 50 59 57 53 69 46 41 25 24 15 10 16 33 33 12 31 24
1 1 0 1 0 1 4 6 7 3 1 1 0 1 1 2 0 1 3 1 0 1 0 0 0 0 0 0 0 0 0 0 0 0 0 0 0 0 0 0 0 0 0 1 1 1 1 1 0 1 7 1 2 2 7 4 4 7 4 6 6 10 17 31 21 40 36 28 23 35 46 46 27 50 38 48 53 43 35 46 63 53 62 45 32 43 41 54 48 20 5 6 20 17 13 18
1 1 1 1 1 1 3 6 5 5 5 1 3 0 0 0 1 7 4 1 1 1 0 0 0 0 0 0 0 0 0 0 0 0 0 0 0 0 0 0 0 0 0 0 0 0 0 0 1 1 0 0 1 3 1 2 2 2 2 2 2 5 17 15 20 18 14 19 29 37 34 38 29 39 19 27 32 17 26 36 58 36 27 33 45 56 73 62 55 32 22 8 4 10 10 8
1 2 1 2 7 3 10 28 6 5 4 4 4 5 0 0 0 0 0 0 0 2 0 0 0 0 0 0 0 0 0 0 0 0 0 0 0 0 0 0 0 0 0 0 0 0 0 0 0 0 0 0 0 1 1 1 0 1 2 2 2 9 7 9 10 18 14 13 16 27 22 15 18 29 15 7 33 14 16 42 26 35 35 41 73 81 69 55 56 47 27 25 17 5 7 7
