sesion_6_simulaciones/modelos_agentes/ejemplos_netlogo/scenarios/echam4_b2/rob_2037.asc
NCOLS 322 
NROWS 307 
XLLCORNER 451900 
YLLCORNER 4086900 
CELLSIZE 100 
NODATA_value -9999 
[rows 222 to 295 of 307, columns 192 to 287 of 322]
1 1 1 0 2 1 1 0 0 0 0 0 0 0 0 0 0 0 0 0 0 1 3 2 1 1 1 1 2 3 1 2 6 8 9 7 14 31 31 38 42 38 41 61 43 54 56 39 47 59 58 51 22 20 30 32 28 49 63 65 48 38 47 27 57 78 68 56 72 78 37 17 6 1 1 0 0 0 0 0 0 0 0 0 0 0 0 0 0 0 1 1 1 2 2 1
6 6 3 2 1 0 0 0 0 0 0 0 0 0 0 0 0 0 0 0 0 1 3 5 2 3 3 2 5 6 3 4 9 11 14 9 17 13 23 28 36 33 41 60 52 38 53 37 47 43 47 33 33 25 15 20 25 41 34 37 28 39 45 28 33 59 49 38 57 66 35 12 5 1 0 0 0 0 0 0 0 0 0 0 0 0 0 0 0 0 1 1 1 2 2 2
7 5 4 2 1 1 1 0 0 0 0 0 0 0 0 0 0 0 0 0 1 2 4 9 7 5 5 7 8 13 15 10 11 13 16 10 19 9 21 25 21 31 38 57 66 35 47 49 25 25 30 32 46 17 7 28 23 47 25 43 42 44 46 41 15 17 4 2 6 38 49 12 3 0 0 0 0 0 0 0 0 0 0 0 0 0 0 0 0 0 1 1 1 2 2 6
3 2 2 1 1 0 0 0 0 0 0 0 0 0 0 0 0 0 0 0 1 1 2 7 12 13 10 12 11 18 46 29 18 18 10 12 16 15 34 20 19 21 34 40 60 52 25 33 14 15 15 13 21 27 6 19 23 23 34 53 57 48 55 43 16 18 10 11 3 4 17 6 1 1 0 1 1 0 0 0 0 0 0 0 0 0 0 0 0 0 1 2 2 2 3 4
3 2 1 1 0 0 0 0 0 0 0 0 0 0 0 0 0 1 1 1 1 1 4 5 12 32 19 17 20 14 28 46 20 29 21 25 30 32 21 24 14 21 21 24 28 36 29 47 41 13 40 39 23 17 9 16 52 45 48 52 64 52 46 28 19 17 21 26 10 5 4 1 1 1 1 1 0 0 0 0 0 0 0 0 0 0 0 0 0 0 0 0 2 2 2 4
2 3 2 1 1 1 0 0 0 0 0 0 0 0 0 0 1 0 1 2 2 4 5 6 13 32 50 28 44 24 33 48 33 22 39 44 35 31 30 28 8 14 13 23 33 40 50 58 72 34 32 32 29 12 19 23 37 33 47 55 55 39 34 24 44 33 36 27 11 7 2 1 1 2 2 1 1 1 0 0 0 0 0 0 0 0 0 0 0 0 0 1 1 1 3 4
4 2 1 1 1 0 0 0 0 0 0 0 0 0 0 0 0 1 2 3 6 13 22 15 17 32 66 28 49 28 34 48 18 20 40 42 47 43 35 32 21 22 19 16 34 40 40 57 57 53 48 39 32 19 39 53 51 46 58 70 52 31 33 45 72 60 30 16 11 5 4 3 4 3 4 2 2 1 0 0 0 1 0 0 0 0 0 0 0 0 1 1 1 1 1 4
3 2 1 0 0 0 0 0 0 0 0 0 0 0 0 0 0 0 1 2 3 10 23 41 37 36 56 58 66 37 58 30 18 18 30 48 52 48 29 31 33 35 23 21 25 42 42 46 43 39 57 49 33 24 37 39 54 36 43 23 34 56 57 77 67 43 27 16 17 15 10 8 6 7 3 2 1 1 0 0 0 0 1 1 0 0 1 1 0 0 1 1 2 2 3 5
1 1 1 0 0 0 0 0 0 0 0 0 0 0 0 0 1 0 1 2 4 8 20 25 47 50 64 71 65 38 51 23 19 45 34 45 52 40 36 45 37 47 23 24 40 44 54 48 58 36 39 36 32 10 20 13 76 45 28 40 51 50 55 44 26 20 21 20 12 14 19 19 11 3 1 1 1 0 0 0 0 0 1 0 0 0 1 2 1 0 0 1 1 1 3 5
0 0 0 0 0 0 0 0 0 0 0 0 0 0 0 1 1 1 2 3 4 9 21 35 39 46 58 59 63 60 68 36 26 38 50 40 52 46 40 40 43 31 37 24 24 29 46 56 54 41 27 26 22 20 35 33 13 78 81 57 36 19 35 30 37 28 17 10 6 18 43 21 6 2 1 0 0 0 0 0 0 0 0 0 1 0 1 1 2 1 1 1 2 2 2 4
0 0 0 0 0 0 0 0 0 0 0 0 0 0 1 1 1 1 3 3 4 15 31 46 38 44 58 55 77 82 57 45 45 56 38 54 54 50 48 45 44 40 49 20 38 31 45 42 34 17 33 28 35 36 44 53 42 34 41 48 28 46 28 28 23 25 21 7 11 21 23 8 6 3 1 0 0 0 0 0 0 0 0 2 1 0 0 1 3 1 1 1 2 2 2 2
0 0 0 0 0 0 0 0 0 0 0 0 0 0 0 1 1 2 3 9 7 9 41 40 58 49 57 66 28 79 58 57 45 61 48 41 47 57 49 47 48 40 65 23 23 59 44 43 37 31 48 30 30 45 53 28 50 49 31 15 25 15 23 25 24 22 12 33 25 8 14 5 3 2 1 0 0 0 0 0 0 0 0 1 1 1 1 1 2 2 2 1 1 4 3 3
1 0 0 0 0 0 0 0 0 0 0 0 0 0 0 0 1 1 4 10 19 26 54 44 62 65 71 66 72 63 83 51 42 56 46 24 33 54 57 63 50 24 43 52 15 26 39 59 37 43 54 41 28 36 33 29 16 19 23 39 33 34 30 42 17 17 25 11 6 11 8 4 3 1 0 0 0 0 0 0 0 0 1 1 2 2 1 1 2 2 8 3 1 2 6 5
0 0 0 0 0 0 0 0 0 0 0 0 0 0 0 0 0 2 4 8 20 18 35 11 30 52 54 28 29 53 76 49 52 79 44 49 54 61 40 15 29 16 43 53 16 39 58 39 17 37 48 51 29 37 26 15 43 48 46 34 20 27 54 61 39 29 42 35 25 14 7 4 1 0 0 0 0 0 1 0 0 0 1 1 2 2 4 1 2 1 1 5 2 2 2 4
0 0 0 0 0 0 0 0 0 0 0 0 0 0 0 0 1 1 3 6 11 9 10 31 29 35 27 36 44 53 67 63 70 72 60 56 55 52 52 28 40 34 42 52 16 28 47 43 26 22 31 40 32 27 14 31 46 23 28 35 35 58 65 64 62 54 30 16 20 13 21 6 2 1 0 0 0 1 1 0 1 1 1 1 1 2 2 5 3 3 2 7 3 1 2 2
0 0 0 0 0 0 0 0 0 0 0 0 0 0 0 0 0 1 1 2 3 18 24 20 32 44 44 35 42 55 57 55 64 70 48 58 54 53 58 26 55 49 36 55 15 20 41 37 47 50 26 26 47 35 26 33 32 28 56 40 67 49 48 70 76 42 28 10 25 8 3 3 0 0 0 0 0 1 1 1 1 1 1 1 1 1 2 5 11 15 2 2 4 2 3 7
0 0 0 0 0 0 0 0 0 0 0 0 0 0 0 0 0 0 1 2 4 8 14 14 13 26 45 33 47 38 49 55 58 71 63 70 55 62 46 46 29 44 24 42 14 12 25 25 34 46 51 28 22 11 27 14 13 41 42 36 45 34 57 60 59 62 26 7 3 3 2 0 0 0 1 1 0 0 2 2 3 1 1 1 1 1 1 1 1 3 12 9 6 4 4 7
0 0 0 0 0 0 0 0 0 0 0 0 0 0 0 0 1 0 0 2 4 9 8 14 23 37 32 27 37 39 25 30 48 50 44 60 42 61 49 44 43 42 73 50 21 25 37 56 32 20 28 25 10 29 11 18 34 63 51 74 71 52 34 38 32 18 18 16 6 2 1 0 0 1 1 2 1 1 2 4 3 4 2 2 2 1 2 2 2 3 6 6 5 20 6 11
0 0 0 0 0 0 0 0 0 0 0 0 0 0 0 0 1 1 1 1 2 1 4 7 9 19 20 20 22 27 43 44 31 27 20 72 57 76 40 53 43 35 73 54 40 25 55 49 45 41 23 55 27 55 39 52 51 23 35 41 45 38 21 28 37 22 22 6 6 3 1 0 1 1 1 2 2 1 1 2 3 6 3 4 2 1 2 3 1 0 1 1 2 8 11 7
0 0 0 0 0 0 0 0 0 0 0 0 0 1 1 1 1 2 1 3 6 8 15 21 28 27 34 51 59 48 48 60 56 47 55 53 77 65 47 47 40 31 27 63 38 16 31 36 52 36 50 53 59 69 88 81 79 70 71 46 44 42 44 51 35 19 12 7 5 2 0 0 1 1 2 2 3 2 3 5 3 7 4 7 3 1 2 4 5 1 2 3 2 1 2 4
0 0 0 0 0 0 0 0 0 0 0 0 0 1 1 1 0 1 3 7 14 12 23 36 49 60 61 52 73 59 50 48 44 31 23 25 46 55 51 44 43 25 24 45 26 19 15 35 26 39 16 9 13 16 36 51 85 85 68 62 46 40 19 41 25 14 10 6 1 1 0 0 1 2 1 2 3 5 4 7 4 2 10 10 5 2 2 6 5 2 3 6 4 9 13 20
0 0 0 0 0 0 0 0 0 0 0 0 1 1 1 2 0 0 1 2 8 20 10 28 30 48 60 48 10 25 44 36 27 25 38 45 49 34 60 34 34 33 11 33 29 30 13 16 10 33 24 21 17 14 15 14 34 64 74 76 80 41 33 21 14 11 9 7 3 1 0 1 2 2 2 3 10 7 7 8 9 3 4 17 9 3 3 4 4 3 6 3 7 10 16 24
0 0 0 0 0 0 0 0 0 0 0 0 0 1 1 1 1 0 1 2 4 8 7 19 16 19 21 15 12 15 26 27 26 37 32 24 38 54 55 11 29 31 19 31 30 9 6 31 33 28 44 31 39 37 40 41 43 56 50 38 49 74 53 34 24 20 17 6 3 1 0 2 3 5 5 3 7 11 9 6 6 6 3 9 16 8 7 3 8 4 8 9 6 12 14 11
0 0 0 0 0 0 0 0 0 0 0 0 0 1 1 1 3 0 0 0 1 2 5 6 10 20 24 31 39 27 36 25 25 44 38 34 29 24 11 15 25 37 67 35 24 22 9 15 27 31 39 63 32 43 60 38 31 26 30 21 19 32 48 42 29 15 13 6 2 0 1 3 3 5 6 8 5 16 11 19 8 15 9 8 30 12 17 6 10 11 11 18 12 13 12 19
0 0 0 0 0 0 0 1 1 1 0 0 1 1 2 1 2 1 1 1 1 1 4 5 10 19 26 26 29 50 43 52 47 68 25 21 25 32 27 31 55 51 28 24 52 26 20 19 21 55 59 29 41 43 33 33 48 41 51 30 25 18 16 18 18 12 6 4 2 1 1 3 4 7 6 6 6 10 16 24 14 10 16 9 34 10 11 14 8 21 12 13 14 9 11 11
0 0 1 0 1 0 0 1 1 1 0 0 1 1 3 8 1 1 1 3 3 5 3 4 9 10 19 16 21 35 39 34 31 32 37 36 35 42 41 30 19 15 11 10 22 26 35 24 54 66 29 13 19 40 44 41 31 42 29 24 25 18 14 9 7 5 4 2 1 1 3 4 4 5 6 6 9 12 20 17 18 16 16 29 38 11 15 17 10 22 16 7 17 7 5 10
0 0 0 1 1 0 1 1 2 2 1 0 0 1 2 3 1 1 1 2 5 6 5 4 4 4 12 17 22 32 25 24 34 33 33 33 33 29 27 20 20 15 11 9 11 8 9 43 19 36 20 15 17 17 29 76 52 55 41 32 22 18 12 9 6 5 3 1 1 1 3 4 3 6 5 11 15 10 14 31 24 26 31 31 38 26 28 11 30 22 7 12 16 7 9 13
1 1 1 2 1 1 1 1 2 4 1 0 1 1 2 6 3 1 2 5 8 12 7 10 10 4 7 11 15 14 21 18 26 31 32 20 18 11 13 19 35 33 42 34 21 39 32 19 9 16 24 44 45 36 41 27 38 40 48 44 31 16 12 9 6 5 3 1 1 3 4 5 7 7 14 12 10 18 13 11 18 21 23 35 16 73 32 11 22 21 5 14 10 24 13 17
1 2 1 2 1 1 1 2 2 3 1 1 1 2 3 5 6 1 3 6 8 19 11 13 14 19 12 10 8 10 13 23 40 35 15 32 17 28 19 23 29 31 26 19 17 28 17 15 23 38 45 37 42 40 47 19 14 15 15 25 19 19 15 12 9 7 6 2 1 4 4 4 9 11 15 5 11 8 20 9 14 12 24 16 36 63 20 15 32 11 7 15 13 20 24 23
1 1 2 2 2 2 1 1 3 7 1 2 2 3 4 8 1 1 4 7 13 20 27 15 35 22 24 25 16 17 11 46 53 38 43 29 26 36 24 19 30 18 22 15 16 24 24 22 17 33 42 32 43 43 42 18 31 35 35 38 32 24 22 22 15 12 7 2 1 5 5 5 14 8 13 22 23 15 8 16 12 19 22 34 26 48 39 32 31 14 12 22 11 12 5 29
0 1 3 3 3 2 1 2 4 5 1 3 4 10 12 4 1 1 5 8 9 25 25 34 22 24 43 34 29 31 30 42 58 54 44 48 49 30 53 32 18 30 12 7 10 18 17 20 23 24 34 33 42 35 41 44 44 50 48 50 47 46 28 18 10 6 6 1 2 6 9 8 16 18 13 16 25 16 19 6 25 9 12 29 34 50 58 66 30 18 25 20 24 26 17 38
1 1 4 5 7 4 2 2 6 7 2 2 6 14 9 2 1 2 4 8 17 21 26 32 36 29 42 38 50 53 51 44 22 33 44 43 44 25 40 39 37 27 19 14 26 23 14 31 19 11 12 28 44 59 43 45 62 57 53 34 48 27 12 14 13 8 3 2 2 5 14 9 15 19 24 18 26 18 22 19 14 31 16 7 9 29 49 64 32 39 30 25 22 40 17 18
1 2 2 4 11 7 3 4 5 8 2 2 6 14 5 2 1 3 7 9 11 15 20 30 48 29 36 37 31 52 59 48 44 37 39 25 31 30 36 29 30 20 17 27 40 34 20 26 11 7 11 40 52 32 59 61 34 39 27 27 21 16 25 24 10 7 6 2 2 3 17 11 13 14 18 27 21 23 11 22 11 37 23 19 11 8 25 39 54 66 38 32 25 32 13 16
2 4 3 3 4 13 4 6 13 3 2 2 4 18 8 3 1 4 8 10 17 27 29 45 47 44 25 31 50 48 30 56 80 66 35 32 23 31 43 31 20 31 32 16 24 15 20 12 29 25 30 39 42 55 62 46 56 40 39 39 29 24 20 13 11 9 4 2 2 5 6 24 13 14 18 19 38 36 22 41 16 14 24 25 19 16 16 30 50 56 40 38 32 33 21 28
2 3 7 7 3 9 3 8 26 4 4 8 11 15 4 3 1 2 9 14 29 21 26 49 52 51 44 18 16 19 29 29 33 17 19 29 47 31 28 41 38 29 21 16 15 9 13 20 34 44 42 42 47 57 71 65 59 48 38 42 33 34 31 16 15 11 4 3 3 12 13 13 30 14 17 20 42 35 27 18 33 16 14 32 33 19 22 24 40 52 60 38 33 22 39 18
3 4 10 16 6 16 4 8 30 11 5 14 16 9 3 1 1 2 4 15 31 36 28 33 44 56 40 20 23 21 27 29 33 29 21 13 25 32 48 40 34 26 13 19 20 12 14 11 3 8 37 39 31 47 45 32 36 55 52 44 42 21 20 17 12 11 9 2 5 11 17 14 17 7 24 25 25 45 55 40 44 24 19 16 34 25 18 29 45 78 72 39 25 22 38 17
4 4 5 17 8 16 9 8 11 19 7 19 15 3 1 2 3 4 8 18 22 27 40 22 34 47 62 26 23 23 36 35 32 34 28 33 27 31 24 8 13 27 17 20 28 14 13 4 18 26 33 51 65 59 42 63 61 74 52 36 41 38 34 26 22 11 9 5 7 14 15 26 32 15 15 39 30 47 41 34 53 22 30 30 51 28 15 22 16 34 58 34 33 18 48 36
4 4 3 10 28 12 20 8 27 12 24 10 3 1 3 4 7 4 20 29 17 28 33 37 16 33 49 64 37 37 23 37 27 19 16 18 23 16 14 13 13 8 6 4 11 7 11 10 21 21 19 40 38 52 61 59 39 58 41 26 29 32 29 26 12 9 7 12 14 18 21 29 6 19 33 41 39 29 48 25 63 27 32 24 28 51 36 39 45 36 43 29 52 23 31 55
10 6 4 6 11 25 26 13 44 18 16 3 2 4 5 9 9 6 7 8 17 23 31 56 52 31 39 18 42 58 23 37 21 18 24 26 35 21 20 14 12 11 25 16 8 4 3 6 16 28 29 43 42 36 48 42 38 33 22 9 22 27 23 19 10 7 8 15 15 19 21 35 11 11 6 10 34 55 67 27 54 46 35 34 22 19 58 31 47 44 41 50 24 22 40 54
7 13 8 6 6 15 40 18 16 7 4 1 4 6 13 19 19 7 9 11 21 25 26 11 16 16 20 33 16 22 47 67 44 32 15 33 12 16 23 5 9 13 8 6 8 19 11 11 18 22 31 23 26 35 35 38 26 43 32 34 41 29 27 15 18 19 10 17 19 20 20 34 11 23 13 18 18 15 37 41 29 56 37 40 24 47 49 19 42 59 56 48 24 26 25 33
9 15 10 15 21 28 32 17 16 4 5 4 6 15 15 22 25 15 18 20 24 27 23 18 16 22 21 14 16 29 19 26 32 49 42 58 15 10 10 14 15 9 14 16 7 6 12 12 17 32 46 26 26 33 48 24 45 62 67 55 47 30 29 27 22 19 20 31 20 23 23 28 18 27 27 20 35 32 37 54 24 56 38 56 24 22 42 15 21 30 55 38 17 30 30 56
10 19 14 20 28 38 30 7 4 2 7 7 14 18 19 26 17 35 31 21 27 28 25 31 35 25 27 19 22 44 25 8 8 11 13 36 45 27 32 49 34 29 15 14 14 9 3 14 34 29 36 15 18 33 37 40 54 72 42 44 50 29 30 25 22 23 26 38 24 24 26 30 28 30 40 23 36 35 34 35 58 77 47 57 40 16 45 28 11 19 35 45 28 37 27 11
13 26 29 25 54 37 8 5 7 8 16 14 11 24 22 33 12 25 54 17 32 25 15 21 30 41 17 25 31 32 52 21 16 8 9 7 9 7 15 38 49 25 19 22 20 15 9 11 24 22 18 18 27 34 52 51 48 45 46 31 50 40 26 10 28 15 16 49 29 27 41 30 45 31 43 34 34 41 36 29 26 18 62 66 50 22 23 27 16 11 23 47 33 38 46 27
16 23 49 41 51 9 8 8 9 16 20 19 29 39 14 28 15 26 30 49 20 38 16 13 18 34 31 36 32 21 13 36 11 18 13 9 9 11 10 16 21 11 9 17 8 3 5 16 14 21 19 16 11 29 47 59 30 56 69 58 28 23 14 8 42 28 28 41 37 29 46 33 63 43 42 48 33 33 49 34 28 17 44 48 50 27 12 55 21 17 30 42 58 49 34 35
11 26 53 67 34 5 10 19 20 21 34 43 23 29 20 18 39 19 28 27 27 26 24 18 21 29 27 42 32 34 40 27 38 15 19 14 11 9 7 15 14 7 7 7 7 6 11 28 14 17 20 13 23 39 57 50 77 54 40 53 35 17 7 16 22 50 29 34 42 29 34 35 55 48 33 46 47 32 35 51 37 12 26 55 61 32 10 28 29 20 34 24 65 53 23 59
13 33 59 38 6 7 21 23 16 43 30 57 18 34 23 16 21 57 19 30 48 26 43 18 18 37 40 35 31 45 26 31 44 17 20 17 12 16 4 15 12 6 14 16 15 12 27 21 25 28 34 34 38 33 38 50 58 44 48 39 35 17 9 27 22 37 31 34 43 33 32 34 36 56 34 33 54 35 36 36 48 21 25 31 51 30 17 24 42 28 17 19 19 51 37 34
17 47 43 23 10 16 27 30 19 36 18 52 25 33 48 18 40 58 17 39 57 22 50 21 16 37 45 47 21 13 40 14 15 33 50 32 7 13 6 11 7 4 4 7 10 11 14 19 31 33 30 20 20 25 24 30 41 49 33 51 38 22 19 29 35 43 21 29 37 45 30 29 18 44 36 32 40 43 37 32 15 14 44 24 49 33 22 13 20 47 12 27 49 48 35 11
21 41 42 30 15 17 34 52 19 25 21 45 22 31 58 24 40 57 28 23 33 40 36 24 18 22 22 32 34 43 16 27 12 9 4 31 34 9 6 8 6 8 13 13 11 15 13 21 22 31 30 35 27 27 27 29 21 34 35 19 24 32 29 29 31 36 42 34 39 49 19 34 21 29 43 32 38 20 16 35 22 20 17 22 51 62 24 12 22 40 8 13 41 48 50 26
39 38 51 22 17 28 31 39 21 30 26 31 41 21 54 23 23 47 29 18 19 19 68 42 17 16 18 17 26 28 44 25 9 19 4 5 29 11 5 8 4 12 22 18 9 12 5 10 25 38 42 29 24 15 15 31 39 58 38 18 11 30 31 30 31 34 50 25 41 49 21 28 33 31 48 6 25 39 20 16 38 19 17 19 25 43 24 12 14 44 15 11 12 41 68 51
73 40 18 18 27 30 33 36 23 55 34 21 46 21 54 24 21 32 31 16 19 30 51 33 14 21 16 31 31 35 30 28 26 22 4 9 9 22 4 5 12 18 11 12 16 16 11 5 17 34 42 48 29 24 32 37 44 57 51 24 10 37 32 22 32 33 39 30 24 47 31 18 21 43 49 21 16 17 39 13 23 45 21 17 56 44 11 24 5 41 32 14 10 7 18 24
22 10 21 18 26 29 46 36 39 42 30 20 66 23 24 53 22 48 42 14 17 26 26 59 25 25 13 27 37 37 26 17 26 36 11 9 8 26 8 6 7 9 7 8 8 12 15 12 17 40 32 33 32 27 23 26 19 41 43 10 19 26 38 19 30 34 26 45 20 43 37 25 29 20 36 19 20 23 22 27 11 7 40 18 28 50 19 36 11 22 61 16 31 21 12 8
42 23 44 31 27 31 55 32 55 47 16 28 47 31 30 53 18 20 61 12 28 25 16 49 16 25 28 21 22 25 33 38 7 15 14 10 5 6 36 7 2 8 11 16 14 6 8 18 33 31 50 44 15 24 27 4 20 28 20 11 19 45 42 18 16 36 26 37 20 24 67 19 33 36 23 20 26 19 33 22 33 17 13 36 11 41 49 43 17 26 73 25 18 13 28 13
75 38 21 37 36 39 39 31 58 38 26 29 25 31 26 38 17 15 50 22 27 22 11 22 33 29 22 15 16 16 22 22 29 9 10 29 9 6 11 19 6 12 11 16 15 16 12 5 28 14 6 8 8 20 22 44 30 19 19 20 16 33 27 20 19 32 43 15 41 12 46 20 30 34 11 17 29 13 18 29 29 30 15 6 12 10 34 65 31 21 42 25 24 15 27 19
84 39 25 33 29 38 18 30 36 17 26 26 30 36 22 42 22 18 40 15 13 34 13 6 5 9 9 7 22 44 18 24 27 4 9 3 18 8 8 42 7 7 5 9 18 9 22 11 54 20 16 11 13 13 35 42 25 9 10 33 15 11 28 22 32 19 49 17 48 14 21 33 19 37 13 26 16 19 14 13 27 34 16 12 11 13 5 13 34 50 36 34 24 14 35 21
68 32 20 38 22 23 23 25 39 15 26 21 20 43 20 49 22 33 28 14 10 21 19 9 9 11 11 13 15 20 33 22 12 10 5 4 4 11 6 28 5 4 5 11 10 8 23 23 9 16 22 19 6 29 41 38 23 15 7 32 21 17 9 36 30 34 42 20 41 23 17 19 40 45 16 15 24 10 17 5 6 27 12 18 12 9 11 6 5 19 48 28 15 20 38 24
73 30 47 25 25 22 21 22 27 14 22 28 13 48 40 15 22 24 32 16 22 11 24 12 21 22 14 21 12 11 16 16 21 9 3 6 4 6 10 15 9 2 6 4 8 8 10 29 7 7 13 14 18 44 45 34 23 21 7 12 34 16 26 16 30 50 24 36 11 29 51 12 37 60 21 5 17 8 11 6 18 15 20 14 7 4 6 12 12 7 24 44 33 10 33 13
71 41 24 23 22 26 34 19 31 14 20 19 21 24 48 9 9 9 18 4 21 12 20 20 22 21 18 22 24 5 8 12 29 17 6 4 20 5 3 19 30 3 8 4 7 18 17 24 6 8 7 14 35 35 37 22 7 18 18 8 28 14 24 25 10 18 22 26 13 17 46 15 24 35 2 7 8 17 18 9 3 16 4 7 13 1 2 4 11 11 13 7 35 14 25 7
20 47 14 25 21 22 27 17 51 15 18 27 20 7 31 19 17 9 31 11 12 18 18 26 20 11 21 23 24 4 7 8 15 15 17 7 7 15 3 2 17 2 5 4 2 26 33 14 10 9 14 30 36 32 38 15 9 22 17 18 26 17 9 8 25 20 10 29 13 15 39 28 41 19 3 11 5 2 7 16 7 7 8 9 15 5 6 6 7 6 8 17 20 31 22 4
23 54 22 17 10 20 26 23 16 27 17 21 20 11 15 16 15 11 55 11 8 10 16 39 12 11 18 27 21 7 8 8 18 13 21 15 6 6 10 4 20 3 4 2 3 11 8 16 4 25 17 35 37 40 21 9 14 24 14 23 32 26 39 13 13 18 9 35 9 14 12 23 32 8 4 3 5 6 10 8 9 2 1 12 11 17 13 10 6 5 3 2 7 34 19 6
21 59 47 4 13 14 34 23 13 28 15 10 8 10 7 21 5 19 14 6 9 8 17 11 24 13 12 16 11 10 5 13 16 16 13 10 12 9 15 5 17 4 5 4 4 6 15 37 13 9 26 46 45 35 7 12 21 30 18 25 14 37 19 31 20 11 8 11 8 14 19 35 16 15 10 11 1 10 14 6 11 3 1 8 7 32 27 8 7 5 5 3 2 10 18 16
10 18 46 6 15 8 25 22 11 26 21 7 2 13 8 27 8 17 12 16 8 7 18 24 16 7 8 11 13 18 2 5 10 21 16 8 11 24 7 12 22 7 4 9 4 4 4 25 30 32 44 52 37 12 8 25 30 26 20 30 30 19 10 16 31 4 9 12 14 7 13 17 14 22 10 10 6 17 11 2 17 26 6 10 3 4 11 11 5 7 1 4 7 17 6 15
11 22 41 11 13 4 6 15 13 10 16 5 2 6 14 43 10 7 13 4 11 16 16 21 13 4 7 7 14 10 7 8 16 11 5 3 11 19 18 6 11 9 7 12 9 7 11 48 35 60 68 51 6 8 12 14 24 25 16 18 32 10 24 17 11 29 49 8 6 4 5 28 9 16 18 12 11 20 18 10 16 49 11 14 5 2 5 13 31 20 9 5 16 12 9 28
11 15 40 14 20 6 6 12 4 14 20 13 5 6 9 22 11 5 13 6 11 12 10 6 10 4 18 3 9 17 7 7 17 21 8 4 15 7 6 14 2 7 2 9 27 53 68 43 40 43 26 6 8 12 17 18 20 19 12 11 12 8 15 17 3 24 13 1 1 10 7 11 27 10 26 18 17 17 23 10 19 25 10 15 9 7 8 7 8 13 14 24 8 20 29 40
14 7 4 32 9 5 2 2 2 10 29 7 7 4 6 14 5 4 18 5 7 8 8 7 4 5 5 3 1 13 7 8 8 11 7 12 8 9 2 5 3 5 3 47 33 41 73 76 46 16 6 8 9 16 14 14 20 19 15 4 1 3 14 32 26 39 5 3 2 17 24 14 13 4 32 11 26 11 26 7 15 18 17 24 14 14 4 2 6 5 3 6 21 7 22 22
14 11 7 34 2 5 7 2 14 1 16 6 5 7 10 16 6 7 16 8 3 6 5 13 3 7 2 12 2 3 5 8 15 12 4 5 23 13 4 4 11 54 62 59 72 40 56 77 55 3 6 12 13 11 3 10 11 10 10 1 1 11 36 46 33 13 6 16 18 9 20 24 7 5 14 14 26 23 40 39 47 29 10 20 16 14 11 1 3 9 9 6 7 16 28 23
11 6 3 43 6 2 3 3 17 2 3 13 5 4 5 13 5 9 24 7 3 6 6 18 3 9 3 7 8 9 4 8 10 10 9 10 11 9 7 21 37 58 78 66 76 76 68 56 4 5 14 11 11 12 5 5 20 26 7 3 3 17 39 27 15 9 13 16 17 10 21 34 48 11 7 14 14 17 21 12 6 12 17 40 33 20 9 3 10 3 13 15 9 14 36 13
8 6 4 9 22 14 6 3 15 4 4 14 1 4 3 3 8 6 9 6 2 1 1 8 2 10 10 7 13 5 5 7 4 14 7 13 7 3 11 25 21 23 50 71 74 64 5 4 10 7 7 6 10 11 7 4 4 46 10 12 7 13 8 26 19 7 19 21 15 40 30 33 6 8 11 22 21 17 16 13 17 19 23 15 25 8 11 5 8 2 3 14 6 13 37 15
8 6 3 4 28 7 6 2 8 2 2 6 6 1 1 2 4 2 6 4 5 1 2 2 7 13 7 6 8 4 7 7 7 5 9 12 6 3 12 20 11 31 22 14 13 5 12 19 13 12 7 7 4 1 3 12 4 17 18 8 7 13 4 13 7 9 8 25 26 40 13 6 9 14 14 18 39 18 19 16 24 22 25 23 25 5 9 5 13 4 15 14 7 8 12 7
6 7 5 2 16 1 3 3 11 4 2 3 13 2 2 2 2 2 7 6 3 2 1 5 13 8 5 8 3 5 5 10 10 10 8 4 8 5 23 18 54 57 22 6 10 10 4 6 8 2 3 1 3 2 4 13 3 30 12 4 7 8 16 9 3 9 10 37 32 1 6 1 4 17 36 37 22 21 12 13 21 16 22 27 19 11 9 10 6 4 10 13 9 12 8 4
3 3 6 8 10 1 5 3 6 2 1 1 6 3 2 2 1 4 2 7 2 1 1 2 7 9 9 4 2 4 3 6 6 9 4 7 8 7 15 11 14 21 13 11 14 7 5 9 15 10 3 1 1 1 5 14 4 14 12 7 6 8 10 7 2 5 17 26 5 1 2 8 5 5 9 27 28 31 9 14 17 20 26 10 21 14 12 14 14 6 7 13 6 2 3 5
10 2 4 14 21 1 3 2 6 3 2 1 3 3 3 0 2 2 3 2 2 2 1 3 5 11 9 2 2 2 1 2 7 2 5 5 5 5 26 10 11 20 7 10 3 10 3 1 4 12 9 1 1 3 1 3 13 3 12 1 2 13 10 2 6 19 23 29 4 0 1 10 7 6 9 18 28 14 7 9 17 22 19 19 12 12 20 14 6 4 11 8 6 3 2 3
6 2 0 2 3 5 2 2 3 2 1 0 1 2 1 0 1 2 3 1 1 1 1 6 4 4 6 1 3 4 1 1 2 3 6 5 10 37 14 58 52 29 6 2 2 12 8 4 3 8 5 5 1 2 4 2 18 10 2 0 0 9 9 6 15 21 20 23 1 4 4 10 29 4 7 15 16 10 6 6 15 13 9 5 11 22 8 15 3 4 4 5 2 1 3 1
2 4 1 2 1 7 2 1 0 1 1 1 0 1 1 0 1 2 8 0 1 2 2 5 2 2 2 1 2 2 2 1 2 3 4 11 20 22 54 34 29 31 14 3 4 5 1 1 1 4 7 4 3 1 4 7 3 18 5 3 4 18 6 2 10 15 12 19 4 7 10 8 12 3 5 7 12 18 11 5 1 2 2 4 4 6 4 6 4 2 2 2 1 1 1 1
2 6 5 2 1 4 1 4 1 1 1 1 1 0 2 1 1 1 2 0 1 1 3 2 3 1 3 1 2 1 1 1 1 3 5 28 35 54 76 42 8 4 9 5 4 1 6 16 3 9 15 3 4 10 5 10 2 7 6 9 3 21 5 6 11 12 10 21 5 5 7 8 8 3 1 1 7 10 35 12 2 2 5 6 3 3 2 4 2 1 0 2 1 1 1 2
