sesion_6_simulaciones/modelos_agentes/ejemplos_netlogo/scenarios/echam4_b2/rob_2048.asc
NCOLS 322 
NROWS 307 
XLLCORNER 451900 
YLLCORNER 4086900 
CELLSIZE 100 
NODATA_value -9999 
[rows 74 to 147 of 307, columns 96 to 191 of 322]
14 39 25 16 13 17 13 39 16 16 12 49 22 62 53 34 7 3 4 5 33 34 11 5 4 2 1 0 1 4 1 1 3 3 2 1 1 1 1 1 1 1 3 1 1 1 2 1 1 2 2 6 16 10 9 5 9 13 24 17 12 61 47 34 43 51 29 44 53 55 45 57 41 59 31 32 48 54 41 39 22 46 64 58 42 24 27 28 16 22 16 15 13 7 1 0
18 20 20 13 9 14 21 27 16 31 31 21 14 16 29 50 21 26 28 46 76 39 29 10 6 4 2 1 2 1 1 17 4 3 6 4 1 0 1 0 1 5 6 7 10 3 2 14 17 2 2 1 2 8 3 4 8 19 14 8 19 21 41 31 39 28 24 35 44 56 31 68 31 39 30 20 43 23 19 45 50 46 23 25 35 35 31 27 40 36 44 43 22 17 6 2
32 17 15 15 11 20 11 35 14 39 44 15 17 36 23 21 29 53 43 52 67 61 55 37 9 4 3 1 2 2 8 12 8 5 6 5 5 1 2 3 2 1 2 1 1 5 3 6 7 9 2 1 2 2 3 3 8 14 6 7 12 6 28 25 28 25 35 24 51 37 18 44 36 27 35 28 17 13 64 38 30 32 50 37 54 59 55 66 69 53 55 50 33 23 13 8
33 10 24 22 17 14 17 24 20 27 70 25 25 24 26 34 62 29 54 52 70 74 43 29 31 4 3 3 6 5 12 3 5 3 8 1 14 4 2 9 1 0 1 0 1 3 9 7 5 20 14 8 4 1 1 2 5 3 3 3 8 3 20 13 15 10 28 24 30 14 9 13 33 10 26 13 13 19 44 27 42 39 36 54 73 70 77 62 62 72 50 51 31 25 17 13
33 18 26 25 35 17 23 24 10 47 69 58 36 20 34 41 47 58 75 35 33 44 57 64 19 13 14 22 26 12 12 4 6 8 1 4 5 4 5 11 5 1 0 1 2 3 11 13 4 31 22 16 16 8 6 2 2 2 2 1 4 3 4 5 5 6 9 17 9 5 6 6 25 17 10 4 14 21 22 25 45 68 78 71 75 77 54 64 69 49 54 37 26 28 25 39
51 51 17 52 58 36 13 29 11 33 33 64 43 29 32 6 39 80 48 43 44 26 53 66 28 14 53 54 45 40 40 13 2 2 3 8 11 2 4 9 10 1 1 3 3 4 7 40 31 31 28 24 27 7 19 13 11 3 1 1 3 6 2 2 3 5 5 8 2 2 7 13 13 9 33 31 9 8 23 41 58 63 64 65 55 70 70 80 63 45 43 32 27 39 61 39
79 84 63 60 22 17 12 11 11 38 19 13 48 57 12 30 73 45 33 23 37 19 9 44 53 52 60 44 56 41 69 47 8 10 12 18 7 5 2 6 19 5 2 2 6 16 8 8 39 22 34 54 31 21 29 10 15 23 17 13 12 3 14 5 2 1 4 7 9 15 10 2 3 3 7 26 33 49 22 46 49 40 67 54 50 55 69 76 62 55 51 38 69 68 31 27
63 60 74 18 13 16 21 16 16 22 22 5 13 24 27 39 20 52 51 37 28 38 7 13 49 67 63 31 23 32 34 15 29 33 28 22 23 23 4 6 21 14 2 2 10 11 6 4 17 8 48 59 27 62 38 15 37 14 11 11 20 5 10 16 9 3 9 11 26 7 17 4 3 3 6 3 8 45 46 48 26 43 66 58 42 53 76 65 59 54 54 61 75 62 31 52
80 79 67 35 36 37 42 29 15 20 30 5 16 29 36 21 18 69 45 31 35 68 35 31 60 89 58 11 26 34 17 17 5 8 60 31 8 10 5 16 29 26 5 4 8 7 7 10 13 33 37 72 68 68 40 35 39 20 37 16 23 15 17 14 12 12 4 8 21 8 29 39 23 15 7 7 8 10 37 64 73 34 51 51 33 73 58 40 53 68 57 76 55 49 40 70
36 56 78 73 16 15 40 39 53 27 26 8 26 54 38 11 19 80 28 45 40 39 24 62 40 45 24 39 44 31 21 16 8 34 74 42 22 10 6 23 10 4 10 4 5 4 6 10 13 27 19 63 59 74 51 46 61 31 49 34 24 27 13 13 19 9 24 7 19 36 46 44 23 13 15 6 7 14 14 59 52 47 21 42 64 32 40 43 57 48 57 49 34 44 46 84
22 32 47 59 64 18 33 23 18 48 40 17 27 53 41 23 35 77 43 41 21 16 70 71 60 46 21 53 51 32 13 7 43 81 77 71 58 23 22 30 21 3 9 6 7 13 11 10 18 6 4 24 71 81 50 59 47 48 69 54 34 26 13 6 32 12 43 23 20 36 59 48 14 11 17 11 13 16 17 25 62 71 62 38 18 49 63 66 55 68 28 46 45 67 45 77
19 31 48 33 56 60 49 47 23 36 57 15 30 61 44 54 40 51 58 68 62 18 39 47 80 67 62 66 59 64 35 73 84 70 64 81 73 28 15 35 17 5 11 7 8 13 14 11 16 11 15 28 74 78 52 39 49 79 70 67 39 12 24 31 46 28 62 49 39 22 63 38 42 34 27 14 14 21 18 19 34 71 52 67 63 31 57 24 63 32 29 54 41 76 49 64
18 14 8 8 24 47 24 13 19 31 37 18 43 69 52 19 39 32 54 66 75 65 31 33 38 44 72 86 54 57 78 81 83 66 72 70 55 69 38 45 23 39 23 29 12 17 27 32 22 25 17 32 66 89 65 47 76 66 77 66 42 25 26 30 63 39 58 49 48 28 51 36 28 9 23 10 4 14 18 15 9 56 71 58 43 77 50 47 50 48 50 64 70 78 77 44
13 7 1 2 19 21 6 10 15 26 14 31 64 59 25 13 24 32 59 60 71 89 55 29 25 35 78 77 83 40 84 67 66 69 86 80 55 72 39 53 42 76 20 49 32 19 18 14 19 20 18 15 42 83 68 77 67 78 88 61 35 37 44 60 57 42 56 49 42 11 14 22 42 31 35 17 7 11 19 27 39 12 60 65 60 70 79 83 90 69 83 85 71 41 80 34
19 17 5 3 19 14 8 13 20 16 21 33 46 55 24 8 52 53 41 47 53 66 79 77 56 37 61 73 84 78 75 86 81 50 54 40 42 72 26 39 84 65 39 25 20 25 13 23 34 42 46 22 30 61 60 71 68 82 82 66 59 69 66 67 66 32 52 58 44 17 15 38 56 40 21 49 13 8 13 24 32 23 21 57 67 84 74 46 45 60 62 80 73 43 58 71
22 9 9 3 9 7 4 28 17 14 11 20 66 43 17 8 49 33 47 59 58 69 78 76 76 50 54 28 49 78 65 69 73 63 62 59 44 35 50 85 47 61 26 14 24 43 24 28 39 50 42 42 27 32 30 58 70 74 82 62 50 61 56 80 74 43 56 70 27 9 9 32 28 34 66 45 18 17 7 25 22 38 42 16 57 79 74 71 70 62 45 42 59 40 26 49
10 12 5 4 3 2 3 18 18 7 26 44 67 62 19 8 32 10 36 74 72 73 40 52 75 61 59 46 73 92 86 81 58 69 52 33 38 32 64 39 36 32 13 40 69 46 32 34 29 26 28 29 25 25 11 16 56 70 83 53 70 65 81 87 86 48 76 58 45 22 13 24 46 58 80 24 19 46 12 17 21 32 48 37 17 63 65 47 29 43 40 38 30 45 46 44
25 20 11 6 5 2 2 5 12 15 20 53 39 27 40 16 38 11 5 25 32 69 47 43 42 26 48 66 86 92 75 80 83 79 73 43 24 36 77 20 50 48 63 70 71 46 61 19 16 25 55 55 63 61 59 28 11 9 43 55 55 67 80 87 87 60 90 64 61 49 23 28 45 81 60 19 41 36 19 11 27 36 44 40 34 11 29 50 42 42 26 39 63 71 61 60
13 10 5 4 4 3 1 1 6 17 27 31 30 12 14 7 41 18 8 39 34 42 29 39 49 44 38 68 42 70 74 72 74 65 22 32 43 50 51 27 65 65 80 65 57 39 70 58 58 42 49 49 50 36 46 18 8 9 11 41 67 85 78 87 78 51 80 73 37 30 35 55 44 65 34 40 62 43 40 39 29 42 35 35 43 30 9 17 21 29 50 60 69 71 69 61
7 6 6 5 4 3 3 2 2 5 16 27 26 22 11 6 42 13 5 21 17 22 25 34 25 50 47 57 43 16 36 44 34 26 47 49 69 80 53 52 28 67 92 58 37 75 63 49 64 43 49 41 29 38 39 46 27 13 14 64 83 78 84 89 85 82 79 84 67 28 47 37 37 16 25 60 52 18 40 15 24 30 31 32 42 31 39 17 6 32 54 75 81 75 73 48
10 4 12 16 9 7 7 6 4 5 11 18 15 12 12 5 20 9 4 9 19 16 13 17 21 38 39 40 43 33 15 13 19 41 45 75 83 58 63 69 47 83 88 58 74 66 61 37 77 50 64 52 64 71 72 60 40 17 19 33 78 70 86 86 81 75 80 85 76 47 33 46 47 41 42 44 51 73 28 29 16 17 35 33 24 39 55 51 20 21 32 29 46 53 58 50
29 25 16 27 24 17 19 17 10 2 5 8 8 9 7 8 7 5 4 9 9 11 5 9 16 21 28 30 30 42 11 15 19 40 82 86 68 46 73 79 65 76 81 67 59 68 61 53 78 58 50 67 59 68 71 60 43 22 14 19 25 70 82 84 76 69 83 76 52 20 33 59 28 47 68 56 65 37 15 45 16 21 32 33 62 45 29 36 46 47 45 22 14 15 24 30
37 20 33 31 35 26 35 21 12 9 1 3 2 4 7 5 6 6 3 3 8 9 6 6 5 7 28 25 22 10 16 7 26 76 73 74 34 62 87 71 54 57 66 27 38 83 56 75 79 71 52 70 81 56 34 40 45 47 39 24 29 46 67 74 75 71 54 60 32 28 46 45 38 54 63 71 54 37 38 42 32 14 30 64 63 60 44 41 47 51 63 60 42 19 10 20
34 38 45 29 43 36 27 23 20 19 18 7 4 2 1 2 5 5 2 2 4 2 3 3 3 5 21 32 18 12 19 5 36 67 54 34 42 80 89 77 41 51 47 36 79 69 50 54 85 82 45 55 57 73 61 43 15 27 31 40 35 44 35 48 31 53 59 55 26 45 57 53 45 42 64 57 49 57 23 9 34 27 38 56 64 50 49 43 33 42 57 53 49 27 23 8
47 33 44 50 47 30 29 38 21 23 16 14 12 6 3 1 2 4 2 2 4 3 2 2 2 4 6 21 5 6 19 6 26 49 23 32 43 63 60 64 51 54 33 72 77 33 57 87 85 75 76 37 23 32 28 37 19 24 41 47 35 51 36 24 23 39 32 30 25 53 48 64 35 57 63 56 72 36 35 19 44 15 18 26 37 60 62 44 35 29 52 45 52 48 43 21
32 23 48 53 23 35 16 20 35 28 19 17 14 14 7 3 1 1 0 0 1 1 1 2 1 1 2 3 3 18 10 4 7 9 12 44 51 62 88 70 63 48 62 63 58 46 51 89 84 74 90 70 46 59 58 39 22 16 10 20 51 39 32 18 22 39 28 23 33 43 57 63 53 27 32 34 45 38 30 34 7 37 23 36 41 56 52 57 64 47 47 51 57 67 45 34
17 33 70 47 45 27 49 27 43 40 23 22 16 7 6 5 4 3 3 3 3 3 1 1 1 0 1 1 5 21 3 5 8 4 19 49 55 22 51 47 57 48 48 62 48 49 67 88 83 82 84 85 46 32 30 27 26 33 26 6 9 21 21 20 20 28 23 24 23 42 51 65 56 57 17 31 45 35 15 16 36 18 14 35 45 49 55 64 55 69 58 69 70 67 53 46
21 38 63 39 37 38 24 27 44 32 30 26 18 17 7 11 5 8 8 8 5 8 3 2 5 3 0 1 2 10 3 5 8 7 16 25 24 28 22 11 46 59 40 32 40 71 84 85 78 69 80 79 61 46 51 61 56 41 34 14 3 18 13 11 18 15 14 17 32 42 37 47 41 36 45 41 30 45 77 70 56 59 32 31 33 37 46 57 71 60 75 72 66 67 67 65
22 54 24 29 38 31 31 21 38 39 18 14 27 13 11 8 9 9 10 10 11 9 8 6 4 6 2 0 1 4 2 3 6 9 14 15 19 28 28 12 24 63 49 22 51 56 86 80 42 35 46 69 83 74 58 56 52 39 22 10 4 20 10 6 8 12 15 27 34 42 39 43 46 60 71 73 61 77 73 65 56 38 26 13 18 38 59 56 58 64 73 75 75 79 73 69
51 20 28 25 20 33 35 27 14 19 24 27 26 24 10 14 12 13 13 21 20 13 18 10 13 7 5 1 1 3 2 2 4 7 15 18 26 26 25 8 14 30 41 16 43 45 72 46 26 28 53 59 81 76 70 54 53 40 22 17 5 8 7 4 14 11 20 41 38 41 43 40 68 72 86 70 76 66 66 45 16 12 13 27 9 31 46 48 69 80 73 59 46 43 37 36
15 20 36 61 55 41 16 10 13 33 33 27 14 26 23 22 18 27 25 25 24 25 17 20 17 8 4 3 0 1 1 1 1 6 10 29 40 26 27 12 10 10 15 5 15 27 21 30 31 45 47 69 86 77 71 71 66 55 47 25 8 6 7 3 12 16 24 19 19 32 53 54 59 63 64 69 68 55 34 25 28 18 36 33 65 38 22 49 74 65 53 57 58 57 53 53
34 48 43 15 14 23 28 12 22 37 36 29 28 28 25 37 23 32 31 38 18 35 31 25 15 8 3 2 1 0 0 0 1 3 7 16 15 23 30 15 18 14 16 5 11 22 32 63 76 75 88 71 86 84 79 65 68 48 34 21 8 8 6 2 2 6 10 23 36 34 49 70 45 49 45 61 62 23 12 24 20 29 51 43 64 42 66 44 53 48 55 59 54 63 66 61
39 25 33 32 33 20 28 15 38 38 35 37 53 35 47 42 38 53 45 31 34 35 42 17 19 11 7 2 1 1 0 0 0 1 4 7 19 32 33 12 7 12 12 8 12 27 59 43 70 62 65 56 91 86 81 59 44 32 23 9 7 2 2 1 1 4 14 35 48 36 45 67 55 38 31 41 26 29 47 41 24 49 50 47 64 72 49 44 42 45 41 52 57 66 59 76
21 20 13 12 11 10 6 23 42 38 38 56 43 50 49 52 60 32 27 53 42 48 45 21 13 8 9 5 4 3 1 1 0 1 3 3 3 12 22 13 7 10 10 10 22 28 15 33 50 83 54 65 83 71 76 66 48 30 12 8 5 3 0 2 1 2 11 22 49 36 41 17 30 41 30 44 46 45 38 33 32 53 49 49 60 57 30 53 23 31 48 60 63 44 74 75
11 17 28 33 29 16 15 26 39 57 52 51 41 51 70 70 48 32 34 62 48 31 28 24 14 10 11 10 5 3 2 2 1 1 3 4 2 2 2 1 2 5 6 9 18 16 22 40 76 36 29 52 86 73 60 40 31 26 23 14 4 3 1 1 1 2 8 13 24 31 32 24 43 32 38 47 59 69 63 61 56 77 52 37 39 49 60 73 65 40 40 47 43 57 64 60
19 39 27 50 23 22 25 41 41 57 53 25 27 53 53 44 35 35 51 74 40 33 30 28 17 16 9 7 5 2 1 2 3 1 1 2 3 2 1 1 2 4 5 4 7 15 26 17 63 25 42 69 85 60 38 35 29 13 9 11 6 5 0 1 1 1 3 4 14 17 30 39 51 46 70 71 83 51 33 21 69 70 73 49 19 54 71 86 76 65 71 40 66 53 48 81
33 35 59 51 25 42 42 44 63 56 43 31 37 60 42 60 26 41 73 45 33 29 35 32 30 23 12 8 4 4 3 3 3 2 1 0 2 1 1 1 1 3 3 3 5 12 19 17 12 20 47 77 79 54 42 36 18 14 12 8 5 2 2 1 1 1 4 12 20 28 39 45 57 67 74 66 32 33 25 63 67 74 80 82 42 60 82 82 71 61 54 55 43 54 38 56
47 51 31 24 31 42 40 63 32 45 20 43 47 76 61 44 26 64 25 23 49 30 23 16 20 18 15 14 12 7 8 7 4 3 1 1 0 1 1 1 1 1 1 3 7 17 7 17 5 8 31 61 88 81 47 32 22 8 12 6 5 2 3 1 0 2 7 17 37 42 43 53 59 53 46 50 44 57 68 73 69 76 67 82 72 65 65 36 20 16 39 72 65 48 34 39
55 43 30 20 32 46 56 13 53 21 26 44 62 68 46 26 58 53 36 19 18 32 13 12 22 21 32 15 23 20 12 11 5 4 3 2 1 0 1 1 1 1 1 4 5 9 2 10 3 14 26 12 62 72 43 23 11 8 6 2 5 6 2 1 0 4 11 13 19 28 33 38 46 47 67 72 68 67 68 55 67 59 47 75 67 47 39 47 60 61 74 30 52 51 31 32
27 42 27 24 38 60 64 19 52 42 56 41 74 43 32 43 60 28 32 28 61 41 24 16 27 44 30 40 33 38 18 7 2 8 4 3 3 1 0 0 1 1 1 3 5 1 4 9 2 10 10 43 59 36 33 29 25 14 5 3 6 4 3 2 0 1 5 12 18 19 27 32 46 39 38 36 36 38 80 41 65 73 55 52 44 31 64 69 65 77 70 48 41 57 59 60
83 32 44 44 56 40 41 52 49 44 55 51 45 38 35 70 32 41 35 66 60 38 45 36 23 49 52 53 64 41 33 9 3 3 2 2 3 3 3 0 0 1 2 3 1 2 18 5 2 9 40 52 63 24 22 29 16 11 8 4 5 2 2 1 0 0 1 4 9 12 6 17 16 17 34 47 45 46 69 62 53 68 85 46 36 53 52 61 78 68 58 65 49 55 46 58
75 92 84 86 79 48 13 8 53 30 62 76 85 73 58 63 60 71 52 66 52 53 53 48 45 55 71 78 47 48 30 16 15 8 5 6 2 3 3 1 0 1 1 2 1 1 2 2 1 8 22 60 55 16 22 23 20 10 5 7 4 2 2 0 0 0 5 9 11 22 30 41 57 50 31 32 46 76 69 74 77 59 61 75 46 51 66 66 54 36 69 80 46 40 55 64
61 86 70 78 71 55 71 27 54 41 18 35 81 86 87 58 42 53 65 64 59 54 65 51 64 66 78 65 63 58 47 30 22 17 17 7 4 5 3 2 1 0 1 1 2 2 1 1 1 5 17 10 28 11 27 15 20 15 7 4 4 4 1 0 0 2 6 12 18 36 54 47 31 45 66 45 59 75 76 89 78 65 61 59 18 30 33 50 70 82 86 58 78 45 47 57
41 84 60 75 72 62 87 63 38 72 49 43 71 79 71 61 71 52 80 89 89 74 59 44 79 67 72 64 50 41 46 35 32 31 25 14 9 5 3 3 2 1 0 1 2 1 2 1 1 2 4 6 36 19 36 32 14 18 7 7 2 1 1 1 1 3 8 9 17 32 57 65 69 58 73 77 80 76 70 85 83 54 40 38 22 29 52 69 62 90 61 70 76 78 49 50
47 79 67 58 78 50 60 23 46 75 57 31 12 60 68 64 73 57 56 84 87 53 77 41 73 62 73 60 54 28 39 56 52 46 38 16 5 5 5 4 1 1 0 0 3 1 2 1 0 0 2 12 35 8 12 6 15 21 15 5 1 1 0 0 1 3 9 8 18 31 44 60 52 35 34 48 82 59 80 81 88 86 30 25 21 39 66 43 74 85 72 79 65 57 40 57
12 36 23 47 71 56 57 15 49 82 44 25 17 35 70 65 71 68 34 42 68 51 48 65 32 32 80 52 32 21 11 17 29 23 24 23 10 12 10 3 2 1 0 0 1 1 1 1 0 1 4 17 14 24 11 6 6 4 3 2 2 1 1 0 1 2 4 6 11 20 29 24 30 45 47 63 88 89 74 66 81 85 70 24 12 30 30 53 82 69 62 28 20 26 36 55
12 42 69 50 60 40 70 46 60 83 67 37 37 36 71 83 53 13 13 26 38 24 34 72 41 21 66 53 62 26 2 19 42 34 15 29 21 14 5 2 1 0 0 0 0 2 2 1 1 4 5 13 5 8 6 7 2 1 3 3 2 1 0 1 1 2 2 3 5 14 23 29 48 46 58 81 89 87 83 52 61 73 67 35 11 23 43 67 62 32 31 60 60 54 58 72
21 13 13 19 28 42 74 28 65 68 85 57 40 30 31 25 17 14 14 34 27 25 19 64 27 51 57 45 61 74 35 20 22 16 20 27 18 12 7 4 1 0 0 0 0 0 2 1 0 1 5 13 1 3 5 12 4 1 2 2 1 1 0 0 1 3 18 12 18 38 50 68 74 58 72 93 89 89 82 63 21 44 59 55 14 23 42 65 49 48 86 64 46 50 41 74
24 32 15 15 27 45 68 58 39 59 78 60 27 12 34 33 14 36 14 16 24 23 20 66 25 21 53 41 48 63 40 30 39 14 8 8 4 5 3 3 3 2 0 0 0 0 0 1 1 1 5 7 1 4 2 2 5 6 2 1 0 0 0 1 1 3 7 21 45 57 82 57 34 51 81 93 88 80 79 80 68 27 59 57 14 24 47 44 32 73 69 52 63 77 21 10
26 37 27 18 25 17 65 71 62 30 80 52 21 7 29 26 34 38 27 16 21 27 6 30 57 7 21 25 54 76 35 9 18 12 20 19 13 9 4 3 2 1 1 0 0 0 0 0 0 1 7 6 1 2 3 2 3 2 1 1 0 0 0 1 1 4 8 25 44 45 22 27 50 58 76 79 85 77 73 58 73 35 25 30 21 41 33 26 64 86 49 60 67 74 65 22
42 28 29 13 12 15 49 78 43 38 67 64 43 7 26 26 48 38 32 23 24 40 18 19 74 18 26 28 50 48 53 36 35 38 29 20 17 11 8 2 1 0 1 1 0 0 0 0 1 3 10 8 1 3 2 1 1 2 2 1 0 0 0 1 2 7 26 32 24 15 33 42 57 87 77 67 84 58 43 34 65 41 24 6 7 31 31 53 85 61 47 58 79 64 64 30
71 17 31 16 13 19 35 43 14 13 74 53 10 5 23 26 47 37 50 38 39 33 31 22 37 23 11 27 36 32 44 51 32 19 15 7 10 9 8 4 2 1 1 0 0 0 0 0 1 2 7 4 2 1 1 1 0 0 0 0 0 0 0 0 2 12 15 11 8 13 40 51 79 85 84 67 50 67 28 30 58 29 9 4 14 40 55 68 74 32 59 84 75 69 78 40
18 31 14 13 11 9 14 24 17 22 62 31 14 5 16 21 43 17 38 27 27 32 29 18 27 37 20 11 4 21 20 42 20 12 17 10 6 3 5 3 1 1 1 0 0 0 0 0 2 4 5 1 1 1 1 0 1 0 0 0 0 0 0 1 3 8 4 2 9 31 43 52 82 85 73 62 48 53 55 19 27 21 7 5 20 26 48 73 49 47 78 69 67 67 60 52
18 12 26 26 10 11 5 7 6 7 22 11 28 12 8 17 39 17 11 30 14 9 4 28 31 40 7 6 2 8 29 43 39 18 10 5 5 2 2 1 1 1 0 0 0 0 0 0 1 1 2 2 0 1 1 1 1 0 0 0 0 0 0 1 4 2 1 4 18 34 48 76 74 76 68 66 47 36 51 23 13 15 6 6 17 26 55 62 48 37 40 55 50 42 57 63
31 20 13 30 32 20 16 5 4 13 11 8 23 25 8 14 24 27 9 10 9 10 7 49 27 24 15 2 3 2 7 10 29 27 14 8 4 2 1 1 3 1 1 0 0 0 0 0 1 1 2 1 2 1 1 1 1 0 0 0 0 0 0 1 2 0 1 8 19 53 61 80 79 63 42 23 19 17 25 23 17 5 4 6 13 20 41 39 26 18 38 31 21 36 54 67
36 23 12 19 21 34 15 6 1 11 12 6 6 10 6 7 15 20 8 6 6 3 3 9 3 7 20 3 3 3 2 7 27 29 12 7 8 14 10 5 2 1 0 0 0 0 0 0 0 1 1 1 2 1 1 1 1 0 0 0 0 0 0 0 0 1 1 5 21 74 71 67 81 73 43 22 8 3 8 14 10 4 2 3 8 19 33 18 10 30 42 47 74 61 73 66
70 38 20 7 14 25 34 4 6 12 15 8 3 6 5 3 7 18 6 4 3 3 1 4 1 2 10 8 2 4 1 2 9 42 24 10 5 3 2 1 1 1 1 0 0 0 0 0 0 1 1 1 1 2 1 0 1 0 0 0 0 0 0 0 1 3 7 21 44 48 78 82 68 77 66 36 18 8 2 2 7 5 1 1 2 7 9 3 11 29 39 72 74 63 59 64
55 80 34 16 4 9 7 6 8 11 8 5 11 3 4 1 2 16 8 4 2 2 1 3 3 0 5 7 2 4 2 1 4 15 32 16 7 7 8 5 1 1 1 0 0 0 0 0 0 0 1 1 1 0 1 0 0 0 0 0 0 0 0 0 1 8 13 10 18 44 71 64 57 56 74 41 17 6 2 1 2 1 0 1 2 1 2 5 20 33 66 69 43 56 66 64
13 68 74 47 19 8 2 13 5 4 4 4 12 5 3 2 2 12 9 5 2 1 0 1 4 0 3 3 2 4 2 1 4 3 5 22 7 2 4 4 2 1 0 0 0 0 0 0 0 0 0 1 1 1 1 0 0 0 0 0 0 0 0 0 1 1 1 8 48 58 59 54 45 46 46 37 17 7 6 2 0 0 0 1 3 9 10 7 15 39 42 30 31 53 69 63
8 38 46 59 29 12 5 12 12 3 8 4 5 5 8 4 2 4 10 2 1 1 0 1 3 1 2 2 1 3 3 1 4 3 4 2 21 8 8 3 1 1 0 0 0 0 0 0 0 0 0 0 0 0 1 0 0 0 0 0 0 0 0 0 1 3 5 11 39 63 59 71 57 17 18 22 15 11 8 5 1 0 0 1 3 7 22 36 15 14 13 25 44 56 77 57
18 26 21 40 19 9 8 8 9 7 5 4 4 7 5 4 3 3 5 4 1 1 0 2 3 2 1 2 1 1 4 1 1 1 2 6 8 2 12 3 1 0 0 0 0 0 0 0 0 0 0 0 0 0 1 0 0 0 0 0 0 0 0 0 1 2 4 18 38 52 81 69 66 36 14 6 10 8 7 4 1 0 0 3 4 9 24 49 47 38 42 28 48 56 80 69
11 20 7 20 22 17 11 7 6 5 3 2 2 3 3 4 2 2 1 3 2 1 0 1 1 2 2 2 1 0 1 1 0 1 3 6 7 2 14 2 2 2 1 1 0 0 0 0 0 0 0 0 0 0 1 0 0 0 0 0 0 0 0 0 1 2 5 10 37 29 67 63 49 40 46 15 11 6 3 1 0 0 0 2 8 18 29 45 61 52 54 52 45 70 90 78
13 11 10 7 10 5 6 6 17 11 4 1 2 2 2 3 2 1 2 2 1 1 0 0 1 2 1 2 1 1 0 0 1 1 12 15 6 4 2 3 2 1 1 0 0 0 0 0 0 0 0 0 0 0 1 0 0 0 0 0 0 0 0 0 1 2 5 23 42 55 59 67 54 35 26 24 10 6 1 0 0 1 1 1 2 13 21 35 48 34 54 60 76 91 90 79
5 12 6 4 3 2 2 2 3 3 2 2 1 1 1 1 1 1 1 2 1 1 1 0 0 2 0 1 1 1 0 0 1 4 6 10 15 29 23 11 2 1 0 0 0 0 0 0 0 0 0 0 0 0 0 0 0 0 0 0 0 0 0 0 1 4 18 35 48 64 64 61 64 46 14 8 9 2 1 0 0 1 5 4 3 2 6 11 17 38 44 72 69 89 90 76
2 5 2 3 1 1 1 0 1 1 1 1 1 0 0 1 1 1 1 1 1 1 0 0 0 1 0 1 1 0 1 0 0 1 2 2 2 2 2 0 1 1 1 0 0 0 0 0 0 0 0 0 0 0 0 0 0 0 0 0 0 0 0 1 2 2 6 15 40 60 39 68 44 29 10 5 4 2 1 0 0 1 4 9 23 15 18 17 34 56 63 68 79 83 75 66
0 1 1 0 0 0 0 0 1 1 0 0 0 0 0 0 0 0 0 0 0 0 1 0 0 1 1 0 1 0 0 0 0 0 0 0 0 0 1 1 1 0 0 0 0 0 0 0 0 0 0 0 0 0 0 0 0 0 0 0 0 0 0 1 1 4 5 13 27 22 35 47 41 20 6 3 2 0 0 0 0 1 3 5 10 26 44 42 60 80 74 58 72 63 66 54
2 1 0 0 0 0 1 2 1 1 2 3 2 4 1 1 0 0 0 0 0 0 0 0 0 0 1 0 1 1 0 0 0 0 0 0 0 0 0 1 1 1 1 1 0 0 0 0 0 0 0 0 0 0 0 0 0 0 0 0 0 0 0 0 1 3 5 21 17 20 36 24 21 6 3 1 0 0 0 0 1 2 3 7 12 28 72 71 30 40 76 86 62 31 32 46
9 3 1 2 2 2 3 5 3 4 7 10 14 9 5 2 1 1 0 0 0 0 0 0 0 1 1 0 0 1 0 0 0 0 0 0 0 0 0 0 1 0 0 0 0 0 0 0 0 0 0 0 0 0 0 0 0 0 0 0 0 0 0 0 1 4 6 6 10 14 17 12 15 4 2 1 0 0 0 1 2 4 6 12 37 51 40 13 23 61 88 84 84 28 16 19
16 5 3 7 8 10 10 11 12 16 13 13 14 23 10 5 3 2 1 0 0 0 0 0 0 0 0 0 1 0 0 0 0 0 0 0 0 0 0 0 0 0 0 0 0 0 0 0 0 0 0 0 0 0 0 0 0 0 0 0 0 0 0 0 2 5 9 6 3 3 6 8 3 2 0 0 0 0 1 1 4 5 14 39 39 13 5 13 36 80 86 75 57 50 8 3
20 13 6 18 18 29 18 21 33 22 34 21 33 22 13 10 13 5 1 2 2 1 0 0 0 0 0 0 0 0 0 0 0 0 0 0 0 0 0 0 0 1 1 0 0 0 0 0 0 0 0 0 0 0 0 0 0 0 0 0 0 0 0 0 1 4 8 8 2 6 4 3 1 0 0 0 0 0 1 1 5 14 14 11 4 2 8 27 50 70 72 66 34 53 13 3
32 24 16 36 52 72 57 46 64 53 50 34 62 50 42 32 12 4 4 6 3 1 1 1 1 0 0 0 0 0 0 0 0 0 0 0 0 0 1 0 0 0 0 0 0 0 0 0 0 0 0 0 0 0 0 0 0 0 0 0 0 0 0 0 1 4 12 7 3 2 2 1 1 0 0 0 0 0 1 1 6 7 6 1 3 10 19 50 67 51 57 37 22 26 34 3
66 69 58 48 52 51 35 21 55 32 33 30 34 47 51 18 16 15 13 12 5 1 0 1 2 1 0 0 0 0 0 0 0 0 0 0 0 0 0 0 0 0 0 0 0 0 0 0 0 0 0 0 0 0 0 0 0 0 0 0 0 0 0 0 0 4 14 12 2 3 1 0 0 0 0 0 0 0 1 2 1 0 0 2 6 13 23 70 71 88 46 11 8 10 16 3
62 45 71 53 47 56 50 38 28 23 33 45 27 20 33 57 45 18 3 2 2 1 0 0 1 1 0 0 0 0 0 0 0 0 0 0 0 0 0 0 0 0 0 0 0 0 0 0 0 0 0 0 0 0 0 0 0 0 0 0 0 0 0 0 1 2 8 19 7 3 1 0 0 0 0 0 0 0 1 0 0 1 2 6 9 13 44 47 62 71 64 16 3 1 7 5
62 24 63 61 27 11 29 31 41 37 19 15 56 21 23 42 21 16 8 4 3 1 1 1 1 1 1 0 0 0 0 0 0 0 0 0 0 0 0 0 0 0 0 0 0 0 0 0 0 0 0 0 0 0 0 0 0 0 0 0 0 0 0 0 0 1 2 7 7 3 1 0 0 0 0 0 0 0 0 0 0 2 4 6 17 33 44 42 34 28 60 20 4 1 1 1
