sesion_6_simulaciones/modelos_agentes/ejemplos_netlogo/scenarios/echam4_b2/rob_2092.asc
NCOLS 322 
NROWS 307 
XLLCORNER 451900 
YLLCORNER 4086900 
CELLSIZE 100 
NODATA_value -9999 
[rows 74 to 147 of 307, columns 96 to 191 of 322]
3 11 6 4 4 6 4 17 5 5 3 16 5 23 14 6 1 0 0 0 5 5 1 0 0 0 0 0 0 0 0 0 0 0 0 0 0 0 0 0 0 0 0 0 0 0 0 0 0 0 0 0 1 1 1 1 1 1 3 2 2 14 9 6 10 18 9 16 19 20 16 21 13 25 8 8 17 18 16 21 13 35 59 56 45 31 39 49 35 45 39 40 38 25 5 2
4 6 6 4 3 5 9 11 6 13 11 6 3 4 7 13 4 4 3 7 22 5 3 1 0 0 0 0 0 0 0 1 0 0 1 0 0 0 0 0 0 0 0 1 1 0 0 1 2 0 0 0 0 1 0 0 1 2 2 1 2 2 6 4 7 6 5 7 10 14 6 23 6 8 5 3 10 6 5 17 29 35 20 22 32 35 33 33 51 51 64 68 53 44 22 12
10 5 5 5 4 8 4 18 5 21 20 5 5 13 6 5 6 12 9 11 19 12 9 4 1 0 0 0 0 0 1 1 1 0 1 0 0 0 0 0 0 0 0 0 0 0 0 0 1 1 0 0 0 0 0 0 1 1 1 1 1 1 3 3 4 4 6 3 8 6 2 7 6 4 5 4 3 2 23 12 13 21 38 26 44 51 51 65 73 61 68 70 60 52 38 27
11 3 9 9 7 5 7 11 9 14 52 11 10 9 9 10 25 6 16 13 23 23 8 3 3 0 0 0 1 0 1 0 0 0 1 0 1 0 0 1 0 0 0 0 0 0 1 1 0 3 1 1 0 0 0 0 0 0 0 0 1 0 2 1 2 1 4 3 3 1 1 1 3 1 3 1 1 2 9 6 16 17 19 36 61 60 71 59 62 74 58 66 54 53 41 37
13 7 11 11 18 8 11 12 4 30 56 41 18 7 15 18 22 24 39 9 7 11 14 17 2 1 1 2 2 1 1 0 0 1 0 0 0 0 0 1 0 0 0 0 0 0 1 1 0 6 3 2 1 1 0 0 0 0 0 0 0 0 0 0 0 1 1 1 1 0 1 0 2 1 1 0 1 2 3 5 11 32 52 50 62 69 46 58 67 51 59 47 42 47 46 66
28 28 7 33 40 23 7 16 5 20 23 54 28 15 14 2 17 52 20 13 13 6 20 27 4 2 9 10 7 5 6 1 0 0 0 1 1 0 0 1 2 0 0 0 0 0 1 7 4 5 5 4 3 1 2 1 1 0 0 0 0 1 0 0 0 0 0 1 0 0 0 2 2 1 6 4 1 1 3 8 17 26 35 43 35 57 61 75 59 45 45 36 34 50 74 60
64 75 48 46 12 9 6 5 6 24 11 7 36 41 5 15 53 22 11 7 12 6 2 13 16 12 15 8 11 7 22 7 1 1 1 2 1 0 0 0 3 1 0 0 0 2 1 1 5 2 6 14 4 3 4 1 2 3 2 1 1 0 2 1 0 0 0 1 1 2 1 0 0 0 1 4 6 12 3 8 11 11 34 28 28 37 56 69 56 50 48 38 70 72 41 38
49 49 66 11 8 9 12 9 9 13 13 3 9 15 14 22 9 30 27 16 10 14 2 3 16 25 23 6 4 5 4 2 4 5 3 2 2 2 0 1 3 2 0 0 1 1 1 0 2 1 11 16 4 14 6 1 6 1 1 1 2 0 1 2 1 0 1 1 3 1 3 0 0 0 1 0 1 11 11 14 3 9 25 27 20 31 60 52 48 44 45 56 73 62 35 58
76 76 60 28 31 30 33 20 9 12 21 3 9 18 24 11 9 51 24 14 16 44 14 11 28 70 22 2 4 7 2 2 0 1 14 4 1 1 0 2 3 4 0 0 1 1 1 1 2 6 8 33 21 20 6 5 7 3 7 2 3 1 2 2 1 1 0 1 3 1 5 6 3 2 1 1 1 1 9 29 33 5 13 16 10 44 35 22 36 54 44 69 47 46 37 69
29 51 78 72 14 12 36 34 48 20 19 5 17 43 26 5 10 69 13 24 21 21 10 38 16 19 8 12 12 6 3 2 1 5 21 6 3 1 1 3 1 0 1 0 0 0 1 1 2 6 4 27 20 27 11 10 15 5 11 6 3 4 2 2 3 1 3 1 2 6 10 9 3 2 2 1 1 2 3 27 19 13 3 8 22 9 15 20 33 29 41 38 24 35 38 81
20 31 48 66 66 17 32 22 17 47 34 13 20 45 30 15 24 65 26 22 10 7 52 53 37 23 7 23 18 8 2 1 10 33 28 21 11 3 3 4 2 0 1 0 1 1 1 1 3 1 1 6 37 43 14 19 11 13 27 13 6 4 1 1 7 2 10 3 2 7 17 10 1 1 2 1 1 2 2 6 29 35 22 8 3 13 25 35 28 45 16 32 32 58 33 71
21 39 59 45 66 67 57 57 28 37 54 12 25 58 39 47 30 40 43 52 45 10 24 31 69 49 40 41 30 29 9 34 48 25 19 38 29 4 2 5 2 0 1 1 1 1 2 1 3 2 4 8 44 46 20 12 16 41 34 26 7 1 3 4 12 6 19 12 7 3 19 8 9 7 6 2 1 3 3 4 11 39 17 26 24 6 19 6 29 12 11 30 21 56 31 51
24 21 14 13 36 58 37 22 25 33 37 17 39 69 51 15 32 25 45 55 66 53 19 19 22 28 58 77 30 31 55 51 55 29 35 31 22 24 7 9 3 6 3 5 1 1 3 5 4 6 5 12 45 75 39 22 48 36 50 28 10 5 5 6 21 9 20 11 13 6 15 8 4 1 4 2 0 2 3 3 2 25 39 23 13 39 15 15 16 17 20 33 43 62 65 31
19 12 1 4 32 34 11 18 21 31 16 30 63 59 26 12 22 28 53 51 64 86 41 17 14 22 69 66 73 22 70 42 40 51 69 56 24 35 9 16 11 32 3 9 5 2 2 2 3 5 6 6 22 73 53 64 47 60 74 32 11 9 11 20 18 11 19 14 12 2 3 5 11 6 7 3 1 1 2 5 11 3 33 36 31 35 43 55 71 37 62 67 50 25 74 24
25 24 9 5 34 26 17 25 29 21 27 35 47 58 27 9 58 56 39 42 46 59 74 72 46 25 50 65 77 74 61 76 66 27 30 19 19 45 8 12 49 20 8 4 3 3 2 3 6 12 20 11 17 46 48 63 60 74 73 46 34 38 31 28 28 7 15 21 14 4 3 11 19 8 3 11 2 1 2 4 7 6 8 32 49 66 44 19 20 33 36 64 55 28 47 66
27 14 16 7 19 14 10 50 26 22 16 23 70 47 21 10 59 40 55 62 57 65 77 75 72 43 45 20 39 73 53 56 59 45 44 39 25 17 25 59 16 19 4 2 4 10 3 4 8 15 19 25 17 21 20 50 66 71 79 49 32 36 28 48 43 12 23 34 7 2 2 11 7 6 21 11 3 2 1 4 4 10 16 7 40 65 52 48 48 39 26 24 42 27 18 41
14 19 10 9 8 6 7 39 33 12 35 51 74 71 25 11 42 14 49 81 78 77 42 55 76 59 53 40 70 90 83 76 48 60 40 22 25 18 41 15 12 7 2 9 29 10 6 6 5 7 11 15 15 16 7 11 50 69 82 46 63 50 61 69 66 19 47 28 18 7 4 9 17 18 34 4 2 12 2 2 3 7 16 17 9 51 48 28 14 25 23 24 19 35 36 36
31 30 21 12 11 6 6 14 31 29 30 63 49 39 55 23 53 19 10 38 44 78 58 50 45 27 48 66 86 92 73 80 83 76 70 34 16 24 61 7 25 16 23 28 32 14 17 3 3 5 23 29 44 46 49 20 8 6 35 52 50 58 70 77 75 39 79 41 36 27 9 11 17 46 20 3 8 6 4 1 4 7 12 16 20 6 18 36 27 28 16 27 51 64 54 55
19 17 11 9 10 8 5 2 18 37 42 45 43 20 22 12 57 31 16 59 51 58 44 54 62 52 40 70 46 75 78 76 77 68 20 25 31 36 34 15 43 40 55 33 23 13 32 17 18 10 18 22 29 24 38 13 5 6 8 36 62 82 72 81 66 31 67 57 20 16 21 34 17 29 8 10 16 9 11 8 5 10 9 13 25 17 5 10 13 19 40 53 63 67 66 60
11 10 11 12 10 9 9 5 7 15 30 43 44 36 20 14 63 28 12 42 31 39 44 56 43 63 58 67 50 21 43 52 41 27 42 39 62 72 38 38 14 47 81 33 16 46 29 16 22 10 15 18 14 25 30 37 21 9 10 61 82 76 82 87 79 75 73 76 54 17 36 24 16 5 7 20 11 3 10 3 4 5 8 11 21 16 25 10 4 25 48 74 81 75 74 50
15 8 21 30 20 19 17 18 12 14 23 36 32 26 24 13 42 22 9 24 39 34 31 36 41 58 56 55 59 44 23 18 26 43 41 72 81 49 51 60 34 74 81 40 58 42 31 11 40 13 26 21 38 57 63 54 35 13 15 29 78 70 86 86 79 71 78 81 70 37 24 31 25 15 12 11 12 30 6 7 2 3 9 10 9 18 37 38 14 17 29 28 48 57 63 56
35 34 24 40 39 31 32 33 22 6 15 22 20 24 18 20 17 14 13 23 25 28 16 23 41 45 50 51 50 62 22 29 30 45 84 86 66 40 66 74 55 68 76 57 46 54 36 21 41 21 17 38 40 62 69 58 40 19 12 16 22 71 83 85 77 67 82 72 44 14 27 44 14 21 34 19 20 8 2 12 2 3 7 9 30 22 13 22 34 39 40 21 15 19 33 39
38 22 37 35 44 36 49 34 22 22 4 8 6 12 21 15 20 16 9 11 27 29 18 18 19 22 57 48 45 23 32 17 43 84 79 78 34 57 86 64 45 51 59 19 30 76 36 51 47 38 21 49 71 50 31 40 48 48 40 24 29 46 70 76 77 72 50 55 28 25 39 33 21 29 32 37 18 11 9 9 6 2 6 23 27 32 23 24 32 41 57 58 44 24 16 31
28 34 40 27 44 42 34 35 33 33 35 19 12 6 6 8 18 17 9 7 15 8 11 13 12 20 51 64 40 29 40 13 61 82 67 41 44 79 89 72 34 46 42 30 76 66 42 33 67 59 22 38 49 71 60 44 18 31 39 49 40 49 39 53 34 55 59 53 25 43 49 41 28 22 36 29 20 23 5 1 7 4 6 16 28 23 26 26 20 31 51 48 49 32 34 15
35 26 37 44 45 33 35 46 31 37 30 31 30 17 11 5 7 14 7 10 16 14 8 11 9 19 24 56 18 18 44 18 54 73 41 43 48 67 59 61 48 51 31 72 75 30 49 80 72 60 57 24 18 27 26 39 24 35 59 64 48 61 44 31 30 44 35 30 26 53 44 55 23 39 42 32 43 11 8 3 8 2 2 5 10 28 35 26 21 19 43 39 50 50 52 33
21 15 37 46 21 35 18 25 47 40 32 34 32 32 23 10 5 4 3 2 3 4 7 9 4 7 10 12 10 48 31 13 21 25 29 59 60 70 91 75 65 49 63 66 59 48 51 86 78 66 84 55 36 54 56 41 31 30 23 40 72 54 44 27 30 48 35 27 38 44 53 56 42 16 17 17 20 11 5 6 1 8 3 6 9 19 23 32 46 33 37 43 52 68 52 48
10 21 57 37 39 24 49 30 49 48 35 37 33 16 16 17 17 14 12 12 13 12 6 7 7 2 5 6 20 51 12 19 26 16 42 67 72 33 65 59 65 51 53 68 54 53 68 87 81 78 81 77 34 26 29 29 35 48 47 16 20 37 36 35 34 40 32 33 28 43 48 60 49 44 9 16 19 9 3 2 7 3 2 6 10 14 22 35 32 53 45 60 65 66 58 58
12 24 50 26 27 31 22 28 46 39 39 41 33 33 20 29 17 25 25 26 16 28 14 12 21 14 2 5 10 34 14 22 30 26 39 45 40 44 36 20 59 67 50 41 51 76 86 85 77 69 78 74 49 39 47 61 61 53 52 28 8 36 30 24 37 28 25 27 39 43 35 41 33 26 30 21 9 13 33 27 16 19 7 5 6 8 13 25 44 38 61 62 60 64 68 72
11 38 15 18 27 23 27 19 39 43 24 20 44 28 26 21 21 26 28 28 29 29 27 24 18 22 9 1 7 19 8 17 26 29 36 36 35 45 45 22 37 78 65 34 66 67 89 82 41 32 44 64 76 68 53 55 55 48 35 22 12 42 27 16 21 25 28 40 42 45 37 38 38 49 55 51 27 40 33 22 16 9 5 2 2 6 17 20 25 38 54 64 69 77 73 74
31 11 15 15 12 23 30 25 15 20 29 37 39 39 21 30 27 29 31 44 41 31 43 30 41 24 23 6 3 15 9 11 20 26 41 41 49 46 44 19 28 51 64 31 62 59 80 52 26 27 49 54 76 71 66 52 57 50 35 35 15 22 20 14 37 28 37 57 46 45 42 35 63 64 78 53 52 32 28 12 3 1 2 5 1 5 9 13 31 51 51 44 38 40 37 42
6 10 21 45 41 32 13 8 13 35 37 35 21 36 35 38 34 47 44 45 44 44 39 44 42 31 18 13 3 3 4 7 6 25 33 64 71 51 54 29 24 23 34 11 32 44 29 34 32 43 43 65 82 72 70 71 70 65 67 50 22 19 21 13 34 40 47 35 27 37 54 51 53 56 52 55 45 24 11 6 5 3 8 7 19 8 4 9 29 26 28 40 48 52 51 55
16 27 27 8 8 15 21 10 19 33 36 32 32 34 33 46 34 44 46 56 31 56 55 50 41 29 14 12 4 3 2 3 5 12 30 45 44 54 60 42 46 35 36 12 26 36 43 72 78 75 88 69 85 83 81 69 75 61 56 46 23 27 25 10 9 19 26 42 50 42 51 69 40 42 34 46 43 9 3 6 4 6 16 10 23 11 22 11 14 15 27 37 41 54 61 59
19 12 19 20 22 12 20 11 31 30 30 32 50 35 49 46 46 63 57 42 49 54 64 37 45 33 27 10 9 5 1 1 1 7 18 28 50 68 68 35 23 33 32 21 29 45 74 55 77 69 69 59 91 86 83 65 54 49 43 23 20 11 9 3 3 15 35 59 64 48 50 69 56 33 23 30 15 14 18 11 5 14 12 14 25 36 14 12 10 13 15 28 41 53 51 72
9 9 7 7 6 6 4 15 34 26 27 45 35 43 45 51 62 37 33 62 53 63 62 40 32 26 29 25 19 15 6 5 2 5 17 15 14 42 55 41 30 31 31 32 48 49 29 48 62 88 61 69 84 72 80 74 62 48 28 23 18 12 2 8 3 10 33 46 71 53 50 21 32 37 24 33 29 21 12 8 7 16 15 19 27 26 7 18 4 6 15 29 39 27 59 65
5 8 14 19 17 9 9 18 27 42 37 38 29 40 63 67 46 32 36 67 54 41 44 46 34 29 33 33 23 18 15 12 6 3 15 20 9 11 12 8 12 21 24 29 45 35 40 58 86 50 38 58 88 77 68 51 47 44 48 38 15 11 3 4 2 9 25 34 47 52 44 29 44 28 32 37 39 40 28 22 17 35 18 14 19 22 24 36 26 10 9 14 16 34 47 46
8 19 13 32 13 12 14 26 26 39 36 14 17 40 42 36 31 32 48 75 45 41 44 47 40 41 31 28 20 13 8 11 14 6 3 11 16 9 7 8 8 19 19 18 22 39 51 34 81 43 56 74 87 66 47 50 46 29 25 30 20 17 2 6 3 4 13 14 33 33 45 45 52 42 64 61 73 29 11 5 31 31 40 23 8 34 43 62 43 26 31 11 34 29 34 75
13 15 34 30 12 25 25 26 43 35 26 18 22 46 28 49 19 34 69 45 37 36 47 50 55 50 36 29 16 22 17 15 16 14 4 2 9 4 6 5 6 13 15 14 19 33 43 39 28 43 66 84 84 61 54 51 35 33 32 24 19 8 7 6 4 4 16 32 43 47 52 51 58 64 69 57 20 14 8 27 30 44 58 67 26 45 67 61 41 29 18 19 15 33 28 46
16 22 13 11 15 20 19 41 15 25 10 25 30 61 43 30 17 56 21 22 52 36 32 29 37 35 36 38 39 27 32 30 18 17 8 8 1 8 7 6 5 6 8 15 27 48 25 42 15 22 53 74 91 87 62 51 42 22 31 20 17 9 12 3 2 8 24 45 63 63 56 60 62 52 42 42 27 28 33 33 37 54 50 74 62 56 54 21 7 4 12 37 33 29 26 32
19 16 11 8 13 19 28 5 29 9 11 23 41 49 30 15 46 44 32 17 19 36 17 21 35 37 52 36 48 51 39 40 22 20 15 11 8 2 3 5 6 6 7 16 19 34 8 30 9 36 50 23 72 82 59 42 25 21 19 9 20 22 9 5 3 20 33 38 43 48 49 49 53 50 66 66 51 43 34 22 35 37 34 68 64 42 31 29 31 26 37 8 24 32 23 27
5 12 8 7 12 24 28 6 23 16 27 17 49 23 17 28 48 20 26 23 59 44 30 24 37 56 47 60 59 68 45 26 7 30 19 18 19 8 3 1 3 7 7 14 19 6 18 32 8 33 26 64 73 52 52 49 47 34 19 12 21 17 14 8 2 4 16 33 41 39 43 48 60 47 37 32 24 20 52 15 39 61 46 49 38 27 58 56 38 47 34 16 17 36 47 55
56 7 11 12 16 10 12 20 17 16 29 22 21 18 17 52 20 27 24 57 53 36 49 39 26 55 60 63 80 67 62 29 15 17 13 12 14 17 14 2 1 6 13 12 6 13 50 20 9 31 68 72 79 42 41 53 37 31 26 17 19 11 9 5 3 3 5 15 25 31 13 29 25 21 33 40 29 24 38 33 35 63 85 46 32 52 52 50 61 41 22 27 18 30 33 49
45 73 50 54 45 16 3 2 26 11 40 62 72 51 34 42 38 53 35 50 38 42 46 44 44 54 71 81 59 66 55 43 44 29 24 25 9 16 20 7 1 4 7 10 4 6 8 9 4 32 51 80 75 32 44 45 47 30 18 23 18 9 10 2 2 2 22 30 31 48 49 51 60 49 29 24 29 51 40 51 65 54 63 77 48 52 67 61 38 17 37 45 15 15 33 49
37 67 44 53 39 26 42 10 31 20 8 21 73 75 77 37 23 39 53 51 41 38 51 40 56 59 74 65 69 71 69 58 47 47 50 25 21 26 17 10 6 1 3 5 12 8 7 3 6 23 47 28 52 25 53 35 47 42 26 15 16 16 7 2 2 9 23 39 45 59 71 56 33 43 60 33 37 51 53 81 71 64 64 62 20 34 33 45 59 66 69 27 45 14 18 30
22 69 36 58 47 38 76 43 22 57 32 30 63 72 57 44 56 40 74 86 85 67 48 33 70 59 66 62 55 53 61 55 54 59 55 44 33 21 15 14 13 5 3 4 9 5 11 3 5 9 16 21 62 42 66 62 40 47 26 26 8 8 5 3 6 14 28 28 44 57 71 71 70 57 67 66 64 55 53 79 81 55 45 45 28 35 54 68 54 84 39 45 50 48 17 18
29 65 50 40 64 28 43 12 32 63 42 20 7 52 57 50 62 45 45 80 85 46 75 35 69 57 67 57 57 37 49 68 70 71 69 43 23 21 24 17 6 5 3 2 13 7 11 3 3 2 11 34 65 24 34 19 44 53 48 24 7 4 3 1 7 14 31 28 46 54 61 69 55 34 29 35 69 43 74 79 88 87 34 33 32 48 70 44 69 81 60 63 40 28 14 23
6 21 12 31 57 40 45 8 39 77 31 16 11 30 66 58 64 63 27 35 64 46 45 63 26 29 80 51 35 28 16 23 44 43 49 52 35 38 36 18 10 5 1 1 4 8 8 8 1 7 15 42 37 52 35 20 23 18 12 8 11 5 3 2 5 12 19 21 32 42 46 31 32 42 39 49 80 84 71 67 83 87 74 32 22 41 34 53 80 64 52 15 8 8 11 21
6 30 57 37 48 26 60 35 49 81 60 28 31 35 68 81 47 10 10 20 32 20 34 76 38 19 69 54 64 31 3 27 55 52 32 57 53 44 22 11 5 3 1 0 1 9 12 5 4 15 21 35 20 28 25 26 7 6 15 14 10 5 1 3 7 7 10 13 17 31 38 34 47 41 48 75 86 86 83 56 67 78 74 46 20 32 49 67 59 27 24 42 32 23 31 41
12 7 7 12 18 32 66 19 58 64 86 54 38 30 29 22 15 11 12 31 24 24 20 70 31 57 61 50 67 79 42 28 37 33 41 53 47 39 28 22 8 2 1 1 1 3 8 7 3 7 22 38 6 14 20 39 16 7 9 12 4 3 1 2 5 14 49 37 43 56 59 72 74 52 66 92 89 89 83 68 28 55 71 70 27 34 49 67 48 45 83 51 24 23 21 56
14 23 10 10 19 37 62 51 32 57 81 61 29 14 36 31 13 34 13 15 23 24 23 74 31 28 66 51 58 71 49 41 57 29 19 23 12 19 15 15 17 11 2 1 1 2 2 3 3 6 19 24 4 16 11 11 22 22 9 3 2 2 1 4 5 13 24 47 67 71 88 63 34 46 79 93 89 83 83 84 76 42 76 75 28 37 57 48 33 73 67 43 43 53 9 4
16 27 21 13 19 14 63 69 62 29 83 55 24 8 33 27 35 37 27 17 22 31 8 41 69 11 31 36 67 84 43 14 32 25 39 43 35 33 21 16 13 7 8 2 1 0 1 1 2 6 24 24 6 9 13 9 14 10 6 4 2 1 1 3 3 18 27 51 68 65 35 31 49 56 77 81 87 82 81 71 83 56 48 56 42 58 44 31 67 87 48 55 52 53 39 10
33 20 24 10 11 14 49 81 48 43 74 71 53 10 33 30 51 41 34 27 32 49 25 28 85 31 47 45 69 68 68 51 50 57 51 43 44 39 32 11 7 3 6 3 1 0 1 2 5 15 34 28 8 12 11 3 4 9 9 5 2 1 1 3 11 25 61 64 51 32 45 45 57 87 79 70 88 70 60 54 81 66 53 22 19 51 45 61 88 65 49 54 71 45 38 15
65 13 27 15 13 21 39 50 18 17 83 65 14 7 31 34 56 48 61 50 57 49 49 37 57 42 26 52 64 58 66 68 47 36 36 22 32 33 34 24 9 6 3 1 2 0 1 2 3 11 25 21 9 7 4 3 3 2 2 2 3 2 1 2 10 37 45 35 22 27 49 53 80 86 86 74 64 80 50 56 80 58 28 13 35 64 71 78 82 38 62 84 71 57 60 21
14 27 12 14 14 13 20 35 28 35 74 41 20 8 27 32 58 26 57 45 46 58 53 37 49 61 42 27 14 46 45 64 36 27 37 32 20 14 22 19 8 4 4 2 1 0 1 2 9 18 22 6 6 6 4 2 3 1 1 1 0 0 2 4 13 30 17 7 22 46 49 54 83 87 78 72 67 73 79 44 57 50 25 19 46 51 70 85 64 58 82 71 65 60 42 35
14 11 25 28 13 15 8 13 12 16 36 17 42 21 14 31 59 32 25 56 33 24 12 55 59 68 21 19 8 25 59 70 63 39 28 17 21 12 11 6 7 5 2 1 1 0 0 2 5 9 13 8 3 4 3 3 5 2 1 0 0 0 2 5 18 11 3 12 39 47 54 78 77 80 76 77 69 63 78 53 38 45 24 21 43 53 76 80 68 52 49 59 49 36 43 46
27 20 14 35 39 26 24 10 7 24 19 16 44 47 18 29 44 49 23 28 25 32 25 81 58 56 41 6 9 8 25 33 59 55 37 25 18 12 8 5 19 8 4 2 0 1 0 1 7 8 9 8 10 4 4 5 5 3 1 0 0 0 1 7 7 2 5 24 42 65 66 83 83 71 56 42 42 46 55 58 45 23 15 21 36 47 69 66 49 30 46 33 20 30 40 55
32 25 15 27 29 44 23 11 3 21 25 13 15 26 16 20 33 44 23 20 19 12 14 33 13 24 49 10 13 12 6 26 58 59 34 23 26 47 42 26 11 5 1 1 2 1 0 0 1 5 4 6 8 4 4 4 6 2 1 0 0 0 0 2 1 3 6 16 40 82 76 72 85 81 60 42 22 10 25 43 36 16 7 13 27 45 62 42 24 46 50 49 72 53 64 55
72 40 27 12 24 38 56 8 13 26 33 20 8 16 16 9 23 45 19 15 15 11 5 20 4 8 36 27 7 16 5 8 32 72 53 31 17 13 12 9 7 6 5 1 0 1 1 0 0 4 4 4 5 8 3 2 3 2 1 0 0 0 0 1 4 15 22 48 68 61 83 86 77 85 80 61 46 25 10 11 27 20 6 2 10 22 29 11 25 45 48 76 75 59 49 55
65 87 43 27 9 17 16 15 17 25 21 14 27 10 14 6 7 45 24 16 11 9 4 13 15 2 20 29 9 14 9 4 16 43 64 45 27 27 32 22 9 5 3 1 1 0 1 0 0 1 4 7 5 2 5 2 1 1 1 0 0 0 0 1 6 26 41 27 34 56 77 73 70 73 87 67 45 21 10 6 8 5 1 3 10 6 9 17 41 49 75 75 46 54 59 59
22 80 85 63 34 18 6 30 13 10 11 13 31 16 11 8 8 40 29 22 9 4 2 8 18 2 13 16 11 16 9 5 19 15 20 54 26 10 18 18 11 3 2 2 1 0 0 0 0 0 2 4 4 3 3 2 2 1 0 0 0 0 1 2 6 5 5 27 68 71 68 64 60 66 71 65 45 24 24 9 2 1 1 3 13 29 30 22 35 59 58 38 34 51 64 60
16 61 68 81 52 29 14 28 27 8 20 13 16 16 23 15 9 18 38 11 8 6 1 5 13 5 9 12 4 17 19 5 17 16 16 9 56 32 29 16 9 3 3 1 1 0 0 0 0 0 1 2 1 1 4 1 1 1 0 0 0 0 0 2 6 11 21 30 64 76 69 80 71 35 41 54 39 36 26 18 4 1 1 4 14 23 48 61 34 29 22 33 45 54 75 55
37 50 44 69 41 23 23 22 26 21 16 15 16 26 20 16 15 14 22 19 7 6 3 9 16 13 9 11 4 7 21 10 3 8 11 26 32 8 40 18 7 3 2 3 0 0 0 0 0 0 0 0 1 2 5 2 1 1 0 0 0 0 0 2 4 10 17 43 62 70 88 80 81 62 33 23 35 26 24 16 3 1 3 11 17 30 51 69 64 51 51 32 47 54 79 70
30 48 21 50 54 47 34 25 22 20 12 10 11 14 14 20 11 13 8 17 11 5 3 5 4 13 10 11 6 3 6 3 2 9 15 26 28 13 47 11 12 9 3 3 1 1 0 0 0 0 0 0 0 1 6 2 1 1 0 0 0 0 0 2 5 9 18 31 61 48 81 79 69 65 72 40 34 26 11 3 1 1 2 9 28 45 57 65 72 60 57 50 43 68 91 80
41 34 33 23 34 19 25 22 51 40 19 6 12 11 9 17 9 8 10 10 10 9 3 2 5 9 4 10 8 4 3 1 5 7 39 47 22 18 9 14 13 9 3 2 2 1 0 0 0 0 0 0 0 1 4 1 1 0 0 0 0 0 0 1 4 10 19 50 67 73 78 82 74 60 53 54 32 23 8 2 0 3 6 3 10 35 47 59 63 43 57 59 76 91 90 82
20 38 24 20 17 12 14 11 14 15 9 10 6 6 6 6 6 6 7 10 9 6 4 1 1 11 2 6 4 6 2 1 7 18 27 38 47 68 62 43 11 6 3 1 1 0 0 0 0 0 0 0 0 1 1 1 2 1 0 0 0 0 0 1 5 19 47 66 72 82 82 80 81 72 37 28 32 11 7 1 1 7 19 15 13 8 19 26 30 45 45 72 71 91 91 81
13 25 12 16 6 7 6 2 6 5 4 5 7 3 2 4 4 4 4 5 7 4 4 1 2 4 2 6 6 2 3 2 1 5 9 9 11 11 13 2 8 4 5 1 1 1 0 0 0 0 0 0 0 0 0 0 1 1 0 0 0 0 1 3 11 10 21 38 68 82 64 85 70 62 34 21 18 11 6 1 1 5 17 29 54 39 42 34 45 62 65 70 82 85 83 78
3 4 7 3 3 3 2 2 5 6 2 2 2 2 3 2 2 1 2 3 3 3 4 1 2 5 8 2 5 3 2 1 1 1 0 0 1 2 5 4 5 1 1 0 0 0 0 0 0 0 0 0 0 0 0 0 0 0 0 0 0 0 1 4 7 15 17 36 55 48 63 73 69 50 22 13 8 2 1 0 1 3 11 20 29 52 66 58 70 83 76 63 78 73 79 74
13 4 1 2 2 3 4 9 6 6 12 13 13 20 8 6 2 1 1 1 1 2 2 1 2 2 4 3 4 3 2 1 0 0 1 2 1 0 1 3 7 5 3 3 1 1 0 0 0 0 0 0 0 0 0 0 0 0 0 0 0 0 1 1 3 12 18 49 47 49 65 52 51 22 13 7 2 1 0 2 3 10 17 26 33 55 85 82 43 46 80 88 72 50 57 72
30 17 6 11 11 12 12 23 13 17 28 31 40 33 27 14 10 5 3 2 1 0 1 1 1 4 4 2 1 4 1 1 0 0 2 1 0 1 1 2 4 3 1 1 1 1 0 0 0 0 0 0 0 0 0 0 0 0 0 0 0 0 0 1 4 17 21 21 32 42 44 39 44 18 10 5 1 0 1 5 9 18 24 38 66 74 64 27 37 68 91 88 90 50 38 45
42 20 13 28 27 30 32 34 33 38 35 34 36 56 38 24 16 14 9 4 4 3 0 0 0 1 2 2 3 1 1 0 0 1 1 1 1 1 0 0 2 2 2 0 0 1 0 0 0 0 0 0 0 0 0 0 0 0 0 0 0 0 0 2 8 18 30 20 12 12 27 28 16 11 3 2 0 1 3 7 18 21 44 68 67 35 16 28 49 85 90 81 75 74 23 11
41 36 20 41 39 52 37 39 54 41 56 42 57 44 38 33 47 28 7 13 10 4 2 2 1 1 0 1 1 0 0 0 0 1 1 1 1 2 2 1 1 3 3 2 0 1 0 0 0 0 0 0 0 0 0 0 0 0 0 0 0 0 1 2 6 18 30 27 7 21 15 13 8 3 1 0 0 2 4 7 22 47 39 32 16 9 23 44 62 78 81 79 58 78 35 11
44 40 27 51 65 80 68 58 73 65 61 49 75 68 68 63 36 18 17 33 16 5 6 6 6 3 1 0 0 0 0 0 0 0 0 1 1 1 3 2 0 1 1 1 1 1 1 0 0 0 0 0 0 0 0 0 0 0 0 0 0 0 1 1 6 17 38 27 11 8 10 7 4 1 0 0 1 2 4 6 24 27 21 3 10 29 40 67 76 64 74 59 47 57 64 11
66 71 62 55 61 63 48 32 67 47 45 42 46 62 70 40 40 47 42 42 30 7 1 4 10 4 3 2 1 0 0 0 0 1 1 1 0 0 0 0 0 0 0 0 0 1 0 0 0 0 0 0 0 0 0 0 0 0 0 0 0 0 1 1 2 19 47 41 9 14 5 3 1 0 0 0 1 2 3 7 7 2 3 10 22 34 44 83 81 93 68 28 26 31 46 15
64 52 77 63 65 76 71 60 48 42 54 65 43 35 53 79 74 48 15 13 15 5 1 1 5 7 4 3 2 1 0 0 0 0 1 0 0 1 0 0 0 1 1 0 0 0 1 0 0 0 0 0 0 0 0 0 0 0 0 0 0 0 1 1 3 11 31 52 28 15 5 1 0 0 0 0 1 2 4 1 1 3 11 22 28 36 69 67 79 86 83 37 10 5 27 21
70 33 74 77 50 29 57 63 68 65 43 32 78 41 45 67 47 44 31 20 17 7 9 5 6 10 5 3 2 1 1 1 0 0 0 0 0 0 0 0 1 0 0 0 0 0 0 0 0 0 0 0 0 0 0 0 0 0 0 0 0 1 0 1 1 4 8 32 26 12 4 1 0 0 0 0 0 0 0 1 2 9 15 22 43 60 68 66 62 56 82 47 15 5 5 7
