sesion_6_simulaciones/modelos_agentes/ejemplos_netlogo/scenarios/echam4_b2/rob_2077.asc
NCOLS 322 
NROWS 307 
XLLCORNER 451900 
YLLCORNER 4086900 
CELLSIZE 100 
NODATA_value -9999 
[rows 0 to 74 of 307, columns 96 to 191 of 322]
1 0 0 0 0 0 0 0 0 0 0 0 1 2 4 1 2 1 1 0 2 1 1 2 1 0 1 1 1 1 0 0 1 1 1 0 0 1 1 1 0 3 19 26 40 26 41 35 46 24 21 28 12 4 7 7 11 2 3 2 3 1 1 1 4 7 10 2 2 9 14 8 7 11 10 8 11 15 8 49 38 24 37 41 53 36 39 42 49 63 37 26 20 7 13 27
0 0 0 0 0 0 0 0 0 0 0 0 2 2 2 1 0 0 0 1 1 0 0 0 1 0 1 0 0 2 1 0 0 1 0 0 1 1 1 2 3 6 8 11 61 68 65 54 77 40 49 33 8 6 25 3 2 3 1 1 0 2 1 1 2 1 1 6 6 6 4 13 29 13 22 31 41 17 19 24 25 21 37 43 53 37 37 47 49 41 47 35 42 19 26 27
0 0 0 0 0 0 0 0 0 0 0 0 0 1 0 0 1 1 2 2 3 0 0 0 0 0 1 0 1 1 2 2 0 1 3 2 2 2 4 5 8 18 13 17 4 3 6 22 79 55 55 51 11 32 20 17 6 3 2 2 2 6 26 17 23 9 5 14 3 6 6 7 14 14 21 38 55 55 32 22 24 23 36 39 47 39 41 57 34 34 44 32 39 39 25 27
0 0 0 0 0 0 0 0 0 0 0 0 0 1 1 1 1 2 2 2 1 0 1 1 0 0 0 0 0 0 1 1 1 2 3 2 5 6 13 26 39 46 32 7 3 4 2 3 20 6 11 9 3 10 21 3 13 1 1 2 4 10 38 40 38 47 34 13 18 11 9 13 10 12 20 24 35 17 13 22 30 31 45 48 47 37 33 44 29 27 43 43 27 36 20 36
0 0 0 0 0 0 0 0 0 0 0 0 0 0 1 1 1 4 1 1 1 1 1 1 1 1 0 0 0 1 2 2 1 3 6 7 9 18 41 55 65 54 41 15 8 3 4 12 6 4 6 8 2 17 5 8 10 5 1 2 15 33 22 44 31 13 38 9 18 24 24 12 11 7 21 18 22 19 23 27 33 28 65 47 32 35 33 46 33 34 44 54 20 38 41 49
0 0 0 0 0 0 0 0 0 1 0 0 0 0 0 0 1 1 2 1 1 0 2 1 1 1 1 0 0 0 1 2 3 1 11 20 24 42 59 52 63 64 58 27 9 11 9 9 10 8 11 21 3 6 5 10 4 4 3 3 22 34 8 3 5 11 14 4 4 11 3 14 35 20 15 9 13 14 16 30 24 29 36 35 41 31 31 49 46 27 42 26 35 37 63 23
0 0 0 0 0 0 0 0 0 1 0 0 0 0 0 1 0 1 2 2 2 1 1 1 1 1 1 1 0 0 0 3 4 3 9 42 54 59 56 62 63 62 27 12 15 40 15 24 18 18 12 14 13 11 14 8 3 6 9 4 3 4 3 6 3 4 21 36 14 14 4 11 8 3 19 20 22 20 13 24 20 13 19 17 32 37 30 42 41 19 44 33 41 34 21 19
0 0 0 0 0 0 0 0 0 0 3 2 1 0 0 0 0 0 0 1 2 5 2 2 4 1 1 0 0 0 1 1 4 15 12 33 48 59 61 59 51 21 22 17 41 33 23 45 29 24 10 13 29 26 14 11 8 25 35 34 16 6 1 1 6 3 15 6 18 9 14 6 3 7 4 19 25 59 36 12 25 28 18 20 48 27 29 31 39 41 33 24 8 15 17 13
0 0 0 0 0 0 0 0 0 0 1 2 5 4 1 2 0 0 0 1 1 1 1 2 1 0 1 1 0 1 2 2 10 32 54 26 13 25 17 18 30 19 13 25 56 46 20 30 31 20 16 9 60 25 16 25 20 30 6 13 35 23 9 1 5 6 3 4 2 5 17 14 4 5 17 7 12 15 20 49 41 69 27 33 20 11 19 62 30 34 29 70 43 24 16 23
0 0 0 0 0 0 0 0 0 0 0 0 0 0 0 0 0 0 0 0 0 1 1 0 1 1 1 1 1 2 2 12 16 16 37 30 27 29 15 16 9 8 13 29 61 38 13 14 21 26 23 14 18 74 56 52 7 15 5 26 19 22 5 6 1 4 2 2 5 11 9 11 17 11 19 29 9 11 45 53 26 58 38 27 11 16 12 22 24 42 18 35 73 63 20 14
0 0 0 0 0 0 0 0 0 0 0 0 0 0 0 0 0 0 1 0 0 0 0 0 1 0 0 1 2 4 11 18 52 42 22 22 23 44 42 27 18 7 6 9 38 14 12 19 25 19 28 13 23 31 78 58 18 11 13 30 9 10 7 2 4 5 6 3 11 21 20 24 12 8 24 39 22 9 9 41 27 20 42 49 18 20 13 20 60 47 42 32 65 80 52 24
0 0 0 0 0 0 0 0 0 0 0 0 0 1 0 0 0 1 1 0 2 1 0 0 1 0 0 1 2 19 25 29 32 30 23 18 22 41 41 31 18 9 10 19 23 11 12 35 17 20 43 16 26 42 22 41 20 17 22 20 7 6 16 10 5 4 12 11 16 53 62 63 12 20 33 41 24 13 15 51 27 6 29 53 21 25 23 21 45 28 22 30 54 61 60 49
0 0 0 0 0 0 0 0 0 0 0 0 0 0 0 1 1 1 2 1 5 4 1 0 0 0 0 1 3 14 38 22 26 22 24 34 45 18 24 42 17 7 9 32 26 11 20 21 24 34 49 38 37 59 38 31 32 24 33 12 8 8 16 12 6 5 4 13 30 20 42 41 26 17 17 40 20 17 6 13 27 5 40 65 25 25 37 24 18 46 33 15 21 36 58 70
0 0 0 0 0 0 0 0 0 0 0 0 0 0 0 0 1 0 4 1 1 0 2 1 1 0 1 5 11 11 18 23 18 9 11 11 13 9 8 14 18 3 3 3 11 8 16 18 48 64 69 65 48 49 29 44 43 31 28 25 8 6 19 20 14 13 6 7 10 6 3 3 16 24 19 25 16 25 15 9 4 7 18 54 57 24 33 35 24 21 42 22 35 55 79 59
0 0 0 0 0 0 0 0 0 0 0 0 0 0 0 0 0 0 4 2 1 3 4 1 1 1 1 2 11 16 9 6 6 9 14 12 12 11 5 2 13 3 10 6 2 3 17 34 39 70 69 64 52 61 39 63 57 42 39 41 6 15 25 24 15 10 4 6 4 2 3 14 39 32 26 31 30 23 12 12 22 7 22 54 64 28 14 18 23 19 14 12 30 45 54 49
0 0 0 0 0 0 0 0 0 0 0 0 0 0 0 0 0 1 0 0 1 1 0 3 2 3 1 2 3 4 5 12 17 18 13 18 36 37 19 4 5 5 2 6 3 4 3 22 38 42 56 47 43 42 54 36 44 36 46 39 6 17 5 25 38 22 7 8 10 2 7 28 38 38 17 9 16 27 34 29 22 20 21 46 71 85 55 38 20 17 16 10 32 68 57 40
0 0 0 0 0 0 0 0 0 0 0 0 0 0 0 0 0 1 0 1 1 0 0 1 5 2 3 5 17 15 15 6 8 15 16 29 43 47 37 4 9 8 4 6 16 17 19 5 20 34 24 22 18 19 29 48 48 50 51 51 12 27 17 20 32 9 6 7 6 5 7 33 23 36 10 8 13 13 37 27 28 27 31 36 72 87 84 37 22 21 20 15 36 61 69 62
0 0 0 0 0 0 0 0 0 0 0 0 0 0 0 0 0 0 0 1 0 0 0 0 2 3 1 4 5 4 8 8 13 9 29 52 34 43 36 18 26 30 22 22 35 35 39 24 8 3 4 7 4 2 10 56 80 89 62 26 42 25 21 13 24 15 8 15 5 5 36 33 37 31 10 20 38 21 27 35 21 20 16 10 60 67 63 63 42 25 26 19 25 45 50 25
0 0 0 0 0 0 0 0 0 0 0 0 0 0 0 0 0 0 0 0 0 0 1 0 4 8 2 3 2 7 9 13 9 22 28 34 14 17 23 43 33 40 48 59 54 35 46 41 23 16 12 12 17 2 4 14 82 86 58 33 30 37 18 12 20 6 7 9 2 25 52 49 39 48 16 15 42 40 36 70 41 28 16 10 22 50 56 54 56 35 31 32 17 33 72 23
0 0 0 0 0 0 0 0 0 0 0 0 0 0 0 0 0 0 0 0 0 1 1 0 2 2 2 2 4 5 6 14 19 14 18 8 20 26 22 33 56 61 54 33 38 21 37 46 28 23 21 6 12 6 13 9 30 43 53 53 34 19 14 29 25 4 7 28 55 38 58 74 32 72 31 11 35 63 44 67 56 49 36 17 19 57 75 61 67 47 42 28 14 23 63 51
0 0 0 0 0 0 0 0 0 0 0 0 0 0 0 0 0 0 0 0 0 0 0 0 1 2 2 1 1 3 3 3 7 13 19 13 12 24 14 49 28 33 53 42 27 24 29 42 40 22 30 25 9 17 23 19 24 49 63 53 16 16 55 42 23 5 21 32 43 53 39 41 23 32 56 40 23 22 27 68 31 28 49 37 31 17 64 44 69 40 46 29 21 21 28 52
0 0 0 0 0 0 0 0 0 0 0 0 0 0 0 0 0 0 0 1 0 0 0 0 2 2 3 3 1 3 3 6 9 24 32 20 41 19 33 14 31 22 19 21 39 42 71 58 58 26 27 23 23 24 35 28 30 42 65 63 59 15 23 24 14 15 44 10 32 50 53 35 40 20 53 61 36 21 27 79 85 49 24 65 51 20 16 26 67 55 49 47 24 21 22 51
0 0 0 0 0 0 0 0 0 0 0 0 0 0 0 0 0 0 0 0 1 1 1 1 3 1 2 6 3 2 11 22 31 8 4 47 39 14 15 17 27 43 30 21 20 50 45 19 27 20 39 26 26 28 28 31 19 31 51 34 28 24 14 12 13 31 48 5 28 17 44 56 44 16 16 45 43 58 31 60 86 64 58 29 51 27 10 24 67 73 26 58 39 22 28 44
0 0 0 0 0 0 0 0 0 0 0 0 0 1 1 0 0 0 0 2 1 2 2 1 4 3 2 11 8 5 5 5 2 2 2 8 17 23 9 22 23 40 39 43 38 16 12 8 6 5 18 16 10 13 24 13 14 17 17 28 36 25 15 19 41 36 26 11 21 22 25 44 35 38 27 66 67 48 43 24 67 69 52 70 35 24 18 20 20 53 21 38 36 18 16 22
0 0 0 0 0 0 0 0 1 0 0 0 1 1 1 1 2 1 1 1 2 3 9 4 3 4 10 8 22 10 5 3 7 7 5 1 3 20 23 8 16 35 50 59 44 38 31 26 19 19 9 7 5 2 3 4 4 5 23 33 46 26 32 33 18 41 20 25 32 29 21 33 53 61 19 59 66 47 50 36 54 69 42 22 55 36 20 20 15 26 27 29 40 19 10 11
0 1 0 0 0 0 0 0 0 0 0 1 1 2 2 1 4 4 1 2 8 27 34 50 40 31 34 19 32 19 43 49 56 24 8 7 9 6 6 13 29 22 32 40 54 56 55 42 37 35 19 19 19 17 17 17 16 14 38 47 39 32 23 23 19 38 37 47 19 47 21 17 50 38 21 46 46 27 33 31 33 43 70 24 25 17 22 9 9 16 13 23 11 10 7 8
1 0 1 1 1 0 0 0 1 1 1 1 1 5 7 4 5 16 12 27 40 48 64 62 51 63 58 52 56 64 39 17 29 39 29 10 15 11 5 4 21 26 32 51 47 47 55 46 45 43 35 33 35 34 19 31 20 22 36 29 34 22 13 14 11 47 29 46 40 45 14 20 30 38 27 46 43 56 21 30 31 15 40 27 16 31 14 11 3 7 14 10 13 8 9 8
0 1 1 1 1 1 1 1 1 2 3 5 5 7 14 37 36 22 35 14 21 29 34 63 63 59 77 73 72 71 14 8 7 8 20 20 28 13 17 12 15 38 44 44 45 44 38 65 56 43 37 37 36 35 33 34 36 11 20 21 23 14 14 22 39 60 56 30 39 19 25 15 29 31 33 22 21 33 40 23 34 21 32 27 9 27 14 9 3 5 12 13 9 12 7 3
1 2 1 1 1 1 1 1 2 6 14 23 37 48 69 69 51 47 63 40 16 8 27 47 33 32 23 54 55 47 33 5 4 3 4 8 15 13 17 20 8 19 27 32 20 18 12 29 40 38 50 51 37 36 35 49 38 14 15 13 9 18 34 42 51 42 26 26 19 35 31 41 24 23 25 21 21 22 35 25 22 20 18 12 15 13 13 10 7 3 8 4 5 7 3 3
1 3 1 1 4 4 3 7 14 31 47 51 58 76 68 82 59 58 80 23 49 19 10 25 18 11 14 16 17 18 37 21 11 2 4 2 7 6 7 19 17 16 39 16 22 20 12 26 27 17 14 13 12 22 23 11 38 23 16 11 15 21 37 43 46 37 19 38 50 31 37 26 22 19 17 11 13 12 19 19 18 16 6 12 7 4 4 3 4 2 2 1 1 1 1 2
1 5 3 4 6 11 17 31 31 60 59 77 63 79 69 74 43 49 76 61 20 26 12 7 7 6 3 2 10 10 15 55 19 5 5 4 17 45 44 29 29 18 21 12 10 16 18 7 5 8 9 20 31 33 19 18 37 22 34 11 18 25 39 29 43 22 15 29 48 44 31 22 12 20 15 8 5 2 5 8 11 7 4 3 2 3 3 2 1 1 1 1 9 4 5 6
4 8 16 17 30 48 50 54 56 69 66 87 72 70 50 65 48 64 63 68 16 32 31 12 8 2 2 1 3 5 5 12 15 6 6 10 6 12 12 14 11 12 13 22 24 15 18 9 15 17 40 56 48 31 54 13 40 37 10 5 5 17 15 35 27 29 17 11 15 21 18 18 9 4 3 5 7 5 12 15 10 12 8 12 13 15 12 10 10 14 5 5 21 12 8 15
17 32 39 53 60 52 69 63 72 64 87 62 34 49 47 44 52 54 54 60 25 14 20 11 9 5 2 3 7 9 8 17 11 4 12 9 14 14 22 15 27 18 28 30 36 36 28 26 21 25 35 61 63 60 61 33 42 37 19 25 14 3 5 6 8 7 13 8 7 7 8 7 7 12 21 20 30 19 31 18 19 28 16 25 18 41 25 13 20 20 10 11 19 17 12 23
50 57 67 57 72 66 75 59 65 49 64 10 21 16 25 40 43 31 29 48 27 11 5 4 6 8 8 6 10 4 27 31 25 14 21 23 22 17 21 20 22 26 28 29 44 33 42 29 16 51 45 44 57 42 31 29 60 37 29 47 37 25 25 27 26 25 40 30 23 21 23 23 34 34 34 22 36 33 35 34 33 35 31 30 44 37 29 23 24 14 22 13 26 16 33 32
8 18 33 34 61 56 68 62 28 5 2 3 9 7 7 9 10 20 36 49 27 7 7 13 6 7 24 15 24 17 25 26 24 19 18 35 29 13 33 25 25 36 36 36 29 28 38 30 26 37 46 39 52 59 40 44 40 28 37 40 37 40 39 44 43 38 52 45 39 23 37 37 35 35 50 36 37 51 37 49 48 35 40 39 63 37 34 30 31 27 27 21 36 37 38 49
7 5 4 4 4 5 16 17 14 5 3 5 11 12 5 3 2 5 21 27 13 6 27 6 15 23 30 22 32 20 18 15 29 19 12 24 22 11 23 28 22 38 24 23 24 28 46 33 21 26 43 41 21 68 42 54 28 33 39 31 48 36 33 34 37 27 54 40 27 37 37 37 49 36 48 36 37 53 51 53 39 37 51 44 51 40 34 35 33 33 31 29 59 47 37 37
15 26 22 8 8 7 2 5 7 3 7 10 9 5 2 4 1 10 8 13 19 31 34 14 28 23 28 23 17 6 2 7 17 15 11 17 10 12 20 27 32 18 22 19 20 37 29 19 31 29 43 50 27 60 52 22 52 46 39 26 39 32 48 46 35 42 39 38 38 25 37 50 49 37 50 49 39 56 39 49 39 52 54 66 53 38 22 45 36 37 45 48 55 27 55 36
17 15 16 10 6 4 5 5 10 12 15 18 13 5 5 11 13 16 19 28 50 46 41 24 24 14 14 20 19 15 8 5 15 11 12 10 7 11 14 20 9 7 20 25 18 54 26 27 40 21 51 21 49 50 22 30 56 43 25 36 26 40 44 33 22 41 40 38 24 39 57 62 55 38 50 54 51 58 41 38 44 54 54 51 43 28 25 49 42 28 57 58 55 28 18 60
7 15 17 14 16 9 15 13 18 19 23 34 25 19 15 24 14 21 34 37 47 29 15 22 26 14 7 10 17 15 9 5 10 11 5 12 8 20 13 9 13 8 24 13 11 53 29 33 25 19 29 48 33 23 20 19 34 53 24 38 36 48 42 22 48 44 50 38 20 40 51 72 56 41 48 56 57 45 37 29 47 72 64 58 55 28 49 70 52 26 46 68 67 37 21 57
13 21 12 13 7 13 21 15 13 23 24 27 24 24 27 25 24 32 30 31 36 25 22 21 15 8 9 14 11 13 5 9 5 3 11 12 11 9 11 7 8 5 20 7 5 30 30 29 16 21 25 12 36 6 5 4 13 35 15 41 52 37 36 57 46 45 30 15 23 54 58 77 62 44 48 66 74 50 48 28 51 75 54 41 40 33 55 71 52 35 27 76 81 56 36 48
6 12 11 15 12 18 17 15 14 13 25 21 19 18 39 17 21 30 24 22 31 24 12 18 10 11 13 11 8 15 5 11 5 3 5 9 4 6 4 8 6 8 12 8 17 14 33 22 7 12 18 11 13 7 6 4 7 12 8 40 50 41 46 58 23 40 16 15 24 57 66 71 66 48 53 68 79 40 48 24 58 84 58 30 27 36 57 72 54 38 31 65 76 65 24 47
3 5 14 12 7 10 14 7 7 8 18 16 12 20 17 15 10 21 24 13 12 14 19 12 7 7 6 5 4 23 4 7 4 4 4 7 6 4 3 5 4 8 7 6 11 8 14 4 5 4 6 19 10 9 6 6 14 7 9 28 22 32 66 33 42 38 25 27 38 42 65 62 66 36 42 66 51 32 54 28 44 72 58 45 29 34 59 72 51 42 31 46 69 48 32 47
1 1 2 3 2 2 5 4 3 5 4 6 7 12 10 9 11 9 13 11 8 4 6 10 7 5 7 4 2 4 6 9 3 2 2 6 3 2 2 4 3 7 5 4 4 6 4 3 2 2 2 7 2 3 4 5 11 4 10 15 12 28 15 25 58 24 24 30 48 34 47 67 43 22 38 59 45 26 56 29 39 63 39 34 36 26 28 69 68 40 24 45 66 43 26 44
0 0 0 1 1 1 2 2 1 3 3 5 6 6 5 9 7 5 7 8 4 2 2 7 6 3 5 2 2 4 3 4 1 1 3 2 1 2 2 4 5 2 3 5 4 2 1 3 1 1 1 2 1 1 1 3 5 9 8 4 5 4 10 44 15 22 35 19 29 27 19 42 17 15 27 45 24 25 42 15 44 50 31 30 32 38 16 27 69 31 24 37 60 48 34 27
0 0 0 0 0 0 0 0 1 1 1 3 3 3 3 4 4 4 3 3 5 2 5 3 4 3 2 2 0 2 3 4 0 1 1 2 1 0 1 1 4 1 2 1 1 1 1 0 1 1 1 1 2 1 2 2 6 6 4 13 10 4 15 13 22 29 11 13 14 21 9 27 8 8 13 28 14 27 32 11 25 27 14 35 36 40 19 21 61 38 17 33 39 22 25 18
0 0 0 0 0 0 1 0 1 1 1 3 2 1 2 3 3 5 3 1 1 1 6 0 2 2 2 1 0 1 1 1 0 0 1 0 0 0 1 0 1 1 1 1 1 1 1 5 7 16 8 6 7 4 2 3 4 3 4 6 5 4 8 3 16 6 7 8 9 17 4 12 5 9 4 12 6 18 14 10 25 13 10 19 31 13 21 16 31 18 23 16 41 40 44 31
0 0 0 0 0 0 0 0 0 0 1 1 1 2 1 2 0 2 3 1 0 1 2 1 1 2 1 1 0 0 0 0 0 1 0 0 0 0 1 0 1 1 1 3 1 11 4 19 5 7 3 3 8 15 17 9 9 1 2 7 4 4 1 2 7 3 3 4 6 11 10 8 7 6 5 14 4 16 5 5 23 6 23 18 30 14 17 13 15 24 24 32 41 50 62 80
0 0 0 0 0 0 0 0 0 0 0 0 0 1 0 1 1 1 1 1 1 1 1 2 0 0 1 0 1 0 0 0 0 0 2 4 2 1 5 14 5 4 4 15 5 4 19 18 4 11 6 5 7 22 13 8 15 12 7 18 9 18 13 5 3 5 7 6 5 9 16 17 8 30 37 27 34 57 39 18 23 33 38 37 11 66 62 46 32 13 21 18 31 61 40 50
0 0 0 0 0 0 0 0 0 0 0 0 0 1 1 1 1 1 1 1 1 1 1 2 1 0 0 0 0 0 0 0 0 0 0 2 4 1 1 6 7 8 4 12 22 4 6 11 13 16 20 3 5 26 30 6 38 19 36 27 11 17 10 10 6 13 7 22 28 3 4 25 25 10 26 40 20 39 21 57 19 37 58 41 23 63 55 40 69 61 48 19 34 52 32 23
0 0 0 0 0 0 0 0 0 0 0 0 0 0 0 1 0 1 0 0 1 0 1 1 1 0 0 0 0 0 0 0 0 0 0 0 1 1 0 3 5 2 10 22 14 3 5 7 8 14 19 5 7 18 14 28 18 13 20 27 9 3 6 19 17 22 21 19 21 28 4 21 44 10 29 48 8 5 9 66 57 29 28 37 49 62 58 68 81 68 33 57 22 18 54 65
0 0 0 0 0 0 0 0 0 0 0 0 0 0 0 0 0 0 0 0 0 0 0 0 0 0 0 0 0 0 0 0 0 0 0 0 0 2 1 4 2 8 4 4 28 13 6 5 9 11 21 20 9 33 32 64 13 33 60 55 34 3 14 17 16 41 37 48 22 48 13 11 40 16 31 54 21 13 11 58 44 55 8 9 17 58 68 62 76 59 20 65 38 29 47 58
0 0 0 0 0 0 0 0 0 0 0 0 0 0 0 0 0 0 0 0 0 0 0 0 0 0 0 0 0 0 0 0 0 0 0 0 1 1 4 23 5 13 7 18 19 26 9 11 28 22 58 61 25 39 72 81 36 65 73 53 42 11 38 44 23 18 16 14 36 65 21 11 30 13 41 48 75 22 31 77 44 64 56 18 17 35 58 53 51 35 59 85 41 28 16 17
0 0 0 0 0 0 0 0 0 0 0 0 0 0 0 0 0 0 0 0 0 0 0 0 0 0 0 0 0 1 1 1 0 0 1 2 1 4 15 12 11 3 5 30 36 15 8 9 18 32 59 49 52 22 59 84 46 55 65 56 62 49 54 67 17 22 32 15 45 62 53 28 8 19 66 64 69 60 26 80 31 59 74 41 22 21 51 42 42 18 75 86 63 41 44 18
0 0 0 0 0 0 0 0 0 0 0 0 0 0 0 0 0 0 0 0 0 0 0 0 0 0 0 1 1 0 0 0 1 2 1 2 1 4 8 9 25 8 28 8 57 12 17 16 9 24 55 52 28 11 12 45 53 69 75 70 85 64 68 66 61 32 37 32 46 50 75 45 20 17 49 67 78 76 46 59 60 57 66 78 41 26 16 17 15 29 71 54 76 47 44 29
0 0 0 0 0 0 0 0 0 0 0 0 0 0 0 0 0 0 0 0 0 0 0 0 0 0 0 0 0 0 0 1 1 1 4 3 2 1 1 5 5 4 1 1 10 10 43 36 12 7 22 9 16 7 5 10 11 47 53 49 61 65 60 56 82 34 38 32 9 66 89 36 23 17 60 48 48 60 28 43 49 20 68 81 66 40 11 12 14 21 14 38 79 47 30 38
0 0 0 0 0 0 0 0 0 0 0 0 0 0 0 0 0 0 0 0 0 0 0 0 0 1 0 0 0 0 0 0 2 3 3 3 3 5 3 1 2 7 3 2 4 6 13 23 26 8 10 8 16 8 10 20 16 9 16 33 32 15 27 62 88 62 29 36 45 74 88 50 18 9 20 31 53 40 55 61 48 14 51 70 81 33 21 10 34 39 22 40 89 62 55 59
0 0 0 0 0 0 0 0 0 0 0 0 0 0 0 0 0 0 0 0 0 0 0 0 0 1 1 0 0 1 1 1 2 4 2 1 6 7 2 2 3 13 7 4 7 7 9 9 11 6 11 30 35 30 24 22 16 12 10 7 2 1 9 73 74 70 44 23 27 69 80 75 60 22 12 32 49 38 40 27 51 37 24 75 77 63 28 18 41 31 54 83 84 84 67 63
0 0 0 0 0 0 0 0 0 0 0 0 0 0 0 0 0 0 0 0 0 0 0 0 0 1 0 1 1 2 1 1 3 2 4 6 5 11 5 10 6 12 14 7 3 16 9 14 11 4 10 45 57 62 55 46 32 27 24 22 25 20 21 43 45 57 49 19 9 43 40 77 78 34 15 44 54 39 25 44 69 36 23 23 77 80 32 18 52 59 55 76 52 79 50 32
0 0 0 0 0 0 0 0 0 0 0 0 1 0 0 0 0 0 0 0 0 0 0 0 0 0 1 1 1 1 1 1 1 1 6 9 3 4 11 26 16 19 15 9 3 6 27 22 17 10 10 30 73 76 71 69 58 56 45 45 74 77 81 71 57 53 42 26 11 7 34 50 83 63 57 20 40 48 27 6 22 34 38 53 71 78 52 32 18 40 41 35 79 78 87 60
0 0 0 0 0 0 1 0 0 0 0 0 0 0 0 0 0 0 0 0 0 0 0 0 0 0 0 1 0 0 0 2 4 3 9 8 7 15 31 13 33 26 11 16 20 21 31 35 24 19 12 18 46 72 69 77 80 76 54 41 32 48 58 66 77 73 74 62 38 3 10 50 59 67 56 50 33 17 23 21 55 48 24 34 31 72 71 31 16 26 32 37 30 72 60 75
0 0 0 0 0 0 0 0 0 0 0 0 0 0 0 0 0 0 0 0 0 0 0 0 1 0 0 1 1 1 2 11 5 3 5 12 8 12 9 3 8 41 54 30 49 34 26 25 28 31 30 15 12 17 58 59 56 77 77 68 61 54 40 46 53 73 77 76 72 62 42 65 56 77 44 44 34 24 35 26 24 29 19 50 38 75 79 29 13 40 47 32 33 33 62 77
0 0 0 0 0 0 1 0 0 0 0 0 0 0 0 0 0 0 0 0 0 0 0 0 0 0 0 0 0 0 0 1 1 4 4 5 8 11 14 16 9 4 12 59 62 73 61 43 37 18 27 31 26 16 27 44 38 32 50 57 60 70 72 60 36 41 71 78 78 63 66 81 63 84 71 53 47 49 30 18 20 40 20 31 44 31 69 42 14 27 44 43 20 13 55 78
0 0 3 1 0 0 0 1 1 0 0 0 0 0 0 0 0 0 0 0 0 0 0 0 0 0 1 2 1 1 1 3 2 3 4 13 15 17 17 23 26 22 11 9 11 58 67 61 39 27 20 32 27 17 7 7 7 9 9 11 21 43 38 52 55 32 33 49 48 42 69 68 68 64 63 66 70 63 40 45 43 38 20 22 58 66 48 54 21 8 34 41 23 43 80 40
0 0 1 0 0 0 0 0 2 5 4 3 0 0 0 0 0 1 0 0 0 0 0 0 1 0 1 1 0 1 1 2 1 2 4 7 8 14 14 17 22 19 34 33 34 22 13 10 36 38 47 16 16 11 16 25 24 24 24 21 23 10 7 11 14 11 10 7 9 30 42 58 54 48 40 34 34 60 53 45 36 22 50 43 45 58 48 64 43 14 10 32 50 80 50 72
0 0 0 4 1 0 0 0 0 4 1 0 0 0 0 0 0 0 0 0 0 0 0 0 0 0 0 0 0 0 0 1 1 2 2 3 6 15 9 17 23 30 30 36 39 31 27 28 20 11 11 9 12 27 30 41 40 42 41 54 25 9 8 24 26 40 21 25 7 6 15 37 32 22 22 22 28 38 44 60 55 25 21 25 27 30 44 56 62 23 11 26 85 62 52 63
0 0 1 1 1 2 2 0 0 0 0 0 0 0 0 1 0 0 0 0 0 0 0 0 0 0 0 0 0 0 0 0 1 1 2 3 4 7 7 15 19 18 18 19 26 21 20 31 25 24 29 33 35 46 41 39 53 57 59 54 31 26 27 42 39 30 38 21 9 11 11 4 3 4 5 5 13 12 6 11 22 15 15 10 12 12 34 45 40 25 11 62 69 45 68 66
1 1 1 0 2 1 6 4 1 1 1 0 0 0 1 0 2 1 0 0 1 1 0 0 0 0 0 0 0 0 0 1 1 1 0 1 4 7 4 4 10 18 15 10 20 17 24 26 32 29 36 23 25 39 48 50 52 56 67 59 38 36 47 44 53 56 59 48 27 25 9 4 2 6 7 15 35 25 16 14 10 8 5 7 6 9 13 23 45 44 18 72 31 20 57 73
1 2 2 3 2 5 2 1 1 3 1 1 0 1 1 3 5 2 1 1 1 0 0 0 0 0 0 0 0 0 0 0 0 0 1 1 3 8 8 8 14 14 23 17 23 22 25 26 31 19 46 35 32 27 42 47 67 68 70 55 27 49 43 57 58 74 66 62 52 32 23 22 24 29 32 46 54 41 26 27 39 46 26 13 15 9 4 8 17 51 34 64 22 23 64 86
2 3 1 1 3 2 9 7 2 2 2 5 4 1 2 8 9 3 1 2 0 2 0 0 0 0 0 0 0 0 0 0 0 1 1 1 2 3 6 8 12 10 11 15 18 22 26 38 30 23 32 44 26 28 45 54 67 59 47 40 38 47 56 57 57 77 72 63 54 30 44 45 44 50 48 48 61 47 45 45 46 45 31 43 42 22 19 6 8 26 23 26 25 15 38 61
3 5 4 1 8 12 12 8 20 7 4 1 1 5 9 6 3 2 1 7 0 3 0 0 0 0 0 0 1 0 0 0 0 1 1 1 2 4 3 7 14 11 5 13 14 14 25 33 27 15 14 37 33 25 38 56 58 45 32 23 27 56 52 53 72 72 63 58 35 29 44 43 46 58 52 64 63 66 47 50 61 53 54 65 55 49 29 8 5 19 16 28 20 8 22 40
3 1 4 2 1 12 6 4 6 15 15 7 1 3 13 6 1 1 4 7 1 7 0 0 1 1 0 0 0 2 0 0 0 0 1 0 0 1 2 2 7 5 8 9 11 7 25 10 24 9 28 21 21 15 35 56 36 33 20 31 32 42 39 57 71 65 59 60 33 49 59 59 41 57 66 61 63 56 48 58 66 63 57 68 41 31 14 12 6 4 6 15 15 5 15 12
3 3 2 5 1 3 19 25 28 14 4 4 1 5 5 9 2 4 18 6 1 8 1 0 0 0 0 1 1 0 1 2 0 0 0 0 0 0 1 2 3 3 4 7 4 5 8 7 3 3 30 6 14 10 34 18 18 26 14 19 20 30 44 61 45 61 52 40 32 47 58 58 37 61 54 65 69 57 47 57 73 60 66 46 28 35 29 36 27 8 2 2 8 7 6 7
7 3 5 4 6 5 11 22 19 17 21 6 15 2 1 0 6 33 21 4 6 6 1 1 1 1 0 1 1 1 1 0 0 0 0 0 0 0 0 2 1 2 3 3 1 3 2 2 4 5 3 2 6 17 6 12 10 9 11 10 11 23 48 41 47 39 28 31 45 57 54 56 46 58 38 47 56 33 44 54 73 45 31 35 45 53 66 47 35 15 9 3 1 3 4 3
6 7 6 6 22 11 28 58 18 16 13 17 19 24 1 0 2 3 2 1 3 10 2 1 1 1 0 1 1 1 0 0 0 0 0 0 0 0 1 1 0 1 2 1 0 1 1 2 1 1 1 2 3 6 4 5 3 4 11 12 9 35 30 33 32 42 29 28 34 52 46 34 38 54 36 19 63 37 42 68 42 45 41 46 75 81 64 44 40 28 12 10 6 2 2 2
6 21 13 8 7 10 8 27 9 9 6 30 11 42 30 15 2 1 1 1 13 13 3 1 1 0 0 0 0 1 0 0 1 1 0 0 0 0 0 0 0 0 1 0 0 0 0 0 0 0 0 2 4 3 2 2 3 4 9 6 4 35 23 16 23 33 18 29 36 37 30 40 25 43 19 19 32 36 29 31 18 42 63 59 46 30 36 43 28 35 30 27 24 14 3 1
