sesion_6_simulaciones/modelos_agentes/ejemplos_netlogo/scenarios/echam4_b2/rob_2032.asc
NCOLS 322 
NROWS 307 
XLLCORNER 451900 
YLLCORNER 4086900 
CELLSIZE 100 
NODATA_value -9999 
[rows 222 to 295 of 307, columns 192 to 287 of 322]
1 1 1 0 1 1 0 0 0 0 0 0 0 0 0 0 0 0 0 0 0 1 2 1 1 1 1 1 2 2 1 2 5 6 8 6 11 26 29 35 41 37 42 61 44 55 57 41 50 61 61 54 25 23 33 36 31 53 64 66 49 38 46 27 55 78 67 52 71 77 32 16 5 1 1 0 0 0 0 0 0 0 0 0 0 0 0 0 0 0 1 1 1 1 1 1
5 4 2 1 1 0 0 0 0 0 0 0 0 0 0 0 0 0 0 0 0 1 2 4 2 2 3 2 4 5 2 3 7 9 10 8 15 12 21 27 35 33 41 60 52 39 54 39 49 45 49 35 35 28 17 23 30 45 36 38 28 40 45 27 31 58 47 36 55 65 33 11 4 1 0 0 0 0 0 0 0 0 0 0 0 0 0 0 0 0 1 1 1 1 2 2
5 3 3 2 1 1 1 0 0 0 0 0 0 0 0 0 0 0 0 0 0 2 3 6 5 4 4 6 6 11 12 7 9 11 12 9 15 8 19 23 20 30 38 57 66 36 48 49 26 26 32 35 49 20 8 31 26 49 26 45 43 44 45 38 14 16 3 2 5 36 47 11 2 0 0 0 0 0 0 0 0 0 0 0 0 0 0 0 0 0 1 1 1 2 2 5
2 2 1 1 1 0 0 0 0 0 0 0 0 0 0 0 0 0 0 0 1 1 2 5 9 11 7 8 8 15 42 26 16 16 8 10 14 12 29 19 17 20 33 40 59 52 26 34 15 16 16 14 23 29 7 23 25 25 35 54 58 48 54 40 15 16 9 10 3 3 15 5 1 1 0 1 0 0 0 0 0 0 0 0 0 0 0 0 0 0 0 1 1 1 2 4
3 2 1 0 0 0 0 0 0 0 0 0 0 0 0 0 0 1 1 1 1 1 3 4 10 28 16 14 17 11 25 43 19 27 19 23 28 28 20 23 14 19 21 23 28 36 30 48 42 14 42 42 26 19 10 19 55 47 50 53 64 51 44 26 17 16 17 23 8 5 4 1 1 1 1 1 0 0 0 0 0 0 0 0 0 0 0 0 0 0 0 0 1 2 2 3
2 3 2 1 1 0 0 0 0 0 0 0 0 0 0 0 0 0 1 2 2 3 3 5 11 29 46 25 37 19 28 46 31 20 35 39 33 28 29 27 8 13 12 23 32 39 50 59 73 36 33 35 32 14 22 26 39 35 48 55 55 38 32 23 42 30 33 24 10 6 2 1 1 2 1 1 1 1 0 0 0 0 0 0 0 0 0 0 0 0 0 1 1 1 2 3
2 1 1 1 0 0 0 0 0 0 0 0 0 0 0 0 0 0 2 2 5 9 16 12 15 26 59 26 43 26 30 46 16 18 36 40 45 42 34 31 20 21 18 16 34 40 41 58 58 55 50 42 36 22 42 56 54 48 59 70 51 30 33 44 70 54 28 14 9 4 4 3 3 2 3 2 1 1 0 0 0 0 0 0 0 0 0 0 0 0 1 1 1 1 1 4
3 2 1 0 0 0 0 0 0 0 0 0 0 0 0 0 0 0 1 1 2 7 17 37 33 33 53 53 64 35 56 28 16 17 28 46 49 46 29 30 32 34 22 21 24 43 42 47 44 41 61 53 37 29 39 41 55 37 43 23 35 56 56 77 65 41 24 14 15 13 9 6 5 6 2 1 1 1 0 0 0 0 1 0 0 0 0 1 0 0 1 1 2 2 3 4
1 1 1 0 0 0 0 0 0 0 0 0 0 0 0 0 1 0 1 1 4 7 17 22 43 44 62 68 63 34 49 22 18 43 31 42 51 39 35 44 37 47 23 24 41 45 55 48 60 38 41 40 36 13 21 15 76 46 29 41 52 50 54 42 24 19 19 18 10 12 17 17 9 2 1 1 0 0 0 0 0 0 1 0 0 0 1 2 0 0 0 1 1 1 2 4
0 0 0 0 0 0 0 0 0 0 0 0 0 0 0 1 1 1 1 3 3 7 18 31 33 43 54 56 62 59 67 34 25 37 48 38 52 46 40 39 44 32 37 24 24 29 47 57 55 43 29 29 25 23 38 35 14 78 81 57 36 19 35 29 35 26 15 9 5 16 39 18 5 2 1 0 0 0 0 0 0 0 0 0 1 0 1 1 2 0 1 1 1 2 2 3
0 0 0 0 0 0 0 0 0 0 0 0 0 0 1 1 0 1 2 2 3 13 28 42 32 41 57 54 76 81 56 44 43 56 36 54 53 51 48 46 44 40 49 21 39 31 45 43 35 18 34 31 38 39 46 55 43 35 42 49 28 46 28 27 22 23 19 6 10 19 21 7 5 3 1 0 0 0 0 0 0 0 0 1 1 0 0 0 4 1 1 1 1 2 2 2
0 0 0 0 0 0 0 0 0 0 0 0 0 0 0 0 1 2 3 8 5 7 34 34 55 47 55 66 27 78 57 56 45 62 48 41 48 58 50 48 48 41 66 24 22 59 44 43 39 33 52 33 34 48 56 29 50 50 32 15 26 16 23 24 22 20 10 30 22 7 12 5 3 2 1 0 0 0 0 0 0 0 0 1 1 1 0 1 2 2 1 1 1 4 3 2
0 0 0 0 0 0 0 0 0 0 0 0 0 0 0 0 1 1 3 8 16 23 50 40 58 63 70 65 72 63 84 50 43 57 46 25 33 54 58 64 51 25 44 54 15 27 40 60 39 45 57 44 31 38 34 31 17 20 24 40 34 34 29 41 16 16 23 10 6 10 7 4 3 1 0 0 0 0 0 0 0 0 0 1 1 2 0 1 2 2 7 3 1 2 5 4
0 0 0 0 0 0 0 0 0 0 0 0 0 0 0 0 0 1 3 6 17 15 31 9 26 50 51 27 29 53 76 50 53 80 44 50 55 62 41 16 29 16 43 55 17 40 60 41 19 39 51 54 32 40 27 17 45 50 47 34 20 27 54 60 37 27 39 32 23 13 6 3 1 0 0 0 0 0 1 0 0 0 1 1 2 1 3 1 2 1 1 4 1 2 2 4
0 0 0 0 0 0 0 0 0 0 0 0 0 0 0 0 0 1 2 4 8 7 9 28 27 33 26 36 43 53 68 65 72 74 61 57 57 54 53 29 42 35 44 54 17 29 49 45 28 24 33 44 35 29 15 34 47 23 29 36 35 59 65 63 61 52 28 14 18 12 19 5 2 0 0 0 0 1 1 0 0 0 1 0 1 2 1 4 3 3 2 6 3 0 2 2
0 0 0 0 0 0 0 0 0 0 0 0 0 0 0 0 0 1 1 1 3 16 21 18 29 41 42 33 41 55 58 56 66 72 50 60 56 55 60 27 56 51 38 56 16 21 42 38 49 53 29 29 52 38 28 36 34 30 57 41 67 49 48 68 74 40 26 9 23 7 3 2 0 0 0 0 0 1 1 1 1 1 1 1 1 1 1 5 10 13 2 2 4 2 3 6
0 0 0 0 0 0 0 0 0 0 0 0 0 0 0 0 0 0 0 1 3 6 12 11 11 24 43 32 47 38 50 56 59 72 65 71 57 65 48 48 31 45 25 43 15 13 26 26 36 48 56 32 24 13 30 15 13 42 43 36 45 34 56 58 56 60 24 7 3 3 2 0 0 0 1 1 0 0 1 1 3 1 1 1 1 1 1 1 1 3 10 8 5 3 3 6
0 0 0 0 0 0 0 0 0 0 0 0 0 0 0 0 0 0 0 2 3 7 6 12 20 34 30 26 36 39 26 31 49 51 45 62 44 63 52 47 46 44 75 51 23 26 39 57 35 23 31 28 11 32 13 20 36 65 52 74 71 51 32 36 29 16 17 14 5 2 1 0 0 1 1 2 1 1 1 3 2 3 2 1 1 1 2 1 1 2 6 5 4 18 5 10
0 0 0 0 0 0 0 0 0 0 0 0 0 0 0 0 1 1 1 1 2 1 3 5 8 17 17 17 21 27 43 45 31 29 22 73 59 78 43 56 46 37 75 57 43 27 57 52 48 45 26 58 31 57 42 55 52 24 36 42 45 37 20 26 34 20 19 5 5 2 1 0 0 1 1 2 2 1 1 2 3 5 3 4 2 1 1 3 1 0 1 1 1 7 11 6
0 0 0 0 0 0 0 0 0 0 0 0 0 0 1 0 1 1 1 2 4 6 13 18 25 25 30 49 59 47 47 60 57 49 57 54 78 66 50 51 43 34 29 66 41 17 34 38 55 40 54 56 61 70 89 81 80 70 72 47 43 40 42 49 32 17 11 6 4 2 0 0 1 1 2 2 2 2 2 4 3 6 4 6 3 1 1 3 4 1 2 3 2 1 2 3
0 0 0 0 0 0 0 0 0 0 0 0 0 1 1 1 0 0 2 5 10 10 17 29 46 58 57 50 71 58 49 48 46 32 23 27 48 57 53 46 47 28 28 49 29 21 17 37 28 42 18 10 14 17 38 52 85 85 68 61 46 39 18 38 22 13 9 5 1 1 0 0 1 1 1 2 2 4 3 6 3 2 9 8 4 2 2 5 4 2 3 5 4 9 11 18
0 0 0 0 0 0 0 0 0 0 0 0 1 1 1 1 0 0 1 2 6 17 8 24 27 45 55 46 10 24 44 37 27 26 39 47 51 36 63 36 37 37 13 38 33 33 15 19 12 37 27 22 19 16 17 15 35 64 74 75 79 39 31 19 13 9 8 6 3 1 0 1 2 2 2 2 8 6 7 6 8 3 3 15 8 2 3 3 4 3 5 3 6 10 14 21
0 0 0 0 0 0 0 0 0 0 0 0 0 1 0 1 1 0 1 1 3 6 5 16 14 16 18 14 12 13 24 27 27 38 34 25 40 56 57 12 31 34 22 35 33 10 7 34 38 31 48 34 42 39 41 41 44 56 49 37 48 73 51 34 23 18 15 5 3 1 0 2 2 4 4 3 6 10 8 5 5 5 2 8 14 6 6 2 7 4 7 8 5 12 12 10
0 0 0 0 0 0 0 0 0 0 0 0 0 0 1 0 2 0 0 0 1 1 4 5 9 18 22 29 36 26 35 25 26 45 40 35 30 25 12 17 27 41 69 38 28 25 10 17 30 35 42 65 34 44 61 38 31 26 29 20 18 32 45 39 26 13 11 5 2 0 1 2 2 4 5 6 5 14 9 17 7 13 8 7 30 11 15 5 10 9 10 18 10 12 10 17
0 0 0 0 0 0 0 0 0 0 0 0 0 1 2 1 1 0 0 1 1 1 3 5 9 16 22 24 28 49 43 52 47 68 26 21 26 33 29 33 57 55 31 26 55 29 23 23 24 58 61 30 43 44 34 33 48 41 50 29 23 17 14 16 15 10 5 4 1 1 1 3 3 6 5 5 5 8 14 21 14 9 16 8 31 9 11 12 7 20 12 12 12 9 11 10
0 0 0 0 0 0 0 1 1 1 0 0 1 0 2 7 0 0 0 2 3 3 3 4 7 8 17 13 20 34 39 34 31 33 39 38 36 45 44 32 20 16 13 11 24 29 39 28 57 67 31 14 20 41 45 42 31 41 28 24 25 17 13 8 6 5 4 2 1 1 2 3 4 4 5 6 7 10 17 14 16 14 16 26 35 11 13 15 8 22 14 6 17 7 4 10
0 0 0 1 1 0 1 1 1 1 0 0 0 1 2 2 1 1 1 2 4 4 4 3 3 3 10 15 20 30 24 24 33 33 34 35 35 30 29 21 22 16 12 10 13 9 11 47 21 39 22 16 19 18 30 76 52 55 41 31 21 16 11 8 5 4 3 1 1 1 2 3 3 5 5 9 12 8 12 27 21 26 28 28 35 23 27 9 27 20 6 11 15 6 9 12
0 0 0 2 1 0 0 1 1 3 1 0 1 1 2 4 2 1 1 3 5 10 6 8 9 3 5 10 14 13 20 17 25 31 32 21 20 11 14 20 37 35 44 38 24 45 36 22 10 17 27 46 47 38 42 27 38 40 47 42 29 14 11 9 5 4 3 1 1 3 3 4 6 6 12 10 10 18 11 10 18 19 21 32 15 70 31 10 20 19 5 12 9 22 12 16
1 1 1 2 1 1 1 1 2 3 0 0 1 1 3 3 4 0 3 5 7 16 9 11 12 17 10 9 7 9 12 22 39 35 15 33 18 29 20 24 30 34 28 21 20 32 20 18 28 43 46 38 43 41 48 19 14 14 14 23 19 17 14 11 9 6 5 2 1 3 4 4 7 10 13 5 9 8 18 8 14 12 24 16 34 60 18 14 32 11 7 13 12 18 22 23
1 1 2 2 1 1 1 1 3 6 1 1 2 3 3 6 1 1 3 5 11 18 24 14 29 20 23 23 15 16 10 44 51 39 44 30 28 38 25 20 32 20 24 17 19 28 28 25 21 38 46 34 44 44 43 18 31 34 34 36 30 24 20 22 13 12 6 2 1 4 4 5 12 8 11 20 21 15 8 16 12 19 20 31 26 48 36 32 28 13 13 20 10 11 5 27
0 0 2 2 2 2 1 1 3 4 1 2 3 9 10 4 1 1 3 6 8 22 23 31 20 23 41 32 26 30 29 41 58 55 45 50 51 32 55 34 20 32 13 8 12 20 19 23 26 27 37 34 42 35 42 45 45 50 47 49 47 44 28 16 8 5 5 1 2 6 8 7 14 16 12 14 22 16 18 6 23 9 12 26 31 48 56 66 30 17 23 19 24 26 17 36
1 1 2 4 6 3 2 2 5 6 1 1 5 12 6 1 1 2 3 6 14 19 23 29 33 25 40 36 48 53 51 45 22 34 46 45 46 26 42 40 38 29 21 17 30 26 17 35 22 13 13 29 46 61 43 46 63 57 52 33 48 27 11 12 12 7 3 1 1 5 14 8 13 17 24 18 25 16 20 17 12 29 15 6 8 28 48 62 30 37 28 25 22 38 16 16
1 1 2 3 9 5 2 3 4 7 1 1 5 12 4 1 1 2 6 7 8 12 18 27 45 28 35 36 30 51 59 48 45 38 40 27 32 32 38 32 32 22 19 31 41 38 23 29 12 8 13 43 53 33 60 62 34 39 27 26 19 15 23 21 8 6 5 1 2 3 16 11 12 12 16 27 21 21 11 20 10 35 22 17 10 8 24 38 53 65 36 31 26 31 12 16
1 3 2 2 4 9 3 4 11 2 2 2 4 16 6 2 1 3 6 9 15 25 26 42 45 42 24 30 49 46 29 57 81 68 38 35 25 34 44 33 22 34 36 19 27 18 23 15 34 29 33 42 45 56 63 46 57 40 38 38 28 22 18 12 9 8 4 2 2 5 5 21 13 12 16 17 35 33 22 38 15 14 24 23 18 16 15 29 49 56 40 37 31 33 20 29
2 2 6 6 2 8 2 6 22 3 3 6 9 13 3 3 0 2 8 12 23 19 24 47 48 50 43 18 15 19 29 30 34 18 21 31 49 33 30 45 42 32 23 18 17 10 15 24 38 48 45 46 49 59 73 65 59 48 37 41 31 32 29 14 13 10 4 3 3 10 11 13 27 12 15 18 39 36 25 18 31 15 13 31 34 20 21 23 39 52 61 37 32 23 38 18
2 3 7 13 5 13 3 6 26 10 4 12 14 7 3 1 1 1 3 12 28 30 26 31 42 54 40 20 23 22 27 29 33 31 23 15 27 33 52 44 37 29 14 23 23 15 17 13 4 9 40 42 33 48 45 34 36 56 52 43 42 21 18 15 10 10 8 2 4 11 15 12 15 7 22 23 25 43 55 38 42 25 18 17 33 24 17 29 45 77 72 38 25 21 37 17
3 3 4 15 7 14 8 6 10 16 6 17 13 2 1 1 2 3 7 16 20 25 35 21 33 47 62 26 23 23 35 36 33 36 29 34 29 33 26 10 15 29 20 23 31 18 16 5 22 29 36 54 67 60 43 64 61 74 52 35 39 36 31 25 22 10 8 4 6 14 14 23 32 14 14 36 31 45 39 34 51 21 29 31 50 27 15 21 16 33 58 34 33 18 49 37
2 3 2 8 24 9 17 6 22 10 21 8 3 1 3 3 6 4 17 26 15 25 31 35 15 32 49 64 38 37 24 38 28 20 17 19 25 17 15 15 15 9 6 5 13 9 13 12 24 25 22 42 39 54 62 61 39 58 40 25 28 30 27 23 11 9 6 12 12 16 19 27 6 19 33 39 37 28 46 26 61 27 31 24 28 50 37 38 46 35 42 29 52 22 30 55
8 5 3 4 9 20 23 11 37 16 14 3 1 3 4 8 8 5 6 7 15 21 29 55 51 30 39 18 43 59 24 38 23 20 26 27 36 23 22 15 14 13 28 19 9 4 4 8 19 32 32 46 44 39 49 44 38 33 22 9 21 25 21 17 10 7 7 13 14 17 19 35 11 10 5 10 32 54 67 26 53 45 34 34 22 19 59 32 47 44 41 50 24 22 40 54
6 9 7 5 6 12 36 15 14 6 3 1 3 5 11 17 17 6 8 10 19 23 25 10 15 16 20 33 17 22 48 69 46 34 16 34 13 18 24 6 10 14 9 7 9 22 13 13 19 26 34 26 27 37 36 38 26 44 31 33 42 27 25 13 18 17 10 17 17 20 18 34 11 22 13 18 18 15 36 41 29 56 37 39 24 47 49 19 42 59 56 49 24 26 26 33
7 13 8 11 18 25 26 14 14 3 4 3 5 13 14 18 23 13 16 18 22 26 22 18 15 22 21 14 16 30 20 27 33 49 44 61 16 11 11 14 17 10 15 18 8 7 14 14 21 33 49 29 27 34 49 25 45 62 68 55 45 30 29 26 21 17 18 31 20 21 23 29 16 26 26 20 33 31 36 54 24 57 39 56 25 22 42 15 21 30 55 38 18 31 30 57
9 15 13 16 24 33 27 5 3 2 6 6 11 14 17 24 15 33 29 18 25 26 23 29 34 24 26 19 22 44 26 9 8 12 14 37 47 29 33 53 37 31 16 15 16 10 4 15 38 33 40 17 20 35 38 41 55 72 43 44 49 28 30 24 21 21 24 38 24 24 25 29 28 29 38 22 36 35 33 35 58 77 47 58 41 17 45 28 11 19 35 45 29 38 28 11
12 22 27 23 52 34 6 4 6 7 14 13 10 22 19 31 11 23 49 16 31 24 14 21 30 41 17 26 31 32 53 22 16 9 10 8 10 8 17 40 51 29 22 26 23 18 11 13 28 24 20 19 28 35 53 52 48 45 47 31 49 38 24 9 28 14 17 49 30 28 40 30 44 30 42 35 35 42 35 29 27 18 62 66 51 23 23 28 15 11 23 47 34 39 47 28
13 19 47 39 48 9 8 7 8 15 19 18 27 36 13 26 14 23 29 47 19 36 16 13 18 34 32 36 34 23 14 39 12 19 14 10 10 12 10 17 23 12 11 20 9 4 7 17 15 23 20 17 11 30 48 60 30 57 69 58 27 22 14 8 40 27 27 39 37 29 45 33 62 44 43 47 33 34 49 34 29 17 45 48 51 28 13 55 21 18 31 43 59 50 35 36
10 24 51 64 31 4 9 16 17 19 33 41 22 28 19 16 37 17 28 26 26 25 24 18 20 29 27 43 33 35 42 29 40 16 21 15 11 9 7 16 15 9 8 8 9 8 13 29 17 20 22 15 25 41 58 51 77 55 41 54 35 16 6 17 22 49 30 35 42 28 35 35 54 49 33 47 48 32 36 52 38 12 26 56 62 32 11 29 29 21 34 25 66 54 24 60
11 31 56 35 6 7 20 20 13 39 28 55 18 33 22 15 20 56 19 29 48 26 42 19 18 37 41 36 32 47 28 33 46 18 23 18 13 18 5 17 14 7 15 19 18 13 29 25 29 32 38 36 41 35 39 51 59 45 48 39 34 17 9 26 22 36 31 34 43 34 33 34 36 57 34 33 54 36 36 37 49 22 25 32 51 30 18 25 42 29 17 20 20 52 38 35
14 45 38 21 9 15 26 29 18 35 17 51 24 32 46 18 39 58 16 39 56 21 50 21 17 37 45 47 21 14 42 15 16 36 51 35 8 14 7 12 8 5 5 8 12 12 16 22 35 39 35 22 21 26 26 32 42 49 33 52 38 23 18 28 35 43 22 29 37 45 31 30 18 44 37 33 40 44 38 33 16 15 45 24 50 34 23 14 21 48 12 28 50 49 35 12
19 38 40 28 13 16 33 49 18 25 21 44 22 30 57 24 40 56 28 23 33 41 36 24 18 22 23 32 36 44 18 29 12 10 4 33 37 10 7 9 6 9 14 14 11 17 16 24 26 37 32 38 30 29 29 30 22 36 35 19 24 32 30 30 31 36 43 35 40 49 19 34 21 30 44 33 39 20 17 36 23 21 17 23 51 62 24 13 22 40 9 13 42 48 51 27
37 36 50 22 16 28 31 39 20 31 25 30 40 21 53 23 23 46 28 18 20 19 68 43 18 17 18 18 28 30 45 26 10 21 5 6 31 11 6 9 5 14 24 20 10 14 6 13 29 39 46 30 26 16 16 32 42 59 38 18 11 31 31 29 31 34 50 26 42 50 21 29 34 32 48 7 26 40 20 17 39 19 18 19 26 44 25 12 14 44 15 11 12 41 68 52
72 38 18 18 27 30 32 35 24 54 34 21 46 21 53 25 21 32 31 17 19 32 52 34 14 21 17 32 33 38 31 30 27 23 4 10 10 25 5 6 13 19 12 15 18 18 13 6 20 39 46 49 32 25 33 38 45 58 52 24 10 37 33 23 32 34 39 31 25 47 32 18 22 43 50 22 17 18 39 13 24 46 22 18 56 44 12 25 5 42 33 15 10 7 18 25
21 10 20 18 26 29 46 36 40 43 31 21 66 23 25 54 23 49 44 15 18 28 27 60 27 27 14 29 38 38 27 19 29 39 11 11 9 28 9 7 8 10 8 9 9 14 18 15 20 44 36 36 34 28 24 28 20 42 43 10 20 26 38 20 31 34 27 45 21 44 38 26 29 20 37 20 21 24 23 27 11 7 40 19 28 51 20 38 11 22 62 17 32 21 12 9
43 24 43 31 28 32 56 33 56 49 17 30 48 33 31 54 20 20 61 13 29 26 17 50 17 26 31 21 23 27 36 40 8 17 16 11 5 7 39 9 3 9 12 18 16 8 10 19 36 33 54 47 16 24 27 4 20 28 20 12 19 46 43 19 17 36 26 37 21 24 68 19 35 37 23 20 27 20 34 23 34 17 13 37 12 42 50 44 18 27 73 26 19 14 30 14
76 39 22 38 38 39 41 33 59 39 27 31 27 33 27 40 18 16 52 23 29 24 11 23 35 31 24 15 18 17 24 24 32 10 12 32 9 8 12 20 6 14 13 18 16 16 13 6 32 15 7 8 9 21 23 46 30 20 20 20 16 34 28 20 20 32 44 15 42 12 46 20 30 35 11 18 29 13 19 30 29 31 16 7 12 10 34 65 31 22 43 25 25 16 29 20
85 40 26 35 31 40 19 33 38 19 28 28 32 39 24 45 23 20 42 16 15 36 14 7 5 10 10 7 24 46 20 26 31 5 11 3 20 9 10 47 8 8 6 11 18 11 25 13 53 21 18 13 15 14 36 43 26 9 10 35 15 11 29 23 33 20 50 17 49 15 21 34 20 38 13 28 17 20 15 13 28 35 17 12 12 13 5 14 35 52 38 35 25 14 36 22
69 34 21 40 24 25 25 27 41 16 28 23 23 45 22 50 23 35 29 15 12 23 20 9 9 12 13 15 17 22 35 24 13 12 5 4 4 12 7 31 5 5 6 12 12 9 26 26 10 18 24 21 6 31 42 39 24 16 7 33 22 17 10 37 31 35 43 21 42 24 18 20 41 47 17 15 25 11 18 5 7 27 13 19 12 10 12 6 5 19 49 29 15 22 41 26
75 33 50 27 28 24 23 25 29 16 25 29 14 51 42 16 23 25 35 18 24 12 26 13 23 23 15 22 13 12 17 17 22 11 4 7 4 6 12 16 10 2 7 5 9 10 11 32 8 8 13 16 21 46 46 35 24 22 8 13 35 16 27 17 31 51 25 37 12 30 51 13 38 61 23 5 18 8 11 7 19 16 22 15 7 4 6 12 13 8 24 45 36 10 36 14
73 43 26 25 24 28 37 21 33 14 22 21 23 27 49 11 10 10 20 5 22 13 21 23 23 23 19 24 25 6 9 13 30 18 7 4 22 5 4 20 34 3 10 5 8 19 19 27 7 8 8 16 38 36 38 23 8 19 19 8 28 15 25 26 11 19 22 27 14 18 47 16 25 36 2 7 8 18 18 10 3 16 4 7 14 1 2 5 11 11 13 8 37 14 25 8
21 49 16 27 22 23 30 19 54 17 19 28 21 8 33 20 18 10 34 12 13 20 20 27 22 12 23 26 27 4 8 9 18 16 19 8 7 17 4 3 20 2 5 5 3 29 36 16 10 9 16 31 37 33 39 16 10 23 18 18 27 18 10 8 26 21 11 30 13 16 41 29 41 20 3 11 5 2 7 17 7 8 8 9 16 5 7 6 8 7 9 19 21 31 23 4
25 55 24 19 10 22 28 26 18 30 19 23 22 12 16 18 17 12 58 12 9 11 17 42 13 12 19 29 23 8 9 9 19 15 24 15 7 7 13 4 21 4 5 3 3 13 8 19 5 26 18 36 38 41 22 9 15 25 14 24 33 27 40 13 14 18 10 36 9 14 13 24 33 9 4 3 5 6 10 9 9 3 2 12 11 19 13 11 6 5 3 3 7 34 20 6
23 60 50 5 15 16 38 26 15 31 17 12 8 12 8 24 5 20 15 6 11 8 18 13 27 15 14 18 13 11 6 14 17 18 15 12 13 11 17 6 20 4 5 5 4 7 15 37 13 11 29 47 46 36 7 13 22 31 19 26 15 38 20 33 21 11 9 11 9 15 20 37 17 16 10 11 1 10 15 7 11 3 1 8 8 33 27 8 7 5 5 4 2 10 18 17
11 19 47 7 17 9 28 25 12 30 24 9 3 14 9 29 9 19 13 18 8 8 20 27 18 8 9 12 14 19 3 5 11 24 17 8 13 25 9 15 26 9 6 11 5 5 4 28 33 32 45 53 38 12 8 27 31 28 21 31 32 20 10 16 33 5 10 13 14 7 14 17 14 23 10 10 6 17 11 3 18 28 7 10 3 4 11 11 5 7 2 4 8 17 6 15
13 25 43 13 15 4 8 17 16 13 18 6 2 7 16 47 12 8 15 4 13 18 19 23 14 5 7 7 15 10 8 9 17 12 5 3 12 20 21 7 14 11 8 15 11 8 13 51 36 61 69 51 7 9 13 15 25 26 17 19 34 11 26 18 12 30 49 9 6 4 5 29 9 16 18 13 12 21 19 11 16 51 12 14 5 3 5 13 31 21 11 6 16 12 9 29
12 16 44 17 23 8 7 14 5 17 23 14 6 6 11 24 13 5 14 6 12 14 12 7 12 4 21 3 9 18 8 8 19 24 9 4 17 7 7 17 2 7 2 9 30 52 71 43 43 43 27 7 9 12 18 19 22 20 13 12 13 9 17 18 3 25 14 1 1 11 8 12 28 11 28 19 17 18 24 11 21 27 11 17 9 8 8 7 9 15 16 25 8 21 29 43
16 8 5 36 10 6 2 3 3 11 35 8 8 4 7 17 6 5 20 5 8 10 9 7 4 6 6 4 1 14 7 9 9 12 9 14 8 11 2 5 4 5 3 51 37 45 75 78 49 17 6 9 10 17 15 14 21 20 16 4 1 3 15 33 28 39 5 3 2 18 26 15 14 5 34 12 28 11 26 7 16 18 19 24 14 14 4 2 6 5 4 6 21 7 25 22
16 13 8 40 2 6 8 3 17 1 19 8 6 8 11 19 7 8 17 9 3 7 6 15 3 8 2 13 2 3 6 8 16 13 4 6 26 14 4 5 13 54 61 62 74 40 58 78 55 3 7 13 14 12 3 11 13 11 11 1 1 11 39 47 33 13 7 17 19 10 22 26 8 5 14 15 27 23 41 40 48 30 11 20 17 14 12 1 3 9 10 6 7 16 28 23
13 8 4 46 7 3 4 4 20 2 4 15 5 5 6 16 6 10 27 9 4 7 7 20 4 10 4 8 10 10 4 9 12 12 10 12 12 10 9 21 40 58 78 68 77 77 69 57 4 5 15 11 11 13 5 6 21 28 8 4 3 18 40 28 15 10 14 18 18 11 22 35 49 11 8 15 15 17 21 12 6 13 18 42 33 20 9 3 10 3 14 15 11 15 39 13
10 8 4 11 25 18 6 4 18 5 4 17 1 5 4 3 10 7 12 8 2 1 1 9 3 12 12 8 15 5 5 8 5 16 8 15 8 4 11 29 24 25 51 72 75 64 5 4 11 8 8 6 11 12 7 5 4 49 11 13 7 14 9 26 19 8 21 23 17 40 30 34 6 9 12 22 22 18 17 14 18 19 23 15 25 8 11 6 9 2 3 15 7 13 37 15
9 8 3 5 32 9 7 3 10 3 3 7 8 1 1 2 5 2 7 5 6 1 2 3 9 15 8 7 10 4 8 8 9 6 10 14 7 4 12 21 12 34 23 14 13 5 13 20 14 13 7 7 5 1 4 12 5 19 19 9 8 13 5 15 8 9 9 27 27 41 13 6 9 14 16 19 40 18 20 17 25 23 27 23 27 5 9 5 13 4 16 14 7 9 14 7
7 8 6 3 20 2 3 4 14 5 2 4 16 3 2 3 3 3 9 7 3 3 2 6 16 10 7 9 4 5 6 12 10 12 9 5 10 5 24 21 54 59 23 6 11 11 4 6 8 3 3 1 4 2 5 13 3 34 13 5 8 8 17 11 3 9 10 38 32 1 6 1 4 18 37 38 24 22 12 14 21 18 24 29 20 12 10 11 6 4 10 13 10 12 8 5
4 4 8 11 13 1 6 3 8 2 2 1 7 3 3 2 2 5 2 9 3 2 1 3 9 11 11 5 2 4 3 7 7 10 4 9 10 7 18 13 15 22 13 12 15 7 6 10 16 11 4 1 1 2 5 15 4 16 13 7 7 8 10 8 3 6 18 28 5 1 3 8 5 5 9 28 30 33 10 14 18 21 29 10 21 15 12 14 15 6 7 13 6 3 3 5
12 3 5 18 25 2 4 2 7 3 2 1 3 3 4 0 3 2 4 2 3 2 1 3 6 13 11 3 3 3 1 2 8 2 7 6 7 5 26 11 13 22 8 11 3 10 3 2 5 12 9 1 1 3 1 3 13 3 13 1 2 14 11 2 7 20 25 29 5 0 1 10 7 6 10 19 29 15 7 9 18 24 20 20 12 12 20 14 7 4 11 8 7 3 2 3
7 2 0 2 4 6 3 2 3 2 2 1 1 3 2 0 2 3 4 1 1 1 1 7 5 6 8 1 3 4 2 1 2 4 7 6 10 37 14 58 55 32 6 2 2 13 8 4 3 9 5 5 1 2 4 2 18 11 2 0 0 9 11 6 16 22 21 23 2 4 5 10 31 4 8 16 16 11 6 6 15 13 10 5 11 22 8 15 3 4 4 5 2 1 3 1
3 5 1 3 1 8 3 2 0 1 2 1 1 1 1 1 2 3 10 0 1 2 2 7 3 3 3 1 2 2 3 1 2 4 5 13 22 25 58 35 30 33 15 3 4 6 1 1 1 4 7 4 3 1 4 8 3 20 6 3 4 21 6 2 10 15 12 19 4 7 11 9 12 3 5 7 12 19 11 6 1 2 2 4 5 6 4 6 4 3 2 2 1 1 1 1
3 7 7 3 1 5 1 5 1 2 2 1 1 1 3 1 1 2 2 1 1 1 4 3 4 2 4 1 2 1 2 2 2 4 6 32 38 57 76 45 9 4 9 5 4 1 6 17 4 9 17 3 5 11 6 10 3 8 6 9 3 21 5 6 13 14 11 22 5 5 7 9 9 3 1 2 8 11 38 12 2 2 6 6 3 4 2 4 2 1 0 2 1 1 1 2
