sesion_6_simulaciones/modelos_agentes/ejemplos_netlogo/scenarios/echam4_b2/rob_2100.asc
NCOLS 322 
NROWS 307 
XLLCORNER 451900 
YLLCORNER 4086900 
CELLSIZE 100 
NODATA_value -9999 
[rows 0 to 72 of 307, columns 192 to 287 of 322]
13 11 7 4 14 30 13 6 7 9 13 5 4 4 7 5 4 4 8 9 9 11 8 10 19 32 20 38 40 67 34 14 15 4 3 4 9 9 6 22 26 13 13 38 40 37 24 31 38 40 20 19 20 21 14 13 7 38 10 7 1 1 1 3 3 1 3 3 1 4 2 1 2 2 5 2 1 3 8 2 1 2 3 5 5 3 10 6 4 5 1 3 4 13 2 1
14 7 9 9 11 26 5 10 20 14 10 8 13 13 8 8 14 3 7 12 17 11 7 9 11 41 17 23 17 29 68 43 11 6 4 3 5 9 17 13 24 9 5 16 20 22 31 23 34 64 72 41 19 15 12 11 27 23 25 3 2 1 4 3 3 2 3 2 4 2 0 3 1 2 11 3 11 5 5 4 3 5 7 5 5 2 7 7 7 6 2 4 3 5 2 1
5 11 6 6 16 16 10 5 4 10 12 14 24 28 15 28 20 19 30 33 35 20 16 11 7 11 10 4 5 11 15 49 39 11 13 6 5 4 11 4 3 5 22 37 32 43 35 35 41 52 49 35 34 17 23 38 11 10 15 4 3 4 4 2 2 5 1 1 1 3 1 2 2 3 21 4 20 12 3 8 4 3 6 9 6 2 4 5 9 5 3 11 3 10 2 0
7 8 21 22 10 8 8 9 10 25 12 25 38 30 25 43 33 18 30 49 42 42 39 26 22 15 3 5 6 3 8 15 7 11 9 10 11 4 4 3 12 21 12 12 20 49 38 36 11 19 11 11 13 24 17 23 20 6 9 11 11 3 2 4 1 5 3 4 10 3 4 4 1 1 10 5 7 5 8 8 5 4 7 12 7 2 4 9 14 4 8 5 4 9 2 0
4 3 10 3 18 24 21 14 25 23 26 18 24 21 27 47 33 39 48 56 55 40 36 40 27 39 23 36 30 8 4 1 8 5 6 11 3 1 3 6 10 11 17 22 17 23 17 22 39 46 43 26 18 13 39 43 10 10 3 3 10 6 3 4 2 5 3 3 2 1 1 1 2 1 5 5 4 10 24 28 17 4 4 13 13 10 1 7 7 13 11 5 9 14 3 0
6 5 12 10 6 8 31 10 30 24 19 29 10 31 43 47 56 52 20 24 45 29 23 38 37 40 23 41 35 16 16 10 4 3 2 1 1 3 1 3 7 13 20 33 48 60 57 56 43 22 21 19 29 40 67 36 15 11 3 17 23 15 7 5 2 6 2 3 5 4 7 6 5 4 3 6 10 10 14 8 10 24 15 13 15 11 3 6 8 10 4 5 8 7 4 1
4 3 3 11 7 6 33 10 6 17 25 61 35 17 41 57 49 54 28 10 19 39 49 58 35 34 41 34 38 35 30 23 24 21 14 4 7 9 5 1 6 13 25 32 58 35 35 38 49 33 37 72 28 51 59 25 14 18 8 16 17 13 6 7 9 5 5 6 8 2 4 6 5 10 10 5 2 7 15 17 10 25 14 7 4 20 5 4 6 5 5 9 15 24 3 2
3 3 3 6 18 14 32 41 10 5 11 19 51 16 6 23 15 28 32 18 14 31 19 31 32 28 36 27 41 39 38 38 37 39 36 19 25 13 6 4 7 26 37 44 49 48 44 67 81 72 68 36 56 48 56 29 13 4 7 9 9 4 2 2 1 5 3 4 10 4 5 4 6 11 14 8 2 12 23 9 23 42 25 8 4 17 12 6 6 13 12 12 29 11 6 3
7 6 8 5 11 10 22 48 51 20 9 11 25 44 24 18 12 37 46 31 26 44 15 28 55 39 34 39 41 53 52 51 55 51 38 35 20 10 4 7 16 22 38 41 64 60 47 54 69 75 55 33 75 53 50 18 6 25 35 17 17 8 15 5 6 16 4 5 2 2 5 5 7 9 8 5 3 6 8 14 23 38 21 13 6 8 9 6 5 20 13 19 13 20 6 9
4 7 9 6 7 4 19 18 54 40 31 20 20 30 38 20 20 16 48 47 45 55 23 27 46 47 36 36 29 44 13 34 57 56 45 23 15 12 6 7 8 16 29 39 59 31 28 72 50 37 28 85 63 59 33 13 21 33 28 29 13 48 32 7 11 3 6 7 8 3 3 7 9 5 5 3 3 5 24 9 5 23 24 23 13 6 14 4 6 8 9 28 15 25 10 33
6 7 10 13 7 4 2 3 8 27 17 14 11 39 29 21 32 8 20 48 37 62 67 28 36 33 60 42 17 39 51 20 9 9 17 39 23 14 8 8 14 18 38 62 29 55 58 64 22 28 71 77 49 54 22 12 20 25 14 22 47 53 17 5 4 6 7 5 11 8 13 9 10 11 7 5 2 2 6 12 12 32 53 25 30 11 7 12 3 12 28 10 15 11 11 53
16 11 6 10 11 11 8 5 5 5 7 8 16 19 20 17 16 32 25 30 57 63 58 41 10 27 58 50 25 25 54 55 15 6 7 11 32 16 1 7 34 41 46 25 14 15 46 18 27 62 85 75 52 35 12 33 24 15 17 58 44 32 3 6 7 5 11 7 5 9 8 8 13 20 19 14 5 3 11 12 13 61 33 48 29 24 11 6 4 21 19 9 27 7 29 67
26 15 15 28 24 25 25 14 28 19 18 15 9 9 11 13 16 51 48 26 23 46 44 40 12 26 43 37 32 16 15 34 15 5 2 3 15 22 3 8 30 34 34 50 46 40 69 19 43 79 74 47 12 33 50 51 43 45 70 60 9 7 7 4 3 2 4 4 7 5 3 6 18 25 28 16 7 1 10 17 45 49 14 29 42 25 19 5 5 22 17 12 34 8 29 41
52 38 29 34 33 34 26 25 26 29 32 41 21 20 14 15 14 11 12 13 24 22 14 24 21 32 35 37 17 10 13 23 23 17 3 2 8 18 12 17 17 32 28 18 18 61 38 26 61 50 34 12 23 40 42 42 59 56 40 5 18 23 13 7 6 2 2 1 6 4 8 19 15 12 16 19 10 2 6 16 47 17 12 33 61 30 24 11 4 8 9 13 21 10 27 23
14 49 47 50 39 39 21 30 17 19 37 33 30 33 38 40 38 24 10 12 10 9 8 20 24 26 20 14 6 3 14 16 17 13 4 3 12 21 24 15 16 18 28 17 11 23 20 26 31 27 8 16 27 29 39 43 39 8 20 23 24 15 18 39 39 23 17 6 6 9 15 11 20 20 13 10 7 3 7 19 27 11 7 51 65 64 37 40 21 5 8 14 12 13 37 31
28 48 59 31 42 66 41 20 37 28 22 37 36 48 54 46 46 25 21 24 19 11 7 6 21 16 6 5 2 4 4 16 22 25 16 7 10 15 17 23 16 19 17 13 6 9 32 38 23 14 28 21 20 27 29 31 10 32 27 21 25 41 54 31 25 33 9 5 15 2 14 44 19 15 21 25 29 17 6 20 24 12 4 11 35 65 20 13 19 22 5 20 9 13 43 39
64 16 69 44 41 62 73 74 37 16 27 28 48 48 48 43 54 48 41 41 41 39 24 12 8 9 21 21 13 9 2 3 5 10 17 13 15 16 16 25 16 15 12 12 8 6 8 8 23 42 28 47 39 25 17 33 37 31 27 21 40 36 58 40 38 14 6 14 8 9 10 4 22 9 22 33 43 29 21 7 40 20 14 4 12 43 53 17 7 10 5 6 12 23 16 18
42 12 57 36 57 63 67 43 74 75 45 52 56 24 28 30 47 52 45 42 43 43 41 22 20 21 37 29 23 17 3 2 2 2 6 11 13 13 14 16 16 16 9 6 2 11 25 42 43 36 39 57 50 47 22 32 27 47 41 33 59 52 43 32 13 11 14 16 10 7 5 4 19 21 33 34 38 44 34 12 8 18 19 14 5 18 34 24 18 3 9 1 12 19 9 9
36 36 41 46 34 61 67 40 46 79 48 70 82 58 44 33 52 69 69 60 60 45 29 23 35 24 40 36 49 21 21 20 21 13 10 7 10 8 13 12 7 5 3 5 18 29 46 46 38 41 52 57 47 33 46 45 43 39 26 35 54 29 13 6 12 11 8 37 20 6 9 4 24 25 5 14 52 38 46 37 10 7 36 21 13 5 20 25 24 12 2 2 17 8 2 2
47 19 28 46 38 49 76 40 29 65 72 82 84 73 75 67 29 47 50 65 49 44 43 38 39 37 38 48 47 45 35 30 28 27 23 13 8 7 6 5 2 2 11 20 44 40 43 53 33 51 57 41 54 48 48 43 11 7 17 35 64 29 8 18 24 16 28 31 13 12 10 3 6 29 22 6 15 26 39 43 41 13 12 26 20 7 4 14 28 20 2 1 10 2 9 17
74 38 38 42 15 37 69 46 61 47 69 57 76 50 62 67 31 23 47 68 49 62 44 28 59 51 39 33 42 39 32 20 27 25 31 23 17 8 4 1 2 7 23 41 46 51 29 26 53 69 46 46 59 63 69 57 29 18 27 38 46 15 10 27 22 14 14 5 16 21 16 3 4 10 36 15 6 10 60 32 33 17 6 15 19 5 7 21 13 14 1 2 2 3 16 36
57 20 52 50 22 16 43 74 27 50 82 77 82 61 57 34 37 12 27 75 71 53 41 39 29 31 14 15 24 24 32 30 20 19 32 28 18 16 9 3 6 17 28 35 27 42 37 51 49 43 32 41 44 71 71 69 62 44 31 30 21 8 18 20 25 20 15 9 10 22 9 3 4 8 33 20 8 9 19 43 34 29 12 7 21 8 11 17 10 4 4 13 5 10 31 41
76 29 70 74 45 30 33 57 28 31 83 74 60 40 22 45 40 34 14 30 39 60 77 77 51 21 40 28 14 21 21 17 12 15 23 35 26 11 5 2 4 21 38 40 20 25 13 28 16 17 13 32 47 32 47 70 48 30 13 62 24 7 16 18 13 17 36 15 17 7 5 5 12 23 51 21 10 15 26 59 35 19 11 4 10 17 11 17 7 3 11 41 18 18 17 32
73 65 57 77 29 41 44 60 57 31 32 28 35 63 33 24 53 48 28 41 45 46 73 63 59 28 35 41 31 11 14 13 12 13 15 19 26 12 6 1 7 10 9 20 14 9 17 18 28 24 15 29 22 29 29 20 10 21 49 36 9 14 18 13 18 36 21 13 20 12 5 7 13 28 32 15 19 17 30 52 40 45 22 7 5 9 11 17 3 5 14 11 26 37 17 21
46 39 56 56 42 20 55 69 47 22 41 28 31 54 58 36 43 50 44 23 25 34 44 37 35 25 31 46 43 22 13 10 9 9 10 13 9 19 7 1 3 9 21 24 29 37 40 36 28 31 39 19 12 6 7 13 24 24 62 29 7 25 15 10 24 47 15 26 26 13 8 9 17 46 27 16 30 20 27 45 38 39 38 25 7 3 13 7 3 21 22 21 20 18 50 16
28 38 24 54 30 14 61 71 49 25 22 32 31 23 52 50 32 24 34 36 19 20 31 36 32 26 17 38 61 20 16 10 4 2 4 3 11 8 14 3 6 12 11 16 30 30 41 20 18 33 30 42 30 43 27 26 25 47 54 8 12 18 12 7 22 37 18 21 21 16 8 8 23 52 18 29 33 18 15 26 27 38 28 13 15 4 3 8 18 35 35 33 39 21 13 33
20 24 15 19 14 38 59 52 34 20 12 22 21 12 12 34 39 38 33 34 19 16 21 25 12 15 16 17 23 31 26 8 4 2 3 4 8 5 10 5 4 4 6 13 19 23 16 19 30 27 41 37 30 37 46 57 63 77 37 6 14 14 8 12 49 37 9 23 27 17 11 6 19 51 20 18 22 28 8 14 28 39 17 13 5 4 7 23 40 34 37 29 33 39 47 19
14 13 7 4 5 7 10 14 13 8 6 5 5 3 5 9 15 13 22 29 17 16 14 11 6 7 22 16 17 19 25 19 17 8 3 4 5 4 10 3 4 2 6 8 10 15 27 25 19 46 32 33 35 35 47 77 65 54 8 20 21 12 21 32 71 22 31 16 17 19 19 11 30 53 29 18 22 33 9 14 26 35 24 29 14 2 8 19 22 14 13 9 8 12 26 25
6 7 9 9 4 1 2 3 4 2 2 2 1 2 2 2 3 3 4 8 12 9 9 5 6 7 21 16 14 11 12 12 8 7 10 5 3 4 6 4 3 8 24 27 27 29 42 60 23 37 26 24 28 23 67 61 33 7 20 26 21 16 33 62 33 14 29 16 18 22 17 10 19 49 65 34 28 23 13 13 27 42 34 23 12 2 8 10 6 17 17 20 19 15 12 23
12 19 17 27 16 7 5 4 5 16 16 17 18 19 29 18 16 15 5 1 3 3 2 3 2 11 11 8 10 7 5 4 10 8 5 5 3 1 3 4 10 25 29 28 33 44 47 32 53 35 27 21 31 32 71 28 16 20 29 27 20 18 34 65 22 13 14 27 17 9 7 10 37 56 26 52 37 25 11 7 38 32 41 21 9 2 9 19 31 39 19 29 32 24 19 7
20 31 30 34 28 10 10 31 20 31 31 37 34 36 35 38 35 31 28 16 9 7 7 3 1 1 2 5 9 5 4 4 6 7 5 4 1 1 3 9 25 27 30 47 50 56 53 42 46 63 59 52 34 51 32 17 6 33 26 30 12 18 39 55 28 10 16 27 22 18 4 11 53 22 17 62 52 33 17 7 23 20 36 20 5 6 19 19 19 28 22 18 10 10 10 20
33 34 34 37 25 19 20 37 35 34 35 38 53 40 50 50 41 34 31 33 21 33 29 12 11 8 5 2 2 1 1 1 2 5 4 1 1 3 9 29 28 29 35 37 52 55 58 71 55 54 38 75 56 34 39 34 12 30 34 43 36 25 51 19 8 27 34 16 32 15 5 12 26 24 15 64 36 35 17 12 26 23 22 17 4 12 35 40 40 25 18 7 14 14 11 20
53 50 38 52 40 24 24 30 30 35 55 53 52 57 55 39 40 37 35 35 34 39 37 26 24 23 12 9 6 6 9 15 6 2 2 2 1 3 9 24 26 31 30 39 54 54 64 65 52 52 41 24 46 43 54 12 28 34 26 35 25 31 34 41 43 24 16 13 41 31 13 9 29 21 34 70 33 31 27 13 15 24 20 9 13 25 35 55 55 44 41 19 22 27 25 55
51 52 56 42 39 39 25 40 52 54 60 52 55 44 52 43 40 41 38 52 48 50 37 31 27 43 25 21 12 11 36 14 8 3 1 0 0 3 8 15 14 20 28 32 42 61 39 18 69 62 48 32 50 56 12 10 24 25 24 37 44 45 50 25 18 16 26 21 18 26 21 12 32 26 34 51 45 49 31 14 12 20 10 9 22 26 25 25 15 13 13 21 29 30 69 71
48 49 58 58 55 30 26 41 52 60 58 51 53 51 50 51 39 62 55 54 34 27 29 33 35 33 28 24 24 31 13 11 5 4 4 3 2 2 6 15 17 28 43 33 23 30 24 38 39 49 49 18 37 9 16 10 14 19 18 32 48 57 32 50 31 16 17 17 17 32 36 14 17 26 38 44 48 30 26 15 8 12 12 16 33 15 16 21 35 35 30 22 15 62 44 61
57 70 60 30 50 29 41 40 66 55 50 50 50 67 69 53 57 55 42 59 40 38 22 48 49 29 28 29 51 20 9 8 8 7 10 6 6 7 9 14 27 34 46 20 27 30 28 44 40 37 28 19 25 9 16 8 18 34 39 50 35 25 38 54 21 11 9 11 26 26 25 16 13 25 26 53 52 38 28 14 7 8 18 34 46 44 34 27 31 21 17 42 51 65 45 28
65 76 43 45 60 38 30 62 58 67 37 53 60 54 72 59 37 28 56 49 46 42 17 55 25 23 33 48 20 12 14 22 19 18 14 12 12 9 4 6 20 31 17 16 17 35 64 61 51 35 30 18 15 14 22 28 37 27 18 21 23 30 32 53 28 14 15 15 14 12 16 21 12 24 40 39 34 47 32 15 6 24 42 29 39 55 50 49 42 39 20 38 40 44 48 23
49 66 35 38 58 37 35 66 55 62 26 47 66 49 68 41 39 42 57 62 53 30 31 23 26 40 64 17 13 24 23 22 23 20 16 13 12 12 4 4 3 5 9 16 31 58 62 45 66 30 23 13 28 23 28 18 14 8 24 24 18 38 36 33 15 48 53 45 33 32 21 22 11 22 27 23 31 37 18 6 12 37 55 63 55 61 64 53 42 38 38 49 20 9 43 34
58 30 35 30 51 28 31 58 72 55 19 53 68 57 58 62 38 55 74 61 47 25 47 28 48 55 16 19 32 30 22 22 37 24 30 18 15 17 18 10 12 10 9 23 62 46 61 26 31 49 19 20 37 29 27 22 15 24 54 53 39 36 67 36 47 35 47 53 31 23 24 23 14 10 17 29 19 29 8 3 17 31 30 48 48 26 41 16 11 13 8 65 51 29 24 14
76 53 36 25 37 22 40 54 79 40 22 39 56 56 60 36 32 80 56 20 25 53 50 40 52 31 31 34 47 48 31 37 36 34 18 28 20 32 22 20 12 6 2 7 35 33 35 15 11 10 8 20 26 37 29 44 46 45 31 39 56 56 34 54 46 47 21 44 67 35 20 14 12 6 13 18 13 21 11 11 25 38 36 36 29 15 19 25 35 56 68 86 65 31 25 11
59 57 30 31 37 19 27 49 60 34 18 36 69 66 32 49 41 49 23 17 31 64 71 59 49 52 39 37 49 38 34 61 44 19 20 35 25 38 35 18 16 10 8 7 2 5 4 4 11 25 38 39 48 46 42 51 39 31 52 70 75 73 53 60 14 76 64 24 26 66 62 48 33 17 4 14 15 8 7 12 26 23 22 34 23 24 50 53 48 38 50 74 45 34 28 14
46 34 21 32 27 23 15 37 47 24 14 28 59 49 40 41 26 19 7 26 49 61 52 30 28 18 17 57 53 38 50 53 35 20 26 35 37 41 38 11 14 12 14 12 13 5 2 7 15 22 34 33 43 39 31 30 40 55 42 84 76 48 40 79 57 36 74 42 25 20 36 40 47 46 26 15 9 9 6 11 30 27 20 22 33 44 52 57 48 61 51 62 58 48 30 14
35 23 9 22 17 15 13 14 21 9 7 17 29 14 20 25 13 17 14 31 57 32 29 35 23 27 19 60 56 39 67 50 24 34 32 45 46 58 48 28 24 11 23 19 15 7 3 4 15 17 17 25 43 36 48 56 32 60 63 83 35 13 45 80 49 52 38 73 42 14 20 27 45 39 39 36 14 7 3 9 22 26 24 19 24 39 71 51 35 77 50 49 55 26 17 15
10 8 6 12 9 5 10 6 17 19 12 10 13 14 27 33 26 37 19 30 50 33 32 34 27 24 25 59 55 40 64 44 40 39 37 53 51 51 26 31 44 32 24 14 8 3 1 1 8 18 18 32 46 39 38 46 28 45 73 49 34 20 67 80 65 26 21 30 55 32 21 19 23 19 43 24 18 8 5 7 17 24 30 22 50 66 80 55 48 78 49 24 32 47 19 9
7 2 7 9 7 12 12 37 33 65 64 49 13 23 33 40 45 22 19 43 41 27 29 20 24 34 23 52 54 57 47 43 40 44 43 56 70 51 36 33 63 50 14 8 8 3 1 2 13 18 37 37 38 43 25 28 46 69 81 41 27 31 46 79 74 57 27 10 49 52 37 19 19 21 54 23 12 8 5 15 22 33 32 39 43 35 38 32 48 45 60 48 49 43 12 2
3 3 5 10 28 40 53 60 39 40 50 57 59 41 19 23 23 16 22 25 14 24 25 29 44 34 35 67 54 71 43 44 42 51 56 71 75 47 49 44 58 34 21 13 10 14 10 1 7 23 19 30 27 21 21 38 54 70 61 54 30 29 33 86 59 57 54 9 42 63 54 19 17 19 23 39 18 5 5 20 21 33 49 53 49 36 37 26 36 37 44 36 27 12 4 8
8 8 3 4 11 21 45 19 19 18 37 47 43 50 20 17 21 34 38 20 19 26 24 37 59 45 34 62 60 53 36 52 42 54 52 67 55 49 62 36 24 21 34 31 25 27 15 7 4 9 28 22 22 32 31 14 41 41 50 80 47 42 53 67 55 18 52 29 34 43 39 38 25 14 10 72 19 4 7 16 29 36 27 60 42 37 37 28 27 16 17 13 11 10 15 28
14 28 11 5 19 19 20 31 21 37 51 38 51 67 65 35 45 37 26 19 30 30 35 35 48 38 33 60 59 33 45 46 47 51 64 70 58 52 27 16 17 32 32 32 43 31 29 9 3 2 9 22 27 36 36 23 41 47 35 49 50 50 55 67 72 22 40 42 30 56 44 27 33 22 21 23 16 3 7 14 26 31 47 64 40 43 34 27 39 13 10 7 8 16 29 32
9 22 46 17 8 11 32 29 56 31 30 31 69 42 40 82 73 18 27 28 30 29 35 33 37 33 37 64 49 41 44 42 50 67 70 46 23 23 36 35 44 43 40 32 48 47 35 12 4 1 2 37 25 20 40 30 47 41 34 38 46 34 36 50 80 23 19 36 27 28 37 24 22 20 16 17 11 8 5 14 20 27 68 49 24 20 19 23 21 3 4 15 16 23 30 26
44 42 49 57 18 6 9 49 51 51 12 17 36 44 69 75 53 74 72 39 28 47 42 19 35 29 50 46 44 40 45 37 54 71 76 43 41 36 52 51 65 68 52 54 65 39 21 8 1 1 2 4 7 14 42 34 52 48 35 33 30 17 7 22 61 38 25 26 26 24 25 35 24 21 13 12 9 6 6 15 24 29 37 31 18 16 9 11 5 12 14 18 32 38 27 26
30 17 25 71 21 19 18 20 24 32 25 7 30 77 83 78 53 41 71 47 61 63 48 24 42 42 63 58 52 63 46 45 49 50 52 35 40 50 53 59 29 32 63 81 38 26 22 9 2 2 4 3 3 5 19 44 50 64 32 34 30 18 10 48 65 36 35 24 23 25 30 32 18 12 17 12 11 6 8 18 19 34 31 15 11 7 9 19 19 30 33 35 35 36 19 21
14 29 28 72 72 18 24 15 21 21 26 15 39 49 50 53 71 80 54 18 51 20 65 75 87 80 72 45 68 52 67 46 41 28 71 62 64 59 35 35 15 4 60 56 52 38 35 22 9 16 18 11 4 1 3 11 14 32 17 27 24 14 16 34 48 51 35 25 28 7 11 15 22 11 7 8 10 6 7 11 21 23 21 15 7 12 26 27 35 29 32 51 41 29 25 20
10 17 26 33 71 64 34 18 18 21 21 21 38 64 73 76 38 75 71 29 59 53 31 46 67 46 64 38 64 27 16 42 31 31 53 86 71 53 32 75 42 43 51 52 64 44 26 21 30 35 26 12 2 1 2 2 2 9 6 25 23 12 26 40 37 51 37 23 19 16 15 16 14 10 7 5 8 5 3 5 9 9 14 11 6 18 22 26 34 31 34 29 62 35 22 13
6 12 21 4 34 81 37 24 14 13 22 29 25 39 48 64 65 77 54 57 63 44 15 51 67 44 43 40 46 69 54 59 55 33 42 80 87 91 89 86 74 60 60 69 64 47 43 37 58 26 16 16 16 14 10 9 5 3 3 6 8 12 15 40 38 42 40 29 18 15 12 9 8 7 6 3 4 3 2 3 5 5 2 4 5 5 10 24 35 17 21 37 35 29 16 29
14 8 21 48 38 58 80 38 39 17 12 16 20 26 57 46 69 83 20 29 72 68 30 17 80 82 54 40 56 66 34 34 44 34 31 61 80 83 80 55 68 70 45 53 58 59 72 72 48 13 26 35 32 29 30 42 38 12 5 5 5 5 9 13 25 48 30 26 13 19 12 6 8 6 6 3 3 2 1 3 2 5 9 13 17 11 13 15 28 30 26 25 30 28 40 37
23 8 7 36 57 64 85 67 34 33 25 22 21 29 27 19 55 40 28 65 88 43 24 16 24 69 41 49 45 66 64 47 55 52 48 83 74 53 45 36 44 25 23 75 50 72 83 80 54 44 54 44 43 31 27 10 16 11 8 6 5 5 9 10 7 21 30 23 18 15 8 4 3 4 4 3 3 1 1 1 3 7 8 12 21 35 32 33 39 35 27 35 31 29 23 41
40 28 22 16 19 24 38 69 39 50 33 22 19 26 42 19 47 29 55 45 83 44 29 27 16 33 35 48 23 64 69 42 42 46 60 77 74 39 27 41 38 30 30 45 61 50 48 33 39 44 40 43 41 39 44 14 9 17 8 5 5 5 7 7 6 12 21 24 16 7 5 2 3 4 5 4 1 1 1 4 5 7 17 20 9 8 22 59 26 41 42 43 44 34 38 43
20 23 45 20 19 47 48 72 74 58 52 24 21 18 22 28 35 39 34 49 76 83 61 38 14 15 32 11 27 64 74 51 41 48 44 45 49 37 29 35 33 30 31 32 68 45 48 33 24 22 27 12 15 14 29 21 6 15 8 5 4 4 4 5 6 9 13 11 9 6 5 3 3 3 2 1 1 1 3 3 5 6 6 8 7 18 41 48 51 53 51 44 45 51 42 52
37 37 16 13 17 31 44 57 75 54 43 36 18 12 17 30 15 22 42 80 72 75 65 58 35 12 41 40 15 23 58 43 51 45 24 28 37 61 30 27 33 23 18 28 50 47 55 39 31 24 22 17 7 9 15 18 8 15 12 4 3 3 3 4 3 7 8 6 8 5 4 2 2 3 1 1 1 2 2 4 3 4 6 13 20 29 32 52 32 31 23 23 35 46 43 25
53 53 25 13 5 32 28 45 65 69 36 37 23 21 26 28 16 44 67 81 51 52 62 34 28 26 16 30 41 9 38 55 34 38 24 38 36 26 28 28 40 32 13 16 26 44 55 45 46 34 33 19 13 6 5 11 8 12 18 8 5 2 2 2 2 4 5 6 5 3 2 2 1 1 0 0 1 2 2 2 1 5 7 13 24 24 36 34 32 22 18 32 37 34 28 27
57 54 34 30 10 12 28 41 77 36 41 27 20 19 19 24 18 39 74 54 11 35 82 36 27 31 15 21 22 37 33 33 27 29 32 21 20 12 13 27 43 22 13 12 14 26 53 38 50 33 25 19 12 8 3 4 6 6 9 7 3 2 1 1 1 3 2 3 3 2 2 1 0 0 0 1 1 2 3 4 3 9 18 22 18 22 45 40 30 30 36 28 32 38 35 19
53 53 37 21 22 16 31 35 74 41 18 40 31 19 17 16 15 55 56 34 56 63 74 60 35 22 27 42 17 49 38 33 34 22 37 20 24 21 7 20 13 11 14 27 38 44 51 42 62 60 49 33 14 10 3 2 4 5 5 7 4 2 1 1 1 1 1 2 2 2 2 1 0 0 1 2 1 3 3 4 4 7 10 9 16 24 27 37 43 43 45 35 38 22 34 33
48 39 32 24 23 25 16 26 45 69 40 24 34 19 18 16 20 44 37 44 36 52 72 59 40 51 23 30 33 56 31 25 29 29 18 12 22 18 17 15 6 8 14 51 34 28 50 33 49 55 61 38 26 18 6 3 2 3 5 4 5 1 1 1 1 1 1 2 2 1 1 0 0 0 1 1 1 2 3 4 5 7 13 12 14 13 26 35 32 33 33 53 38 44 57 36
43 45 29 22 26 25 23 28 33 49 55 22 18 18 19 20 20 22 30 38 40 54 79 55 49 33 45 27 31 49 30 12 18 19 24 11 14 18 11 8 5 10 32 55 16 32 37 22 43 42 41 49 39 29 23 13 4 2 2 2 2 2 1 1 1 1 1 1 1 1 0 0 0 1 1 2 2 3 5 4 8 9 11 8 8 12 17 14 24 38 29 37 32 17 29 32
84 64 50 21 17 25 21 25 29 44 55 36 29 23 24 19 18 22 22 19 45 44 70 54 32 26 31 35 28 22 40 16 15 18 15 19 15 15 6 8 23 26 37 16 16 26 19 22 29 39 50 46 59 44 34 24 15 4 1 1 1 1 1 1 0 0 0 1 1 0 0 0 0 1 2 1 1 1 2 2 4 5 6 6 3 7 8 11 16 23 36 51 32 28 30 9
53 81 68 47 26 16 16 24 31 36 70 45 33 21 16 14 15 9 17 18 33 39 58 62 34 25 20 22 28 29 26 38 23 11 11 22 15 7 3 11 19 47 28 16 19 22 19 15 31 40 26 29 35 45 40 27 16 12 5 1 1 1 1 1 0 0 0 0 0 0 0 0 1 1 1 2 1 2 3 2 3 4 3 4 6 10 11 11 16 29 34 36 28 26 24 31
28 85 41 78 59 46 18 20 22 40 57 38 29 16 13 10 6 6 16 20 35 51 38 58 50 34 29 20 20 25 25 33 25 19 9 17 6 3 7 8 28 30 29 11 13 21 8 11 31 42 23 23 29 31 60 41 30 14 12 2 1 1 1 1 0 0 0 0 0 0 0 0 1 1 2 3 2 3 4 6 4 3 4 5 11 11 10 10 24 25 27 17 21 32 28 26
49 53 38 75 56 58 39 12 16 19 41 38 18 16 11 6 5 7 16 32 15 13 56 59 63 53 42 39 16 11 12 18 16 14 6 6 3 3 4 7 28 12 12 10 7 27 9 12 39 43 31 12 8 6 43 30 27 17 7 5 2 1 1 1 0 0 0 0 0 0 0 0 0 1 2 2 3 5 7 9 11 15 10 15 15 13 10 9 17 17 18 28 39 40 38 34
58 50 47 42 52 33 64 25 9 9 21 27 18 11 8 5 4 12 13 14 29 57 68 69 74 57 43 26 24 13 20 21 16 12 11 7 5 3 8 16 14 11 8 7 12 33 19 20 49 45 48 17 5 2 10 10 16 18 6 4 2 1 0 0 0 0 0 0 0 0 0 0 0 1 1 1 4 7 14 11 15 19 26 19 18 16 11 14 25 17 17 20 22 14 20 21
57 47 54 43 48 22 34 45 8 7 19 22 30 10 5 3 4 6 17 27 53 55 68 61 65 70 39 26 23 20 16 14 13 11 6 3 2 3 5 17 11 7 6 5 5 10 12 11 35 50 31 19 21 5 5 10 6 8 6 6 2 1 0 0 0 0 0 0 0 0 0 1 2 1 2 2 4 9 10 22 28 23 19 27 21 22 22 39 29 10 13 10 15 30 28 30
51 60 63 48 26 22 22 23 15 6 13 17 22 9 3 1 4 9 27 51 37 23 58 52 49 61 43 25 25 18 14 10 8 8 5 3 2 3 12 17 8 5 4 2 4 16 4 12 43 20 28 16 12 7 7 8 8 7 6 4 3 2 0 0 0 0 0 0 0 0 0 1 1 2 2 5 7 14 19 18 33 43 46 46 49 40 40 38 28 21 19 22 15 17 32 28
32 29 38 42 23 24 14 13 16 9 5 9 10 8 2 1 6 14 25 26 30 27 47 69 31 37 32 40 18 12 10 8 7 8 7 2 2 9 21 6 3 2 2 2 5 9 11 48 62 12 6 26 11 7 5 5 9 6 4 3 2 1 1 0 0 0 0 0 0 0 0 1 1 1 2 3 6 5 6 13 22 26 27 37 54 45 53 49 37 36 23 24 36 31 23 23
16 17 16 19 19 15 13 11 12 9 3 3 4 7 1 1 5 8 12 15 23 20 17 29 26 23 21 24 11 9 8 7 5 4 4 1 5 12 5 4 3 2 1 2 5 10 21 19 47 16 6 14 16 6 6 9 7 5 3 2 1 1 1 0 0 0 0 0 0 0 0 0 1 1 2 2 3 5 3 5 11 15 23 23 47 45 59 62 45 55 48 48 41 39 30 50
