sesion_6_simulaciones/modelos_agentes/ejemplos_netlogo/scenarios/echam4_b2/rob_2049.asc
NCOLS 322 
NROWS 307 
XLLCORNER 451900 
YLLCORNER 4086900 
CELLSIZE 100 
NODATA_value -9999 
[rows 74 to 147 of 307, columns 96 to 191 of 322]
22 52 35 23 19 25 20 49 22 23 18 60 32 71 63 48 14 6 8 14 54 57 29 14 13 6 5 1 5 12 4 3 9 8 5 2 2 3 5 2 3 4 10 3 4 5 6 3 3 8 6 20 36 28 21 14 20 28 43 30 23 77 66 50 56 61 37 53 64 65 54 65 51 66 41 41 56 63 46 40 23 45 61 52 33 16 16 18 10 12 9 8 8 4 1 0
27 29 29 20 13 19 28 35 21 38 39 29 20 23 40 61 34 42 47 66 88 61 56 27 16 12 6 2 7 2 4 36 13 11 15 11 4 2 3 1 2 15 17 16 27 9 8 32 37 6 6 4 9 24 9 11 23 38 31 17 36 40 63 49 56 41 35 49 60 68 41 78 45 55 46 32 57 30 24 50 53 44 20 22 30 27 21 19 26 22 28 28 15 9 3 1
43 25 22 21 15 27 16 43 19 43 50 19 22 44 31 31 41 66 57 67 80 78 76 59 20 11 8 4 5 7 20 33 20 14 17 15 15 4 6 9 6 4 7 3 4 13 9 19 17 16 5 3 8 8 10 11 22 33 16 17 27 16 52 51 49 39 52 43 71 54 31 61 57 44 57 48 27 20 74 46 33 33 51 37 53 55 50 59 58 39 39 36 22 13 8 5
44 15 32 29 22 19 22 31 25 31 72 31 30 32 33 43 69 39 65 64 81 84 61 50 51 10 7 10 19 16 31 9 16 11 20 5 27 11 6 17 4 2 2 1 4 10 24 20 13 38 27 18 11 2 4 7 14 10 12 8 20 11 42 29 32 20 49 48 51 30 22 31 56 26 50 26 27 33 60 36 48 44 41 58 74 70 75 57 52 61 36 34 21 15 9 7
43 24 33 31 41 20 27 30 13 51 70 60 41 26 41 48 52 64 80 48 47 58 68 75 32 24 28 45 49 28 30 12 18 21 4 11 14 13 13 20 13 2 1 3 8 11 26 30 12 52 43 30 32 18 16 6 6 5 7 5 13 9 9 13 11 15 23 35 24 14 19 16 49 34 24 9 33 41 35 39 57 74 83 75 77 77 52 60 63 41 41 24 17 16 14 27
58 58 21 55 60 38 15 33 13 35 33 64 47 35 38 8 45 83 53 55 54 35 62 75 42 24 70 71 65 59 63 32 7 6 9 23 28 6 11 17 21 4 3 9 9 11 18 63 57 51 47 44 47 16 41 30 24 8 3 2 9 15 6 5 10 13 16 20 7 6 16 28 27 20 54 49 18 21 44 60 71 71 69 70 59 71 70 78 57 36 35 22 17 28 45 24
81 85 65 62 24 19 14 12 12 41 21 13 48 59 16 35 76 50 39 33 46 26 13 53 62 66 73 60 70 58 82 70 22 24 30 41 21 15 6 12 32 14 5 8 15 37 19 17 60 39 49 72 54 41 54 22 32 44 35 27 30 8 31 13 7 2 10 17 19 28 18 5 7 8 16 45 52 67 39 66 64 51 74 61 55 58 71 75 59 50 45 30 60 57 21 16
64 60 73 19 13 16 22 18 16 23 24 5 14 25 30 43 24 56 57 44 35 48 11 19 59 75 74 44 36 50 53 31 50 49 46 46 44 45 11 15 41 27 6 6 24 27 15 8 34 16 60 70 46 78 63 30 59 31 23 24 39 14 24 32 22 10 22 23 44 18 31 9 8 10 17 9 18 59 58 60 41 58 75 65 48 58 78 66 59 53 52 57 70 52 21 39
77 75 62 31 31 33 39 27 14 20 31 5 16 30 37 24 21 71 51 36 41 72 42 38 66 92 66 17 38 49 29 32 11 16 75 54 20 21 12 33 49 42 13 11 18 18 16 20 22 46 50 79 79 83 58 57 60 39 57 32 46 30 31 29 24 25 11 20 41 19 48 58 43 31 16 18 17 18 49 73 82 48 65 62 42 77 62 45 57 71 58 75 52 44 33 62
31 49 71 65 12 12 35 36 46 24 24 8 25 54 38 13 21 81 33 52 46 44 31 67 47 55 32 46 56 44 32 27 16 51 85 64 41 21 14 43 25 11 23 9 14 10 13 18 21 37 29 71 69 82 63 62 74 46 63 53 45 47 26 28 31 15 40 18 36 51 65 64 43 24 27 16 16 25 20 66 62 59 34 56 73 40 48 51 63 53 60 49 34 42 43 81
17 24 36 45 55 14 26 17 14 39 35 15 25 50 41 24 35 78 46 47 26 19 73 73 65 53 27 60 60 43 21 12 57 88 85 82 74 39 40 51 39 8 22 15 18 28 21 16 26 9 6 31 76 86 59 67 58 62 80 67 52 44 24 15 49 23 58 38 33 53 73 65 26 20 28 22 26 29 25 31 67 77 73 52 28 62 72 72 61 72 30 49 47 65 46 76
13 22 35 23 43 45 37 32 15 29 48 13 26 56 39 48 39 50 58 69 64 20 42 51 81 70 65 69 67 71 43 79 89 78 74 86 80 45 28 53 33 11 24 16 18 25 27 19 25 17 20 37 77 80 57 49 54 83 77 77 51 20 39 47 63 43 73 65 53 35 73 55 59 51 43 28 26 36 27 26 40 75 62 77 72 44 69 32 69 38 34 59 46 78 50 63
11 7 4 4 13 31 15 7 11 22 27 15 38 62 43 16 35 30 53 66 74 65 33 37 41 46 74 86 60 61 80 85 86 72 78 77 63 78 54 59 40 58 42 50 24 33 44 46 32 32 22 40 67 89 69 51 78 69 81 72 52 36 39 48 73 51 70 65 60 39 63 50 41 16 37 19 10 29 28 21 12 59 73 66 51 83 60 57 59 57 57 69 73 78 77 45
8 4 0 1 12 13 3 5 9 17 10 23 57 50 18 9 18 27 53 57 70 87 56 31 27 37 78 77 84 43 84 71 69 69 88 83 62 77 50 62 55 86 37 65 46 36 31 24 26 25 22 18 46 82 68 77 67 79 89 66 42 45 56 72 66 55 67 62 52 18 22 31 52 48 54 32 15 26 33 40 48 15 62 68 63 76 84 86 92 75 85 87 75 44 79 33
12 10 3 2 11 7 4 8 12 9 15 23 38 44 16 6 42 43 34 40 49 62 77 74 55 38 60 71 83 76 76 86 83 55 58 46 49 75 31 47 88 76 55 42 31 44 27 39 46 51 52 25 33 63 61 69 66 81 82 67 59 72 72 73 72 44 61 66 53 25 22 45 61 53 38 64 25 16 27 38 44 29 24 60 66 85 79 53 53 66 66 83 76 46 58 68
14 5 5 2 5 3 2 15 9 9 7 14 57 32 11 5 38 22 34 47 48 62 71 69 71 46 52 27 46 75 64 70 75 65 65 62 48 38 53 86 52 72 38 22 35 62 43 45 54 58 47 44 28 33 31 55 67 72 81 61 49 63 59 83 78 51 62 77 34 13 14 37 34 46 79 62 32 28 13 44 32 48 48 19 56 78 77 74 73 67 49 47 63 42 27 47
7 7 3 2 1 1 1 9 9 3 15 31 54 50 11 5 20 6 23 60 60 62 29 42 67 53 54 43 68 90 84 78 56 69 52 35 41 33 65 45 42 41 21 54 77 57 50 52 41 33 32 31 27 25 11 17 52 66 81 50 68 63 81 88 87 53 78 63 51 28 17 29 52 69 87 40 32 63 24 33 34 44 56 40 18 62 67 52 33 47 44 42 32 46 45 42
16 11 6 3 2 1 1 2 6 8 11 38 25 18 25 9 27 6 3 14 22 54 35 31 32 20 40 57 80 89 69 76 79 75 68 41 24 36 76 23 53 55 69 76 78 56 71 31 25 33 62 59 66 63 58 27 11 8 39 50 52 64 79 87 87 61 90 66 65 53 27 31 51 86 71 32 58 52 32 22 44 52 54 46 35 12 31 53 45 45 27 42 63 70 57 55
8 6 3 2 2 1 1 0 3 9 15 20 20 8 8 4 25 9 4 24 20 26 19 27 36 30 27 57 31 58 64 62 65 58 18 31 44 49 52 29 67 67 82 69 62 46 79 68 71 54 58 54 54 38 45 17 8 8 10 36 64 84 76 85 78 54 80 73 40 33 37 56 49 71 42 53 74 59 57 59 47 56 43 42 47 33 10 19 22 30 48 58 66 68 64 53
4 3 3 3 2 1 1 1 1 2 8 15 16 12 6 3 25 7 2 12 9 12 14 21 15 34 35 45 30 11 26 31 24 18 41 47 66 79 53 52 30 68 92 62 39 77 70 58 75 56 58 47 32 39 38 45 25 12 13 59 79 75 82 87 84 82 77 83 68 30 47 37 41 21 32 72 65 32 57 27 40 41 40 38 47 35 42 19 7 32 51 70 76 70 65 39
6 2 6 8 4 4 3 3 2 2 5 10 9 6 6 3 10 4 2 5 9 8 7 8 11 22 24 27 28 21 9 7 12 30 39 71 81 55 62 68 48 83 87 60 73 66 64 42 84 61 71 57 67 72 71 56 37 14 17 30 71 64 83 84 79 73 77 84 74 46 32 46 51 47 51 56 65 83 41 44 29 26 46 40 29 44 59 53 20 20 27 23 36 44 45 37
19 16 10 16 14 9 10 8 5 1 2 4 3 4 3 4 3 2 2 4 4 5 3 4 9 11 15 17 19 28 7 8 11 29 77 83 62 43 71 76 64 74 79 66 58 67 62 56 83 67 56 71 59 66 68 54 38 18 12 16 20 61 77 80 72 63 80 74 50 19 30 58 31 52 74 66 74 50 28 58 31 34 43 43 69 52 33 39 47 46 40 17 10 9 16 19
29 14 23 22 26 16 22 12 6 5 1 1 1 2 3 2 3 2 1 1 4 4 2 2 2 3 17 13 13 6 9 4 17 67 64 67 27 59 85 68 52 53 63 28 36 82 55 76 82 76 55 70 80 54 29 33 35 36 29 17 21 37 58 66 68 64 48 55 28 25 44 46 40 59 69 77 61 47 53 61 50 28 45 73 70 67 49 44 49 51 60 54 32 12 6 13
29 31 38 22 33 28 18 14 11 10 9 4 2 1 1 1 2 2 1 1 2 1 1 1 1 2 11 20 9 6 11 2 25 55 40 23 34 74 85 73 39 46 43 33 77 67 48 53 87 84 46 53 55 70 55 34 10 18 22 28 26 34 27 36 23 43 52 47 21 39 54 53 47 46 68 62 54 64 35 18 52 48 54 67 72 56 54 47 36 43 55 47 42 19 15 5
44 30 41 44 37 24 22 25 14 13 8 8 5 3 1 1 1 1 1 1 1 1 1 1 1 2 2 12 3 3 11 3 14 34 15 22 32 52 52 57 45 48 29 68 73 29 55 87 85 78 79 35 21 29 24 28 12 16 27 37 25 39 26 17 16 30 23 22 19 46 45 62 36 60 66 60 74 40 48 35 60 31 30 38 48 67 67 48 38 30 50 42 45 37 30 12
32 22 46 50 20 26 12 13 26 19 10 10 7 6 4 1 1 0 0 0 0 0 1 1 0 1 1 1 1 12 5 2 3 4 8 30 37 49 82 60 53 40 52 54 50 43 51 88 83 74 92 69 44 56 53 31 14 10 5 13 41 27 21 12 14 28 18 15 24 36 53 60 53 28 36 37 47 44 41 48 14 56 40 51 55 64 59 62 68 49 47 49 51 57 32 21
18 34 69 44 39 21 40 21 31 27 13 12 9 3 2 2 2 1 1 1 1 1 0 0 0 0 0 1 2 12 1 3 4 2 12 33 42 13 35 32 44 36 38 52 38 44 65 86 81 81 85 85 44 30 25 19 18 20 15 3 5 13 13 12 13 19 13 16 15 33 45 61 54 58 19 33 50 45 24 28 55 31 29 54 61 59 63 69 60 72 60 68 65 59 42 31
24 40 64 40 35 33 19 22 34 24 19 17 10 8 3 5 2 4 3 3 2 3 1 1 2 1 0 0 1 5 1 3 4 3 9 14 13 17 14 7 31 44 27 22 29 68 82 82 74 65 78 78 59 43 47 53 46 30 23 7 2 10 8 6 11 9 8 11 22 33 32 42 39 37 48 44 36 56 83 81 68 74 50 51 50 50 56 65 75 64 77 72 64 61 57 52
25 56 26 29 38 28 25 16 29 28 11 8 15 7 5 4 4 5 4 4 5 4 4 3 2 2 1 0 1 2 1 2 3 4 7 8 10 16 16 6 14 47 33 13 39 48 83 75 36 30 41 67 81 72 55 50 41 26 13 5 2 11 6 3 5 6 8 18 25 34 33 38 44 59 71 74 65 83 81 77 68 54 39 25 30 53 72 65 64 69 76 76 74 76 66 57
57 24 31 27 19 31 32 21 11 13 16 17 15 13 6 8 6 6 6 10 10 6 9 5 7 3 2 0 0 2 1 1 2 3 8 9 15 14 14 4 8 17 28 8 28 32 63 35 19 23 48 56 80 74 66 47 42 27 13 10 3 4 3 2 8 7 11 27 26 32 36 35 65 71 85 70 78 71 74 57 26 21 26 44 20 51 61 59 76 84 76 61 44 38 30 27
20 25 42 63 54 38 14 8 10 26 23 19 9 16 13 12 11 17 13 14 14 13 8 10 8 4 2 1 0 0 0 1 0 3 5 19 28 15 15 6 5 5 9 2 9 17 13 20 25 39 42 65 84 74 67 65 56 40 35 16 4 3 3 2 6 10 15 11 12 23 46 48 56 60 63 68 71 60 43 33 40 31 49 47 77 56 39 64 83 72 58 59 58 53 47 41
42 54 47 16 15 22 25 11 18 29 28 23 20 21 18 24 14 20 19 26 9 20 17 12 8 4 1 1 0 0 0 0 0 1 4 8 9 13 18 9 11 7 8 2 6 12 21 53 69 69 85 68 85 81 75 58 57 34 23 13 4 4 3 1 1 3 6 14 24 25 38 63 39 46 46 62 64 26 15 30 29 40 62 55 76 54 76 61 66 58 59 61 55 61 62 53
46 29 38 35 34 19 27 14 34 35 32 31 47 27 36 30 27 41 33 19 20 23 28 8 10 5 3 1 1 0 0 0 0 1 2 4 10 22 23 6 3 5 6 4 6 15 45 31 59 57 60 53 90 83 76 48 30 20 13 4 3 1 1 0 0 2 8 24 34 26 34 57 48 34 30 41 27 32 54 52 36 63 62 58 69 77 61 55 57 56 47 56 60 67 59 73
27 24 15 13 12 10 6 21 40 36 37 52 39 45 42 43 49 22 17 39 28 32 28 11 6 4 4 3 2 1 0 0 0 0 2 2 1 6 12 7 4 4 5 6 12 16 9 22 36 79 45 61 81 64 69 56 35 18 6 4 3 2 0 1 0 1 7 13 38 26 29 12 24 36 29 44 47 49 45 43 45 67 60 55 64 62 39 66 36 45 57 66 67 47 75 76
15 22 32 36 31 17 15 25 40 58 54 53 39 48 67 65 40 24 26 50 35 19 18 13 7 5 5 4 2 2 1 1 0 0 2 2 1 1 1 1 1 2 3 4 10 8 12 25 64 24 19 47 85 66 50 28 21 15 14 9 2 1 0 0 0 1 4 7 14 22 20 16 35 28 37 46 60 72 71 70 69 83 59 41 41 50 64 81 76 51 54 58 49 59 64 58
26 47 32 54 25 24 27 42 43 60 57 26 28 52 51 39 31 31 42 65 29 21 18 15 8 7 4 4 2 1 1 1 1 1 0 1 2 1 1 1 1 2 2 2 3 8 16 9 49 17 31 62 82 52 28 25 17 8 5 6 3 2 0 1 0 0 2 2 8 11 21 28 43 41 68 70 82 53 38 29 77 75 76 52 21 53 74 89 82 74 79 50 69 53 47 79
43 45 67 57 30 47 47 49 68 62 47 34 38 60 42 59 23 36 68 36 23 20 22 19 18 11 6 4 2 2 1 1 1 1 0 0 1 0 0 0 1 1 1 2 3 6 10 9 6 13 38 71 77 45 32 23 10 8 7 4 3 1 1 1 0 0 2 6 13 18 26 35 50 62 71 64 33 35 29 71 74 78 81 82 41 59 82 83 72 65 61 65 48 55 36 55
60 61 40 32 37 49 48 68 39 52 23 48 50 78 63 45 25 61 21 17 37 20 15 10 12 9 8 6 6 3 3 3 2 2 1 1 0 1 1 0 0 1 1 2 4 10 4 10 3 5 21 53 87 77 36 22 13 4 6 3 3 1 1 0 0 1 4 11 24 30 31 40 51 47 42 48 44 60 73 78 73 76 66 81 71 63 63 36 22 19 49 78 68 49 32 36
68 55 39 27 40 55 64 17 60 27 33 52 68 72 49 29 58 50 32 14 14 22 7 7 12 11 18 8 11 9 6 5 2 2 1 1 1 0 0 0 1 1 1 2 2 6 1 5 1 7 16 8 55 62 30 15 6 4 3 1 3 3 1 1 0 3 6 9 13 18 23 28 35 40 63 69 66 67 72 62 69 59 45 73 64 44 36 47 62 67 81 37 55 51 30 28
39 54 37 33 49 70 72 26 62 52 66 51 80 49 38 46 61 27 30 24 55 30 15 11 16 29 19 24 18 20 8 3 1 3 2 1 2 1 0 0 0 1 1 1 2 1 3 6 1 6 6 35 49 24 22 17 14 7 3 1 3 2 2 1 0 0 2 7 11 13 16 21 35 33 33 34 36 39 82 45 66 72 53 49 40 29 62 67 66 80 75 57 44 59 59 57
86 41 55 57 67 50 49 59 58 53 59 57 52 46 42 73 34 43 36 64 55 30 37 25 15 36 41 37 49 26 17 4 2 2 1 1 1 2 1 0 0 1 1 1 1 1 10 3 1 5 28 41 53 15 14 19 10 6 5 2 2 1 1 0 0 0 1 2 6 8 3 11 10 12 29 45 45 47 72 63 53 67 85 42 32 48 50 59 77 69 62 74 56 58 46 57
79 93 88 90 85 56 19 11 58 36 66 76 85 76 63 68 65 75 56 69 53 51 48 41 36 48 63 68 31 31 16 7 8 4 3 3 1 1 2 1 0 0 1 1 0 1 1 1 0 5 13 48 45 9 14 13 13 6 3 3 2 1 1 0 0 0 3 5 7 14 19 28 46 43 28 30 46 78 72 74 76 56 59 71 39 44 63 63 53 38 74 85 53 45 58 66
65 88 73 81 77 61 75 33 57 45 21 39 81 86 89 63 46 54 66 66 62 56 66 49 62 61 73 54 49 41 29 18 10 9 9 3 2 2 2 1 1 0 0 0 1 1 1 0 1 3 11 6 20 6 19 8 12 9 4 2 2 2 1 0 0 1 3 8 12 22 41 36 23 39 63 44 60 76 76 88 77 63 58 50 13 24 29 47 69 82 87 62 83 55 53 61
46 85 65 77 76 67 87 66 41 73 52 44 69 78 73 64 73 53 78 87 88 72 59 44 79 66 68 55 40 29 30 20 18 16 12 7 4 2 1 1 1 0 0 0 1 1 1 0 1 1 2 4 25 12 26 20 8 9 4 4 1 1 0 0 1 2 4 5 11 22 43 54 62 54 71 76 80 76 69 84 82 52 35 30 15 23 47 66 60 90 60 71 80 82 58 57
50 81 70 62 80 55 62 26 46 75 58 33 13 57 67 65 73 58 54 81 85 49 73 38 69 57 70 53 44 17 25 39 37 31 24 7 3 2 2 2 1 0 0 0 1 1 1 0 0 0 2 8 26 5 7 3 9 11 10 3 1 0 0 0 1 2 5 5 12 19 32 50 45 31 32 47 82 58 80 80 88 84 26 17 14 32 61 39 71 84 71 79 66 59 45 64
14 40 27 50 72 59 57 16 48 80 45 25 17 32 67 63 67 64 30 38 64 46 41 59 30 27 74 45 24 14 6 10 19 12 12 11 5 5 5 2 1 0 0 0 0 1 1 1 0 1 2 10 8 16 7 3 3 2 1 1 1 0 0 0 0 1 3 3 7 12 19 16 24 41 45 61 87 89 73 64 79 83 63 17 8 23 24 48 79 66 60 29 22 30 43 60
14 43 68 51 60 42 69 46 58 81 65 36 32 29 64 80 49 10 12 24 33 20 27 66 34 16 57 45 53 16 1 11 27 20 8 15 12 8 3 1 0 0 0 0 0 1 1 0 0 2 3 7 3 4 4 4 1 1 2 1 1 0 0 0 1 1 1 2 3 8 16 21 42 43 55 80 88 87 83 49 55 67 59 27 7 15 36 61 57 29 29 59 62 58 62 74
23 14 14 19 27 41 72 28 62 63 83 51 31 24 25 21 14 11 12 28 23 21 15 55 20 39 47 35 50 64 23 13 14 10 12 14 10 6 3 2 1 0 0 0 0 0 1 1 0 1 3 8 1 2 3 6 2 1 1 1 0 0 0 0 1 2 10 7 12 26 40 64 71 55 70 93 89 88 81 61 17 32 50 43 10 17 35 58 43 45 86 63 47 52 41 75
26 33 14 13 25 43 64 54 35 52 74 51 20 8 26 27 11 29 10 12 19 17 15 55 16 13 41 30 36 50 29 21 24 8 4 4 2 2 2 1 2 1 0 0 0 0 0 0 0 1 3 4 0 2 1 1 3 3 1 0 0 0 0 0 0 2 4 13 33 47 78 52 31 49 80 93 87 78 77 77 62 17 46 44 9 18 38 35 27 70 67 50 62 79 22 11
27 36 25 16 21 14 57 64 54 22 75 43 13 4 19 19 27 30 20 12 14 20 4 19 44 4 12 15 38 63 23 5 10 6 10 9 6 5 2 2 1 1 1 0 0 0 0 0 0 1 4 4 1 1 1 1 1 1 1 0 0 0 0 0 0 2 4 16 36 33 16 21 47 56 76 79 83 74 66 51 65 25 17 20 15 31 24 19 58 84 45 58 66 74 67 22
40 26 25 10 10 11 41 69 33 26 57 54 31 4 16 17 35 28 22 15 14 26 10 12 65 11 16 16 33 36 38 25 21 22 15 10 8 5 4 1 0 0 0 0 0 0 0 0 0 2 5 4 1 1 1 0 0 1 1 0 0 0 0 0 1 4 18 24 18 11 26 37 54 87 77 66 81 52 32 26 54 33 17 4 4 22 23 42 81 55 44 55 78 63 65 31
69 16 26 12 9 13 25 33 9 8 65 41 5 3 15 16 35 26 34 24 26 20 18 13 24 13 6 15 22 21 29 36 18 10 9 3 5 5 4 3 1 1 0 0 0 0 0 0 0 1 3 3 1 1 0 0 0 0 0 0 0 0 0 0 1 6 9 7 5 9 34 47 78 85 83 65 41 60 20 22 50 19 5 2 10 32 43 58 68 24 55 83 73 68 78 40
17 26 11 10 8 6 9 14 11 14 46 19 8 3 10 12 28 9 23 15 14 18 16 10 16 23 11 5 2 12 13 28 11 7 8 5 2 2 2 2 1 0 0 0 0 0 0 0 1 2 3 1 1 1 0 0 0 0 0 0 0 0 0 0 1 4 2 1 5 24 38 48 82 86 70 56 36 44 47 12 18 13 4 3 12 17 39 63 39 37 75 66 64 65 60 52
15 10 20 18 7 7 3 4 3 4 13 6 16 7 4 9 24 9 6 18 6 4 2 16 18 28 4 3 1 3 18 29 26 10 6 2 2 1 1 0 1 0 0 0 0 0 0 0 0 1 1 1 0 0 0 0 0 0 0 0 0 0 0 0 2 1 0 2 12 25 44 74 73 75 65 58 36 25 42 16 7 10 3 3 12 17 43 51 39 29 33 50 45 40 56 62
27 15 9 22 23 12 9 3 2 7 5 4 13 15 4 7 13 15 5 5 4 4 4 36 16 16 9 1 1 1 4 6 21 18 8 4 2 1 1 0 2 1 0 0 0 0 0 0 1 1 1 1 1 0 0 0 0 0 0 0 0 0 0 1 1 0 1 4 15 47 57 78 77 59 37 16 12 12 15 16 11 3 2 3 8 12 29 31 20 12 28 26 18 34 53 66
29 17 8 11 13 22 8 3 1 5 6 3 2 6 3 4 7 10 3 2 2 1 2 5 1 3 11 1 1 1 1 3 16 20 7 3 3 8 6 3 1 0 0 0 0 0 0 0 0 0 0 1 1 0 0 0 1 0 0 0 0 0 0 0 0 0 1 3 14 69 68 65 79 68 35 15 5 1 4 9 6 2 1 1 5 11 21 11 6 23 34 41 70 58 72 64
59 27 14 4 8 14 21 2 3 7 7 3 1 3 2 1 4 10 3 2 1 1 0 2 0 1 6 4 1 2 0 1 5 29 15 6 2 1 1 1 1 0 0 0 0 0 0 0 0 0 0 0 0 1 0 0 0 0 0 0 0 0 0 0 0 2 3 15 37 41 76 81 62 72 59 28 13 4 1 1 4 2 1 0 1 4 5 2 7 20 30 68 71 61 57 62
40 72 22 10 3 4 4 3 4 5 4 2 5 1 2 1 1 8 3 2 1 1 0 1 1 0 2 3 1 1 1 0 2 8 24 11 4 3 4 2 1 0 0 0 0 0 0 0 0 0 0 1 0 0 0 0 0 0 0 0 0 0 0 0 1 4 8 6 12 37 66 61 48 45 66 30 12 4 1 1 1 1 0 0 1 1 1 3 13 24 57 63 39 53 64 63
8 52 60 31 10 4 1 6 2 2 2 2 5 2 1 1 1 7 4 2 1 0 0 1 2 0 1 2 1 2 1 0 2 2 3 15 4 1 2 2 1 0 0 0 0 0 0 0 0 0 0 0 0 0 0 0 0 0 0 0 0 0 0 0 1 1 1 5 38 51 52 50 37 36 34 25 12 4 4 1 0 0 0 0 2 5 5 4 10 30 32 22 27 50 68 61
4 25 31 45 15 7 3 5 5 1 3 2 2 2 3 2 1 2 6 1 1 0 0 0 1 0 1 1 0 2 2 0 2 2 2 1 13 5 4 2 1 0 0 0 0 0 0 0 0 0 0 0 0 0 0 0 0 0 0 0 0 0 0 0 1 1 3 6 32 55 53 68 49 13 11 16 9 7 5 2 0 0 0 0 2 4 14 24 10 8 8 21 39 53 77 55
9 14 10 25 9 4 4 3 4 3 2 2 2 3 2 2 1 1 2 2 1 0 0 1 1 1 1 1 0 1 2 1 0 1 1 4 5 1 6 2 1 0 0 0 0 0 0 0 0 0 0 0 0 0 0 0 0 0 0 0 0 0 0 0 0 1 2 12 31 45 76 64 60 30 8 4 7 4 3 2 0 0 0 1 2 6 17 36 37 27 32 22 42 53 80 68
5 11 3 11 10 9 5 3 3 2 1 1 1 1 1 2 1 1 1 2 1 0 0 0 0 1 1 1 0 0 0 0 0 1 2 4 4 1 9 1 1 1 0 0 0 0 0 0 0 0 0 0 0 0 0 0 0 0 0 0 0 0 0 0 0 1 3 7 27 22 62 57 43 33 32 8 6 4 1 0 0 0 0 1 4 11 22 33 53 44 47 45 42 68 91 79
7 4 5 3 5 2 3 2 8 6 2 1 1 1 1 1 1 1 1 1 1 1 0 0 0 1 0 1 1 0 0 0 0 1 6 9 3 2 1 1 1 1 0 0 0 0 0 0 0 0 0 0 0 0 0 0 0 0 0 0 0 0 0 0 0 1 3 14 35 45 52 58 43 27 15 13 5 3 1 0 0 0 1 0 1 7 15 25 38 27 49 55 74 91 91 79
2 5 2 2 1 1 1 1 1 1 1 1 0 0 0 0 0 0 0 1 1 0 0 0 0 1 0 0 0 0 0 0 1 2 3 5 7 18 14 7 1 1 0 0 0 0 0 0 0 0 0 0 0 0 0 0 0 0 0 0 0 0 0 0 0 2 10 27 36 54 54 53 51 30 7 5 4 1 1 0 0 1 2 2 2 1 3 7 13 31 38 68 67 90 90 72
1 2 1 1 0 0 0 0 0 0 0 0 1 0 0 0 0 0 0 0 0 0 0 0 0 0 0 0 0 0 0 0 0 0 1 1 1 1 1 0 1 0 0 0 0 0 0 0 0 0 0 0 0 0 0 0 0 0 0 0 0 0 0 0 1 1 4 8 28 48 27 59 30 19 5 2 2 1 0 0 0 1 2 5 14 8 10 12 24 51 59 65 79 82 72 58
0 0 0 0 0 0 0 0 0 0 0 0 0 0 0 0 0 0 0 0 0 0 0 0 0 0 1 0 0 0 0 0 0 0 0 0 0 0 0 0 0 0 0 0 0 0 0 0 0 0 0 0 0 0 0 0 0 0 0 0 0 0 0 0 1 2 2 7 17 13 23 32 24 10 3 1 1 0 0 0 0 0 1 3 6 16 33 31 52 75 71 55 71 57 57 43
1 0 0 0 0 0 0 1 0 0 1 1 1 2 0 0 0 0 0 0 0 0 0 0 0 0 0 0 0 0 0 0 0 0 0 0 0 0 0 0 1 0 0 0 0 0 0 0 0 0 0 0 0 0 0 0 0 0 0 0 0 0 0 0 0 1 3 12 11 13 22 12 10 3 1 1 0 0 0 0 0 1 2 4 7 21 66 67 25 34 75 85 58 23 22 35
3 1 0 1 1 1 1 2 1 1 3 4 6 4 2 1 1 0 0 0 0 0 0 0 0 0 0 0 0 0 0 0 0 0 0 0 0 0 0 0 0 0 0 0 0 0 0 0 0 0 0 0 0 0 0 0 0 0 0 0 0 0 0 0 0 2 3 3 5 9 8 6 6 2 1 0 0 0 0 0 1 2 4 8 26 39 30 9 18 57 88 83 81 22 10 13
7 2 1 3 3 4 4 5 5 7 7 6 6 10 4 2 1 1 1 0 0 0 0 0 0 0 0 0 0 0 0 0 0 0 0 0 0 0 0 0 0 0 0 0 0 0 0 0 0 0 0 0 0 0 0 0 0 0 0 0 0 0 0 0 1 2 5 3 1 1 3 3 1 1 0 0 0 0 0 1 2 3 9 25 25 9 3 10 29 77 86 70 47 39 4 2
9 6 3 9 9 18 10 11 21 13 19 12 20 11 7 4 7 3 1 1 1 0 0 0 0 0 0 0 0 0 0 0 0 0 0 0 0 0 0 0 0 0 0 0 0 0 0 0 0 0 0 0 0 0 0 0 0 0 0 0 0 0 0 0 1 2 5 4 1 3 1 1 1 0 0 0 0 0 0 1 2 9 7 6 2 1 6 18 41 65 68 59 24 40 9 2
20 13 8 21 36 61 44 34 49 40 34 23 48 33 24 16 5 1 1 3 1 0 0 0 0 0 0 0 0 0 0 0 0 0 0 0 0 0 0 0 0 0 0 0 0 0 0 0 0 0 0 0 0 0 0 0 0 0 0 0 0 0 0 0 1 2 6 4 1 1 1 1 0 0 0 0 0 0 0 1 3 3 2 0 1 6 14 42 60 46 50 26 14 15 21 1
57 61 45 35 39 36 22 13 38 21 20 18 21 31 33 9 7 7 5 5 3 0 0 0 1 0 0 0 0 0 0 0 0 0 0 0 0 0 0 0 0 0 0 0 0 0 0 0 0 0 0 0 0 0 0 0 0 0 0 0 0 0 0 0 0 2 7 6 1 2 0 0 0 0 0 0 0 0 0 1 1 0 0 1 4 8 17 63 64 84 35 7 4 5 8 2
50 35 60 38 31 41 32 23 16 13 19 29 17 11 20 41 26 8 2 1 1 0 0 0 0 0 0 0 0 0 0 0 0 0 0 0 0 0 0 0 0 0 0 0 0 0 0 0 0 0 0 0 0 0 0 0 0 0 0 0 0 0 0 0 0 1 3 8 3 1 0 0 0 0 0 0 0 0 0 0 0 0 1 3 5 9 36 36 52 62 53 9 2 1 4 3
47 16 46 43 16 6 16 18 25 21 9 7 38 11 12 26 12 7 3 2 2 1 1 0 0 1 0 0 0 0 0 0 0 0 0 0 0 0 0 0 0 0 0 0 0 0 0 0 0 0 0 0 0 0 0 0 0 0 0 0 0 0 0 0 0 0 1 4 3 1 0 0 0 0 0 0 0 0 0 0 0 1 2 4 12 26 37 31 23 20 46 12 3 1 0 1
