sesion_6_simulaciones/modelos_agentes/ejemplos_netlogo/scenarios/echam4_b2/rob_2068.asc
NCOLS 322 
NROWS 307 
XLLCORNER 451900 
YLLCORNER 4086900 
CELLSIZE 100 
NODATA_value -9999 
[rows 222 to 295 of 307, columns 0 to 95 of 322]
5 11 16 31 26 20 33 27 5 16 17 18 39 14 13 7 7 3 3 5 12 22 26 31 20 17 15 29 47 20 14 37 48 21 43 32 19 20 27 58 26 25 41 49 42 68 47 56 61 83 81 55 42 43 41 24 34 51 34 42 49 34 25 48 32 38 21 25 16 13 10 7 2 2 1 1 0 0 0 0 0 0 0 0 0 0 1 3 4 2 1 1 3 5 14 7
10 17 13 9 12 21 23 34 21 10 10 21 26 13 6 6 7 14 17 17 21 30 18 54 33 30 24 24 26 32 18 31 24 26 52 11 13 21 26 54 45 36 30 51 20 14 27 19 20 64 73 56 58 40 33 35 21 24 40 45 37 52 26 28 42 23 20 20 22 10 4 3 2 1 1 0 0 0 0 0 0 0 0 0 0 1 1 2 6 6 2 4 7 9 2 2
11 33 43 61 38 39 32 38 25 27 35 50 22 16 12 19 16 28 13 14 52 12 26 27 25 19 16 47 27 26 22 26 19 34 25 16 24 29 22 44 40 34 33 71 67 58 50 49 44 23 33 49 35 31 24 23 23 32 32 35 35 38 23 51 49 29 18 13 11 5 3 3 1 1 1 0 0 0 0 0 0 0 0 1 1 2 1 4 13 13 5 7 12 8 2 1
21 34 36 56 57 62 29 20 13 44 42 31 18 12 14 19 5 3 2 31 16 22 48 31 20 28 23 27 19 12 19 18 25 7 11 31 19 35 18 45 31 41 52 42 44 64 52 68 69 45 26 31 22 31 16 18 22 36 27 24 32 20 15 12 17 14 8 8 4 3 2 1 1 1 0 0 0 0 0 0 0 0 1 1 1 4 6 7 25 25 19 20 7 4 2 2
5 13 17 14 26 73 48 8 30 32 45 18 30 25 5 3 2 1 9 42 11 32 39 34 19 26 15 7 17 11 18 41 25 11 18 21 33 38 18 30 48 64 67 34 49 57 59 34 68 81 35 28 13 18 18 28 22 20 21 15 11 8 11 6 5 8 11 5 2 1 1 1 1 0 0 0 0 0 0 0 0 0 1 1 1 4 13 22 31 39 22 10 6 3 2 1
14 11 20 22 28 27 15 13 14 22 37 40 46 11 2 2 12 18 38 53 19 23 34 43 29 18 22 9 12 19 6 20 47 12 10 10 18 22 62 73 36 35 27 65 41 45 68 49 43 21 35 42 36 31 30 31 33 19 17 14 11 5 6 4 4 5 4 1 1 1 1 0 0 0 0 0 0 0 0 0 0 0 1 2 2 4 18 45 34 4 3 2 2 2 1 1
13 14 17 34 25 21 26 25 16 36 30 25 22 9 14 32 38 42 42 53 19 25 27 29 7 6 19 5 13 19 6 5 16 18 8 21 15 10 47 70 58 31 53 38 83 57 34 39 40 37 26 50 46 43 45 39 19 21 9 5 4 1 0 1 2 2 2 1 1 1 0 0 0 0 0 0 0 0 0 0 1 1 1 3 5 9 12 47 20 7 5 3 2 2 1 2
4 10 28 19 21 19 35 30 25 26 27 39 25 29 26 45 35 19 43 36 22 17 11 11 4 18 6 2 14 13 5 5 8 11 29 41 30 19 13 31 42 23 20 16 42 80 58 38 35 35 31 31 31 44 52 47 23 16 4 3 1 1 1 5 4 2 1 1 1 0 0 0 0 0 0 0 0 1 1 1 2 2 5 4 13 21 23 29 12 7 7 11 4 2 1 1
13 17 16 22 30 24 42 25 30 23 14 26 19 37 23 41 35 26 20 32 6 9 9 7 7 3 5 8 6 11 4 7 6 7 12 29 24 45 25 9 26 50 38 43 58 31 39 28 21 26 21 21 33 35 30 30 32 18 15 5 5 3 2 2 3 2 0 0 0 0 0 0 0 0 0 0 1 1 1 2 5 3 8 7 7 34 59 30 16 19 23 13 4 2 1 1
5 14 18 31 20 19 25 53 12 29 15 15 21 28 18 34 27 15 11 15 7 6 5 7 4 4 4 4 3 3 2 4 21 11 11 9 41 19 29 24 10 20 65 74 80 52 25 15 32 36 35 16 24 32 24 25 18 5 8 11 5 3 1 2 1 1 1 0 0 0 0 0 0 0 0 1 1 3 4 6 10 11 14 8 5 17 49 21 13 33 23 8 4 2 1 1
4 5 18 20 16 17 13 27 13 17 13 13 15 25 18 14 26 5 6 7 2 4 1 3 2 4 2 1 3 1 4 6 7 28 18 19 13 17 25 11 20 17 18 36 39 29 27 18 32 24 36 21 20 18 17 30 13 8 2 2 2 1 0 1 0 1 1 1 0 0 0 0 0 0 1 1 1 4 8 15 23 35 20 12 8 10 25 29 31 22 9 4 2 1 2 2
1 3 11 11 8 24 18 14 15 14 17 16 8 21 11 8 9 3 4 4 5 1 1 1 2 2 1 1 3 2 3 2 3 4 3 10 6 9 12 9 17 30 56 37 34 18 21 9 13 14 22 17 17 20 22 12 9 3 1 0 2 4 1 2 2 1 1 1 1 0 0 0 0 1 1 1 2 10 11 24 47 42 31 31 14 17 53 57 39 17 11 5 4 4 3 1
1 1 2 5 5 13 26 26 36 8 10 15 2 8 4 5 10 3 2 2 2 2 1 1 2 1 0 3 5 8 11 2 6 5 14 18 21 25 21 29 41 46 51 61 57 57 58 29 30 45 33 18 16 12 10 9 4 2 1 2 2 5 5 2 1 1 0 0 0 0 0 1 1 1 2 1 3 10 17 31 33 55 43 47 34 64 44 44 25 28 20 17 9 5 3 2
0 1 2 3 4 8 7 12 7 12 11 6 2 2 1 1 5 1 1 1 0 1 1 2 1 1 1 3 5 3 28 39 28 24 48 28 34 23 32 29 44 54 49 71 43 29 30 8 18 35 46 32 16 9 8 7 7 5 12 5 3 3 2 2 1 0 0 0 0 0 1 1 3 2 4 2 3 7 22 35 61 50 57 51 67 49 50 46 19 19 41 26 16 5 3 4
0 1 1 1 1 4 6 7 6 6 4 4 1 2 1 1 2 1 0 0 0 0 0 0 1 1 4 7 6 3 7 23 64 39 58 83 81 63 64 52 25 66 71 62 76 63 64 39 33 39 32 26 27 11 10 21 17 10 5 3 3 6 4 1 0 0 0 0 0 0 0 1 4 6 6 3 5 4 13 15 58 72 68 35 30 77 45 49 44 46 25 26 18 11 6 6
0 0 0 1 1 3 2 7 7 7 2 1 1 0 1 1 0 12 0 1 9 5 2 1 1 0 1 2 2 4 7 7 13 63 46 79 83 79 78 69 61 37 76 78 80 58 71 47 33 34 20 16 8 10 4 3 6 6 5 3 2 1 0 0 0 0 0 0 0 0 1 1 3 8 10 5 6 10 13 15 44 70 61 26 62 62 49 68 67 41 40 30 24 13 19 11
0 0 0 1 3 1 2 4 4 4 1 1 0 0 0 0 0 0 2 2 3 11 8 2 1 1 1 2 2 4 5 11 12 19 13 48 86 57 79 47 57 54 54 71 67 61 42 24 53 44 31 25 28 22 12 6 5 4 3 2 2 0 0 0 0 0 0 0 0 0 1 2 5 12 27 14 10 14 26 33 56 72 46 41 59 26 14 27 36 17 16 27 16 18 10 4
0 0 0 0 0 1 1 2 2 1 1 1 0 0 0 0 0 0 0 2 2 1 15 8 1 0 2 6 4 6 10 7 14 26 14 21 55 68 68 65 64 55 61 52 57 68 63 36 17 39 35 31 24 26 20 7 5 2 2 1 1 0 0 1 0 0 0 0 0 1 2 2 6 9 21 33 16 14 19 53 60 82 38 42 69 32 31 26 18 11 10 16 14 10 2 1
0 0 0 0 0 0 0 0 1 1 1 0 0 0 0 0 0 0 1 3 1 1 1 5 7 1 3 6 8 11 18 15 20 33 30 26 24 60 46 55 28 37 26 40 40 40 13 43 26 23 28 18 15 20 16 14 9 6 4 5 2 1 1 0 0 0 0 0 1 2 3 5 6 10 11 35 52 27 45 44 75 68 60 77 34 38 40 35 38 38 19 20 15 7 3 1
0 0 0 0 0 0 0 0 0 0 0 0 0 0 0 0 0 1 2 1 1 0 1 9 4 3 4 2 1 4 10 14 20 27 31 40 22 22 25 19 33 22 11 13 21 31 26 33 17 15 21 17 14 10 9 8 6 4 3 2 1 0 0 0 0 0 0 1 3 2 4 6 11 9 15 17 70 26 29 63 74 55 62 70 62 55 41 67 59 18 18 13 7 2 1 1
0 0 0 0 0 0 0 0 0 0 0 0 0 0 0 0 0 1 2 3 1 1 1 2 2 3 2 8 2 10 24 15 17 28 28 43 41 24 18 10 10 18 23 23 33 33 23 13 15 20 15 12 9 11 7 7 5 2 1 1 1 0 0 0 0 0 1 2 2 4 9 4 3 13 44 38 66 45 47 65 73 68 53 62 46 32 32 56 43 33 13 7 5 2 1 0
0 0 0 0 0 0 0 0 0 0 0 0 1 2 4 3 1 0 0 1 1 1 1 5 12 8 8 6 8 8 16 23 25 33 31 45 44 62 45 20 21 14 15 14 17 15 17 10 7 13 10 13 12 9 5 4 2 1 1 1 1 0 0 0 0 1 3 2 3 6 9 9 5 16 38 27 57 73 51 64 67 70 70 67 47 57 41 42 41 30 17 12 4 3 1 1
0 0 0 0 0 0 0 0 0 0 0 0 0 0 1 5 1 0 0 0 1 2 2 2 2 4 12 24 31 23 23 26 34 46 47 42 48 56 65 61 31 22 23 28 29 18 10 12 18 12 18 18 7 4 7 4 5 3 1 1 0 0 0 0 0 2 3 6 10 15 13 13 8 18 57 34 16 60 85 62 70 72 66 58 46 35 11 29 39 25 12 5 4 3 4 3
0 0 0 0 0 0 0 0 0 0 1 1 0 0 0 0 0 0 1 1 1 4 2 3 6 6 2 9 11 39 47 46 54 63 52 39 56 68 72 61 37 35 30 40 38 41 21 37 20 10 4 4 6 7 2 2 2 1 0 1 1 0 0 1 1 3 4 10 19 22 20 25 20 26 51 64 23 51 68 61 60 41 31 20 26 39 19 21 21 14 11 6 6 5 4 3
0 0 0 0 0 0 0 0 0 0 0 0 0 1 1 0 0 1 0 1 3 1 2 5 3 8 5 2 2 28 22 62 79 58 56 60 48 53 67 67 61 64 50 33 45 55 28 29 22 11 10 9 4 6 3 2 2 2 2 1 1 0 1 1 2 3 5 15 19 35 30 44 21 23 48 67 55 36 69 43 31 20 33 25 24 11 10 15 26 24 11 9 9 7 5 2
0 0 0 0 0 0 0 0 0 0 0 0 0 0 0 0 1 2 1 2 1 2 3 3 3 7 13 6 5 4 7 7 47 51 44 42 33 55 49 36 34 25 22 20 31 48 26 21 17 16 11 7 3 2 1 3 4 2 1 1 0 0 0 1 2 5 10 15 15 28 57 39 46 22 26 60 52 75 47 31 37 26 26 26 34 15 22 22 19 8 9 16 17 8 5 1
0 0 0 0 0 0 0 0 0 0 0 1 0 0 0 1 1 2 1 1 0 1 1 2 2 3 7 7 19 20 11 22 26 19 10 21 31 40 26 34 19 20 11 17 19 21 19 26 12 9 8 6 7 5 1 2 2 3 2 1 0 0 0 1 2 4 5 5 9 11 27 59 71 27 17 44 32 67 31 44 26 27 18 29 32 30 24 12 19 16 18 24 10 6 3 1
0 0 0 0 0 0 0 0 0 0 0 0 0 0 1 1 2 1 4 1 1 1 1 2 4 5 17 17 9 9 7 10 25 33 24 20 39 47 41 36 39 33 50 41 24 22 23 24 20 11 5 6 4 3 4 3 3 1 1 0 0 0 0 1 3 5 8 19 14 9 18 27 48 58 35 30 64 51 43 35 18 34 35 25 14 29 33 26 32 38 18 15 6 3 2 3
0 0 0 0 0 0 0 0 0 0 0 0 0 0 1 1 3 1 1 1 1 1 1 2 26 37 23 11 25 38 36 21 37 36 33 32 43 58 48 45 55 43 33 33 30 26 39 42 24 14 15 10 13 12 6 2 2 2 1 0 0 1 0 1 4 7 15 27 29 16 12 15 35 56 63 36 72 51 51 52 46 30 38 47 40 36 48 37 29 35 32 12 10 6 2 2
0 0 0 0 0 0 0 0 0 0 0 0 0 0 1 2 5 2 1 3 2 2 3 7 23 47 44 21 11 20 26 24 17 20 29 25 27 38 36 61 69 43 48 47 57 50 42 43 28 20 22 23 15 7 7 4 4 2 1 0 0 1 1 3 6 12 28 29 20 21 19 29 34 29 21 71 72 51 42 41 31 38 57 50 52 60 54 61 43 34 17 9 7 6 4 2
0 0 0 0 0 0 0 0 0 1 4 1 0 1 2 0 1 1 1 1 1 3 5 27 32 12 31 28 24 40 41 33 18 12 16 17 31 40 52 51 41 42 72 65 69 59 40 24 19 15 6 11 14 6 4 3 2 1 1 0 0 1 1 4 10 17 28 32 31 41 38 34 59 61 48 50 68 59 33 40 43 56 55 37 50 51 49 34 44 20 11 8 12 7 4 3
0 0 0 0 0 0 0 1 3 2 7 5 0 1 3 1 1 0 0 1 1 1 2 18 5 8 22 42 44 62 81 38 51 35 21 13 24 66 53 55 65 20 25 12 18 35 20 30 16 17 13 14 12 9 3 2 2 2 1 0 0 1 2 4 13 34 31 32 23 59 75 32 63 77 76 61 47 47 44 28 40 38 46 63 53 47 33 28 32 25 21 21 14 11 4 1
0 0 0 0 0 0 0 0 0 0 0 0 1 1 2 1 3 1 1 1 1 1 5 11 3 2 3 28 29 24 42 77 48 59 54 50 49 50 43 45 56 57 45 52 50 32 35 44 28 25 21 10 7 6 4 3 3 3 2 1 1 2 7 11 17 28 35 33 27 25 54 76 44 66 73 72 58 36 54 44 59 62 46 37 48 47 34 24 27 42 33 25 10 5 5 1
0 0 0 0 0 0 0 0 0 0 0 1 1 1 1 1 3 1 0 2 3 2 4 19 5 1 6 4 15 24 11 21 56 46 63 62 41 14 15 16 34 40 38 46 59 61 42 24 35 27 16 21 15 7 5 7 3 2 2 1 1 4 11 21 37 45 32 28 56 51 35 30 69 74 58 72 53 50 73 70 29 28 32 41 40 31 44 32 36 19 17 8 4 4 2 1
0 0 0 0 0 0 0 0 0 0 0 1 0 1 1 1 1 0 0 1 1 6 7 20 14 4 6 10 17 15 15 6 6 13 16 17 17 16 17 12 10 18 17 23 47 46 30 46 41 34 29 22 17 13 10 8 6 3 2 0 3 5 11 29 44 46 34 48 48 71 52 48 31 30 49 54 71 63 41 47 42 56 52 60 51 42 53 48 24 13 10 9 4 1 2 2
0 0 0 0 0 0 0 0 0 0 0 0 0 1 1 2 2 0 0 0 1 7 12 16 6 1 6 17 12 24 26 9 32 41 45 42 38 33 35 18 15 17 50 59 60 40 46 40 42 39 33 23 20 16 11 10 6 3 1 0 1 5 23 36 37 57 42 53 52 44 82 61 47 34 19 65 47 66 55 54 59 73 71 64 54 63 48 38 18 13 11 7 3 2 3 4
0 0 0 0 0 0 0 0 0 0 0 1 5 5 3 8 4 1 0 0 4 6 11 11 7 16 3 16 16 28 17 33 35 24 30 34 28 30 16 26 54 63 39 41 33 46 39 36 46 37 41 32 22 15 13 10 5 3 2 1 1 3 12 37 68 60 42 58 51 44 39 54 64 20 14 29 71 78 75 66 64 64 66 71 65 45 47 31 43 19 10 6 2 5 2 12
0 0 0 0 0 0 0 0 0 0 1 1 3 5 6 1 0 0 0 1 3 4 9 19 19 8 11 13 10 12 17 59 25 24 32 36 38 25 36 40 65 57 56 54 56 56 55 47 55 46 42 29 25 18 16 7 4 3 3 1 2 3 11 28 60 53 65 70 57 72 66 65 61 28 30 46 65 60 66 57 58 57 56 61 51 44 43 46 46 35 12 9 6 8 7 18
0 0 0 0 0 0 0 0 0 1 1 1 1 22 3 1 1 1 1 2 2 4 7 4 4 4 23 6 14 11 32 24 35 44 35 37 37 42 52 47 38 55 60 67 64 66 58 65 57 34 26 25 21 22 20 10 6 4 3 1 2 4 12 25 46 46 42 60 77 62 75 63 63 31 53 58 63 65 48 47 53 55 44 38 39 40 38 35 28 29 22 17 6 13 19 18
0 0 0 0 0 0 0 0 0 0 1 1 0 2 1 0 1 1 2 1 2 7 9 4 3 10 6 10 17 36 46 38 37 40 31 36 49 51 56 52 56 70 72 57 52 67 68 65 47 42 33 29 22 16 13 16 12 5 2 1 3 7 14 28 37 49 41 46 69 82 74 66 55 81 67 44 33 40 50 53 48 53 53 49 37 46 28 42 28 20 23 17 7 18 19 19
0 0 0 0 0 0 0 0 1 0 0 0 0 0 0 0 1 1 1 2 2 3 4 9 9 4 5 19 39 13 12 14 35 31 38 47 50 50 51 51 57 67 55 58 71 66 67 69 44 44 35 28 21 12 13 14 8 6 5 2 2 5 22 34 52 46 45 41 41 42 53 54 56 66 17 38 40 40 36 40 41 41 38 57 49 49 41 39 26 25 23 11 12 23 21 30
0 0 0 0 0 0 0 0 0 0 1 0 0 1 1 0 0 0 0 2 4 2 16 19 6 7 9 20 12 13 16 21 27 26 37 45 49 50 41 69 58 48 50 64 36 55 71 70 66 58 25 24 20 24 22 12 8 9 5 2 1 4 9 30 43 49 77 56 57 54 47 28 43 61 44 49 52 40 40 40 49 45 51 52 50 22 23 19 24 36 25 7 17 35 39 38
0 0 0 0 0 0 0 0 1 1 1 0 0 1 1 1 0 0 0 3 3 10 9 3 5 12 8 8 10 13 21 20 17 24 30 55 35 35 56 48 43 66 73 43 62 62 62 66 54 33 28 36 33 29 26 22 17 13 7 3 1 4 14 23 37 61 74 84 53 61 48 30 32 69 72 36 44 53 57 38 38 43 55 49 34 15 36 31 25 17 10 4 20 37 39 39
0 0 0 0 0 0 0 1 1 1 0 0 0 0 0 0 0 0 1 2 2 3 1 3 9 3 2 6 10 13 30 22 17 26 36 44 38 54 62 60 45 41 46 59 56 61 48 52 47 45 41 50 44 23 23 21 21 10 8 4 2 7 12 27 45 54 69 76 69 66 50 50 56 70 44 36 35 37 47 52 38 70 57 34 42 48 38 27 15 7 5 13 29 42 38 42
0 0 0 0 0 0 0 0 0 0 0 0 0 0 0 0 1 1 2 1 1 1 1 2 3 5 6 11 19 16 16 13 16 23 47 30 66 62 64 36 27 29 39 56 66 60 58 60 60 57 51 47 34 22 18 16 14 11 10 8 5 10 19 35 57 59 51 48 67 78 68 30 42 68 36 40 64 61 60 66 61 48 47 46 49 50 24 24 13 10 10 26 35 39 31 42
0 0 0 0 0 0 0 0 0 0 0 0 0 0 1 1 0 1 2 2 3 3 0 3 4 8 10 12 10 6 12 14 18 22 59 30 18 11 13 30 32 52 65 69 71 65 59 62 47 62 43 38 41 23 25 15 12 14 12 11 7 17 32 35 60 58 50 29 48 68 66 42 55 63 38 23 43 69 70 68 67 40 49 50 46 46 24 18 28 12 27 31 19 44 44 45
0 0 0 0 0 0 0 0 0 0 0 0 0 0 0 0 0 3 1 1 2 2 2 2 7 6 7 10 7 9 19 19 13 57 17 11 30 36 39 40 57 67 60 67 71 73 68 63 50 50 47 45 42 39 31 27 21 15 13 7 15 24 46 70 64 60 46 50 55 57 67 37 44 54 66 45 47 50 66 68 57 62 46 50 49 39 28 9 13 24 28 17 28 34 61 46
0 0 0 0 0 0 0 0 0 0 0 0 0 0 0 0 1 1 1 2 2 2 2 2 5 6 6 7 10 9 17 17 22 19 4 17 23 30 44 77 55 55 66 69 70 72 61 56 50 41 46 46 43 30 33 22 26 26 15 17 19 42 38 59 60 54 48 57 58 48 73 63 44 63 59 46 53 55 53 53 62 51 41 41 44 30 16 5 12 36 18 29 38 39 61 42
0 0 0 0 0 0 0 0 0 0 0 0 0 0 0 0 1 0 0 3 8 4 1 1 8 5 9 9 5 7 24 53 24 4 8 25 19 49 59 57 56 68 68 52 59 61 61 60 46 51 48 48 45 43 40 36 33 29 20 19 22 26 36 41 60 73 58 73 73 58 49 46 51 55 65 66 49 45 40 41 47 44 39 45 41 25 11 7 27 32 34 52 58 45 50 40
0 0 0 0 0 0 0 0 0 0 0 0 0 0 0 1 0 1 1 3 2 1 2 4 1 5 5 4 13 13 32 17 5 8 28 12 30 24 37 67 73 53 44 76 70 51 59 62 59 55 51 51 46 44 42 40 35 23 23 27 28 47 33 35 33 56 74 75 70 67 73 70 45 58 43 41 29 36 50 56 43 48 37 47 43 13 9 26 24 35 49 56 48 32 47 46
0 0 0 0 0 0 0 0 0 0 0 0 0 0 0 2 0 0 0 0 1 1 3 1 1 3 2 3 19 15 17 3 4 10 23 40 24 29 49 58 60 51 61 34 50 45 59 71 58 57 55 53 52 47 47 42 26 17 30 43 35 50 44 45 43 53 57 81 58 53 32 55 37 26 26 42 53 43 39 41 41 32 49 41 18 11 21 27 37 33 37 47 59 47 48 44
0 0 0 0 0 0 0 0 0 0 0 0 0 0 0 2 0 0 0 0 2 1 2 0 2 4 2 7 22 8 7 3 6 7 33 42 39 30 35 45 45 58 47 36 44 75 63 59 57 70 59 53 53 50 49 42 29 20 42 48 63 66 50 51 41 54 64 63 72 47 35 26 34 42 37 57 44 47 41 45 35 42 28 20 13 21 34 41 35 51 48 36 36 44 38 32
0 0 0 0 0 0 0 0 0 0 0 0 0 0 1 0 0 0 1 1 1 1 1 1 6 2 2 10 8 6 8 6 14 21 38 32 27 31 27 21 25 46 62 56 62 54 60 63 71 59 58 70 36 51 46 32 19 41 53 53 74 68 50 61 46 35 46 73 67 24 57 30 31 42 47 48 47 49 49 40 35 42 20 26 20 34 39 44 37 40 47 34 34 44 48 39
0 0 0 0 0 0 0 0 0 0 0 0 0 1 0 0 0 1 1 1 1 1 1 1 3 2 2 9 2 2 5 5 16 29 31 29 19 25 21 29 39 48 52 70 52 54 55 73 59 59 72 60 57 54 36 34 21 39 64 62 63 70 54 62 62 44 46 48 72 21 25 55 54 40 41 44 57 47 56 56 41 37 16 15 21 37 47 52 55 51 47 46 33 37 55 45
0 0 0 0 0 0 0 0 0 0 0 0 0 0 0 0 0 0 0 1 0 1 2 1 2 3 3 1 2 3 7 10 19 25 7 5 23 18 26 23 29 44 53 65 66 52 73 51 71 74 57 56 58 56 40 36 23 38 62 67 58 66 46 47 64 40 60 32 50 20 23 51 26 46 49 49 48 54 72 50 48 18 14 20 34 38 47 51 39 26 35 55 26 29 45 61
0 0 0 0 0 0 0 0 0 0 0 0 0 0 0 0 0 0 0 0 0 1 1 1 1 2 1 1 2 2 5 2 10 7 4 12 8 11 16 34 42 48 56 60 52 38 61 68 66 60 64 55 57 56 54 36 35 40 66 76 69 64 56 42 59 57 25 30 59 18 36 33 34 41 41 42 56 34 35 41 20 13 19 37 37 45 53 50 30 32 44 25 16 19 30 59
0 0 0 0 0 0 0 0 0 0 0 0 0 0 0 0 0 0 0 0 0 1 1 0 1 2 1 4 5 5 11 11 10 5 3 4 12 11 15 15 21 44 34 42 56 32 28 28 47 51 63 59 56 55 40 26 42 54 64 65 81 71 47 43 48 52 42 13 35 4 8 16 28 41 48 57 58 57 49 49 24 15 23 37 38 61 65 53 38 35 41 40 34 19 27 44
0 0 0 0 0 0 0 0 0 0 0 0 0 0 0 0 1 0 1 0 1 1 1 1 2 1 1 0 0 1 7 2 3 2 4 9 5 8 9 11 35 35 26 42 26 32 37 49 51 66 56 60 59 42 39 25 39 54 66 64 69 49 47 49 53 23 27 24 28 9 12 15 18 14 37 51 49 50 34 33 15 22 35 37 41 62 55 26 36 47 29 43 22 23 28 47
0 0 0 0 0 0 0 0 0 0 0 0 1 1 0 1 1 0 1 1 2 0 0 1 1 1 0 0 0 2 3 1 1 5 10 8 12 10 12 26 21 29 46 27 31 34 52 49 61 51 52 55 59 40 19 38 43 74 63 62 59 59 45 61 52 26 16 32 14 8 18 34 37 51 57 51 44 23 21 12 16 35 35 37 41 65 62 20 22 43 30 49 25 24 29 64
0 0 0 0 0 0 0 0 0 0 0 0 0 0 0 0 0 0 0 1 1 0 1 0 2 2 0 0 1 3 1 1 2 7 13 6 8 11 18 10 33 29 22 34 32 46 52 63 63 55 67 52 41 42 27 42 45 65 74 53 54 58 35 24 39 38 13 18 16 26 34 24 34 40 31 44 35 25 11 29 24 35 40 53 45 59 63 30 31 31 17 53 27 25 28 43
0 0 0 1 2 1 0 0 0 0 0 0 0 0 0 0 0 0 1 1 1 1 1 0 0 1 0 0 1 3 1 1 16 10 4 4 7 10 14 21 44 32 45 24 34 57 62 48 49 69 60 44 40 41 26 54 66 56 60 66 49 49 50 20 47 37 15 11 16 25 20 24 43 37 42 27 33 34 21 39 39 35 41 52 40 42 47 41 46 29 25 54 26 25 21 36
0 1 1 0 1 4 1 0 0 0 0 0 0 0 0 0 0 1 1 0 0 1 0 0 1 1 0 0 1 2 2 11 4 2 4 5 3 2 14 16 26 16 53 37 44 60 33 44 60 57 45 43 38 39 37 54 61 62 56 60 37 34 37 28 20 30 13 4 11 35 22 35 42 49 40 41 44 42 29 36 38 49 42 48 35 30 40 39 36 31 29 53 25 20 27 34
0 1 1 0 0 0 1 1 0 0 0 0 0 0 0 0 0 1 0 0 0 0 1 0 1 3 1 0 1 2 7 12 3 4 6 1 2 3 7 16 14 22 37 43 44 41 46 44 51 48 41 40 35 37 43 42 54 71 52 40 53 21 27 24 13 9 3 3 2 12 23 48 51 43 35 35 32 16 23 31 34 46 42 49 34 44 51 55 41 35 25 40 38 13 29 36
0 0 0 0 0 0 0 0 0 0 0 0 0 0 0 0 0 1 0 0 0 0 0 0 1 1 0 0 1 1 1 2 4 3 3 3 3 1 22 6 10 8 33 24 49 33 38 29 51 52 35 34 30 31 39 55 51 66 55 44 30 24 17 17 3 2 6 14 11 17 22 36 38 26 26 24 13 20 33 31 33 46 49 28 40 39 49 50 36 35 23 35 37 14 15 42
0 0 0 0 0 0 0 0 0 0 0 0 0 0 0 0 0 0 0 0 0 1 1 1 1 1 0 0 0 1 1 3 4 3 5 4 7 2 22 9 2 10 35 25 39 32 37 51 43 44 39 32 30 52 53 42 54 49 47 19 23 23 7 8 5 4 7 17 16 11 33 41 55 52 45 15 19 20 31 42 49 33 46 28 39 52 46 43 31 35 22 30 38 30 12 21
0 0 0 0 0 0 0 0 0 0 0 0 0 0 0 0 0 0 0 0 2 0 1 1 3 1 0 0 0 1 2 2 3 8 3 5 7 4 42 17 4 15 8 31 27 24 46 24 39 38 27 32 26 48 61 40 39 36 36 34 12 12 8 5 6 3 4 6 10 9 28 39 51 65 34 19 21 31 26 46 44 41 38 38 24 46 45 48 34 37 12 30 23 23 16 11
0 0 0 0 0 0 0 0 0 0 0 0 0 0 0 0 0 0 0 0 0 1 1 2 1 0 0 0 0 1 2 1 1 3 5 9 3 4 19 18 8 16 7 35 21 18 25 17 30 30 36 24 25 35 40 69 26 27 18 12 12 5 4 4 2 3 7 7 10 11 32 39 27 49 25 15 32 30 28 31 44 39 36 31 31 45 40 52 37 31 16 30 26 12 15 8
0 0 0 0 0 0 0 0 0 0 0 0 0 0 0 0 0 0 0 0 0 0 0 0 0 0 0 0 0 0 1 2 3 2 4 5 3 2 3 30 10 13 13 27 6 24 16 26 31 19 28 21 21 21 42 38 36 19 11 4 6 3 2 4 3 3 7 6 14 15 26 34 32 24 20 31 29 30 28 24 30 38 45 31 25 44 44 44 42 21 13 33 20 18 16 7
0 0 0 0 0 0 0 0 0 0 0 0 0 0 0 0 0 0 0 0 0 0 0 0 0 1 1 0 0 0 1 2 3 3 3 3 3 2 1 14 25 20 15 8 6 11 11 22 17 8 24 17 18 15 25 41 24 19 6 2 3 1 1 1 1 1 4 11 17 25 40 30 22 14 33 31 31 44 40 26 23 32 30 36 39 50 25 43 25 15 12 40 18 26 12 6
0 0 0 0 0 0 0 0 0 0 0 0 0 0 0 0 0 0 0 0 0 0 0 1 1 0 0 0 0 0 0 0 1 3 2 1 3 2 2 5 33 21 7 4 6 11 19 8 15 6 11 19 13 28 26 16 11 9 9 2 3 1 1 1 2 5 6 9 18 17 30 33 10 15 24 24 39 30 26 18 17 11 28 35 31 21 30 28 23 13 8 35 15 19 19 5
0 0 0 0 0 0 0 0 0 0 0 0 0 0 0 0 0 0 0 0 0 0 0 0 0 0 1 0 0 0 1 1 0 1 1 1 5 0 0 5 13 15 8 5 4 31 17 6 6 11 17 19 11 21 32 13 18 4 6 3 2 1 2 1 2 2 3 7 22 32 19 12 13 21 19 22 18 20 13 4 13 17 26 21 26 21 31 21 4 12 5 19 21 8 6 7
0 0 0 0 0 0 0 0 0 0 0 0 0 0 0 0 0 0 0 0 0 0 0 0 0 1 0 0 0 0 1 1 1 2 1 1 2 1 1 2 9 8 9 6 7 42 11 10 6 9 15 12 14 32 28 12 13 4 3 2 1 0 0 3 3 3 6 9 34 17 12 12 21 18 18 17 25 25 17 11 14 25 19 28 20 19 14 24 4 8 6 6 20 5 4 5
0 0 0 0 0 0 0 0 0 0 0 0 0 0 0 0 0 0 0 0 0 0 0 1 1 0 0 0 0 0 1 1 1 3 2 2 3 1 2 3 9 12 5 9 3 12 7 17 10 4 5 14 19 16 19 8 7 3 2 2 1 0 1 1 3 6 9 14 16 15 20 17 17 18 28 9 12 24 16 10 19 17 14 22 11 13 5 9 6 5 16 5 10 4 5 5
0 0 0 0 0 0 0 0 0 0 0 0 0 0 0 0 0 0 0 0 0 0 1 0 0 1 1 1 1 1 0 1 1 3 1 3 2 3 2 3 4 5 4 10 2 10 10 14 10 8 9 14 11 8 12 4 4 3 1 1 0 1 1 1 1 4 5 16 25 16 15 14 14 24 14 7 8 24 23 10 14 13 10 9 14 12 2 3 6 10 8 5 4 2 6 7
