sesion_6_simulaciones/modelos_agentes/ejemplos_netlogo/scenarios/echam4_b2/rob_2084.asc
NCOLS 322 
NROWS 307 
XLLCORNER 451900 
YLLCORNER 4086900 
CELLSIZE 100 
NODATA_value -9999 
[rows 222 to 295 of 307, columns 0 to 95 of 322]
3 6 11 21 18 14 26 23 4 13 14 15 32 12 10 6 5 2 2 4 10 19 22 27 16 14 12 25 41 16 11 31 40 15 35 26 14 16 22 52 21 22 35 40 33 62 42 52 58 81 80 51 39 42 39 23 34 52 34 44 52 36 27 54 38 46 27 33 23 17 16 11 4 3 2 1 1 1 0 0 0 0 0 0 0 1 2 5 6 3 2 2 4 9 22 12
6 11 7 5 7 14 19 30 18 8 9 17 21 10 5 5 6 12 14 14 16 25 14 48 26 24 20 19 22 25 14 25 18 20 42 9 10 17 20 48 35 28 21 38 15 10 23 16 17 61 71 53 56 39 32 34 22 26 42 49 41 58 32 36 51 30 25 29 32 14 7 6 3 2 1 0 0 0 0 0 0 0 0 0 1 1 2 4 10 11 4 7 11 14 3 3
7 21 30 50 27 30 25 33 21 23 31 44 18 13 10 16 13 23 11 11 47 10 21 21 20 14 12 39 21 20 16 20 12 25 18 12 17 20 16 36 28 23 23 63 57 51 44 44 41 20 30 47 34 31 24 24 24 35 36 38 42 46 29 61 60 36 26 17 14 8 5 4 2 1 1 0 0 0 0 0 0 0 0 1 1 3 2 7 21 20 8 12 17 14 3 2
15 26 29 49 50 56 23 17 11 38 36 26 15 9 11 15 4 2 2 26 13 17 38 24 15 21 18 20 13 9 14 12 18 5 7 25 13 25 13 34 20 28 40 33 34 58 46 66 67 42 25 30 22 31 17 19 23 40 32 30 41 24 21 17 24 21 13 12 7 4 4 2 1 1 0 0 0 0 0 0 0 0 1 1 2 5 8 12 36 35 29 29 12 7 4 3
3 7 11 10 21 69 44 6 25 26 39 14 24 21 4 2 1 1 7 37 8 24 32 26 13 19 11 5 13 7 12 28 16 8 13 13 20 27 11 19 34 55 56 26 43 53 56 31 67 80 32 28 12 19 19 30 25 24 26 20 15 11 16 9 7 11 17 8 4 2 1 1 2 1 0 0 0 0 0 0 0 0 1 1 2 7 20 31 41 50 31 13 10 5 3 2
8 7 14 17 23 24 13 11 12 18 31 33 39 9 2 2 9 15 32 47 15 16 24 32 19 12 15 7 9 12 4 12 32 7 6 6 11 14 49 63 25 25 21 60 36 41 65 46 41 20 34 42 36 33 32 34 38 24 23 17 16 7 9 6 6 8 7 2 1 2 1 1 0 0 0 0 0 0 0 0 1 1 2 3 3 7 26 57 44 6 5 3 3 4 2 2
7 10 12 27 20 17 21 19 12 29 24 21 19 7 11 27 32 35 34 41 14 17 17 20 4 3 12 3 9 13 3 3 10 11 5 13 8 6 38 60 49 24 47 34 82 54 31 36 38 35 26 50 47 45 48 44 24 26 12 8 7 2 1 1 4 3 3 2 1 1 1 1 0 0 0 0 0 0 1 1 1 2 3 5 9 13 18 58 28 10 8 6 4 4 2 3
2 7 19 15 17 16 27 23 20 19 21 30 21 23 22 38 27 14 31 24 14 10 7 6 2 11 3 1 9 7 2 3 4 6 18 29 19 12 9 23 33 18 16 14 40 79 56 36 33 35 30 32 32 46 56 54 28 22 6 5 2 2 2 6 7 4 1 1 1 1 0 0 0 0 0 0 1 1 1 1 4 3 8 7 20 31 33 35 18 11 12 18 6 4 2 2
7 10 10 17 24 18 34 18 22 18 10 19 15 29 17 32 26 18 13 21 4 5 5 4 4 2 3 4 3 6 2 4 3 4 6 18 14 35 18 7 21 45 33 40 54 28 36 26 21 25 21 21 36 37 33 36 37 24 21 6 8 5 3 4 5 3 1 1 0 0 0 0 0 0 0 0 1 1 1 3 8 5 14 12 10 42 68 36 23 27 33 20 6 3 2 1
3 8 11 22 14 13 17 39 8 20 10 10 15 19 12 25 17 10 7 9 4 3 3 3 2 2 2 2 1 2 1 2 14 6 6 5 29 13 22 18 8 17 61 72 78 49 24 15 31 37 37 17 25 36 29 31 25 8 11 16 7 4 2 3 1 2 1 0 0 0 0 0 0 0 0 1 1 4 6 10 17 18 21 12 8 22 58 26 19 44 34 12 6 4 2 1
2 2 11 13 11 11 9 17 8 12 9 9 10 16 11 8 16 3 4 4 1 2 0 2 1 2 1 1 1 1 2 3 4 20 11 12 8 12 20 9 16 15 16 34 38 27 27 17 32 25 38 24 23 23 22 36 19 10 3 3 4 2 1 1 0 2 1 1 0 0 0 0 0 0 1 1 3 7 12 21 33 46 28 18 12 14 32 34 40 31 14 6 3 2 3 3
1 2 6 6 5 16 12 9 9 9 11 9 4 12 6 4 5 2 2 2 2 0 0 0 1 1 0 1 2 1 2 1 2 2 2 7 4 7 9 7 13 25 52 34 33 17 21 9 13 15 24 19 20 25 29 17 12 5 2 0 3 6 2 3 3 2 2 1 1 0 0 0 1 1 1 2 3 14 18 34 58 52 40 39 18 22 61 62 45 24 16 9 6 8 5 2
1 0 1 3 3 8 17 19 28 4 6 8 1 5 2 2 5 1 1 1 1 1 0 0 1 0 0 1 3 5 7 1 3 3 9 13 16 19 17 24 34 39 46 57 54 55 59 30 31 48 35 21 19 15 14 13 6 3 2 4 3 9 9 4 2 1 0 0 0 0 0 1 1 2 3 2 6 16 26 39 43 64 51 55 41 69 50 51 30 37 28 25 15 9 4 3
0 0 1 2 2 4 4 6 4 7 6 3 1 1 1 1 2 0 0 1 0 1 0 1 0 0 0 1 3 1 17 27 18 15 35 20 24 17 25 23 40 49 45 67 41 28 30 8 19 37 51 38 21 12 11 11 11 8 18 9 5 6 3 3 1 0 0 0 0 0 1 2 4 3 6 3 5 12 29 43 70 58 63 57 71 52 53 53 25 26 48 37 25 9 5 8
0 0 0 0 1 2 3 4 4 3 2 2 0 1 0 1 1 0 0 0 0 0 0 0 0 0 2 3 3 2 4 13 53 28 47 77 74 53 58 45 22 63 68 59 74 62 64 40 35 41 37 32 34 15 13 29 23 15 9 5 5 9 6 2 0 0 0 0 0 0 1 2 7 10 10 5 8 7 17 20 66 77 73 39 34 79 47 55 52 52 31 32 24 18 11 10
0 0 0 0 0 1 1 4 3 4 1 0 1 0 0 1 0 8 0 1 5 3 1 0 0 0 0 1 1 3 4 4 8 54 37 74 79 75 74 64 58 34 75 77 79 57 72 47 35 38 23 20 10 13 5 5 8 10 8 5 3 2 1 0 0 0 1 0 0 0 1 2 6 14 16 8 10 15 19 19 51 73 65 29 64 64 52 71 72 49 46 41 34 20 28 19
0 0 0 0 2 0 1 2 2 2 1 0 0 0 0 0 0 0 1 1 1 6 4 1 0 0 1 1 1 3 3 7 9 13 10 42 84 51 77 44 53 52 51 70 66 61 44 26 56 49 37 31 33 29 17 9 7 5 4 4 3 1 0 0 0 0 0 0 0 1 1 4 8 19 39 21 15 21 34 41 61 74 48 43 61 28 16 31 44 23 22 36 24 27 14 7
0 0 0 0 0 0 1 1 1 1 1 0 0 0 0 0 0 0 0 1 1 0 8 4 1 0 1 3 2 3 6 4 9 20 11 17 51 66 66 63 62 52 59 51 57 68 63 40 19 44 39 38 31 32 27 11 6 3 3 2 1 1 1 1 0 0 0 0 0 1 3 3 10 14 30 44 22 20 24 60 63 82 38 42 70 33 35 31 21 15 13 23 20 15 4 2
0 0 0 0 0 0 0 0 0 0 0 0 0 0 0 0 0 0 0 1 0 0 0 3 4 0 1 3 4 5 12 10 14 26 25 23 21 58 44 53 27 35 26 39 39 41 14 47 31 28 35 24 21 25 24 21 15 9 6 8 3 2 2 1 0 0 0 0 1 3 5 8 10 14 17 46 61 34 53 48 76 68 59 76 34 40 44 38 45 46 25 28 22 12 5 2
0 0 0 0 0 0 0 0 0 0 0 0 0 0 0 0 0 1 1 1 0 0 0 5 2 2 2 1 1 2 6 9 14 20 26 37 19 21 24 17 31 21 11 13 21 33 29 38 21 18 27 20 19 14 13 12 9 6 4 3 1 1 1 0 0 0 0 1 4 4 5 10 17 14 22 22 75 32 34 64 74 54 61 70 63 56 44 69 66 24 24 18 11 4 2 1
0 0 0 0 0 0 0 0 0 0 0 0 0 0 0 0 0 0 1 1 1 0 0 1 1 1 1 4 1 5 15 9 11 22 24 39 38 23 17 10 10 17 23 23 34 35 27 15 19 26 19 17 13 14 11 9 8 3 2 2 1 1 0 0 0 1 1 3 4 6 12 7 4 19 52 43 70 47 49 65 72 67 52 62 47 32 33 58 48 41 16 12 7 3 2 1
0 0 0 0 0 0 0 0 0 0 0 0 1 1 2 1 0 0 0 0 1 1 1 3 8 4 4 3 4 4 11 15 19 26 27 40 40 59 43 18 20 14 15 15 19 16 20 12 9 16 14 16 16 13 7 6 4 2 2 1 1 1 0 0 0 1 4 4 6 10 13 14 9 23 44 34 61 75 50 62 65 69 69 68 48 60 43 47 48 37 24 18 6 5 2 2
0 0 0 0 0 0 0 0 0 0 0 0 0 0 0 3 0 0 0 0 0 1 1 1 1 2 6 14 21 16 13 18 24 38 39 36 43 52 63 60 30 22 23 30 32 20 12 16 23 16 25 22 10 7 9 6 8 4 2 1 0 0 0 1 0 2 5 10 16 20 17 20 13 25 65 39 19 62 85 60 70 72 65 58 47 37 13 34 47 33 16 8 6 5 7 5
0 0 0 0 0 0 0 0 0 0 0 1 0 0 0 0 0 0 0 0 1 2 1 1 4 3 1 6 6 27 35 35 42 52 44 33 51 65 70 60 36 34 31 40 41 44 26 41 26 14 6 6 9 9 3 4 3 3 1 1 1 1 0 1 2 4 7 16 27 31 29 34 25 32 58 67 25 51 67 61 59 41 31 20 28 42 22 26 28 20 15 10 10 9 7 5
0 0 0 0 0 0 0 0 0 0 0 0 0 0 0 0 0 0 0 1 2 1 1 2 1 5 3 1 1 22 15 54 74 48 48 55 45 49 64 66 60 64 51 34 48 59 33 35 26 14 14 14 6 9 4 3 3 4 3 2 1 0 1 2 4 5 8 22 25 45 39 50 28 27 53 68 56 36 69 41 30 19 34 26 27 13 13 19 34 33 16 12 15 12 8 3
0 0 0 0 0 0 0 0 0 0 0 0 0 0 0 0 0 1 0 1 1 1 1 1 1 3 7 3 3 3 5 5 40 45 39 38 30 53 47 35 33 25 22 22 33 53 31 27 22 20 14 10 5 3 2 4 6 4 2 2 0 0 1 1 3 9 17 23 23 37 66 47 53 28 29 62 52 74 45 30 36 25 26 27 37 18 26 29 26 12 14 21 25 13 8 2
0 0 0 0 0 0 0 0 0 0 0 0 0 0 0 0 0 1 1 0 0 0 0 1 1 2 4 4 11 13 7 16 20 15 8 18 28 38 24 33 19 20 12 19 21 23 22 31 15 13 11 10 10 7 2 4 4 5 4 1 0 0 0 2 3 7 8 8 13 16 35 66 75 31 19 46 31 67 29 43 25 26 18 30 34 33 31 15 26 21 26 30 16 10 5 2
0 0 0 0 0 0 0 0 0 0 0 0 0 0 0 0 1 1 2 0 0 0 1 1 2 2 9 10 5 6 5 7 19 26 20 18 36 44 39 35 39 33 51 42 27 26 28 31 26 16 6 9 7 5 7 6 5 3 1 1 0 0 1 1 4 8 12 27 20 13 24 32 53 61 36 32 63 50 41 34 17 33 36 27 16 34 40 33 40 45 23 22 10 5 4 5
0 0 0 0 0 0 0 0 0 0 0 0 0 0 0 1 1 0 1 0 1 1 1 1 15 25 16 6 15 29 28 16 30 31 28 28 39 55 46 45 53 43 33 35 33 31 45 48 29 20 22 16 20 19 10 4 3 3 2 1 0 1 1 2 6 11 22 37 38 23 16 20 40 58 64 36 70 49 50 50 44 29 39 49 42 40 54 45 36 44 42 18 16 9 4 4
0 0 0 0 0 0 0 0 0 0 0 0 0 0 1 1 2 1 0 1 1 1 2 4 14 34 30 14 6 13 20 18 13 16 25 21 25 35 33 59 68 43 48 48 60 55 47 51 36 28 30 33 19 12 10 7 5 3 2 1 0 1 2 5 10 19 39 39 26 28 25 33 38 31 21 70 71 49 40 38 30 37 58 52 55 63 59 67 51 43 22 14 11 10 6 4
0 0 0 0 0 0 0 0 0 1 2 0 0 0 1 0 0 1 0 1 1 2 3 19 24 7 21 18 15 28 34 26 14 10 14 15 28 37 50 48 39 41 72 66 72 63 46 31 25 19 10 16 18 10 7 6 3 2 2 1 0 1 2 6 14 26 38 39 39 49 44 37 63 62 48 49 66 57 30 38 42 55 55 38 52 55 54 40 53 25 14 11 18 9 6 5
0 0 0 0 0 0 0 0 2 1 4 3 0 0 1 1 1 0 0 0 0 1 1 12 3 5 14 35 34 54 77 31 44 30 18 11 21 63 49 53 64 20 26 13 20 39 25 37 21 23 17 18 18 14 6 4 3 3 2 1 0 2 2 6 20 44 40 40 29 66 78 34 65 76 75 59 45 45 42 26 39 38 46 63 56 51 37 33 39 30 28 29 21 17 7 2
0 0 0 0 0 0 0 0 0 0 0 0 0 1 1 1 2 0 0 0 1 1 3 6 2 1 2 21 23 18 38 74 41 54 48 45 46 47 39 42 55 56 45 53 53 36 38 49 35 33 28 13 11 9 7 5 5 4 3 1 1 4 12 15 25 37 41 41 33 30 58 76 44 64 72 70 56 33 53 42 56 61 45 38 51 50 38 29 33 51 43 34 15 8 7 2
0 0 0 0 0 0 0 0 0 0 0 1 0 1 1 1 2 1 0 1 2 1 2 11 3 0 4 3 11 19 9 18 51 43 60 59 39 13 14 15 33 39 38 48 60 64 47 29 43 35 23 29 22 11 8 11 5 4 4 1 2 6 18 30 44 55 40 35 63 53 37 31 68 72 56 70 50 46 71 68 28 28 32 42 43 34 49 38 43 26 24 12 7 6 3 3
0 0 0 0 0 0 0 0 0 0 0 0 0 1 0 0 1 0 0 0 0 3 3 12 9 3 4 7 12 11 11 5 4 11 14 15 15 14 15 11 9 18 17 24 48 49 34 53 49 43 35 30 24 19 16 13 9 5 3 1 4 9 17 40 54 54 42 52 53 73 53 48 30 28 46 51 70 60 38 46 41 56 52 61 53 46 58 52 28 16 14 14 7 2 3 3
0 0 0 0 0 0 0 0 0 0 0 0 0 0 0 1 1 0 0 0 1 3 6 10 4 1 4 12 8 18 21 7 28 35 42 38 34 31 32 16 14 17 50 59 60 42 50 46 49 48 42 31 26 21 17 14 10 5 2 1 2 8 32 47 46 64 48 57 56 46 83 60 45 31 18 64 45 62 51 52 57 71 71 64 54 66 53 42 23 17 15 11 6 4 5 7
0 0 0 0 0 0 0 0 0 0 0 0 3 3 2 4 2 0 0 0 2 3 6 7 4 11 2 11 11 21 13 28 29 21 26 30 26 28 15 25 52 62 38 41 33 47 43 41 52 42 47 41 31 23 20 16 7 6 3 2 2 4 16 47 75 66 47 61 54 45 39 53 61 18 12 27 69 75 73 63 61 62 65 72 66 47 52 37 51 26 15 9 3 8 4 18
0 0 0 0 0 0 0 0 0 0 0 0 2 3 4 1 0 0 0 1 2 2 5 11 12 5 7 9 7 8 13 53 21 21 28 32 34 22 33 38 63 55 55 53 57 57 57 51 61 54 51 38 34 26 23 11 7 6 6 2 3 5 17 36 65 56 67 72 59 72 65 64 58 26 26 43 61 56 63 55 56 55 55 61 51 47 47 51 54 44 17 13 10 12 10 25
0 0 0 0 0 0 0 0 0 0 1 1 1 15 2 0 1 0 0 1 1 2 4 3 3 3 16 4 9 8 25 19 31 38 31 32 34 39 50 44 36 53 58 65 64 67 59 69 63 40 33 30 28 30 29 15 10 6 5 2 3 7 16 34 54 51 45 62 76 61 74 61 59 28 48 54 60 62 46 44 51 53 43 38 40 42 42 40 34 37 30 24 9 19 26 25
0 0 0 0 0 0 0 0 0 0 0 0 0 1 0 0 0 0 1 1 1 4 5 2 2 7 4 6 12 26 37 32 31 34 27 31 46 47 53 48 54 68 70 56 51 68 69 68 52 47 41 38 30 23 19 22 19 8 3 2 4 11 21 36 44 53 44 47 69 82 72 63 51 78 64 40 29 37 48 51 46 51 52 50 38 48 31 47 34 26 30 24 11 22 25 24
0 0 0 0 0 0 0 0 0 0 0 0 0 0 0 0 0 0 0 1 2 2 2 5 5 3 3 13 29 9 9 11 30 26 34 41 46 47 47 47 54 65 53 58 71 66 69 70 49 51 43 37 29 18 19 21 10 9 8 3 3 8 30 42 56 50 47 41 41 41 51 51 52 63 15 32 36 38 33 37 39 40 38 57 51 51 44 44 32 29 30 15 14 29 25 37
0 0 0 0 0 0 0 0 0 0 0 0 0 0 0 0 0 0 0 1 3 1 10 11 3 4 5 13 7 8 11 16 22 21 32 39 43 45 37 66 55 46 48 62 35 55 71 72 70 63 32 31 26 32 28 18 13 15 8 3 1 6 13 39 49 51 78 56 56 52 45 25 40 57 38 44 49 37 37 37 47 44 51 52 51 23 26 21 29 43 29 10 22 42 44 43
0 0 0 0 0 0 0 0 0 1 0 0 0 0 0 0 0 0 0 1 1 5 5 2 3 7 5 5 6 9 15 15 13 20 26 49 31 31 52 44 38 63 71 42 60 62 63 68 58 39 34 44 42 38 32 31 24 19 10 4 2 6 20 30 43 64 75 84 51 58 45 27 28 65 66 31 41 50 55 35 36 41 54 49 36 17 40 36 29 21 13 6 26 43 44 42
0 0 0 0 0 0 0 0 1 1 0 0 0 0 0 0 0 0 0 1 1 2 1 1 5 2 1 4 6 9 21 17 13 21 30 37 32 48 56 57 42 38 44 57 54 61 48 53 51 50 47 55 53 28 30 29 27 15 13 6 4 10 17 34 51 57 70 76 66 64 47 45 52 65 39 31 32 34 45 48 36 68 56 34 42 49 42 32 18 9 6 17 35 46 42 46
0 0 0 0 0 0 0 0 0 0 0 0 0 0 0 0 1 0 1 0 0 0 0 1 2 3 3 6 12 10 12 9 12 18 38 24 60 55 58 33 24 26 36 54 64 59 58 61 62 62 57 54 40 29 22 20 18 16 15 13 6 15 26 43 60 61 52 47 66 76 64 26 38 65 31 35 60 58 56 63 59 46 46 46 50 52 27 28 17 12 13 32 37 43 32 45
0 0 0 0 0 0 0 0 0 0 0 0 0 0 0 0 0 0 1 1 1 1 0 2 2 5 6 7 7 4 8 11 13 16 49 24 15 9 11 26 28 49 62 67 69 64 59 63 49 64 48 44 49 30 33 21 17 18 15 16 9 24 40 42 62 59 50 28 46 65 62 37 50 59 32 19 37 66 66 64 65 38 48 51 47 48 27 22 33 16 30 36 21 47 46 47
0 0 0 0 0 0 0 0 0 0 0 0 0 0 0 0 0 2 1 0 1 1 1 1 4 3 4 6 4 6 12 12 9 48 11 8 23 31 33 34 51 63 56 65 69 72 68 65 53 53 52 51 49 44 40 35 29 20 19 9 21 30 54 73 65 59 46 48 53 54 62 32 39 47 60 39 41 45 62 65 56 60 45 50 51 42 31 11 16 29 31 19 30 36 62 46
0 0 0 0 0 0 0 0 0 0 0 0 0 0 0 0 0 1 0 1 1 1 1 1 3 3 3 5 6 6 11 10 14 14 3 11 16 24 37 73 50 51 63 66 68 71 61 56 51 44 50 51 50 35 41 28 34 32 21 21 26 51 42 61 61 54 46 55 55 44 68 56 36 54 53 41 47 50 49 50 59 50 40 40 45 33 19 6 14 38 21 32 41 40 60 41
0 0 0 0 0 0 0 0 0 0 0 0 0 0 0 0 0 0 0 1 4 2 0 1 4 3 5 5 3 4 14 37 15 2 5 18 14 39 51 50 51 63 65 49 56 59 60 61 47 53 51 51 50 49 47 42 41 37 26 25 28 33 41 43 60 72 56 71 70 53 43 38 46 47 57 60 43 41 36 38 45 43 38 45 44 30 14 8 31 35 36 53 58 44 50 39
0 0 0 0 0 0 0 0 0 0 0 0 0 0 0 0 0 0 1 1 1 0 1 2 0 3 3 2 7 8 20 10 3 5 18 7 21 17 29 60 69 49 40 74 69 48 58 61 59 56 54 53 51 49 48 47 43 27 29 31 33 53 35 36 33 55 73 72 66 61 67 61 36 48 36 36 25 32 46 53 40 46 38 49 47 15 10 30 26 37 50 57 48 31 45 43
0 0 0 0 0 0 0 0 0 0 0 0 0 0 0 1 0 0 0 0 0 1 2 1 0 1 1 2 11 8 10 2 3 6 14 28 16 23 40 50 53 46 57 31 47 43 58 71 58 57 57 56 53 51 50 49 32 21 36 48 39 53 46 46 43 51 55 80 53 47 26 46 31 20 22 36 47 38 35 38 39 32 51 44 22 13 23 30 39 34 38 46 59 44 45 42
0 0 0 0 0 0 0 0 0 0 0 0 0 0 0 1 0 0 0 0 1 1 1 0 1 2 1 4 14 5 4 2 3 4 20 30 27 22 27 35 40 52 42 32 40 72 61 58 56 70 60 55 55 54 52 48 32 24 45 50 66 67 50 50 40 53 61 59 67 39 26 18 25 35 30 51 39 43 37 43 34 42 30 23 16 24 37 43 36 52 48 35 34 42 35 28
0 0 0 0 0 0 0 0 0 0 0 0 0 0 0 0 0 0 0 1 0 1 0 1 3 1 1 5 4 3 4 3 8 13 29 21 17 23 20 15 20 41 57 52 59 51 57 60 70 58 58 69 38 52 50 36 22 45 54 53 75 68 49 58 42 33 44 69 60 17 46 21 22 32 39 42 41 44 46 38 34 43 22 28 22 37 41 45 36 38 45 32 32 40 44 34
0 0 0 0 0 0 0 0 0 0 0 0 0 0 0 0 0 0 1 1 0 0 0 1 1 1 1 5 1 1 2 2 9 19 22 20 12 16 15 22 32 40 47 66 48 50 52 71 56 57 71 60 58 55 39 36 23 41 65 62 63 69 51 59 59 41 42 40 63 14 19 43 42 30 34 38 52 43 54 54 40 38 17 15 22 38 48 51 53 49 43 43 30 35 51 40
0 0 0 0 0 0 0 0 0 0 0 0 0 0 0 0 0 0 0 0 0 0 1 1 1 1 1 1 1 1 3 6 11 16 4 3 15 12 18 16 22 36 48 59 61 47 69 49 68 72 56 55 59 57 42 38 24 41 64 66 56 64 43 44 59 35 55 24 37 12 14 40 19 35 40 42 44 54 72 50 49 19 15 21 35 39 46 49 36 25 32 52 24 26 41 57
0 0 0 0 0 0 0 0 0 0 0 0 0 0 0 0 0 0 0 0 0 0 1 1 0 1 1 0 1 1 3 1 7 4 2 8 5 7 10 25 33 40 49 54 47 33 56 66 64 58 62 55 56 56 55 37 36 41 66 75 67 61 51 38 55 50 21 22 45 10 24 23 23 32 33 37 55 34 35 42 20 14 20 37 37 44 52 48 27 30 40 22 14 17 26 54
0 0 0 0 0 0 0 0 0 0 0 0 0 0 0 0 0 0 0 0 0 0 0 0 1 1 0 2 3 3 7 6 6 3 2 3 7 8 9 10 15 37 29 36 51 28 25 25 43 48 61 57 55 56 40 25 42 53 64 63 79 67 41 37 41 46 30 9 24 2 4 10 20 32 43 53 56 55 48 49 24 15 23 36 36 60 62 51 35 33 36 35 30 16 23 40
0 0 0 0 0 0 0 0 0 0 0 0 0 0 0 0 0 0 0 0 0 1 0 1 1 1 1 0 0 1 4 1 2 1 2 6 3 5 6 7 27 28 20 36 21 28 32 44 48 62 53 58 57 41 37 24 38 52 64 62 65 42 41 41 42 16 19 16 18 5 7 10 13 10 34 50 49 49 33 33 15 21 35 34 38 60 52 23 32 44 26 39 18 20 23 43
0 0 0 0 0 0 0 0 0 0 0 0 0 0 0 1 0 0 0 0 1 0 0 1 1 0 0 0 0 1 2 1 1 2 6 5 8 6 8 18 16 21 37 21 26 29 48 46 58 47 49 52 57 40 19 36 42 72 60 60 53 53 37 53 39 18 11 24 8 5 11 24 29 45 53 48 42 21 20 12 16 34 33 35 39 61 58 17 19 38 25 44 21 21 25 59
0 0 0 0 0 0 0 0 0 0 0 0 0 0 0 0 0 0 0 1 0 0 0 0 1 1 0 0 0 1 1 1 1 4 7 4 5 7 12 7 24 22 16 27 26 41 46 58 60 52 63 50 39 40 26 39 42 63 72 47 47 47 24 16 30 25 8 11 9 16 25 16 26 34 27 42 34 25 11 27 22 32 37 51 41 56 58 26 26 28 14 48 23 21 23 37
0 0 0 1 1 0 0 0 0 0 0 0 0 0 0 0 0 0 0 0 1 0 0 0 0 0 0 0 0 2 1 1 9 5 2 2 4 6 9 14 35 24 36 18 29 50 57 43 45 65 57 40 37 38 24 51 62 53 57 60 39 38 35 13 33 27 9 7 9 18 12 17 37 31 39 25 31 32 20 37 36 32 37 48 36 38 42 36 40 25 21 49 21 22 18 31
0 0 1 0 1 2 0 0 0 0 0 0 0 0 0 0 0 0 1 0 0 0 0 0 0 1 0 0 0 1 1 6 2 1 2 3 2 1 9 10 19 11 43 29 36 54 28 37 54 52 41 40 35 35 34 51 57 58 49 50 25 25 24 16 12 17 9 2 6 22 14 25 35 44 36 37 40 40 26 34 34 44 37 43 31 26 35 35 31 27 24 48 22 16 22 29
0 0 0 0 0 0 0 0 0 0 0 0 0 0 0 0 0 0 0 0 0 0 0 0 1 2 0 0 1 1 4 7 2 2 4 1 1 1 4 10 8 14 29 34 35 35 38 38 46 44 38 37 30 33 39 38 48 65 44 29 37 12 15 14 8 5 2 1 1 7 16 39 45 39 31 32 29 14 21 28 30 41 37 43 30 38 46 48 35 29 21 36 33 11 24 30
0 0 0 0 0 0 0 0 0 0 0 0 0 0 0 0 0 0 0 0 0 0 0 0 0 0 0 0 0 1 0 1 2 2 2 2 2 1 14 3 6 5 25 16 38 26 31 23 44 46 31 30 26 27 35 50 45 58 43 30 18 13 9 9 1 1 4 8 6 10 15 30 33 21 23 22 12 17 30 27 28 40 43 23 34 32 42 44 31 29 18 28 31 10 12 34
0 0 0 0 0 0 0 0 0 0 0 0 0 0 0 0 0 0 0 0 0 0 0 0 1 0 0 0 0 0 0 1 2 2 3 2 4 1 15 5 1 6 25 18 28 26 31 41 37 37 33 27 25 45 46 35 45 38 33 13 14 13 4 4 2 2 3 10 9 6 23 33 49 47 42 14 16 17 27 36 43 27 39 24 32 44 39 35 26 28 17 23 31 26 9 16
0 0 0 0 0 0 0 0 0 0 0 0 0 0 0 0 0 0 0 0 1 0 0 1 2 1 0 0 0 1 1 1 1 4 2 3 4 2 28 12 2 9 4 22 19 16 37 18 30 31 21 26 22 41 53 32 31 27 24 21 6 6 4 3 3 1 2 3 6 5 19 30 43 61 31 17 18 26 22 41 38 36 32 32 18 39 36 38 27 30 10 23 17 17 12 8
0 0 0 0 0 0 0 0 0 0 0 0 0 0 0 0 0 0 0 0 0 1 0 1 1 0 0 0 0 1 1 0 1 2 2 4 2 2 11 10 4 10 4 24 13 12 18 12 23 24 29 19 19 28 32 58 16 16 10 8 6 2 2 2 1 1 4 3 6 7 22 30 22 45 23 13 28 25 24 25 37 32 29 24 23 38 31 43 27 23 11 22 19 8 10 5
0 0 0 0 0 0 0 0 0 0 0 0 0 0 0 0 0 0 0 0 0 0 0 0 0 0 0 0 0 0 1 1 2 1 2 2 1 1 2 18 6 8 8 18 4 15 10 17 22 14 21 15 17 15 31 27 25 11 6 2 4 1 1 2 2 1 3 3 8 10 17 26 28 22 17 26 25 24 23 19 24 31 37 22 18 35 32 32 29 15 9 23 14 12 12 4
0 0 0 0 0 0 0 0 0 0 0 0 0 0 0 0 0 0 0 0 0 0 0 0 0 1 0 0 0 0 0 1 1 1 2 2 2 1 1 8 15 12 9 4 4 7 6 16 12 5 17 13 14 10 16 27 15 12 3 1 1 0 0 0 1 1 2 6 10 16 33 25 20 12 27 25 26 37 32 20 17 26 22 26 28 36 16 29 15 9 7 29 13 18 7 4
0 0 0 0 0 0 0 0 0 0 0 0 0 0 0 0 0 0 0 0 0 0 0 0 1 0 0 0 0 0 0 0 0 1 1 0 2 1 1 3 21 12 4 3 3 7 11 5 10 4 7 13 9 18 16 9 6 6 5 1 2 0 1 0 1 3 3 5 11 12 23 28 8 11 19 18 33 23 19 13 12 7 20 26 20 13 18 20 15 7 4 24 9 13 12 3
0 0 0 0 0 0 0 0 0 0 0 0 0 0 0 0 0 0 0 0 0 0 0 0 0 0 0 0 0 0 0 0 0 0 0 0 3 0 0 2 7 8 4 3 2 19 10 4 4 7 11 12 6 15 22 7 10 3 3 2 1 1 1 0 1 1 2 4 14 27 15 9 9 17 14 16 12 14 9 3 9 11 17 14 16 13 18 11 2 7 3 13 13 5 3 4
0 0 0 0 0 0 0 0 0 0 0 0 0 0 0 0 0 0 0 0 0 0 0 0 0 1 0 0 0 0 1 0 0 1 1 1 1 0 1 1 5 5 5 4 4 29 6 6 4 5 9 7 8 22 16 6 7 2 1 1 1 0 0 1 1 2 3 5 26 13 8 8 16 14 14 12 18 18 12 7 10 16 12 18 12 12 9 13 2 4 3 3 13 3 2 3
0 0 0 0 0 0 0 0 0 0 0 0 0 0 0 0 0 0 0 0 0 0 0 0 0 0 0 0 0 0 0 1 1 1 1 1 1 1 1 1 6 6 3 5 2 6 4 10 6 2 3 9 12 9 11 4 4 2 1 1 1 0 0 1 1 3 5 9 11 11 13 12 12 13 20 6 7 18 10 6 12 10 8 12 7 7 3 6 3 2 9 3 5 2 3 2
0 0 0 0 0 0 0 0 0 0 0 0 0 0 0 0 0 0 0 0 0 0 1 0 0 0 0 1 0 0 0 1 1 1 1 2 1 2 1 1 2 3 2 6 1 6 6 8 6 5 5 8 7 5 7 2 2 2 1 0 0 0 0 0 1 2 3 10 16 11 10 9 9 17 9 4 5 17 14 6 8 7 5 5 9 6 1 1 3 5 4 2 2 1 3 4
