sesion_6_simulaciones/modelos_agentes/ejemplos_netlogo/scenarios/echam4_b2/rob_2080.asc
NCOLS 322 
NROWS 307 
XLLCORNER 451900 
YLLCORNER 4086900 
CELLSIZE 100 
NODATA_value -9999 
[rows 148 to 221 of 307, columns 192 to 287 of 322]
2 6 5 13 23 27 37 45 57 28 51 29 5 3 1 0 0 0 0 0 0 0 0 0 0 0 0 0 0 0 0 0 0 0 0 0 0 0 0 0 0 0 0 0 0 1 1 3 2 5 3 3 2 2 2 2 1 1 3 5 32 32 20 47 48 51 59 36 32 73 44 58 41 14 17 63 25 38 45 31 16 11 3 1 1 0 0 0 0 0 0 0 0 0 0 0
0 1 3 14 9 18 20 39 41 49 26 7 6 2 1 0 0 0 0 0 0 0 0 0 0 0 0 0 0 0 0 0 0 0 0 0 0 0 0 0 0 0 0 0 1 1 1 1 2 2 2 1 1 1 1 0 0 2 3 9 8 14 47 52 25 45 68 67 49 64 76 73 67 25 25 58 30 43 23 13 15 5 3 1 1 0 0 0 0 0 0 0 0 0 0 0
0 0 1 5 7 8 18 22 25 41 12 6 4 1 0 0 0 0 0 0 0 0 0 0 0 0 0 0 0 0 0 0 0 0 0 0 0 0 0 0 0 0 1 1 2 1 0 0 1 1 1 0 0 0 0 0 1 1 2 5 5 8 32 27 24 41 28 32 67 79 74 65 55 38 31 53 41 13 6 6 1 1 1 0 0 0 0 0 0 0 0 0 0 0 0 0
0 0 0 1 1 3 4 4 14 26 10 8 7 1 0 0 0 0 0 0 0 0 0 0 0 0 0 0 0 0 0 0 0 0 0 0 0 0 0 0 0 1 0 0 0 0 0 0 0 1 0 0 0 0 0 0 1 2 3 2 4 13 11 22 31 25 14 31 38 27 45 66 56 44 71 48 34 11 9 7 1 0 1 0 0 0 0 0 0 0 0 0 0 0 0 0
1 0 0 0 0 1 1 2 12 15 27 11 7 2 0 0 0 0 0 0 0 0 0 0 0 0 0 0 0 0 0 0 0 0 0 0 0 0 0 0 0 0 0 0 0 0 0 0 0 0 0 0 0 0 0 0 1 1 2 3 6 6 5 4 17 8 14 21 17 24 25 50 55 58 54 51 28 23 15 5 3 2 4 1 1 0 0 0 0 0 0 0 0 0 0 0
1 0 0 0 0 0 0 1 5 3 16 15 7 2 0 0 0 0 0 0 0 0 0 0 0 0 0 0 0 0 0 0 0 0 0 0 0 0 0 0 0 0 0 0 0 0 0 0 0 0 0 0 0 0 0 0 0 1 1 2 8 4 3 2 3 7 9 8 22 25 33 31 39 53 37 28 28 35 30 23 14 6 3 4 1 1 0 0 0 0 0 0 0 0 0 0
1 0 0 0 0 0 0 1 1 1 6 6 2 1 0 0 0 0 0 0 0 0 0 0 0 0 0 0 0 0 0 0 0 0 0 0 0 0 0 0 0 0 0 0 0 0 0 0 0 0 0 0 0 0 0 0 0 0 1 1 1 1 2 2 2 5 11 8 4 10 18 20 34 50 41 34 12 8 12 12 12 4 3 1 1 0 0 0 0 0 0 0 0 0 0 0
0 0 0 0 0 0 0 0 0 1 2 3 1 0 0 0 0 0 0 0 0 0 0 0 0 0 0 0 0 0 0 0 0 0 0 0 0 0 0 0 0 0 0 0 0 0 0 0 0 0 0 0 0 0 0 0 0 0 1 1 0 0 1 1 1 2 2 3 9 14 18 32 39 55 26 26 29 8 5 2 1 1 0 0 0 0 0 1 0 0 0 0 0 0 0 0
0 0 0 0 0 0 0 0 0 0 0 0 0 0 0 0 0 0 0 0 0 0 0 0 0 0 0 0 0 0 0 0 0 0 0 0 0 0 0 0 0 0 0 0 0 0 0 0 0 0 0 0 0 0 0 0 0 0 0 0 0 0 2 5 4 3 6 17 27 30 41 30 62 62 56 62 41 16 10 7 6 2 1 0 0 1 1 0 0 0 0 0 0 0 0 0
0 0 0 0 0 0 0 0 0 0 0 0 0 0 0 0 0 0 0 0 0 0 0 0 0 0 0 0 0 0 0 0 0 0 0 0 0 0 0 0 0 0 0 0 0 0 0 0 0 0 0 0 0 0 0 0 0 0 0 0 0 1 2 6 6 10 6 18 26 40 26 19 28 32 68 36 15 12 22 21 9 4 2 1 1 1 0 0 0 0 0 0 0 0 0 0
0 0 0 0 0 0 0 0 0 0 0 0 0 0 0 0 0 0 0 0 0 0 0 0 0 0 0 0 0 0 0 0 0 0 0 0 0 0 0 0 0 0 0 0 0 0 0 0 0 0 0 0 0 0 0 0 0 0 0 0 0 1 2 2 5 10 13 15 17 22 64 37 35 42 57 40 55 39 28 23 12 6 2 1 0 0 0 0 0 0 0 0 0 0 0 0
0 0 0 0 0 0 0 0 0 0 0 0 0 0 0 0 0 0 0 0 0 0 0 0 0 0 0 0 0 0 0 0 0 0 0 0 0 0 0 0 0 0 0 0 0 0 0 0 0 0 0 0 0 0 0 0 0 0 0 1 1 2 2 4 7 14 8 24 23 35 32 22 52 57 74 67 35 13 7 4 2 2 1 0 0 0 0 0 0 0 0 0 0 0 0 0
0 0 0 0 0 0 0 0 0 0 0 0 0 0 0 0 0 0 0 0 0 0 0 0 0 0 0 0 0 0 0 0 0 0 0 0 0 0 0 0 0 0 0 0 0 0 0 0 0 0 0 0 0 0 0 0 0 0 0 2 3 2 4 9 10 8 11 9 9 20 29 25 25 26 60 55 49 36 8 4 3 1 0 1 0 0 0 0 0 0 0 0 0 0 0 0
0 0 0 0 0 0 0 0 0 0 0 0 0 0 0 0 0 0 0 0 0 0 0 0 0 0 0 0 0 0 0 0 0 0 0 0 0 0 0 0 0 0 0 0 0 0 0 0 0 0 0 0 0 0 0 0 0 0 1 1 4 4 5 3 8 10 14 42 43 24 48 49 36 43 64 69 37 26 17 7 5 1 1 0 1 1 1 0 0 0 1 0 0 0 0 0
0 0 0 0 0 0 0 0 0 0 0 0 0 0 0 0 0 0 0 0 0 0 0 0 0 0 0 0 0 0 0 0 0 0 0 0 0 0 0 0 0 0 0 0 0 0 0 0 0 0 0 1 0 0 0 0 1 0 1 2 2 4 6 6 4 9 13 22 28 28 44 56 33 48 73 72 38 26 16 7 3 1 1 1 1 1 1 0 1 1 0 0 0 0 0 0
0 0 0 0 0 0 0 0 0 0 0 0 0 0 0 0 0 0 0 0 0 0 0 0 0 0 0 0 0 0 0 0 0 0 0 0 0 0 0 0 0 0 0 0 0 0 0 0 0 0 0 0 1 1 1 0 1 1 1 3 4 5 9 14 10 3 3 7 11 33 34 34 32 32 59 72 42 48 26 7 3 1 2 2 2 1 1 1 1 1 0 0 0 0 0 0
0 0 0 0 0 0 0 0 0 0 0 0 0 0 0 0 0 0 0 0 0 0 0 0 0 0 0 0 0 0 0 0 0 0 0 0 0 0 0 0 0 0 0 0 0 1 0 0 0 0 0 0 0 1 1 1 2 2 1 2 3 5 5 9 14 19 14 10 10 18 27 30 26 31 45 71 43 37 21 5 4 2 5 3 4 4 5 4 1 0 0 0 0 0 0 0
0 0 0 0 0 0 0 0 0 0 0 0 0 0 0 0 0 0 0 0 0 0 0 0 0 0 0 0 0 0 0 0 0 0 0 0 0 0 0 0 0 0 0 0 0 0 1 0 1 0 0 0 0 0 0 0 2 10 3 3 5 5 6 8 12 25 27 21 14 28 29 27 46 63 61 70 58 42 27 10 6 6 8 4 8 3 1 0 1 0 0 0 0 0 0 0
0 0 0 0 0 0 0 0 0 0 0 0 0 0 0 0 0 0 0 0 0 0 0 0 0 0 0 0 0 0 0 0 0 0 0 0 0 0 0 0 0 0 1 0 0 1 1 1 0 1 0 0 0 0 1 1 2 2 4 8 18 12 8 10 13 28 43 32 25 30 30 32 52 48 65 67 44 40 30 21 9 10 9 16 11 5 1 0 1 0 0 0 0 0 0 0
0 0 0 0 0 0 0 0 0 0 0 0 0 0 0 0 0 0 0 0 0 0 0 0 0 0 0 0 0 0 0 0 0 0 0 0 0 0 0 0 0 0 0 1 0 0 0 1 1 1 1 1 0 0 0 1 2 3 2 4 5 7 11 33 18 16 20 31 22 37 23 20 17 30 54 73 51 48 30 21 24 39 13 17 20 8 1 1 1 1 0 0 0 0 0 0
0 0 0 0 0 0 0 0 0 0 0 0 0 0 0 0 0 0 0 0 0 0 0 0 0 0 0 0 0 0 0 0 0 0 0 0 0 0 0 0 0 0 1 0 0 0 1 0 1 2 5 3 1 1 1 2 1 1 1 3 8 4 13 7 29 20 10 10 15 12 46 60 49 52 46 62 29 29 31 42 59 26 36 16 5 3 2 0 0 0 0 0 0 0 0 0
0 0 0 0 0 0 0 0 0 0 0 0 0 0 0 0 0 0 0 0 0 0 0 0 0 0 0 0 0 0 0 0 0 0 0 0 0 0 0 0 0 0 0 0 0 0 1 1 0 1 1 3 4 2 1 1 1 2 2 3 4 10 16 24 25 53 26 17 26 23 37 53 44 68 47 74 30 59 68 62 58 54 33 21 12 4 2 0 0 0 0 0 0 0 0 0
0 0 0 0 0 0 0 0 0 0 0 0 0 0 0 0 0 0 0 0 0 0 0 0 0 0 0 0 0 0 0 0 0 0 0 0 0 0 0 0 0 0 0 0 1 1 0 1 4 1 2 2 7 3 4 1 1 2 8 4 4 6 13 13 18 28 49 40 20 26 39 70 43 46 73 69 73 69 61 73 70 55 24 6 3 3 1 0 0 0 0 0 0 0 0 0
0 0 0 0 0 0 0 0 0 0 0 0 0 0 0 0 0 0 0 0 0 0 0 0 0 0 0 0 0 0 0 0 0 0 0 0 0 0 0 0 0 0 1 1 0 3 2 1 2 3 3 4 7 5 4 2 3 4 5 5 7 6 7 8 12 17 28 54 36 29 30 65 34 33 45 66 70 82 77 74 37 23 14 6 4 1 0 0 0 0 0 0 0 0 0 0
0 0 0 0 0 0 0 0 0 0 0 0 0 0 0 0 0 0 0 0 0 0 0 0 0 0 0 0 0 0 0 0 0 0 0 0 0 0 0 0 0 1 0 1 3 3 2 3 3 11 12 6 4 29 9 8 8 7 6 10 8 10 8 11 11 28 39 44 55 69 50 24 56 37 69 71 48 69 72 73 42 19 13 5 3 2 2 1 0 0 0 0 0 0 0 0
0 0 0 0 0 0 0 0 0 0 0 0 0 0 0 0 0 0 0 0 0 0 0 0 0 0 0 0 0 0 0 0 0 0 0 0 0 0 0 0 0 1 1 1 4 3 9 5 9 12 16 16 13 25 14 11 11 10 9 15 10 7 10 16 19 25 28 50 44 22 58 56 50 58 57 49 40 44 34 54 62 31 21 14 11 6 2 2 1 0 0 0 0 0 0 0
0 0 0 0 0 0 0 0 0 0 0 0 0 0 0 0 0 0 0 0 0 0 0 0 0 0 0 0 0 0 0 0 0 0 0 0 0 0 0 1 0 1 1 1 4 5 11 13 17 13 30 33 41 42 33 30 28 18 9 26 21 13 7 12 19 38 37 53 66 73 56 57 51 74 50 63 47 44 37 16 12 31 21 13 7 3 2 2 1 0 0 0 0 0 0 0
0 0 0 0 0 0 0 0 0 0 0 0 0 0 0 0 0 0 0 0 0 0 0 0 0 0 0 0 0 0 0 0 0 0 0 0 0 0 0 0 1 1 1 3 7 6 7 5 13 28 34 44 51 52 59 42 41 40 28 40 20 17 10 11 21 13 32 42 57 64 60 49 34 59 60 57 47 44 40 38 26 18 19 10 6 4 8 2 0 0 0 0 0 0 0 0
0 0 0 0 0 0 0 0 0 0 0 0 0 0 0 0 0 0 0 0 0 0 0 0 0 0 0 0 0 0 0 0 0 0 1 0 0 0 0 0 0 1 3 2 9 20 9 14 19 26 43 52 59 57 48 68 52 53 54 54 30 37 14 23 29 43 28 38 41 51 45 55 72 51 65 45 56 57 59 52 33 25 16 5 5 4 3 1 1 0 0 0 0 0 1 1
0 0 0 0 0 0 0 0 0 0 0 0 0 0 0 0 0 0 0 0 0 0 0 0 0 0 0 0 0 0 0 0 0 1 1 1 0 0 0 0 0 0 1 2 6 10 20 28 24 29 47 57 61 61 73 79 63 62 64 62 58 43 24 38 40 41 27 26 29 37 42 51 64 63 47 51 69 70 52 50 46 27 15 6 3 3 2 1 1 0 0 0 0 0 0 2
0 0 0 0 0 0 0 0 0 0 0 0 0 0 0 0 0 0 0 0 0 0 0 0 0 0 0 0 0 0 0 0 0 0 0 1 1 1 1 2 6 1 1 1 2 3 7 48 47 53 27 56 60 73 80 51 51 75 72 69 69 64 48 47 67 58 37 25 30 29 36 38 39 73 72 60 59 72 63 46 38 32 23 7 3 2 1 1 0 0 0 0 0 0 1 2
0 0 0 0 0 0 0 0 0 0 0 0 0 0 0 0 0 0 0 0 0 0 0 0 0 0 0 0 0 0 0 0 0 1 1 0 0 0 0 1 2 5 3 2 3 10 10 32 32 53 64 51 64 69 68 73 68 44 80 80 72 67 51 49 65 57 42 25 33 40 37 47 49 63 71 56 63 68 57 44 41 39 20 9 4 2 1 0 0 0 0 0 0 0 1 2
0 1 1 0 0 0 0 0 0 0 0 0 0 0 0 0 0 0 0 0 0 0 0 0 0 0 0 0 0 0 0 0 0 1 1 0 0 0 0 0 1 2 5 13 18 12 16 9 10 14 19 34 62 64 59 73 59 65 59 80 74 68 55 53 73 41 29 26 23 37 44 60 71 74 55 50 49 55 42 29 27 23 16 8 3 1 1 1 0 0 0 0 0 0 1 1
0 2 1 0 0 0 0 0 0 0 0 0 0 0 0 0 0 0 0 0 0 0 0 0 0 0 0 0 0 0 0 0 0 0 0 0 0 0 0 0 1 1 1 9 11 9 4 3 13 12 20 30 58 53 58 75 78 75 78 72 70 75 69 67 46 26 43 43 20 29 32 45 64 40 37 31 33 36 23 23 27 20 7 5 2 1 1 1 1 0 0 0 0 0 1 1
1 1 0 0 0 0 0 0 0 0 0 0 0 0 0 0 0 0 0 0 0 0 0 0 0 0 0 0 0 0 0 0 0 0 0 0 0 0 0 0 0 1 1 1 2 4 3 10 19 16 16 45 22 48 72 47 78 65 49 50 83 78 73 49 20 27 43 50 36 45 46 35 61 31 41 34 36 34 41 31 24 16 12 10 5 3 2 2 1 0 0 0 0 0 0 0
3 0 0 0 0 0 0 0 0 0 0 0 0 0 0 0 0 0 0 0 0 0 0 0 0 0 0 0 0 0 0 0 0 0 0 0 0 0 0 0 1 1 1 1 1 1 6 11 16 16 22 22 32 46 35 44 47 44 36 37 26 54 62 50 50 29 67 69 54 49 60 68 74 69 60 61 59 55 56 40 31 33 19 18 9 2 1 1 1 0 0 0 0 0 0 0
2 1 0 0 0 0 0 0 0 0 0 0 0 0 0 0 0 0 0 0 0 0 0 0 0 0 0 0 0 0 0 0 0 0 0 0 0 0 0 0 0 0 1 1 1 1 3 6 9 20 18 18 31 30 31 44 42 58 61 47 38 51 64 58 74 45 60 74 71 40 48 77 52 68 74 70 68 59 58 56 49 35 13 10 6 3 2 1 0 0 0 0 0 0 0 1
2 2 2 1 0 0 0 0 0 0 0 0 0 0 0 0 0 0 0 0 0 0 0 0 0 0 0 0 0 0 0 0 0 0 0 0 0 0 0 0 0 0 1 1 1 1 3 8 21 28 23 32 28 46 27 47 46 26 39 50 46 48 70 91 93 74 71 69 59 44 45 28 21 38 34 34 33 39 50 46 30 21 14 12 8 4 2 1 0 0 0 0 0 0 0 0
6 5 2 1 1 0 0 0 0 0 0 0 0 0 0 0 0 0 0 0 0 0 0 0 0 0 0 0 0 0 0 0 0 0 0 0 0 0 0 0 0 0 1 0 1 2 2 2 12 11 15 17 13 21 40 41 16 20 34 52 56 53 51 63 44 76 59 67 29 21 54 63 56 52 47 50 44 26 14 22 28 13 12 20 8 4 2 1 1 0 0 0 0 0 0 0
5 4 2 1 0 0 0 0 0 0 0 0 0 0 0 0 0 0 0 0 0 0 0 0 0 0 0 0 0 0 0 0 0 0 0 0 0 0 0 0 0 0 0 0 1 2 2 1 5 5 6 2 3 3 4 5 10 29 31 36 54 59 45 44 33 45 41 19 44 40 25 45 72 66 37 36 54 57 64 53 40 22 5 9 11 4 3 2 1 0 0 0 0 0 0 0
7 4 1 1 1 0 0 0 0 0 0 0 0 0 0 0 0 0 0 0 0 0 0 0 0 0 0 0 0 0 0 0 0 0 0 0 0 0 0 0 0 0 1 1 1 2 2 1 1 2 1 2 3 5 5 8 13 11 33 25 36 27 33 22 18 16 34 30 40 44 42 29 29 50 28 30 58 72 60 52 31 13 10 12 7 2 1 1 1 1 0 0 0 0 0 1
6 3 2 1 1 1 1 0 0 0 0 0 0 0 0 0 0 0 0 0 0 0 0 0 0 0 0 0 0 0 0 0 0 0 0 0 0 0 0 0 0 0 1 1 1 1 1 1 1 1 3 6 9 13 15 22 16 28 14 13 22 48 47 34 49 47 45 31 48 36 52 56 26 43 42 52 63 55 40 27 17 13 7 5 3 1 0 1 1 1 0 0 0 0 1 2
6 3 2 1 3 2 0 0 0 0 0 0 0 0 0 0 0 0 0 0 0 0 0 0 0 0 0 0 0 0 0 0 0 0 0 0 0 0 0 0 0 0 0 0 0 1 2 2 2 2 2 9 21 23 27 37 40 30 44 22 31 44 69 64 48 62 57 52 39 45 60 72 36 45 37 45 74 63 49 41 23 16 7 4 6 1 1 2 1 0 0 0 0 0 1 2
4 3 3 4 2 1 1 0 0 0 0 0 0 0 0 0 0 0 0 0 0 0 0 0 0 0 0 0 0 0 0 0 0 0 0 0 0 0 0 0 0 0 0 0 0 1 3 4 7 4 10 17 18 27 32 36 44 44 52 53 41 50 50 62 66 69 59 55 33 23 29 30 25 28 46 61 49 41 32 16 21 18 8 2 0 1 2 1 1 0 0 0 0 0 1 1
2 4 7 8 3 1 1 1 1 1 0 0 0 0 0 0 0 0 0 0 0 0 0 0 0 0 0 0 0 0 0 0 0 0 0 0 0 0 0 0 0 0 0 0 0 1 2 4 10 17 34 32 21 23 42 58 43 49 68 64 55 40 45 60 49 36 44 39 21 42 48 33 23 30 41 34 38 24 23 19 16 4 2 2 3 2 1 1 1 0 0 0 0 0 1 1
4 9 6 8 5 2 2 3 2 1 1 0 0 0 0 0 0 0 0 0 0 0 0 0 0 0 0 0 0 0 0 0 0 0 0 0 0 0 1 0 1 1 1 1 0 1 1 1 4 4 17 35 54 47 38 60 48 59 74 72 72 37 28 30 29 32 34 44 17 48 41 45 32 30 16 16 17 7 10 12 8 8 11 5 9 2 1 2 0 0 0 0 0 1 1 1
11 12 10 11 7 5 5 4 3 2 1 0 0 0 0 0 0 0 0 0 0 0 0 0 0 0 0 0 0 0 0 0 0 0 0 0 0 0 0 1 2 3 2 1 2 1 2 3 4 6 8 16 28 62 63 56 75 69 52 64 75 74 59 38 24 14 25 40 23 48 55 45 31 21 24 36 30 41 41 32 25 31 19 8 4 2 2 1 0 0 0 0 1 1 1 2
30 15 9 5 12 8 5 3 2 1 1 0 0 0 0 0 0 0 0 0 0 0 0 0 0 0 0 0 0 0 0 0 0 0 0 0 0 0 0 1 3 3 7 4 3 4 5 7 11 12 19 29 40 40 49 51 65 72 69 70 46 60 47 74 67 30 22 29 49 63 60 60 58 54 25 37 53 69 59 49 42 21 6 2 4 2 0 0 0 0 0 0 1 2 2 3
39 25 9 4 6 6 2 2 1 0 0 0 0 0 0 0 0 0 0 0 0 0 0 0 0 0 0 0 0 0 0 0 0 0 0 0 1 1 0 1 2 4 7 10 7 6 11 10 14 25 21 36 45 44 49 55 38 43 65 61 62 60 35 46 40 35 15 41 58 49 49 42 41 50 45 68 49 43 59 49 34 12 11 7 3 2 1 0 0 0 0 0 0 1 3 7
29 22 7 2 3 3 1 1 1 1 1 1 0 0 0 0 0 0 0 0 0 0 0 0 0 0 0 0 0 0 0 0 1 0 0 1 1 2 3 2 3 6 8 14 13 7 13 22 30 31 27 57 55 51 52 53 55 20 21 27 17 22 43 48 22 43 42 68 31 23 24 28 37 54 71 72 65 35 48 26 20 14 9 5 3 1 1 0 0 0 0 0 0 1 1 4
24 12 4 2 1 1 1 1 1 1 1 1 0 0 0 0 0 0 0 0 0 0 0 0 0 0 0 0 0 0 0 0 0 1 2 1 2 2 2 4 8 7 15 17 19 9 12 25 30 39 47 55 51 55 56 40 34 39 45 43 39 46 42 37 38 7 28 16 16 18 42 66 69 69 59 66 68 62 50 32 29 13 10 6 3 1 0 0 0 0 1 1 1 1 1 3
34 19 13 9 8 4 5 3 4 2 1 1 0 0 0 0 0 0 0 0 0 0 0 0 0 0 0 0 0 1 1 0 0 1 2 3 3 3 3 3 3 4 3 3 8 17 29 30 34 32 40 51 52 55 53 64 53 22 66 68 48 42 39 34 43 17 28 36 48 44 61 63 68 78 69 51 66 51 52 28 24 25 12 4 2 0 0 0 0 1 1 1 1 2 3 4
43 30 35 26 10 1 1 2 3 2 1 1 1 0 0 0 0 0 0 0 0 0 0 0 0 0 0 0 1 1 1 1 0 1 2 4 5 4 6 3 4 6 6 4 5 5 21 43 45 48 33 35 52 55 55 56 54 71 54 41 50 62 66 64 35 13 28 49 55 57 63 41 55 57 53 56 59 66 60 52 41 21 13 4 2 0 0 0 1 1 1 1 1 4 5 10
53 49 21 6 2 1 5 5 2 1 1 2 1 1 0 0 0 0 0 0 0 0 0 0 0 0 0 0 1 1 2 2 1 1 2 4 7 9 11 5 13 8 14 11 6 7 8 17 50 70 47 33 49 63 56 50 58 45 63 65 47 47 65 62 25 24 19 12 49 73 72 69 65 66 50 63 64 59 38 41 23 16 20 7 1 1 0 0 1 1 1 1 1 2 5 10
46 24 16 5 3 6 9 4 2 1 1 1 1 1 0 0 0 0 0 0 0 0 0 0 0 0 0 0 1 2 2 3 1 1 1 3 3 6 10 13 20 24 15 24 24 8 10 40 52 62 51 35 41 41 67 50 46 54 36 40 42 58 62 46 39 26 38 43 40 31 58 70 68 79 70 53 75 56 38 28 30 18 4 10 2 0 0 0 1 1 2 2 2 2 3 5
20 25 29 8 7 15 7 5 6 4 2 1 0 0 0 0 0 0 0 0 0 0 0 0 0 0 0 1 2 1 4 4 2 1 2 2 3 5 3 17 22 31 32 18 40 18 18 47 53 32 66 37 44 42 42 74 62 54 77 67 39 37 48 54 31 33 29 28 39 61 64 71 72 57 75 59 45 36 48 19 21 18 4 1 2 0 0 0 1 1 2 2 5 10 9 5
26 26 30 30 26 19 13 8 3 2 1 0 0 0 1 0 0 0 0 0 0 0 0 0 0 0 0 0 1 1 2 2 4 6 4 3 4 5 5 9 12 26 30 49 36 33 27 52 44 39 59 64 26 43 45 25 24 26 51 53 59 26 34 39 26 47 41 52 41 61 71 64 50 63 47 65 46 46 38 28 23 5 1 0 0 0 0 1 1 1 1 1 6 11 10 11
56 50 50 31 27 16 6 6 2 1 1 1 1 1 0 0 0 0 0 0 0 0 0 0 0 0 0 0 1 1 4 5 8 11 11 8 5 5 11 8 17 13 20 57 57 51 38 59 27 30 48 31 32 34 39 47 29 26 25 29 28 56 58 46 32 23 44 53 33 28 17 24 34 26 42 40 47 46 30 22 13 5 1 0 0 0 0 1 1 1 1 1 4 7 8 13
58 47 36 36 21 5 3 3 3 2 1 2 2 1 0 0 0 0 0 0 0 0 0 0 0 0 1 1 1 1 4 9 13 14 14 24 7 4 10 17 18 21 29 41 64 49 36 54 64 60 41 58 82 43 47 52 41 27 27 36 15 17 31 32 46 18 24 36 61 58 40 33 29 8 7 12 19 19 27 14 6 4 2 0 0 0 1 1 0 1 1 2 4 3 5 6
53 34 25 24 13 9 6 3 3 4 3 1 0 0 0 0 0 0 0 0 0 0 0 0 0 1 1 2 2 4 5 10 25 21 14 31 16 10 12 13 25 25 40 44 60 47 32 46 65 76 55 54 71 67 39 51 51 49 28 35 43 35 26 24 49 14 38 64 57 62 61 60 42 35 25 15 6 10 11 15 8 2 0 0 0 0 0 1 1 1 2 2 3 4 9 16
32 28 35 18 17 12 8 11 3 1 0 0 1 1 1 0 0 0 0 0 0 0 0 0 0 0 1 3 6 6 17 22 30 35 35 19 32 21 16 22 40 42 46 53 34 51 71 51 39 25 51 49 27 56 61 44 54 48 30 17 22 45 31 27 29 47 50 50 57 61 64 55 36 53 48 41 28 16 8 5 4 1 0 0 0 0 0 0 1 1 2 2 3 3 5 8
50 32 43 25 19 38 19 5 3 2 1 2 2 1 0 0 0 0 0 0 0 0 0 0 0 1 2 4 5 9 16 34 52 55 49 49 38 53 42 29 50 63 49 32 42 65 72 68 42 46 45 59 56 38 48 48 49 40 41 28 15 31 36 12 10 25 37 50 55 61 74 80 63 51 57 53 58 29 12 3 2 1 0 0 0 0 0 0 1 1 2 2 4 5 7 10
48 42 24 19 16 8 11 11 9 7 4 1 1 0 0 0 0 0 0 0 0 0 0 0 1 1 1 2 5 6 8 24 42 72 67 40 45 64 64 36 41 72 53 48 34 58 71 69 78 61 49 46 62 72 58 28 52 61 55 26 16 13 16 13 31 20 59 70 83 55 41 67 73 43 15 22 32 28 10 3 1 0 0 0 0 0 0 0 1 1 2 3 3 5 6 8
30 35 29 17 7 3 1 8 4 2 3 1 0 0 0 0 0 0 0 0 0 0 0 1 1 2 3 3 3 3 6 14 24 52 77 35 29 73 73 42 42 66 72 47 45 58 59 70 73 68 24 23 48 60 37 34 45 45 46 60 23 16 19 19 21 44 21 18 41 84 55 35 43 48 16 8 9 24 8 2 1 0 0 0 0 0 0 0 1 1 2 2 4 5 10 14
31 30 20 15 15 15 6 7 4 2 1 1 0 0 0 0 0 0 0 0 0 0 0 0 2 3 3 4 7 10 7 10 14 25 50 74 43 44 80 73 48 49 72 57 44 55 55 69 77 72 55 24 67 54 47 37 31 10 15 27 15 10 8 22 27 28 28 50 53 63 66 39 30 10 6 3 1 6 6 1 1 0 0 0 0 0 0 1 1 1 1 1 3 5 4 7
17 14 10 14 8 9 4 7 3 2 1 0 0 0 0 0 0 0 0 0 0 0 0 0 1 1 2 3 4 3 18 13 16 14 34 57 81 49 31 72 67 49 74 61 38 50 54 66 55 62 71 36 36 41 31 42 22 17 17 8 11 20 14 37 23 38 47 42 38 67 63 40 26 29 13 6 1 1 3 2 0 0 0 0 0 0 0 1 1 2 1 4 6 8 8 9
24 19 27 34 12 11 4 5 3 1 1 0 0 0 0 0 0 0 0 0 0 0 0 0 1 1 1 5 6 5 21 43 62 55 63 76 72 68 55 40 42 66 68 52 37 38 57 66 64 43 69 35 36 36 36 44 37 16 18 29 20 17 18 31 73 58 65 59 47 50 27 38 39 37 21 8 3 1 0 1 0 0 0 0 0 1 0 0 1 1 2 2 5 7 13 17
34 32 25 20 13 11 6 3 2 1 0 0 0 0 0 0 0 0 0 0 0 0 0 0 0 1 1 1 3 13 17 29 41 52 27 27 47 72 70 71 41 34 76 52 36 45 44 30 66 45 30 47 17 35 21 19 42 13 20 20 17 12 28 32 58 56 41 43 33 32 53 53 59 39 28 11 1 1 1 0 0 0 0 0 0 0 0 0 1 1 1 1 2 3 6 10
7 11 12 12 9 8 8 5 4 1 1 1 1 0 0 0 0 0 0 0 0 0 0 0 0 0 1 2 3 5 13 8 9 13 32 53 63 44 61 79 80 66 65 52 59 36 37 30 18 24 28 15 40 21 37 12 13 21 8 13 7 11 12 19 19 17 32 48 49 62 68 60 35 24 7 11 5 2 0 0 0 0 0 0 0 0 0 1 1 2 1 3 4 2 7 14
6 3 7 6 4 3 7 5 3 2 2 1 1 0 0 0 0 0 0 0 0 0 0 0 0 0 0 1 1 2 5 10 10 29 41 50 44 51 48 74 56 38 43 48 62 58 49 27 22 51 23 28 16 33 43 19 9 7 16 7 15 16 41 40 47 41 56 62 64 65 69 48 40 23 6 2 3 1 0 0 0 0 0 0 0 0 1 1 1 1 1 2 2 3 3 5
10 9 8 6 2 1 1 4 3 2 1 1 0 0 0 0 0 0 0 0 0 0 0 0 0 0 0 0 0 1 3 9 13 40 52 52 54 45 47 35 42 37 34 27 37 46 67 31 26 25 11 13 25 24 40 22 22 20 8 12 39 22 44 71 55 54 57 58 59 76 72 69 49 22 9 4 1 0 0 0 0 0 0 0 0 0 0 1 1 1 2 2 4 6 6 9
22 21 10 7 5 5 4 5 2 1 1 1 0 0 0 0 0 0 0 1 1 1 1 1 1 0 1 1 2 2 2 4 15 29 63 60 42 57 46 35 45 47 48 47 33 27 21 46 32 21 20 19 16 23 5 39 26 10 9 24 38 49 42 79 76 81 80 48 30 26 63 71 85 51 10 4 2 1 0 0 0 0 0 0 0 0 1 1 1 2 3 5 4 7 13 10
30 15 14 27 20 10 6 4 2 1 1 0 0 0 0 0 0 0 0 1 2 1 1 2 2 1 1 3 3 4 5 3 12 25 47 36 57 42 42 36 46 36 33 52 32 19 19 16 19 11 27 17 10 14 18 7 5 11 6 29 56 54 53 83 89 80 81 91 78 55 46 52 63 43 33 10 4 1 0 0 0 0 0 0 1 1 1 1 2 2 3 4 8 6 8 20
11 5 2 15 9 5 4 2 1 0 1 0 0 0 0 0 0 0 1 1 3 5 3 4 4 2 3 4 5 5 6 8 8 23 30 29 24 38 41 35 54 46 46 61 39 30 32 22 22 10 37 13 6 5 15 26 2 6 21 21 36 29 19 59 84 70 73 85 91 79 34 16 10 15 18 1 0 0 0 0 0 0 0 0 0 0 0 1 1 2 4 3 4 5 10 14
