sesion_6_simulaciones/modelos_agentes/ejemplos_netlogo/scenarios/echam4_b2/rob_2099.asc
NCOLS 322 
NROWS 307 
XLLCORNER 451900 
YLLCORNER 4086900 
CELLSIZE 100 
NODATA_value -9999 
[rows 219 to 291 of 307, columns 96 to 191 of 322]
42 29 18 12 5 3 2 2 2 0 0 0 0 0 0 0 0 0 0 1 1 1 1 3 12 7 7 3 2 3 4 5 7 10 26 3 1 2 5 9 17 19 23 24 26 26 20 30 28 26 40 21 31 26 17 26 11 13 5 4 4 4 3 3 7 9 12 5 19 16 8 3 5 11 9 5 12 2 6 2 3 3 3 10 42 4 11 11 12 21 33 30 34 20 17 19
39 28 12 14 11 5 2 1 2 1 0 0 0 0 0 0 0 0 1 1 1 2 3 4 5 24 10 7 6 5 7 7 9 18 17 6 2 1 4 7 9 16 13 23 23 24 34 34 26 34 23 25 25 25 25 26 32 17 7 4 6 4 1 5 7 5 5 9 11 16 7 5 5 4 7 4 3 4 2 2 3 1 4 4 11 31 15 28 30 40 47 40 49 39 48 55
51 34 18 9 11 5 1 1 1 1 0 0 0 0 0 0 0 1 1 1 1 2 4 6 8 14 39 16 11 8 8 15 12 33 13 7 2 1 2 6 6 11 12 13 20 26 33 33 26 24 23 25 37 39 30 17 17 14 7 9 12 10 6 4 2 4 6 11 7 9 6 5 4 5 4 6 3 1 2 2 1 1 4 3 1 13 61 33 39 46 33 40 34 36 20 19
30 19 18 12 6 8 2 1 2 0 0 0 0 0 0 0 1 1 2 2 1 3 4 5 2 10 24 39 20 12 13 23 26 36 10 7 2 0 2 4 5 7 10 19 21 25 32 45 45 41 37 33 31 31 25 23 20 21 26 22 22 22 5 8 2 3 3 3 5 6 4 5 3 4 6 4 3 1 1 0 2 2 2 3 4 2 11 24 36 18 18 25 18 14 28 22
26 13 8 7 3 3 2 1 1 0 0 0 0 0 0 0 1 2 1 5 2 3 4 6 7 8 9 16 48 23 18 32 46 18 6 5 3 0 2 5 6 7 14 17 20 24 29 36 41 35 35 21 23 25 29 45 50 18 7 8 8 7 3 3 8 1 1 2 5 5 3 7 2 3 5 3 2 1 1 2 2 13 4 5 5 6 5 7 30 58 38 39 44 28 28 32
13 7 4 5 2 1 3 1 0 0 0 0 0 0 1 1 0 2 2 5 6 5 6 8 16 12 8 15 36 30 28 37 22 14 6 4 1 0 3 3 5 7 14 16 18 21 24 28 37 37 31 30 40 19 32 57 17 10 9 7 2 5 4 3 1 3 0 2 3 3 5 6 1 2 2 2 1 1 1 2 2 2 8 12 6 9 14 7 7 38 75 55 54 39 50 48
15 7 3 1 1 1 1 0 0 0 0 0 0 0 1 1 0 3 9 8 22 10 8 10 24 27 11 24 30 58 46 23 10 9 8 2 1 0 1 3 4 9 12 17 16 21 25 23 33 31 29 28 40 30 15 10 10 8 7 4 11 19 6 4 4 14 5 1 2 2 4 4 3 2 3 3 2 1 1 3 4 2 1 4 21 27 14 15 14 15 58 60 53 53 41 37
18 8 3 1 1 0 0 0 0 0 0 0 0 0 0 0 1 2 7 21 35 18 18 12 18 34 38 21 39 49 22 16 6 4 4 1 0 0 1 4 5 7 10 9 12 24 27 35 32 28 37 42 33 24 19 15 20 12 7 9 4 5 11 7 6 24 5 5 1 2 2 3 2 1 3 3 1 1 1 7 2 4 7 6 9 6 9 21 22 36 20 31 50 39 26 34
12 7 2 1 1 0 0 0 0 0 0 0 0 0 1 2 2 3 5 8 11 31 17 22 17 24 49 51 42 39 14 11 13 12 11 3 1 2 2 2 6 8 15 17 22 28 28 27 31 28 30 23 16 20 16 17 28 19 16 6 6 9 7 9 16 6 3 5 9 2 1 2 3 1 1 1 1 1 3 1 18 14 32 16 37 15 31 28 20 18 20 39 35 29 22 16
15 8 4 2 1 1 0 0 0 0 0 0 0 0 1 3 4 7 5 11 14 12 34 52 19 25 41 53 44 19 26 20 16 13 12 5 1 2 4 3 3 10 12 13 14 23 23 26 35 30 35 28 28 26 18 25 28 52 18 13 7 15 23 36 14 8 6 5 2 2 2 1 1 1 1 1 1 1 10 5 2 3 9 31 22 27 23 29 19 28 28 23 20 29 30 40
14 7 3 3 2 1 1 0 0 0 0 0 0 0 1 2 7 16 22 13 14 12 11 39 24 28 31 70 51 34 48 40 19 17 15 4 1 3 5 6 5 8 14 18 16 16 13 18 32 30 27 24 24 17 32 32 16 13 9 16 8 7 8 13 6 2 3 3 1 1 0 1 1 1 1 0 0 2 1 3 3 4 9 22 11 13 24 36 22 31 21 15 22 19 23 29
6 7 3 2 1 2 1 1 0 0 0 0 0 0 1 2 6 11 22 29 40 37 11 18 51 16 20 48 65 73 48 38 28 18 7 3 2 3 6 9 17 13 8 17 20 20 20 19 19 19 17 15 18 19 26 12 12 10 10 9 10 9 8 10 8 9 7 7 2 1 2 2 1 0 1 1 0 2 1 3 6 8 11 31 18 8 17 15 15 26 18 13 13 23 25 24
11 9 5 2 3 1 1 1 0 0 0 0 1 1 1 1 5 9 20 32 37 40 31 29 28 36 22 28 64 65 52 38 24 16 11 4 3 7 7 17 19 23 29 17 19 23 21 21 23 21 21 20 17 16 8 9 6 5 4 4 4 3 3 12 14 11 3 5 4 2 1 1 1 0 0 1 1 1 2 8 8 10 16 25 20 20 12 15 16 23 26 20 16 17 27 19
9 5 5 3 3 5 2 1 0 0 1 1 1 1 1 2 8 14 24 38 35 29 16 27 54 37 22 25 49 61 59 53 19 17 9 5 4 8 9 11 22 25 30 41 26 27 18 30 39 43 44 31 14 10 8 9 7 7 11 10 6 8 6 5 4 4 4 3 2 2 2 2 2 0 0 0 1 1 4 5 6 10 16 17 18 40 31 21 23 18 16 15 25 19 20 14
15 14 5 6 7 4 1 0 0 0 1 2 3 3 2 1 7 12 20 30 33 45 14 30 26 42 38 41 58 64 60 49 27 12 11 5 4 10 16 12 15 25 27 28 37 48 35 17 30 42 46 48 28 13 13 15 23 19 19 25 16 12 9 5 7 13 5 3 2 2 4 4 4 2 1 2 5 1 8 4 27 27 15 27 20 21 29 32 53 29 18 16 21 15 8 10
32 12 10 11 5 2 1 1 0 1 2 5 4 4 2 1 4 14 21 24 34 35 24 15 27 27 60 47 40 43 41 36 17 8 4 4 5 12 16 14 20 29 30 33 33 37 35 55 28 32 35 31 25 30 20 25 22 22 34 21 10 10 13 8 4 3 4 5 1 1 0 0 0 0 1 0 1 9 4 4 2 8 34 26 19 25 42 25 46 25 37 26 15 20 16 18
35 23 21 9 3 2 1 1 1 2 3 6 11 7 2 2 5 10 11 30 41 39 41 19 20 31 33 58 39 30 29 20 9 2 2 5 11 13 20 25 27 30 30 29 37 41 39 39 46 32 34 27 30 43 19 19 22 21 18 19 14 20 13 11 6 3 4 4 4 1 1 1 1 0 4 1 0 1 3 3 2 1 30 42 30 34 46 59 44 42 44 42 37 48 24 9
28 33 19 4 3 3 1 1 1 2 9 10 18 13 8 4 5 9 10 23 25 37 59 32 16 34 30 59 44 37 18 11 9 6 5 13 14 12 22 25 27 31 30 36 42 42 56 39 44 53 37 43 33 28 28 18 18 18 33 20 18 14 8 11 10 3 2 2 2 1 2 1 0 1 1 1 1 4 6 4 6 6 4 28 32 52 70 56 38 31 23 32 34 18 14 20
59 39 15 9 4 3 1 3 3 2 6 16 23 27 13 6 13 15 10 13 37 43 34 46 13 22 28 45 42 43 40 30 21 7 7 12 14 11 27 26 26 31 31 44 52 47 61 50 35 24 49 66 65 29 27 9 15 14 26 16 27 13 7 5 4 2 1 2 1 3 0 0 0 0 0 0 1 2 3 4 5 6 8 11 29 22 14 45 41 30 32 20 16 20 18 16
36 20 12 8 3 2 1 3 11 6 6 12 30 31 24 17 8 17 17 20 30 34 40 50 29 27 37 53 53 52 50 30 23 9 7 14 25 16 20 27 31 33 36 55 51 56 57 50 47 34 31 44 45 36 26 8 12 15 8 17 21 11 2 9 1 2 2 1 1 1 0 0 0 0 1 1 1 3 9 11 18 9 12 13 15 10 25 29 28 37 23 16 18 17 14 13
19 11 5 2 1 2 4 4 10 16 11 9 24 39 40 19 8 20 32 41 36 19 47 63 44 35 44 51 45 63 52 29 24 11 5 18 23 17 16 22 35 32 40 46 51 55 53 50 48 44 32 39 48 43 25 7 10 14 16 10 10 7 1 3 3 2 2 1 1 1 0 0 1 0 0 0 1 2 7 3 13 20 26 14 20 17 18 30 26 15 17 24 26 25 25 13
12 6 4 1 0 3 5 9 13 22 21 15 25 41 45 30 12 21 24 60 46 19 38 54 49 20 15 73 68 49 46 37 22 9 4 19 29 26 18 36 39 48 40 47 53 41 54 52 48 53 30 40 42 24 22 5 9 11 10 13 6 4 3 2 2 2 1 1 1 0 0 0 0 0 0 0 1 3 6 5 9 12 35 40 22 37 39 28 16 16 14 12 20 19 18 13
10 7 3 2 1 4 12 10 14 27 40 27 20 34 51 47 22 14 29 43 48 30 36 48 58 23 25 71 53 58 58 43 30 6 6 24 27 17 39 28 42 50 41 48 43 39 62 51 46 44 40 30 22 26 43 11 5 12 15 7 3 2 1 3 2 1 1 1 0 0 0 0 0 1 1 1 2 8 10 12 13 14 22 25 30 47 38 38 33 27 19 21 22 12 15 7
6 10 7 3 2 5 9 18 17 23 36 31 23 36 53 49 24 15 49 39 35 42 37 49 63 63 49 66 65 64 53 38 18 7 10 23 26 28 29 45 28 47 53 41 29 35 49 51 46 37 37 38 29 24 46 16 13 3 6 13 5 3 1 1 0 1 1 1 0 0 0 0 0 0 1 1 2 11 13 15 31 11 13 15 22 29 47 47 28 25 26 22 23 18 20 11
15 11 9 4 3 8 12 21 19 25 38 50 39 41 42 58 26 16 36 36 36 43 41 48 61 73 50 72 48 46 54 34 13 9 11 11 19 50 30 29 43 33 47 37 37 51 46 35 43 41 35 31 37 48 36 24 7 3 7 8 7 2 1 1 1 0 0 0 0 0 0 1 0 1 0 1 1 5 10 15 17 18 40 26 18 20 17 23 29 28 23 21 21 17 16 7
26 13 6 7 5 8 15 27 35 40 42 37 55 31 49 58 27 32 20 49 50 42 34 47 56 53 44 36 29 38 32 30 10 5 9 12 27 41 43 26 30 46 19 57 36 38 46 29 28 46 38 18 35 36 23 19 11 3 2 2 2 2 1 1 0 0 0 0 0 0 1 0 1 1 17 8 5 7 9 16 29 38 28 42 36 42 33 34 35 27 24 13 11 10 6 2
15 5 4 10 13 9 19 30 26 43 45 43 58 29 47 56 31 42 20 34 55 46 59 36 63 53 33 33 27 29 34 16 7 7 19 14 16 26 40 38 47 28 26 27 56 30 26 32 40 49 35 20 16 13 13 16 14 2 1 2 2 1 1 0 0 0 0 0 0 1 0 1 3 6 10 21 7 19 14 28 45 40 27 14 27 26 38 38 26 29 27 12 10 7 4 1
9 2 7 15 17 20 23 31 37 30 45 49 64 43 48 55 27 36 43 23 28 41 29 69 46 54 29 32 36 21 10 11 12 12 22 24 24 13 18 12 18 29 36 57 36 34 39 36 29 28 36 31 9 8 5 4 7 3 2 1 1 0 0 0 0 0 0 0 0 0 0 0 1 4 2 11 42 38 34 42 63 35 21 25 30 18 20 22 35 33 8 9 10 10 10 3
7 3 10 27 36 22 28 33 39 42 44 50 52 59 35 55 24 25 43 32 28 45 23 49 61 33 24 27 11 11 16 23 22 12 26 24 22 20 15 30 24 26 34 43 59 34 21 27 21 30 22 20 17 10 4 2 2 2 1 1 1 0 0 0 0 0 0 0 0 0 0 1 2 2 3 3 14 23 36 29 20 19 20 25 23 23 28 24 18 13 10 6 4 5 12 6
11 4 15 35 37 25 26 33 28 39 48 51 50 53 48 66 26 23 37 37 31 43 69 47 29 36 39 31 21 18 28 27 26 15 11 23 18 23 30 27 28 32 33 37 34 45 24 17 22 21 20 11 12 11 4 1 1 1 1 0 0 0 0 0 0 0 0 0 0 0 1 1 7 6 6 6 6 4 17 28 28 13 14 16 26 28 17 8 6 4 3 6 8 11 14 12
15 7 15 37 37 37 24 41 29 43 64 48 42 41 68 58 26 24 23 32 32 45 64 19 35 39 28 26 30 32 42 49 29 25 14 25 19 26 40 20 28 40 47 41 28 35 23 34 18 24 15 23 6 3 2 1 2 0 0 1 0 0 0 0 0 0 0 1 0 0 1 4 15 9 8 8 8 10 10 17 25 19 13 18 27 29 16 14 12 6 5 6 12 14 14 14
14 9 16 39 39 37 25 47 44 43 62 44 59 48 45 50 51 30 35 22 36 30 65 52 32 25 28 34 28 42 51 55 32 19 16 9 26 36 20 34 39 38 53 56 51 29 37 8 3 6 14 3 4 2 3 1 0 0 0 0 0 0 0 0 0 0 1 0 0 0 0 1 1 3 8 7 8 11 10 12 16 10 16 20 30 40 29 39 20 13 5 13 14 14 22 16
13 11 17 41 42 51 25 48 50 44 37 44 31 55 52 24 20 53 29 26 20 36 44 28 27 25 28 31 43 69 48 31 20 21 25 10 17 18 47 38 40 43 44 58 28 41 26 16 10 14 9 1 6 4 2 0 1 0 0 0 0 0 0 0 0 0 0 1 0 0 1 3 4 8 10 10 9 14 17 26 23 21 22 23 27 42 48 23 20 8 8 13 14 17 24 7
9 25 26 39 45 54 30 27 34 48 49 48 25 21 36 54 19 12 51 42 16 29 42 28 37 17 42 67 56 37 29 31 30 21 16 7 14 10 25 34 35 58 51 31 16 24 19 24 21 18 7 4 5 4 4 2 1 0 0 0 0 0 0 0 0 0 0 0 0 0 1 1 2 5 10 16 11 13 11 20 11 9 13 36 39 44 32 23 8 9 16 17 18 29 29 9
15 33 39 41 44 38 43 35 30 22 31 50 18 14 31 41 39 27 6 17 18 29 22 21 20 44 34 26 37 26 32 41 36 15 19 11 19 24 30 25 17 36 32 18 20 20 19 12 20 14 10 6 8 4 2 1 0 0 0 0 0 0 0 0 0 0 0 0 0 1 0 2 4 6 9 15 11 13 9 18 28 22 38 32 36 28 38 23 11 16 18 18 31 29 26 16
23 34 40 36 42 53 45 54 40 29 18 28 52 16 34 25 26 39 20 7 15 32 7 19 50 20 23 33 40 43 38 26 14 17 21 17 20 26 32 22 27 37 23 13 22 24 10 5 12 9 3 2 2 1 1 0 0 0 0 0 0 0 0 0 0 0 0 0 1 0 1 2 6 11 18 25 19 13 18 20 30 27 39 27 34 38 21 17 12 18 19 20 32 44 16 12
27 34 39 21 27 62 63 45 35 31 44 23 28 46 20 21 26 8 36 11 12 13 40 26 21 30 38 44 46 47 33 20 14 15 30 14 15 25 37 38 33 35 35 27 22 12 12 12 6 4 3 2 1 1 0 0 0 0 0 0 0 0 0 0 0 0 0 0 1 0 2 2 3 11 21 18 14 24 20 23 30 32 24 34 33 25 10 12 18 18 28 29 38 39 20 13
34 45 38 27 31 48 44 55 54 28 35 37 29 31 39 17 26 10 8 21 7 7 34 31 31 32 31 41 45 28 32 32 25 10 20 7 11 16 28 43 40 37 19 26 17 19 12 9 8 7 4 2 2 1 1 0 0 0 0 0 0 0 0 0 0 0 0 1 0 0 2 2 5 5 12 35 15 18 9 10 13 16 30 29 29 24 17 13 19 19 28 22 55 28 22 18
28 34 43 31 34 31 42 38 38 43 48 36 29 28 45 37 11 8 10 8 18 19 29 22 32 42 40 43 42 37 32 32 25 13 26 8 9 18 28 37 38 43 34 30 23 19 15 17 6 5 4 2 1 1 0 1 0 0 0 0 0 0 0 0 0 0 0 0 0 1 1 2 5 7 10 14 10 5 4 14 25 26 11 26 38 36 15 22 19 28 24 23 53 26 22 19
30 44 46 41 40 28 28 41 40 36 49 42 39 27 35 33 17 15 10 10 7 18 25 25 16 29 32 38 29 38 40 31 25 23 33 5 20 27 28 25 15 37 40 33 20 23 19 10 7 8 7 3 1 1 1 0 0 0 0 0 0 0 0 0 0 0 0 0 0 0 1 1 3 3 13 5 6 9 6 27 25 11 21 25 28 45 24 33 31 21 20 13 38 25 24 18
30 37 61 39 41 36 29 40 41 34 30 40 31 28 43 18 21 22 11 8 7 13 13 15 15 25 33 35 35 24 27 29 39 34 13 4 20 35 37 37 25 37 39 23 18 19 11 7 8 14 7 3 2 1 1 0 0 0 0 0 0 0 0 0 0 0 0 1 0 1 1 3 4 3 4 6 11 20 11 22 23 24 20 22 21 26 37 36 21 23 20 8 27 39 8 11
32 23 48 52 36 34 27 40 40 32 24 24 32 37 33 24 15 24 9 4 6 26 11 25 17 22 35 42 32 25 35 41 37 24 17 11 13 28 47 51 38 37 22 30 16 15 10 6 7 4 2 1 1 1 0 0 0 0 0 0 0 0 0 0 0 0 0 1 1 0 2 2 1 2 3 14 14 21 29 7 16 19 25 32 25 23 46 40 24 26 15 17 32 28 10 17
27 23 32 52 47 31 36 39 32 30 29 19 27 35 30 16 12 7 9 4 5 14 13 27 20 20 25 25 30 25 47 34 27 20 23 17 21 29 35 38 54 49 35 17 22 7 6 9 5 2 1 1 1 1 1 0 0 0 0 0 0 0 0 0 0 0 0 1 1 0 1 2 2 5 5 14 18 23 14 21 17 10 26 25 22 34 37 25 36 20 12 15 44 21 13 20
32 51 35 36 42 29 25 36 30 25 29 18 7 11 32 28 17 7 5 10 4 16 22 9 17 29 18 20 19 28 29 34 35 13 17 13 18 37 29 29 24 32 24 27 15 13 5 9 9 2 3 2 1 1 1 0 0 0 0 0 0 0 0 0 0 0 1 0 0 0 1 2 6 4 5 14 8 13 21 20 5 8 21 28 41 36 27 19 33 25 14 19 35 31 21 19
27 29 45 43 40 26 24 32 25 20 19 21 15 15 17 21 12 3 4 9 2 13 10 14 17 17 9 19 17 25 36 33 41 24 16 13 18 34 27 31 42 23 12 23 8 9 10 4 5 3 4 3 1 1 0 0 0 0 0 0 0 0 0 0 0 0 0 0 1 1 2 2 3 7 5 4 9 22 11 5 5 18 32 27 29 39 23 22 18 17 26 18 17 42 21 19
33 40 35 37 34 24 31 25 23 19 9 15 14 21 16 13 11 8 11 9 6 9 9 10 12 23 19 19 30 15 31 41 34 28 29 10 14 32 44 29 30 21 18 16 10 6 8 2 3 2 3 1 0 0 0 0 0 0 0 0 0 0 0 0 0 0 0 0 1 1 1 3 7 9 6 5 16 14 15 11 11 16 6 11 27 39 22 21 16 25 24 16 12 52 22 27
32 35 28 26 8 17 35 17 23 21 13 11 17 19 13 12 6 11 7 9 6 5 10 7 8 17 30 31 12 21 22 31 40 23 22 10 12 32 26 28 23 15 23 16 10 5 2 6 2 5 1 1 0 0 0 0 0 0 0 0 0 0 0 0 0 0 0 0 1 1 0 2 9 8 4 11 10 7 9 40 27 9 13 26 17 17 23 11 15 22 22 16 24 54 38 32
30 21 10 5 4 7 34 17 8 10 12 7 7 16 25 16 4 3 7 3 5 4 8 13 4 13 30 16 14 19 14 36 42 38 18 3 10 26 22 29 18 14 16 18 14 9 2 1 0 0 1 1 0 0 0 0 0 0 0 0 0 0 0 0 0 0 0 0 0 0 1 2 7 2 4 10 12 2 14 14 9 18 33 28 20 17 18 6 20 21 23 15 32 72 40 23
27 28 18 16 14 9 15 25 5 7 5 12 7 10 18 9 9 2 3 3 4 5 9 15 10 5 15 21 18 11 29 26 30 27 18 7 7 15 26 33 10 15 25 18 12 5 3 2 2 1 1 1 1 0 0 0 0 0 0 0 0 0 0 0 0 0 0 0 0 0 1 1 2 5 3 3 4 4 10 9 11 24 27 20 15 6 6 5 13 19 19 16 34 51 39 11
35 22 24 21 10 12 9 9 12 10 7 19 8 8 6 5 7 6 4 5 4 4 7 10 4 6 12 10 12 16 28 28 17 16 25 12 8 8 18 22 4 7 7 6 4 3 2 1 5 3 1 1 0 0 0 0 0 0 0 0 0 0 0 0 0 0 0 0 0 0 0 1 1 2 2 3 2 13 10 19 11 12 9 11 14 8 6 12 14 20 20 26 29 51 14 9
18 19 21 16 18 9 7 13 23 21 5 4 12 9 3 2 1 2 5 4 1 1 2 6 9 2 9 12 7 23 19 20 22 15 24 11 16 6 17 29 19 5 6 6 2 3 1 0 1 1 0 1 0 0 0 0 0 0 0 0 0 0 0 0 0 0 0 0 0 0 0 1 1 1 1 2 6 13 19 9 9 11 15 20 14 8 6 13 20 20 18 16 38 50 32 8
18 31 19 17 17 14 9 14 20 12 11 5 3 6 7 2 3 2 1 2 1 2 4 8 7 5 9 5 6 21 18 23 18 7 17 9 11 8 5 20 13 18 11 4 3 3 2 1 1 1 1 1 0 0 0 0 0 0 0 0 0 0 0 0 0 0 0 0 0 0 0 0 0 0 2 4 4 9 12 8 7 10 14 12 11 9 6 15 21 12 19 16 9 25 36 10
19 18 16 11 14 22 8 12 11 14 10 7 9 4 2 5 3 1 1 2 3 1 1 2 3 8 9 16 7 8 19 15 12 24 12 7 9 14 6 19 21 23 17 3 3 6 2 1 1 1 0 1 0 0 0 0 0 0 0 0 0 0 0 0 0 0 0 0 0 0 0 0 1 2 2 2 3 4 5 6 4 7 10 14 14 7 6 10 22 10 20 11 12 12 24 9
15 14 24 13 19 19 5 8 12 14 11 7 8 6 9 3 5 5 1 2 3 1 1 2 3 10 11 21 8 10 13 15 24 12 8 6 6 21 8 9 14 23 7 6 5 5 1 0 3 5 1 0 0 0 0 0 0 0 0 0 0 0 0 0 0 0 0 0 0 0 0 1 0 1 1 1 1 4 4 4 8 16 8 9 12 5 10 10 19 9 12 3 1 4 19 29
14 17 22 19 15 11 4 7 12 14 11 6 4 3 5 6 2 1 2 1 1 0 1 1 4 4 10 8 9 23 22 19 13 15 5 2 2 21 8 7 8 12 8 5 4 3 0 1 1 1 1 1 0 0 0 0 0 0 0 0 0 0 0 0 0 0 0 0 0 1 1 1 1 1 1 1 7 6 5 5 11 9 10 17 4 5 11 15 12 8 3 3 6 7 7 15
15 7 8 19 12 15 9 3 10 9 9 5 6 2 3 1 3 1 1 1 0 1 1 1 1 4 3 8 14 24 16 20 17 19 14 1 10 17 6 6 10 4 6 6 4 2 0 1 1 1 1 0 0 0 0 0 0 0 0 0 0 0 0 0 0 0 0 0 0 0 0 0 0 0 1 2 4 5 3 12 12 11 13 5 4 11 24 10 3 2 4 10 6 21 11 10
12 3 9 16 18 12 11 5 3 5 7 3 4 3 4 3 1 1 1 1 0 1 3 1 2 2 1 3 6 11 15 20 14 8 11 5 10 7 10 6 10 8 6 7 7 3 1 1 0 1 0 0 0 0 0 0 0 0 0 0 0 0 0 0 0 0 0 0 0 0 0 0 0 1 1 2 4 6 6 11 10 6 4 3 10 19 5 2 2 5 5 14 13 12 13 7
10 4 4 3 10 11 13 5 1 2 5 2 3 2 6 3 1 0 0 1 0 1 1 1 1 0 2 5 7 8 14 11 16 13 7 6 6 4 7 4 1 7 5 7 6 5 4 4 2 1 1 1 0 0 0 0 0 0 0 0 0 0 0 0 0 0 0 0 0 0 0 0 1 2 1 1 6 9 5 5 4 7 2 7 11 5 1 5 6 8 9 10 10 14 12 7
13 7 8 2 10 14 11 4 1 1 1 3 4 1 2 2 0 1 1 1 0 0 1 1 1 1 3 4 6 6 7 7 14 10 9 9 11 3 8 5 2 3 4 5 6 3 1 1 1 0 0 0 0 0 0 0 0 0 0 0 0 0 0 0 0 0 0 0 0 0 0 1 1 1 2 2 6 8 7 7 4 3 6 10 5 1 3 9 7 7 9 7 9 7 6 5
17 5 8 2 4 8 5 2 1 1 1 1 2 4 2 1 1 0 0 1 0 0 1 1 1 1 1 3 6 7 5 9 7 4 9 9 6 5 4 8 4 2 4 3 4 3 3 1 1 1 1 0 0 0 0 0 0 0 0 0 0 0 0 0 0 0 0 0 0 0 0 0 1 1 1 1 2 3 8 4 3 3 8 3 3 10 9 8 7 7 7 5 3 3 3 5
10 4 7 3 2 10 5 5 3 2 1 1 2 2 2 2 2 1 0 0 0 0 0 1 1 1 2 6 6 4 5 7 5 3 18 8 5 6 5 2 2 3 3 5 4 4 4 1 2 1 1 0 0 0 0 0 0 0 0 0 0 0 0 0 0 0 0 0 0 0 0 0 1 1 1 1 2 5 5 10 9 5 2 3 4 5 4 11 9 5 6 5 3 2 2 1
6 4 7 4 3 4 2 5 2 2 2 1 2 1 1 1 1 1 0 0 0 0 0 1 1 1 1 2 4 4 5 6 6 3 12 7 7 4 10 2 6 6 2 3 5 6 5 2 1 1 0 0 0 0 0 0 0 0 0 0 0 0 0 0 0 0 0 0 0 0 0 0 0 1 1 1 3 7 24 11 6 3 1 3 2 12 7 6 6 7 11 8 3 2 2 1
10 3 6 4 2 2 1 3 3 2 2 1 1 1 0 1 1 0 0 0 0 0 0 1 1 1 2 3 3 4 4 5 4 6 11 6 9 17 5 3 3 3 4 3 8 3 3 2 1 1 1 0 0 0 0 0 0 0 0 0 0 0 0 0 0 0 0 0 0 0 0 0 0 1 0 3 4 6 14 10 4 1 2 6 4 5 9 3 6 7 6 6 2 1 1 1
10 3 9 4 1 1 3 1 5 1 3 2 1 0 0 0 0 0 0 0 0 0 0 0 0 0 1 2 2 3 4 2 3 5 4 11 5 15 7 3 6 2 6 3 6 7 3 2 1 1 1 0 0 0 0 0 0 0 0 0 0 0 0 0 0 0 0 0 0 0 0 0 0 0 2 3 1 5 5 10 5 3 4 7 13 6 5 7 6 5 4 2 2 1 1 0
7 2 7 3 1 1 7 2 2 1 1 2 0 1 0 0 0 0 0 0 0 0 0 0 0 0 2 3 3 2 1 1 3 6 5 3 6 6 5 3 6 1 5 1 3 5 5 2 1 1 0 1 0 0 0 0 0 0 0 0 0 0 0 0 0 0 0 0 0 0 0 0 0 1 1 1 1 12 8 6 4 3 7 4 11 9 4 5 4 4 2 1 1 1 1 0
7 2 4 2 1 1 2 2 1 3 2 1 1 0 0 0 0 0 0 0 0 0 0 0 0 1 1 1 2 2 1 1 4 3 5 4 10 4 3 3 5 1 4 2 3 4 5 2 1 1 1 0 0 0 0 0 0 0 0 0 0 0 0 0 0 0 0 0 0 0 0 0 0 0 1 1 1 9 7 1 2 3 8 6 5 6 2 3 6 4 1 1 1 0 0 0
6 2 5 1 1 1 1 4 1 3 3 2 0 0 0 0 1 0 0 0 0 0 0 0 0 0 0 1 1 1 1 1 7 4 5 5 6 2 2 6 3 2 2 9 7 4 3 2 2 1 0 0 0 0 0 0 0 0 0 0 0 0 0 0 0 0 0 0 0 0 0 0 0 0 1 1 3 6 8 2 1 6 7 6 5 4 1 2 3 2 1 1 0 1 1 0
7 4 1 2 1 1 2 3 2 1 2 1 1 0 0 1 0 0 0 0 0 0 0 0 0 0 1 1 1 1 1 2 1 2 1 3 3 2 1 5 2 2 0 3 14 3 1 2 1 1 1 0 0 0 0 0 0 0 0 0 0 0 0 0 0 0 0 0 0 0 0 0 0 0 1 3 3 4 5 3 2 7 4 3 3 2 2 2 1 1 1 1 0 1 0 0
3 1 1 1 1 1 3 2 2 1 0 1 1 0 0 0 0 0 0 0 0 0 0 0 0 0 0 1 1 0 3 1 2 1 3 3 2 2 1 4 1 3 1 2 7 6 2 1 1 1 1 0 0 0 0 0 0 0 0 0 0 0 0 0 0 0 0 0 0 0 0 0 1 1 3 9 1 7 4 3 3 3 3 1 2 1 2 4 1 0 1 0 0 0 0 0
2 1 0 1 1 1 1 0 1 1 0 0 1 0 0 0 0 0 0 0 0 0 0 0 0 0 0 1 1 1 1 1 2 6 3 2 5 2 2 4 1 2 2 3 4 2 1 3 1 0 0 0 0 0 0 0 0 0 0 0 0 0 0 0 0 0 0 0 0 0 0 0 1 3 3 2 2 5 4 2 1 2 5 1 2 2 2 1 1 1 0 1 1 0 0 0
2 0 1 1 1 0 1 0 0 0 0 1 0 0 0 0 0 0 0 0 0 0 0 0 0 0 0 0 0 1 0 1 2 1 1 3 2 1 3 2 3 4 3 3 4 2 1 1 1 0 0 0 0 0 0 0 0 0 0 0 0 0 0 0 0 0 0 0 0 0 0 0 1 1 2 2 3 2 1 1 1 4 3 2 1 1 1 1 0 0 1 0 0 0 0 0
2 0 1 1 0 1 1 0 0 0 0 1 1 0 0 0 0 0 0 0 0 0 0 0 0 0 0 1 0 0 0 1 1 1 4 1 1 2 3 1 3 3 2 5 4 2 1 0 0 0 0 0 0 0 0 0 0 0 0 0 0 0 0 0 0 0 0 0 0 0 0 1 1 1 0 1 3 1 1 1 1 2 3 2 1 1 1 1 0 1 0 0 0 0 0 0
1 0 0 1 0 1 1 1 0 0 0 0 0 0 0 0 0 0 0 0 0 0 0 0 0 0 0 0 1 0 1 0 0 2 2 1 1 2 4 2 0 4 3 3 4 2 1 0 0 0 0 0 0 0 0 0 0 0 0 0 0 0 0 0 0 0 0 0 0 0 0 1 1 1 0 2 2 1 1 1 1 1 1 1 1 1 0 1 0 0 0 0 0 0 0 0
