sesion_6_simulaciones/modelos_agentes/ejemplos_netlogo/scenarios/echam4_b2/rob_2022.asc
NCOLS 322 
NROWS 307 
XLLCORNER 451900 
YLLCORNER 4086900 
CELLSIZE 100 
NODATA_value -9999 
[rows 148 to 221 of 307, columns 0 to 95 of 322]
1 14 16 11 19 29 25 17 5 4 4 55 58 60 47 58 70 57 41 57 29 35 11 4 0 2 0 2 1 0 2 1 2 1 1 3 2 4 3 4 17 16 14 13 18 10 23 19 14 30 15 12 21 12 17 35 30 14 10 24 40 41 36 23 35 51 51 35 41 73 66 66 38 44 68 77 23 20 17 32 29 23 9 14 42 29 9 5 23 18 13 16 31 25 15 30
2 13 18 29 29 42 34 41 42 8 12 30 47 75 67 69 79 45 59 58 55 45 12 19 6 1 1 0 0 1 11 7 1 3 1 1 2 3 3 5 10 7 4 6 20 53 32 19 9 10 8 20 24 21 5 6 7 5 27 24 24 58 35 26 37 59 56 54 57 66 41 19 13 48 35 30 56 12 12 36 31 18 22 15 6 32 13 7 5 10 4 18 12 29 16 6
5 2 6 25 22 47 45 15 25 28 18 16 76 78 74 45 83 67 70 74 56 29 17 9 15 6 1 2 1 2 3 5 4 5 8 8 3 5 6 8 4 4 10 26 47 30 18 14 10 10 11 13 14 14 24 16 25 27 27 29 42 59 29 30 59 60 69 72 52 16 55 33 31 42 63 23 26 8 2 8 18 19 12 21 9 10 24 16 6 8 5 3 6 7 11 4
1 2 5 4 5 6 5 8 10 10 21 11 35 65 60 51 78 76 72 39 10 10 19 32 36 19 6 2 2 1 1 3 29 15 29 34 45 7 4 7 21 15 48 50 15 12 6 13 8 6 15 14 16 14 18 14 33 34 37 38 59 56 48 39 57 74 67 49 77 41 20 54 59 26 31 10 21 37 15 6 8 14 15 8 11 6 8 24 17 7 6 3 2 6 9 7
17 5 3 3 6 8 9 13 14 19 15 24 12 12 11 8 10 15 21 22 15 47 56 38 57 23 46 11 9 12 4 9 18 3 1 1 8 33 5 3 14 14 20 24 17 29 32 39 18 8 15 17 22 17 6 16 23 57 34 58 53 63 72 88 86 74 71 42 39 84 41 36 33 35 18 5 9 9 30 19 9 9 17 13 7 10 6 7 18 6 4 3 1 1 3 3
27 16 14 9 10 6 10 10 4 10 29 20 17 25 15 15 6 21 35 53 81 61 78 49 52 24 21 22 10 34 22 2 1 3 4 1 3 4 15 4 3 54 11 21 20 13 6 11 25 15 25 32 29 20 9 12 23 46 66 60 79 68 80 78 79 77 69 23 33 70 73 53 32 19 26 14 11 7 14 10 15 10 8 12 8 6 5 5 23 12 3 2 2 1 3 4
58 27 45 23 27 36 42 9 9 7 9 14 19 39 34 13 7 18 53 58 71 85 72 82 60 56 58 52 20 30 51 43 12 2 5 5 11 10 10 19 3 37 25 15 24 4 7 12 7 21 32 45 56 42 44 21 29 47 66 70 50 37 74 77 74 67 64 49 32 47 79 28 28 17 11 7 14 4 13 26 10 14 11 6 4 4 4 3 6 4 8 2 1 1 1 1
62 48 64 37 48 36 25 34 10 8 12 9 47 27 16 32 20 13 16 54 69 56 59 69 47 50 56 51 20 6 23 64 71 41 28 10 12 16 15 22 9 30 65 24 26 15 6 6 8 14 14 16 31 11 15 41 31 57 44 24 23 24 32 53 56 22 32 18 45 58 52 47 22 16 18 6 7 9 9 18 14 7 10 6 3 3 3 3 2 2 3 4 2 1 1 1
41 54 59 71 73 40 24 68 17 7 13 13 18 17 37 38 25 36 21 14 17 51 61 18 36 63 39 68 36 9 8 11 41 61 45 29 18 15 13 20 17 29 71 19 24 26 19 26 28 29 31 35 24 22 32 25 40 71 56 52 53 48 24 14 8 23 19 24 16 32 33 48 52 23 10 5 7 8 10 14 15 22 4 5 3 2 2 1 1 2 2 1 4 1 0 1
57 78 64 84 62 27 61 77 32 24 29 17 43 66 42 28 45 33 23 19 23 19 14 49 44 21 28 61 67 31 21 12 10 56 49 48 51 45 38 50 43 31 68 73 33 28 31 33 34 35 48 52 28 48 52 21 26 45 58 41 39 24 14 22 20 6 3 13 30 33 37 45 20 19 9 7 10 8 13 9 10 7 9 3 2 2 1 1 1 1 2 1 1 2 1 0
41 80 40 78 45 65 72 70 18 45 46 22 15 15 30 30 39 64 55 69 29 16 23 15 25 23 39 78 37 75 29 39 33 50 21 45 47 70 51 34 43 22 51 70 75 35 27 27 46 34 33 27 23 45 50 25 43 73 73 72 39 47 48 38 34 14 12 17 22 22 21 26 19 10 15 4 7 12 9 11 5 4 5 4 1 1 0 0 0 1 1 1 1 1 1 1
18 71 53 68 61 72 68 26 34 60 58 42 39 20 18 11 16 25 24 65 39 16 18 18 63 66 59 66 32 72 73 24 23 38 59 68 55 81 85 48 44 20 20 64 73 65 53 32 43 21 11 16 47 49 43 36 41 29 26 26 22 39 54 46 44 28 26 24 16 17 18 15 10 14 4 6 5 8 4 3 3 2 2 2 3 2 1 2 1 0 0 0 1 1 1 0
18 16 12 50 66 67 26 24 69 41 58 71 56 35 25 26 33 31 37 20 28 47 39 14 53 54 64 72 70 41 84 78 35 16 34 77 74 56 58 62 66 18 20 66 80 82 49 36 40 41 29 21 74 39 83 86 83 77 81 70 48 27 35 31 29 24 25 25 19 10 11 15 11 13 6 8 3 4 3 4 2 2 2 3 1 1 1 1 1 1 1 0 0 0 0 0
16 51 33 25 23 46 33 73 77 51 46 66 46 49 22 33 27 27 36 25 31 32 35 15 61 71 62 84 77 58 75 85 77 43 36 10 27 58 40 22 32 21 14 80 82 79 64 63 55 65 86 91 78 47 41 79 78 37 43 65 58 33 46 34 28 19 16 27 18 7 8 7 9 8 5 5 4 5 2 2 1 2 0 1 1 0 1 1 0 0 0 0 0 0 0 0
44 48 35 52 42 20 50 82 71 76 12 48 63 63 73 40 53 25 25 23 24 14 39 60 82 59 84 89 74 74 52 67 79 53 48 26 57 74 82 84 67 52 30 56 82 69 60 88 57 64 83 83 91 67 45 81 88 60 43 33 71 67 26 53 32 25 15 15 12 8 9 8 6 5 4 4 3 2 2 1 1 1 1 1 1 0 1 0 0 0 0 0 0 0 0 0
34 38 60 42 31 12 44 67 48 79 30 38 72 57 72 55 27 45 35 51 53 53 19 51 65 73 82 84 61 83 66 81 71 72 70 75 67 76 81 74 17 61 66 34 16 51 59 81 64 51 75 69 74 82 36 53 73 90 64 45 51 33 31 29 32 38 32 24 13 6 11 5 3 2 2 1 2 1 0 0 0 1 0 0 0 0 0 0 0 0 0 0 0 0 0 0
17 20 14 23 37 36 16 78 40 30 29 47 56 17 39 57 33 41 35 63 62 38 34 17 49 82 76 83 66 85 70 71 65 52 65 69 82 74 74 81 75 55 25 21 9 13 58 76 57 25 40 67 75 81 75 81 83 79 86 45 32 35 30 35 30 26 31 11 8 11 4 3 3 2 1 0 0 0 1 1 1 0 0 0 0 1 1 1 1 0 1 2 1 1 2 1
15 27 37 35 20 18 18 36 45 40 62 54 64 63 31 49 45 55 24 19 34 69 45 26 15 28 34 68 66 42 20 18 17 29 28 27 66 46 52 67 67 57 50 20 6 13 57 60 50 39 29 23 51 80 75 70 58 56 77 74 31 18 25 26 27 22 11 13 7 3 2 3 2 1 1 1 0 0 0 0 1 1 1 1 2 4 4 4 2 1 1 4 4 6 5 2
26 17 15 15 26 25 27 18 20 19 37 67 66 71 25 20 27 60 61 42 30 28 47 15 27 35 31 26 20 29 40 30 40 37 56 31 25 21 20 23 17 35 27 14 13 20 48 51 56 39 34 32 8 41 40 46 48 63 38 54 43 21 41 36 27 15 11 6 5 4 3 2 1 0 1 1 0 0 0 1 5 5 3 5 7 10 9 13 8 8 20 22 9 14 6 3
16 20 25 49 37 42 36 31 35 35 43 12 18 23 29 40 30 15 61 64 54 30 29 9 27 59 57 45 33 38 54 59 32 61 30 25 24 31 34 29 22 13 20 21 32 35 53 53 60 45 31 15 17 14 22 47 21 14 11 35 18 24 19 12 16 8 5 6 5 2 1 1 1 1 1 1 2 0 3 4 9 12 12 16 17 33 31 19 17 20 6 2 4 3 4 10
24 27 40 30 23 34 39 24 44 61 18 27 46 40 27 43 12 16 20 25 38 24 19 16 33 31 50 44 60 29 54 46 37 44 30 25 34 57 29 56 37 18 13 13 15 23 35 47 41 41 25 40 37 26 28 27 25 17 22 26 41 31 17 4 7 6 4 2 2 1 1 6 7 3 3 5 2 2 7 21 37 27 29 54 42 37 34 22 28 23 8 2 1 1 1 6
45 63 61 62 31 23 25 26 41 53 30 32 46 40 39 24 28 23 36 36 26 31 32 18 33 29 29 50 25 34 46 46 47 35 28 27 24 48 26 59 40 30 28 9 6 5 21 22 66 63 37 29 61 32 15 35 39 48 40 27 31 14 8 5 5 3 1 1 3 3 7 13 16 6 8 10 4 9 26 36 54 74 35 62 41 32 23 23 19 14 8 5 1 1 0 1
12 13 17 13 18 18 37 46 50 36 38 17 35 45 21 10 17 17 26 23 13 10 9 17 28 25 26 29 42 43 38 36 24 33 22 9 32 26 44 57 40 34 51 25 28 13 9 20 23 52 32 42 33 15 14 27 28 21 14 7 6 4 2 1 1 0 3 8 14 10 20 28 28 16 26 16 8 17 43 49 79 59 39 30 16 3 2 11 4 5 3 1 1 0 0 2
20 29 22 33 29 33 25 41 33 32 16 19 29 42 46 40 39 19 17 15 20 7 9 26 58 47 28 26 41 24 20 36 67 38 22 11 34 19 56 22 52 32 45 36 22 13 17 19 11 28 35 28 12 18 15 13 32 11 6 4 2 7 7 11 4 8 12 25 25 25 27 41 25 26 32 23 16 31 53 68 67 46 23 14 9 4 3 3 5 1 1 1 1 0 0 0
18 17 16 35 47 18 22 31 26 30 27 22 43 27 58 43 28 49 41 28 56 25 29 21 49 60 33 53 19 24 38 25 55 53 28 20 25 34 40 19 26 24 37 40 18 27 18 12 12 17 18 24 18 17 16 12 6 3 2 10 10 19 19 18 12 13 28 36 52 54 37 53 51 49 32 43 48 57 60 60 49 58 28 13 5 6 4 1 8 3 1 0 0 0 0 1
20 18 31 41 24 24 21 33 41 33 46 49 46 37 25 27 61 61 38 36 39 26 47 26 31 52 63 40 23 21 16 19 19 18 30 38 12 15 45 41 39 42 34 23 33 25 22 20 14 17 19 21 29 21 10 8 8 11 16 30 27 28 40 28 20 35 41 44 61 49 51 62 74 41 43 53 62 69 77 53 19 13 14 15 8 4 2 1 1 1 1 0 0 0 0 0
16 16 28 29 12 46 34 36 58 65 73 67 60 65 40 18 24 42 38 46 16 33 60 31 36 28 51 66 38 57 40 32 26 28 44 55 24 33 46 54 44 11 14 24 19 23 12 11 17 24 23 37 25 16 20 11 17 19 37 36 34 33 45 34 30 41 52 37 66 63 52 77 62 47 56 75 64 67 28 76 46 40 14 8 8 4 2 2 1 0 0 0 0 0 0 0
13 18 30 19 15 11 19 30 23 34 55 71 48 51 63 23 32 27 22 22 23 58 56 43 23 33 17 37 28 34 26 24 37 37 53 47 25 40 55 53 42 22 10 9 17 15 19 33 20 19 36 23 19 34 19 16 26 42 45 54 47 45 46 36 36 67 69 55 73 72 70 70 82 82 58 62 67 65 25 19 36 43 23 14 4 2 2 2 1 0 0 0 0 0 0 0
12 19 33 24 22 13 17 14 26 31 18 21 16 20 25 39 37 32 57 29 44 57 36 54 17 52 21 53 22 23 32 33 38 31 42 35 35 26 49 47 40 17 7 14 18 17 24 25 25 24 25 37 26 20 18 31 43 44 42 50 47 37 55 48 54 71 72 67 66 85 76 70 64 74 29 26 16 44 49 26 12 24 12 6 4 2 3 1 0 1 1 0 0 0 0 0
18 38 42 59 13 57 44 9 35 32 31 24 51 27 39 41 39 30 30 29 25 48 28 38 26 23 32 27 20 38 31 27 32 33 35 27 30 22 34 51 33 31 29 35 40 20 27 21 38 48 44 56 40 26 38 41 46 55 41 47 63 48 65 66 60 71 55 76 40 57 82 80 77 62 74 56 38 15 9 18 11 7 14 10 8 5 3 5 1 0 0 0 0 0 0 0
53 38 15 21 50 31 14 31 33 40 21 41 24 22 53 30 32 11 28 32 36 11 25 33 20 16 21 10 15 14 11 28 26 51 18 21 15 33 36 13 20 33 14 19 18 26 15 27 43 59 51 48 44 40 37 57 49 58 57 48 56 64 59 64 63 74 55 51 77 42 74 77 56 72 75 80 61 56 49 29 21 13 4 2 4 6 3 3 1 1 0 0 0 0 0 0
36 73 34 34 13 23 17 32 28 33 40 19 20 41 50 57 62 22 26 47 30 23 8 17 27 7 17 14 13 8 9 29 31 22 13 19 16 18 44 27 15 28 16 53 26 23 37 21 50 56 45 42 42 39 38 43 65 56 53 69 70 77 70 55 65 31 45 41 45 50 36 65 42 52 69 73 74 84 63 46 44 46 40 17 4 2 3 2 1 0 0 0 0 0 0 0
16 20 17 16 36 42 17 23 32 36 34 18 30 22 14 18 15 18 26 37 49 21 21 11 21 12 11 7 8 15 17 28 18 15 17 10 21 31 43 32 18 21 29 56 20 43 24 33 44 66 35 37 39 37 39 44 65 69 54 64 78 54 41 73 74 65 49 29 20 7 15 15 25 28 52 62 57 61 66 42 60 41 28 8 5 5 3 2 2 1 0 0 0 0 0 0
15 12 26 23 25 36 34 17 11 30 12 11 20 22 50 22 41 20 31 21 34 23 17 18 14 20 23 8 10 9 22 12 13 23 6 6 12 45 22 22 14 25 28 41 32 34 35 41 54 47 30 44 37 36 52 37 59 76 77 58 68 73 30 18 14 21 29 45 38 26 12 9 4 12 22 41 32 56 70 28 41 58 25 13 7 3 3 2 2 1 0 0 0 0 0 0
11 38 24 15 13 21 21 11 9 6 11 11 14 31 24 21 25 35 24 22 14 41 14 31 14 22 35 7 7 14 6 7 26 16 13 27 18 50 8 6 14 34 32 39 40 25 28 31 46 27 52 60 48 54 56 54 61 64 64 43 46 64 36 26 53 68 72 55 53 37 29 37 10 3 7 26 20 42 59 43 25 23 17 11 6 5 4 2 1 1 1 1 0 0 0 0
12 26 20 17 15 21 16 14 4 2 5 8 17 10 16 18 16 36 16 8 7 10 13 9 6 18 19 8 12 11 6 9 15 8 4 11 14 25 15 14 19 31 52 54 26 25 44 35 43 45 68 77 58 79 73 85 71 62 70 42 30 13 66 57 22 52 70 57 61 60 57 34 15 11 4 5 5 14 38 18 11 5 3 7 2 4 1 1 1 1 1 1 1 0 0 0
22 5 7 17 5 13 7 1 2 1 2 2 3 8 19 11 6 12 20 8 7 4 4 8 3 9 7 8 13 9 2 3 4 7 8 5 22 15 9 16 24 41 70 85 71 63 47 62 55 29 73 54 85 73 69 75 41 52 70 76 28 25 21 77 37 30 49 66 54 45 64 64 64 29 19 5 2 1 1 1 2 2 1 3 3 1 1 0 0 1 0 1 0 0 0 0
2 2 6 5 5 3 2 1 1 5 15 1 2 4 4 8 10 8 10 9 6 6 6 6 2 2 5 6 4 2 1 1 1 24 28 32 52 60 69 70 71 82 68 82 74 80 71 28 60 61 40 39 60 65 67 70 45 71 73 58 55 37 16 51 73 29 10 31 57 71 57 53 24 20 26 19 6 2 3 1 2 2 2 1 3 2 1 1 0 0 0 0 0 0 0 0
1 2 3 2 1 1 6 19 33 6 7 20 23 3 2 6 3 3 4 2 4 1 2 2 3 2 5 9 17 2 1 4 4 2 7 34 54 59 67 71 60 73 70 64 77 82 78 48 32 36 78 57 28 58 25 32 33 70 84 67 52 44 30 29 80 40 37 17 35 51 73 18 8 16 16 26 15 11 8 4 2 1 1 1 1 2 1 0 0 0 0 0 0 0 0 0
5 4 5 8 8 17 29 16 16 21 19 9 15 7 4 3 2 2 2 2 1 1 7 14 24 25 8 4 14 3 1 12 12 6 9 12 17 54 61 75 59 36 52 49 61 81 86 87 41 38 55 63 46 25 49 18 49 57 76 73 24 35 28 18 77 55 26 22 18 65 64 75 34 23 16 8 5 4 3 2 4 3 1 0 0 0 1 1 0 0 0 0 0 0 0 0
14 16 11 38 23 30 33 47 48 44 27 23 32 12 9 2 1 2 1 2 1 1 1 2 6 12 21 15 5 5 4 4 15 13 3 10 24 38 53 69 65 35 21 36 52 78 85 84 88 84 34 46 40 37 22 19 32 56 70 74 26 30 34 28 48 83 56 33 16 8 11 29 13 15 9 20 11 4 2 1 1 1 2 1 0 0 0 0 0 0 0 0 0 0 0 0
11 28 32 45 46 38 57 39 69 53 34 57 43 17 43 28 22 9 2 1 1 1 1 1 1 3 6 22 3 3 4 5 15 11 22 19 12 13 7 6 46 57 24 36 32 43 63 65 83 87 81 51 50 64 39 47 29 61 74 64 66 24 43 33 20 73 85 61 39 13 6 8 26 17 9 7 11 10 3 2 1 1 1 1 1 0 0 0 0 0 0 0 0 0 0 0
2 5 23 50 62 47 76 76 77 75 66 66 41 58 68 56 32 15 28 6 4 2 3 3 3 8 19 11 4 6 6 15 26 19 21 30 24 21 16 15 13 26 23 24 17 35 68 48 69 80 88 58 48 45 54 49 10 49 66 64 63 43 29 27 12 59 73 75 44 36 6 2 16 33 11 2 3 2 4 1 1 1 1 1 1 0 0 0 0 0 0 0 0 0 0 0
6 6 14 60 65 71 70 61 59 81 86 67 76 75 74 58 41 46 32 28 15 2 5 10 22 54 45 10 4 9 10 12 14 21 14 23 25 28 36 21 14 16 13 13 26 33 50 48 17 63 79 85 44 34 42 20 17 12 36 46 78 71 16 16 33 40 39 66 21 31 19 3 4 16 11 6 3 2 3 3 1 1 0 0 0 0 0 0 0 0 0 0 0 0 0 0
4 5 6 10 12 14 31 39 38 15 41 72 88 83 78 46 48 68 47 31 45 6 8 5 4 8 35 56 15 4 11 11 18 32 25 19 29 28 46 26 31 44 33 26 20 12 54 56 42 29 56 75 59 29 13 10 26 9 17 40 38 33 22 17 18 25 15 59 16 21 13 14 2 6 6 9 6 4 3 3 2 1 0 0 0 0 0 0 0 0 0 0 0 0 0 0
2 5 12 29 20 35 68 35 33 23 30 19 65 83 87 69 67 69 45 47 29 43 18 16 17 11 5 10 18 7 2 16 19 41 21 23 12 18 41 33 32 27 23 23 36 33 30 11 34 61 34 43 12 14 7 19 15 23 16 17 33 40 28 18 8 9 8 38 44 10 4 8 8 2 3 3 5 2 2 1 1 1 1 1 0 0 0 0 0 0 0 0 0 0 0 0
2 7 4 5 11 13 16 27 29 24 15 10 13 39 67 78 78 39 12 14 15 46 24 38 31 22 16 5 6 15 6 46 35 17 51 30 29 32 39 23 29 48 50 43 47 31 37 21 20 17 59 38 28 18 13 9 17 19 12 15 26 42 28 14 11 8 12 24 44 23 6 3 9 5 3 1 1 2 2 1 1 0 1 1 0 0 0 0 0 0 0 0 0 0 0 0
9 2 5 10 16 23 17 16 21 26 36 25 45 24 21 28 38 24 19 27 55 15 17 36 61 62 14 13 9 50 24 25 60 47 60 22 68 36 28 26 32 32 31 40 34 36 37 23 22 22 19 26 18 18 21 16 11 17 7 3 8 11 19 16 17 10 8 10 17 21 9 9 10 3 4 1 1 2 2 1 1 0 0 0 0 0 0 0 0 0 0 0 0 0 0 0
30 10 18 12 10 25 14 23 39 35 24 29 17 33 41 30 29 25 19 31 18 43 32 23 11 27 38 39 49 8 12 44 41 14 31 30 15 54 28 27 31 41 20 27 17 19 17 24 28 27 13 7 28 30 18 26 14 11 10 9 5 9 20 9 8 6 4 6 8 16 3 5 3 2 2 1 1 0 1 1 1 0 0 0 0 0 0 0 0 0 0 0 0 0 0 0
44 39 5 6 25 10 31 58 29 19 31 26 28 54 17 31 24 21 16 12 23 32 30 27 23 15 19 24 12 19 10 41 36 39 39 50 14 22 48 16 21 39 31 40 37 15 20 24 16 25 10 15 4 10 10 31 9 12 9 14 8 7 3 3 2 1 1 1 3 3 2 1 2 2 1 2 2 1 1 1 0 0 0 0 0 0 0 0 0 0 0 0 0 0 0 0
50 38 71 13 13 33 9 13 39 46 24 36 27 45 15 40 34 26 23 31 39 51 31 17 28 28 22 28 50 51 40 11 9 15 37 28 27 8 49 40 36 29 13 20 32 29 20 12 18 23 16 4 25 14 9 26 14 5 8 3 3 5 3 2 1 0 0 0 1 3 2 1 1 2 1 2 1 1 2 1 0 0 0 0 0 0 0 0 0 0 0 0 0 0 0 0
44 47 59 45 11 11 36 15 7 16 32 22 16 22 26 29 19 13 18 32 35 37 68 44 33 34 28 27 57 69 45 26 10 23 45 37 52 25 8 50 27 38 36 30 16 15 20 25 18 19 8 3 6 3 2 9 5 5 4 2 2 4 2 2 2 1 0 0 0 1 2 1 2 2 2 3 3 1 1 1 0 0 0 0 0 0 0 0 0 0 0 0 0 0 0 0
43 54 73 55 63 26 8 56 20 19 57 23 34 23 14 39 17 23 20 17 14 29 56 44 36 39 35 32 44 72 75 47 25 21 61 55 58 36 15 26 69 26 23 53 33 32 23 28 26 11 6 2 2 3 2 2 5 3 2 1 1 1 2 3 1 1 0 0 0 0 0 1 1 0 0 1 1 2 1 0 0 0 0 0 0 0 0 0 0 0 0 0 0 0 0 0
51 44 42 62 39 43 46 20 64 33 49 67 51 59 42 22 24 17 26 48 25 39 66 59 37 38 38 29 20 24 66 57 38 28 23 61 43 31 24 14 20 53 14 16 17 19 20 28 38 18 23 6 3 3 2 1 2 1 1 4 1 1 1 1 0 0 0 0 0 0 0 0 0 0 0 0 0 0 0 0 0 0 0 0 0 0 0 0 0 0 0 0 0 0 0 0
27 66 58 68 52 62 67 55 36 27 19 17 27 21 20 50 39 24 42 19 59 25 69 77 38 41 43 27 17 6 15 41 59 41 15 41 51 20 47 36 25 14 40 42 21 19 31 20 28 12 25 7 3 2 2 1 1 1 1 1 2 1 0 0 0 0 0 0 0 0 0 0 0 0 0 0 0 0 0 0 0 0 0 0 0 0 0 0 0 0 0 0 0 0 0 0
14 20 16 28 32 17 17 15 27 28 42 40 42 49 19 23 50 48 40 43 31 24 59 83 63 55 49 48 30 8 8 9 50 34 36 34 52 19 47 50 35 15 12 36 25 33 23 18 21 7 2 2 4 3 3 2 1 0 0 0 0 0 0 0 0 0 0 0 0 0 0 0 0 0 0 0 0 0 0 0 0 0 0 0 0 0 0 0 0 0 0 0 0 0 0 0
20 34 24 14 18 27 20 22 28 53 24 51 36 25 28 34 29 19 25 43 23 71 39 66 73 56 59 53 51 23 10 12 8 23 37 39 45 21 46 26 35 33 23 18 29 20 20 28 20 13 7 3 3 2 1 1 1 0 0 0 0 0 0 0 0 0 0 0 0 0 0 0 0 0 0 0 0 0 0 0 0 0 0 0 0 0 0 0 0 0 0 0 0 0 0 0
35 20 37 16 24 41 27 29 28 42 18 28 25 15 24 55 38 39 27 28 60 47 34 27 76 50 22 17 17 11 14 5 13 6 11 17 79 56 29 41 27 15 25 25 14 26 14 13 30 23 16 6 3 1 1 1 0 0 0 0 0 1 0 0 0 0 0 0 0 0 0 0 0 0 0 0 0 0 0 0 0 0 0 0 0 0 0 0 0 0 0 0 0 0 0 0
25 21 22 19 12 17 15 11 14 18 28 31 26 14 24 28 21 36 42 69 46 31 42 61 76 69 32 23 23 24 22 22 8 12 13 9 5 8 23 24 18 32 12 21 17 25 26 14 27 13 15 12 5 2 1 0 0 0 0 1 1 2 2 1 0 0 0 0 0 0 0 0 0 0 0 0 0 0 0 0 0 0 0 0 0 0 0 0 0 0 0 0 0 0 0 0
15 12 14 10 11 8 14 12 7 5 12 12 12 29 25 26 18 39 28 23 28 28 15 10 16 18 14 19 41 42 25 47 34 13 9 6 8 7 6 19 14 28 22 9 26 17 23 16 13 6 7 6 3 2 1 1 0 0 1 2 2 2 1 2 1 0 1 0 0 0 0 0 0 0 0 0 0 0 0 0 0 0 0 0 0 0 0 0 0 0 0 0 0 0 0 0
14 10 8 3 4 8 14 22 50 47 38 10 12 25 17 14 19 36 49 37 43 21 25 20 14 18 46 25 30 39 51 38 22 23 25 5 3 4 6 10 10 14 21 22 21 17 11 8 16 6 4 3 2 1 1 2 1 2 3 2 5 3 3 2 1 1 1 1 2 1 1 0 0 0 0 0 0 0 0 0 0 0 0 0 0 0 0 0 0 0 0 0 0 0 0 0
3 4 3 3 11 13 11 22 62 65 52 55 32 13 19 35 25 35 37 19 16 16 40 26 25 27 43 19 8 27 23 17 7 13 23 13 5 5 10 6 4 7 6 7 10 10 10 5 9 5 2 1 1 2 4 3 4 4 6 6 3 6 6 4 6 2 2 2 2 2 0 0 0 0 0 0 0 0 0 0 0 0 0 0 0 0 0 0 0 0 0 0 0 0 0 0
3 4 12 10 24 15 38 27 10 19 58 57 51 63 64 54 77 50 37 39 15 7 31 22 24 33 19 18 12 11 25 26 24 17 24 11 8 16 21 6 3 17 8 11 7 3 10 4 3 2 2 2 4 9 9 9 6 5 5 7 5 9 9 14 12 6 4 3 3 2 1 1 1 1 0 0 0 0 0 0 0 0 0 0 0 0 0 0 0 0 0 0 0 0 0 0
6 3 2 7 26 43 49 76 69 36 47 76 65 52 75 55 82 81 78 54 30 40 9 9 11 9 29 32 36 47 14 52 49 23 8 11 4 13 14 7 19 10 8 7 8 5 6 4 3 3 5 6 13 25 26 15 18 9 10 10 7 16 16 16 11 8 5 4 4 3 2 1 0 0 0 0 0 0 0 0 0 0 0 0 0 0 0 0 0 0 0 0 0 0 0 0
10 11 33 7 7 24 48 68 73 39 29 79 40 36 74 56 52 29 44 59 18 29 23 16 13 17 25 33 31 53 25 16 13 32 19 17 7 26 12 11 17 21 17 15 15 21 19 13 3 11 21 20 24 39 40 36 14 7 28 17 12 18 18 12 16 16 2 9 7 3 2 1 1 0 0 0 1 0 0 0 0 0 0 0 0 0 0 0 0 0 0 0 0 0 0 0
39 17 26 55 36 15 16 24 29 71 26 69 47 43 71 35 16 22 34 26 18 7 23 15 19 35 34 17 11 34 24 16 7 5 8 7 21 25 11 7 38 38 19 40 33 16 14 7 6 16 34 33 35 69 33 26 22 10 42 18 15 21 31 31 21 13 9 11 4 2 2 1 1 1 1 0 1 0 0 0 0 0 0 0 0 0 0 0 0 0 0 0 0 0 0 0
64 62 32 52 66 75 67 36 16 16 45 78 65 30 69 33 31 23 34 31 12 8 30 13 30 26 28 25 21 15 9 12 13 19 22 15 29 6 11 20 38 37 47 49 27 11 6 9 22 17 33 54 70 39 24 33 29 16 56 24 47 17 36 17 15 36 18 7 11 3 2 2 4 4 1 0 0 1 0 0 0 0 0 0 0 0 0 0 0 0 0 0 0 0 0 0
59 71 72 62 67 83 71 85 57 15 32 65 13 24 52 45 35 15 47 9 9 7 18 10 45 29 16 13 13 3 3 12 20 14 32 11 40 9 28 26 54 57 62 27 23 14 12 28 40 36 33 60 60 39 42 57 46 28 67 58 31 38 31 37 51 29 20 14 7 2 3 13 4 1 1 1 0 0 0 0 0 0 0 0 0 0 0 0 0 0 0 0 0 0 0 0
55 79 77 83 76 73 82 82 69 41 36 32 41 17 50 38 27 19 15 8 8 9 26 15 21 20 16 34 25 23 27 26 17 8 11 24 55 24 31 40 67 66 47 26 14 24 26 55 66 48 39 63 53 35 50 72 33 55 60 52 59 24 35 67 64 32 23 9 11 10 6 6 3 2 1 0 0 0 0 0 0 0 0 0 0 0 0 0 0 0 0 0 0 0 0 1
14 70 82 69 78 35 60 72 71 69 59 65 46 16 51 73 44 20 22 15 7 15 24 15 13 15 27 9 12 13 5 11 8 22 52 34 55 25 26 41 67 45 23 11 22 47 44 47 75 57 62 64 34 57 70 63 31 55 42 69 56 62 67 57 40 22 25 10 4 2 1 1 1 0 0 0 0 0 0 0 0 0 0 0 0 0 0 0 0 0 0 0 0 0 0 1
25 23 50 24 12 14 21 18 22 11 14 27 59 17 10 50 62 44 31 29 15 11 9 10 26 9 17 17 44 38 7 19 23 26 63 66 74 41 26 54 48 23 14 27 54 55 50 49 76 58 64 76 66 62 78 64 62 39 60 66 43 64 51 18 7 7 4 6 10 8 6 3 4 1 0 0 0 0 0 0 0 0 0 0 0 0 0 0 0 0 0 0 0 0 1 1
27 26 12 16 25 51 53 21 24 5 10 12 8 4 14 10 11 21 9 8 5 25 14 16 7 28 24 30 19 28 25 43 38 39 65 76 58 50 41 57 30 28 27 47 60 58 67 44 65 75 68 83 87 71 66 81 82 64 81 77 73 79 54 59 34 26 21 15 7 2 2 2 1 1 1 1 0 0 0 0 0 0 0 0 0 0 0 0 0 0 0 0 0 0 0 2
45 46 39 29 50 58 61 47 20 16 25 18 21 15 15 20 16 6 6 8 11 32 14 14 26 33 16 59 52 41 50 57 52 53 63 41 26 41 24 56 43 35 33 48 63 69 72 66 71 78 69 80 77 76 32 44 76 83 81 66 23 16 34 27 51 25 14 21 5 2 1 1 2 1 0 0 0 0 0 0 0 0 0 0 0 0 0 0 0 0 0 0 0 0 1 1
30 10 37 45 56 47 51 31 10 19 18 24 47 39 18 18 8 14 10 11 3 7 48 29 21 6 11 32 47 36 39 45 63 38 66 26 38 29 11 53 42 37 50 64 64 77 79 65 82 87 66 46 47 37 22 22 54 66 53 31 39 27 22 28 18 13 10 4 7 4 3 1 1 1 0 0 0 0 0 0 0 0 0 0 0 0 0 0 1 0 0 0 0 1 1 1
