sesion_6_simulaciones/modelos_agentes/ejemplos_netlogo/scenarios/echam4_b2/rob_2074.asc
NCOLS 322 
NROWS 307 
XLLCORNER 451900 
YLLCORNER 4086900 
CELLSIZE 100 
NODATA_value -9999 
[rows 148 to 221 of 307, columns 192 to 287 of 322]
1 4 4 9 17 25 34 38 51 23 44 22 4 2 1 0 0 0 0 0 0 0 0 0 0 0 0 0 0 0 0 0 0 0 0 0 0 0 0 0 0 0 0 0 0 1 1 2 1 4 3 2 1 2 2 1 1 1 3 4 26 26 18 44 42 48 54 31 29 69 40 56 35 13 14 60 23 33 39 28 14 9 3 1 1 0 0 0 0 0 0 0 0 0 0 0
0 1 3 10 8 14 18 32 35 42 20 5 4 2 1 0 0 0 0 0 0 0 0 0 0 0 0 0 0 0 0 0 0 0 0 0 0 0 0 0 0 0 0 0 0 1 1 1 2 2 2 1 1 1 0 0 0 1 2 8 6 12 43 49 23 42 66 64 45 62 74 70 65 23 23 55 26 37 21 11 13 4 2 1 0 0 0 0 0 0 0 0 0 0 0 0
0 0 1 3 5 7 13 17 20 33 10 6 3 1 0 0 0 0 0 0 0 0 0 0 0 0 0 0 0 0 0 0 0 0 0 0 0 0 0 0 0 0 1 1 1 1 0 0 1 1 1 0 0 0 0 0 1 1 2 4 3 7 29 25 21 35 23 30 64 77 72 64 54 36 27 50 39 12 5 5 1 1 1 0 0 0 0 0 0 0 0 0 0 0 0 0
0 0 0 0 0 3 4 3 10 20 7 6 5 1 0 0 0 0 0 0 0 0 0 0 0 0 0 0 0 0 0 0 0 0 0 0 0 0 0 0 0 0 0 0 0 0 0 0 0 0 0 0 0 0 0 0 1 1 2 2 3 11 9 19 27 22 12 29 35 25 43 64 54 41 69 45 29 10 8 6 1 0 1 0 0 0 0 0 0 0 0 0 0 0 0 0
1 0 0 0 0 0 1 1 10 10 21 8 6 1 0 0 0 0 0 0 0 0 0 0 0 0 0 0 0 0 0 0 0 0 0 0 0 0 0 0 0 0 0 0 0 0 0 0 0 0 0 0 0 0 0 0 0 1 1 2 5 4 3 4 13 7 12 18 16 20 23 47 53 57 51 47 23 19 13 3 3 2 3 1 1 0 0 0 0 0 0 0 0 0 0 0
1 0 0 0 0 0 0 1 3 2 14 13 6 1 0 0 0 0 0 0 0 0 0 0 0 0 0 0 0 0 0 0 0 0 0 0 0 0 0 0 0 0 0 0 0 0 0 0 0 0 0 0 0 0 0 0 0 0 0 2 7 3 3 2 3 6 8 7 20 23 28 27 38 51 35 24 25 30 27 18 12 4 2 3 1 1 0 0 0 0 0 0 0 0 0 0
1 0 0 0 0 0 0 1 0 1 4 4 2 1 0 0 0 0 0 0 0 0 0 0 0 0 0 0 0 0 0 0 0 0 0 0 0 0 0 0 0 0 0 0 0 0 0 0 0 0 0 0 0 0 0 0 0 0 0 1 1 1 1 1 1 4 8 6 4 9 15 19 31 48 39 30 11 7 11 10 11 4 2 1 1 0 0 0 0 0 0 0 0 0 0 0
0 0 0 0 0 0 0 0 0 1 2 2 1 0 0 0 0 0 0 0 0 0 0 0 0 0 0 0 0 0 0 0 0 0 0 0 0 0 0 0 0 0 0 0 0 0 0 0 0 0 0 0 0 0 0 0 0 0 1 0 0 0 1 1 1 1 2 3 7 11 14 30 37 54 24 24 24 7 4 1 1 1 0 0 0 0 0 0 0 0 0 0 0 0 0 0
0 0 0 0 0 0 0 0 0 0 0 0 0 0 0 0 0 0 0 0 0 0 0 0 0 0 0 0 0 0 0 0 0 0 0 0 0 0 0 0 0 0 0 0 0 0 0 0 0 0 0 0 0 0 0 0 0 0 0 0 0 0 1 4 4 3 5 15 25 25 38 28 60 61 53 60 35 14 9 5 5 2 1 0 0 0 0 0 0 0 0 0 0 0 0 0
0 0 0 0 0 0 0 0 0 0 0 0 0 0 0 0 0 0 0 0 0 0 0 0 0 0 0 0 0 0 0 0 0 0 0 0 0 0 0 0 0 0 0 0 0 0 0 0 0 0 0 0 0 0 0 0 0 0 0 0 0 0 1 5 4 8 5 16 23 37 23 16 26 31 67 34 14 11 19 18 7 3 2 1 1 1 0 0 0 0 0 0 0 0 0 0
0 0 0 0 0 0 0 0 0 0 0 0 0 0 0 0 0 0 0 0 0 0 0 0 0 0 0 0 0 0 0 0 0 0 0 0 0 0 0 0 0 0 0 0 0 0 0 0 0 0 0 0 0 0 0 0 0 0 0 0 0 1 2 2 4 8 11 13 13 20 62 34 33 41 55 37 53 33 23 20 10 5 2 1 0 0 0 0 0 0 0 0 0 0 0 0
0 0 0 0 0 0 0 0 0 0 0 0 0 0 0 0 0 0 0 0 0 0 0 0 0 0 0 0 0 0 0 0 0 0 0 0 0 0 0 0 0 0 0 0 0 0 0 0 0 0 0 0 0 0 0 0 0 0 0 0 1 1 1 3 6 12 7 19 19 32 30 20 50 55 73 66 31 10 5 4 2 1 0 0 0 0 0 0 0 0 0 0 0 0 0 0
0 0 0 0 0 0 0 0 0 0 0 0 0 0 0 0 0 0 0 0 0 0 0 0 0 0 0 0 0 0 0 0 0 0 0 0 0 0 0 0 0 0 0 0 0 0 0 0 0 0 0 0 0 0 0 0 0 0 0 1 2 2 2 7 9 7 8 8 8 16 27 22 24 25 59 54 47 34 7 4 2 1 0 0 0 0 0 0 0 0 0 0 0 0 0 0
0 0 0 0 0 0 0 0 0 0 0 0 0 0 0 0 0 0 0 0 0 0 0 0 0 0 0 0 0 0 0 0 0 0 0 0 0 0 0 0 0 0 0 0 0 0 0 0 0 0 0 0 0 0 0 0 0 0 0 1 3 3 4 3 7 7 12 39 37 22 43 48 35 42 63 69 36 24 15 6 4 1 1 0 1 1 0 0 0 0 0 0 0 0 0 0
0 0 0 0 0 0 0 0 0 0 0 0 0 0 0 0 0 0 0 0 0 0 0 0 0 0 0 0 0 0 0 0 0 0 0 0 0 0 0 0 0 0 0 0 0 0 0 0 0 0 0 0 0 0 0 0 0 0 1 2 2 3 5 5 4 6 11 19 25 26 42 55 32 47 73 71 37 23 14 6 3 1 1 0 1 1 0 0 1 1 0 0 0 0 0 0
0 0 0 0 0 0 0 0 0 0 0 0 0 0 0 0 0 0 0 0 0 0 0 0 0 0 0 0 0 0 0 0 0 0 0 0 0 0 0 0 0 0 0 0 0 0 0 0 0 0 0 0 1 0 1 0 1 0 0 2 3 4 7 11 8 3 3 6 10 28 29 32 30 31 58 71 41 46 24 6 2 1 1 1 2 1 1 1 1 1 0 0 0 0 0 0
0 0 0 0 0 0 0 0 0 0 0 0 0 0 0 0 0 0 0 0 0 0 0 0 0 0 0 0 0 0 0 0 0 0 0 0 0 0 0 0 0 0 0 0 0 1 0 0 0 0 0 0 0 0 1 1 1 1 1 2 3 4 4 8 12 17 12 8 8 16 25 29 25 30 45 70 42 35 19 4 3 1 4 2 4 3 4 3 1 0 0 0 0 0 0 0
0 0 0 0 0 0 0 0 0 0 0 0 0 0 0 0 0 0 0 0 0 0 0 0 0 0 0 0 0 0 0 0 0 0 0 0 0 0 0 0 0 0 0 0 0 0 0 0 0 0 0 0 0 0 0 0 2 9 2 3 4 4 5 7 11 22 24 19 13 26 27 24 45 62 60 69 58 41 25 9 5 5 7 3 7 3 1 0 0 0 0 0 0 0 0 0
0 0 0 0 0 0 0 0 0 0 0 0 0 0 0 0 0 0 0 0 0 0 0 0 0 0 0 0 0 0 0 0 0 0 0 0 0 0 0 0 0 0 0 0 0 1 0 1 0 1 0 0 0 0 0 1 1 2 3 7 15 10 6 7 11 25 40 29 21 28 28 31 51 47 65 67 44 39 28 19 8 9 8 14 9 4 1 0 0 0 0 0 0 0 0 0
0 0 0 0 0 0 0 0 0 0 0 0 0 0 0 0 0 0 0 0 0 0 0 0 0 0 0 0 0 0 0 0 0 0 0 0 0 0 0 0 0 0 0 1 0 0 0 1 1 1 1 1 0 0 0 1 1 2 2 3 4 5 10 29 14 14 18 28 18 34 21 19 16 29 53 73 50 47 28 19 21 35 12 15 17 7 1 1 1 1 0 0 0 0 0 0
0 0 0 0 0 0 0 0 0 0 0 0 0 0 0 0 0 0 0 0 0 0 0 0 0 0 0 0 0 0 0 0 0 0 0 0 0 0 0 0 0 0 1 0 0 0 1 0 0 2 4 2 1 1 0 2 1 1 1 3 7 4 11 6 26 17 9 8 14 11 44 59 48 51 46 62 28 28 29 39 56 24 32 14 4 3 1 0 0 0 0 0 0 0 0 0
0 0 0 0 0 0 0 0 0 0 0 0 0 0 0 0 0 0 0 0 0 0 0 0 0 0 0 0 0 0 0 0 0 0 0 0 0 0 0 0 0 0 0 0 0 0 1 1 0 1 1 2 3 1 1 1 1 2 2 3 3 9 12 21 23 50 24 16 22 21 35 51 43 68 47 74 29 58 66 60 55 51 30 19 10 3 2 0 0 0 0 0 0 0 0 0
0 0 0 0 0 0 0 0 0 0 0 0 0 0 0 0 0 0 0 0 0 0 0 0 0 0 0 0 0 0 0 0 0 0 0 0 0 0 0 0 0 0 0 0 1 1 0 1 3 1 2 2 6 3 3 1 1 2 6 3 4 5 11 11 16 26 46 37 18 24 37 69 43 46 73 69 73 68 59 72 67 52 21 5 3 2 1 0 0 0 0 0 0 0 0 0
0 0 0 0 0 0 0 0 0 0 0 0 0 0 0 0 0 0 0 0 0 0 0 0 0 0 0 0 0 0 0 0 0 0 0 0 0 0 0 0 0 0 1 1 0 2 2 1 2 3 2 4 6 4 4 2 2 4 4 5 6 5 6 6 10 15 26 52 34 28 29 64 34 32 45 66 71 81 76 73 34 21 12 6 3 1 0 0 0 0 0 0 0 0 0 0
0 0 0 0 0 0 0 0 0 0 0 0 0 0 0 0 0 0 0 0 0 0 0 0 0 0 0 0 0 0 0 0 0 0 0 0 0 0 0 0 0 1 0 1 2 2 1 2 2 9 10 5 3 26 8 7 7 6 5 9 7 8 7 10 10 25 37 42 53 68 50 24 55 37 69 71 47 68 71 71 40 17 13 4 3 2 2 1 0 0 0 0 0 0 0 0
0 0 0 0 0 0 0 0 0 0 0 0 0 0 0 0 0 0 0 0 0 0 0 0 0 0 0 0 0 0 0 0 0 0 0 0 0 0 0 0 0 1 1 1 3 2 7 4 8 10 14 12 12 22 12 9 8 8 7 13 9 6 9 14 15 23 25 48 43 21 58 56 50 58 57 49 40 43 32 51 60 29 19 12 10 5 2 2 1 0 0 0 0 0 0 0
0 0 0 0 0 0 0 0 0 0 0 0 0 0 0 0 0 0 0 0 0 0 0 0 0 0 0 0 0 0 0 0 0 0 0 0 0 0 0 0 0 1 1 1 3 4 9 11 14 11 27 30 37 39 30 27 25 16 8 23 19 12 6 10 17 35 34 51 65 73 55 58 51 74 50 63 46 44 36 15 11 28 19 13 6 3 2 1 1 0 0 0 0 0 0 0
0 0 0 0 0 0 0 0 0 0 0 0 0 0 0 0 0 0 0 0 0 0 0 0 0 0 0 0 0 0 0 0 0 0 0 0 0 0 0 0 1 1 1 3 5 5 6 5 11 24 30 41 48 49 56 39 38 37 25 37 18 15 9 10 19 11 30 41 56 63 60 49 34 59 60 57 47 43 39 35 23 16 17 9 6 3 7 1 0 0 0 0 0 0 0 0
0 0 0 0 0 0 0 0 0 0 0 0 0 0 0 0 0 0 0 0 0 0 0 0 0 0 0 0 0 0 0 0 0 0 0 0 0 0 0 0 0 1 2 1 8 17 7 11 17 23 40 48 56 54 45 66 50 51 52 51 28 34 13 21 26 40 26 37 40 50 45 55 72 51 66 46 56 56 57 49 30 22 14 4 4 3 2 1 1 0 0 0 0 0 0 1
0 0 0 0 0 0 0 0 0 0 0 0 0 0 0 0 0 0 0 0 0 0 0 0 0 0 0 0 0 0 0 0 0 1 1 1 0 0 0 0 0 0 0 2 5 7 17 25 21 27 44 53 58 59 72 78 62 61 62 60 56 41 22 35 38 39 26 24 28 37 41 52 64 64 47 51 69 69 50 48 46 25 13 5 2 3 2 1 0 0 0 0 0 0 0 1
0 0 0 0 0 0 0 0 0 0 0 0 0 0 0 0 0 0 0 0 0 0 0 0 0 0 0 0 0 0 0 0 0 0 0 0 1 1 1 2 5 1 1 1 2 2 6 41 44 50 25 53 58 71 79 50 50 75 71 68 68 62 46 45 66 57 36 24 30 29 35 38 39 73 72 60 59 71 62 43 35 29 23 6 2 2 1 0 0 0 0 0 0 0 1 1
0 0 0 0 0 0 0 0 0 0 0 0 0 0 0 0 0 0 0 0 0 0 0 0 0 0 0 0 0 0 0 0 0 1 1 0 0 0 0 1 2 5 3 1 2 8 8 29 29 50 61 48 62 67 67 72 67 44 80 80 72 67 50 48 64 56 41 24 33 39 37 47 49 63 71 56 63 67 55 42 38 39 20 9 4 1 1 0 0 0 0 0 0 0 1 1
0 1 0 0 0 0 0 0 0 0 0 0 0 0 0 0 0 0 0 0 0 0 0 0 0 0 0 0 0 0 0 0 0 1 1 0 0 0 0 0 1 1 5 11 16 10 14 8 8 13 17 32 60 63 58 72 59 65 58 80 74 68 54 53 74 41 28 25 22 37 44 60 71 74 55 50 48 55 40 29 27 21 14 8 2 1 1 1 0 0 0 0 0 0 0 1
0 1 1 0 0 0 0 0 0 0 0 0 0 0 0 0 0 0 0 0 0 0 0 0 0 0 0 0 0 0 0 0 0 0 0 0 0 0 0 0 0 1 1 7 9 8 4 3 11 11 18 27 56 51 57 74 77 74 78 72 70 75 70 67 46 26 43 42 20 29 32 45 64 40 37 31 33 35 21 21 24 18 7 5 2 1 1 1 1 0 0 0 0 0 0 1
1 1 0 0 0 0 0 0 0 0 0 0 0 0 0 0 0 0 0 0 0 0 0 0 0 0 0 0 0 0 0 0 0 0 0 0 0 0 0 0 0 1 1 1 2 3 2 8 17 14 14 43 21 45 71 46 77 64 48 50 82 78 74 49 20 28 42 50 36 45 46 35 61 31 41 33 35 33 41 31 21 14 10 9 5 2 2 1 1 0 0 0 0 0 0 0
2 0 0 0 0 0 0 0 0 0 0 0 0 0 0 0 0 0 0 0 0 0 0 0 0 0 0 0 0 0 0 0 0 0 0 0 0 0 0 0 1 1 0 1 1 1 5 9 14 14 20 20 29 44 33 43 46 43 36 37 26 54 63 50 50 29 67 69 54 49 60 68 75 69 60 60 58 53 54 38 28 30 19 16 8 2 1 1 1 0 0 0 0 0 0 0
2 1 0 0 0 0 0 0 0 0 0 0 0 0 0 0 0 0 0 0 0 0 0 0 0 0 0 0 0 0 0 0 0 0 0 0 0 0 0 0 0 0 1 1 1 1 3 5 8 18 16 16 29 28 29 42 42 56 60 47 38 51 64 58 74 45 60 74 71 40 48 77 52 68 74 70 67 58 56 53 46 32 12 8 5 2 1 1 0 0 0 0 0 0 0 0
2 2 2 1 0 0 0 0 0 0 0 0 0 0 0 0 0 0 0 0 0 0 0 0 0 0 0 0 0 0 0 0 0 0 0 0 0 0 0 0 0 0 0 1 1 1 2 7 18 25 20 29 26 43 25 44 44 24 38 50 45 48 70 91 93 75 71 69 60 45 45 29 21 39 34 34 32 38 47 43 27 18 12 10 8 4 1 1 0 0 0 0 0 0 0 0
5 4 2 1 0 0 0 0 0 0 0 0 0 0 0 0 0 0 0 0 0 0 0 0 0 0 0 0 0 0 0 0 0 0 0 0 0 0 0 0 0 0 0 0 1 2 2 1 10 9 13 15 11 19 36 38 16 20 33 51 56 53 51 63 44 76 60 67 30 21 54 64 56 52 47 50 43 25 14 21 26 12 10 20 7 3 2 1 1 0 0 0 0 0 0 0
4 4 1 1 0 0 0 0 0 0 0 0 0 0 0 0 0 0 0 0 0 0 0 0 0 0 0 0 0 0 0 0 0 0 0 0 0 0 0 0 0 0 0 0 1 2 1 1 4 4 5 2 3 3 4 5 9 27 29 34 53 58 45 44 33 45 41 19 45 41 25 46 72 67 37 36 54 56 62 53 37 20 5 8 10 4 2 2 1 0 0 0 0 0 0 0
5 4 1 0 0 0 0 0 0 0 0 0 0 0 0 0 0 0 0 0 0 0 0 0 0 0 0 0 0 0 0 0 0 0 0 0 0 0 0 0 0 0 1 1 1 2 1 1 1 1 1 1 3 4 4 7 12 11 31 24 35 26 32 22 18 16 34 30 41 45 42 29 29 51 28 30 58 71 59 50 29 12 8 10 7 2 1 1 1 1 0 0 0 0 0 1
5 2 1 1 1 1 1 0 0 0 0 0 0 0 0 0 0 0 0 0 0 0 0 0 0 0 0 0 0 0 0 0 0 0 0 0 0 0 0 0 0 0 0 1 1 1 1 1 1 1 3 6 7 11 13 20 14 26 13 12 22 47 47 34 49 47 45 32 50 38 53 56 26 43 42 52 63 54 40 25 15 13 7 4 3 1 0 0 1 1 0 0 0 0 1 1
4 2 2 1 2 1 0 0 0 0 0 0 0 0 0 0 0 0 0 0 0 0 0 0 0 0 0 0 0 0 0 0 0 0 0 0 0 0 0 0 0 0 0 0 0 1 1 2 2 2 1 8 21 20 25 34 38 28 42 20 31 43 69 64 48 62 57 53 41 46 60 72 36 45 37 44 73 62 49 41 23 16 6 3 6 1 1 2 1 0 0 0 0 0 1 2
3 2 3 3 2 1 1 0 0 0 0 0 0 0 0 0 0 0 0 0 0 0 0 0 0 0 0 0 0 0 0 0 0 0 0 0 0 0 0 0 0 0 0 0 0 1 2 4 6 4 8 17 16 25 29 33 41 44 50 53 39 50 50 62 66 69 61 55 33 24 30 30 25 28 46 61 49 39 32 16 21 16 7 2 0 1 1 1 1 0 0 0 0 0 1 1
2 4 6 6 2 1 1 1 1 1 0 0 0 0 0 0 0 0 0 0 0 0 0 0 0 0 0 0 0 0 0 0 0 0 0 0 0 0 0 0 0 0 0 0 0 1 1 3 8 15 30 29 19 21 40 56 41 47 66 63 55 39 45 60 49 36 45 39 22 43 49 33 23 30 40 34 37 22 21 17 16 4 2 2 3 2 1 1 1 0 0 0 0 0 0 1
3 6 5 7 5 1 1 2 2 1 1 0 0 0 0 0 0 0 0 0 0 0 0 0 0 0 0 0 0 0 0 0 0 0 0 0 0 0 0 0 1 1 1 0 0 1 1 1 3 3 15 32 51 44 38 60 46 57 74 71 73 37 29 30 30 32 35 44 18 49 41 45 32 29 16 15 16 7 10 11 8 7 9 4 9 2 1 1 0 0 0 0 0 1 1 1
9 8 9 10 6 4 4 3 3 1 1 0 0 0 0 0 0 0 0 0 0 0 0 0 0 0 0 0 0 0 0 0 0 0 0 0 0 0 0 1 2 3 2 1 2 1 1 3 3 5 8 16 25 60 60 54 74 69 52 63 75 74 59 39 25 15 26 42 25 49 55 45 30 21 23 35 30 39 41 29 25 28 19 8 4 2 2 1 0 0 0 0 1 1 1 2
23 13 8 4 10 6 4 3 2 1 0 0 0 0 0 0 0 0 0 0 0 0 0 0 0 0 0 0 0 0 0 0 0 0 0 0 0 0 0 1 3 3 5 3 2 3 4 6 10 11 17 29 37 38 47 50 64 72 69 70 46 61 48 74 68 31 24 31 49 64 61 60 58 54 25 37 53 69 59 49 42 19 5 2 4 2 0 0 0 0 0 0 0 1 2 2
36 19 8 3 5 5 2 1 0 0 0 0 0 0 0 0 0 0 0 0 0 0 0 0 0 0 0 0 0 0 0 0 0 0 0 0 1 1 0 1 2 4 6 9 6 5 9 10 14 25 19 33 42 42 47 54 37 43 64 61 62 60 35 46 40 36 16 43 59 49 49 42 41 50 45 68 49 42 59 49 34 10 11 6 3 2 1 0 0 0 0 0 0 1 3 7
26 17 5 2 2 2 1 1 0 0 0 1 0 0 0 0 0 0 0 0 0 0 0 0 0 0 0 0 0 0 0 0 0 0 0 1 0 2 2 1 2 5 8 12 13 6 13 20 30 31 25 54 53 49 50 52 54 19 21 27 17 22 43 49 23 45 42 69 32 23 24 28 37 54 71 72 65 33 45 26 20 14 9 5 3 1 1 0 0 0 0 0 0 1 1 4
21 10 3 2 1 1 1 1 1 1 1 0 0 0 0 0 0 0 0 0 0 0 0 0 0 0 0 0 0 0 0 0 0 1 1 1 1 2 1 3 8 6 13 15 19 8 12 22 27 36 44 52 51 55 56 39 34 38 45 43 39 47 42 38 40 7 30 16 16 18 42 66 69 69 59 66 67 61 50 30 26 13 10 6 3 1 0 0 0 0 1 1 1 1 1 2
29 16 12 8 6 3 4 3 3 2 1 1 0 0 0 0 0 0 0 0 0 0 0 0 0 0 0 0 0 0 0 0 0 1 2 2 3 3 2 3 3 4 2 3 7 15 29 27 34 32 40 51 50 54 53 63 52 22 65 68 48 42 40 36 45 17 29 37 49 44 61 63 68 78 69 51 65 51 50 28 24 25 12 4 2 0 0 0 0 1 1 1 1 1 2 3
40 25 32 23 8 1 0 1 2 1 1 1 1 0 0 0 0 0 0 0 0 0 0 0 0 0 0 0 0 0 1 1 0 1 2 3 5 4 5 2 4 5 5 4 4 5 21 40 45 48 31 35 50 53 54 55 53 70 54 41 50 63 66 65 35 14 28 51 56 57 63 41 55 57 53 55 58 65 59 52 41 21 11 4 1 0 0 0 1 1 1 1 1 3 5 8
50 46 19 5 2 1 4 4 2 1 1 2 1 1 0 0 0 0 0 0 0 0 0 0 0 0 0 0 0 1 1 1 1 1 1 4 6 9 9 4 11 7 12 9 6 7 8 15 48 68 45 31 48 62 55 50 58 44 63 65 47 47 65 62 27 26 19 12 49 73 72 69 65 66 50 63 64 59 38 38 23 14 17 6 1 1 0 0 1 1 1 1 1 2 5 10
43 22 14 4 3 5 7 3 1 1 1 1 1 0 0 0 0 0 0 0 0 0 0 0 0 0 0 0 1 2 2 3 1 0 1 2 3 5 8 11 18 22 15 21 21 7 9 38 50 60 49 34 40 41 67 50 46 54 36 40 42 58 62 46 39 28 38 44 40 31 59 70 68 79 69 53 74 56 36 26 30 18 4 10 2 0 0 0 1 1 2 2 2 2 3 4
19 23 26 7 6 11 5 4 5 3 1 1 0 0 0 0 0 0 0 0 0 0 0 0 0 0 0 1 1 1 4 4 2 1 1 2 2 4 2 15 19 31 29 16 37 18 18 45 51 31 66 36 44 42 42 74 62 54 77 67 39 38 48 56 33 33 31 28 39 61 64 71 72 56 75 59 43 36 48 19 21 15 4 1 1 0 0 0 0 1 2 2 5 8 9 5
24 24 28 27 23 16 11 7 3 1 1 0 0 0 1 0 0 0 0 0 0 0 0 0 0 0 0 0 1 1 1 2 4 5 4 3 3 4 5 9 11 23 30 46 36 33 27 49 44 38 59 63 25 43 45 25 24 26 51 53 59 27 34 39 28 47 42 52 41 61 71 64 50 63 47 64 46 46 38 26 21 5 1 0 0 0 0 1 1 1 1 1 6 11 10 11
53 47 44 28 24 14 5 5 2 1 0 0 1 1 0 0 0 0 0 0 0 0 0 0 0 0 0 0 1 1 3 4 6 10 9 7 4 5 11 8 15 11 18 54 55 51 38 57 26 29 48 30 31 34 39 47 29 26 25 29 28 56 58 46 35 25 45 53 33 27 17 24 34 26 43 38 45 43 28 22 13 5 1 0 0 0 0 1 1 1 1 1 3 6 8 13
55 42 33 33 19 5 2 2 2 1 1 2 2 0 0 0 0 0 0 0 0 0 0 0 0 0 1 1 1 1 3 7 11 12 12 21 6 4 8 15 16 19 26 41 61 49 36 54 63 60 41 57 82 42 47 52 41 27 27 36 15 18 31 32 46 19 25 37 61 58 40 32 29 7 7 12 19 19 24 14 6 3 2 0 0 0 0 1 0 1 1 2 4 2 5 6
51 32 23 22 12 7 5 2 3 4 2 1 0 0 0 0 0 0 0 0 0 0 0 0 0 1 1 2 2 3 4 8 25 19 12 28 14 10 12 13 25 23 38 41 60 45 32 46 64 77 55 54 71 67 39 51 51 49 29 35 44 36 28 24 49 14 38 65 57 62 61 60 41 35 25 15 6 10 11 15 8 1 0 0 0 0 0 1 1 1 1 2 3 3 9 14
30 26 33 16 15 11 7 10 2 1 0 0 1 1 0 0 0 0 0 0 0 0 0 0 0 0 1 2 5 5 15 19 27 35 35 19 29 21 16 22 37 39 46 50 34 49 71 50 38 24 51 49 27 56 61 44 54 49 30 16 22 45 33 27 32 49 50 51 57 61 64 54 35 52 48 41 28 16 7 4 4 1 0 0 0 0 0 0 1 1 1 2 3 3 5 7
48 30 41 23 17 35 17 4 2 1 1 2 2 1 0 0 0 0 0 0 0 0 0 0 0 1 1 3 5 9 14 30 52 52 46 45 35 49 39 29 50 61 49 30 42 63 72 68 42 45 45 59 56 38 48 49 49 40 41 29 15 32 38 12 10 26 37 50 55 61 74 80 62 51 55 53 58 29 12 3 2 1 0 0 0 0 0 0 1 1 1 2 4 5 6 9
46 40 23 17 14 7 9 9 8 7 4 1 1 0 0 0 0 0 0 0 0 0 0 0 1 1 1 2 4 6 8 24 39 70 65 37 45 61 61 36 41 72 53 48 34 57 70 69 78 61 49 46 62 72 58 28 52 61 55 27 16 14 16 13 30 21 59 71 83 55 41 67 73 43 14 20 29 28 10 2 1 0 0 0 0 0 0 0 1 1 2 2 3 5 6 8
28 33 27 15 6 3 1 7 4 2 2 1 0 0 0 0 0 0 0 0 0 0 0 1 1 2 3 2 3 2 6 12 22 52 76 35 29 73 72 43 42 65 71 47 45 58 58 71 73 68 24 23 48 60 37 34 45 45 46 61 23 16 19 18 20 44 22 18 41 84 55 34 43 45 14 8 9 21 8 2 1 0 0 0 0 0 0 0 1 1 2 2 3 4 10 14
29 28 18 14 15 13 5 6 3 2 1 0 0 0 0 0 0 0 0 0 0 0 0 0 1 2 3 3 7 8 7 10 13 25 48 73 42 43 79 74 48 48 71 57 44 54 55 69 77 72 55 24 67 54 47 36 31 11 16 27 15 10 8 21 27 27 28 50 53 63 66 39 30 10 6 3 1 6 6 1 0 0 0 0 0 0 0 1 1 1 1 1 3 4 4 7
16 13 9 12 7 8 3 6 2 2 1 0 0 0 0 0 0 0 0 0 0 0 0 0 1 1 2 2 3 3 15 11 15 14 34 56 81 49 31 72 67 49 74 61 37 50 53 66 55 62 71 36 36 41 31 42 22 17 17 9 12 21 16 37 23 37 47 42 38 67 63 38 26 29 14 6 1 1 3 1 0 0 0 0 0 0 0 1 1 1 1 4 5 8 8 9
22 18 24 31 11 9 3 4 2 1 1 0 0 0 0 0 0 0 0 0 0 0 0 0 0 1 1 4 6 5 18 39 59 53 61 76 72 67 55 40 42 66 68 52 37 38 57 66 64 43 68 35 37 36 36 45 36 16 19 29 22 18 20 31 72 58 64 59 47 49 28 38 39 37 21 8 3 1 0 0 0 0 0 0 0 1 0 0 1 1 2 2 5 7 11 17
32 29 22 18 11 10 5 3 2 1 0 0 0 0 0 0 0 0 0 0 0 0 0 0 0 1 1 1 2 11 15 26 38 49 26 27 47 72 71 71 41 34 76 52 36 45 44 30 66 45 31 47 17 35 21 19 42 13 21 20 16 13 29 32 59 55 41 43 33 32 53 53 57 37 25 11 1 1 0 0 0 0 0 0 0 0 0 0 0 1 1 1 2 2 5 10
7 10 11 11 8 7 7 4 3 1 1 1 0 0 0 0 0 0 0 0 0 0 0 0 0 0 0 2 3 4 11 8 8 13 30 53 63 44 61 79 80 66 66 52 59 36 37 30 18 24 28 15 41 22 37 11 13 23 8 13 7 11 13 20 19 17 31 48 49 62 68 60 35 24 7 11 4 2 0 0 0 0 0 0 0 0 0 1 1 2 1 3 4 2 6 14
5 3 6 6 4 3 6 4 2 2 1 1 1 0 0 0 0 0 0 0 0 0 0 0 0 0 0 1 1 2 5 10 10 26 39 48 44 51 48 74 56 38 43 49 63 58 49 27 22 51 23 28 17 33 43 19 9 7 18 7 15 18 41 40 48 41 56 62 63 65 69 48 40 23 6 2 2 1 0 0 0 0 0 0 0 0 1 1 1 0 1 2 2 3 3 5
9 8 8 5 2 1 1 3 3 2 1 1 0 0 0 0 0 0 0 0 0 0 0 0 0 0 0 0 0 1 3 9 13 40 49 50 54 44 47 35 42 37 35 27 38 46 67 33 26 25 12 14 25 24 40 22 22 20 10 12 41 23 46 71 55 54 56 58 59 76 72 69 48 22 9 4 1 0 0 0 0 0 0 0 0 0 0 1 1 1 2 2 4 6 6 8
20 19 8 6 5 4 4 4 1 1 1 1 0 0 0 0 0 0 0 1 1 0 1 1 1 0 1 1 1 2 2 4 13 27 60 60 41 56 45 34 44 47 47 47 33 27 21 48 34 20 21 19 17 23 5 41 27 10 9 24 37 49 42 79 76 81 81 48 30 26 63 71 85 51 9 4 2 1 0 0 0 0 0 0 0 0 1 1 1 2 3 5 4 7 13 9
30 13 12 24 17 9 6 4 2 1 1 0 0 0 0 0 0 0 0 1 2 1 1 2 2 1 1 3 3 3 5 3 11 25 47 36 56 42 42 36 46 36 33 52 33 19 20 17 19 11 25 17 10 13 19 7 5 11 6 28 56 55 53 83 89 80 81 91 78 55 46 52 63 42 33 10 4 1 0 0 0 0 0 0 1 1 1 1 2 2 3 4 7 6 8 20
10 4 2 13 8 4 4 1 1 0 0 0 0 0 0 0 0 0 1 1 2 4 3 3 3 2 3 3 4 4 5 7 7 21 30 28 24 37 41 35 54 46 46 61 38 30 32 23 24 10 37 14 6 5 15 26 2 6 21 23 38 28 19 59 84 70 73 85 91 79 34 16 10 15 18 1 0 0 0 0 0 0 0 0 0 0 0 1 1 2 4 3 4 5 10 15
