sesion_6_simulaciones/modelos_agentes/ejemplos_netlogo/scenarios/echam4_b2/rob_2035.asc
NCOLS 322 
NROWS 307 
XLLCORNER 451900 
YLLCORNER 4086900 
CELLSIZE 100 
NODATA_value -9999 
[rows 74 to 147 of 307, columns 96 to 191 of 322]
13 37 23 15 12 16 13 38 15 15 12 48 21 62 51 33 7 2 3 5 35 33 10 5 4 2 1 0 1 3 1 1 3 2 2 1 1 1 1 1 1 1 3 1 1 1 2 1 1 2 2 6 15 10 9 5 8 12 23 16 12 60 46 33 41 49 29 43 53 54 44 57 39 58 30 31 48 53 41 39 22 45 64 58 42 24 27 31 18 22 16 15 13 7 1 1
17 19 19 13 8 13 20 26 15 30 30 20 14 15 28 48 20 25 27 44 76 38 29 10 6 4 2 1 2 1 1 17 4 3 6 3 1 0 1 0 1 5 5 6 10 3 2 14 17 2 2 1 2 8 3 4 8 18 14 7 19 21 40 27 37 28 24 34 44 55 29 66 30 39 28 20 43 23 19 43 50 45 23 25 35 35 31 27 40 36 44 43 25 17 6 3
31 16 14 14 11 19 10 34 13 38 43 14 16 35 22 20 28 51 43 50 65 61 54 36 8 4 3 1 2 2 7 12 8 5 6 5 5 1 2 3 1 1 2 1 1 5 3 6 7 8 2 1 2 2 3 3 8 14 5 6 10 5 27 25 27 24 34 23 51 37 17 42 35 26 34 28 16 13 63 37 29 32 50 37 54 59 55 66 69 53 56 53 33 23 13 8
32 10 23 21 16 13 16 23 20 27 69 24 24 23 25 33 61 29 54 51 69 73 42 28 29 4 2 3 6 5 11 2 5 3 7 1 13 3 2 9 1 0 0 0 1 3 8 7 4 20 12 7 3 1 1 2 4 3 3 2 7 3 19 12 14 9 27 23 26 13 9 13 28 10 25 11 12 17 44 26 41 38 36 54 72 69 77 62 62 72 50 51 31 27 17 13
32 18 25 24 35 16 22 23 10 46 69 57 35 19 34 40 46 58 75 35 31 43 56 63 18 12 14 21 25 12 11 4 5 8 1 3 5 4 5 9 5 1 0 1 2 3 10 12 4 31 22 16 13 7 6 2 2 1 2 1 4 3 3 5 4 5 8 17 8 5 6 5 22 14 9 3 13 21 22 25 44 66 78 71 75 77 54 64 69 49 54 37 27 29 26 40
50 51 16 51 57 35 12 28 11 32 32 64 42 29 31 6 39 79 48 41 42 25 52 66 27 13 52 53 44 39 39 13 2 2 3 8 10 2 4 9 10 1 1 2 3 3 7 40 31 30 28 24 27 6 19 12 9 3 1 1 3 6 2 1 3 4 5 7 2 2 5 13 13 9 32 27 8 8 23 40 57 62 63 65 55 70 70 80 63 45 45 32 27 41 61 39
78 84 62 60 22 16 12 10 11 37 18 12 47 56 12 30 72 44 32 23 36 19 8 43 52 51 59 44 55 40 68 46 8 9 12 18 7 5 2 5 16 5 1 2 5 15 8 8 35 19 34 54 31 20 29 9 15 22 17 11 12 3 14 5 2 1 4 7 8 12 9 2 3 3 7 26 32 49 22 45 49 39 66 53 50 54 68 76 62 55 51 38 69 68 32 27
62 60 74 18 13 15 20 16 15 22 21 5 13 24 26 38 19 51 50 36 27 37 7 13 49 66 62 31 22 31 32 14 29 33 27 22 23 22 4 6 21 14 2 2 10 11 5 3 17 7 45 55 26 59 38 15 36 13 11 11 19 4 10 15 9 3 9 10 26 7 17 4 3 3 6 3 8 45 42 48 23 43 64 57 41 53 76 64 59 54 54 61 75 62 31 52
79 79 66 34 36 37 42 28 14 19 30 4 15 28 35 21 18 68 44 30 34 67 34 30 59 89 57 11 25 33 16 16 5 8 59 30 8 9 4 16 25 26 5 4 6 7 7 9 12 31 36 71 68 68 40 35 39 19 37 15 23 13 14 13 12 11 4 7 21 8 29 35 23 15 7 7 8 9 37 64 73 30 50 50 32 71 57 40 53 68 56 76 55 50 40 70
35 56 78 73 16 14 39 39 53 26 26 8 25 54 37 11 18 80 27 44 39 38 24 61 39 44 23 38 42 30 21 15 8 33 70 41 21 9 6 23 10 4 10 4 5 4 6 10 13 26 18 63 58 71 50 46 58 28 45 33 24 27 12 13 17 7 24 7 18 32 46 44 23 13 15 6 6 13 14 59 52 47 20 39 62 32 40 43 57 48 57 49 34 43 45 84
21 31 45 59 64 18 33 23 17 48 39 17 26 53 40 23 35 77 42 40 20 15 69 71 59 45 21 52 50 31 13 7 42 81 74 70 57 23 22 29 20 3 9 6 7 12 11 9 17 6 3 23 71 81 49 57 47 48 70 53 34 26 12 6 32 12 42 20 18 36 59 48 12 9 15 11 12 14 15 24 62 71 62 38 17 48 62 65 54 68 28 46 45 67 45 77
19 31 48 33 56 59 49 47 23 36 56 15 30 61 44 53 39 51 57 67 62 17 38 47 79 66 61 66 59 63 34 73 83 68 62 80 72 27 15 35 17 4 10 7 6 12 14 10 15 11 14 27 74 77 52 38 47 79 70 67 36 11 23 27 46 28 62 48 36 22 60 38 41 34 27 14 12 20 18 18 33 71 52 67 63 31 55 23 62 31 29 53 41 75 49 64
18 12 7 8 22 47 24 14 19 31 36 18 43 69 52 19 39 32 54 66 74 64 30 32 38 43 72 86 54 56 78 81 83 65 71 70 55 69 37 44 23 39 22 29 10 14 24 29 21 23 16 31 66 89 65 46 76 66 77 64 41 24 26 30 59 38 58 49 47 27 51 35 26 8 21 10 4 14 17 14 8 54 70 58 42 77 50 47 49 48 50 62 69 78 77 44
13 7 1 2 19 21 6 10 15 25 13 30 64 59 25 13 24 32 58 60 71 89 54 28 24 35 78 76 83 39 84 67 65 69 86 79 54 71 39 53 42 76 19 49 29 18 15 14 18 19 18 15 41 83 68 77 67 79 88 61 34 36 43 60 54 42 56 49 41 11 14 22 39 31 34 17 6 11 16 25 36 11 60 64 60 70 78 82 90 69 83 85 71 41 80 33
19 16 5 3 19 14 8 13 20 16 21 33 46 55 24 8 52 55 41 47 53 66 79 77 56 37 61 73 84 79 74 86 81 50 53 39 41 71 25 39 84 64 39 25 20 25 13 22 31 41 46 22 30 60 60 71 68 82 83 65 58 69 66 64 64 32 50 57 43 16 14 37 54 37 21 45 13 7 13 23 32 23 20 56 67 84 74 45 45 60 61 80 73 43 58 71
20 9 9 3 9 7 4 28 17 14 11 20 66 43 17 8 50 33 47 59 57 68 78 76 76 49 54 27 48 78 64 69 73 62 62 58 43 35 50 84 45 61 24 14 22 43 23 28 38 48 41 41 27 32 29 58 70 74 83 62 49 61 56 79 74 42 55 70 26 8 9 31 26 31 65 45 18 15 6 25 19 37 41 16 56 79 74 70 70 61 44 41 59 40 26 49
10 11 5 4 3 2 3 18 18 7 26 44 67 62 19 8 32 10 36 74 73 73 40 53 75 61 59 46 73 92 86 81 57 69 52 32 38 31 64 38 35 32 13 40 69 42 32 34 28 26 27 28 25 24 11 16 56 71 83 53 70 65 80 87 86 46 75 58 44 21 12 24 44 57 78 24 17 46 12 17 19 30 46 37 16 63 65 47 28 43 39 38 30 45 46 44
23 19 11 6 5 2 2 5 12 15 20 53 39 28 40 16 39 11 6 25 32 69 47 43 42 26 49 66 86 92 75 81 83 79 73 43 23 36 77 19 49 48 62 68 71 46 57 19 15 24 55 54 62 61 58 28 11 9 43 55 55 67 80 87 87 60 90 64 60 49 23 28 45 81 60 19 37 32 19 11 26 35 43 40 34 11 29 50 41 41 25 39 62 71 61 60
13 10 5 4 4 3 1 1 6 17 27 31 30 12 14 7 41 18 8 39 35 42 31 42 52 44 38 68 42 70 74 72 74 65 22 32 42 50 51 27 64 65 80 64 57 39 70 55 58 42 49 48 50 36 46 18 8 9 11 40 67 85 78 87 78 50 80 73 37 29 35 54 43 65 33 40 59 39 40 39 29 42 33 35 43 29 9 17 21 28 49 60 69 72 69 61
7 6 6 5 4 3 3 2 2 6 16 27 29 22 11 6 42 13 5 23 17 22 26 37 27 50 50 58 43 17 38 45 36 26 47 49 69 80 53 52 27 67 92 58 36 74 63 49 63 43 48 41 28 37 39 46 27 13 14 64 83 78 84 89 85 82 79 84 67 28 47 37 37 16 25 60 49 18 40 15 24 28 30 31 41 30 38 17 6 32 55 75 81 76 73 49
10 4 12 16 9 7 7 7 4 5 11 18 15 12 12 6 21 9 4 10 19 16 13 17 21 38 40 43 43 34 15 13 19 41 45 75 83 58 62 69 47 83 88 58 74 65 60 37 77 50 63 51 64 71 72 60 41 16 19 34 78 70 86 86 82 75 80 85 76 47 33 46 47 39 41 43 50 72 28 29 14 16 35 33 24 38 55 51 20 21 32 29 46 54 58 50
28 25 16 27 24 17 19 17 10 2 5 8 8 9 7 8 7 5 4 9 9 11 5 9 17 21 28 30 33 43 11 16 19 40 82 86 68 46 73 79 65 76 81 67 59 68 60 51 78 58 48 67 59 69 71 60 44 22 14 19 25 70 82 84 76 69 84 77 52 20 33 58 28 46 67 55 62 34 15 41 16 20 32 32 62 44 29 36 46 47 45 22 14 15 26 30
37 20 33 31 35 25 35 21 12 9 1 3 2 4 7 5 6 6 3 3 8 9 6 6 6 7 31 25 25 10 16 7 26 76 74 75 34 62 87 71 54 57 66 27 38 83 56 75 78 72 50 70 81 56 34 40 45 47 39 24 29 46 68 74 75 71 54 60 32 28 46 45 37 54 63 71 52 37 38 41 32 14 30 61 63 60 44 40 46 51 63 61 42 19 11 22
33 37 45 29 43 36 27 23 19 19 18 7 4 2 1 2 5 5 2 2 5 2 3 3 3 5 21 32 18 12 19 5 36 67 54 34 43 80 89 76 41 51 47 36 79 69 50 53 85 82 44 55 58 73 61 43 15 27 33 40 37 45 37 48 32 54 60 55 27 45 56 53 44 42 63 56 47 57 21 9 34 23 34 53 64 49 48 43 32 42 57 53 50 28 24 9
46 33 43 49 46 31 29 38 21 23 16 16 12 6 3 1 2 4 2 2 4 3 2 3 2 4 6 21 5 6 20 7 26 49 25 32 44 64 61 64 51 54 34 73 77 33 57 87 84 75 75 36 23 32 29 38 19 26 41 47 37 53 38 26 25 41 32 30 25 53 49 64 35 57 62 55 71 34 34 19 40 15 15 23 35 59 61 44 35 29 52 45 52 48 44 21
31 23 47 53 24 34 16 20 38 27 19 19 14 14 7 3 1 1 1 0 1 1 1 2 1 1 2 3 3 20 11 4 7 9 14 45 52 62 88 70 63 49 62 63 59 47 52 89 84 74 90 70 46 60 59 40 23 18 10 20 54 42 34 20 23 41 28 23 33 44 58 62 53 26 32 33 44 36 27 31 7 37 22 33 40 53 52 57 64 46 47 51 57 68 45 34
17 33 70 46 44 26 49 27 43 40 23 22 18 7 6 6 4 3 3 3 3 3 1 1 1 0 1 1 5 21 3 6 9 5 21 49 58 22 51 47 58 48 49 63 49 49 68 88 83 82 84 84 46 32 30 27 28 34 26 7 9 23 23 21 22 30 23 26 23 42 51 65 56 57 17 30 45 34 14 15 35 16 12 34 45 48 55 64 55 69 58 69 70 67 54 46
21 38 62 38 37 37 24 29 44 34 30 26 18 17 8 11 5 9 8 8 5 8 3 3 6 3 0 1 2 10 3 6 9 7 16 25 24 29 23 12 46 59 41 33 42 71 85 85 78 69 80 79 61 46 52 61 58 44 36 14 3 19 15 12 20 17 15 19 32 42 38 47 41 36 45 40 30 44 74 70 52 59 32 31 33 37 45 56 70 59 75 72 67 67 67 65
22 53 24 28 38 31 30 21 37 39 18 14 27 15 11 8 9 11 10 10 11 10 9 8 4 6 2 0 1 5 2 4 7 9 14 15 19 28 28 13 25 63 49 23 51 58 86 80 43 35 46 69 83 74 59 57 52 39 24 10 5 20 12 7 9 12 16 29 36 44 39 43 46 60 71 73 60 77 73 64 53 35 23 13 15 34 58 56 57 64 73 75 75 79 73 70
51 20 27 25 19 32 35 27 14 19 24 27 26 24 10 15 12 13 13 21 21 13 18 10 16 7 6 1 1 3 2 2 5 7 15 18 26 26 26 9 15 30 44 16 44 45 72 48 26 28 53 59 81 76 70 55 53 42 22 17 5 9 7 5 15 12 20 41 38 42 44 40 68 72 86 70 75 64 66 45 16 11 11 27 9 28 43 45 67 80 73 59 46 43 37 37
15 20 36 61 54 41 16 10 13 34 33 26 15 26 23 22 20 29 25 25 26 25 17 20 17 10 4 3 0 1 1 1 1 6 10 32 44 26 27 13 11 10 17 5 17 29 21 30 32 45 47 69 86 77 72 71 66 55 50 27 9 6 8 4 12 18 24 19 19 33 54 54 59 63 63 68 68 53 33 25 27 18 32 30 61 37 22 46 73 63 52 57 58 57 54 54
34 47 42 15 14 23 28 13 22 36 36 30 28 30 27 36 23 32 31 41 18 35 31 25 17 8 3 2 1 0 0 0 1 3 8 16 17 25 30 17 20 14 16 5 12 22 33 65 77 75 88 71 86 84 80 66 69 48 36 23 8 9 7 2 2 6 10 23 36 35 50 70 45 49 45 60 62 22 12 22 19 26 48 39 64 39 63 44 50 48 53 59 54 62 66 61
38 24 33 31 33 19 28 14 38 38 35 37 52 35 46 41 38 55 47 31 34 38 46 17 21 11 7 2 2 1 0 0 0 1 4 8 19 35 36 12 7 12 12 8 13 27 61 45 71 63 66 57 91 86 81 59 44 32 23 10 7 3 2 1 1 4 14 35 48 38 45 67 55 38 30 41 26 28 46 41 24 46 47 47 62 70 48 41 39 44 39 51 57 65 59 76
21 19 13 12 11 10 6 22 42 37 38 55 43 49 49 52 60 32 27 53 42 48 45 21 13 9 9 6 4 3 1 1 0 1 4 3 3 14 22 13 9 10 10 12 23 28 17 35 52 83 54 66 83 71 77 68 50 30 12 8 6 3 0 2 1 3 12 22 52 39 41 18 30 41 30 43 45 45 36 31 32 50 46 49 59 56 27 50 20 31 47 60 63 44 73 75
11 17 27 32 29 16 15 26 39 56 52 52 40 50 71 71 48 32 35 62 48 31 30 24 15 10 11 10 6 4 2 2 1 0 4 4 2 2 2 2 3 5 7 9 20 16 22 40 77 38 30 53 86 74 62 41 33 26 26 16 5 3 1 1 1 2 9 15 26 34 33 24 44 32 38 47 59 68 63 58 53 75 49 37 38 47 58 70 62 36 37 46 41 56 64 59
18 38 26 49 22 21 24 41 41 56 53 24 26 52 53 43 36 37 50 74 40 33 29 28 17 16 11 8 5 3 1 2 3 1 1 3 3 2 1 1 2 4 5 5 7 17 29 17 63 27 43 69 85 61 40 37 29 14 10 11 6 5 0 1 1 1 4 4 14 19 33 40 52 47 71 71 83 50 33 19 69 68 71 49 19 53 71 86 76 65 68 37 64 52 48 81
31 34 58 51 24 42 42 44 63 55 41 30 36 59 41 60 25 40 73 45 35 30 35 32 33 26 14 9 4 5 4 3 3 2 1 0 2 1 1 1 1 3 3 3 6 12 19 17 13 22 49 78 80 54 44 36 18 16 13 8 6 2 2 1 1 1 5 13 22 29 41 46 58 67 74 66 32 32 24 60 67 74 79 82 41 60 82 82 70 59 51 55 41 53 38 56
46 50 29 24 30 41 39 62 30 44 19 42 46 76 60 43 26 64 25 23 48 32 25 18 22 18 16 14 14 8 9 8 4 3 1 1 0 2 1 1 1 1 1 3 8 19 8 17 5 9 31 61 89 82 49 35 23 9 12 7 6 2 3 1 0 2 8 19 40 45 45 53 60 54 46 50 44 57 66 71 69 75 67 82 72 65 65 36 20 15 39 70 63 48 34 39
55 42 28 19 31 44 55 13 52 20 26 44 61 68 45 26 58 52 37 19 19 32 13 12 22 23 32 17 23 20 14 11 5 5 3 2 1 0 1 1 1 1 1 4 5 11 2 11 3 16 26 12 62 72 43 25 12 8 6 3 6 6 2 1 0 5 11 15 21 29 35 40 46 48 68 72 67 67 68 55 66 59 47 75 67 47 39 47 58 59 74 30 52 50 31 32
26 40 26 23 37 58 62 18 52 41 56 40 74 43 32 42 60 27 32 28 62 41 24 18 27 44 32 40 33 38 18 8 2 8 4 4 4 1 1 0 1 1 1 4 5 1 5 11 2 12 10 45 59 36 35 29 25 14 6 3 6 5 3 2 0 1 5 12 20 21 27 34 48 40 38 37 36 38 79 39 64 73 55 52 44 31 64 69 64 76 68 48 40 56 59 60
83 30 42 43 54 39 39 51 48 44 54 50 44 37 34 70 31 40 35 65 60 37 47 35 22 49 54 53 67 45 33 10 4 4 3 3 3 3 3 0 0 1 3 3 1 3 20 5 2 10 43 52 65 26 24 32 17 12 9 5 6 3 2 1 1 0 1 5 10 14 6 19 18 17 34 47 45 45 68 61 54 68 86 46 36 54 52 61 77 68 55 65 48 55 46 58
75 92 83 85 79 47 12 7 53 29 62 76 85 73 57 63 60 70 52 65 52 53 53 48 46 56 71 78 47 48 31 16 17 8 6 6 2 3 4 1 0 1 1 2 1 1 2 2 1 9 22 59 58 17 24 25 23 11 5 7 5 2 2 0 1 1 6 9 12 25 32 42 57 51 32 32 46 75 69 74 77 59 62 75 47 51 66 66 54 35 69 80 43 40 55 64
61 86 69 77 71 55 70 26 54 40 18 35 81 85 87 57 41 52 65 64 58 53 65 51 65 66 77 64 63 58 47 33 22 20 19 7 5 6 4 2 1 0 1 1 3 2 2 1 1 6 19 10 30 11 29 15 22 17 8 4 4 4 2 0 0 2 6 14 20 36 57 49 31 45 66 45 59 75 76 88 78 65 62 60 19 31 33 50 70 82 85 56 78 42 45 56
40 84 60 75 72 62 87 62 38 72 49 42 71 79 70 61 70 52 80 89 89 74 59 43 78 67 72 63 52 43 46 35 32 34 26 16 9 5 3 3 3 1 1 1 2 1 2 1 1 2 4 7 39 19 39 33 15 20 8 8 2 2 1 1 1 4 10 9 20 35 57 66 70 59 73 77 80 76 70 85 83 54 41 39 23 30 52 69 62 90 60 69 75 77 47 47
46 79 67 58 77 49 59 23 46 75 57 31 12 60 67 63 73 57 56 84 87 53 77 41 73 62 73 60 55 30 39 56 55 50 42 16 6 5 5 4 1 1 0 0 3 1 2 1 0 0 3 13 37 8 14 6 17 20 18 6 1 1 0 0 2 3 9 9 21 33 47 61 53 36 34 48 83 59 80 81 88 86 31 26 21 40 66 44 74 85 72 79 64 55 38 55
12 36 22 47 71 56 57 14 49 82 43 24 17 35 70 65 70 68 34 42 69 51 48 65 32 33 80 53 33 22 12 17 31 25 26 25 12 12 10 4 2 1 0 0 1 2 2 1 0 2 4 17 14 24 12 6 7 5 3 2 2 1 1 0 1 3 5 6 12 20 31 24 31 45 47 63 88 89 74 66 81 85 70 25 13 32 31 54 82 69 62 28 19 25 33 53
12 42 69 50 60 40 70 46 59 83 67 37 37 36 71 83 54 12 13 26 39 24 35 72 42 21 66 54 63 26 2 21 42 34 16 32 23 16 5 2 1 0 0 0 0 2 2 1 1 4 6 13 6 9 7 8 2 1 3 4 2 1 0 1 2 2 2 4 5 14 25 30 48 46 58 81 89 87 83 53 62 74 68 37 12 24 44 67 62 32 31 60 60 52 57 71
20 13 13 19 27 42 74 28 65 68 86 57 40 31 31 25 17 14 14 34 28 26 20 66 29 51 58 47 62 75 35 21 24 18 22 27 20 14 7 5 2 0 0 0 0 1 2 1 0 2 6 14 1 4 6 14 5 2 2 2 1 1 0 0 1 3 20 13 21 38 50 69 75 58 72 93 89 89 82 64 22 45 61 57 16 24 43 65 49 48 87 64 46 48 40 73
24 32 15 14 27 46 68 58 39 59 78 60 28 13 35 34 14 36 14 16 25 23 21 66 25 21 55 43 50 63 42 32 42 16 9 9 4 5 3 4 3 2 0 0 0 0 0 1 1 2 5 7 1 4 2 2 5 5 2 1 0 0 0 1 1 4 7 21 45 59 83 57 34 51 81 93 88 80 80 80 69 29 59 57 15 25 49 44 33 73 69 52 62 76 21 10
26 36 27 18 24 17 65 71 63 30 80 53 22 7 29 26 35 39 27 17 21 28 7 32 59 8 21 25 54 78 35 10 20 14 20 22 13 10 5 3 2 1 2 0 0 0 0 0 0 1 8 7 1 2 4 2 4 3 1 1 1 0 0 1 1 4 9 27 46 47 24 27 50 58 76 79 85 78 74 59 74 38 27 32 23 43 33 26 65 86 50 61 67 73 64 21
42 28 29 12 13 15 50 79 45 38 67 66 45 7 26 28 49 38 32 23 24 40 18 20 76 19 28 28 53 51 53 39 35 38 29 20 17 13 8 3 1 1 1 1 0 0 0 0 1 4 12 9 2 3 3 1 1 2 2 1 0 0 0 1 2 8 29 35 27 17 35 43 57 87 77 67 85 59 45 36 67 44 27 7 8 33 33 54 85 62 47 58 79 63 63 30
71 17 31 17 12 19 35 45 15 13 75 56 10 5 24 28 49 39 50 38 42 33 31 24 40 25 13 28 39 35 44 52 32 20 17 8 10 10 9 5 2 1 1 0 0 0 0 0 1 2 8 5 2 1 1 1 0 0 0 0 0 0 0 1 3 14 18 12 9 14 41 52 79 85 84 68 52 69 31 33 61 32 9 4 16 43 57 69 75 32 59 84 75 69 78 40
18 31 14 14 12 9 15 24 19 24 63 31 14 6 18 23 45 17 39 27 27 32 29 18 30 40 21 11 5 21 22 42 22 13 17 12 6 3 6 4 1 1 1 0 0 0 0 0 2 4 6 1 1 1 1 1 1 0 0 0 0 0 0 1 3 9 5 2 10 33 43 52 82 86 74 63 50 55 58 19 30 24 8 6 22 28 51 75 51 49 78 70 67 67 60 52
18 13 26 26 10 12 5 7 6 8 24 11 28 13 8 19 42 17 13 33 15 10 5 28 34 43 8 7 3 9 29 43 39 20 11 5 6 3 2 1 1 1 0 0 0 0 0 0 1 2 3 2 1 1 0 1 1 0 0 0 0 0 1 1 5 3 1 4 20 35 49 76 74 77 69 67 49 39 54 26 15 17 7 7 19 29 57 65 51 39 41 56 50 42 57 62
31 20 13 32 34 20 16 6 4 13 11 8 25 28 8 14 24 28 10 12 9 12 8 53 27 27 17 2 3 2 8 12 32 30 16 8 5 3 1 1 4 1 1 0 0 0 0 0 2 2 2 2 2 1 1 1 1 1 0 0 0 0 0 1 2 0 1 9 21 55 62 80 79 64 43 25 21 20 27 26 19 6 4 6 15 22 44 42 28 19 39 32 21 36 54 67
35 24 13 19 21 34 15 6 2 11 13 6 6 12 6 8 15 22 8 7 6 3 3 10 4 8 20 3 4 3 2 8 29 32 14 8 8 16 12 6 2 1 0 0 0 0 0 0 0 1 1 1 2 1 1 1 2 1 0 0 0 0 0 0 0 1 2 5 23 75 72 67 81 75 45 24 9 3 9 16 12 5 2 4 10 21 37 20 11 32 43 47 74 61 73 66
70 38 22 7 14 25 37 4 6 14 15 9 3 6 6 3 8 20 6 4 4 3 1 5 1 2 11 8 2 4 1 2 11 46 27 11 5 3 3 2 1 1 1 0 0 0 0 0 0 1 1 1 1 2 1 0 1 0 0 0 0 0 0 0 1 4 8 23 47 50 79 82 70 78 68 39 20 9 3 3 9 6 1 1 3 8 11 4 12 31 40 73 75 63 59 63
55 81 34 18 5 9 8 6 8 11 9 6 11 3 5 2 2 16 8 4 3 2 1 3 3 0 5 8 2 4 2 1 5 15 35 18 8 8 8 5 2 1 1 0 0 0 0 0 0 0 1 1 1 0 1 0 0 0 0 0 0 0 0 0 1 7 16 11 19 44 71 66 59 58 76 44 19 6 3 1 2 1 0 1 3 1 2 6 22 35 67 70 43 56 66 64
15 68 74 48 19 9 3 15 6 4 4 5 12 6 4 2 2 14 9 6 2 1 0 2 4 0 3 4 3 4 2 1 5 4 5 25 8 2 4 4 2 1 0 0 0 0 0 0 0 0 0 1 1 1 1 0 0 0 0 0 0 0 0 0 1 1 1 9 50 60 60 55 45 48 49 40 19 9 7 3 1 0 0 1 4 10 10 8 17 41 44 31 32 53 69 63
9 41 49 62 29 14 6 13 12 3 8 4 5 5 8 4 2 5 12 3 2 1 0 1 3 1 2 3 1 4 4 1 4 4 4 2 24 10 7 3 2 1 1 0 0 0 0 0 0 0 0 0 0 0 1 0 0 0 0 0 0 0 0 0 1 3 6 12 42 65 60 73 59 19 20 25 17 13 9 6 1 0 0 1 4 8 24 36 17 16 14 26 45 56 78 57
20 27 21 43 19 9 9 8 10 8 5 4 5 7 6 4 4 3 5 4 2 1 0 2 3 3 2 2 1 1 5 2 1 2 2 7 9 2 15 4 1 0 0 1 0 0 0 0 0 0 0 0 0 1 1 0 0 0 0 0 0 0 0 0 1 3 5 20 40 55 81 71 68 39 13 8 12 9 8 5 1 0 1 3 5 10 27 51 50 40 44 29 48 56 80 69
11 22 8 22 22 20 12 9 7 6 3 2 3 3 3 5 2 3 1 4 2 1 0 1 1 3 2 2 1 0 1 1 0 2 3 7 8 3 16 2 3 2 1 1 0 0 0 0 0 0 0 0 0 0 2 1 0 0 0 0 0 0 0 0 1 2 6 11 40 31 69 65 52 44 49 17 13 8 3 1 0 0 0 2 10 21 32 47 62 53 55 52 46 70 91 78
15 11 11 7 11 5 7 6 19 13 5 1 2 2 2 4 2 2 2 2 2 1 0 0 1 2 1 2 1 1 0 0 1 1 14 17 7 5 2 3 3 2 1 0 0 0 0 0 0 0 0 0 0 0 1 0 0 0 0 0 0 0 0 0 1 2 6 25 45 57 61 69 57 38 29 28 12 7 2 0 0 1 2 1 3 14 23 38 50 35 55 60 76 91 90 79
5 12 6 5 3 3 3 2 3 3 2 2 1 1 1 1 1 1 1 2 2 1 1 0 0 2 0 1 1 1 0 0 1 4 7 12 17 33 27 13 2 1 1 0 0 0 0 0 0 0 0 0 0 0 0 0 0 0 0 0 0 0 0 0 1 5 21 39 50 67 67 63 67 49 17 10 11 3 2 0 0 2 5 4 4 3 7 12 19 40 45 72 69 90 90 75
3 5 3 3 1 1 1 0 1 1 1 1 1 0 0 1 1 1 1 1 1 1 1 0 0 1 0 1 1 0 1 0 0 1 2 2 2 2 3 0 1 1 1 0 0 0 0 0 0 0 0 0 0 0 0 0 0 0 0 0 0 0 0 1 3 3 7 16 44 63 42 71 48 33 11 6 5 3 2 0 0 1 5 10 26 17 20 19 35 57 64 68 80 83 76 68
0 1 1 0 0 1 0 0 1 1 0 0 0 0 0 0 0 0 0 0 0 0 1 0 0 1 1 0 1 1 0 0 0 0 0 0 0 1 1 1 1 0 0 0 0 0 0 0 0 0 0 0 0 0 0 0 0 0 0 0 0 0 0 1 2 4 5 15 29 24 39 51 45 23 7 3 2 1 0 0 0 1 3 7 11 28 47 44 62 81 74 58 73 64 68 57
2 1 0 0 0 0 1 2 1 1 2 3 3 4 1 1 0 0 0 0 0 0 0 0 0 0 1 0 1 1 0 0 0 0 0 0 0 0 0 1 2 1 1 1 0 0 0 0 0 0 0 0 0 0 0 0 0 0 0 0 0 0 0 0 1 3 6 23 22 25 40 27 24 7 4 1 0 0 0 0 1 2 5 8 13 31 74 73 33 40 77 86 63 33 35 50
9 3 1 2 2 2 3 6 3 4 8 10 14 9 6 2 2 1 0 0 0 0 0 0 0 1 1 0 0 1 0 0 0 0 0 0 0 0 0 0 1 1 0 0 0 0 0 0 0 0 0 0 0 0 0 0 0 0 0 0 0 0 0 0 1 5 7 6 12 16 20 14 18 4 2 1 0 0 0 1 2 5 7 14 40 54 43 14 25 62 89 85 85 30 18 21
16 5 3 8 8 10 12 13 12 16 15 14 14 26 12 6 3 3 1 1 1 0 0 0 0 0 0 0 1 0 0 0 0 0 0 0 0 0 0 0 0 0 0 0 0 0 0 0 0 0 0 0 0 0 0 0 0 0 0 0 0 0 0 0 2 5 11 7 4 4 9 9 4 3 0 0 0 0 1 2 5 6 16 42 42 15 6 15 38 81 87 76 59 53 9 3
20 15 7 19 20 32 20 21 36 25 37 24 36 22 15 10 15 6 1 2 2 1 0 0 0 0 0 0 0 0 0 0 0 0 0 0 0 0 0 0 0 1 1 0 0 0 0 0 0 0 0 0 0 0 0 0 0 0 0 0 0 0 0 0 2 5 9 10 2 7 4 3 2 0 0 0 0 0 1 2 6 17 15 12 4 3 9 29 51 71 73 67 37 56 15 3
32 24 16 36 55 74 59 49 66 56 50 37 64 50 46 35 12 4 4 8 3 1 1 1 1 0 0 0 0 0 0 0 0 0 0 0 0 0 1 0 0 0 0 0 0 0 0 0 0 0 0 0 0 0 0 0 0 0 0 0 0 0 0 0 1 5 14 8 3 2 3 1 1 0 0 0 0 1 1 2 7 9 7 1 3 12 21 52 68 53 59 40 25 29 38 3
66 70 58 48 54 54 37 23 55 34 33 33 34 50 51 18 16 17 13 14 6 1 0 1 2 1 1 0 0 0 0 0 0 0 0 0 0 0 0 0 0 0 0 0 0 0 0 0 0 0 0 0 0 0 0 0 0 0 0 0 0 0 0 0 1 4 16 16 3 4 1 1 0 0 0 0 0 0 1 2 2 0 1 3 7 14 25 72 73 89 49 13 9 11 18 4
62 47 73 54 50 59 53 41 31 25 36 48 30 22 36 60 48 21 4 3 3 1 0 0 1 1 1 0 0 0 0 0 0 0 0 0 0 0 0 0 0 0 0 0 0 0 0 0 0 0 0 0 0 0 0 0 0 0 0 0 0 0 0 0 1 2 10 22 10 4 1 0 0 0 0 0 0 0 1 0 0 1 3 7 10 17 50 49 65 74 67 17 3 1 9 6
64 26 63 64 29 13 29 34 41 37 21 15 60 23 25 45 24 18 10 5 4 1 2 1 1 2 1 1 0 0 0 0 0 0 0 0 0 0 0 0 0 0 0 0 0 0 0 0 0 0 0 0 0 0 0 0 0 0 0 0 0 0 0 0 0 1 2 9 8 3 1 0 0 0 0 0 0 0 0 0 1 2 4 7 21 36 50 45 37 33 63 23 5 1 1 2
