sesion_6_simulaciones/modelos_agentes/ejemplos_netlogo/scenarios/echam4_b2/rob_2051.asc
NCOLS 322 
NROWS 307 
XLLCORNER 451900 
YLLCORNER 4086900 
CELLSIZE 100 
NODATA_value -9999 
[rows 74 to 147 of 307, columns 0 to 95 of 322]
0 0 0 0 0 0 0 0 0 0 0 0 0 0 0 0 0 0 0 0 0 0 0 0 0 0 0 0 0 0 0 0 0 0 0 1 2 2 2 1 1 1 1 0 0 0 0 0 0 0 0 0 0 0 0 0 0 0 0 0 0 1 2 2 1 1 1 2 2 4 5 4 3 1 9 31 17 15 20 49 56 12 18 17 22 10 3 2 5 6 4 7 4 4 8 7
0 0 0 0 0 0 0 0 0 0 0 0 0 0 0 0 0 0 0 0 0 0 0 0 0 0 0 0 0 0 0 0 0 0 0 1 1 1 3 3 1 1 1 1 0 0 0 0 0 0 0 0 0 0 0 0 0 0 0 0 0 1 3 4 2 2 4 3 2 1 2 5 5 3 8 45 17 6 5 35 33 22 18 8 3 13 13 6 5 4 6 10 11 6 5 28
0 0 0 0 0 0 0 0 0 0 0 0 0 0 0 0 0 0 0 0 0 0 0 0 0 0 0 0 0 0 0 0 0 0 0 1 1 2 1 1 1 5 1 1 1 0 0 0 0 0 1 0 0 0 0 0 1 0 0 0 0 2 1 4 3 3 5 4 7 4 4 2 2 2 6 44 61 17 7 6 28 26 13 4 4 30 30 26 19 5 2 3 11 15 13 23
0 0 0 0 0 0 0 0 0 0 0 0 0 0 0 0 0 0 0 0 0 0 0 0 0 0 0 0 0 0 0 0 0 0 0 0 0 0 0 1 3 1 1 1 2 2 1 0 0 1 1 0 0 0 1 0 0 0 0 0 1 1 1 3 2 3 5 5 6 9 9 9 10 7 4 8 31 24 15 5 29 44 10 4 18 45 11 37 32 16 5 14 27 26 20 13
0 0 0 0 0 0 0 0 0 0 0 0 0 0 0 0 0 0 0 0 0 0 0 0 0 0 0 0 0 0 0 0 0 0 0 0 0 0 1 1 1 3 1 2 2 5 3 2 2 1 1 0 1 0 0 0 0 0 1 1 1 0 1 0 1 3 3 7 6 7 9 16 10 11 5 2 2 9 12 6 12 14 8 8 28 12 6 5 5 17 13 15 12 19 23 22
0 0 0 0 0 0 0 0 0 0 0 0 0 0 0 0 0 0 0 0 0 0 0 0 0 0 0 0 0 0 0 0 0 1 2 2 1 0 1 1 2 5 4 1 1 2 7 8 13 14 8 3 2 1 1 0 0 1 1 1 0 0 0 0 0 1 1 1 1 6 10 9 11 14 9 7 4 9 3 2 6 11 8 13 21 8 16 11 6 15 18 38 57 47 35 37
0 0 0 0 0 0 0 0 0 0 0 0 0 0 0 0 0 0 0 0 0 0 0 0 0 0 0 0 0 0 0 0 0 0 2 5 1 1 1 3 3 3 7 4 1 1 3 9 27 43 58 49 33 6 4 2 1 1 1 1 1 0 0 0 1 1 1 1 2 5 9 8 11 14 13 7 6 3 2 0 3 10 10 15 14 18 7 7 8 16 57 58 59 31 35 59
0 0 0 0 0 0 0 0 0 0 0 0 0 0 0 0 0 0 0 0 0 0 0 0 0 0 0 0 0 0 0 0 0 0 0 3 4 1 1 3 6 16 8 13 9 3 2 1 1 2 12 15 26 34 18 5 2 1 1 1 0 1 0 1 0 0 1 1 1 2 3 11 10 14 15 9 3 0 1 1 2 6 5 20 8 15 23 24 14 13 10 7 27 17 24 43
0 0 0 0 0 0 0 0 0 0 0 0 0 0 0 0 0 0 0 0 0 0 1 0 1 0 0 0 0 0 0 0 0 0 1 0 0 0 0 1 3 3 4 12 6 6 6 3 1 0 0 1 2 11 9 24 9 3 1 5 9 3 2 1 2 1 0 1 0 0 3 7 12 11 8 8 5 3 3 7 2 2 9 29 9 26 27 28 27 30 19 9 9 24 60 76
0 0 0 0 0 0 0 0 0 0 0 0 0 0 0 0 0 0 0 1 0 0 0 0 0 0 0 0 0 0 0 0 0 0 0 1 0 0 1 2 5 8 3 2 2 2 2 1 0 1 1 0 1 1 2 5 10 6 13 19 6 1 1 1 2 1 1 1 2 1 12 10 13 8 7 9 11 16 8 4 7 5 25 29 19 49 55 79 51 46 47 42 12 11 16 18
0 0 0 0 0 0 0 0 0 0 0 0 0 0 0 0 0 0 0 0 0 0 0 0 0 0 0 0 0 0 0 0 0 0 1 1 0 1 1 2 3 9 10 7 1 0 1 1 1 1 0 3 11 6 5 4 2 9 31 10 3 2 1 0 1 1 2 1 3 7 5 6 8 7 8 8 10 9 15 4 6 5 10 11 21 62 18 41 53 69 41 46 48 29 23 19
0 0 0 0 0 0 0 0 0 0 0 0 0 0 0 0 0 0 0 0 0 0 0 0 0 0 0 0 0 0 0 0 0 0 0 1 0 3 2 2 4 5 10 11 4 5 8 6 5 7 5 7 11 7 6 3 4 6 9 5 3 4 3 1 1 0 0 3 3 3 4 6 21 6 4 16 10 9 12 6 6 4 5 15 3 37 27 60 60 77 84 84 65 44 32 29
0 0 0 0 0 0 0 0 0 0 0 0 0 0 0 0 0 0 0 0 0 0 0 0 0 0 0 0 0 0 0 0 0 0 0 0 0 1 1 2 4 2 6 6 4 6 7 4 3 6 5 3 4 4 4 4 7 5 5 7 7 3 1 1 1 1 1 1 1 2 2 4 2 1 15 10 7 7 25 13 16 6 4 8 24 39 36 33 69 64 57 60 74 36 35 31
0 0 0 0 0 0 0 0 0 0 0 0 0 0 0 0 0 0 0 0 0 0 0 0 0 0 0 1 0 0 0 0 0 0 0 0 0 0 1 1 1 1 1 2 2 3 5 1 2 3 3 3 3 4 4 3 5 2 4 4 4 1 1 0 1 1 2 5 5 4 4 2 3 2 2 3 13 25 8 13 13 8 8 7 11 15 30 50 59 68 16 40 57 58 34 32
0 0 0 0 0 0 0 0 0 0 0 0 0 0 0 0 0 0 0 0 0 0 0 0 2 1 1 1 0 1 1 1 0 0 0 0 0 0 0 1 0 1 1 2 3 3 5 2 3 6 2 2 2 5 3 1 2 2 4 4 2 0 0 1 2 0 0 1 7 2 3 4 2 3 6 5 5 8 6 5 4 7 15 14 9 12 12 11 27 25 15 43 24 59 49 40
0 0 0 0 0 0 0 0 0 0 0 0 0 0 0 0 0 0 0 0 0 0 0 1 1 2 2 2 1 1 1 1 0 1 0 0 0 0 0 0 0 0 1 1 1 2 2 1 1 3 1 1 0 3 3 1 2 1 3 1 1 1 1 2 2 1 0 0 12 3 3 3 2 3 2 10 11 21 20 24 31 18 10 7 22 29 27 27 12 9 20 38 45 19 41 36
0 0 0 0 0 0 0 0 0 0 0 0 0 0 0 0 0 0 0 0 0 0 0 3 2 0 3 4 1 1 1 2 1 2 1 1 1 0 0 0 0 0 0 0 0 1 0 1 1 1 0 2 1 5 0 1 3 1 2 0 0 1 1 1 1 1 0 0 1 24 13 6 3 11 11 13 39 34 10 14 38 27 35 32 30 34 34 35 29 15 8 33 33 17 12 4
0 0 0 0 0 0 0 0 0 0 0 0 0 0 0 0 0 0 0 0 0 0 0 1 2 1 0 11 7 1 1 2 2 3 2 4 1 1 1 0 0 0 0 0 0 0 0 0 0 1 6 7 14 8 12 1 0 1 0 0 0 1 1 0 0 0 2 2 1 1 10 5 38 71 46 25 10 9 49 19 4 23 38 30 26 33 39 40 36 16 12 12 8 5 7 23
0 0 0 0 0 0 0 0 0 0 0 0 0 0 0 0 0 0 0 0 0 0 0 1 0 4 2 4 25 3 0 0 0 1 1 3 1 3 4 1 1 0 1 3 2 2 2 1 2 10 19 8 4 3 9 17 3 0 1 1 1 2 1 0 1 1 1 1 4 1 2 3 2 3 3 36 12 11 8 18 33 11 15 46 34 38 43 39 43 43 25 6 12 29 15 24
0 0 0 0 0 0 0 0 0 0 0 0 0 0 0 0 0 1 1 1 0 1 0 0 0 1 1 0 3 3 10 1 0 0 1 0 1 5 1 1 2 1 1 4 6 4 3 6 9 9 27 28 6 19 16 23 6 11 4 3 2 2 0 0 1 1 1 2 1 1 1 1 2 2 2 5 5 9 8 10 19 42 21 27 37 41 28 39 24 14 24 29 36 9 7 11
0 0 0 0 0 0 0 0 0 0 0 0 0 0 0 0 0 1 0 0 1 1 0 1 0 1 1 0 0 4 20 5 1 0 1 2 0 2 10 1 5 0 1 10 10 12 11 23 18 52 46 36 26 66 47 41 25 25 14 6 3 2 0 0 0 1 2 5 3 2 1 5 8 6 5 3 4 11 16 14 7 9 37 38 34 20 34 17 14 35 35 26 38 35 24 14
0 0 0 0 0 0 0 0 0 0 0 0 0 0 0 0 0 0 0 1 1 1 0 1 1 1 1 0 0 1 8 11 3 2 0 1 0 1 8 1 5 1 2 7 9 11 40 41 46 67 62 36 37 43 46 32 25 35 4 1 5 1 1 1 1 1 1 3 3 2 12 4 1 3 4 6 28 31 31 23 20 15 17 27 19 11 27 25 24 30 47 38 23 17 23 19
0 0 0 0 0 0 0 0 0 0 0 0 0 0 0 0 0 0 0 0 0 0 0 1 2 1 3 2 1 1 6 21 1 1 1 1 0 3 10 8 12 10 3 5 19 45 72 64 55 71 44 7 16 6 8 29 46 30 6 15 11 9 2 0 1 1 1 1 1 5 2 4 7 3 4 16 14 9 25 35 37 18 11 12 9 13 26 45 38 38 37 44 21 23 22 35
0 0 0 0 0 0 0 0 0 0 0 0 1 0 0 0 0 0 1 0 0 0 0 3 5 4 2 4 2 1 6 22 2 1 4 3 1 3 1 9 22 43 7 13 30 53 81 72 25 42 8 11 5 1 1 2 34 50 47 30 11 19 2 1 3 7 1 0 1 1 2 7 3 12 18 3 11 31 19 35 27 33 37 15 24 26 37 37 48 30 48 45 31 36 33 46
0 0 0 0 0 0 0 0 0 0 0 0 0 1 0 0 0 1 1 1 1 1 1 3 4 6 5 10 7 6 5 11 3 3 3 1 2 4 2 4 9 32 21 33 39 46 81 90 77 48 16 6 1 1 0 1 1 2 66 47 29 3 1 5 2 6 3 1 1 1 4 3 9 8 7 4 5 4 14 20 36 45 36 20 25 40 33 29 49 20 67 31 31 34 26 31
0 1 0 0 0 0 0 0 0 0 0 0 0 0 1 1 0 0 2 2 2 2 3 8 11 18 18 16 16 19 3 9 15 7 4 2 2 3 1 1 2 26 4 9 12 21 78 83 74 25 15 13 8 6 2 3 1 4 3 6 3 2 4 5 4 2 2 1 1 1 1 3 4 4 3 2 3 10 14 24 30 36 23 24 19 27 35 14 37 29 68 41 36 18 30 42
0 0 1 0 0 0 0 0 0 0 0 0 0 0 1 0 3 1 1 1 2 1 1 1 3 8 10 5 17 20 8 37 49 21 6 14 4 4 3 1 9 27 23 12 13 18 9 31 56 7 16 19 12 8 13 6 3 7 5 9 5 1 4 5 4 2 2 1 2 1 0 1 3 5 7 5 8 14 14 19 20 28 25 22 22 18 26 20 49 54 14 33 37 38 41 28
0 0 0 0 0 0 0 0 0 0 0 0 0 0 0 1 1 4 2 2 1 3 3 4 10 14 12 6 3 3 5 34 37 16 23 25 40 28 4 2 18 13 55 28 27 24 26 7 4 9 27 22 14 11 5 10 10 6 4 4 5 3 6 5 3 2 1 2 2 0 0 1 1 3 4 9 8 12 12 16 16 14 15 23 24 14 17 19 39 6 13 29 23 9 6 15
0 0 0 0 0 0 0 0 0 0 0 0 0 0 0 1 0 1 1 2 4 8 7 11 15 34 18 20 11 4 3 2 31 48 42 16 61 39 13 26 36 8 54 25 75 64 22 9 7 5 17 24 16 11 12 5 10 6 5 4 7 8 17 19 6 2 1 1 1 0 0 1 0 1 1 5 6 7 7 11 11 9 13 20 8 25 20 41 18 9 21 23 25 16 15 25
0 0 0 0 0 0 0 0 0 0 0 0 0 0 0 0 0 1 1 2 6 8 26 21 24 21 44 26 9 10 8 7 3 23 45 8 10 7 45 25 20 5 59 27 13 5 13 10 16 10 14 26 29 20 11 4 2 3 1 2 4 3 9 10 1 2 1 0 1 1 1 1 1 2 2 1 5 6 8 9 7 16 6 3 7 30 12 42 15 4 9 12 15 13 22 28
0 0 0 0 0 0 0 0 0 0 0 0 0 0 1 1 1 1 1 1 2 5 32 41 17 12 16 21 22 24 16 16 8 3 4 12 4 8 46 10 7 13 37 12 10 6 16 13 13 9 5 16 20 18 9 4 3 2 1 2 1 1 2 1 1 2 1 1 1 1 2 1 1 2 2 2 6 5 6 5 20 5 5 9 10 19 16 14 15 2 3 10 12 22 24 44
0 0 0 0 0 0 0 0 0 0 0 0 0 0 0 0 2 3 6 7 5 8 13 8 4 2 9 21 25 20 31 33 8 4 1 2 7 24 15 13 3 32 56 19 16 15 14 18 24 5 7 11 12 10 6 5 4 1 2 1 1 0 1 3 3 1 2 1 2 2 2 2 1 2 2 2 3 3 4 9 5 4 7 5 12 4 12 20 25 10 8 11 17 19 11 39
0 0 0 0 0 0 0 0 0 0 0 0 0 0 0 1 1 3 5 5 6 16 11 6 7 8 3 9 15 11 13 8 4 8 8 9 18 13 22 9 10 20 41 40 27 15 7 8 12 4 3 15 18 21 20 9 4 2 4 7 5 2 1 2 1 1 6 5 3 2 1 13 10 3 2 1 1 2 3 7 3 5 4 2 7 6 11 19 13 22 15 20 17 30 25 33
0 0 0 0 1 0 0 0 0 0 0 0 0 2 1 4 2 1 4 9 13 14 20 11 7 10 10 7 14 16 8 6 9 13 16 18 5 7 11 12 10 3 6 23 25 11 2 4 5 5 7 9 8 8 6 5 5 2 14 12 5 5 1 1 2 2 7 50 33 10 5 4 8 15 4 2 2 2 5 2 1 5 2 4 5 10 4 5 7 12 23 18 43 27 12 16
0 0 0 0 0 0 0 0 0 0 0 0 0 1 3 4 8 11 7 12 10 7 17 10 5 6 3 3 3 5 10 9 14 15 6 16 14 13 11 7 3 6 15 3 23 17 11 9 8 4 3 4 3 15 10 7 7 1 2 3 3 2 3 2 3 6 4 29 58 35 3 5 6 3 10 9 2 2 2 2 4 8 3 19 9 6 7 13 9 11 23 32 16 16 13 8
0 0 0 0 0 1 1 0 0 0 0 0 0 0 0 1 0 1 5 7 11 10 18 25 14 8 12 10 5 3 6 2 4 7 7 13 13 9 13 5 2 10 6 6 24 13 13 8 10 5 5 4 4 12 20 2 3 3 5 4 2 7 7 15 14 8 12 8 43 27 20 4 4 4 3 8 6 7 4 7 2 3 6 13 6 11 10 5 7 38 18 9 20 15 19 19
0 0 0 0 0 0 0 0 0 0 0 0 0 0 1 1 1 0 2 10 12 22 31 34 36 13 8 3 2 3 3 1 1 1 4 4 8 11 10 8 8 9 3 14 3 1 4 5 7 8 11 14 6 11 8 6 4 7 9 2 5 8 4 8 54 13 14 7 4 52 52 11 11 3 15 26 23 38 16 11 8 5 2 7 25 10 27 20 16 26 26 11 21 27 31 16
0 0 0 0 0 0 0 0 0 0 0 0 0 0 1 1 1 4 2 11 44 24 11 18 24 13 10 10 4 0 3 3 5 3 1 3 11 12 2 6 17 15 14 13 4 2 5 14 14 20 12 32 18 16 10 7 5 3 2 8 4 3 3 6 6 22 12 10 5 16 36 58 36 7 2 18 9 36 5 3 13 38 3 7 3 10 17 50 61 42 64 23 28 25 27 27
0 0 0 0 0 0 0 1 0 0 0 0 0 0 0 1 4 4 6 3 4 18 30 17 16 13 19 27 15 5 5 10 7 6 7 3 3 7 6 8 8 13 13 12 9 8 19 24 16 16 20 12 22 15 9 12 18 22 10 2 5 4 4 17 5 16 29 10 6 6 33 41 37 19 7 10 2 20 9 4 1 17 10 6 7 30 12 11 5 5 35 18 20 64 31 42
0 0 0 0 0 0 0 0 0 0 0 0 0 0 0 1 2 3 6 5 5 2 20 47 28 24 21 25 27 9 8 13 6 7 14 18 7 4 4 8 13 9 6 25 12 15 13 45 47 25 41 13 20 42 64 58 27 9 6 4 5 23 11 3 19 5 24 22 11 3 35 32 25 37 7 11 2 18 30 6 3 28 4 8 6 2 16 12 4 9 65 24 8 45 71 65
0 0 0 0 0 0 0 0 0 0 0 0 0 0 0 0 1 3 4 11 11 9 4 13 21 20 7 9 19 9 6 6 4 4 6 10 10 7 5 10 8 3 4 4 18 22 19 36 25 15 13 30 15 10 11 8 8 5 8 7 5 13 21 7 8 22 3 40 22 5 23 44 25 38 11 9 4 25 8 7 2 57 14 7 13 10 6 10 8 17 55 69 15 19 63 65
0 0 0 0 0 0 0 0 0 0 0 0 0 0 0 0 1 1 5 16 19 12 8 3 3 1 5 3 1 2 6 1 1 4 7 6 7 11 9 6 14 11 13 10 17 23 20 20 12 12 21 27 20 31 14 20 17 12 5 10 4 7 14 15 8 45 19 26 57 14 10 21 45 17 37 9 7 26 15 33 21 44 73 19 15 14 5 20 14 7 30 77 33 10 15 63
0 0 0 0 0 0 0 0 0 0 0 0 0 0 0 0 2 2 4 9 16 11 6 9 4 5 5 2 1 1 3 2 2 3 3 5 9 9 7 15 28 19 14 13 7 13 18 14 12 34 20 37 24 22 17 30 23 16 10 15 12 17 9 19 10 40 31 14 54 36 6 23 36 21 60 18 23 14 20 13 37 25 74 39 8 18 16 39 14 7 10 53 37 14 29 28
0 0 0 0 0 0 0 0 0 0 0 0 0 0 0 0 1 1 3 6 9 11 8 7 13 9 11 6 2 1 1 0 0 3 3 2 8 10 6 6 22 15 12 6 13 8 10 10 7 31 49 50 50 28 14 19 48 18 26 24 33 41 11 5 7 9 27 13 28 43 17 15 14 58 39 33 50 20 27 59 43 19 43 67 19 18 10 10 10 13 16 55 35 39 20 7
0 0 0 0 0 0 0 0 0 0 0 0 0 0 0 0 2 2 9 12 11 27 14 15 7 7 10 13 7 1 0 1 5 4 10 12 9 18 16 14 17 14 9 7 8 7 8 12 10 11 11 18 11 17 36 53 54 13 72 53 11 44 21 24 26 9 6 5 19 36 17 34 16 38 8 34 70 49 27 49 64 54 43 77 19 22 23 10 12 4 22 38 40 15 10 12
0 0 0 0 0 0 0 0 0 0 0 0 0 0 0 0 0 2 2 1 3 2 3 5 12 20 9 11 15 3 1 7 8 8 4 3 8 8 7 25 20 6 11 17 16 13 21 21 11 21 25 13 25 47 40 54 34 44 41 46 15 34 49 24 37 50 47 30 14 51 54 69 60 33 28 37 57 64 47 50 55 61 43 74 67 38 7 7 9 19 29 41 55 20 11 7
0 0 0 0 0 0 0 0 0 0 0 0 0 0 1 1 1 1 3 3 3 5 5 9 22 11 12 15 16 14 5 39 10 4 7 5 18 17 17 23 45 19 24 20 23 22 14 17 13 16 20 10 8 35 16 24 56 58 39 40 46 62 71 56 14 55 56 61 48 33 46 64 19 34 33 37 57 44 70 73 60 42 40 80 69 33 33 7 13 34 21 47 38 36 26 20
0 0 0 0 0 0 0 0 0 0 0 0 0 0 0 0 0 1 1 7 4 6 6 9 9 10 17 13 14 11 12 39 10 10 10 8 13 14 14 26 35 16 19 23 19 24 7 10 20 9 10 14 8 5 4 5 30 49 60 62 58 50 58 79 46 35 62 63 54 32 15 26 37 25 32 47 59 79 61 44 39 31 82 72 72 34 19 21 14 21 28 49 15 9 12 39
1 0 0 0 0 0 0 0 0 0 0 0 0 0 1 0 0 1 1 4 7 11 3 4 6 12 13 6 19 14 23 20 14 21 9 5 7 13 35 32 12 12 17 33 28 20 8 8 6 19 10 8 18 13 6 3 10 12 12 34 27 23 51 74 67 44 24 11 16 23 17 18 19 22 27 27 64 56 46 31 12 30 84 69 73 58 26 28 8 27 34 59 57 43 19 10
0 1 0 0 0 0 0 0 0 0 0 0 0 0 2 0 0 0 2 4 4 4 1 6 3 1 8 4 17 23 18 21 28 14 12 16 20 15 34 22 12 22 9 14 26 8 7 8 4 12 8 6 13 7 12 7 6 11 13 5 16 29 29 43 45 20 18 27 22 36 20 13 16 20 20 10 35 28 35 20 17 11 43 28 46 72 31 42 12 38 54 45 37 35 37 14
0 0 0 0 0 0 0 0 0 0 0 0 0 1 0 2 1 1 1 1 2 1 4 4 3 2 5 3 16 9 12 15 25 9 15 20 21 13 18 15 11 17 10 10 22 6 7 7 5 23 10 7 16 15 13 9 18 18 26 15 11 14 6 13 5 4 15 25 28 31 29 16 13 8 8 9 16 18 19 17 21 17 19 16 31 40 13 33 10 31 56 52 31 19 75 56
0 0 0 0 0 0 0 0 0 0 0 0 0 1 0 2 2 0 1 1 3 1 1 3 3 3 13 9 15 8 16 25 8 15 16 24 15 10 26 8 13 17 7 8 14 17 5 8 4 14 10 10 10 22 8 13 12 20 15 20 20 28 15 10 11 6 21 17 22 16 8 6 26 12 8 4 7 16 13 11 12 10 12 25 29 25 19 28 13 66 71 70 69 26 8 19
0 0 0 0 0 0 0 0 0 0 0 0 1 2 1 0 1 1 1 2 2 2 2 6 3 3 15 5 6 3 6 8 11 34 13 10 12 3 16 6 8 7 10 6 5 5 5 8 10 13 12 12 9 13 12 17 24 13 19 14 30 15 10 22 6 13 16 29 15 9 15 35 26 20 20 23 7 5 13 11 12 16 11 33 18 14 42 14 27 68 64 61 78 41 46 14
0 0 0 0 0 0 0 0 0 0 0 0 0 0 1 0 0 1 1 1 1 1 1 3 2 7 5 7 4 4 7 20 9 14 25 11 7 9 11 4 8 6 3 3 3 5 2 4 4 2 4 2 6 13 20 23 30 19 8 22 14 17 16 12 40 11 18 21 25 47 35 25 13 14 20 24 23 27 28 30 40 44 19 19 16 30 53 34 48 61 31 52 83 64 65 45
1 1 1 0 0 0 0 0 0 0 0 0 0 1 0 0 1 0 0 1 1 1 1 1 1 1 2 7 5 6 8 13 5 9 19 7 6 6 6 5 6 5 3 4 8 6 2 10 25 14 19 12 22 34 28 15 20 21 21 12 18 20 34 21 37 23 23 24 42 11 7 10 12 6 4 7 26 21 35 44 49 44 37 17 13 34 62 29 33 17 25 58 90 56 72 62
0 0 0 1 1 1 0 0 0 1 1 0 0 0 0 1 0 0 2 2 7 4 3 1 4 1 1 3 9 6 6 4 4 7 12 7 5 3 3 4 4 25 10 4 12 10 12 7 33 48 66 34 47 66 48 18 32 15 9 9 8 12 31 16 19 26 22 32 10 10 12 18 36 23 24 18 9 30 48 65 59 21 13 20 12 39 57 36 31 27 30 82 85 51 60 89
0 0 0 1 1 1 1 2 1 0 1 0 0 0 0 0 1 1 1 1 5 13 8 2 2 5 8 7 6 4 15 6 5 4 5 4 2 2 5 5 12 3 9 25 8 22 21 18 18 62 61 71 26 53 46 42 28 42 24 17 15 18 5 19 27 32 34 11 15 14 24 41 29 38 56 33 20 50 66 68 32 19 13 27 18 38 20 18 33 37 59 88 68 81 62 90
1 1 0 0 1 0 0 1 0 1 0 0 0 0 1 0 1 1 2 3 2 12 13 24 26 31 21 19 10 4 8 6 3 4 7 15 15 27 30 24 26 34 18 49 16 30 50 55 15 10 7 62 61 24 56 29 18 65 52 37 11 14 18 23 28 31 20 25 25 35 32 17 29 30 33 32 60 54 42 41 21 14 12 17 15 26 18 19 23 24 40 79 55 76 34 67
1 2 1 1 1 1 0 0 0 0 0 0 0 0 0 0 0 0 4 15 3 2 16 50 19 41 26 40 36 46 37 38 35 44 20 32 7 35 52 25 39 62 26 52 62 27 59 27 73 39 16 78 58 54 57 50 78 77 31 52 18 6 14 15 15 21 17 12 11 18 17 22 17 31 37 60 70 60 19 8 20 11 8 14 8 14 15 26 27 48 63 78 48 50 48 43
0 1 5 1 3 3 1 1 0 1 0 1 1 1 1 0 1 1 1 7 5 1 1 6 5 5 16 33 40 35 30 33 58 50 26 40 49 40 45 58 29 68 66 28 54 45 68 32 64 82 48 53 58 43 29 76 65 61 44 55 46 13 13 11 27 21 21 29 31 33 38 27 40 36 63 67 49 27 21 9 3 5 7 10 11 6 13 23 24 36 63 66 25 29 34 36
1 1 1 4 3 3 2 3 1 1 0 1 2 1 0 1 1 1 2 1 0 0 2 2 2 6 21 15 17 32 37 49 32 35 37 56 53 49 57 60 50 64 57 54 59 58 67 72 20 65 51 26 75 23 46 77 58 19 60 20 23 63 10 9 19 20 31 36 36 31 31 38 54 80 78 67 48 26 5 7 6 3 2 2 6 3 12 11 17 26 48 36 26 16 37 49
0 1 2 2 2 2 1 1 3 1 1 1 1 1 0 1 1 1 1 4 3 2 2 3 4 5 2 2 4 4 6 5 6 7 5 5 6 5 7 8 7 11 11 15 13 11 18 69 52 42 76 29 59 56 57 63 20 15 21 21 54 47 25 14 25 31 34 24 25 53 70 72 77 76 68 59 39 10 3 4 3 3 3 1 4 2 6 4 7 11 22 21 21 11 20 24
2 2 3 2 1 0 1 0 1 0 2 1 1 1 0 1 1 1 1 1 1 5 3 4 7 5 3 4 8 8 5 5 14 13 8 10 7 8 10 15 13 17 24 15 20 14 25 10 12 15 46 46 57 65 59 29 31 40 32 41 52 33 20 23 32 28 38 54 69 72 76 61 42 43 26 22 6 6 6 6 6 5 2 3 1 1 1 1 2 3 8 8 12 8 7 10
9 12 6 2 1 0 0 1 0 0 0 0 0 0 0 0 0 0 0 3 2 1 2 1 3 2 1 7 4 3 7 7 3 2 2 6 5 5 7 6 9 16 16 8 7 14 11 23 17 20 13 17 16 19 25 29 39 34 34 36 16 14 16 28 32 23 22 20 43 66 72 66 45 33 14 12 18 16 27 24 14 8 2 3 4 4 5 3 2 1 1 2 4 10 9 6
3 2 1 2 1 0 0 0 0 0 0 0 0 0 0 0 1 0 0 0 1 3 3 3 2 2 2 3 6 6 3 1 4 2 3 5 5 6 8 8 7 7 9 4 4 4 6 8 13 22 30 49 34 27 28 26 27 26 25 11 9 16 15 33 25 14 21 21 25 32 27 39 43 20 11 20 28 25 8 6 3 4 4 8 16 15 16 8 7 5 2 2 1 1 2 2
2 1 1 0 0 0 0 0 0 0 0 0 0 0 0 0 0 0 1 0 1 4 4 2 3 1 2 6 8 2 2 3 2 9 6 3 3 6 6 6 6 5 17 13 12 8 9 14 20 16 26 32 27 23 28 23 23 17 16 16 3 16 17 21 37 36 34 44 32 28 16 16 8 14 20 30 49 31 15 8 7 11 11 23 20 19 21 22 22 10 12 7 4 3 2 1
3 2 1 0 0 0 0 0 0 0 0 0 0 0 0 0 0 0 0 0 1 2 3 3 4 1 4 10 3 1 2 2 4 4 6 5 5 7 7 10 4 8 9 11 9 16 18 15 14 12 20 13 36 23 41 33 20 16 11 8 10 14 17 12 55 62 30 48 42 36 25 24 12 23 35 44 25 9 15 17 15 25 16 30 37 31 39 27 27 25 20 20 15 11 4 9
1 0 0 0 0 0 1 2 1 0 1 0 0 0 0 0 0 0 0 0 1 1 1 1 2 4 9 20 6 2 2 3 3 8 5 7 6 8 4 6 8 14 12 12 12 18 17 10 28 11 21 23 25 18 32 17 31 8 16 6 23 39 16 48 74 47 46 28 25 29 20 11 14 25 35 33 15 22 21 27 36 32 37 50 48 44 42 30 45 45 29 46 26 15 13 14
0 0 0 0 1 4 3 1 4 6 1 1 0 0 0 0 0 0 0 1 1 1 1 3 2 11 10 2 2 1 2 4 3 5 13 6 7 9 11 11 8 10 8 9 8 7 19 16 15 16 23 19 21 18 23 16 27 19 11 5 11 30 49 64 55 57 33 32 30 16 13 16 23 11 38 17 27 27 44 44 54 42 47 57 58 43 56 53 52 37 38 42 30 25 33 34
0 0 0 0 0 3 4 3 10 5 2 1 3 1 0 0 0 0 0 0 0 0 1 2 4 1 2 2 5 5 4 2 4 3 9 6 7 12 7 8 3 10 4 3 4 6 9 22 16 16 13 31 9 16 27 22 11 10 17 11 3 18 20 27 42 63 49 61 41 11 26 21 32 25 70 32 31 30 42 39 55 40 47 63 44 41 58 70 60 57 41 41 36 51 46 33
0 0 0 1 0 0 0 0 4 3 3 8 5 1 1 1 0 0 0 0 0 0 0 1 1 1 3 3 2 4 2 1 1 2 2 4 3 4 5 11 15 5 5 7 3 4 6 6 13 15 16 16 11 6 25 4 11 27 13 13 5 7 13 13 11 12 34 23 12 29 56 30 34 29 68 28 40 40 55 59 76 66 79 79 71 62 65 66 82 78 50 44 44 44 72 50
0 0 0 0 0 0 0 1 0 1 1 3 4 2 2 2 1 1 1 0 0 0 0 0 1 2 2 1 0 1 1 1 1 1 2 1 2 2 2 7 10 18 9 3 18 12 13 6 11 8 4 14 6 14 13 15 17 11 16 14 7 24 35 25 19 13 14 26 36 33 44 46 28 42 57 51 57 49 63 80 68 63 81 80 80 79 77 75 80 73 60 52 69 73 74 60
0 0 0 0 1 1 2 1 1 0 5 7 2 6 5 4 7 4 2 1 0 0 0 0 1 0 0 0 0 0 0 0 0 0 1 1 1 1 3 5 6 7 10 10 1 9 10 11 15 8 7 17 19 12 4 5 9 23 17 17 12 37 27 21 11 24 24 31 54 48 38 65 43 63 52 71 76 69 77 68 39 65 77 64 44 47 68 40 70 80 67 67 66 68 64 80
2 3 3 1 5 1 0 0 2 2 4 11 5 30 10 9 22 9 3 3 2 1 0 0 0 0 0 0 0 0 0 0 0 1 0 0 1 1 1 1 2 4 8 18 15 7 12 8 10 10 13 7 8 32 47 19 18 15 13 17 27 25 34 16 21 31 45 25 39 52 34 50 59 55 76 49 66 61 75 64 24 36 50 61 37 10 15 32 74 71 73 77 42 49 38 74
