sesion_6_simulaciones/modelos_agentes/ejemplos_netlogo/scenarios/echam4_b2/rob_2060.asc
NCOLS 322 
NROWS 307 
XLLCORNER 451900 
YLLCORNER 4086900 
CELLSIZE 100 
NODATA_value -9999 
[rows 148 to 221 of 307, columns 0 to 95 of 322]
0 4 4 3 4 9 8 5 2 1 1 34 33 31 23 33 44 33 19 30 10 13 3 1 0 0 0 0 0 0 0 0 0 0 0 1 0 1 1 1 6 6 5 6 9 5 14 11 8 21 9 8 16 9 13 30 25 12 8 21 37 38 34 22 34 48 46 30 35 68 62 63 35 41 67 78 26 25 20 36 35 28 13 19 54 42 14 8 34 29 23 27 46 42 25 46
1 4 5 9 10 16 11 18 18 3 5 18 29 56 47 52 64 25 36 35 30 21 3 6 2 0 0 0 0 0 3 2 0 1 0 0 0 1 1 2 3 2 2 2 9 36 19 11 6 7 5 14 17 16 4 5 6 4 23 19 19 53 31 22 32 53 47 46 50 62 35 16 11 47 35 33 64 14 15 41 37 22 28 20 10 46 21 13 9 16 7 32 21 46 29 12
1 0 2 9 7 22 20 5 10 13 10 9 64 67 60 32 77 54 54 57 36 12 5 2 4 1 0 1 0 1 1 1 1 1 2 2 1 1 2 2 1 1 3 11 28 17 11 8 6 6 6 9 10 10 19 12 21 21 21 22 34 51 21 23 50 52 63 68 47 13 51 29 30 42 67 29 31 10 3 10 23 24 18 32 13 16 38 25 11 15 9 6 13 15 22 8
0 1 1 1 1 2 2 3 4 4 10 5 22 54 49 43 75 72 63 25 4 3 6 12 14 6 2 1 1 0 0 1 11 5 10 12 19 2 1 2 7 4 25 30 8 7 3 8 5 4 10 9 11 10 13 10 26 26 29 30 49 46 38 29 51 70 63 44 75 36 16 52 59 29 37 13 26 44 19 9 11 19 22 12 17 9 14 39 29 15 12 6 5 14 19 15
5 1 1 1 2 2 3 4 5 7 6 13 7 8 7 5 6 10 15 12 6 23 29 16 31 7 21 3 3 3 1 3 6 1 0 0 3 11 1 1 5 5 8 12 9 17 20 27 11 5 10 11 15 11 4 11 17 48 26 48 44 55 66 85 84 69 67 37 35 84 37 34 33 39 21 6 11 13 40 25 12 14 26 20 12 16 11 13 31 12 9 8 3 3 8 8
8 5 4 2 3 1 3 3 1 3 12 9 9 16 9 9 4 13 23 35 66 39 60 28 27 8 7 7 3 13 7 1 0 1 1 0 1 1 4 1 1 28 4 11 11 7 3 6 17 9 17 23 20 15 7 9 18 38 57 53 74 63 76 74 78 75 67 20 30 69 72 55 35 21 30 18 14 10 22 14 21 15 13 20 14 11 10 10 43 23 6 5 6 2 8 10
27 9 18 7 9 14 17 2 2 2 3 5 8 23 22 7 4 12 40 44 60 78 60 69 38 29 31 27 9 13 27 20 4 1 2 1 4 3 3 7 1 17 9 6 14 2 4 7 4 15 24 35 49 36 39 18 25 40 61 66 42 31 71 76 73 66 65 48 32 47 79 30 33 23 15 11 20 6 19 37 15 22 19 10 10 8 9 6 12 9 17 6 3 2 2 3
40 25 35 16 22 14 9 14 3 2 4 3 23 13 9 20 13 9 11 45 61 45 49 58 36 30 31 26 9 2 10 44 49 19 12 3 4 6 5 8 4 14 43 10 13 9 4 4 5 10 10 12 26 9 13 37 26 49 37 19 17 20 29 52 57 21 30 19 48 59 55 51 27 21 27 10 10 13 14 27 23 13 18 14 7 8 7 7 6 6 8 10 6 3 2 1
23 34 36 50 51 22 10 43 6 2 4 4 7 7 20 22 14 24 13 9 12 43 53 12 23 47 19 46 16 4 3 5 25 41 26 13 7 6 5 8 8 15 55 8 10 14 10 14 17 20 22 26 18 17 25 21 34 64 47 44 47 41 21 13 8 25 20 25 18 35 37 53 59 30 14 8 11 14 16 22 24 37 8 11 7 6 4 2 4 6 5 2 8 3 1 1
44 67 50 75 45 15 42 59 16 10 10 6 21 43 26 16 29 22 15 12 15 12 9 41 33 12 14 39 45 14 9 6 5 40 35 32 30 26 20 27 24 17 55 52 13 11 14 15 18 21 34 40 20 38 41 16 20 37 50 35 33 20 12 21 21 6 3 15 33 40 43 53 26 29 14 12 16 15 24 16 18 14 17 6 5 4 2 1 2 2 4 2 3 4 1 1
32 73 29 70 33 54 59 55 9 23 24 9 6 8 19 19 27 54 46 61 21 11 15 10 18 13 21 61 20 60 17 26 22 39 14 32 31 54 32 20 26 13 40 54 56 15 12 10 25 17 19 17 14 32 38 17 35 65 67 67 33 40 43 35 34 14 13 19 26 29 27 37 27 16 26 7 12 21 19 20 11 8 11 9 3 2 1 0 1 2 2 3 3 2 2 2
13 66 46 62 54 66 59 16 22 42 38 23 22 11 10 7 11 19 18 59 31 11 12 13 55 53 41 49 19 59 61 16 16 32 55 60 45 72 76 34 30 12 13 50 54 40 27 14 20 8 5 9 32 34 28 23 31 22 19 21 17 34 51 45 45 29 29 28 21 24 27 24 17 24 6 10 10 15 9 6 7 5 4 5 7 5 3 4 3 1 1 1 2 2 1 1
12 11 9 44 62 62 19 16 56 29 45 56 38 20 14 15 22 21 28 14 23 39 33 10 46 46 51 59 58 31 79 71 27 11 31 76 71 47 46 53 55 11 13 58 70 66 29 18 21 20 15 11 59 26 76 78 76 71 77 64 40 23 31 29 29 27 29 32 26 16 17 23 18 21 10 15 7 7 7 10 5 4 4 7 3 3 3 4 2 2 2 1 1 1 1 0
10 39 25 19 19 42 27 65 69 41 37 55 33 34 13 20 17 18 26 19 24 27 29 12 56 65 54 78 70 50 71 82 73 37 31 7 23 53 33 17 25 14 9 76 77 70 49 43 34 50 75 85 68 35 33 73 72 29 37 60 53 30 45 35 30 23 22 37 28 11 13 13 16 16 10 11 9 10 5 4 4 4 1 3 2 1 3 2 1 1 1 1 0 0 0 1
28 32 24 40 32 15 45 80 66 71 7 39 52 53 65 30 44 17 18 18 18 10 35 57 81 54 81 87 70 70 48 65 77 49 42 22 52 70 77 83 65 45 22 47 79 63 50 81 41 50 77 77 88 59 35 77 86 53 36 29 69 67 27 54 34 31 19 22 19 13 16 14 12 10 8 10 7 6 5 2 1 2 2 2 2 1 1 1 1 1 0 0 0 0 0 0
18 24 48 31 24 8 40 66 45 76 24 31 67 51 68 48 20 35 25 42 43 45 17 49 64 71 81 83 58 82 64 79 71 74 70 74 65 73 79 72 13 56 61 26 12 48 51 73 53 40 68 62 67 77 28 45 70 89 60 43 50 31 31 31 37 44 41 34 20 10 20 10 7 5 4 3 4 3 1 1 1 2 1 1 1 0 0 0 0 0 0 1 1 1 1 1
9 12 8 16 28 28 13 77 36 26 24 41 50 13 32 50 27 33 28 58 56 32 30 17 54 83 76 82 65 86 72 73 69 60 71 72 83 76 76 81 74 51 20 16 6 10 54 67 46 17 32 62 71 77 71 78 81 78 85 44 32 36 33 42 35 36 45 19 13 20 10 6 6 5 2 1 1 1 2 2 3 1 1 0 1 1 2 2 5 1 2 4 2 4 4 2
7 16 25 26 15 14 14 34 44 37 58 50 60 59 26 46 40 49 19 14 31 66 42 26 17 31 35 69 67 45 21 20 19 30 30 32 74 57 60 74 72 58 45 15 4 10 51 50 40 32 22 18 45 78 72 68 55 55 78 75 34 21 29 32 35 33 17 21 12 5 6 7 6 3 3 2 1 1 1 1 2 3 2 4 5 9 10 10 5 4 4 10 9 14 13 4
13 9 10 10 19 19 22 16 19 17 35 65 64 70 22 16 23 55 56 35 25 24 47 15 25 34 28 24 18 28 39 26 39 36 56 33 29 25 24 26 18 35 24 11 10 15 41 41 47 31 28 27 7 38 38 45 48 64 42 57 49 25 52 49 38 23 18 10 11 7 6 6 2 1 3 2 1 1 1 2 11 13 8 13 18 21 18 27 17 17 37 40 19 29 14 9
7 10 15 34 27 33 30 25 29 29 37 10 15 20 22 33 22 12 57 61 50 29 30 9 27 55 51 40 28 35 49 55 29 59 29 25 24 31 34 28 21 12 18 18 26 28 47 47 52 38 24 12 14 12 21 48 20 16 13 39 24 31 30 18 24 13 8 11 10 4 3 2 3 2 3 3 4 1 8 10 21 22 21 28 29 49 47 32 29 35 13 5 9 6 8 23
11 15 25 19 16 24 30 18 37 55 14 21 39 32 21 35 9 11 16 23 37 24 20 16 32 27 43 37 54 23 48 39 30 40 27 23 32 54 26 52 34 16 11 11 12 19 29 44 36 36 21 35 34 25 28 27 26 20 26 32 54 46 25 7 11 10 9 3 5 2 2 13 14 7 7 11 4 6 15 35 52 40 43 66 59 53 51 36 45 40 17 5 2 2 4 15
30 51 49 51 23 17 18 18 31 45 23 25 38 30 30 17 21 18 32 31 23 29 31 18 32 25 23 42 20 26 39 38 39 30 24 24 20 43 22 55 35 25 23 8 5 4 17 19 66 59 33 27 61 32 16 38 44 58 52 38 44 22 14 8 9 6 2 2 7 6 13 23 29 11 16 20 10 18 41 50 67 81 47 75 57 50 39 39 34 28 18 12 3 2 1 2
6 8 12 8 12 12 26 31 36 26 28 12 28 35 16 7 13 14 22 21 11 9 8 16 26 22 22 23 34 33 31 30 19 28 20 8 28 22 35 49 32 27 44 19 21 9 6 17 22 49 29 41 34 16 18 33 34 28 20 11 10 7 3 2 2 1 6 15 26 17 31 44 41 26 39 27 14 30 56 58 83 67 52 45 29 5 6 22 8 11 8 4 3 1 1 4
10 19 14 21 18 22 16 26 23 24 10 14 23 31 34 30 30 15 14 13 18 6 8 24 55 41 22 20 32 18 16 32 65 34 18 9 32 17 52 16 42 23 36 27 16 9 13 16 10 25 32 27 13 20 18 17 44 17 10 7 4 12 12 19 7 14 21 37 38 37 36 51 35 35 43 34 25 41 60 72 72 57 34 25 17 8 7 7 12 4 4 3 1 1 0 1
9 10 10 22 29 9 12 17 15 20 18 15 33 20 50 36 22 40 34 23 51 21 26 21 44 50 25 42 14 19 32 21 52 53 28 21 24 32 38 16 19 17 27 29 13 21 14 9 10 15 16 24 19 20 21 19 10 5 4 18 16 28 29 30 20 23 38 45 60 59 43 58 58 57 42 53 54 60 63 65 59 70 41 23 11 12 9 3 17 7 2 1 0 1 1 1
10 10 17 22 10 11 9 19 27 21 30 34 32 25 18 22 57 57 33 29 34 21 41 20 25 43 52 31 17 16 12 16 19 19 29 36 12 15 39 35 30 31 24 16 24 18 17 16 11 14 18 20 32 24 13 11 12 18 24 42 36 35 48 36 28 43 48 48 63 49 53 63 76 44 47 55 63 70 79 58 26 21 23 26 17 10 5 3 2 3 1 1 1 0 1 1
7 8 14 12 5 27 20 24 46 56 63 57 51 58 33 14 22 40 35 43 13 27 52 22 27 20 40 54 28 47 32 25 21 22 37 49 20 30 38 46 34 7 10 17 13 17 9 9 13 21 21 35 25 19 25 15 23 25 45 43 39 38 50 39 33 44 54 37 65 60 49 74 58 44 54 74 63 67 31 82 55 53 23 14 16 10 6 6 2 1 1 1 0 0 0 0
6 8 13 7 6 5 10 20 16 27 48 66 43 46 58 17 26 22 18 18 20 49 45 30 15 23 11 25 18 25 18 16 27 27 43 38 19 33 46 42 31 15 7 6 12 11 14 27 17 16 32 21 19 37 22 19 30 47 48 55 48 45 46 37 38 65 66 50 69 66 65 64 78 78 56 62 71 69 28 24 47 58 36 26 9 6 6 6 3 1 1 0 0 0 1 0
4 6 14 10 11 6 10 9 18 20 12 13 10 14 18 31 28 24 50 22 37 47 25 41 10 37 12 36 14 14 21 23 25 20 31 25 26 19 39 35 29 12 5 10 13 12 18 20 21 21 22 36 26 21 20 35 46 46 41 47 43 34 53 45 50 67 66 62 63 85 74 67 62 74 28 25 18 52 57 34 18 37 22 13 9 6 7 2 1 2 1 0 0 0 0 0
6 16 24 40 6 42 32 5 24 19 20 15 38 19 29 31 29 20 22 21 17 37 18 23 14 12 16 14 12 24 19 16 20 22 23 18 20 13 22 36 22 22 20 24 31 14 21 16 31 42 39 52 37 26 38 39 43 51 36 41 59 43 60 59 53 66 50 75 37 56 83 81 78 64 75 57 40 19 13 27 19 12 26 20 14 11 8 10 4 1 1 1 1 0 0 0
28 20 7 12 37 21 9 20 19 23 10 23 14 14 39 20 21 7 18 22 24 7 15 19 10 7 9 4 7 7 6 16 14 33 10 12 9 20 21 7 13 23 9 12 12 20 11 21 34 51 44 42 37 35 32 51 43 51 49 40 50 56 50 55 58 70 51 49 79 42 77 79 60 76 79 82 65 60 55 38 31 23 7 4 10 13 7 7 2 1 1 0 1 0 0 0
19 59 21 24 7 13 9 18 12 13 19 9 9 26 37 46 56 16 18 34 19 14 5 9 13 3 8 5 6 3 4 14 16 10 7 11 9 10 28 15 9 19 11 42 18 17 29 15 40 45 35 33 33 31 30 34 58 47 44 62 62 69 62 48 61 26 42 40 46 53 39 70 50 59 76 79 80 87 70 55 55 61 58 32 8 6 7 6 3 1 1 0 0 0 0 0
8 11 10 10 23 24 8 10 14 15 15 8 15 13 9 13 10 13 18 24 32 12 12 6 11 5 4 3 3 6 7 12 8 7 9 5 10 16 25 18 10 13 19 43 13 32 16 24 32 53 25 27 29 26 30 35 56 59 43 54 70 45 36 71 73 64 47 28 20 8 17 19 32 35 62 72 66 71 75 54 73 57 45 16 11 11 8 5 6 2 1 1 0 0 0 0
7 6 14 15 14 19 13 6 3 11 4 3 9 11 35 16 30 13 19 13 19 10 8 8 7 9 9 3 3 3 9 5 5 11 3 3 5 22 11 12 7 14 16 25 20 22 23 28 38 32 19 30 25 24 39 25 46 65 66 48 60 69 25 14 11 17 25 42 38 28 15 12 6 18 31 55 45 69 80 41 58 74 42 24 16 8 7 5 3 2 1 1 0 0 0 0
4 18 13 8 6 11 8 3 3 2 3 3 5 15 11 11 15 20 11 11 6 20 5 13 6 8 13 2 2 4 2 2 10 6 5 11 7 27 3 3 7 17 17 21 22 13 15 17 26 15 34 43 32 39 43 41 49 50 52 33 39 61 33 20 46 62 68 51 53 39 35 44 15 5 11 40 34 59 74 60 41 40 33 24 13 11 10 5 4 3 2 2 1 0 0 0
4 10 8 7 7 9 5 4 1 1 1 2 5 3 6 8 7 16 6 3 2 3 4 3 2 6 6 2 3 3 2 2 5 3 1 3 5 9 6 6 8 13 24 27 10 11 20 17 24 25 49 66 46 73 66 81 66 53 61 33 23 9 66 54 18 49 69 55 59 61 59 41 21 17 8 9 10 26 56 33 23 11 8 15 5 9 3 3 3 3 2 1 1 0 0 0
6 1 2 5 2 4 2 0 1 0 0 0 1 2 6 4 2 4 7 2 2 1 1 2 1 3 2 2 3 2 0 1 1 2 3 1 7 5 3 6 10 20 48 70 50 37 26 41 35 17 63 44 82 68 63 70 35 45 63 71 22 19 18 78 35 29 48 67 54 44 66 69 72 40 29 10 5 2 3 3 5 4 3 8 9 2 2 1 1 3 1 1 1 1 0 0
0 1 1 1 1 1 1 0 0 1 4 0 1 1 1 3 3 2 3 2 2 1 1 2 0 1 1 1 1 1 0 0 0 8 11 13 28 31 45 44 48 64 49 68 59 61 52 14 42 46 29 30 54 61 61 66 40 67 68 51 48 32 13 53 74 27 9 33 63 75 61 59 34 31 38 32 13 4 6 2 5 5 3 2 7 6 1 2 1 1 1 0 0 0 0 0
0 1 1 0 0 0 2 6 15 2 2 6 8 1 0 1 1 1 1 0 1 0 0 0 1 0 1 3 6 1 0 1 1 1 2 14 26 33 43 47 38 60 54 50 66 71 66 32 21 25 70 49 22 54 21 28 30 67 82 63 49 39 27 30 83 40 37 18 41 59 80 26 12 23 25 41 27 21 15 9 4 3 1 2 2 4 2 1 1 0 0 0 0 0 0 0
1 1 1 2 2 5 11 6 5 7 7 3 5 2 1 1 0 0 0 0 0 0 2 4 8 8 2 1 4 1 0 3 4 2 3 4 7 31 44 59 43 25 39 36 49 74 81 82 31 29 46 56 39 21 47 15 48 54 74 71 21 33 26 19 80 58 27 25 24 75 75 83 45 33 25 15 10 9 5 6 9 7 3 1 1 1 3 2 1 1 0 1 0 0 0 0
5 6 3 16 9 11 13 22 22 20 11 8 15 3 2 1 0 0 0 0 0 0 0 1 1 3 6 5 2 2 1 1 5 4 1 4 11 21 38 60 53 24 13 26 41 73 80 81 86 81 27 39 34 33 21 18 32 56 69 73 25 30 35 31 56 86 61 39 22 13 17 43 20 23 15 34 22 8 6 3 3 3 4 3 1 0 1 1 1 1 0 0 0 0 0 0
3 11 13 21 22 19 31 20 45 30 16 30 21 6 22 10 8 2 1 0 0 0 0 0 0 1 2 9 1 1 1 1 5 3 9 8 6 7 4 3 36 47 17 27 24 35 56 61 81 86 78 47 47 63 38 49 31 64 76 64 66 26 47 39 27 79 89 68 48 20 10 13 41 28 16 14 21 22 8 5 2 2 2 3 3 1 0 1 1 1 0 0 0 0 0 0
1 1 9 26 37 23 60 67 65 64 48 43 20 32 42 29 12 5 10 2 1 0 1 1 1 3 7 3 2 2 2 5 10 6 8 13 12 12 10 9 8 20 18 18 12 28 63 43 68 79 88 55 48 46 57 55 12 55 70 67 66 47 35 34 17 71 79 82 55 49 10 4 28 50 21 5 7 4 9 2 3 2 2 1 2 1 0 0 1 1 1 0 0 0 0 0
2 2 5 39 45 61 64 60 56 79 83 54 62 54 52 35 19 23 15 11 4 0 2 3 8 30 21 4 1 3 4 5 5 9 6 10 12 16 23 13 9 12 9 10 22 29 47 44 15 62 79 85 47 39 47 24 21 15 43 53 83 78 21 24 45 55 54 77 31 46 31 6 8 29 21 12 7 6 8 7 3 2 1 1 1 1 1 0 0 0 0 0 0 0 0 0
1 2 2 4 5 7 19 28 29 11 36 70 85 74 66 29 28 48 26 12 21 2 3 2 2 3 18 34 6 2 5 5 8 13 12 9 16 16 32 17 22 35 24 21 16 11 55 58 43 29 57 77 64 35 16 13 33 12 22 51 48 44 31 26 28 43 25 72 27 34 24 26 3 13 14 20 14 10 9 6 5 3 1 1 0 1 1 0 0 0 0 0 0 0 0 0
1 1 4 10 8 20 56 25 23 17 21 15 64 81 84 61 53 54 25 25 12 21 5 5 7 4 2 5 9 3 1 7 9 22 10 12 6 10 28 23 24 20 17 19 31 30 29 11 39 66 37 49 16 18 9 24 20 31 23 25 49 56 41 33 14 16 15 55 61 20 9 16 14 4 8 7 13 5 4 2 3 2 1 1 0 1 0 0 0 0 0 0 0 0 0 0
1 2 1 1 5 7 11 20 20 16 11 7 9 34 67 78 76 29 5 5 6 22 9 18 13 10 8 2 3 8 3 30 21 9 34 18 17 21 27 16 21 38 42 37 42 28 36 21 23 21 68 45 37 25 17 14 24 30 20 24 41 60 43 25 24 16 24 40 62 40 14 7 19 12 6 2 2 6 4 3 1 1 1 1 1 0 0 0 0 0 0 0 0 0 0 0
3 0 1 3 6 10 8 8 12 16 25 18 36 17 16 22 29 15 9 11 30 6 6 18 41 42 7 7 5 37 16 15 48 36 46 14 56 26 19 18 24 24 24 35 31 34 37 24 25 28 26 36 25 25 30 23 19 27 14 6 14 21 34 33 33 21 17 22 33 35 19 20 22 9 11 4 2 4 4 2 2 0 1 0 0 0 0 0 0 0 0 0 0 0 0 0
13 3 6 3 3 9 5 10 21 22 16 22 13 24 32 22 20 16 10 15 6 19 13 11 6 15 25 27 35 5 8 34 31 9 21 21 9 47 20 19 24 33 16 24 16 20 19 28 32 38 20 12 41 44 28 38 23 20 18 17 10 18 36 19 17 15 9 11 18 31 8 10 8 5 5 3 2 1 2 3 1 1 0 0 0 0 0 0 0 0 0 0 0 0 0 0
24 20 2 2 9 3 14 37 15 8 19 16 17 41 12 23 15 12 7 5 8 16 13 14 13 9 12 15 7 12 6 33 29 34 29 40 9 17 42 11 16 33 26 37 36 15 21 26 21 37 16 26 8 18 17 47 16 22 17 27 16 16 6 7 4 2 1 3 6 6 5 2 6 4 3 6 4 2 3 1 1 1 1 1 0 0 0 0 0 0 0 0 0 0 0 0
26 17 49 4 4 17 3 6 24 29 12 22 18 35 10 28 20 13 9 14 22 30 15 9 16 19 15 20 43 41 32 7 7 12 29 20 20 5 45 33 29 24 11 18 32 30 21 14 26 34 27 8 41 26 18 44 27 11 17 8 8 13 7 5 2 1 1 0 3 7 6 2 2 3 3 5 3 2 5 2 1 1 0 0 0 0 0 0 0 0 0 0 0 0 0 0
22 25 34 22 4 5 20 6 3 8 18 13 9 13 17 18 9 5 7 18 20 23 50 28 22 25 20 20 52 65 38 20 8 19 38 29 44 19 6 46 22 32 32 28 15 15 21 30 25 31 15 6 13 6 4 19 14 11 9 4 5 9 6 5 4 2 1 1 1 2 4 2 4 4 5 6 6 3 1 1 1 0 0 0 0 0 0 0 0 0 0 0 0 0 0 0
26 33 53 32 39 11 3 41 10 12 45 14 24 15 8 27 9 12 10 8 7 17 38 27 25 30 27 26 39 71 73 41 20 16 58 48 50 29 12 23 65 22 21 51 33 33 25 33 34 18 13 4 4 6 5 6 12 8 5 3 2 3 4 6 3 3 1 1 1 0 0 1 2 1 1 1 2 3 2 1 1 0 0 0 0 0 0 0 0 0 0 0 0 0 0 0
35 27 23 40 20 25 30 12 54 25 41 62 43 51 34 15 15 9 15 31 15 29 56 46 27 30 32 25 17 22 64 54 33 23 19 56 35 26 20 11 17 49 12 15 17 20 23 33 51 29 38 13 8 6 5 4 5 4 3 9 3 2 2 1 1 1 1 0 0 0 0 0 0 0 0 1 1 1 1 1 0 0 0 0 0 0 0 0 0 0 0 0 0 0 0 0
17 55 43 50 34 46 57 43 27 21 13 12 19 15 15 43 29 15 28 11 48 17 61 69 28 32 36 24 15 6 14 39 58 39 13 38 44 16 43 31 22 13 40 41 21 20 35 25 39 21 42 16 7 5 4 3 3 3 1 3 4 2 1 0 0 0 1 0 0 0 0 0 0 0 0 0 0 0 1 0 0 0 0 0 0 0 0 0 0 0 0 0 0 0 0 0
9 12 10 18 21 10 11 10 18 18 30 27 30 38 14 19 43 38 30 32 21 16 52 80 55 47 42 43 28 7 7 9 52 34 35 32 48 17 42 47 32 14 12 37 26 35 27 24 34 14 4 5 9 8 7 5 2 1 0 0 1 1 0 0 0 0 0 0 0 0 0 0 0 0 0 0 0 0 0 0 0 0 0 0 0 0 0 0 0 0 0 0 0 0 0 0
11 19 13 7 9 15 11 12 16 36 13 35 21 16 19 24 20 13 19 35 17 65 32 62 70 51 54 46 47 21 9 11 8 25 38 39 44 21 44 25 33 32 23 19 31 22 26 38 32 24 17 7 8 4 4 3 1 1 0 0 0 0 0 0 0 0 0 0 0 0 0 0 0 0 0 0 0 0 0 0 0 0 0 0 0 0 0 0 0 0 0 0 0 0 0 0
20 9 19 7 11 22 12 13 12 23 8 14 13 9 15 39 23 26 19 20 53 42 30 23 76 45 18 14 15 9 14 5 13 6 12 19 82 62 30 41 28 15 26 27 16 30 18 20 43 37 29 13 7 4 3 2 1 0 0 1 1 1 1 1 1 0 0 0 0 0 0 0 0 0 0 0 0 0 0 0 0 0 0 0 0 0 0 0 0 0 0 0 0 0 0 0
10 8 8 6 4 7 5 4 4 6 10 14 12 7 12 15 12 24 31 63 39 26 41 60 75 67 27 19 20 22 21 21 8 12 14 10 6 9 26 26 20 35 13 25 21 33 34 21 43 23 28 23 12 6 2 1 0 0 1 1 2 4 5 4 1 1 0 0 0 0 0 0 0 0 0 0 0 0 0 0 0 0 0 0 0 0 0 0 0 0 0 0 0 0 0 0
5 4 4 3 3 3 4 3 2 2 4 4 5 14 11 11 8 25 19 17 23 24 12 8 14 15 11 15 35 38 22 44 33 14 10 8 9 8 7 21 17 32 25 11 33 22 32 25 22 12 16 12 7 6 2 2 1 1 3 5 6 6 4 4 2 1 1 1 1 1 1 0 0 0 0 0 0 0 0 0 0 0 0 0 0 0 0 0 0 0 0 0 0 0 0 0
5 3 2 1 1 2 5 9 24 22 20 4 5 10 6 5 9 23 39 29 37 17 20 16 11 14 40 21 27 35 47 35 22 24 27 5 3 5 8 12 12 18 26 28 28 26 17 13 28 13 8 7 4 2 3 4 2 6 7 6 11 8 9 6 4 3 2 3 4 2 2 1 0 0 0 0 0 0 0 0 0 0 0 0 0 0 0 0 0 0 0 0 0 0 0 0
1 1 1 1 3 4 3 9 43 48 34 35 13 5 8 16 12 22 27 14 12 12 33 20 19 20 37 16 7 24 21 16 7 13 25 15 6 5 12 7 5 9 9 10 16 16 16 10 17 11 5 2 4 5 10 8 9 10 13 14 9 14 15 9 15 5 6 5 5 5 1 0 0 0 1 0 0 0 0 0 0 0 0 0 0 0 0 0 0 0 0 0 0 0 0 0
1 1 4 3 10 5 17 11 4 10 42 38 29 43 46 35 66 37 26 32 12 5 24 17 19 27 15 15 11 11 24 25 24 17 26 13 9 19 24 7 4 21 11 16 11 6 17 8 7 5 4 5 9 18 17 19 14 12 12 15 11 19 20 25 25 14 9 7 7 4 2 2 3 1 0 1 0 0 0 0 0 0 0 0 0 0 0 0 0 0 0 0 0 0 0 0
2 1 0 2 9 20 27 63 52 25 37 67 49 38 62 42 76 76 71 47 23 33 6 7 8 7 25 28 33 43 14 54 52 25 10 13 5 15 16 9 24 13 11 10 14 8 10 8 6 6 11 12 24 41 37 27 33 19 21 20 15 27 29 31 23 18 11 9 10 8 5 1 1 0 0 0 1 0 0 0 0 0 0 0 0 0 0 0 0 0 0 0 0 0 0 0
3 4 14 2 2 11 33 58 65 30 20 71 27 25 68 47 41 21 36 55 14 24 18 12 10 14 22 30 30 53 25 17 15 37 23 20 8 30 14 13 21 27 22 21 23 31 30 23 7 22 35 32 37 52 55 52 24 14 46 28 22 31 32 23 30 32 6 20 18 8 5 3 1 1 0 1 2 1 0 0 0 0 0 0 0 0 0 0 0 0 0 0 0 0 0 0
17 6 10 31 17 6 7 15 21 66 18 61 36 32 66 27 11 15 28 21 13 6 20 12 15 30 30 15 11 35 24 18 9 7 10 8 24 27 13 9 43 43 23 49 43 23 22 12 11 30 49 45 45 77 45 37 33 17 58 29 26 31 43 47 32 25 19 23 10 4 4 3 2 3 1 1 1 1 0 0 0 0 0 0 0 0 0 0 0 0 0 0 0 0 0 0
39 42 14 29 47 60 52 27 11 12 38 73 59 22 64 25 24 17 28 26 9 6 27 11 25 22 25 24 21 16 10 14 15 22 26 17 34 7 12 23 42 40 52 55 35 17 11 18 33 26 43 62 75 47 31 42 39 24 68 35 60 26 47 27 26 55 33 14 22 9 5 4 11 9 2 0 1 1 1 0 0 0 0 0 0 0 0 0 0 0 0 0 0 0 0 0
41 54 53 41 51 77 62 83 51 11 25 60 10 19 48 40 29 11 42 7 7 6 16 8 41 26 15 12 13 3 3 14 23 16 35 12 44 10 31 27 55 58 66 32 31 21 20 38 48 42 39 64 65 44 48 62 53 35 74 68 43 51 43 52 66 45 35 26 15 6 6 24 10 1 2 2 1 1 1 0 0 0 0 0 0 0 0 0 0 0 0 0 0 0 0 0
43 67 67 77 70 69 79 82 66 37 31 27 35 14 46 34 22 15 12 6 7 7 23 13 19 18 15 34 25 23 27 28 18 9 12 25 57 25 32 40 67 66 51 34 20 31 33 61 68 49 40 64 54 36 51 73 38 61 65 59 67 32 46 77 73 47 35 19 20 22 14 13 5 4 3 1 1 0 1 0 0 0 0 0 0 0 0 0 0 0 0 0 0 0 0 2
8 64 77 63 75 29 56 70 70 68 56 63 44 13 48 72 41 16 18 12 6 13 22 13 12 14 27 9 12 13 5 12 9 24 53 34 54 24 24 40 65 46 28 14 28 51 46 49 75 56 61 62 33 55 69 63 33 59 46 72 61 67 73 66 51 34 40 20 8 4 3 2 1 1 0 0 0 0 0 0 0 0 0 0 0 0 0 0 0 0 0 0 0 0 0 1
16 17 42 18 9 11 18 16 20 9 12 24 57 15 8 48 60 41 28 25 13 10 7 8 24 9 16 16 43 38 8 19 23 26 64 63 70 36 23 50 47 24 16 32 56 54 48 48 74 53 60 73 63 60 78 63 62 40 61 68 46 69 59 25 12 12 7 12 21 15 13 8 9 3 1 0 0 0 0 0 0 0 0 0 0 0 0 0 0 0 0 0 0 1 1 2
17 18 8 11 18 43 47 17 21 4 9 10 6 3 11 8 9 19 8 6 4 22 12 14 7 26 21 28 17 26 24 43 36 37 63 73 53 45 37 53 29 29 29 48 58 54 62 39 61 71 65 82 87 71 69 83 84 67 83 81 80 85 65 71 49 38 36 27 14 4 4 4 2 2 2 1 1 0 0 0 0 0 0 0 0 0 0 0 0 0 0 0 0 0 1 3
30 32 28 21 40 49 55 41 16 13 22 15 17 12 11 16 12 5 5 6 9 29 11 12 23 29 13 56 48 38 47 54 48 48 58 35 21 34 20 53 40 35 33 47 60 64 67 60 67 76 68 80 77 78 34 47 80 87 86 73 30 23 45 39 68 40 25 35 11 4 3 3 4 1 0 0 0 0 0 0 0 0 0 0 0 0 0 0 0 0 0 0 0 0 1 2
19 6 25 32 44 37 45 28 8 15 14 19 40 31 14 14 6 11 8 9 2 6 45 25 18 5 9 29 44 31 34 41 59 32 61 20 31 24 10 50 37 33 48 59 58 72 77 62 81 86 64 45 47 37 24 25 63 73 62 40 51 37 34 43 31 25 21 9 16 9 7 3 2 2 1 1 0 0 0 0 0 0 0 0 0 0 0 1 1 1 1 0 0 1 2 2
