sesion_6_simulaciones/modelos_agentes/ejemplos_netlogo/scenarios/echam4_b2/rob_2024.asc
NCOLS 322 
NROWS 307 
XLLCORNER 451900 
YLLCORNER 4086900 
CELLSIZE 100 
NODATA_value -9999 
[rows 73 to 145 of 307, columns 0 to 95 of 322]
0 0 0 0 0 0 0 0 0 0 0 0 0 0 0 0 0 0 0 0 0 0 0 0 0 0 0 0 0 0 0 0 1 1 2 2 5 4 2 1 1 0 1 0 0 0 1 1 1 1 2 1 2 1 1 2 2 2 3 5 8 4 1 3 6 17 27 24 24 13 4 5 11 10 6 32 47 64 38 62 59 56 16 30 22 54 41 15 11 11 4 11 7 30 20 24
0 0 0 0 0 0 0 0 0 0 0 0 0 0 0 0 0 0 0 0 0 0 0 0 0 0 0 0 0 0 0 0 1 1 1 3 6 7 5 4 2 3 2 0 0 0 1 1 1 2 1 1 1 1 2 1 1 1 1 1 1 4 4 5 2 2 2 4 6 11 13 9 6 3 18 51 29 28 34 63 71 26 40 40 47 24 8 7 11 12 9 15 9 8 15 13
0 0 0 0 0 0 0 0 0 0 0 0 0 0 0 0 0 0 0 0 0 0 0 0 0 0 0 0 0 0 0 0 0 1 2 5 4 3 12 10 2 4 4 2 1 0 1 1 1 1 1 1 1 1 1 1 1 1 1 1 1 2 9 10 4 5 10 7 5 2 5 11 10 6 15 61 29 11 10 47 46 38 37 22 10 33 30 13 11 9 12 20 21 13 10 43
0 0 0 0 0 0 0 0 0 0 0 0 0 0 0 0 0 0 0 0 0 0 0 0 0 0 0 0 0 0 0 0 0 0 1 3 4 7 6 5 4 15 4 2 2 1 1 1 1 1 3 1 2 1 1 1 2 1 0 0 1 6 4 11 9 9 14 13 18 10 9 4 4 3 12 58 71 28 14 10 37 42 26 10 10 53 50 45 34 10 5 5 21 27 24 38
0 0 0 0 0 0 0 0 0 0 0 0 0 0 0 0 0 0 0 0 0 0 0 0 0 0 0 0 0 0 0 0 0 0 1 1 1 2 2 2 12 4 4 3 5 6 2 0 1 2 2 1 1 1 2 1 1 1 1 1 3 5 5 10 6 10 15 15 18 22 20 19 18 14 7 15 44 36 26 9 37 58 19 9 34 63 22 53 45 27 9 25 42 41 32 23
0 0 0 0 0 0 0 0 0 0 0 0 0 0 0 0 0 0 0 0 0 0 0 0 0 0 0 0 0 0 0 0 0 1 1 1 1 2 3 6 5 10 3 5 6 14 7 5 7 3 3 1 2 1 1 0 1 1 3 4 3 2 3 2 6 10 12 21 20 18 21 30 20 21 10 4 4 16 20 11 19 24 16 17 49 23 14 10 10 29 23 25 20 31 35 33
0 0 0 0 0 0 0 0 0 0 0 0 0 0 0 0 0 0 0 0 0 0 0 0 0 0 0 0 0 0 0 0 2 5 10 9 4 2 4 7 8 18 12 3 3 5 16 18 26 30 18 9 5 3 2 1 1 2 4 4 1 2 2 2 2 4 3 3 5 17 23 19 21 25 17 14 8 16 7 4 12 21 17 25 39 17 28 21 11 24 28 50 68 58 46 46
0 0 0 0 0 0 0 0 0 0 0 0 0 0 0 0 0 0 0 0 0 0 0 0 0 0 0 0 0 0 0 0 0 2 11 23 7 2 4 12 11 7 19 10 3 3 6 17 46 61 74 71 55 15 9 5 4 4 3 4 3 2 1 1 4 4 3 6 7 14 22 17 22 26 24 14 12 6 4 1 6 19 18 27 27 30 14 12 13 24 64 65 67 40 44 65
0 0 0 0 0 0 0 0 0 0 0 0 0 0 0 0 0 0 0 0 0 0 0 2 0 0 0 0 0 0 0 0 0 0 1 12 14 4 2 9 15 33 20 27 20 7 6 2 2 5 23 29 43 55 37 15 6 3 3 3 2 4 2 6 2 1 3 2 3 7 8 26 22 26 27 17 5 1 2 1 5 12 10 33 15 26 37 38 23 19 15 11 34 24 29 45
0 0 0 0 0 0 0 0 0 0 0 0 0 0 0 0 0 0 0 2 2 2 6 1 8 2 0 0 0 0 0 1 1 2 3 2 1 1 1 5 8 7 9 23 13 12 12 7 2 1 0 1 4 22 19 43 21 8 3 15 26 12 7 2 8 6 2 3 2 1 9 17 27 23 15 16 9 6 5 13 5 3 16 43 16 37 40 41 38 42 26 13 11 28 61 74
0 0 0 0 0 0 0 0 0 0 0 0 0 0 0 0 0 1 1 4 1 1 1 0 1 1 1 0 0 0 0 1 1 1 2 2 1 1 4 7 15 19 7 5 4 4 4 3 1 2 2 1 3 3 4 11 21 14 33 43 17 4 3 5 8 4 3 4 7 5 34 29 31 19 15 18 22 29 15 8 14 9 36 42 27 59 63 84 60 58 59 49 14 12 16 15
0 0 0 0 0 0 0 0 0 0 0 0 0 0 0 0 0 0 0 1 1 0 0 0 0 0 0 0 1 2 3 0 1 2 3 3 2 4 6 6 11 23 21 13 1 1 1 2 2 1 1 5 22 14 11 9 6 20 53 22 8 6 3 2 7 4 7 4 12 22 17 18 22 18 18 18 21 18 27 7 11 9 17 19 29 69 27 51 60 75 48 54 52 32 21 15
0 0 0 0 0 0 0 0 0 0 0 0 0 0 0 0 0 0 0 0 0 0 0 0 0 0 1 0 0 0 0 0 1 2 2 3 1 12 9 7 15 15 26 22 9 11 15 12 11 16 11 15 24 18 14 7 10 13 20 11 10 16 11 5 3 2 2 11 14 12 13 16 41 17 11 33 22 20 23 13 11 8 8 23 5 45 35 67 65 80 84 85 67 44 28 22
0 0 0 0 0 0 0 0 0 0 0 0 0 0 0 0 0 0 0 0 0 0 0 0 0 0 0 0 0 0 0 0 1 1 1 2 2 4 4 10 16 9 20 15 9 15 19 12 9 16 14 7 11 12 12 12 18 11 11 17 23 13 5 4 3 3 4 4 5 7 6 12 6 4 34 22 16 15 40 24 27 12 7 13 32 45 41 37 71 66 58 57 74 35 29 22
0 0 0 0 0 0 0 0 0 0 0 0 0 0 0 0 0 0 0 0 0 1 0 2 2 2 2 3 2 0 0 0 1 0 1 1 1 2 4 8 8 6 3 7 6 9 15 4 7 10 9 11 11 16 14 11 13 6 9 12 16 5 3 2 4 5 11 20 19 14 14 7 9 6 6 6 23 38 15 21 22 14 13 11 15 19 33 48 57 67 15 37 52 54 27 21
0 0 0 0 0 0 0 0 0 0 0 0 0 0 0 0 0 0 0 0 0 0 0 1 11 5 5 5 2 4 6 3 1 0 0 0 0 3 2 3 2 3 6 10 12 14 17 6 11 22 8 7 9 23 12 6 7 5 11 17 7 1 1 3 10 2 2 5 25 8 10 11 7 8 14 10 11 15 12 11 7 12 23 21 13 14 13 10 24 23 13 37 20 49 38 28
0 0 0 0 0 0 0 0 0 0 0 0 0 0 0 0 0 0 0 0 1 0 0 4 5 9 11 10 4 4 4 7 3 6 3 1 1 0 1 0 1 3 4 3 6 7 8 3 4 13 3 8 2 14 13 5 8 4 10 5 4 5 4 8 9 2 1 1 36 11 12 9 6 8 6 22 23 38 33 37 47 29 16 10 29 35 30 27 11 7 16 31 35 15 30 22
0 0 0 0 0 0 0 0 0 0 0 0 0 0 0 1 0 0 0 2 0 0 2 14 12 2 15 16 5 8 7 8 4 11 4 8 4 2 0 0 1 1 1 1 3 4 2 3 3 3 2 12 5 20 1 6 13 5 8 2 1 6 8 5 4 3 2 1 4 56 40 19 10 28 28 29 60 51 18 24 49 37 47 44 39 41 37 35 26 11 6 25 24 11 7 3
0 0 0 0 0 0 0 0 0 0 0 0 0 0 1 0 0 2 0 0 1 0 0 5 9 6 1 34 33 9 3 13 8 15 11 22 6 4 3 0 1 3 2 0 1 1 2 1 1 4 27 26 39 27 39 6 2 7 1 1 1 6 5 1 1 1 10 9 4 3 27 16 61 85 65 44 20 17 63 31 7 32 50 41 33 36 40 37 29 12 8 8 5 3 5 13
0 0 0 0 0 0 0 0 0 0 0 0 0 0 0 2 1 2 3 0 0 1 0 5 1 18 9 15 57 15 2 2 2 6 5 15 5 13 18 9 3 1 6 14 11 10 12 4 9 37 55 27 17 13 37 48 15 3 4 4 3 8 4 2 3 4 3 5 15 5 7 8 6 8 8 51 24 20 14 29 44 17 21 55 39 38 41 33 32 28 13 4 8 19 10 15
0 0 0 0 0 0 0 0 0 0 0 0 0 0 0 0 1 7 7 4 1 4 2 1 1 7 3 1 14 12 36 5 1 1 7 2 6 21 7 4 9 4 4 16 24 18 14 24 33 34 61 58 22 55 45 61 24 37 19 12 10 7 2 2 3 3 2 5 5 2 4 2 4 5 5 12 11 18 15 16 28 51 27 31 39 38 23 23 13 7 15 19 26 6 4 6
0 0 0 0 0 0 0 0 0 0 0 0 0 0 0 0 0 8 3 3 3 3 2 2 1 6 2 2 1 13 54 21 3 3 2 10 2 10 37 4 24 2 6 38 36 38 32 57 48 80 73 63 52 86 74 74 53 54 42 21 12 9 2 2 2 4 7 17 12 7 4 15 19 14 10 6 8 20 26 22 11 13 41 40 33 18 24 9 9 23 28 20 29 27 16 7
0 0 0 0 0 0 0 0 0 0 0 0 0 0 1 0 1 1 2 4 3 5 2 2 3 4 6 2 1 4 27 38 14 10 2 5 1 4 34 5 20 4 11 28 30 34 71 71 72 85 81 58 61 64 68 60 54 66 16 5 22 6 3 3 4 3 5 14 12 9 33 12 4 7 9 14 45 46 46 34 28 20 20 28 17 9 22 18 19 26 43 33 18 13 17 13
0 0 0 0 0 0 0 0 0 0 0 0 0 0 0 1 2 1 1 1 2 2 2 3 9 3 11 6 4 2 18 49 6 4 5 6 1 13 35 31 39 38 13 21 46 67 88 80 70 82 63 17 33 13 18 50 71 59 22 49 37 30 11 3 3 4 7 7 7 20 9 13 20 7 10 34 27 18 39 48 49 23 11 11 8 12 23 42 39 39 38 43 19 20 18 27
0 0 0 0 0 0 0 0 0 0 0 1 3 1 0 1 1 1 2 2 1 1 2 11 17 15 9 13 8 4 17 44 6 4 15 10 4 13 6 32 55 78 25 36 51 65 88 83 38 56 16 21 11 4 1 6 51 69 70 63 35 54 7 4 18 27 7 2 6 8 8 23 10 29 39 8 23 50 33 49 40 43 41 17 24 29 41 43 54 36 52 47 34 37 31 43
0 1 0 0 0 0 0 0 0 0 0 0 1 5 1 1 1 3 4 5 6 5 4 8 11 17 16 26 19 16 11 25 9 10 11 5 6 15 7 12 30 67 51 58 56 59 87 93 82 60 28 12 2 3 1 2 4 4 76 67 56 12 5 19 9 24 16 6 4 4 17 13 29 24 17 11 11 9 25 34 52 57 44 26 32 49 42 38 57 26 73 36 38 38 29 32
0 4 2 0 0 0 0 0 0 0 0 1 1 1 4 5 1 2 8 8 9 6 9 20 27 40 38 32 31 36 6 20 34 20 13 9 7 11 5 2 8 59 14 22 22 32 80 83 77 36 24 25 16 13 5 6 2 10 7 13 10 9 20 24 17 10 9 3 5 6 7 11 15 13 9 5 7 21 28 42 47 52 35 36 28 39 49 22 50 41 75 48 44 23 34 44
0 0 3 0 0 0 0 0 0 0 0 1 1 1 4 2 13 3 2 3 5 5 2 3 7 18 23 11 32 35 16 52 68 42 16 33 14 16 12 4 28 53 52 27 25 29 15 39 62 12 24 32 24 17 28 14 8 19 12 23 16 6 18 20 15 8 8 3 9 3 2 3 13 17 18 12 20 29 29 36 35 44 39 35 35 31 41 33 64 67 20 44 48 47 48 34
0 0 0 0 0 0 0 0 0 0 0 0 1 0 1 3 5 18 6 5 3 10 9 9 20 29 25 13 5 7 10 49 52 30 42 48 64 56 11 8 42 31 78 51 45 37 38 11 6 14 39 35 27 22 13 25 28 18 13 15 18 16 26 23 12 8 6 8 12 2 2 5 6 11 14 25 23 27 28 33 32 27 27 39 38 26 29 32 53 10 22 40 33 13 8 20
0 0 0 0 1 0 0 0 0 0 0 1 1 1 2 2 2 3 4 7 11 21 18 24 29 53 31 35 22 8 6 4 42 61 60 30 78 62 29 53 60 19 71 42 82 74 33 15 12 8 25 37 28 23 30 14 30 22 20 13 29 30 51 49 20 7 4 3 6 2 2 3 2 3 3 18 19 18 19 27 24 21 25 37 16 42 33 57 27 16 34 35 37 24 21 34
0 0 0 1 1 0 0 0 0 0 0 0 1 2 1 1 2 4 4 6 16 18 45 37 40 34 59 40 17 18 15 13 6 35 58 16 21 14 65 45 39 11 75 43 22 9 23 18 25 15 22 37 46 37 26 15 9 12 4 6 16 13 31 33 4 8 7 3 6 6 8 8 4 8 10 4 16 19 21 22 18 33 15 6 16 51 24 55 24 8 16 20 24 21 33 38
0 0 0 1 1 1 0 0 0 0 0 0 1 1 3 6 4 3 3 4 4 11 49 57 28 21 27 34 37 37 28 27 14 6 7 21 9 15 65 20 14 24 56 22 18 12 28 21 22 16 10 26 32 33 23 12 10 9 4 8 7 5 7 4 5 6 6 4 4 7 11 4 7 11 9 8 21 17 18 15 45 15 12 21 22 37 30 25 25 4 6 18 21 34 36 56
0 0 0 0 1 1 0 0 0 0 0 0 1 1 1 2 7 9 17 18 11 16 22 14 8 3 15 33 38 30 44 47 16 8 2 4 12 40 29 24 6 50 71 34 28 26 26 31 37 9 13 20 20 20 13 14 12 5 8 3 4 2 4 13 11 4 8 7 10 9 10 9 4 11 6 8 12 12 14 30 14 11 19 12 26 11 25 35 40 17 14 18 29 31 19 53
0 0 0 0 1 1 0 0 0 0 0 0 1 2 2 5 7 11 16 14 14 30 19 12 14 14 5 14 22 17 19 13 8 14 15 16 30 23 35 18 19 35 56 57 44 29 13 15 20 8 6 24 30 38 39 22 12 7 13 22 21 10 7 10 5 3 22 21 10 8 6 45 35 15 9 6 6 8 9 22 10 14 14 7 19 14 25 36 26 38 25 33 28 45 37 45
0 0 0 0 3 2 1 0 0 0 0 1 1 9 8 17 9 6 12 24 27 26 33 19 13 17 16 11 19 22 11 11 15 22 27 29 11 13 20 21 19 6 12 37 40 20 4 7 10 9 13 17 15 16 13 12 15 7 37 36 19 19 4 5 8 7 19 74 64 31 19 16 30 47 18 9 8 11 19 10 4 16 6 11 15 27 10 12 16 24 40 33 61 40 21 26
0 0 0 0 0 1 1 0 0 0 0 1 1 3 15 14 30 35 23 28 23 14 30 18 9 9 6 5 4 7 14 15 23 23 12 27 24 23 19 13 5 12 27 6 37 30 22 17 14 6 7 7 7 28 22 18 19 5 6 12 11 8 14 10 14 21 12 52 73 59 11 21 23 13 35 32 8 11 11 10 16 25 10 48 26 19 19 32 21 25 43 51 28 26 22 13
0 0 0 0 0 3 4 0 0 0 0 1 1 1 2 2 1 3 18 19 24 20 33 41 23 14 20 15 8 5 10 3 6 12 12 21 22 16 22 9 4 18 11 11 37 23 23 15 18 10 8 8 9 21 39 5 9 9 17 16 11 27 26 37 42 23 29 18 55 41 43 15 14 15 13 31 25 26 18 26 12 16 21 39 23 34 28 16 19 64 40 19 36 25 31 30
0 0 0 0 0 0 1 0 0 0 0 1 1 2 7 6 3 2 5 25 28 43 52 53 53 21 13 5 3 4 5 2 1 2 7 7 13 17 15 13 14 17 6 24 6 3 8 10 13 14 17 21 11 21 16 14 11 20 27 7 20 25 14 23 79 33 31 16 8 62 69 27 30 11 39 57 48 67 44 35 28 21 10 26 59 31 55 46 41 56 53 27 42 45 48 28
0 0 0 0 0 0 1 0 0 0 0 2 1 2 5 5 4 14 7 27 66 42 23 31 39 23 16 15 6 1 5 6 9 5 2 6 17 18 4 10 25 26 24 23 8 5 9 24 24 29 19 42 28 28 20 15 13 10 7 27 15 9 9 18 19 47 27 21 9 26 51 77 62 18 6 39 21 62 17 11 32 67 10 25 9 29 42 72 79 64 80 46 50 47 47 45
0 0 0 0 0 0 1 4 0 1 0 1 1 1 1 4 14 14 17 8 9 34 48 30 28 24 31 40 23 9 7 16 12 11 12 5 5 11 10 13 13 22 20 19 16 13 28 34 24 23 27 18 31 25 18 25 35 44 27 8 20 14 10 36 14 35 46 20 12 10 46 60 58 42 18 26 5 46 26 12 2 36 29 20 20 55 26 26 13 12 54 35 38 77 53 65
0 0 0 0 0 0 1 0 0 0 1 1 3 1 2 6 9 12 18 13 10 4 32 63 44 37 33 39 40 15 14 21 10 12 22 27 10 6 5 12 19 16 10 37 20 22 20 54 54 34 48 19 28 55 75 70 42 21 17 13 16 52 29 9 37 13 40 37 20 7 47 49 42 58 17 25 7 43 57 17 9 51 12 22 18 6 33 26 8 18 77 42 17 61 81 79
0 0 0 0 0 0 1 0 0 0 0 0 3 1 1 2 4 11 15 25 23 18 8 23 34 33 12 14 30 15 11 11 8 6 10 17 14 10 7 14 12 6 6 7 27 31 25 42 31 20 16 40 25 17 19 14 15 11 20 24 18 32 44 16 16 39 7 53 35 10 32 58 39 57 24 22 11 49 20 19 6 71 31 18 29 21 13 22 16 30 65 79 27 32 72 74
1 0 0 0 0 0 1 0 0 0 0 0 1 1 1 2 2 5 19 36 39 23 14 6 5 3 9 6 2 3 10 1 3 7 12 9 12 17 14 9 20 18 21 17 26 32 27 28 18 19 32 39 32 47 26 36 34 27 16 30 12 19 29 30 16 62 31 40 66 23 16 31 58 29 56 20 15 48 32 54 41 58 82 37 30 27 11 34 26 13 41 83 45 18 23 70
1 0 0 0 0 0 1 0 0 0 0 0 0 1 1 2 7 8 15 23 31 21 11 16 7 9 9 5 1 1 5 4 3 5 5 8 15 15 9 19 34 25 22 20 11 21 28 22 19 48 32 53 38 35 32 51 46 36 31 36 31 36 18 33 18 55 45 24 65 48 10 32 48 31 71 29 38 27 35 27 54 40 80 56 16 32 28 55 24 14 17 60 49 22 40 37
1 0 0 0 0 0 0 0 0 0 0 0 1 1 1 2 3 6 10 17 20 21 15 14 23 16 18 11 3 1 2 1 1 5 6 3 14 14 7 8 24 21 16 10 19 14 16 15 11 39 59 59 60 40 23 34 66 34 51 49 52 58 22 10 13 15 38 21 40 55 27 23 22 67 51 43 63 32 41 70 57 31 52 76 31 30 17 17 17 22 23 64 46 50 30 12
2 1 1 0 0 0 0 0 0 0 0 0 0 2 2 2 9 12 30 34 26 47 27 28 14 14 18 20 13 1 1 1 8 7 18 18 14 25 22 18 21 18 14 11 12 11 12 18 16 16 17 25 16 28 49 65 69 26 85 71 22 63 38 38 40 17 11 8 28 44 24 42 23 49 12 44 79 62 38 58 70 63 52 83 27 31 31 16 19 7 29 47 48 22 15 19
1 1 2 1 0 0 0 0 0 0 0 0 0 1 3 2 2 7 7 4 9 5 8 11 23 35 16 19 26 6 2 13 14 14 6 5 14 12 10 32 28 9 17 25 24 20 32 32 19 34 38 21 35 57 50 64 47 60 60 63 29 52 66 41 53 65 60 40 19 54 57 71 63 39 36 48 69 73 56 57 61 66 49 79 74 47 10 12 14 25 38 50 63 29 15 9
0 1 1 1 1 0 0 0 0 0 0 0 0 1 6 6 5 4 11 10 7 11 13 20 39 21 23 27 27 24 9 54 19 7 11 8 27 28 27 34 57 28 36 32 35 35 22 29 24 27 33 19 15 45 24 32 67 71 54 55 61 73 79 69 23 65 63 66 51 34 44 64 20 39 41 48 67 54 75 75 61 42 43 82 74 43 43 11 19 40 27 55 48 46 35 25
2 0 0 1 0 1 0 0 0 1 1 0 0 1 1 1 1 5 4 20 12 15 15 19 20 21 30 25 26 20 20 55 17 18 17 13 20 24 24 40 50 25 31 35 31 37 12 17 35 17 20 26 14 9 8 8 43 60 69 72 69 63 69 85 57 43 64 62 51 30 13 22 35 28 38 55 65 82 65 46 39 27 80 71 74 41 26 27 18 25 33 56 20 13 16 48
6 2 1 0 1 0 0 0 0 1 1 1 2 1 4 1 1 3 4 13 22 27 7 10 14 24 26 12 35 27 40 33 26 34 14 9 12 23 51 48 20 21 25 48 46 34 15 16 12 36 20 17 31 21 11 6 17 19 18 44 37 35 61 79 73 51 28 13 15 22 16 16 19 23 32 32 68 60 49 32 12 25 79 67 74 63 32 33 10 31 41 65 62 50 25 13
2 4 2 1 1 1 0 0 0 0 0 2 2 1 11 2 2 2 8 19 14 12 2 16 8 4 18 10 35 43 35 36 43 23 17 24 32 27 51 35 22 36 18 25 43 15 14 16 8 22 16 13 24 12 21 13 12 18 21 9 22 36 38 51 54 27 23 33 27 40 23 16 17 23 24 13 42 33 39 21 17 10 38 25 45 72 35 44 13 43 61 51 41 40 43 17
2 0 0 1 1 2 0 0 0 0 0 1 1 3 1 10 3 3 5 5 9 2 12 10 8 5 13 9 33 20 25 25 37 15 25 33 34 24 34 26 21 31 20 19 40 15 17 16 11 43 22 16 30 26 24 17 31 29 40 25 17 22 9 18 8 8 22 35 38 39 37 20 16 9 10 12 21 22 21 18 19 13 15 14 30 40 15 34 11 34 59 55 34 21 76 57
1 2 2 1 1 0 0 0 0 0 0 0 2 3 1 9 12 3 4 4 11 4 4 9 8 10 33 21 32 16 29 39 14 26 28 41 29 22 47 17 27 35 16 19 33 39 13 21 11 33 24 24 24 41 17 25 25 36 28 34 33 42 24 16 17 10 32 25 31 21 11 8 32 16 10 6 8 19 13 11 10 7 8 21 27 24 19 28 14 67 71 72 69 29 10 20
1 2 1 2 1 1 1 0 0 0 1 1 7 10 5 1 8 6 3 9 8 6 8 20 11 13 40 14 13 6 12 16 21 52 24 22 25 9 32 15 20 17 25 17 16 17 15 22 29 36 32 30 23 32 27 35 44 27 34 27 47 26 18 33 9 20 24 37 18 13 20 41 33 26 25 28 8 5 14 10 11 14 8 27 15 12 39 13 25 67 64 60 78 43 47 13
2 1 1 1 1 0 0 1 0 0 0 1 0 2 4 1 1 5 3 5 4 4 5 16 10 29 17 17 10 8 14 36 18 25 45 24 15 23 28 11 21 18 11 13 12 19 8 13 13 6 14 8 19 32 43 46 56 36 18 38 25 30 27 20 53 18 26 29 31 56 43 30 16 17 22 26 25 29 29 29 35 36 13 13 12 22 45 26 41 55 29 49 81 61 63 44
3 4 3 2 1 0 0 1 1 1 1 1 0 3 2 1 5 2 3 3 3 4 4 4 6 3 9 18 11 14 18 27 10 20 40 18 16 17 18 14 18 16 10 14 27 20 8 29 50 29 40 28 47 58 50 32 38 45 39 25 35 35 52 34 52 36 36 35 54 16 10 13 16 7 5 7 25 21 32 37 39 31 23 9 9 22 47 21 24 14 21 53 88 53 68 58
0 1 1 3 5 3 2 1 2 3 4 2 1 1 0 3 2 2 9 10 25 20 13 7 19 5 7 13 25 16 17 11 10 18 33 19 16 9 10 13 14 53 27 11 31 28 31 17 50 64 78 54 65 79 63 33 51 32 22 20 20 25 51 30 31 42 35 46 16 16 18 26 44 28 25 19 8 26 42 55 43 12 8 12 6 23 38 22 21 19 23 76 81 45 52 85
1 0 1 2 3 5 7 7 3 2 3 1 0 1 0 1 4 5 6 7 19 46 31 11 11 22 29 28 22 13 40 20 15 16 16 16 8 9 20 17 31 9 25 51 19 43 43 35 28 72 71 79 37 64 58 56 42 60 44 37 32 38 13 35 45 50 52 19 24 22 35 52 38 43 57 33 17 40 52 52 19 10 7 14 9 22 11 9 20 24 46 81 59 73 48 84
3 4 1 1 3 2 2 4 2 3 1 1 1 1 3 1 3 3 8 16 9 35 36 55 61 63 52 50 32 15 25 21 10 15 25 38 38 54 60 48 48 55 36 70 31 45 69 69 26 18 12 70 69 35 64 40 28 77 65 55 24 31 37 42 47 48 34 39 39 49 43 24 37 34 35 31 50 37 24 21 10 6 6 7 7 13 8 10 12 12 24 65 39 60 21 48
3 7 6 2 3 2 1 1 0 0 0 1 1 1 2 1 0 2 14 41 12 6 37 73 44 69 51 68 66 74 68 69 64 72 42 59 18 58 73 43 58 78 42 67 75 39 70 39 79 51 25 81 65 60 63 57 82 82 42 65 32 14 28 30 28 37 29 20 19 26 25 29 21 33 36 54 57 39 9 4 8 4 3 6 3 6 6 12 12 28 44 63 27 31 28 24
2 5 16 2 11 13 4 4 2 2 1 3 3 4 3 1 3 2 3 24 16 4 2 17 13 14 34 58 64 61 58 57 74 68 44 60 68 56 61 71 43 78 76 39 63 55 75 43 71 84 55 59 63 47 33 78 69 66 50 62 58 24 24 22 44 34 36 42 44 45 49 33 45 38 59 54 32 15 10 3 1 2 2 3 4 2 4 9 10 18 42 42 11 14 18 18
5 3 2 14 14 14 7 12 5 4 1 4 7 6 2 3 5 3 9 3 1 1 6 6 5 12 38 30 35 53 57 67 48 51 52 70 66 63 68 70 60 70 65 62 66 65 71 77 28 68 56 31 75 25 47 77 62 24 64 26 32 72 17 17 31 33 45 49 48 41 38 43 55 77 69 53 27 12 2 3 2 1 1 1 2 1 4 4 7 11 23 17 12 6 18 27
2 5 9 8 10 9 3 4 13 5 5 3 4 7 2 4 3 3 5 14 10 7 6 7 8 11 5 5 8 9 12 10 13 16 11 10 12 10 12 13 12 17 17 23 21 17 24 73 57 46 77 31 58 53 55 62 22 19 28 29 63 57 34 23 36 44 47 35 33 60 74 71 73 66 51 37 19 4 1 1 1 1 1 0 1 1 2 1 2 3 8 9 7 4 7 10
8 10 15 8 4 2 3 3 7 2 8 3 3 6 2 5 6 4 5 2 5 15 10 11 17 13 8 9 18 19 12 12 30 28 18 20 14 16 19 25 23 28 37 26 33 24 37 17 18 20 47 46 52 55 51 29 34 47 42 50 59 40 26 32 44 40 49 61 73 74 77 58 36 29 15 11 2 3 3 2 2 2 1 1 0 0 0 0 1 1 2 3 4 2 2 3
30 38 25 7 3 1 2 3 1 2 2 2 1 3 1 2 2 2 2 10 9 4 6 5 10 7 3 16 12 9 17 17 7 5 5 13 11 12 15 11 17 29 28 16 14 24 19 35 25 26 15 16 12 11 17 26 42 40 41 43 20 19 24 39 41 34 30 27 47 65 67 58 35 20 7 5 8 8 13 10 6 2 1 1 1 1 1 1 0 0 0 0 1 3 3 2
8 6 4 11 5 2 1 1 1 1 1 2 1 2 1 3 5 1 1 2 5 12 11 9 6 6 5 7 16 17 9 4 9 6 6 10 11 14 16 17 15 14 16 9 8 7 11 12 20 30 37 51 28 21 22 23 28 31 30 15 14 24 23 46 36 21 28 26 28 31 21 28 28 10 6 11 17 14 4 3 1 1 1 3 6 6 6 2 2 2 1 1 0 0 1 1
8 6 6 2 1 1 1 0 2 1 1 1 1 1 1 1 1 2 3 2 3 17 16 8 12 4 5 16 21 5 6 8 6 18 12 6 6 12 12 12 12 10 25 21 22 16 17 23 32 24 32 35 29 22 28 25 26 22 23 23 5 24 25 30 49 46 44 50 34 26 12 10 5 8 12 21 36 19 6 4 3 5 5 11 8 8 9 9 9 3 4 2 1 1 0 0
12 9 4 1 2 0 1 0 1 0 1 1 0 0 1 1 1 2 2 1 3 9 15 12 12 4 13 28 11 4 4 4 10 8 11 9 10 13 13 16 7 15 17 19 15 24 27 22 21 17 25 15 40 29 47 38 26 21 15 11 15 20 25 18 64 69 37 53 44 34 19 17 7 15 26 33 16 5 8 9 8 14 9 16 21 16 25 15 14 11 9 7 5 4 1 2
3 3 2 1 1 2 7 11 5 2 4 1 0 0 0 0 0 1 1 2 5 7 3 7 9 13 26 46 16 5 6 7 9 18 12 15 13 17 9 11 16 26 23 23 22 30 27 15 33 15 28 31 33 26 43 24 43 12 21 9 29 47 21 55 78 54 51 31 24 24 15 7 9 16 28 25 10 13 14 17 27 22 25 39 36 29 28 20 29 30 14 24 12 6 5 4
2 2 1 1 4 18 12 7 16 21 4 5 1 0 0 0 1 1 1 4 6 5 3 14 7 32 27 6 4 3 7 9 8 14 32 16 15 19 22 22 17 20 17 18 17 14 30 24 22 25 34 29 31 27 35 26 39 28 17 8 15 38 54 67 57 59 34 31 28 13 10 11 17 8 30 13 21 22 37 39 50 35 41 53 51 33 44 43 40 26 25 26 16 12 16 15
1 1 1 2 2 12 18 17 38 22 12 7 12 5 1 0 0 0 2 2 1 1 3 12 14 5 5 7 13 15 13 7 15 9 25 19 19 29 17 20 7 23 9 7 9 11 16 34 27 26 22 46 15 26 40 33 16 15 22 16 5 23 25 30 42 60 45 56 30 7 21 18 26 22 67 31 31 32 45 43 57 43 48 63 42 40 55 68 55 48 31 29 24 36 30 18
1 0 1 4 0 1 2 2 18 16 14 29 22 5 7 5 1 0 1 1 1 1 3 3 5 6 12 10 8 19 9 7 6 10 9 18 11 15 15 30 34 12 12 15 6 8 11 12 22 27 28 28 20 11 37 8 19 36 18 18 7 10 16 14 11 11 27 15 7 21 51 29 34 31 70 32 47 48 64 67 82 73 82 82 74 64 66 65 81 76 46 36 34 36 61 35
0 0 1 1 0 1 2 3 1 3 4 17 20 7 9 11 6 5 5 2 1 1 1 2 4 9 10 6 2 4 3 4 4 7 8 7 8 10 10 23 29 40 20 8 36 23 25 11 20 15 8 24 11 24 22 23 24 17 23 19 10 30 41 28 19 11 11 19 31 31 44 50 34 50 63 61 65 56 68 83 71 66 82 79 77 75 73 71 76 68 58 47 62 68 67 52
