sesion_6_simulaciones/modelos_agentes/ejemplos_netlogo/scenarios/echam4_b2/rob_2083.asc
NCOLS 322 
NROWS 307 
XLLCORNER 451900 
YLLCORNER 4086900 
CELLSIZE 100 
NODATA_value -9999 
[rows 222 to 295 of 307, columns 0 to 95 of 322]
2 5 8 16 13 10 21 21 3 11 12 12 29 10 9 5 4 2 2 3 8 16 20 24 13 12 10 22 36 14 10 27 35 13 30 20 12 14 20 49 18 18 31 32 25 55 37 48 55 80 78 49 37 39 37 22 33 51 34 44 52 37 29 56 41 50 29 39 28 22 18 14 6 3 2 2 1 1 0 0 0 0 0 0 0 1 2 6 9 5 3 3 6 12 26 15
4 7 6 4 5 11 14 26 15 7 7 15 19 9 4 4 5 9 11 11 15 21 13 43 23 21 17 17 18 22 11 21 15 15 36 7 8 13 17 40 28 22 16 30 12 8 20 14 15 59 69 51 54 37 32 34 21 26 43 49 44 61 33 40 56 33 30 32 36 18 8 7 4 2 1 1 0 1 0 0 0 0 0 0 1 1 2 5 14 15 6 8 14 19 4 3
5 15 25 45 23 23 20 29 18 20 26 39 16 11 8 13 11 20 9 9 41 8 17 18 15 12 9 34 17 17 13 16 10 19 15 10 14 17 12 28 21 18 16 53 52 45 40 41 37 19 28 45 33 29 23 23 24 34 37 40 43 50 31 66 66 42 32 22 19 10 7 6 3 2 2 0 0 0 0 0 0 0 0 1 2 4 3 8 27 27 11 16 22 18 4 3
10 19 23 42 46 50 20 15 9 32 31 21 13 8 9 13 3 2 1 21 11 14 32 19 11 17 14 16 11 6 10 8 13 3 6 19 9 17 8 26 14 20 33 26 30 52 43 64 65 40 23 29 20 31 17 19 24 42 34 33 46 28 25 21 30 23 15 15 9 6 5 3 2 2 1 0 0 0 0 0 0 0 1 2 2 8 12 14 44 43 35 36 14 10 5 5
2 6 8 8 17 65 39 6 22 22 32 12 21 17 3 2 1 1 6 32 7 19 24 19 10 15 8 4 9 5 9 21 11 6 10 9 14 19 8 12 25 46 47 21 36 48 51 29 65 79 31 26 12 19 19 30 27 24 28 21 18 13 20 10 9 15 20 11 6 3 2 2 2 1 0 0 0 0 0 0 0 1 2 2 3 10 27 35 45 57 37 17 14 7 4 3
6 5 10 14 21 21 11 9 10 16 26 27 34 8 2 1 8 12 28 40 11 13 17 24 14 9 10 5 6 8 3 8 24 5 4 4 8 10 40 52 20 20 16 55 32 37 62 44 39 19 33 41 36 32 31 35 39 27 25 21 18 10 12 8 8 11 9 3 2 3 2 1 0 0 0 0 0 0 0 0 1 1 3 4 3 10 30 64 51 7 7 4 4 5 3 2
5 6 9 22 17 14 18 16 10 24 19 16 16 6 9 24 26 30 27 36 10 12 13 13 3 2 8 2 6 8 2 2 7 8 3 9 6 4 30 55 42 19 42 32 81 52 28 34 36 34 24 49 47 44 49 44 27 30 14 10 9 3 1 2 5 5 4 3 2 1 1 1 0 0 0 0 0 0 1 1 1 3 4 6 13 18 24 61 34 13 10 7 5 6 3 4
1 5 14 12 14 13 23 20 16 15 16 26 17 20 18 32 23 10 24 19 10 7 4 4 1 7 2 1 6 5 2 2 3 4 14 21 14 8 6 19 28 15 14 12 38 78 52 33 32 34 30 31 32 45 56 57 31 24 8 6 2 2 3 9 10 5 1 1 1 1 0 0 0 0 0 0 1 1 1 2 5 5 11 10 27 35 39 41 20 12 16 23 9 6 3 3
5 7 7 13 19 15 29 13 17 13 7 15 11 25 14 27 19 14 9 16 2 3 3 2 3 1 2 3 2 4 1 2 2 3 5 12 10 27 14 5 18 41 30 36 52 27 34 24 19 24 21 21 35 37 35 38 42 29 23 8 11 7 4 5 7 4 1 1 0 0 0 0 0 0 0 0 1 2 2 4 10 7 18 16 14 49 73 42 25 33 40 23 9 4 4 1
2 5 8 17 10 10 12 31 6 15 8 8 11 14 9 18 12 7 5 6 3 2 2 2 1 1 1 1 1 1 1 1 9 4 4 3 22 9 18 16 7 15 58 71 78 47 22 14 30 36 37 17 26 38 31 35 29 10 14 20 10 5 3 5 2 4 2 1 0 0 0 0 0 0 1 1 2 5 8 14 22 23 24 14 9 26 60 31 23 50 37 14 9 6 4 2
1 1 8 10 8 8 6 14 6 8 6 6 7 12 7 5 11 2 2 2 1 1 0 1 1 1 1 0 1 0 2 2 3 13 7 9 6 9 16 7 14 12 14 32 36 26 26 17 32 25 39 25 24 24 23 41 23 13 4 4 6 3 1 2 1 3 1 1 1 1 0 0 0 1 1 2 4 10 16 27 40 53 34 20 15 18 36 39 45 36 18 8 4 4 5 4
0 1 4 4 3 11 7 6 6 6 8 6 3 8 4 3 4 1 1 1 2 0 0 0 1 1 0 1 1 1 1 1 1 1 1 5 3 5 7 6 11 22 49 32 30 16 20 8 13 15 25 20 22 28 33 21 16 7 2 0 4 8 3 4 4 3 2 2 1 0 0 1 1 2 2 2 5 19 23 42 65 58 45 45 21 24 63 66 50 27 21 11 8 9 7 3
0 0 0 2 2 6 13 14 21 3 4 5 1 3 1 1 3 1 1 1 1 1 0 0 1 0 0 1 2 3 4 1 2 2 6 9 11 15 13 20 29 36 43 54 51 54 58 30 31 47 36 22 21 17 15 15 7 3 2 5 4 10 12 6 3 1 1 0 0 0 0 2 2 2 4 3 9 21 29 46 49 68 55 59 44 72 53 53 34 40 35 32 21 13 7 4
0 0 1 1 1 3 3 5 3 5 4 2 0 1 0 0 2 0 0 0 0 0 0 1 0 0 0 1 2 1 11 23 14 10 26 14 19 13 21 18 36 43 40 64 38 27 30 8 19 38 53 41 22 14 14 13 13 10 23 12 7 8 4 5 2 0 0 0 0 0 2 3 6 4 9 5 7 14 35 50 74 61 65 58 71 53 55 54 29 30 55 44 32 11 8 11
0 0 0 0 1 1 2 3 2 3 1 2 0 1 0 0 1 0 0 0 0 0 0 0 0 0 1 2 2 1 3 9 48 22 43 70 67 46 51 41 18 61 66 56 72 60 63 39 34 42 39 35 38 16 16 34 28 17 12 6 6 11 8 2 0 0 1 0 0 0 1 2 9 14 12 8 11 9 21 24 68 79 74 41 35 80 49 56 54 57 37 39 30 23 15 12
0 0 0 0 0 1 1 3 3 3 1 0 0 0 0 0 0 5 0 0 3 2 1 0 0 0 0 1 1 2 3 3 6 45 30 69 74 71 72 61 53 31 74 76 78 56 72 48 36 39 24 23 12 15 6 6 10 13 10 7 4 3 1 0 0 1 1 0 0 1 2 4 7 16 19 10 13 20 24 23 55 74 67 29 65 64 52 72 74 51 52 44 41 23 33 25
0 0 0 0 1 0 1 1 1 1 0 0 0 0 0 0 0 0 1 1 1 5 3 1 0 0 0 0 1 2 2 4 6 10 8 37 81 47 75 42 50 49 48 69 65 60 43 26 57 50 39 34 37 31 21 11 9 7 5 4 4 1 1 0 1 0 1 0 0 1 2 6 9 25 43 26 17 26 40 46 63 74 49 43 62 28 16 33 48 25 24 40 29 30 19 10
0 0 0 0 0 0 0 1 0 0 0 0 0 0 0 0 0 0 0 0 0 0 6 3 0 0 1 2 1 2 4 3 6 16 9 14 47 63 63 62 60 51 57 49 55 68 63 41 20 47 42 40 36 37 33 14 8 4 4 3 2 1 1 2 0 0 0 0 1 2 4 4 13 18 37 47 25 24 28 63 63 82 38 41 70 33 36 33 24 18 16 25 25 18 6 2
0 0 0 0 0 0 0 0 0 0 0 0 0 0 0 0 0 0 0 1 0 0 0 2 2 0 1 2 3 4 8 7 10 21 21 21 20 55 42 51 25 33 24 39 39 40 14 48 32 29 38 26 25 30 29 24 19 12 8 11 5 3 2 1 0 0 0 1 2 4 7 11 13 18 21 52 63 39 57 48 75 67 57 76 33 39 45 41 48 51 30 34 28 16 6 2
0 0 0 0 0 0 0 0 0 0 0 0 0 0 0 0 0 0 1 0 0 0 0 4 2 1 1 1 0 2 4 6 11 16 22 33 18 19 22 16 29 20 10 12 21 33 29 39 23 20 31 24 23 17 16 16 12 8 6 4 2 1 1 0 0 0 1 2 5 5 8 14 22 18 27 26 78 35 35 65 73 53 60 69 62 56 44 71 69 28 29 21 15 6 3 2
0 0 0 0 0 0 0 0 0 0 0 0 0 0 0 0 0 0 1 1 0 0 0 1 1 1 1 3 1 3 10 7 9 17 20 36 35 21 16 9 9 16 22 22 35 35 27 16 21 30 23 21 16 17 15 12 10 4 3 2 2 1 0 0 0 1 2 4 5 8 17 9 5 24 58 48 72 49 49 64 71 65 50 61 47 33 34 60 51 44 20 15 10 5 3 1
0 0 0 0 0 0 0 0 0 0 0 0 0 1 1 1 0 0 0 0 0 1 1 2 5 3 2 2 3 3 7 10 13 23 22 35 38 57 41 18 19 13 14 15 20 17 22 13 10 18 15 20 20 17 9 8 5 3 3 2 1 1 0 0 0 2 6 6 8 13 17 19 12 26 50 37 62 75 50 61 63 68 68 67 48 60 43 49 52 42 27 20 9 6 3 3
0 0 0 0 0 0 0 0 0 0 0 0 0 0 0 2 0 0 0 0 0 1 1 1 1 1 4 10 15 11 11 12 18 30 34 32 39 50 60 57 28 21 23 30 33 20 13 17 26 19 27 27 13 9 12 7 9 6 3 2 1 1 1 1 1 3 7 14 21 26 22 25 16 30 69 42 20 61 84 59 69 70 65 58 47 37 14 36 50 39 21 10 9 8 10 7
0 0 0 0 0 0 0 0 0 0 0 0 0 0 0 0 0 0 0 0 0 1 1 1 2 2 1 4 4 22 27 26 32 47 37 28 47 62 68 58 35 33 30 40 42 45 28 43 29 16 7 8 11 12 3 5 4 4 1 2 1 1 1 2 3 6 10 22 31 37 34 41 29 37 61 68 25 50 66 59 58 39 30 20 28 43 24 28 33 25 18 14 13 11 10 8
0 0 0 0 0 0 0 0 0 0 0 0 0 0 0 0 0 0 0 0 1 0 1 1 1 3 2 1 1 16 11 47 67 42 43 51 41 46 62 63 58 64 50 34 48 61 36 38 30 17 17 17 8 12 6 4 5 5 5 3 1 0 1 3 5 7 11 29 31 52 42 56 32 31 54 68 55 34 68 39 29 18 33 26 27 13 14 22 39 36 20 16 20 16 11 4
0 0 0 0 0 0 0 0 0 0 0 0 0 0 0 0 0 0 0 1 0 1 1 1 1 2 5 2 2 2 4 3 35 38 33 34 27 50 44 33 32 25 23 23 34 55 33 31 26 24 17 13 7 4 3 6 8 6 4 3 1 0 1 2 4 13 22 29 28 40 69 51 56 30 31 62 51 73 44 28 34 24 25 27 37 19 28 33 31 15 17 26 32 17 12 3
0 0 0 0 0 0 0 0 0 0 0 0 0 0 0 0 0 1 0 0 0 0 0 1 1 1 3 2 8 9 5 13 16 12 6 15 25 35 23 31 18 20 12 19 22 25 25 35 17 15 14 13 13 10 3 5 6 8 5 2 0 0 0 3 4 10 9 11 15 20 41 69 77 33 20 46 30 65 27 41 24 25 17 30 35 36 35 17 30 25 31 37 18 12 7 4
0 0 0 0 0 0 0 0 0 0 0 0 0 0 0 0 1 0 1 0 0 0 0 1 1 1 6 6 3 4 4 5 15 23 16 15 33 42 37 33 38 32 51 43 28 28 31 35 30 19 8 12 10 7 9 8 7 4 2 1 0 0 1 2 6 11 16 34 25 16 26 35 55 62 37 32 61 48 39 32 16 32 35 28 16 35 43 36 45 51 28 27 13 7 5 7
0 0 0 0 0 0 0 0 0 0 0 0 0 0 0 0 1 0 0 0 0 0 1 1 11 20 10 4 11 22 22 12 24 26 24 24 36 52 43 43 52 42 33 34 33 33 48 52 33 24 26 20 25 22 14 5 3 4 2 1 0 1 1 3 9 15 28 43 44 27 18 23 42 59 63 35 69 47 48 48 43 28 38 49 43 42 56 48 41 49 48 22 20 12 5 5
0 0 0 0 0 0 0 0 0 0 0 0 0 0 0 1 2 1 0 1 1 1 1 2 9 25 23 9 4 10 15 15 10 13 22 19 22 32 30 57 67 42 48 48 60 57 49 54 40 30 36 39 25 16 13 10 8 3 2 1 0 2 2 7 13 22 46 45 31 30 29 36 39 32 21 69 69 46 38 37 28 35 56 51 55 65 62 68 56 48 26 17 14 14 8 5
0 0 0 0 0 0 0 0 0 0 1 0 0 0 1 0 0 0 0 0 0 1 2 14 17 5 15 13 11 23 26 21 12 8 12 13 26 34 46 46 37 40 71 66 72 65 48 34 29 23 11 20 23 13 9 8 4 3 3 1 0 2 2 8 18 32 45 44 44 53 45 39 63 61 46 47 65 55 29 35 40 54 54 38 52 56 56 43 57 29 18 14 21 13 9 7
0 0 0 0 0 0 0 0 1 1 3 2 0 0 1 0 0 0 0 0 0 0 1 9 2 3 10 26 25 49 73 27 39 25 16 9 19 60 47 50 63 19 25 13 20 40 27 40 25 26 21 23 22 19 8 4 5 4 3 1 1 3 4 9 26 52 46 45 33 69 80 35 64 75 74 57 43 43 40 25 36 36 44 63 55 52 39 36 40 34 33 35 27 22 9 3
0 0 0 0 0 0 0 0 0 0 0 0 0 1 1 0 1 0 0 0 0 0 2 4 1 1 2 18 17 14 33 71 37 49 45 43 44 45 37 40 52 54 44 52 53 37 40 53 40 38 34 17 14 12 10 7 7 6 4 1 2 5 14 20 32 43 46 45 37 32 60 76 43 63 70 68 54 30 50 40 55 59 45 37 51 51 40 31 36 56 48 37 20 11 9 3
0 0 0 0 0 0 0 0 0 0 0 0 0 0 0 0 1 0 0 1 1 1 2 7 2 0 3 2 9 16 8 15 47 38 57 57 37 12 13 14 31 38 37 47 61 65 50 31 47 40 25 35 28 14 9 15 6 6 5 1 3 9 24 37 52 61 44 38 65 55 38 31 66 70 53 68 47 43 68 66 27 26 31 42 43 35 51 41 47 29 26 15 9 9 4 4
0 0 0 0 0 0 0 0 0 0 0 0 0 0 0 0 1 0 0 0 0 2 2 8 6 2 3 5 9 9 9 4 4 9 12 13 14 13 14 11 9 18 16 24 49 50 36 55 53 48 41 33 30 24 21 18 13 7 5 1 6 12 23 47 58 59 45 55 55 74 53 48 28 27 44 47 68 56 35 43 39 54 52 60 54 47 60 55 31 19 17 16 9 3 4 4
0 0 0 0 0 0 0 0 0 0 0 0 0 0 0 0 0 0 0 0 0 2 4 6 3 0 3 9 7 15 17 6 23 31 38 35 31 28 30 15 13 16 48 58 60 42 51 48 52 52 48 37 32 27 22 18 14 7 3 1 2 11 39 54 52 68 51 59 57 47 82 59 42 29 16 61 43 58 48 49 55 69 70 63 54 67 54 45 26 21 19 14 7 5 7 9
0 0 0 0 0 0 0 0 0 0 0 0 2 2 1 3 2 0 0 0 1 2 4 5 3 8 1 8 9 16 10 23 25 17 24 27 23 26 13 23 50 61 37 40 33 48 45 43 54 45 52 47 37 28 25 22 10 8 4 3 2 6 20 54 78 68 49 61 55 45 38 52 59 16 10 25 67 72 71 61 58 60 64 71 66 48 53 40 52 30 17 12 4 10 5 21
0 0 0 0 0 0 0 0 0 0 0 0 1 2 2 0 0 0 0 1 1 1 4 7 8 3 5 7 5 7 10 47 18 18 25 30 31 21 31 35 61 54 53 52 56 57 58 52 64 57 56 44 40 32 26 15 10 8 7 3 4 6 21 42 69 58 68 72 59 71 64 61 55 23 24 39 58 54 61 52 53 52 54 60 51 47 48 54 57 49 21 17 11 15 12 28
0 0 0 0 0 0 0 0 0 0 0 0 0 10 1 0 0 0 0 1 1 1 3 2 2 2 12 3 7 6 21 15 26 33 27 29 31 35 46 42 34 50 57 65 63 67 60 69 65 44 38 35 31 36 32 17 14 9 7 3 5 9 20 39 57 53 46 62 76 60 72 58 56 25 43 50 56 60 43 42 48 51 41 37 39 42 42 42 37 42 35 27 11 23 28 29
0 0 0 0 0 0 0 0 0 0 0 0 0 0 0 0 0 0 1 0 1 2 3 2 1 4 3 5 9 20 30 26 25 30 24 28 42 43 50 45 51 66 69 55 50 67 70 68 53 50 43 43 35 28 24 27 21 11 5 3 6 15 26 39 47 53 44 47 68 80 70 60 47 76 59 36 26 34 44 48 44 49 51 49 37 48 32 49 37 29 34 28 13 25 29 25
0 0 0 0 0 0 0 0 0 0 0 0 0 0 0 0 0 0 0 0 1 1 1 3 4 2 2 9 21 7 7 8 25 22 29 38 42 42 43 44 50 62 50 56 69 66 69 71 51 54 47 42 34 22 21 27 14 12 11 4 4 9 37 48 59 52 47 42 40 40 50 49 48 59 13 28 32 34 31 35 36 38 36 56 50 51 45 44 33 32 34 18 17 33 28 40
0 0 0 0 0 0 0 0 0 0 0 0 0 0 0 0 0 0 0 1 2 1 6 8 3 3 4 9 5 6 8 13 18 18 27 35 38 40 34 63 52 42 45 61 34 55 71 72 71 65 33 33 31 35 34 23 17 19 11 4 2 7 17 41 52 52 78 55 54 50 42 23 36 53 34 39 45 35 34 34 45 41 49 51 51 23 27 22 31 46 33 12 25 45 45 46
0 0 0 0 0 0 0 0 0 0 0 0 0 0 0 0 0 0 0 1 1 3 3 1 2 5 3 3 4 6 11 12 10 16 21 45 26 27 47 41 34 60 69 40 59 60 62 68 58 42 37 46 47 43 37 37 30 24 14 6 3 8 23 35 45 65 74 83 49 56 43 24 25 61 62 27 37 46 52 32 34 39 53 48 36 17 41 38 31 22 15 6 29 46 45 44
0 0 0 0 0 0 0 0 0 0 0 0 0 0 0 0 0 0 0 1 1 1 0 1 3 1 1 3 4 6 16 13 10 19 25 32 28 42 52 52 39 35 42 54 52 59 47 53 52 52 50 59 58 33 36 35 33 19 17 8 5 14 21 37 53 58 69 74 65 61 43 42 47 59 35 28 29 32 42 46 33 67 54 33 42 49 42 34 19 10 8 18 38 47 44 46
0 0 0 0 0 0 0 0 0 0 0 0 0 0 0 0 0 0 1 0 0 0 0 1 1 2 2 5 8 7 8 7 9 14 32 20 53 48 53 29 21 23 33 51 62 58 57 61 63 63 60 58 44 33 26 24 22 20 19 16 9 19 31 48 62 61 51 45 63 73 60 23 34 60 26 30 56 54 52 61 56 43 44 45 49 53 28 30 19 14 15 34 39 44 33 45
0 0 0 0 0 0 0 0 0 0 0 0 0 0 0 0 0 0 1 1 1 1 0 1 1 3 4 4 5 3 6 8 9 13 41 19 11 7 9 22 25 45 58 65 67 63 58 62 50 66 51 47 53 34 38 25 21 22 19 18 12 29 45 45 62 58 48 27 44 62 57 32 46 53 27 16 33 62 63 61 63 36 46 49 46 49 28 23 36 18 32 37 22 47 46 45
0 0 0 0 0 0 0 0 0 0 0 0 0 0 0 0 0 1 0 0 0 1 1 1 3 2 2 4 3 4 8 9 6 38 8 6 18 25 28 30 47 59 54 62 67 71 67 65 53 55 54 51 52 49 44 40 34 24 23 12 26 35 56 75 65 58 44 46 50 50 57 27 34 41 54 33 37 40 58 63 53 58 43 49 50 42 32 11 17 31 32 20 30 36 61 44
0 0 0 0 0 0 0 0 0 0 0 0 0 0 0 0 0 0 0 1 0 1 1 1 2 2 2 3 4 4 7 7 10 10 2 9 13 18 31 69 47 46 59 63 66 69 60 56 51 44 51 51 53 38 46 33 39 37 24 25 30 53 45 62 60 52 45 53 52 40 62 49 31 47 46 36 41 45 46 47 57 48 39 39 45 34 20 7 15 40 21 32 40 39 60 39
0 0 0 0 0 0 0 0 0 0 0 0 0 0 0 0 0 0 0 1 2 1 0 0 3 2 3 3 2 3 10 27 11 2 4 14 11 32 43 45 47 59 62 45 53 58 59 60 48 52 51 52 53 52 51 46 43 42 30 29 32 36 43 44 59 71 53 70 67 48 37 32 40 39 51 55 39 38 33 35 42 41 37 45 45 31 15 9 32 35 36 54 57 43 48 36
0 0 0 0 0 0 0 0 0 0 0 0 0 0 0 0 0 0 0 1 1 0 1 1 0 2 2 1 5 5 15 8 2 3 13 5 15 12 23 53 63 44 36 71 67 46 56 60 59 56 54 54 52 51 51 50 47 31 32 34 36 55 36 37 33 53 71 70 63 55 60 53 29 40 29 31 22 29 43 50 38 45 37 50 48 16 10 32 27 37 50 55 46 29 43 41
0 0 0 0 0 0 0 0 0 0 0 0 0 0 0 1 0 0 0 0 0 0 1 0 0 1 1 1 7 5 7 1 2 4 9 22 13 16 32 42 46 42 53 29 45 40 55 69 57 56 57 56 54 51 52 52 35 24 38 50 40 54 46 45 41 50 52 78 48 42 20 37 24 17 17 31 42 35 32 35 37 31 52 46 24 14 23 31 37 32 36 45 56 42 42 39
0 0 0 0 0 0 0 0 0 0 0 0 0 0 0 0 0 0 0 0 1 0 1 0 1 1 1 3 9 3 3 1 2 3 13 21 19 16 21 28 33 46 38 30 36 69 58 55 54 69 59 55 56 55 53 50 34 25 46 51 66 67 49 48 37 51 58 55 62 32 21 15 19 27 24 44 35 40 35 40 32 41 31 23 16 24 38 43 35 50 46 33 32 38 31 26
0 0 0 0 0 0 0 0 0 0 0 0 0 0 0 0 0 0 0 0 0 0 0 0 2 1 1 3 2 2 3 2 5 8 20 15 12 16 14 11 15 35 52 48 55 47 54 58 68 56 57 69 38 53 51 37 23 46 55 53 75 67 46 56 39 31 41 64 52 13 36 15 16 26 31 36 36 40 43 36 33 43 22 29 22 37 40 44 35 36 42 30 29 36 41 32
0 0 0 0 0 0 0 0 0 0 0 0 0 0 0 0 0 0 0 0 0 0 0 0 1 0 1 3 1 1 2 2 6 13 16 14 8 12 10 16 26 34 43 62 44 46 48 69 54 54 71 59 58 55 40 37 23 42 65 61 62 67 48 56 55 37 39 36 54 9 14 33 32 24 28 32 48 41 52 52 39 38 17 15 22 39 47 49 52 46 41 40 26 31 47 36
0 0 0 0 0 0 0 0 0 0 0 0 0 0 0 0 0 0 0 0 0 0 1 0 1 1 1 0 0 1 2 3 7 11 3 2 10 8 12 12 17 29 42 55 56 43 67 45 65 71 54 54 58 56 41 38 24 41 63 65 54 60 39 40 55 31 49 20 28 9 10 31 13 28 32 37 41 52 72 49 49 20 15 20 35 38 45 48 35 22 29 48 21 23 38 52
0 0 0 0 0 0 0 0 0 0 0 0 0 0 0 0 0 0 0 0 0 0 0 0 0 1 0 0 1 0 2 1 4 2 1 5 4 5 7 19 26 33 43 48 42 29 54 62 60 55 60 53 54 56 55 37 36 40 65 74 64 56 46 33 49 44 16 17 35 7 17 16 17 25 27 34 53 32 34 42 20 14 19 35 35 42 50 45 26 27 37 19 12 14 22 51
0 0 0 0 0 0 0 0 0 0 0 0 0 0 0 0 0 0 0 0 0 0 0 0 0 1 0 1 2 2 4 4 4 2 1 2 5 5 6 7 11 29 23 30 46 25 22 22 40 45 59 55 53 54 39 25 41 51 62 61 76 63 36 31 34 38 23 6 17 1 3 7 15 26 37 50 53 53 47 47 24 14 22 34 34 58 60 48 33 29 32 32 26 13 19 36
0 0 0 0 0 0 0 0 0 0 0 0 0 0 0 0 0 0 0 0 0 0 0 0 1 0 0 0 0 0 3 1 1 1 1 4 2 3 4 5 20 22 16 30 18 24 29 41 44 59 49 56 56 40 37 23 36 50 63 60 62 38 36 35 34 13 14 11 12 3 4 7 9 8 30 49 48 47 32 32 15 21 32 33 36 58 50 21 29 39 23 34 17 17 20 38
0 0 0 0 0 0 0 0 0 0 0 0 0 0 0 0 0 0 0 0 0 0 0 0 0 0 0 0 0 1 1 0 0 1 4 3 5 4 6 13 11 17 31 17 22 25 43 41 54 43 46 49 54 38 17 35 40 71 59 56 47 46 29 45 32 12 8 18 6 3 7 18 22 39 49 45 39 20 19 11 14 32 30 32 36 58 54 15 16 36 23 40 18 18 21 56
0 0 0 0 0 0 0 0 0 0 0 0 0 0 0 0 0 0 0 0 0 0 0 0 1 1 0 0 0 1 0 0 1 3 5 2 3 5 8 5 18 17 12 22 21 35 41 54 55 48 60 47 36 38 24 37 40 61 70 41 40 39 18 11 21 17 5 8 7 11 17 12 21 29 24 39 31 23 10 25 20 29 34 47 37 52 55 22 24 24 12 44 19 19 21 33
0 0 0 0 1 0 0 0 0 0 0 0 0 0 0 0 0 0 0 0 0 0 0 0 0 0 0 0 0 1 0 0 6 3 1 1 3 4 6 10 26 18 29 14 23 43 51 37 40 61 53 38 34 35 22 48 60 49 52 53 32 29 26 9 23 18 6 5 5 12 8 12 30 25 36 23 29 31 19 34 33 28 34 44 32 34 37 31 36 22 19 44 19 18 15 28
0 0 0 0 0 2 0 0 0 0 0 0 0 0 0 0 0 0 0 0 0 0 0 0 0 0 0 0 0 1 1 4 1 1 2 2 1 1 6 7 13 8 35 23 29 47 23 33 50 47 37 37 32 31 31 49 53 54 42 41 19 17 16 10 7 11 6 1 4 15 11 19 29 39 32 34 38 38 24 30 30 40 33 38 28 23 32 30 28 23 20 43 18 13 18 24
0 0 0 0 0 0 0 0 0 0 0 0 0 0 0 0 0 0 0 0 0 0 0 0 0 1 0 0 0 1 2 4 1 1 2 0 1 1 3 7 6 10 21 27 28 29 32 32 41 39 34 33 27 30 37 34 43 59 36 21 27 7 10 9 5 3 1 1 1 4 11 32 42 35 27 29 27 13 19 25 27 38 33 39 26 33 41 43 30 25 17 31 28 9 20 25
0 0 0 0 0 0 0 0 0 0 0 0 0 0 0 0 0 0 0 0 0 0 0 0 0 0 0 0 0 0 0 1 1 1 1 1 1 0 9 2 4 3 18 12 30 20 25 18 38 41 26 26 22 23 31 44 39 53 34 21 12 8 6 6 1 1 2 5 4 6 10 24 28 19 20 19 11 15 26 23 25 35 38 20 30 27 36 38 26 25 14 25 26 9 10 28
0 0 0 0 0 0 0 0 0 0 0 0 0 0 0 0 0 0 0 0 0 0 0 0 0 0 0 0 0 0 0 1 1 1 2 1 3 1 10 3 1 4 18 14 21 20 24 34 31 31 28 23 22 40 42 28 38 29 24 8 9 8 2 2 2 1 2 6 6 4 17 26 42 43 39 13 14 15 23 33 39 24 34 20 28 38 33 30 21 23 14 19 26 21 7 13
0 0 0 0 0 0 0 0 0 0 0 0 0 0 0 0 0 0 0 0 1 0 0 0 1 0 0 0 0 0 1 0 1 3 1 2 2 2 20 8 1 6 3 16 14 13 29 13 24 26 18 21 18 35 46 26 24 20 16 13 4 4 2 2 2 1 2 2 4 3 13 23 35 56 29 15 16 23 20 36 34 30 26 26 15 32 29 33 21 24 7 18 12 13 9 6
0 0 0 0 0 0 0 0 0 0 0 0 0 0 0 0 0 0 0 0 0 0 0 0 0 0 0 0 0 0 1 0 1 1 2 3 1 2 8 8 3 6 3 18 9 8 13 8 18 19 24 14 14 22 25 51 11 11 6 5 4 1 1 1 1 1 2 2 4 5 16 23 17 42 21 11 24 22 20 21 32 27 23 20 18 30 24 34 20 17 9 17 14 6 8 4
0 0 0 0 0 0 0 0 0 0 0 0 0 0 0 0 0 0 0 0 0 0 0 0 0 0 0 0 0 0 0 1 1 1 1 2 1 1 1 12 4 5 5 12 3 11 8 12 17 10 16 11 13 11 23 19 17 7 3 1 2 1 1 1 1 1 2 2 6 6 12 22 23 20 14 23 21 21 20 15 19 25 30 18 13 27 24 23 21 10 6 18 10 9 8 3
0 0 0 0 0 0 0 0 0 0 0 0 0 0 0 0 0 0 0 0 0 0 0 0 0 0 0 0 0 0 0 1 1 1 1 1 1 1 1 5 11 7 6 3 3 4 4 11 8 4 12 9 10 8 11 19 10 8 2 0 1 0 0 0 0 1 1 4 6 12 25 21 18 9 24 20 22 30 26 16 13 20 18 19 20 29 11 20 11 7 5 20 8 12 5 3
0 0 0 0 0 0 0 0 0 0 0 0 0 0 0 0 0 0 0 0 0 0 0 0 0 0 0 0 0 0 0 0 0 1 1 0 1 1 1 2 14 8 3 2 2 4 8 3 7 3 5 9 6 12 10 6 4 3 3 1 1 0 0 0 1 2 2 3 7 9 19 24 6 9 15 14 26 17 14 10 9 5 14 20 14 9 12 13 10 5 3 17 6 8 9 2
0 0 0 0 0 0 0 0 0 0 0 0 0 0 0 0 0 0 0 0 0 0 0 0 0 0 0 0 0 0 0 0 0 0 0 0 2 0 0 2 4 5 3 2 2 13 6 2 2 5 8 8 4 10 15 4 6 2 2 1 1 0 0 0 0 1 1 2 10 21 12 7 7 13 10 12 10 11 6 2 6 8 12 10 11 8 13 7 2 5 2 8 9 3 2 3
0 0 0 0 0 0 0 0 0 0 0 0 0 0 0 0 0 0 0 0 0 0 0 0 0 0 0 0 0 0 0 0 0 1 0 0 1 0 0 1 3 3 3 2 2 21 4 4 3 3 6 5 6 15 12 4 4 1 1 1 0 0 0 1 1 1 2 4 20 10 6 6 13 10 10 10 13 13 9 5 7 12 8 12 8 7 5 8 1 3 2 2 8 2 1 2
0 0 0 0 0 0 0 0 0 0 0 0 0 0 0 0 0 0 0 0 0 0 0 0 0 0 0 0 0 0 0 0 0 1 1 1 1 0 1 1 4 4 2 3 1 4 3 7 4 2 2 6 8 6 7 3 3 1 1 0 0 0 0 0 1 2 3 6 7 8 10 8 9 9 14 4 5 13 7 4 8 7 5 9 5 4 2 3 2 1 6 2 3 1 2 2
0 0 0 0 0 0 0 0 0 0 0 0 0 0 0 0 0 0 0 0 0 0 0 0 0 0 0 0 0 0 0 0 0 1 0 1 1 1 1 1 1 2 1 3 1 4 4 5 4 3 3 5 4 3 4 1 1 1 0 0 0 0 0 0 0 1 2 7 11 7 7 6 6 12 7 3 4 12 10 4 6 5 4 3 6 4 1 1 2 3 3 1 1 1 2 3
