sesion_6_simulaciones/modelos_agentes/ejemplos_netlogo/scenarios/echam4_b2/rob_2045.asc
NCOLS 322 
NROWS 307 
XLLCORNER 451900 
YLLCORNER 4086900 
CELLSIZE 100 
NODATA_value -9999 
[rows 148 to 221 of 307, columns 0 to 95 of 322]
0 2 2 2 3 6 5 3 1 1 1 25 24 21 14 23 29 20 12 20 6 8 2 1 0 0 0 0 0 0 0 0 0 0 0 0 0 1 0 1 4 4 4 5 7 4 11 9 7 18 8 7 15 8 12 29 24 11 8 21 36 37 34 21 34 47 46 29 34 67 61 62 34 40 66 78 28 26 21 37 36 30 14 22 58 45 17 10 41 33 27 33 54 47 29 54
0 2 2 6 5 10 7 10 10 2 4 13 19 45 33 39 53 18 25 25 21 14 2 4 1 0 0 0 0 0 2 1 0 0 0 0 0 0 1 1 2 2 1 2 7 30 15 9 5 6 5 13 16 15 4 5 6 3 22 19 18 52 30 21 31 51 45 44 48 61 34 15 11 46 35 34 65 16 17 44 39 24 31 22 12 52 24 15 11 19 9 40 25 52 37 16
1 0 1 5 5 13 12 3 6 9 6 7 53 58 51 25 71 43 41 46 24 8 3 1 3 1 0 0 0 0 0 1 1 1 1 1 0 1 1 1 1 1 2 7 20 13 9 7 5 6 6 8 9 9 18 12 20 20 20 21 33 50 20 22 49 49 60 66 46 12 50 29 29 43 68 30 33 11 3 12 26 28 20 35 17 20 44 29 14 18 11 8 18 20 29 12
0 0 1 0 1 1 1 2 2 3 7 4 18 47 44 39 72 66 56 19 3 2 4 6 9 4 1 0 0 0 0 0 6 3 6 8 10 1 1 1 4 3 17 22 6 5 3 7 4 3 9 8 10 9 13 10 24 25 27 28 46 43 36 27 48 68 61 43 74 35 16 51 59 30 39 15 29 48 21 10 13 22 26 15 22 12 18 47 34 18 17 9 6 17 26 22
2 1 0 0 1 1 1 2 3 4 4 10 5 6 6 4 5 9 12 8 4 15 19 10 21 4 13 2 1 2 1 2 3 0 0 0 1 6 1 0 3 3 5 8 7 13 17 23 10 5 9 10 14 11 4 10 16 45 24 44 40 51 63 83 83 68 66 35 34 83 37 34 34 39 23 7 12 14 44 28 14 17 31 25 16 21 15 18 40 16 13 11 3 4 11 11
4 2 2 1 2 1 2 2 1 2 8 6 6 13 7 8 3 11 18 27 56 28 47 17 19 5 4 4 2 8 4 0 0 0 1 0 0 1 3 1 1 21 2 8 8 6 3 5 15 8 16 22 19 14 6 9 17 36 53 49 72 62 75 73 77 74 66 20 29 69 71 55 35 23 32 21 16 12 24 16 25 18 16 26 19 15 13 14 49 30 8 7 8 3 12 14
18 5 12 4 5 8 11 1 1 1 2 4 6 18 18 6 3 10 35 37 53 71 48 60 28 20 22 18 5 8 19 14 2 0 1 1 2 2 2 4 1 11 6 4 10 2 3 6 4 13 22 33 47 35 38 17 24 36 57 64 40 29 70 75 73 65 64 48 32 47 79 31 34 24 17 12 24 8 23 42 18 25 24 12 12 10 13 9 17 13 22 7 4 3 2 5
26 17 24 9 14 9 5 8 2 1 2 2 16 9 6 16 10 7 9 41 56 39 42 52 29 21 21 18 5 1 7 34 38 13 7 2 3 3 3 5 2 10 31 7 10 7 3 3 5 9 9 11 25 8 12 36 25 46 33 17 16 19 28 52 57 21 30 19 48 60 55 52 29 24 29 11 12 16 17 32 28 17 22 17 10 11 10 9 9 9 11 14 8 5 3 2
17 25 24 38 40 15 7 31 4 1 2 3 4 5 13 16 11 19 10 7 11 40 49 10 18 38 12 30 11 2 2 4 19 32 19 9 4 4 3 5 5 10 43 5 7 10 8 11 15 17 20 25 17 16 24 20 31 61 43 41 46 40 20 13 8 25 21 26 18 36 39 55 63 34 17 10 13 16 20 27 31 45 11 15 9 7 7 3 5 9 7 2 13 4 1 2
34 59 38 64 33 10 32 48 9 6 6 4 14 32 19 12 21 18 12 10 12 11 8 38 28 9 9 28 33 10 6 4 4 33 29 25 22 19 14 20 17 13 44 41 9 7 9 11 14 17 28 36 18 35 38 14 18 34 46 32 32 20 12 20 21 7 3 15 35 41 46 56 30 32 17 15 19 17 27 21 24 18 23 9 8 6 3 2 3 4 6 3 5 6 2 1
27 68 23 63 25 43 50 46 6 16 17 5 3 5 15 15 22 49 42 57 18 9 13 9 15 10 15 50 14 50 12 20 17 35 12 26 24 45 24 15 20 10 33 43 44 10 7 7 18 12 14 13 12 27 33 15 31 59 64 65 32 38 42 35 34 15 13 21 29 32 31 40 32 20 30 8 16 27 23 27 15 11 14 13 4 3 2 1 1 3 3 5 4 4 4 3
11 63 42 57 49 61 52 13 15 33 29 14 13 7 7 5 9 17 17 57 29 10 11 12 50 45 31 39 14 50 52 12 13 30 52 55 39 67 71 28 25 10 11 41 43 29 18 9 14 6 4 7 25 26 24 20 26 18 17 20 16 33 50 45 45 30 31 31 24 28 29 27 20 28 9 14 13 20 11 8 9 8 6 8 11 7 4 7 4 2 2 2 4 4 2 1
11 9 8 42 59 59 16 12 47 22 37 46 29 14 10 11 18 18 25 13 22 37 31 9 43 40 43 51 50 26 75 65 24 10 29 74 69 43 41 48 50 10 12 52 62 60 20 12 14 14 10 7 50 20 72 73 70 67 75 62 39 22 31 30 30 27 32 35 30 18 21 28 23 27 12 20 10 10 10 13 6 6 6 9 5 4 5 6 3 3 4 2 2 2 1 0
8 34 22 18 18 41 24 59 64 36 31 46 26 27 9 15 13 15 23 18 23 25 27 11 53 62 49 73 64 45 67 80 71 36 30 7 21 51 30 15 22 12 8 73 72 63 40 32 25 40 69 80 60 30 30 69 68 26 35 59 52 30 44 34 30 24 24 40 31 15 17 17 21 21 14 14 13 14 8 7 5 5 2 4 3 2 4 3 2 2 2 2 1 1 1 1
23 27 20 36 30 14 43 77 63 67 6 34 47 47 60 24 37 14 15 16 17 10 34 56 80 51 79 85 67 68 45 63 76 47 41 21 51 68 76 82 64 42 20 44 77 59 43 75 33 43 72 74 87 55 32 75 84 50 36 28 68 67 27 54 36 33 22 26 23 17 21 17 17 13 12 12 11 8 7 3 2 3 3 3 3 2 2 2 1 1 1 1 0 0 0 0
13 20 43 28 22 8 39 65 43 74 22 27 63 47 64 45 18 30 22 38 40 43 17 49 63 70 79 82 57 81 63 79 71 74 70 74 64 73 79 71 13 55 59 25 11 46 48 67 47 35 64 58 64 75 26 42 68 89 58 42 50 31 31 33 39 48 46 39 23 13 26 13 9 8 7 4 7 4 2 1 1 2 2 2 1 1 1 0 1 1 0 1 1 1 1 1
6 10 7 13 26 27 12 76 35 25 22 38 47 12 30 48 24 29 25 56 54 31 29 17 55 83 76 82 65 86 71 73 70 61 72 72 83 77 76 81 73 50 19 15 6 9 51 64 41 15 30 60 69 76 70 77 80 78 85 44 32 37 34 43 38 38 49 22 17 26 12 9 8 7 3 2 1 1 3 4 4 2 1 1 1 2 4 4 7 1 3 7 3 7 6 3
5 12 20 23 14 14 14 33 44 36 57 48 58 58 25 45 38 46 17 13 30 65 41 26 18 32 35 69 67 45 22 20 19 30 31 33 76 59 62 74 73 58 45 14 4 9 48 46 36 29 20 17 44 77 71 67 55 54 78 75 34 21 32 34 39 37 19 26 16 6 7 9 8 5 3 2 1 1 1 1 3 5 3 5 7 12 15 14 7 5 6 14 12 21 20 7
9 7 8 9 17 18 21 16 19 17 34 64 63 69 21 15 22 53 54 33 24 23 47 15 25 33 27 23 18 28 38 26 38 36 56 34 31 26 25 28 19 35 24 10 9 14 38 38 43 29 27 26 7 37 37 44 49 66 42 58 50 27 54 52 44 27 23 14 13 10 9 8 3 2 4 4 1 1 1 3 14 16 10 18 22 26 23 32 21 21 47 47 26 39 21 12
4 7 12 29 24 31 29 24 28 28 36 10 14 19 21 31 21 11 56 60 49 28 31 9 26 54 50 39 27 34 48 54 28 58 28 25 24 32 35 28 22 12 18 17 25 27 45 45 50 36 23 11 13 13 21 48 21 16 14 42 25 35 33 22 29 16 11 14 12 5 5 3 4 3 4 4 6 1 12 13 26 26 28 35 36 54 55 37 34 44 18 8 11 10 11 29
7 10 19 15 13 22 28 17 35 52 13 20 37 31 19 33 8 11 15 23 36 25 20 17 31 27 41 35 53 23 47 38 29 39 27 23 32 54 25 52 33 16 11 10 11 18 28 43 35 34 20 34 33 25 29 28 27 21 29 35 57 49 30 10 13 13 11 5 6 3 3 18 17 10 9 15 6 9 21 44 59 47 47 70 63 60 56 41 51 50 21 6 3 3 6 19
21 42 43 46 19 15 16 16 27 42 21 24 36 28 27 15 19 17 31 30 22 28 31 18 31 24 22 40 19 24 37 36 37 29 23 23 20 42 21 54 34 24 22 7 5 3 16 18 65 58 32 26 61 33 17 39 46 59 55 43 50 27 16 11 12 8 3 3 8 8 18 28 37 14 20 25 14 25 46 56 69 82 51 79 62 58 45 48 40 34 22 18 4 2 2 3
5 6 10 7 9 10 22 27 32 22 26 11 25 32 14 6 12 13 21 21 11 9 7 16 25 21 21 21 32 31 29 29 18 27 19 8 28 21 34 48 31 26 42 18 20 9 6 17 22 49 29 41 35 17 19 35 37 32 24 14 13 9 5 3 3 1 8 18 30 22 36 49 49 32 44 31 19 34 59 60 84 69 55 50 34 7 7 27 12 16 10 5 5 1 1 6
7 15 12 16 14 18 12 20 19 21 10 13 21 28 30 27 28 14 13 13 18 6 8 24 54 39 21 20 29 16 15 31 65 33 18 9 31 16 51 16 41 22 34 26 15 9 13 16 9 24 32 28 13 21 20 19 47 20 12 9 5 16 17 23 10 16 26 43 42 40 40 56 40 39 47 39 30 44 62 72 74 59 38 30 20 10 9 9 15 6 5 4 2 1 1 1
6 8 8 17 22 7 9 13 11 16 15 13 29 18 47 33 20 39 33 22 51 20 25 20 43 49 22 38 13 17 30 20 52 53 28 21 24 32 37 15 18 15 25 28 12 20 13 8 10 15 16 25 20 21 22 21 12 6 5 21 20 35 35 34 24 26 44 48 62 62 45 60 61 60 47 56 55 61 63 66 61 73 45 29 15 16 11 5 23 9 3 2 0 2 2 2
7 8 13 16 7 8 6 13 21 16 24 28 27 22 17 21 56 56 31 28 33 20 39 19 24 40 47 27 16 15 11 16 18 19 28 36 12 14 39 33 27 28 22 15 23 18 17 15 11 14 17 21 32 26 15 13 15 20 29 46 41 38 53 41 31 47 49 50 64 50 54 64 77 45 48 56 63 70 80 58 29 26 26 31 23 14 7 5 4 4 2 1 1 1 1 1
5 5 10 8 3 20 14 19 40 50 57 52 46 55 30 13 21 40 34 42 12 26 50 20 24 18 35 48 24 44 30 24 20 21 36 48 20 29 37 43 31 6 9 16 12 16 8 8 14 20 21 36 27 20 28 17 26 28 48 45 41 40 52 41 35 46 55 36 64 60 48 73 58 43 53 73 63 68 32 83 59 59 28 17 22 15 10 9 3 2 1 1 1 0 1 0
3 5 8 4 4 3 8 16 14 24 43 63 40 44 56 16 25 21 17 17 19 47 42 27 13 20 9 20 15 22 17 16 25 25 41 36 18 31 44 38 28 14 6 5 11 10 13 26 16 16 32 22 20 39 23 21 33 50 49 56 48 45 47 37 38 65 65 48 68 65 64 63 77 77 55 62 71 70 29 26 52 62 43 33 14 8 8 10 4 2 1 0 0 1 1 0
2 4 9 7 8 4 7 7 15 17 10 11 9 12 16 29 27 23 47 21 35 43 22 35 8 31 9 29 11 12 19 20 22 18 28 22 23 18 35 31 25 10 4 9 12 12 17 19 20 20 22 36 26 22 21 35 47 46 41 47 43 34 52 45 50 66 65 61 62 85 74 67 62 73 27 25 19 54 59 36 22 42 26 16 11 8 9 3 2 4 2 1 1 0 0 0
3 10 15 30 4 34 26 4 19 14 16 12 33 17 25 29 26 18 20 19 15 33 14 18 11 9 11 10 9 19 16 13 16 18 19 15 17 13 20 32 19 19 18 24 29 13 20 15 30 41 38 52 37 26 38 39 43 51 36 41 58 42 59 58 52 64 49 74 37 56 83 81 78 64 75 56 40 20 15 31 24 15 31 24 20 14 10 16 5 2 1 1 1 1 0 0
19 13 5 9 31 17 7 15 15 15 7 18 10 11 33 17 18 6 15 18 21 5 11 14 7 5 6 3 5 5 4 12 10 27 8 10 7 16 18 6 10 21 8 12 11 19 11 19 32 49 42 40 35 34 31 50 41 50 48 40 49 55 48 53 56 69 49 48 78 42 77 80 61 76 79 83 65 61 58 42 37 27 10 5 14 17 9 10 3 2 1 1 1 0 0 0
14 48 16 18 6 11 7 13 8 9 13 6 7 20 31 42 53 14 16 28 15 11 4 7 9 2 5 3 4 2 3 10 12 7 5 8 7 7 22 13 8 17 10 38 17 16 27 14 39 43 33 31 32 30 29 34 56 45 42 60 60 66 58 45 58 25 41 40 46 54 40 72 51 61 78 80 80 88 72 57 59 67 63 41 11 8 9 8 5 2 1 1 0 0 0 0
5 9 8 8 19 18 5 7 8 8 9 5 10 9 7 12 9 12 16 19 24 8 9 4 7 3 2 2 2 4 5 8 5 5 6 3 7 12 19 14 8 10 16 38 11 29 15 22 28 49 22 25 27 26 28 33 53 56 40 50 66 42 33 70 72 64 46 28 21 8 18 21 36 38 65 74 68 73 78 59 75 63 54 20 14 14 12 7 8 3 1 1 0 0 0 0
4 4 11 11 11 13 9 4 2 6 3 2 6 8 29 14 27 11 16 10 13 7 5 6 5 6 6 2 2 2 6 3 4 7 2 2 3 15 8 9 6 11 13 20 16 19 20 24 32 26 15 25 21 21 35 22 42 60 60 44 56 66 23 13 11 16 24 42 39 29 16 13 7 21 34 61 51 72 82 48 62 80 51 32 21 12 9 8 6 2 1 1 1 0 0 0
2 12 8 5 5 6 5 2 1 1 2 2 3 9 8 8 12 15 8 8 4 13 3 8 4 5 8 1 1 3 1 1 6 4 3 7 4 19 2 2 5 12 12 15 17 10 11 12 21 11 26 34 27 32 36 36 43 45 47 29 36 60 32 19 46 60 67 51 53 40 36 46 18 7 13 47 41 67 78 65 50 46 42 29 17 15 13 8 6 4 2 2 1 0 0 0
2 6 5 5 5 6 3 2 1 0 1 1 3 2 4 5 5 11 4 2 1 2 3 2 1 4 4 2 2 2 1 1 3 2 1 2 3 6 4 4 6 8 18 18 7 7 16 11 17 19 42 60 41 68 63 80 62 49 57 31 21 9 65 52 17 49 68 55 58 60 61 43 25 21 10 11 13 31 63 39 30 14 10 19 6 12 5 4 4 5 4 2 2 1 0 0
4 1 1 3 1 2 1 0 0 0 0 0 0 1 4 2 1 2 4 1 1 1 1 1 1 2 1 1 2 1 0 0 1 1 2 1 4 3 2 4 6 13 40 60 38 29 18 30 26 12 56 40 79 65 61 68 34 44 60 68 20 18 17 78 34 28 48 67 54 44 66 70 75 46 33 13 6 4 5 4 6 7 5 13 13 4 3 2 1 4 2 2 1 1 0 0
0 0 1 1 1 0 0 0 0 1 3 0 0 1 1 1 2 1 2 1 1 1 1 1 0 0 1 1 1 0 0 0 0 4 6 8 18 24 33 32 36 53 42 59 48 54 45 11 36 40 25 28 52 59 60 64 39 66 66 50 47 30 13 52 74 27 9 34 64 75 63 61 37 34 45 37 16 6 8 2 7 7 6 3 9 9 2 2 1 1 1 1 1 0 0 0
0 0 0 0 0 0 1 4 9 1 1 4 5 0 0 1 0 1 1 0 1 0 0 0 0 0 1 2 3 0 0 1 1 0 1 9 20 23 33 39 31 50 47 43 59 63 58 27 17 21 67 47 21 54 20 27 29 66 81 62 49 38 27 30 83 40 37 19 43 60 81 28 14 26 31 47 35 26 21 11 6 4 2 3 3 7 3 1 1 0 1 1 0 0 0 0
1 1 1 1 1 3 7 3 3 4 4 2 3 1 1 0 0 0 0 0 0 0 1 2 5 5 1 1 2 1 0 2 2 1 2 3 4 22 34 49 34 20 34 31 44 69 77 79 26 26 43 54 38 20 46 15 47 54 73 70 21 33 26 19 81 59 28 26 27 77 79 86 50 39 29 20 14 11 8 9 13 12 5 2 2 2 4 3 1 1 0 1 1 0 0 0
3 3 2 10 5 7 8 14 15 13 6 5 8 2 1 0 0 0 0 0 0 0 0 0 1 2 4 3 1 1 1 1 3 2 1 3 7 15 33 54 46 20 12 24 39 71 78 80 84 80 26 38 33 32 21 18 32 56 69 72 25 30 36 32 57 87 61 41 24 15 19 49 25 27 18 39 26 11 7 4 5 5 6 4 2 1 1 2 2 1 0 1 0 0 0 0
2 7 8 13 14 11 21 13 33 21 11 21 12 4 14 6 4 1 0 0 0 0 0 0 0 0 1 5 1 0 1 1 3 2 5 5 4 5 3 3 32 43 15 26 23 33 54 60 80 85 78 46 46 63 39 50 32 65 77 64 67 27 48 42 29 81 89 70 51 22 12 15 48 32 21 19 26 27 10 9 3 4 3 5 4 1 0 2 1 2 1 0 0 0 0 0
0 1 6 18 26 16 44 57 56 55 38 32 13 22 30 19 7 3 6 1 0 0 0 0 1 2 4 2 1 1 1 3 6 4 5 9 8 9 8 8 7 18 17 17 12 28 62 42 68 78 87 54 48 46 59 57 13 58 71 68 66 50 38 36 20 74 81 84 60 53 13 5 35 56 25 6 9 6 13 4 5 4 3 2 4 2 1 1 1 1 1 0 0 0 0 0
1 1 3 28 34 47 57 54 53 76 79 45 51 42 39 26 12 15 9 6 2 0 1 2 5 20 14 2 1 2 3 3 3 5 4 7 9 12 19 11 8 11 8 9 21 28 46 44 15 62 78 85 47 39 50 26 22 16 47 55 85 79 23 27 48 59 59 79 34 50 38 8 9 35 26 16 10 10 11 10 4 4 2 1 1 2 1 0 0 1 1 0 0 0 0 0
1 1 1 2 3 5 15 24 26 10 34 67 80 66 57 21 19 37 17 7 14 1 2 1 1 2 12 25 4 1 3 3 5 9 8 6 12 13 27 14 20 32 24 20 16 10 55 59 43 29 57 78 66 37 17 15 36 14 24 53 52 47 35 30 32 48 29 77 33 40 28 31 5 16 19 25 18 13 14 9 8 4 1 1 1 2 1 0 0 0 0 0 0 0 0 0
0 1 2 6 5 14 48 21 20 15 19 13 61 78 80 53 44 44 17 17 8 13 3 4 5 3 1 3 7 2 1 5 6 17 7 9 5 8 24 20 21 19 16 18 30 30 30 12 40 66 39 51 17 19 10 28 23 34 26 29 53 59 48 37 17 19 18 60 66 24 11 22 20 6 10 9 17 8 6 3 5 3 3 2 0 1 0 0 1 0 0 0 0 0 0 0
0 1 1 1 2 5 8 17 17 14 10 6 8 32 66 76 72 22 4 3 4 14 5 12 8 7 6 2 2 6 2 23 16 6 26 13 13 18 23 14 19 36 40 36 41 28 36 22 24 22 71 48 39 26 19 15 29 33 25 28 48 67 48 33 29 22 29 50 67 46 19 9 27 17 9 2 3 10 7 5 2 2 2 2 1 0 0 1 1 0 0 0 0 0 0 0
2 0 1 2 4 7 6 6 9 13 21 15 33 16 14 20 25 12 6 7 20 4 4 12 34 32 5 5 4 33 13 12 41 30 38 11 50 22 17 16 22 23 23 34 30 34 37 25 26 31 31 41 27 29 34 26 22 31 17 9 17 27 43 39 39 29 22 30 40 46 24 25 28 13 14 6 3 7 6 2 4 1 1 1 0 1 0 0 0 0 0 0 0 0 0 0
8 2 3 2 2 6 3 6 15 17 13 19 11 22 29 19 17 12 6 10 4 12 8 7 4 12 20 22 30 4 7 30 27 8 17 18 8 43 19 17 22 32 15 23 15 19 19 28 34 40 24 14 47 48 33 43 28 25 23 23 12 23 43 24 23 22 13 17 26 43 13 15 10 8 7 5 3 2 3 4 2 2 1 1 0 0 0 0 0 0 0 0 0 0 0 0
16 13 1 1 6 2 9 27 10 6 15 13 14 36 10 20 11 9 5 3 6 10 9 10 10 7 10 13 6 11 5 30 27 31 25 35 8 15 40 10 15 32 25 36 36 15 23 28 23 39 20 32 9 23 20 53 22 29 21 33 23 21 10 9 7 3 2 5 9 11 7 2 10 7 4 9 7 4 4 2 1 1 1 1 0 0 0 0 0 0 0 0 0 0 0 0
18 11 37 3 3 11 2 4 18 22 9 17 14 30 8 24 14 9 6 9 15 21 11 6 13 15 13 18 40 38 29 7 6 11 26 18 18 5 43 31 28 23 10 18 32 30 22 15 27 39 31 10 47 34 22 50 35 14 24 12 11 19 9 8 3 2 1 1 5 12 10 3 3 6 5 7 6 3 8 3 1 1 1 0 0 0 0 0 0 0 0 0 0 0 0 0
15 17 24 15 2 3 12 4 2 6 13 10 7 11 14 15 7 3 5 12 14 16 39 21 17 22 19 19 50 64 36 18 7 17 36 26 41 17 5 46 21 31 31 28 16 15 22 32 27 35 20 8 16 9 6 27 18 15 14 7 8 14 9 9 7 3 2 1 1 3 5 4 7 6 7 9 9 5 2 2 2 1 0 0 0 0 0 0 0 0 0 0 0 0 0 0
17 24 41 22 28 7 2 30 7 9 38 11 19 12 6 22 7 8 6 6 5 12 29 20 20 27 25 25 38 71 73 39 19 15 57 46 48 27 11 23 64 21 20 51 33 33 26 35 37 23 17 6 5 7 7 8 17 11 6 4 4 5 6 9 4 4 2 1 1 1 1 2 2 1 1 2 3 5 2 1 1 1 0 0 0 0 0 0 0 0 0 0 0 0 0 0
28 19 16 30 14 18 22 8 46 19 36 57 37 46 31 12 11 6 10 23 11 24 47 38 22 27 31 25 17 21 64 53 31 22 19 55 34 24 19 10 16 49 12 16 17 20 24 34 54 35 46 18 10 9 7 5 7 5 4 14 5 2 3 2 1 1 1 1 0 0 0 0 0 0 1 2 1 1 2 1 1 0 0 0 0 0 0 0 0 0 0 0 0 0 0 0
13 48 34 40 25 36 49 37 24 18 11 10 16 13 13 38 23 11 23 8 40 13 54 63 23 30 34 23 14 6 14 38 57 39 12 37 43 15 42 30 21 13 41 41 21 21 36 26 42 25 48 20 9 8 6 5 5 4 2 5 6 3 1 1 0 1 1 1 0 0 0 0 0 0 0 0 1 0 1 0 1 0 1 0 0 0 0 0 0 0 0 0 0 0 0 0
7 10 7 13 17 8 8 8 15 15 25 22 24 32 13 17 38 32 24 25 18 14 48 76 51 44 40 43 27 7 7 9 52 34 34 32 47 16 42 46 31 14 12 38 27 36 29 27 37 18 6 7 13 11 9 8 2 2 1 1 2 1 1 0 1 0 1 0 0 0 0 0 0 0 0 0 0 0 1 0 0 0 0 0 0 0 0 0 0 0 0 0 0 0 0 0
9 14 9 5 6 10 8 9 12 28 11 27 15 12 16 20 17 11 15 30 14 63 30 59 68 49 53 46 46 20 9 12 8 25 38 39 44 20 44 25 33 32 23 19 33 24 28 43 37 30 21 9 12 6 5 4 2 1 0 0 0 0 0 0 0 0 0 0 0 0 0 0 0 0 0 0 0 0 0 0 0 0 0 0 0 0 0 0 0 0 0 0 0 0 0 0
15 6 11 4 7 15 8 9 8 16 5 9 9 6 12 31 17 20 15 17 49 40 29 22 74 43 17 13 14 9 13 5 13 6 12 20 82 62 31 42 28 16 27 27 18 32 20 23 48 45 38 18 11 5 4 3 1 0 0 1 2 2 1 1 1 1 1 0 0 0 0 0 0 0 0 0 0 0 0 0 0 0 0 0 0 0 0 0 0 0 0 0 0 0 0 0
7 5 5 4 2 3 3 2 3 3 6 9 8 5 9 11 8 19 26 58 37 25 41 59 74 66 27 18 20 22 21 22 8 12 14 10 6 10 28 26 21 37 14 26 21 35 38 23 47 30 36 31 18 9 4 1 1 1 1 2 4 6 8 5 1 1 1 1 0 0 0 0 0 0 0 0 0 0 0 0 0 0 0 0 0 0 0 0 0 0 0 0 0 0 0 0
3 2 3 2 2 1 2 2 1 1 2 2 4 9 7 7 5 19 16 15 22 23 11 8 14 15 11 14 34 37 22 45 33 14 11 8 9 9 8 22 17 34 26 13 35 25 37 28 26 14 19 16 11 9 3 3 2 2 5 7 10 9 6 6 3 1 2 2 1 1 1 1 0 0 0 0 0 0 0 0 0 0 0 0 0 0 0 0 0 0 0 0 0 0 0 0
3 1 1 0 1 1 3 5 15 14 13 2 3 7 4 3 6 17 33 26 36 17 19 15 10 14 38 21 27 34 48 36 22 25 28 6 4 5 9 13 12 19 28 31 31 29 20 15 34 16 12 10 6 3 4 7 3 8 12 9 15 13 12 8 6 4 4 6 6 4 2 1 0 0 1 0 0 0 0 0 0 0 0 0 0 0 0 0 0 0 0 0 0 0 0 0
0 1 0 0 2 2 2 6 32 37 24 24 8 3 5 10 8 18 23 12 11 12 31 19 18 20 36 15 7 23 21 16 7 14 26 16 7 6 13 8 5 10 10 11 18 20 20 13 20 15 7 3 6 7 13 13 12 16 19 20 11 18 19 14 20 9 9 8 9 7 1 1 0 1 1 1 1 0 0 0 0 0 0 0 0 0 0 0 0 0 0 0 0 0 0 0
0 1 2 2 6 3 11 7 3 7 32 28 20 32 35 26 57 30 22 30 11 5 23 16 18 26 15 15 10 11 24 25 24 18 27 14 10 20 25 8 5 24 12 17 14 7 20 10 10 7 6 8 13 22 22 27 19 15 16 19 14 24 28 34 31 22 13 10 10 7 3 3 4 2 1 1 0 0 0 0 0 0 0 0 0 0 0 0 0 0 0 0 0 0 0 0
1 0 0 1 6 13 19 52 41 19 30 57 39 29 52 33 71 72 69 44 22 31 6 6 7 6 24 27 33 44 14 54 53 26 10 14 5 16 17 10 26 15 13 12 15 10 12 11 9 8 16 17 31 46 46 31 41 23 28 27 19 35 35 37 28 22 17 14 14 12 8 2 1 0 0 1 1 0 0 0 0 0 0 0 0 0 0 0 0 0 0 0 0 0 0 0
2 2 8 1 1 7 25 49 57 24 15 64 22 20 61 40 38 18 33 52 13 23 17 11 10 13 22 30 29 53 25 18 16 39 24 21 8 32 15 14 23 29 24 23 26 37 34 27 9 29 40 36 41 56 61 59 29 19 52 36 27 36 37 27 39 38 7 26 26 11 9 4 2 1 0 1 3 1 0 0 0 0 0 0 0 0 0 0 0 0 0 0 0 0 0 0
10 4 6 22 11 4 5 11 17 61 15 55 30 29 61 23 10 14 26 21 13 5 19 11 14 29 30 15 11 35 25 18 10 7 11 9 25 28 13 10 44 44 26 53 46 28 27 16 14 35 55 50 49 79 50 44 38 21 65 33 30 38 51 53 40 30 24 29 13 7 7 4 3 5 2 2 2 1 1 0 0 0 0 0 0 0 0 0 0 0 0 0 0 0 0 0
28 30 9 20 36 49 43 21 9 10 34 70 55 21 60 22 22 16 27 25 8 6 27 11 25 22 24 24 20 16 10 15 16 23 27 18 35 8 13 24 43 43 54 57 38 21 12 20 39 31 46 64 76 49 34 44 44 28 71 38 64 30 55 32 30 60 39 20 30 12 6 6 15 12 2 0 1 2 1 0 0 0 0 0 0 0 0 0 0 0 0 0 0 0 0 0
30 42 42 31 42 70 55 79 47 10 23 57 9 17 45 36 27 11 42 6 7 6 15 8 40 25 15 12 13 3 3 14 24 16 36 13 44 11 32 29 56 60 67 35 34 23 22 41 51 45 41 65 66 46 50 65 55 38 75 72 46 55 48 56 72 50 41 32 21 9 9 34 14 2 3 3 1 1 1 1 0 0 0 0 0 0 0 0 0 0 0 0 0 0 0 1
34 58 55 71 65 65 77 80 64 35 29 26 34 13 45 31 21 14 12 6 7 7 22 12 18 17 15 34 25 24 27 28 18 9 13 25 58 26 32 40 68 67 52 35 21 35 36 62 68 50 41 64 54 36 51 74 39 62 66 61 70 36 49 79 77 52 43 23 28 27 18 17 9 5 4 1 1 1 1 0 0 0 0 0 0 0 0 0 0 0 0 0 0 0 0 3
6 58 73 58 72 27 55 70 70 67 55 62 43 13 47 71 39 15 17 12 6 13 21 12 11 14 27 9 12 13 5 12 9 25 54 34 54 23 24 39 65 46 29 16 29 51 47 50 74 55 60 62 32 55 68 63 33 60 47 73 63 69 75 68 56 38 46 24 12 5 5 3 2 1 1 0 0 0 0 0 0 0 0 0 0 0 0 0 0 0 0 0 0 0 1 2
12 14 38 16 8 11 17 15 20 9 12 24 56 14 7 48 60 41 27 25 13 10 7 8 24 8 16 16 43 38 8 19 24 26 63 63 70 36 22 51 47 24 17 33 56 54 48 48 74 52 58 72 63 60 78 63 62 40 62 68 47 70 60 27 13 15 10 16 26 21 17 11 12 4 1 0 0 0 0 0 0 0 0 0 0 0 0 0 0 0 0 0 0 1 2 3
13 16 7 10 17 40 45 16 21 4 9 10 6 3 11 8 9 19 7 6 4 21 12 14 6 25 21 27 16 26 24 44 36 36 62 72 52 44 37 53 28 29 29 49 58 53 61 38 61 70 64 82 87 71 70 83 85 67 84 82 81 86 69 73 53 46 41 35 18 5 7 6 3 3 3 2 1 1 0 0 0 0 0 0 0 0 0 0 0 0 0 0 0 0 1 4
23 26 25 18 36 46 53 41 15 12 21 14 16 11 11 15 12 5 4 6 9 28 11 12 22 28 12 55 47 37 47 54 47 48 57 34 20 33 19 52 40 34 32 47 59 63 65 58 65 75 67 79 77 78 35 48 81 87 86 75 32 25 49 43 72 46 30 42 14 6 4 4 6 2 1 1 0 0 0 0 0 0 0 0 0 0 0 0 1 0 0 0 0 0 2 2
14 4 21 28 39 33 44 27 8 15 14 18 40 31 13 14 6 11 8 9 2 5 44 25 17 5 9 29 43 30 33 40 58 30 60 20 30 23 9 50 37 33 48 58 55 69 74 59 80 86 63 44 48 38 25 27 65 74 64 43 55 43 38 48 36 30 26 14 21 12 11 4 3 2 1 1 1 0 0 0 0 0 0 0 0 0 1 1 2 1 1 0 0 2 3 3
