sesion_6_simulaciones/modelos_agentes/ejemplos_netlogo/scenarios/echam4_b2/rob_2081.asc
NCOLS 322 
NROWS 307 
XLLCORNER 451900 
YLLCORNER 4086900 
CELLSIZE 100 
NODATA_value -9999 
[rows 74 to 147 of 307, columns 192 to 287 of 322]
4 5 4 4 3 1 1 1 1 1 1 0 0 0 0 0 0 1 2 4 4 4 4 7 7 5 8 6 8 4 3 2 2 1 1 2 2 3 3 3 2 1 3 5 3 4 3 2 8 9 12 3 5 10 3 1 2 2 1 1 1 0 0 0 0 0 0 0 0 0 0 0 0 0 1 1 2 2 5 3 4 6 4 5 3 3 4 7 9 13 12 16 45 58 55 39
13 13 10 5 3 2 5 4 5 4 3 3 4 4 4 2 1 0 0 1 2 3 3 5 2 2 3 4 4 3 3 2 1 1 1 1 2 2 2 2 1 2 3 3 3 8 5 1 6 23 11 3 2 1 1 1 1 1 1 1 0 0 0 0 0 0 0 0 0 0 0 0 0 1 1 2 4 3 4 8 7 9 14 18 25 17 20 31 33 50 52 40 40 21 45 56
28 27 28 15 10 7 12 10 11 11 5 11 16 15 15 8 6 3 0 0 1 1 2 2 2 2 2 4 3 3 2 2 1 1 1 1 1 2 2 1 0 1 2 3 6 5 2 1 4 16 10 8 3 2 1 1 1 1 0 0 0 0 0 0 0 0 0 0 0 0 0 0 1 1 1 3 4 9 5 3 9 17 27 30 38 58 45 33 39 61 59 68 67 42 28 19
42 37 33 33 29 21 17 18 18 17 17 24 27 26 23 34 25 12 3 3 1 0 1 2 2 2 1 1 2 2 2 1 1 1 1 1 0 1 1 1 0 1 2 5 15 9 3 1 6 10 5 6 4 2 0 1 0 0 0 0 0 0 0 0 0 0 0 0 0 0 0 0 0 1 3 3 5 8 5 4 2 5 13 14 35 49 64 48 71 66 68 51 46 59 51 60
54 48 57 42 46 31 31 30 43 27 30 35 50 50 48 54 35 13 6 9 8 2 0 0 0 0 0 0 0 1 1 1 1 1 0 1 0 0 1 1 0 1 2 2 6 8 2 1 9 5 5 3 1 1 0 0 0 0 0 0 0 0 0 0 0 0 0 0 0 0 0 0 1 1 4 5 5 12 11 17 14 9 7 18 40 45 49 64 50 41 18 13 18 19 23 75
36 59 58 53 50 41 41 41 54 38 38 46 55 49 66 63 41 28 17 23 12 4 3 2 2 1 1 1 1 1 1 1 0 1 0 1 0 0 0 0 1 1 2 2 2 5 3 3 8 3 1 1 0 1 0 0 0 0 0 0 0 0 0 0 0 0 0 0 0 0 0 0 1 2 5 5 4 5 7 19 29 20 19 26 53 19 21 49 32 17 12 36 56 64 76 79
62 61 64 47 33 50 51 37 75 44 42 41 53 66 55 60 51 48 33 19 16 5 7 7 6 3 6 5 4 3 1 1 0 0 0 0 0 0 0 0 1 1 1 1 2 5 7 3 4 6 4 2 1 0 0 0 0 0 0 0 0 0 0 0 0 0 0 0 0 0 1 1 1 1 1 1 3 3 12 28 25 26 32 30 15 20 39 22 31 32 25 52 71 80 88 77
63 79 72 50 50 69 56 38 70 46 45 50 44 47 48 58 67 44 41 26 12 14 13 12 11 10 10 12 13 8 4 1 1 0 0 0 0 0 0 0 1 0 0 1 2 2 11 10 27 19 11 2 1 1 0 0 0 0 0 0 0 0 0 0 0 0 0 0 0 0 0 1 1 1 1 1 5 5 12 27 47 52 39 7 7 30 26 22 29 26 42 74 69 65 56 52
77 47 50 37 61 72 57 37 72 49 60 57 65 52 54 63 55 44 58 36 28 23 21 20 18 16 25 34 17 9 5 2 1 1 0 0 0 0 0 1 0 0 0 0 0 2 1 11 8 3 2 5 3 2 1 0 0 0 0 0 0 0 0 0 0 0 0 0 0 0 0 0 1 1 1 3 7 7 7 26 39 28 25 9 19 20 13 25 20 23 62 45 38 52 49 50
68 55 45 50 74 63 40 34 70 49 59 56 70 50 67 58 51 65 64 47 40 49 30 38 35 35 29 11 10 5 3 1 1 1 0 0 0 0 0 1 0 1 1 1 0 1 4 4 4 1 0 1 0 1 1 0 0 0 0 0 0 0 0 0 0 0 0 0 0 0 0 0 0 0 1 2 5 3 8 10 15 8 3 6 23 12 16 21 36 61 34 40 50 55 54 41
45 49 44 50 68 61 38 50 62 57 70 62 52 61 73 59 51 67 66 52 49 57 52 43 56 24 29 19 7 3 1 1 1 1 0 0 0 0 0 0 1 1 1 0 1 0 0 0 3 1 0 1 1 1 1 0 0 0 0 0 0 0 0 0 0 0 0 0 0 0 0 0 0 0 0 1 0 1 8 9 6 2 4 6 10 28 25 32 58 71 21 35 46 41 39 40
37 35 43 47 48 40 55 79 41 59 58 78 49 63 75 40 66 71 69 67 61 59 38 51 37 32 34 18 13 7 3 1 1 0 0 0 0 0 0 0 0 0 1 0 0 0 1 1 1 1 0 1 1 1 0 0 0 0 0 0 0 0 0 0 0 0 0 0 0 0 0 0 0 0 0 0 1 1 1 0 4 6 5 5 7 12 7 14 43 22 32 46 39 30 21 30
44 82 78 34 34 69 68 63 85 53 76 72 55 67 64 63 66 66 79 81 77 54 26 18 24 30 30 12 22 15 10 3 1 0 0 0 0 0 0 0 0 0 0 0 0 0 0 0 0 1 0 1 1 0 0 0 0 0 0 0 0 0 0 0 0 0 0 0 0 0 0 0 0 0 0 0 0 0 1 1 4 4 8 2 3 7 13 40 36 20 49 46 49 37 18 21
18 46 62 44 58 26 52 20 45 50 54 65 71 43 70 84 80 83 80 56 48 45 21 17 9 13 9 10 13 15 8 5 1 0 0 0 0 0 0 1 0 1 0 0 0 0 0 0 0 1 0 0 0 0 0 0 0 0 0 0 0 0 0 0 0 0 0 0 0 0 0 0 0 0 0 0 0 0 0 1 0 1 2 6 8 21 51 60 45 25 30 20 15 34 21 16
17 15 42 38 77 62 38 55 44 72 35 16 63 54 46 77 67 67 79 54 43 60 46 34 29 16 12 8 8 6 4 5 3 1 0 0 0 0 0 0 0 0 0 0 0 0 0 0 0 1 0 0 0 0 0 0 0 0 0 0 0 0 0 0 0 0 0 0 0 0 0 0 0 0 0 0 0 0 0 0 1 1 1 2 9 52 34 28 28 46 20 17 12 21 12 10
55 28 20 21 73 76 67 70 42 44 35 23 80 48 41 56 36 35 62 76 58 48 64 47 48 51 36 27 12 8 5 6 3 1 0 0 0 0 0 0 0 0 0 0 0 0 0 0 0 0 0 0 0 0 0 0 0 0 0 0 0 0 0 0 0 0 0 0 0 0 0 0 0 0 0 0 0 0 0 1 2 2 2 2 24 20 10 7 37 37 18 10 5 5 3 3
18 45 33 26 21 54 67 26 60 42 34 23 69 63 33 27 50 34 58 73 76 60 67 71 64 44 20 20 8 3 8 7 3 1 0 0 0 0 0 0 0 0 0 0 0 0 0 0 0 0 0 0 0 0 0 0 0 0 0 0 0 0 0 0 0 0 0 0 0 0 0 0 0 0 0 0 0 1 1 1 2 2 3 10 17 8 1 6 24 17 11 6 5 4 4 4
41 64 63 41 27 51 56 62 59 33 34 18 46 69 37 39 36 23 21 71 59 59 63 51 32 22 28 10 9 5 3 1 1 0 0 0 0 0 0 0 0 0 0 0 0 0 0 0 1 1 1 0 0 0 0 0 0 0 0 0 0 0 0 0 0 0 0 0 0 0 0 0 0 0 0 0 1 0 0 0 2 6 9 11 14 4 2 19 9 4 5 3 2 2 2 4
56 45 75 34 38 42 55 61 54 27 45 33 45 83 41 28 22 10 14 50 49 66 62 48 36 20 19 24 17 4 2 2 1 1 0 0 0 0 0 0 0 0 0 0 0 0 0 1 1 1 0 0 0 1 0 0 0 0 0 0 0 0 0 0 0 0 0 0 0 0 0 0 0 0 0 0 0 0 1 1 6 6 3 2 1 2 14 10 6 3 4 3 1 3 3 4
48 49 68 77 52 36 45 45 55 38 30 38 42 67 68 47 29 16 7 7 37 68 71 63 45 41 24 23 15 7 3 1 1 1 0 0 0 0 0 0 0 0 0 0 0 0 0 0 0 0 0 0 0 0 0 0 0 0 0 0 0 0 0 0 0 0 0 0 0 0 0 0 0 0 0 0 1 1 1 1 2 1 1 0 1 5 7 5 2 1 1 1 1 2 3 4
42 35 36 73 62 35 26 39 61 72 28 29 34 54 73 45 19 14 7 3 11 25 65 65 47 34 21 15 9 12 8 4 3 3 1 1 0 0 0 0 0 0 0 0 0 1 0 0 0 0 0 0 0 0 0 0 0 0 0 0 0 0 0 0 0 0 0 0 0 0 0 0 0 0 0 0 0 0 2 2 1 0 0 0 1 2 2 2 1 1 0 1 1 2 2 3
29 41 32 48 53 46 32 44 56 52 39 20 28 25 49 55 44 13 6 2 6 48 66 59 71 52 41 31 20 24 21 11 5 7 2 0 0 0 0 0 0 0 0 0 0 0 0 0 0 0 0 0 0 0 0 0 0 0 0 0 0 0 0 0 0 0 0 0 0 0 0 0 0 1 1 1 0 0 0 0 0 0 0 1 1 1 1 0 0 1 1 1 1 2 2 2
30 31 27 42 37 34 34 35 34 46 39 47 15 44 48 39 29 26 9 3 10 57 43 53 73 82 74 37 37 27 25 16 10 5 3 1 0 0 0 0 0 0 0 0 0 0 0 0 0 0 0 0 0 0 0 0 0 0 0 0 0 0 0 0 0 0 0 0 0 0 0 0 0 0 1 0 0 0 0 0 0 0 0 0 0 0 0 0 0 0 1 1 1 1 1 5
26 22 34 32 37 39 46 40 32 33 50 47 13 10 32 24 22 30 18 4 12 16 10 24 71 59 51 26 27 6 14 17 13 8 3 1 1 0 0 0 0 0 0 0 0 0 0 0 0 0 0 0 0 0 0 0 0 0 0 0 0 0 0 0 0 0 0 0 0 0 0 0 0 0 0 0 0 0 0 0 0 0 0 0 0 0 0 0 0 0 1 1 1 1 1 4
19 29 24 12 27 31 45 33 32 34 30 29 17 5 11 21 24 32 21 4 9 8 7 5 42 72 60 22 12 6 5 14 10 6 5 2 1 0 0 0 0 0 0 0 0 0 0 0 0 0 0 0 0 0 0 0 0 0 0 0 0 0 0 0 0 0 0 0 0 0 0 0 0 0 0 0 0 0 0 0 0 0 0 0 0 0 0 0 0 0 0 1 1 1 5 2
32 24 22 21 26 33 25 31 32 31 27 26 24 6 7 13 14 15 11 5 6 10 8 8 30 18 24 8 13 19 7 16 8 9 8 4 1 0 0 0 0 0 0 0 0 0 0 0 0 0 0 0 0 0 0 0 0 0 0 0 0 0 0 0 0 0 0 0 0 0 0 0 0 0 0 0 0 0 0 0 0 0 0 0 0 0 0 0 0 0 1 1 0 0 0 2
57 46 29 24 24 14 16 18 23 13 19 19 11 14 5 9 10 9 7 7 10 6 10 16 13 15 13 7 4 8 15 18 16 9 4 3 2 1 0 0 0 0 0 0 0 0 0 0 0 0 0 0 0 0 0 0 0 0 0 0 0 0 0 0 0 0 0 0 0 0 0 0 0 0 0 0 0 0 0 0 0 0 0 0 0 0 0 0 0 0 0 1 0 0 0 4
69 67 39 31 16 11 6 8 11 8 8 6 6 7 10 5 5 5 3 5 5 1 5 7 5 9 16 6 5 2 4 14 29 15 4 4 1 1 0 0 0 0 0 0 0 0 0 0 0 0 0 0 0 0 0 0 0 0 0 0 0 0 0 0 0 0 0 0 0 0 0 0 0 0 0 0 0 0 0 0 0 0 0 0 0 0 0 0 0 0 0 0 0 0 1 1
59 59 42 37 33 26 10 7 3 6 5 4 4 3 5 5 4 3 3 4 4 1 1 3 5 15 18 8 3 2 2 6 6 9 6 3 1 1 0 0 0 0 0 0 0 0 0 0 0 0 0 0 0 0 0 0 0 0 0 0 0 0 0 0 0 0 0 0 0 0 0 0 0 0 0 0 0 0 0 0 0 0 0 0 0 0 0 0 0 0 1 1 1 1 0 0
39 50 51 50 45 35 26 20 7 3 2 2 1 2 2 4 7 4 5 2 2 2 0 1 3 10 10 9 2 1 2 4 3 2 8 5 1 1 0 0 0 0 0 0 0 0 0 0 0 0 0 0 0 0 0 0 0 0 0 0 0 0 0 0 0 0 0 0 0 0 0 0 0 0 0 0 0 0 0 0 0 0 0 0 0 0 0 0 0 0 0 0 0 0 1 1
60 61 64 59 55 47 38 27 23 9 3 2 1 1 1 1 1 1 1 1 1 1 0 0 3 6 7 4 4 1 2 2 3 2 3 4 2 1 0 0 0 0 0 0 0 0 0 0 0 0 0 0 0 0 0 0 0 0 0 0 0 0 0 0 0 0 0 0 0 0 0 0 0 0 0 0 0 0 0 0 0 0 0 0 0 0 0 0 0 0 0 0 0 0 0 1
71 73 64 62 59 66 64 40 27 14 14 5 7 5 2 0 1 1 1 1 0 1 0 1 1 4 4 4 3 1 1 1 2 2 2 2 5 1 0 0 0 0 0 0 0 0 0 0 0 0 0 0 0 0 0 0 0 0 0 0 0 0 0 0 0 0 0 0 0 0 0 0 0 0 0 0 0 0 0 0 0 0 0 0 0 0 0 0 0 0 0 0 0 0 1 1
72 63 63 60 75 73 56 45 38 31 24 28 12 6 1 1 0 0 0 0 0 0 0 1 1 2 2 2 1 1 0 1 1 1 1 1 4 1 0 0 0 0 0 0 0 0 0 0 0 0 0 0 0 0 0 0 0 0 0 0 0 0 0 0 0 0 0 0 0 0 0 0 0 0 0 0 0 0 0 0 0 0 0 0 0 0 0 0 0 0 0 0 0 0 1 0
53 69 59 70 57 59 60 52 65 68 50 33 12 6 3 2 1 0 0 0 0 0 0 1 1 1 1 1 0 0 0 0 0 0 0 1 2 1 0 0 0 0 0 0 0 0 0 0 0 0 0 0 0 0 0 0 0 0 0 0 0 0 0 0 0 0 0 0 0 0 0 0 0 0 0 0 0 0 0 0 0 0 0 0 0 0 0 0 0 0 0 0 0 0 0 0
50 64 71 72 83 75 78 53 52 43 28 25 17 9 6 2 1 1 0 0 0 0 0 0 0 0 0 0 0 0 0 0 0 0 0 1 0 1 0 0 0 0 0 0 0 0 0 0 0 0 0 0 0 0 0 0 0 0 0 0 0 0 0 0 0 0 0 0 0 0 0 0 0 0 0 0 0 0 0 0 0 0 0 0 0 0 0 0 0 0 0 0 0 0 0 0
87 69 66 42 31 48 48 32 35 24 11 12 11 5 3 2 1 1 0 0 0 0 0 0 0 0 0 0 0 0 0 0 0 0 0 0 0 1 0 0 0 0 0 0 0 0 0 0 0 0 0 0 0 0 0 0 0 0 0 0 0 0 0 0 0 0 0 0 0 0 0 0 0 0 0 0 0 0 0 0 0 0 0 0 0 0 0 0 0 0 0 0 0 0 0 0
62 59 67 71 61 69 72 59 57 44 33 31 13 8 3 1 1 0 0 0 0 0 0 0 0 0 0 0 0 0 0 0 0 0 0 0 0 0 0 0 0 0 0 0 0 0 0 0 0 0 0 0 0 0 0 0 0 0 0 0 0 0 0 0 0 0 0 0 0 0 0 0 0 0 0 0 0 0 0 0 0 0 0 0 0 0 0 0 0 0 0 0 0 0 0 0
50 66 73 63 80 84 80 57 65 48 31 22 10 6 3 1 1 1 0 0 0 0 0 0 0 0 0 0 0 0 0 0 0 0 0 0 0 0 0 0 0 0 0 0 0 0 0 0 0 0 0 0 0 0 0 0 0 0 0 0 0 0 0 0 0 0 0 0 0 0 0 0 0 0 0 0 0 0 0 0 0 0 0 0 0 0 0 0 0 0 0 0 0 0 0 0
14 35 37 45 64 73 72 53 70 60 46 23 12 6 3 2 1 1 0 0 0 0 0 0 0 0 0 0 0 0 0 0 0 0 0 0 0 0 0 0 0 0 0 0 0 0 0 0 0 0 0 0 0 0 0 0 0 0 0 0 0 0 0 0 0 0 0 0 0 0 0 0 0 0 0 0 0 0 0 0 0 0 0 0 0 0 0 0 0 0 0 0 0 0 0 0
35 20 24 52 44 44 48 44 41 36 34 17 11 4 2 1 1 0 0 0 0 0 0 0 0 0 0 0 0 0 0 0 0 0 0 0 0 0 0 0 0 0 0 0 0 0 0 0 0 0 0 0 0 0 0 0 0 0 0 0 0 0 0 0 0 0 0 0 0 0 0 0 0 0 0 0 0 0 0 0 0 0 0 0 0 0 0 0 0 0 0 0 0 0 0 0
34 26 21 31 51 25 18 38 14 14 9 11 8 7 3 1 2 3 1 0 0 0 0 0 0 0 0 0 0 0 0 0 0 0 0 0 0 0 0 0 0 0 0 0 0 0 0 0 0 0 0 0 0 0 0 0 0 0 0 0 0 0 0 0 0 0 0 0 0 0 0 0 0 0 0 0 0 0 0 0 0 0 0 0 0 0 0 0 0 0 0 0 0 0 0 0
34 41 47 44 39 45 31 21 28 42 29 24 18 6 4 3 7 4 1 0 0 0 0 0 0 0 0 0 0 0 0 0 0 0 0 0 0 0 0 0 0 0 0 0 0 0 0 0 0 0 0 0 0 0 1 0 0 0 0 0 0 0 0 0 0 0 0 0 0 0 0 0 0 0 0 0 0 0 0 0 0 0 0 0 0 0 0 0 0 0 0 0 0 0 0 0
28 44 52 47 62 65 64 55 50 47 37 30 24 17 15 21 13 7 2 1 0 0 0 0 0 0 0 0 0 0 0 0 0 0 0 0 0 0 0 0 0 0 0 0 0 0 0 0 0 0 0 0 0 0 1 0 0 0 0 0 0 0 0 0 0 0 0 0 0 0 0 0 0 0 0 0 0 0 0 0 0 0 0 0 0 0 0 0 0 0 0 0 0 0 0 0
19 24 49 57 73 64 60 59 68 54 48 56 56 43 38 27 11 7 3 1 0 0 0 0 0 0 0 0 0 0 0 0 0 0 0 0 0 0 0 0 0 0 0 0 0 0 0 0 0 0 0 0 0 1 0 0 0 0 0 0 0 0 0 0 0 0 0 0 0 0 0 0 0 0 0 0 0 0 0 0 0 0 0 0 0 0 0 0 0 0 0 0 0 0 0 0
18 19 39 59 61 75 75 77 73 76 73 67 31 15 14 10 7 3 3 1 1 1 1 0 0 0 0 0 0 0 0 0 0 0 0 0 0 0 0 0 0 0 0 0 0 0 0 0 0 0 0 0 1 1 0 0 0 0 0 0 0 0 0 0 0 0 0 0 0 0 0 0 0 0 0 0 0 0 0 0 0 0 0 0 0 0 0 0 0 0 0 0 0 0 0 0
12 18 36 65 70 61 42 72 76 85 72 69 29 20 12 5 2 3 2 4 2 2 2 1 1 1 0 0 0 0 0 0 0 0 0 0 0 0 0 0 0 0 0 0 0 0 0 1 0 0 0 0 1 1 0 0 0 0 0 0 0 0 0 0 0 0 0 0 0 0 0 0 0 0 0 0 0 0 0 0 0 0 0 0 0 0 0 0 0 0 0 0 0 0 0 0
18 45 48 63 63 63 54 33 55 77 74 51 52 30 21 6 4 4 4 4 3 4 2 2 2 1 1 1 0 0 0 0 0 0 0 0 0 0 0 0 0 0 0 0 0 0 0 0 1 1 1 1 2 1 1 0 0 0 0 0 0 0 0 0 0 0 0 0 0 0 0 0 0 0 0 0 0 0 0 0 0 0 0 0 0 0 0 0 0 0 0 0 0 0 0 0
57 8 23 29 51 52 38 42 26 39 61 44 23 23 7 4 3 6 6 9 8 6 4 4 2 2 1 1 1 0 0 0 0 0 0 0 0 0 0 0 0 0 0 0 0 0 0 0 1 1 2 2 1 1 0 0 0 0 0 0 0 0 0 0 0 0 0 0 0 0 0 0 0 0 0 0 0 0 0 0 0 0 0 0 0 0 0 0 0 0 0 0 0 0 0 0
13 21 28 38 43 30 35 36 35 12 21 13 5 3 4 5 8 12 11 15 11 10 7 5 3 2 1 0 0 0 0 0 0 0 0 0 0 0 0 0 0 0 0 0 0 0 0 0 0 1 1 1 0 0 0 0 0 0 0 0 0 0 0 0 0 0 0 0 0 0 0 0 0 0 0 0 0 0 0 0 0 0 0 0 0 0 0 0 0 0 0 0 0 0 0 0
9 43 33 30 41 42 62 57 42 42 19 9 11 10 9 16 20 19 28 19 19 14 7 5 3 1 1 1 0 0 0 0 0 0 0 0 0 0 0 0 0 0 0 0 0 0 0 0 1 1 2 2 1 2 1 0 0 0 0 0 0 0 0 0 0 0 0 0 0 0 0 0 0 0 0 0 0 0 0 0 0 1 1 0 0 0 0 0 0 0 0 0 0 0 0 0
12 48 19 25 47 67 69 58 48 40 34 24 29 24 22 27 39 50 45 30 20 14 8 3 2 1 1 1 0 0 0 0 0 0 0 0 0 0 0 0 0 0 0 0 0 0 0 0 0 1 1 2 2 1 0 0 0 0 0 0 0 0 0 0 0 0 0 0 0 0 0 0 0 0 0 0 0 0 0 0 0 0 1 1 0 0 0 0 0 0 0 0 0 0 0 0
12 30 81 55 55 50 58 48 32 38 39 46 42 26 40 57 64 59 51 37 34 18 9 6 5 2 2 2 1 0 0 0 0 0 0 0 0 0 0 0 0 0 0 0 0 0 0 0 0 0 0 1 3 2 1 1 0 0 0 0 0 0 0 0 0 0 0 0 0 0 0 0 0 0 0 0 0 0 0 0 0 0 1 1 0 0 0 0 0 0 0 0 0 0 0 0
31 26 48 54 29 38 47 32 38 62 63 68 57 50 54 79 59 55 47 16 11 19 12 13 8 5 3 1 1 0 0 0 0 0 0 0 0 0 0 0 0 0 0 0 0 0 0 0 1 1 0 1 3 3 1 1 0 0 0 0 0 0 0 0 0 0 0 0 0 0 0 0 0 0 0 0 0 0 0 0 0 1 1 2 1 0 0 0 0 0 0 0 0 0 0 0
22 17 16 64 29 24 28 43 62 63 64 76 48 59 84 77 76 47 27 25 36 22 15 16 8 6 2 1 1 1 0 0 0 0 0 0 0 0 0 0 0 0 0 0 0 0 0 1 1 1 1 3 2 1 0 0 0 0 0 0 0 0 0 0 0 0 0 0 0 0 0 0 0 0 0 0 0 0 0 0 0 0 1 2 1 0 0 0 0 0 0 0 0 0 0 0
44 29 19 66 60 39 40 59 60 62 75 75 64 76 65 56 66 51 32 22 22 18 15 8 5 4 3 2 1 1 0 0 0 0 0 0 0 0 0 0 0 0 0 0 0 0 1 2 2 2 5 9 1 1 0 0 0 0 0 0 0 0 0 0 0 0 0 0 0 0 0 0 0 0 0 0 0 0 0 0 0 1 1 3 1 0 0 0 0 0 0 0 0 0 0 0
47 36 34 42 78 59 53 52 68 75 72 42 45 69 55 50 35 26 12 10 29 17 7 7 3 2 1 1 1 0 0 0 0 0 0 0 0 0 0 0 0 0 0 0 0 1 1 1 1 4 6 6 2 2 1 1 1 0 0 0 0 0 0 0 0 0 0 0 0 0 0 0 0 0 0 0 0 0 0 0 1 1 2 4 1 0 1 0 0 0 0 0 0 0 0 0
53 44 34 32 67 59 79 68 85 85 71 51 29 34 42 31 27 40 42 45 18 13 7 11 6 3 1 1 1 1 0 0 0 0 0 0 0 0 0 0 0 1 0 1 1 1 1 1 0 0 1 7 2 2 3 2 1 0 0 0 0 0 0 0 0 0 0 0 0 0 0 0 0 0 0 0 0 0 0 0 0 0 2 5 3 1 1 0 0 0 0 0 0 0 0 0
49 45 20 47 71 41 84 44 70 75 82 81 64 52 47 52 66 62 57 35 21 17 11 10 5 3 1 1 1 1 0 0 0 0 0 0 0 0 0 0 0 0 1 1 1 2 3 2 1 1 2 10 7 5 3 2 1 1 0 0 0 0 0 0 0 0 0 0 0 0 0 0 0 0 1 0 0 0 0 0 0 1 1 5 5 2 1 1 0 0 0 0 0 0 0 0
37 34 43 71 74 43 64 80 45 68 80 86 77 52 62 60 67 61 60 49 29 22 8 6 3 2 1 1 1 0 0 0 0 0 0 0 0 0 0 0 0 0 0 0 0 0 1 3 5 4 7 14 13 9 3 3 2 0 0 0 0 0 0 0 0 0 0 0 0 0 0 0 0 1 1 1 0 0 0 0 1 0 1 3 7 4 2 1 1 0 0 0 0 0 0 0
60 47 40 42 79 49 25 67 71 53 64 77 81 85 74 72 65 43 36 49 34 26 17 12 5 2 1 1 0 0 0 0 0 0 0 0 0 0 0 0 0 0 0 0 0 0 1 2 4 8 13 25 24 8 4 3 2 1 0 0 0 0 0 0 0 0 0 0 0 0 0 0 0 1 2 1 0 0 0 0 1 1 1 3 8 12 5 2 0 0 0 0 0 0 0 0
77 52 30 40 68 57 45 22 21 21 58 75 84 79 91 90 83 62 51 50 33 20 11 12 5 2 1 1 0 0 0 0 0 0 0 0 0 0 0 0 0 0 0 0 0 1 1 1 3 3 7 15 21 10 7 6 3 1 1 1 0 0 0 0 0 0 0 0 0 0 0 0 0 0 1 3 1 0 0 0 0 1 2 3 5 9 5 1 0 0 0 0 0 0 0 0
79 61 27 55 66 30 48 56 45 33 24 74 76 69 75 66 46 50 30 45 47 14 4 3 3 2 1 1 0 0 0 0 0 0 0 0 0 0 0 0 0 1 1 1 2 2 2 1 1 3 5 8 16 20 13 7 7 3 3 0 1 0 0 0 1 1 0 1 1 1 0 1 1 0 1 5 1 1 1 1 1 2 4 7 7 4 1 1 0 0 0 0 0 0 0 0
68 54 49 61 68 29 40 42 51 32 15 46 68 68 56 64 48 43 36 17 51 33 6 3 1 1 1 1 0 0 0 0 0 0 0 0 0 0 0 0 1 1 1 1 1 0 0 1 1 2 7 11 20 25 22 12 10 8 3 2 1 1 1 1 1 1 1 1 2 2 1 1 1 2 2 3 4 2 2 2 2 5 6 21 11 3 2 1 0 0 0 0 0 0 0 0
72 23 39 56 64 39 29 54 44 45 28 10 36 59 58 53 59 24 46 7 20 42 21 8 2 1 1 0 0 0 0 0 0 0 0 0 0 0 0 0 0 0 0 0 0 0 0 0 1 3 6 8 16 24 31 19 16 9 4 6 2 1 0 1 1 2 2 2 2 5 3 3 4 3 3 3 10 2 2 3 8 10 19 8 4 2 1 0 0 0 0 0 0 0 0 0
55 14 38 57 65 64 53 52 64 57 38 18 8 32 37 53 59 58 9 30 5 22 14 5 5 2 1 0 0 0 0 0 0 0 0 0 0 0 0 0 0 0 0 0 0 0 0 0 1 3 5 6 10 21 24 50 29 11 12 9 2 4 1 2 1 6 6 5 5 8 6 8 3 3 4 7 4 2 6 5 11 22 16 5 2 1 1 0 0 0 0 0 1 0 0 0
52 24 54 64 71 66 37 56 81 69 52 32 20 7 17 27 43 51 30 39 4 8 22 4 2 2 1 0 0 0 0 0 0 0 0 0 0 0 0 0 0 0 0 0 0 0 0 0 1 1 2 7 6 10 14 31 35 23 15 7 8 6 3 4 3 5 10 11 7 9 14 15 9 6 5 16 2 4 5 11 12 18 9 6 4 1 1 0 0 0 0 1 0 0 0 0
58 42 64 79 77 69 41 26 71 76 78 46 32 10 4 10 16 51 32 20 12 3 4 10 2 0 1 0 0 0 0 0 0 0 0 0 0 0 0 0 0 0 0 0 0 0 0 0 0 1 1 2 3 5 14 24 43 29 21 20 15 12 6 8 3 4 11 20 12 21 17 20 13 11 8 22 4 6 11 25 32 16 6 5 2 1 0 0 0 0 1 0 0 0 0 0
29 50 65 80 84 64 39 29 43 69 73 67 33 11 5 1 7 32 17 8 10 1 0 2 2 1 0 0 0 0 0 0 0 0 0 0 0 0 0 0 0 0 0 0 0 0 0 0 0 0 1 1 2 4 12 18 41 32 34 29 39 22 13 12 6 6 11 31 20 11 15 23 15 19 12 15 8 9 13 39 13 5 4 3 2 1 0 0 0 1 1 0 0 0 0 0
29 50 65 82 83 74 57 32 21 40 47 52 32 16 4 1 1 13 5 0 2 3 1 0 1 1 0 0 0 0 0 0 0 0 0 0 0 0 0 0 0 0 0 0 0 0 0 1 1 1 2 2 5 15 21 23 25 51 70 64 41 23 15 8 4 14 21 40 36 15 19 24 21 27 28 12 12 14 28 32 13 7 6 2 1 0 0 2 3 2 1 0 0 0 0 0
10 36 64 79 82 77 59 31 13 6 6 13 14 8 5 3 1 6 8 1 0 2 1 0 0 0 0 0 0 0 0 0 0 0 0 0 0 0 0 0 0 0 0 0 0 0 1 2 2 2 3 5 12 19 26 19 42 27 28 57 62 36 18 6 9 22 30 37 45 30 30 41 18 29 44 21 16 32 47 19 7 9 3 1 1 1 4 3 3 1 0 0 0 0 0 0
5 47 73 74 89 85 57 27 33 28 27 12 9 5 2 1 0 1 4 2 1 1 1 0 0 0 0 0 0 0 0 0 0 0 0 0 0 0 0 0 0 0 0 0 1 2 1 2 5 8 11 15 24 21 27 36 34 21 34 52 46 35 33 20 26 30 34 29 50 23 36 56 27 33 49 39 22 18 14 57 38 8 5 4 2 4 2 1 1 0 1 0 0 0 0 0
11 47 74 84 88 88 89 74 54 44 32 15 7 3 1 0 0 0 1 2 0 0 0 0 0 0 0 0 0 0 0 0 0 0 0 0 0 0 0 0 0 0 0 1 1 5 8 7 10 29 27 27 20 30 38 14 7 10 18 42 45 35 51 33 38 36 43 32 64 22 47 57 44 17 30 30 26 17 20 65 30 6 6 14 10 4 1 1 0 0 0 0 0 0 0 0
21 43 67 64 83 85 77 78 73 59 42 17 9 1 0 0 0 0 0 0 0 0 0 0 0 0 0 0 0 0 0 0 0 0 0 0 0 0 0 0 1 0 0 1 2 6 15 22 24 15 26 36 39 45 38 12 5 2 16 32 40 63 55 47 49 61 54 48 71 45 35 61 21 26 37 20 45 23 36 22 46 33 13 7 3 1 1 0 0 0 0 0 0 0 0 0
16 37 48 50 72 68 83 84 82 83 69 35 6 3 2 1 1 0 0 0 0 0 0 0 0 0 0 0 0 0 0 0 0 0 0 0 0 0 0 1 0 0 1 3 4 4 9 9 11 18 30 24 31 31 19 7 6 2 6 12 29 52 69 72 81 83 70 56 66 64 48 74 27 54 27 39 41 32 51 20 6 15 11 6 3 1 1 0 0 0 0 0 0 0 0 0
