sesion_6_simulaciones/modelos_agentes/ejemplos_netlogo/scenarios/echam4_b2/rob_2065.asc
NCOLS 322 
NROWS 307 
XLLCORNER 451900 
YLLCORNER 4086900 
CELLSIZE 100 
NODATA_value -9999 
[rows 0 to 73 of 307, columns 192 to 287 of 322]
42 37 22 14 35 60 35 17 17 22 26 11 8 7 10 8 5 5 9 8 7 7 5 6 10 17 10 18 17 40 15 5 5 1 1 1 2 2 2 7 8 4 4 15 21 25 20 33 46 52 34 36 40 47 43 53 43 82 47 38 7 9 13 37 43 30 44 44 19 33 16 9 13 15 35 18 15 31 51 21 12 15 15 18 17 12 30 24 23 26 8 20 28 57 16 5
50 28 35 32 38 59 20 30 44 30 21 16 25 23 15 13 18 4 8 12 14 8 4 4 5 18 6 8 6 10 38 17 3 2 1 1 1 2 4 3 6 2 1 4 7 12 22 21 37 75 83 65 44 43 43 45 69 67 67 18 20 11 37 32 40 35 44 33 37 18 5 20 10 16 48 21 49 35 31 31 23 29 32 20 16 8 21 28 28 26 13 25 21 28 14 10
30 51 32 30 54 50 36 18 12 27 29 30 44 46 27 41 28 24 36 36 31 14 9 5 3 4 3 1 1 3 4 19 13 3 3 1 1 1 2 1 1 1 6 13 13 26 26 33 42 58 63 54 62 49 64 75 40 36 46 22 20 27 34 25 27 53 22 21 16 21 12 13 12 17 59 21 57 47 22 39 28 22 29 31 17 6 13 16 29 21 13 42 21 38 13 2
39 41 63 57 42 36 32 31 32 54 32 51 64 54 46 62 48 26 40 56 43 35 26 14 9 6 1 2 2 1 2 4 2 3 2 2 2 1 1 1 3 5 3 4 7 29 29 33 14 25 19 22 32 60 49 57 52 21 29 34 36 19 19 37 23 50 37 34 51 18 26 22 8 7 39 23 28 23 31 38 28 26 29 34 19 6 12 26 40 16 28 24 20 36 10 2
26 20 42 14 51 58 53 40 54 50 49 38 43 38 46 65 51 56 60 65 60 37 29 27 15 19 9 15 10 2 1 0 2 1 1 2 1 0 1 1 2 2 5 7 7 11 12 19 45 61 63 51 47 40 68 70 32 27 10 11 33 31 24 35 34 48 31 23 16 10 7 7 10 6 20 20 17 31 56 64 53 19 19 41 37 27 4 23 25 35 33 17 31 45 16 2
29 24 41 35 23 31 56 28 55 46 36 44 19 46 56 58 62 60 29 26 46 29 21 31 28 24 12 21 14 5 4 2 1 1 0 0 0 0 0 0 1 3 6 13 25 44 51 60 55 36 41 41 50 65 83 61 37 29 10 45 63 60 51 50 35 54 22 29 35 28 37 26 22 16 13 19 28 25 36 28 39 62 45 36 38 28 9 18 23 28 13 18 29 28 18 4
21 12 14 33 24 19 55 23 17 32 42 70 44 26 48 61 56 57 35 14 18 41 47 54 29 26 27 19 18 14 10 6 6 5 3 1 1 2 1 0 1 3 8 13 35 24 32 40 59 46 48 82 47 71 77 46 31 35 18 37 50 56 50 52 62 51 43 40 42 16 25 25 19 30 27 14 6 19 38 42 31 57 37 19 11 39 14 12 15 13 14 27 42 55 13 11
16 12 12 17 39 31 49 58 20 10 21 31 55 20 9 29 18 30 36 20 16 29 16 23 29 24 27 17 24 20 18 16 13 12 10 4 6 3 1 1 1 6 13 20 31 37 34 60 79 76 76 51 65 64 71 43 26 10 19 23 32 28 24 23 19 47 29 24 44 24 23 18 23 30 32 21 6 28 49 24 52 67 47 20 12 33 26 13 14 27 27 29 55 34 19 14
29 23 22 14 25 22 36 63 63 31 16 17 31 43 26 19 12 34 40 30 23 35 11 21 41 28 25 27 23 35 31 27 28 23 13 10 5 2 1 1 3 6 14 19 41 45 33 42 60 73 58 39 78 63 60 28 12 46 65 49 59 48 58 40 47 73 40 32 14 15 22 19 22 24 21 12 8 15 20 33 48 60 45 31 15 16 18 12 10 35 27 36 32 40 18 26
20 23 25 15 15 8 32 32 61 50 41 25 23 28 36 17 16 12 35 34 31 40 14 15 26 28 20 19 14 21 5 13 24 22 15 6 3 2 1 1 1 3 9 15 30 15 16 58 38 31 27 82 62 65 41 20 32 57 61 72 53 83 70 40 57 28 51 43 40 17 17 27 26 15 12 9 7 12 42 22 13 46 49 46 27 13 24 8 12 15 17 45 30 43 23 54
26 24 28 28 15 9 5 7 13 34 22 17 13 36 23 16 20 5 11 27 20 41 43 11 14 13 33 18 6 15 21 6 2 2 4 11 5 3 1 1 3 4 12 28 9 25 32 40 13 19 63 70 44 54 25 16 31 45 41 57 79 81 50 28 29 43 52 50 59 43 52 34 32 28 17 13 6 5 15 27 28 55 71 45 50 20 13 18 5 17 42 20 27 21 21 67
49 33 18 23 24 22 16 10 8 8 9 10 17 17 15 12 9 16 11 12 27 32 27 14 3 8 27 20 7 6 19 21 3 1 1 2 8 3 0 1 9 14 15 6 3 4 18 6 12 46 75 60 37 29 12 40 40 33 41 79 65 59 14 26 38 40 63 57 47 55 41 33 40 43 40 29 11 7 23 25 26 75 52 62 45 38 17 10 7 27 29 15 38 14 41 74
59 43 40 55 47 46 42 24 41 27 23 16 8 7 7 6 7 23 21 8 6 14 13 11 3 7 14 10 8 3 3 9 3 1 0 1 3 5 1 1 7 8 7 13 12 10 32 5 19 60 53 25 6 24 49 60 59 65 84 73 22 25 27 20 19 21 35 34 56 38 19 31 51 55 52 30 12 3 21 31 60 65 29 40 56 39 24 6 8 28 24 16 43 14 37 50
70 67 61 65 61 59 46 43 41 43 41 43 19 15 9 8 5 4 3 3 6 5 2 5 4 8 9 9 3 2 2 5 5 3 0 0 1 4 2 3 3 7 5 3 3 18 9 7 28 22 13 4 10 29 39 47 71 66 57 14 46 61 53 40 40 22 19 17 50 41 53 65 45 34 31 33 17 6 12 26 58 29 21 42 70 42 32 14 6 11 12 15 26 14 32 28
29 67 70 71 62 65 43 53 29 31 48 37 29 30 28 25 17 8 2 3 2 2 1 3 4 5 3 2 1 0 2 3 3 3 1 0 2 4 4 2 2 3 4 2 1 3 3 6 8 8 2 6 13 17 34 48 49 14 38 49 60 56 59 80 82 71 63 43 44 55 61 50 57 44 26 21 12 6 13 27 36 19 12 58 71 70 47 50 24 5 9 14 13 15 41 36
44 62 71 52 60 78 62 37 57 44 33 45 40 49 49 32 23 9 6 6 3 2 1 1 3 2 1 1 0 0 1 3 4 5 3 1 2 2 2 3 2 2 2 1 1 1 5 8 4 3 10 8 9 16 24 33 15 46 46 46 59 72 81 70 65 75 40 31 64 17 48 78 54 41 45 46 45 26 11 28 31 18 7 16 42 67 24 16 21 21 5 18 10 13 42 36
73 25 73 56 51 72 78 79 48 26 41 38 56 51 46 34 35 23 17 14 11 9 4 1 1 1 3 3 2 1 0 0 1 1 3 2 2 2 2 3 2 2 1 1 1 1 1 1 4 14 11 26 23 16 14 35 47 46 47 46 69 59 78 68 69 43 30 59 43 38 38 20 57 33 57 63 65 45 33 11 46 27 20 5 16 44 55 19 7 9 4 5 10 20 15 15
50 18 61 41 59 67 68 50 75 80 54 61 64 28 27 27 37 34 23 18 15 13 9 4 3 3 8 6 4 3 0 0 0 0 1 1 1 1 1 2 2 2 1 0 0 1 3 8 11 11 19 38 38 39 18 35 37 64 61 60 76 62 60 52 33 31 48 61 47 31 19 19 50 54 62 61 65 65 48 17 12 24 24 18 6 19 37 24 18 3 8 1 10 16 8 7
38 42 43 47 34 60 66 43 47 78 50 71 81 56 40 30 43 58 54 39 33 17 7 5 8 5 11 10 15 4 4 4 4 2 1 1 1 1 1 1 1 0 0 0 2 4 9 12 12 16 30 42 38 29 46 50 54 51 39 50 66 37 22 13 31 33 30 78 63 23 25 15 52 52 16 34 72 60 63 48 15 10 40 23 14 6 19 24 24 10 2 2 13 7 2 1
44 20 27 40 30 39 71 36 27 59 64 77 78 64 66 58 20 31 34 49 28 20 17 12 12 11 13 18 16 13 9 6 5 5 3 1 1 1 0 0 0 0 1 2 7 7 10 18 11 23 38 32 51 49 53 53 18 14 30 48 74 35 15 40 52 46 62 67 47 37 25 10 19 55 45 16 35 46 57 56 49 14 13 26 20 6 4 13 27 18 2 1 8 1 7 15
61 30 30 32 10 24 55 33 45 33 56 44 63 34 44 50 17 12 28 49 30 40 22 11 30 24 15 10 13 10 6 3 4 4 5 3 2 1 0 0 0 1 2 6 9 13 6 7 23 43 30 39 60 67 76 70 47 36 48 51 53 23 21 54 51 46 46 21 45 48 34 9 12 25 60 33 15 21 70 44 39 17 6 14 18 5 6 18 13 12 1 2 2 3 14 36
38 12 36 34 12 8 25 55 14 28 64 55 62 35 32 16 18 5 11 50 44 28 20 17 10 10 4 3 5 4 6 5 3 2 6 4 2 2 1 0 0 2 3 5 5 11 10 17 22 23 21 32 44 76 80 82 79 67 53 47 31 16 36 44 61 57 47 28 25 45 21 10 12 19 55 37 16 18 29 53 40 29 12 7 19 7 9 14 8 4 3 12 5 10 34 43
53 14 45 49 20 12 16 33 11 11 56 40 26 16 7 19 18 15 5 10 14 26 47 46 19 5 12 6 2 3 3 2 1 2 3 5 4 1 0 0 0 3 5 7 3 5 2 7 5 7 7 24 45 37 56 75 60 45 25 70 37 17 36 44 41 51 72 41 37 17 11 11 26 43 70 36 18 23 35 63 40 19 11 4 8 13 8 14 5 3 9 38 20 20 21 38
41 33 27 46 9 14 19 30 24 9 9 8 10 26 10 7 22 19 8 12 13 13 34 22 20 6 9 11 6 1 2 1 1 1 1 2 3 1 0 0 1 1 1 3 2 1 3 4 9 10 8 20 21 31 35 26 18 37 61 44 16 28 40 36 53 72 51 37 40 26 11 16 27 47 52 27 27 21 35 57 44 46 20 5 4 6 8 13 2 4 12 10 28 45 25 31
14 12 20 19 11 4 22 34 14 4 10 6 6 15 19 9 13 17 13 5 5 7 10 8 7 4 5 11 10 3 1 1 1 1 1 1 1 2 1 0 0 1 2 3 5 8 10 10 10 14 24 14 11 7 8 18 37 40 68 35 14 43 34 30 57 78 43 52 48 27 18 17 29 60 43 26 35 21 28 44 39 41 36 20 5 2 9 6 2 18 22 22 26 23 64 29
6 9 4 14 6 2 21 32 13 4 4 6 5 3 12 13 7 4 7 7 3 3 5 6 5 4 2 7 18 3 2 1 0 0 0 0 1 1 1 0 0 1 1 2 5 5 10 5 5 14 18 34 28 45 33 36 37 54 57 12 23 35 28 21 49 62 40 42 38 31 15 16 32 62 29 40 37 17 14 22 24 36 23 9 10 3 2 5 15 34 39 41 51 33 25 54
3 4 2 3 2 7 17 13 6 3 1 3 2 1 1 5 7 7 5 6 2 2 3 3 1 2 2 2 3 4 3 1 0 0 0 0 1 0 1 0 0 0 0 1 2 3 3 4 9 10 24 29 29 42 54 68 67 78 43 11 26 32 22 31 71 64 21 40 43 28 18 10 26 59 30 26 25 25 5 10 24 34 13 8 3 2 5 17 34 34 40 38 46 56 69 42
2 1 1 0 1 1 1 2 2 1 1 0 0 0 0 1 2 1 3 4 2 2 1 1 0 1 3 2 2 2 3 2 2 1 0 0 0 0 1 0 0 0 0 1 1 2 5 5 5 22 19 24 34 41 53 78 64 55 11 30 38 26 46 60 82 44 51 27 26 28 26 15 37 59 39 24 23 26 5 9 20 30 20 20 8 1 5 14 18 13 14 13 14 21 43 45
1 1 1 1 0 0 0 0 0 0 0 0 0 0 0 0 0 0 0 1 1 1 1 0 0 1 2 2 2 1 1 1 1 1 1 0 0 0 0 0 0 1 2 3 3 4 9 23 7 16 15 19 25 26 64 56 33 9 28 38 38 33 56 79 53 30 44 25 24 27 23 13 23 53 68 41 28 15 6 7 18 35 27 14 6 1 4 6 5 15 18 28 32 29 27 42
1 3 2 4 2 1 1 0 1 2 2 2 2 2 4 2 2 2 0 0 0 0 0 0 0 1 1 1 1 1 0 0 1 1 0 0 0 0 0 0 1 3 3 3 5 8 12 9 26 17 17 16 31 31 65 23 13 21 36 41 35 35 56 79 39 26 25 38 21 10 9 13 37 57 29 52 36 16 6 4 25 22 30 14 5 1 5 13 25 38 24 40 49 44 38 17
3 6 5 6 5 1 1 5 3 5 5 6 6 7 7 7 6 4 3 2 1 1 1 0 0 0 0 0 1 0 0 0 0 1 0 0 0 0 0 1 3 4 4 9 10 16 17 14 22 44 46 44 29 44 27 13 5 31 32 37 21 35 58 67 44 19 26 36 27 18 5 12 48 25 18 59 47 24 9 4 12 12 22 11 2 3 12 14 15 28 28 27 18 18 23 43
8 8 8 9 5 3 3 8 7 7 8 9 17 11 15 14 9 6 5 5 2 4 3 1 1 1 0 0 0 0 0 0 0 0 0 0 0 0 1 3 3 3 5 6 13 17 23 42 33 37 25 62 44 27 29 23 10 26 38 50 49 39 65 30 15 37 43 21 37 16 5 12 23 24 14 58 30 23 8 5 12 11 11 8 2 6 23 34 40 30 25 13 25 27 26 37
21 20 13 19 11 5 5 7 8 9 20 19 21 23 22 12 11 9 7 7 6 7 5 3 3 2 1 1 0 1 1 1 0 0 0 0 0 0 1 2 3 4 4 8 15 19 32 40 32 33 23 14 30 28 34 7 18 29 26 39 34 47 47 53 50 31 22 18 43 31 11 8 23 17 30 60 27 18 12 4 5 9 8 3 5 13 25 51 56 51 52 33 38 48 43 68
28 29 29 17 14 12 7 12 21 22 31 26 28 21 26 17 14 13 11 17 13 11 6 4 3 7 3 2 1 1 5 1 1 0 0 0 0 0 1 1 1 2 4 7 11 25 15 6 44 36 25 13 27 32 6 6 15 19 24 41 52 58 60 34 24 23 32 25 20 25 17 9 22 18 25 36 32 31 13 4 3 7 3 3 9 13 16 21 16 18 20 34 47 48 77 76
34 34 39 34 28 11 9 18 27 35 39 35 35 32 31 29 19 33 26 20 9 5 5 5 6 5 3 3 3 4 1 1 0 0 0 0 0 0 0 2 2 4 8 7 5 8 7 16 16 21 21 6 15 3 8 5 7 12 16 34 53 63 40 58 37 21 21 19 16 27 25 9 9 16 24 28 31 14 10 4 2 3 3 5 16 8 11 18 39 45 44 37 25 72 52 64
50 64 49 20 31 14 21 23 47 41 40 41 43 58 58 40 40 33 19 27 12 9 4 12 11 4 4 4 9 2 1 1 1 1 1 0 0 0 1 1 3 5 9 3 5 7 8 15 14 12 8 5 8 3 7 4 10 24 32 47 37 33 47 60 25 13 11 11 21 18 15 9 6 12 12 30 29 17 9 3 1 2 5 13 27 30 27 26 36 31 28 53 57 69 48 29
65 77 43 41 51 25 18 50 50 65 34 49 61 52 69 50 26 17 35 25 19 13 4 18 5 4 5 10 3 1 1 2 2 2 1 1 1 1 0 0 2 4 2 2 3 8 27 21 16 9 7 4 4 5 9 15 23 18 14 18 25 37 41 58 33 17 17 13 10 7 9 10 4 9 17 16 12 19 10 3 1 6 16 13 23 47 49 54 51 51 31 44 43 47 50 23
55 74 42 42 58 30 29 64 59 64 27 49 71 57 71 41 35 35 45 43 28 11 9 6 6 10 22 3 2 3 2 2 2 2 2 1 1 1 0 0 0 0 1 2 6 19 21 10 22 6 4 2 7 7 12 9 7 5 18 21 20 45 47 40 21 55 56 40 25 21 10 9 4 8 8 7 9 11 4 1 2 11 27 43 39 51 60 57 50 47 48 54 23 10 42 31
70 45 47 41 57 31 33 62 78 61 22 58 77 68 68 68 43 56 70 48 26 11 21 10 19 21 3 3 5 5 3 3 5 2 3 2 1 1 2 1 1 1 1 3 19 11 18 4 5 10 3 3 10 9 11 10 8 16 46 54 45 42 71 39 50 35 43 45 22 13 11 8 4 3 5 8 4 7 1 0 3 10 12 29 35 18 34 15 14 16 11 69 52 27 22 12
86 70 50 39 50 31 47 63 86 50 31 47 71 72 75 48 40 82 51 14 16 35 31 20 24 9 7 7 10 10 5 5 5 4 2 3 2 3 2 2 1 0 0 1 5 5 6 1 1 1 1 3 6 14 14 27 34 35 26 41 56 57 37 53 45 44 18 32 47 20 8 4 3 1 3 4 2 4 2 2 5 13 16 19 17 9 13 24 37 58 71 85 62 25 18 8
78 78 49 51 56 33 43 67 78 52 32 52 85 84 52 65 46 49 20 14 24 57 61 40 26 21 12 10 14 8 6 15 8 2 2 5 3 5 5 2 2 1 1 1 0 0 0 0 1 3 6 8 15 19 22 34 30 26 47 67 71 68 50 54 14 69 54 15 13 39 34 20 10 4 1 2 2 1 1 2 5 6 7 15 11 14 40 44 42 37 48 71 40 24 17 8
76 65 46 58 54 49 37 66 76 51 37 53 84 75 60 52 30 20 7 25 48 59 43 18 13 6 5 23 19 10 14 14 6 3 3 5 5 7 6 1 1 1 1 1 1 0 0 1 1 3 6 6 12 15 14 18 27 44 35 78 66 38 32 73 49 26 60 25 11 7 13 15 17 14 6 2 1 1 1 1 6 7 6 8 14 26 39 41 37 51 40 52 46 31 14 6
75 63 36 59 54 50 48 48 60 38 32 49 65 34 37 33 15 20 16 32 59 31 24 24 11 11 6 30 25 14 29 15 4 6 5 9 9 14 10 4 3 1 3 2 1 1 0 0 1 2 2 4 11 12 22 33 19 44 49 74 24 9 33 72 36 34 21 48 19 4 6 7 14 11 10 7 2 1 0 1 3 6 8 6 9 20 53 31 22 64 34 33 36 12 6 5
48 44 39 56 54 37 56 43 70 73 59 48 45 37 51 51 39 48 26 36 53 34 29 24 16 13 13 35 34 19 35 16 11 10 9 15 14 13 4 5 8 5 3 1 1 0 0 0 1 2 2 6 13 12 15 21 13 27 59 31 20 11 51 69 50 13 8 11 24 10 5 4 5 4 11 4 2 1 0 1 2 5 9 7 23 40 58 32 26 57 28 11 15 23 6 2
55 25 58 66 58 65 64 84 78 90 89 84 46 64 65 64 63 34 31 54 48 32 27 16 18 25 15 40 40 38 27 20 16 18 18 23 34 16 8 7 19 11 2 1 1 0 0 0 1 2 6 7 9 13 7 9 22 44 62 20 13 15 25 63 55 32 9 3 19 19 9 3 3 3 15 4 1 1 0 2 4 7 8 13 17 15 17 14 22 20 29 20 20 15 3 1
42 36 48 62 78 82 87 89 76 75 79 82 84 75 47 47 41 32 36 35 22 30 26 30 43 32 33 65 51 64 34 31 26 31 34 49 51 19 16 12 19 7 3 1 1 1 1 0 1 3 3 5 5 4 5 12 24 39 32 25 11 11 13 69 31 26 22 2 12 22 15 3 2 3 3 7 2 0 0 2 3 7 15 20 17 12 13 8 12 11 14 11 7 3 1 2
58 54 35 36 54 65 79 55 50 46 63 67 66 74 49 43 48 61 52 36 32 39 34 49 66 51 40 68 64 55 36 49 36 44 41 56 36 25 31 11 5 4 6 5 3 3 2 1 0 1 4 3 4 6 7 3 13 14 18 48 16 14 21 37 25 4 18 6 8 11 8 7 3 2 1 22 2 0 1 2 4 6 5 20 11 9 10 7 6 3 3 3 2 2 4 10
67 74 48 28 55 51 54 66 48 61 70 55 67 79 82 68 79 70 51 42 55 53 55 53 63 52 45 71 69 42 51 52 51 54 62 64 44 30 9 4 4 6 6 5 7 4 4 1 0 0 1 3 4 7 7 5 12 14 9 14 14 13 17 30 38 5 10 9 6 14 9 4 4 2 2 2 1 0 1 1 3 5 10 20 8 9 6 5 9 2 2 1 1 3 8 13
48 66 80 50 28 32 58 56 77 49 44 44 76 56 63 92 89 49 65 64 63 60 63 56 60 53 54 77 65 56 57 54 58 74 72 41 15 12 16 13 16 12 10 6 11 8 5 1 0 0 0 6 3 3 8 6 12 9 7 8 10 6 6 13 46 4 3 7 4 4 6 3 3 2 1 2 1 1 0 1 2 4 19 9 3 3 3 4 3 0 1 2 3 6 9 10
77 75 77 80 45 18 22 69 68 64 20 24 42 54 79 85 69 88 89 71 62 78 73 43 62 53 71 65 64 58 62 53 67 80 81 44 37 25 36 32 39 35 18 18 21 7 3 1 0 0 0 0 1 1 7 6 12 11 6 5 4 2 1 3 20 8 4 4 4 3 3 4 2 2 1 1 1 0 0 1 2 3 5 4 2 2 1 1 1 2 2 3 8 12 10 10
61 44 53 84 47 39 34 35 37 46 34 10 35 79 86 84 65 59 84 65 76 80 68 51 72 68 81 77 71 78 61 62 63 59 62 42 42 48 45 47 16 15 34 48 9 5 3 1 0 0 0 0 0 0 2 7 10 18 5 5 4 2 1 10 20 7 5 3 3 3 3 3 2 1 1 1 1 0 1 2 2 4 3 1 1 1 1 2 3 5 7 9 10 13 7 9
33 52 51 81 81 32 40 26 29 29 34 19 41 53 58 63 76 84 69 32 64 34 74 82 92 88 84 63 78 62 73 59 54 34 70 66 69 57 32 25 8 2 36 26 16 7 5 3 1 2 2 1 0 0 0 1 1 4 2 3 3 1 2 5 9 11 5 3 3 1 1 1 2 1 1 1 1 0 0 1 2 2 2 1 1 1 3 4 6 6 8 18 16 12 10 9
23 32 45 49 77 76 46 24 25 25 23 23 37 58 70 76 42 78 77 40 68 63 40 55 76 57 74 51 71 36 23 50 37 36 53 85 69 49 29 66 30 28 32 26 27 11 4 3 4 5 3 1 0 0 0 0 0 1 1 3 2 1 3 6 5 10 5 3 2 1 1 1 1 1 1 0 1 0 0 0 1 1 1 1 0 2 2 3 6 6 9 8 33 16 11 6
12 21 32 9 46 84 47 30 16 14 21 25 22 32 42 59 60 76 56 57 67 52 21 54 71 54 54 47 51 71 58 59 54 31 39 76 83 87 84 76 60 44 44 49 33 15 11 7 14 4 2 2 2 1 1 1 0 0 0 0 1 1 1 5 5 6 5 3 2 1 1 1 1 0 0 0 0 0 0 0 0 0 0 0 0 0 1 3 6 3 5 13 15 14 7 17
23 14 27 51 46 61 82 45 42 15 9 12 15 18 45 38 60 77 19 29 72 71 35 21 80 84 60 44 57 66 35 32 40 28 23 53 70 71 65 37 47 48 25 34 37 29 36 29 11 2 4 6 4 4 4 6 5 1 0 0 0 0 1 1 3 8 4 3 1 2 1 0 1 0 0 0 0 0 0 0 0 0 1 1 1 1 1 1 4 6 6 7 13 13 24 25
32 12 10 39 57 65 85 69 37 31 17 14 12 16 17 12 41 30 22 61 87 46 27 17 24 69 40 46 38 59 55 39 43 39 31 67 52 32 24 19 23 11 9 54 29 50 58 46 17 11 14 9 8 5 4 1 2 1 1 0 0 0 1 1 1 2 3 2 2 1 1 0 0 0 0 0 0 0 0 0 0 0 1 1 2 4 4 4 6 7 7 12 13 16 14 31
51 37 26 18 20 24 41 66 40 45 22 12 10 13 21 9 27 17 43 39 80 41 28 24 14 27 25 35 16 49 55 29 25 25 34 50 47 18 10 18 16 11 11 20 36 29 23 11 11 12 8 8 7 6 7 1 1 2 1 0 0 0 1 1 0 1 2 2 1 0 0 0 0 0 0 0 0 0 0 0 0 0 1 2 1 1 2 13 4 10 14 18 22 21 28 37
27 26 45 18 17 41 45 65 70 49 35 11 9 7 8 11 16 20 20 38 70 79 54 31 10 9 20 6 12 40 51 30 21 21 16 16 20 13 10 12 10 9 9 10 35 22 23 11 5 4 4 1 1 1 4 2 0 1 1 0 0 0 0 0 0 1 1 1 1 0 0 0 0 0 0 0 0 0 0 0 0 0 0 1 0 2 6 10 13 17 19 18 21 28 28 43
44 36 15 10 12 23 36 47 66 40 24 16 7 4 5 10 5 8 23 67 58 66 54 46 23 7 24 23 6 9 31 20 22 15 6 7 10 23 7 7 9 6 4 6 17 20 28 13 7 4 3 2 1 1 2 2 1 1 1 0 0 0 0 0 0 1 1 0 1 0 0 0 0 0 0 0 0 0 0 0 0 0 0 1 2 3 4 11 7 7 5 7 14 26 30 19
57 52 22 10 3 21 21 31 51 52 18 14 7 6 8 9 4 17 42 63 30 36 49 22 16 14 7 14 18 3 14 23 9 10 5 9 9 5 5 6 9 7 2 3 6 17 26 16 13 6 5 2 1 1 0 1 1 1 2 1 0 0 0 0 0 0 0 0 0 0 0 0 0 0 0 0 0 0 0 0 0 0 0 1 2 2 5 5 6 4 4 10 13 15 16 19
60 50 28 23 6 7 17 24 61 18 18 8 5 5 4 5 4 12 43 26 4 20 73 22 13 15 6 8 8 13 10 9 6 6 6 3 3 2 2 4 9 3 2 2 3 8 24 14 15 6 3 2 1 1 0 0 0 0 1 1 0 0 0 0 0 0 0 0 0 0 0 0 0 0 0 0 0 0 0 0 0 1 1 2 2 2 6 6 5 6 9 7 11 15 20 12
55 49 30 14 12 7 15 17 49 20 6 13 8 4 3 3 3 17 21 11 27 40 59 39 16 9 10 15 5 18 11 7 8 4 6 3 3 3 1 3 1 1 2 5 10 14 19 16 25 19 10 4 1 1 0 0 0 0 0 1 0 0 0 0 0 0 0 0 0 0 0 0 0 0 0 0 0 0 0 0 0 1 1 1 1 2 3 5 7 9 12 10 14 8 16 22
46 34 22 14 11 10 5 10 18 39 14 6 8 4 3 2 3 10 8 13 12 25 55 38 18 22 7 9 8 18 7 5 5 5 2 2 3 2 2 2 1 1 2 15 7 6 16 9 19 19 17 6 3 2 1 0 0 0 0 0 0 0 0 0 0 0 0 0 0 0 0 0 0 0 0 0 0 0 0 0 0 0 1 1 1 1 3 4 4 6 7 18 14 19 33 24
39 36 18 11 10 8 7 9 10 18 22 5 4 3 3 3 3 3 5 9 11 25 61 32 22 11 15 6 7 12 5 2 2 2 3 1 1 2 1 1 0 1 7 14 2 7 9 5 12 12 9 10 5 3 2 1 0 0 0 0 0 0 0 0 0 0 0 0 0 0 0 0 0 0 0 0 0 0 0 0 1 1 1 1 1 1 1 1 3 6 6 10 11 5 12 17
78 53 35 9 5 7 5 6 7 13 21 8 5 3 4 2 2 3 3 3 11 16 42 28 10 7 7 8 6 3 7 2 2 2 1 2 1 2 0 1 3 4 7 2 2 4 3 4 7 10 13 10 13 7 4 2 1 0 0 0 0 0 0 0 0 0 0 0 0 0 0 0 0 0 0 0 0 0 0 0 0 0 0 0 0 1 1 1 2 3 7 15 9 9 12 4
34 72 50 24 9 4 3 4 6 8 31 10 5 3 2 1 1 1 2 3 7 12 28 33 9 5 3 4 4 4 4 6 3 1 1 2 1 1 0 1 2 9 4 2 3 4 3 2 7 10 5 4 6 8 6 3 1 1 0 0 0 0 0 0 0 0 0 0 0 0 0 0 0 0 0 0 0 0 0 0 0 0 0 0 0 1 1 1 2 4 6 7 6 7 9 14
14 70 20 55 26 16 3 3 3 7 18 8 4 2 1 1 0 1 2 3 7 17 13 26 17 9 5 3 3 4 3 4 3 2 1 2 1 0 1 1 4 4 4 1 1 3 1 2 7 10 4 3 4 4 14 6 3 1 1 0 0 0 0 0 0 0 0 0 0 0 0 0 0 0 0 0 0 0 0 0 0 0 0 0 1 1 1 1 2 3 4 2 4 8 10 13
24 28 16 44 21 21 9 2 2 2 8 7 2 2 1 0 0 1 2 5 2 2 22 26 27 17 9 7 2 1 1 2 2 1 0 1 0 0 0 1 4 1 1 1 1 4 1 2 9 10 5 1 1 1 6 4 3 2 1 0 0 0 0 0 0 0 0 0 0 0 0 0 0 0 0 0 0 0 0 1 1 1 1 1 1 1 1 1 2 2 2 4 9 11 15 17
26 20 17 12 16 7 24 4 1 1 3 4 2 1 1 0 0 1 2 2 5 18 31 31 34 18 8 4 3 1 2 2 1 1 1 1 0 0 1 2 1 1 1 1 1 5 3 3 12 9 9 2 0 0 1 1 1 2 0 0 0 0 0 0 0 0 0 0 0 0 0 0 0 0 0 0 0 1 1 1 1 2 2 2 1 1 1 1 3 2 2 3 4 3 6 9
20 15 18 10 12 3 6 9 1 1 2 3 4 1 0 0 0 1 2 4 13 14 25 19 20 26 7 3 3 2 2 1 1 1 0 0 0 0 0 2 1 1 0 0 0 1 2 1 7 11 5 2 2 0 0 1 0 1 0 0 0 0 0 0 0 0 0 0 0 0 0 0 0 0 0 0 0 1 1 2 3 2 2 2 2 2 2 5 4 1 1 1 2 7 9 13
14 19 20 10 4 3 3 3 2 1 1 2 2 1 0 0 0 1 3 10 7 3 14 12 9 15 7 3 3 2 1 1 1 1 0 0 0 0 1 2 1 0 0 0 0 2 0 2 9 3 3 2 1 1 1 1 1 1 0 0 0 0 0 0 0 0 0 0 0 0 0 0 0 0 0 0 0 1 2 1 3 5 6 6 7 5 5 6 4 3 2 3 2 3 9 10
5 4 7 8 3 3 1 1 2 1 0 1 1 1 0 0 0 1 3 3 5 3 8 21 4 5 4 6 2 1 1 1 1 1 0 0 0 1 2 1 0 0 0 0 1 1 1 9 18 1 1 3 1 1 0 0 1 0 0 0 0 0 0 0 0 0 0 0 0 0 0 0 0 0 0 0 0 0 0 1 2 2 3 4 9 7 11 10 6 7 4 4 7 7 6 7
2 2 2 2 2 1 1 1 1 1 0 0 0 1 0 0 0 1 1 1 2 2 2 3 3 3 2 2 1 1 1 1 0 0 0 0 0 1 0 0 0 0 0 0 1 1 2 2 9 2 1 1 1 1 0 1 0 0 0 0 0 0 0 0 0 0 0 0 0 0 0 0 0 0 0 0 0 0 0 0 1 1 2 2 8 8 15 19 11 17 15 15 12 11 9 23
3 3 2 2 1 1 1 0 0 0 0 0 0 0 0 0 0 0 0 1 1 1 1 2 2 2 1 1 1 1 1 0 0 0 0 0 0 0 0 1 0 0 0 1 1 2 1 1 1 1 1 1 1 1 1 0 0 0 0 0 0 0 0 0 0 0 0 0 0 0 0 0 0 0 0 0 0 0 1 1 1 1 1 2 4 7 6 8 29 27 11 28 23 22 13 21
