sesion_6_simulaciones/modelos_agentes/ejemplos_netlogo/scenarios/echam4_b2/rob_2025.asc
NCOLS 322 
NROWS 307 
XLLCORNER 451900 
YLLCORNER 4086900 
CELLSIZE 100 
NODATA_value -9999 
[rows 148 to 221 of 307, columns 0 to 95 of 322]
4 36 39 31 40 58 52 37 12 8 8 65 71 73 63 72 81 70 59 74 50 62 30 15 2 6 2 7 3 2 7 2 5 5 5 9 6 11 7 9 33 29 25 23 27 16 33 28 20 38 19 15 24 14 17 35 29 14 10 22 37 39 30 19 30 47 49 34 41 74 65 63 36 43 60 68 15 11 10 21 20 14 5 7 24 17 4 2 10 8 6 7 15 14 6 14
9 30 41 58 52 68 56 60 60 15 20 39 57 81 76 75 84 56 71 70 70 65 28 43 21 4 3 2 2 5 27 22 3 9 3 5 5 8 9 12 21 15 8 12 32 66 42 27 14 15 11 26 27 23 6 6 7 5 27 25 25 59 35 26 37 59 58 58 60 67 42 20 12 43 29 21 41 7 6 23 19 10 12 7 3 17 6 3 2 4 1 9 4 13 7 2
14 6 17 43 42 65 61 27 39 40 27 23 80 82 79 51 84 71 74 78 65 45 36 24 36 19 5 8 5 7 8 16 11 18 26 22 10 15 16 20 11 10 20 40 59 39 26 20 15 15 15 17 18 16 25 16 25 28 28 30 44 61 33 34 61 64 72 73 53 17 54 31 28 33 49 14 15 5 1 4 10 11 7 12 4 4 13 7 2 3 2 1 2 3 5 1
3 8 15 10 13 13 11 14 18 18 32 17 42 69 64 55 77 75 73 46 16 20 37 55 58 38 20 8 7 3 3 9 58 34 52 58 71 22 12 19 43 30 62 62 23 18 10 19 12 9 21 19 20 17 20 15 36 40 43 43 64 61 56 45 60 75 68 49 74 40 19 49 50 19 18 5 13 22 8 4 4 7 8 4 5 3 3 12 7 3 2 1 1 2 3 3
40 18 10 10 16 20 20 26 28 33 24 36 17 17 15 12 14 20 24 30 25 64 72 60 76 47 70 25 23 28 11 21 35 8 2 2 22 61 17 9 31 30 34 37 27 40 43 51 26 13 21 22 28 20 8 19 27 62 40 64 59 66 74 88 86 74 70 41 38 82 39 30 25 26 10 3 5 5 16 10 4 4 8 5 3 4 3 2 9 2 1 1 0 0 1 1
51 37 33 24 28 17 28 25 10 20 47 31 25 36 22 22 10 29 44 60 87 71 84 64 66 42 38 43 21 54 40 7 3 6 10 1 8 11 35 11 8 71 21 30 30 20 10 17 34 21 33 39 34 23 11 13 24 51 72 63 79 69 80 78 77 74 65 22 30 64 68 46 24 12 16 8 5 4 7 5 7 4 4 6 3 2 2 2 11 5 1 1 1 0 1 2
75 50 70 49 48 59 64 21 23 18 19 25 31 53 46 19 11 23 59 64 74 87 76 86 70 71 73 68 36 44 65 62 23 5 12 12 25 23 22 38 7 51 40 24 35 7 12 17 11 27 38 50 59 43 42 19 29 50 67 71 54 39 73 74 70 63 58 41 25 41 71 19 20 10 6 4 6 2 7 14 4 6 4 2 2 1 1 1 2 1 3 1 0 0 0 0
72 63 77 55 63 56 41 55 22 19 25 18 64 39 24 42 28 18 20 59 71 61 63 72 50 61 71 68 35 12 34 72 80 57 45 21 25 31 31 39 21 42 75 37 37 22 10 10 12 18 16 18 31 11 15 39 34 60 47 27 25 25 29 46 50 19 26 15 36 46 41 34 13 9 10 3 3 5 4 8 6 3 4 3 1 1 1 1 1 1 1 2 1 0 0 0
51 63 69 80 81 52 35 80 32 16 27 29 32 30 51 50 36 49 31 20 22 54 64 22 43 69 52 81 52 16 14 17 51 71 58 43 31 27 23 34 29 39 79 29 37 38 27 35 37 38 38 40 26 23 35 26 43 73 60 56 55 47 21 11 7 17 13 17 12 22 21 32 34 12 4 3 3 4 4 6 6 9 2 2 1 1 1 0 0 1 1 0 1 0 0 0
63 81 68 86 69 35 70 82 44 40 50 31 58 76 52 38 55 43 29 26 30 25 17 51 49 26 38 71 77 43 30 18 16 65 55 56 63 60 54 65 58 42 72 80 50 45 49 48 48 48 59 61 35 55 58 26 29 47 62 45 40 22 13 19 16 5 2 9 20 23 23 28 10 10 4 3 4 4 6 4 4 2 3 1 1 1 0 0 0 0 1 0 0 1 0 0
45 81 45 81 51 69 75 74 25 55 60 37 24 21 37 38 47 69 60 72 36 22 30 19 30 29 49 84 48 82 38 46 41 57 26 52 55 77 63 47 55 30 54 74 85 52 45 43 63 49 46 38 33 55 59 32 46 76 75 74 40 46 45 33 26 10 8 12 14 12 11 15 11 5 7 2 3 5 4 4 2 1 2 1 0 0 0 0 0 0 0 0 0 0 0 0
23 72 57 71 64 73 70 32 40 67 67 53 50 27 25 15 20 29 27 67 43 20 24 22 65 71 67 73 39 75 77 30 28 40 59 70 59 84 88 56 54 26 26 68 80 76 68 51 59 32 19 25 57 57 52 45 46 34 30 29 25 40 51 40 37 20 17 14 9 8 10 8 5 7 1 2 2 3 1 1 1 1 1 1 1 1 0 1 0 0 0 0 0 0 0 0
22 20 16 52 68 69 30 29 74 47 64 77 64 45 36 37 43 39 44 24 30 49 42 17 54 56 67 76 73 46 84 80 38 19 34 75 73 61 63 65 70 25 26 68 84 87 63 53 57 54 42 29 78 46 84 88 86 79 82 72 50 26 30 24 21 17 16 14 10 5 5 6 5 5 2 3 1 1 1 1 1 1 0 1 0 0 0 0 0 0 0 0 0 0 0 0
22 59 39 29 23 45 36 76 79 54 51 69 53 56 29 40 36 35 42 28 32 34 36 17 62 73 64 85 78 60 74 84 78 44 36 11 29 60 43 25 37 26 20 81 83 82 69 72 65 72 90 93 81 53 45 79 79 41 45 65 57 30 40 28 21 13 10 15 9 3 4 3 4 3 2 2 1 1 1 1 0 0 0 0 0 0 0 0 0 0 0 0 0 0 0 0
56 58 44 60 47 22 51 81 73 77 14 52 67 67 75 45 57 31 30 26 26 14 37 58 81 60 84 88 73 74 52 66 78 52 48 27 57 76 82 82 64 55 36 60 82 69 63 90 63 68 84 84 92 71 51 83 87 63 45 31 67 60 21 41 22 16 8 8 6 3 4 3 2 1 1 1 1 1 1 0 0 0 0 0 0 0 0 0 0 0 0 0 0 0 0 0
45 45 64 47 35 13 43 64 47 79 33 42 72 58 73 58 30 50 42 58 58 56 18 45 60 70 81 82 59 81 63 78 66 65 64 71 65 74 80 72 16 60 67 39 19 50 60 84 69 56 77 73 76 84 41 58 73 89 64 41 47 26 23 21 21 23 18 12 6 3 4 2 1 1 1 0 1 0 0 0 0 0 0 0 0 0 0 0 0 0 0 0 0 0 0 0
24 26 19 30 44 40 17 76 38 30 31 48 58 20 42 59 36 46 39 65 63 40 33 14 39 77 71 80 60 81 63 63 54 38 53 58 74 65 65 75 70 52 26 24 11 16 56 79 62 31 44 68 76 82 76 80 82 75 83 39 25 26 20 24 18 15 18 5 3 5 2 1 1 1 0 0 0 0 0 0 0 0 0 0 0 0 0 0 1 0 0 1 0 1 1 0
23 38 46 42 24 20 18 32 40 37 60 54 63 62 31 48 46 57 27 20 33 65 42 20 11 21 26 60 57 30 13 13 13 21 21 16 53 32 35 51 56 50 48 22 7 16 60 65 56 44 34 25 50 78 73 68 55 52 70 65 23 13 17 15 16 12 5 6 3 1 1 1 1 0 0 0 0 0 0 0 0 0 0 0 1 1 1 1 1 0 1 1 1 2 2 1
39 25 20 19 31 27 27 15 17 17 35 64 62 68 23 21 27 60 62 44 30 26 41 12 22 32 29 24 17 23 35 26 36 32 50 21 17 14 14 15 11 29 26 14 15 24 52 57 61 43 36 32 9 37 37 42 38 52 29 41 32 12 26 21 15 7 5 2 2 1 1 1 0 0 0 0 0 0 0 0 1 2 1 2 3 4 3 5 3 3 9 9 4 6 2 1
28 30 36 59 45 47 37 31 36 38 45 12 17 22 30 44 34 16 60 62 51 26 20 6 21 56 57 44 32 37 52 59 29 56 25 18 19 25 26 23 18 10 18 21 34 38 55 54 64 49 34 16 17 12 19 41 15 10 8 22 11 13 10 5 7 3 2 2 2 1 0 0 0 0 0 0 1 0 1 1 4 4 5 7 8 15 16 7 6 9 3 1 1 1 1 4
36 38 50 38 29 41 45 27 47 64 19 29 47 42 29 46 14 18 21 22 34 17 14 11 28 29 51 46 62 30 54 47 38 42 26 21 30 53 27 53 35 16 11 13 16 24 36 45 41 42 25 39 33 21 22 20 18 11 13 15 25 17 7 2 3 2 2 1 1 0 0 2 2 1 1 1 1 1 3 8 18 15 16 33 26 22 17 10 13 11 3 1 0 0 1 2
54 68 65 66 35 28 32 33 48 58 34 35 50 46 45 29 32 26 37 35 24 28 25 14 30 28 31 54 27 38 49 51 51 36 27 26 23 49 27 58 39 29 28 10 7 6 22 20 60 61 35 26 54 24 10 27 26 32 25 13 15 7 3 2 2 1 0 0 1 1 2 5 7 2 3 3 2 3 11 18 37 57 21 46 23 16 10 11 9 5 3 2 0 0 0 0
18 18 21 17 24 26 45 55 59 43 45 20 40 51 25 12 19 18 24 21 12 9 7 14 24 24 27 31 47 48 41 38 26 33 21 9 31 27 47 59 43 36 53 27 31 14 10 19 18 48 29 36 24 10 9 16 16 11 6 3 2 1 1 0 0 0 1 3 6 4 9 15 13 6 11 6 3 7 24 32 65 41 21 15 7 1 1 4 1 2 1 1 0 0 0 1
29 39 30 42 39 43 33 51 40 36 19 22 33 48 54 46 43 21 16 13 18 6 7 22 57 49 30 29 47 27 21 35 64 37 19 9 30 19 56 24 57 37 51 42 26 14 18 19 9 25 32 21 8 11 9 7 18 5 3 2 1 3 3 4 2 3 5 11 14 14 14 23 14 13 16 11 8 16 39 54 53 29 11 6 3 1 1 1 2 1 0 0 0 0 0 0
25 22 22 45 59 27 32 43 36 40 35 29 49 31 60 47 33 54 43 28 55 23 26 18 48 63 39 59 23 27 40 25 50 47 22 15 21 30 36 20 30 31 45 47 21 31 20 12 12 16 15 19 12 11 9 7 3 1 1 5 4 10 10 9 6 7 14 20 35 38 24 37 37 32 20 25 32 43 50 46 35 38 14 6 2 2 1 0 3 1 0 0 0 0 0 0
29 27 41 55 38 38 32 44 49 41 56 58 54 44 31 29 61 58 38 38 40 26 48 28 33 57 69 46 27 25 17 17 15 14 27 35 10 13 43 43 45 49 41 29 37 28 24 21 13 15 16 16 23 14 5 4 4 6 7 17 16 15 24 17 11 20 26 33 49 38 40 54 66 29 30 41 54 61 68 38 11 7 6 6 3 2 1 0 0 0 0 0 0 0 0 0
25 25 41 45 21 57 42 44 64 68 76 70 63 67 44 20 22 38 36 44 16 34 63 36 42 33 58 73 46 62 44 35 27 28 46 55 22 32 47 59 51 14 19 29 22 26 13 11 17 21 19 31 17 10 11 6 9 10 22 25 22 22 34 23 19 32 43 30 62 58 49 74 58 41 50 71 58 59 18 63 31 24 6 3 3 2 1 1 0 0 0 0 0 0 0 0
22 28 48 32 26 18 26 36 27 38 57 71 50 52 63 25 33 27 24 22 23 62 62 51 30 42 21 45 35 42 33 30 44 44 60 53 29 43 60 58 49 28 13 11 20 18 22 33 20 17 31 18 13 23 12 10 16 28 32 43 39 38 39 30 30 61 66 54 73 73 71 71 82 82 52 55 58 55 16 10 19 23 11 6 2 1 1 1 0 0 0 0 0 0 0 0
23 33 48 35 32 20 25 19 33 39 25 27 21 25 30 44 42 35 60 33 48 63 44 64 25 60 30 62 28 31 42 43 48 42 53 44 44 32 56 55 47 22 10 18 22 20 26 26 25 24 23 33 21 15 13 24 32 36 35 43 41 32 52 45 51 71 73 68 64 83 73 67 61 70 25 20 10 31 35 13 6 11 5 2 1 1 1 0 0 0 0 0 0 0 0 0
34 56 55 69 19 63 50 14 42 41 40 32 60 33 46 47 45 36 37 36 31 54 36 50 37 32 44 36 29 49 42 39 45 46 47 37 39 30 43 61 43 40 38 43 47 24 30 23 39 47 44 53 36 22 33 34 39 51 38 44 61 48 65 67 61 72 55 73 36 52 77 75 69 53 67 47 28 8 4 10 6 3 6 4 2 1 1 2 1 0 0 0 0 0 0 0
68 51 23 29 55 37 18 41 44 54 32 53 31 30 61 39 41 15 36 40 45 14 32 46 32 26 35 17 25 23 19 42 39 64 27 30 23 44 47 20 28 43 20 25 23 31 17 29 46 62 54 50 42 38 36 55 48 59 58 48 57 67 64 68 65 74 54 47 71 35 65 68 45 59 67 73 51 41 35 17 11 5 1 1 2 2 1 1 0 0 0 0 0 0 0 0
46 78 43 41 17 31 24 43 41 51 56 27 29 51 56 63 65 25 31 55 39 31 12 24 40 13 31 24 22 14 15 45 48 32 22 30 25 28 58 36 23 36 20 61 32 27 41 25 56 63 52 48 46 43 42 46 68 60 59 73 74 82 74 58 65 32 44 36 36 40 25 51 29 37 56 62 62 74 49 28 25 27 19 7 1 1 1 1 0 0 0 0 0 0 0 0
24 26 22 20 45 54 29 36 52 60 53 29 41 30 19 22 17 21 30 44 58 30 31 16 30 22 22 14 16 27 32 46 32 27 29 17 32 46 58 44 26 29 38 66 26 52 32 40 53 74 45 46 48 44 45 51 71 76 62 71 82 59 43 71 71 61 45 24 15 5 9 9 14 15 32 45 38 45 51 27 40 24 14 3 2 1 1 1 1 0 0 0 0 0 0 0
23 19 36 31 32 49 53 31 25 54 23 22 34 34 60 28 47 27 39 26 43 35 29 28 22 35 42 17 21 21 42 25 27 39 12 12 20 62 36 34 21 36 41 54 44 45 46 52 65 60 42 57 48 46 62 47 68 82 82 62 70 73 32 19 15 22 28 40 31 18 7 5 2 5 10 25 18 37 53 15 23 40 12 5 3 1 1 1 1 0 0 0 0 0 0 0
21 54 37 23 18 31 36 27 24 17 27 23 27 49 36 30 35 48 35 32 23 60 29 49 25 37 58 19 17 30 15 17 49 32 23 45 33 70 15 11 23 49 50 57 56 38 42 45 60 41 67 71 57 62 62 59 66 70 71 49 50 62 35 28 56 69 73 52 47 27 20 23 5 2 3 13 10 26 41 25 12 10 8 4 2 2 1 1 1 0 0 0 0 0 0 0
26 45 34 29 26 33 34 39 13 7 16 21 36 22 29 31 26 53 34 19 18 24 30 22 16 39 44 25 30 29 17 24 40 22 11 24 28 45 28 26 33 48 71 72 43 43 62 54 60 57 75 80 63 81 74 86 73 67 74 46 35 16 62 57 23 49 66 54 58 54 47 21 8 6 2 2 2 5 20 8 5 2 1 2 1 1 0 0 0 0 0 0 0 0 0 0
46 13 19 36 12 27 20 5 9 4 7 6 9 20 40 23 13 24 46 24 21 13 12 20 10 26 20 23 34 26 7 9 13 24 24 15 46 36 21 33 43 61 79 89 82 76 63 75 68 38 77 59 85 75 72 76 44 54 73 78 32 28 21 74 35 26 43 57 45 38 56 48 48 16 8 2 1 0 1 0 1 1 0 1 1 0 0 0 0 0 0 0 0 0 0 0
6 9 18 14 15 9 8 3 3 17 33 3 8 14 14 22 23 20 32 25 20 22 19 21 7 7 17 19 12 8 3 4 4 49 52 57 74 77 83 81 81 88 76 86 81 87 78 40 69 68 47 44 61 66 68 70 45 70 74 61 57 39 16 43 68 25 7 21 46 60 46 35 14 10 13 8 2 1 1 0 1 1 1 0 1 1 0 0 0 0 0 0 0 0 0 0
4 9 10 6 6 4 15 43 60 20 22 46 44 9 7 20 10 12 16 6 14 6 6 7 9 6 17 25 43 7 3 13 11 6 19 59 71 74 80 81 71 80 77 72 81 86 83 56 41 45 81 62 30 57 26 31 32 70 84 67 51 42 27 22 77 34 29 12 23 35 61 10 4 7 8 11 6 4 3 1 1 0 0 0 0 1 0 0 0 0 0 0 0 0 0 0
13 14 18 25 23 36 51 38 35 39 43 22 35 21 15 10 6 6 6 7 3 4 20 38 54 54 22 10 32 10 3 29 33 18 21 26 31 67 71 82 67 45 60 58 67 83 88 88 46 44 61 65 48 25 44 17 44 53 75 70 22 32 25 13 73 46 19 13 10 46 49 61 20 12 7 3 2 1 1 1 1 1 0 0 0 0 0 0 0 0 0 0 0 0 0 0
30 37 29 62 46 51 55 66 68 64 48 41 57 27 23 8 6 7 3 7 5 5 3 7 17 31 43 35 14 16 11 11 35 30 9 20 38 49 59 72 71 42 27 43 59 80 86 83 88 84 37 48 40 34 18 15 25 49 65 70 22 23 27 19 38 79 45 22 8 4 5 16 6 7 3 9 5 1 1 0 0 0 1 0 0 0 0 0 0 0 0 0 0 0 0 0
27 48 52 65 66 60 72 59 79 67 47 73 66 37 68 54 49 24 8 2 2 3 2 3 5 9 17 43 9 7 11 12 35 24 41 32 20 20 11 9 52 63 29 42 38 48 65 65 82 87 81 50 47 58 31 35 19 50 67 56 59 18 29 21 12 66 80 43 22 5 2 3 14 7 4 3 4 4 1 1 0 0 0 1 0 0 0 0 0 0 0 0 0 0 0 0
8 13 37 65 75 63 84 81 81 78 71 76 56 73 82 73 54 32 49 18 11 6 9 9 10 22 40 22 11 14 13 30 49 36 38 46 36 32 25 22 18 31 27 28 19 38 69 48 64 76 86 54 41 35 43 35 6 33 53 51 50 31 18 15 6 44 63 59 27 18 2 1 8 15 5 1 1 1 1 0 1 0 0 0 0 0 0 0 0 0 0 0 0 0 0 0
16 16 26 69 72 75 74 60 57 79 87 69 82 83 83 73 57 63 54 49 32 6 16 24 39 71 63 20 8 17 20 23 28 39 27 38 39 41 48 28 18 20 16 14 25 32 48 45 15 56 73 80 35 24 28 12 10 6 24 29 63 54 8 9 17 22 25 49 10 15 9 1 1 6 4 2 1 1 1 1 1 0 0 0 0 0 0 0 0 0 0 0 0 0 0 0
12 13 14 18 18 19 40 47 45 17 41 76 90 84 82 54 58 80 66 50 63 16 20 13 9 16 51 68 26 8 20 20 32 47 40 31 42 40 56 35 39 50 37 28 19 11 46 45 33 23 46 65 46 19 7 6 16 6 9 23 22 20 12 8 8 13 6 43 8 9 5 5 1 2 3 4 2 2 1 1 1 0 0 0 0 0 0 0 0 0 0 0 0 0 0 0
7 16 27 53 35 47 72 42 39 29 36 21 63 84 86 71 70 75 57 60 44 67 37 32 32 19 8 16 26 13 5 24 30 55 32 35 19 27 51 42 39 32 26 25 37 29 25 9 22 45 23 30 7 8 4 10 8 12 8 8 19 23 15 9 3 3 3 22 25 4 1 3 3 1 1 1 2 1 1 0 0 0 0 0 0 0 0 0 0 0 0 0 0 0 0 0
8 20 13 11 22 19 20 31 37 31 18 12 16 40 64 78 78 42 18 25 30 64 43 58 47 36 26 8 9 23 11 56 45 26 61 40 39 42 48 31 35 54 53 44 47 28 30 15 13 10 43 22 18 10 6 5 8 9 6 6 13 25 12 6 5 3 5 13 25 10 3 1 4 2 1 0 0 1 1 1 0 0 0 0 0 0 0 0 0 0 0 0 0 0 0 0
24 6 14 26 32 36 27 24 31 35 44 31 50 29 26 32 43 30 28 42 70 30 30 51 69 71 22 20 13 56 31 34 67 52 69 29 73 43 36 32 38 36 34 41 32 30 29 17 14 13 10 15 9 10 11 7 5 7 3 1 3 5 9 7 7 5 3 5 7 9 3 3 4 1 2 1 0 1 1 0 0 0 0 0 0 0 0 0 0 0 0 0 0 0 0 0
47 22 36 28 24 46 26 39 55 43 29 32 21 40 48 36 35 31 27 44 30 61 47 36 18 37 48 49 59 12 16 50 48 16 39 36 20 57 33 33 36 44 22 27 14 15 13 17 18 16 7 3 13 15 9 12 6 4 4 4 2 3 9 3 3 3 2 2 4 8 2 2 1 1 1 1 0 0 0 0 0 0 0 0 0 0 0 0 0 0 0 0 0 0 0 0
66 56 14 15 44 21 46 70 42 28 42 33 36 60 21 37 30 29 26 23 36 50 43 40 33 21 27 32 18 26 13 46 39 40 46 56 18 25 50 20 25 41 32 38 33 11 14 15 10 14 4 7 2 5 4 14 4 4 3 5 3 3 1 1 1 0 0 1 1 1 1 0 1 1 1 1 1 0 0 0 0 0 0 0 0 0 0 0 0 0 0 0 0 0 0 0
65 58 82 27 23 49 15 20 46 54 35 46 32 50 19 48 43 40 37 45 54 61 43 26 37 36 29 34 54 56 45 14 10 17 42 33 32 10 49 44 39 30 13 17 25 23 13 6 11 13 7 2 11 6 3 11 6 2 3 1 1 2 1 1 0 0 0 0 1 1 1 0 0 1 1 1 1 0 1 0 0 0 0 0 0 0 0 0 0 0 0 0 0 0 0 0
58 61 75 61 22 20 49 25 11 23 40 28 21 29 34 36 26 19 29 42 44 47 78 55 42 41 34 31 58 68 49 30 12 26 48 43 57 29 9 50 29 38 34 26 13 10 13 15 10 10 4 1 2 1 1 3 2 2 2 1 1 2 1 1 1 0 0 0 0 0 1 0 1 1 1 1 1 1 0 0 0 0 0 0 0 0 0 0 0 0 0 0 0 0 0 0
54 65 81 68 74 39 14 63 26 25 60 27 39 29 18 43 23 30 29 25 20 35 63 54 43 44 39 33 44 67 74 48 27 22 58 58 62 40 17 25 68 26 21 49 27 25 15 17 14 5 2 1 1 1 1 1 2 1 1 0 0 0 1 1 0 0 0 0 0 0 0 0 0 0 0 0 0 1 0 0 0 0 0 0 0 0 0 0 0 0 0 0 0 0 0 0
60 53 51 72 50 57 56 25 66 37 52 67 54 62 45 25 30 23 34 56 31 44 68 65 44 43 41 28 19 21 62 54 38 28 23 62 45 32 26 14 19 50 12 13 12 13 13 16 24 9 11 3 1 1 1 0 1 1 0 2 1 0 0 0 0 0 0 0 0 0 0 0 0 0 0 0 0 0 0 0 0 0 0 0 0 0 0 0 0 0 0 0 0 0 0 0
32 69 64 75 61 69 69 59 40 29 24 22 34 26 23 50 43 30 47 24 61 29 69 79 44 45 45 26 14 5 13 36 54 38 14 39 52 20 46 36 23 12 34 34 16 14 20 11 14 5 12 3 1 1 1 1 1 0 0 1 1 0 0 0 0 0 0 0 0 0 0 0 0 0 0 0 0 0 0 0 0 0 0 0 0 0 0 0 0 0 0 0 0 0 0 0
19 24 20 33 37 22 21 20 35 36 49 48 49 55 22 24 51 51 44 48 35 29 60 82 66 59 52 47 28 7 6 8 41 29 31 31 50 18 44 47 31 12 10 29 19 22 13 9 11 3 1 1 2 1 1 1 0 0 0 0 0 0 0 0 0 0 0 0 0 0 0 0 0 0 0 0 0 0 0 0 0 0 0 0 0 0 0 0 0 0 0 0 0 0 0 0
29 44 36 21 27 38 29 31 40 62 30 61 43 30 35 42 35 22 28 46 27 73 43 65 72 58 61 52 48 21 8 9 5 17 30 32 39 18 42 23 30 28 17 12 22 12 11 16 11 5 3 1 1 1 1 0 0 0 0 0 0 0 0 0 0 0 0 0 0 0 0 0 0 0 0 0 0 0 0 0 0 0 0 0 0 0 0 0 0 0 0 0 0 0 0 0
47 31 53 29 38 58 40 43 42 58 29 41 35 20 30 63 47 47 32 32 62 49 34 28 74 50 23 17 15 9 11 4 9 4 8 12 68 45 21 35 21 10 17 17 9 15 7 6 15 9 7 2 1 1 0 0 0 0 0 0 0 0 0 0 0 0 0 0 0 0 0 0 0 0 0 0 0 0 0 0 0 0 0 0 0 0 0 0 0 0 0 0 0 0 0 0
40 37 37 35 23 34 33 26 29 33 48 49 35 19 32 38 30 42 47 71 50 32 37 57 74 66 33 24 22 22 18 17 6 9 10 6 4 5 13 17 12 21 8 14 10 16 14 6 14 6 6 4 2 1 0 0 0 0 0 0 0 1 1 1 0 0 0 0 0 0 0 0 0 0 0 0 0 0 0 0 0 0 0 0 0 0 0 0 0 0 0 0 0 0 0 0
30 28 29 23 26 23 33 31 20 15 26 24 18 43 41 39 27 49 34 28 31 29 15 9 16 17 14 20 41 40 21 41 29 9 6 4 5 5 4 12 9 20 13 6 16 8 12 7 5 2 3 2 1 1 0 0 0 0 1 1 1 1 1 1 0 0 0 0 0 0 0 0 0 0 0 0 0 0 0 0 0 0 0 0 0 0 0 0 0 0 0 0 0 0 0 0
36 26 25 10 15 21 36 45 69 65 59 20 25 43 30 23 30 43 54 42 45 22 27 23 15 18 46 25 27 39 49 33 18 17 16 3 2 2 4 6 6 9 11 14 11 9 5 3 8 2 2 1 1 0 0 1 0 1 1 1 2 1 1 1 1 0 0 1 1 0 0 0 0 0 0 0 0 0 0 0 0 0 0 0 0 0 0 0 0 0 0 0 0 0 0 0
11 14 11 10 28 29 25 39 73 74 65 71 49 24 34 50 36 43 43 22 18 19 44 30 29 29 44 18 8 26 21 13 5 10 15 8 3 3 6 4 2 4 3 4 5 5 5 2 3 2 1 0 1 1 1 1 1 2 2 2 1 2 2 1 3 1 1 1 1 1 0 0 0 0 0 0 0 0 0 0 0 0 0 0 0 0 0 0 0 0 0 0 0 0 0 0
10 12 28 24 45 30 55 42 17 28 66 68 63 71 74 61 82 57 44 42 18 9 34 26 26 36 20 18 11 9 20 22 19 13 18 7 5 11 14 4 2 9 4 5 3 1 4 1 1 1 1 1 2 3 3 4 2 2 2 2 2 4 4 5 4 2 1 1 1 1 0 0 1 0 0 0 0 0 0 0 0 0 0 0 0 0 0 0 0 0 0 0 0 0 0 0
19 10 6 17 45 59 62 82 74 40 50 80 69 57 78 60 83 82 80 58 34 44 11 11 12 10 29 32 32 42 12 41 37 17 5 7 3 8 9 4 11 5 4 3 4 2 2 2 1 1 2 2 6 11 11 6 8 3 4 4 2 6 6 7 4 3 2 1 1 1 1 0 0 0 0 0 0 0 0 0 0 0 0 0 0 0 0 0 0 0 0 0 0 0 0 0
27 27 53 18 14 34 56 70 74 42 33 79 45 40 75 58 56 34 48 60 20 30 26 19 14 18 24 30 27 46 19 11 9 22 13 12 4 18 8 6 10 13 9 8 8 11 8 5 1 4 9 9 11 21 23 19 6 3 12 7 5 7 7 4 7 7 1 3 3 1 1 0 0 0 0 0 0 0 0 0 0 0 0 0 0 0 0 0 0 0 0 0 0 0 0 0
59 32 43 69 52 25 23 31 33 71 30 71 52 47 71 39 20 26 37 28 20 8 25 16 20 34 32 14 9 27 17 10 4 3 4 4 15 16 7 4 25 25 12 27 18 7 7 3 2 7 20 20 22 51 19 14 10 4 24 7 6 9 14 14 8 5 3 5 2 1 1 0 0 1 0 0 0 0 0 0 0 0 0 0 0 0 0 0 0 0 0 0 0 0 0 0
76 75 46 64 76 83 71 39 20 19 48 77 66 34 69 37 36 27 36 31 12 9 29 13 30 26 26 22 17 12 6 8 8 11 14 9 20 4 7 13 28 28 33 33 14 6 3 4 11 9 18 39 55 23 14 19 17 8 35 11 28 7 17 7 7 17 7 2 4 1 1 1 2 2 0 0 0 0 0 0 0 0 0 0 0 0 0 0 0 0 0 0 0 0 0 0
71 80 79 70 71 84 71 85 60 17 37 67 15 27 52 47 38 16 47 9 10 8 17 10 44 27 14 11 9 2 2 9 14 9 22 8 27 6 20 20 43 45 51 17 12 7 6 15 24 24 22 48 49 28 30 44 32 15 48 41 16 20 17 19 31 15 9 5 3 1 1 5 2 0 0 0 0 0 0 0 0 0 0 0 0 0 0 0 0 0 0 0 0 0 0 0
59 81 80 84 76 73 81 81 69 43 37 35 43 18 49 39 30 20 15 8 9 8 25 15 20 17 14 30 19 18 20 20 11 5 7 18 42 17 22 32 61 58 36 17 8 14 16 38 54 40 31 56 42 28 42 61 24 38 46 38 43 13 19 50 43 17 10 4 4 5 3 2 1 1 1 0 0 0 0 0 0 0 0 0 0 0 0 0 0 0 0 0 0 0 0 0
18 71 82 69 78 38 61 69 68 65 55 63 44 16 49 71 43 20 22 15 7 13 23 14 12 14 23 7 10 10 4 8 6 16 41 29 49 21 22 36 61 36 15 6 13 33 33 36 70 53 57 60 31 53 66 57 23 44 32 57 44 45 50 38 23 12 12 4 2 1 1 0 0 0 0 0 0 0 0 0 0 0 0 0 0 0 0 0 0 0 0 0 0 0 0 0
31 26 53 28 14 15 21 17 20 10 13 25 55 18 10 47 58 41 31 28 14 10 8 9 25 8 15 14 38 32 6 15 17 21 56 63 72 39 23 52 43 16 8 18 43 49 46 45 75 58 64 76 65 57 73 59 55 32 51 55 31 49 34 9 3 3 1 2 4 3 3 2 2 1 0 0 0 0 0 0 0 0 0 0 0 0 0 0 0 0 0 0 0 0 0 0
35 33 16 20 30 56 55 21 23 4 10 12 8 4 15 10 10 19 9 7 5 24 13 14 7 25 23 28 16 23 20 37 35 33 62 76 58 48 40 56 26 21 18 36 54 56 67 44 66 77 68 81 84 65 59 75 76 55 73 66 62 70 38 41 21 13 10 7 3 1 1 1 0 0 0 0 0 0 0 0 0 0 0 0 0 0 0 0 0 0 0 0 0 0 0 1
57 54 46 36 56 63 63 48 19 16 26 19 23 16 16 20 16 6 6 8 11 30 14 14 25 31 15 56 51 39 47 51 50 53 63 43 29 43 24 54 40 30 26 43 62 71 75 68 72 78 67 76 73 70 24 31 67 75 70 48 14 8 18 13 33 11 7 10 2 1 1 1 1 0 0 0 0 0 0 0 0 0 0 0 0 0 0 0 0 0 0 0 0 0 0 0
37 13 45 54 62 53 53 31 10 19 18 25 50 41 19 18 7 13 11 12 3 6 47 30 21 6 10 29 46 36 39 44 63 40 69 31 42 29 11 50 40 35 46 64 66 79 79 63 80 86 62 40 40 28 15 13 39 48 37 16 21 13 10 15 9 6 4 2 4 1 1 1 0 0 0 0 0 0 0 0 0 0 0 0 0 0 0 0 0 0 0 0 0 0 0 0
