sesion_6_simulaciones/modelos_distribucion_especies/ejemplo/variables/futuro_B2/2100/PA.asc
ncols 708
nrows 329
xllcorner -7.525000
yllcorner 35.991667
cellsize 0.008333
NODATA_value -9999
[rows 168 to 209 of 329, columns 376 to 469 of 708]
476 486 502 535 570 600 596 574 567 581 562 550 542 559 547 539 545 546 529 532 502 492 477 461 474 469 475 466 463 489 511 513 516 535 556 555 541 548 520 524 504 518 507 503 484 478 472 467 450 424 393 363 347 340 350 362 358 344 325 328 352 361 353 344 341 348 365 403 409 434 431 430 423 408 385 394 411 427 431 424 421 417 411 411 419 421 421 423 425 421 413 410 417 419
455 478 493 498 512 517 527 537 504 545 550 537 530 533 532 547 527 520 513 505 489 479 465 458 447 454 462 483 474 491 533 551 559 549 542 534 526 524 508 509 501 501 503 505 480 478 485 466 442 408 371 345 340 350 351 391 366 368 349 341 355 356 367 349 352 352 352 381 406 413 403 390 390 383 378 377 401 413 414 413 409 403 407 401 411 412 413 415 411 416 413 413 415 408
452 460 473 480 478 472 478 483 507 505 493 508 526 532 511 497 494 481 482 481 475 475 457 448 460 456 457 506 511 524 541 549 563 553 523 515 512 511 501 505 509 511 513 519 508 500 499 472 450 393 352 368 356 357 374 392 394 381 335 327 339 355 371 346 362 347 362 356 375 375 372 372 376 371 374 379 391 402 411 408 406 402 405 396 406 404 404 401 396 399 401 408 414 422
451 456 460 451 445 452 457 465 472 483 484 504 528 506 493 481 461 479 483 488 485 489 450 465 442 462 498 517 516 532 544 586 558 545 523 519 515 487 512 518 535 538 552 525 526 513 495 473 461 399 374 360 373 378 409 403 418 375 328 321 328 332 353 345 354 332 355 356 371 384 380 372 372 380 373 375 395 404 406 410 408 403 393 394 394 397 392 390 386 387 392 399 405 412
433 430 434 434 431 435 448 446 468 470 487 497 498 487 466 477 477 500 498 507 499 488 460 464 461 498 492 498 500 510 530 535 553 545 530 528 516 512 495 527 544 565 549 541 520 517 520 480 446 385 383 355 370 375 402 426 406 366 340 323 328 328 332 332 339 336 354 365 379 380 383 376 378 373 369 374 382 403 394 410 402 397 384 387 384 385 380 381 378 379 388 396 403 407
413 408 406 408 411 416 428 442 445 467 485 475 474 472 479 494 488 521 513 516 510 469 444 458 465 482 478 474 484 489 526 528 540 521 531 528 523 482 482 509 517 550 555 525 505 507 498 480 440 395 373 371 361 392 416 427 413 376 344 323 335 331 334 334 337 363 367 375 386 391 393 385 381 386 353 370 379 388 389 395 387 385 372 375 371 371 365 366 364 374 379 392 401 410
388 396 398 401 404 408 415 433 446 451 464 467 470 465 484 493 506 509 511 511 495 478 438 441 438 456 446 450 476 483 520 530 528 526 514 519 494 495 463 517 537 535 533 512 462 457 475 446 425 369 364 353 366 375 390 398 417 365 342 338 334 340 335 356 359 364 377 387 393 390 387 386 380 384 366 365 372 380 383 383 374 371 364 357 354 353 353 354 358 368 385 387 391 401
407 411 407 412 407 407 404 424 439 445 441 437 437 471 486 459 472 486 483 490 479 471 425 457 424 447 440 457 479 498 500 507 492 499 487 496 485 447 470 487 512 527 510 489 448 448 446 431 405 371 358 346 365 364 369 391 377 361 354 361 361 368 345 362 382 380 380 378 382 385 374 366 363 361 356 363 366 368 368 365 359 355 351 342 344 342 341 343 357 358 374 381 392 401
424 452 437 431 422 419 415 416 421 419 425 420 437 426 430 450 445 440 462 466 460 458 445 412 433 433 452 477 489 488 487 471 463 459 461 448 444 448 460 473 488 500 486 475 448 432 429 414 393 382 364 351 361 372 372 372 371 372 373 378 383 376 383 380 377 370 373 359 359 353 349 347 343 342 344 344 347 349 348 356 359 356 347 340 338 335 336 340 347 353 366 378 383 387
476 462 468 459 422 420 431 426 412 410 412 408 416 413 412 408 411 410 419 428 426 432 428 426 424 452 470 479 482 485 463 453 450 449 460 452 449 446 432 459 462 450 454 452 438 424 400 401 391 381 372 366 365 370 377 380 378 380 386 389 385 379 382 368 369 355 346 337 331 324 321 320 320 322 323 328 330 343 349 360 384 370 361 341 340 335 329 330 339 349 356 377 380 385
477 478 457 458 440 433 451 432 437 418 419 408 407 417 414 416 411 415 418 412 407 414 417 444 448 471 476 492 489 483 465 457 459 458 471 459 452 442 433 435 437 430 431 415 415 407 388 392 392 385 361 360 367 371 376 380 378 385 385 387 389 382 374 365 355 341 333 323 315 308 305 304 304 307 310 313 316 323 344 360 374 378 348 337 338 321 322 318 325 333 342 353 365 370
479 490 483 451 461 452 458 449 451 435 418 417 421 430 445 440 436 438 418 414 418 413 422 437 453 482 497 492 506 495 481 468 451 467 458 463 435 425 410 413 423 415 405 407 399 390 380 375 376 370 366 363 364 367 370 373 380 381 384 387 388 382 374 361 347 332 323 310 303 297 293 292 292 294 297 300 301 302 309 330 341 327 317 322 305 315 302 303 311 320 331 340 349 358
489 485 476 475 469 469 460 456 433 423 421 420 448 466 474 452 454 442 435 430 418 426 422 430 458 482 484 500 506 498 485 469 476 455 461 446 435 407 396 403 399 404 402 388 386 379 369 368 368 371 359 366 366 362 372 372 372 378 378 380 378 377 365 351 338 323 310 300 292 286 281 280 281 282 285 287 288 288 288 290 280 291 287 289 288 286 286 292 300 309 318 328 340 350
481 488 477 472 483 476 459 446 431 414 416 437 461 484 474 474 451 441 436 433 429 428 412 409 429 451 479 484 490 487 479 473 463 467 450 438 419 397 396 386 383 383 380 375 370 368 361 362 355 360 349 361 362 356 357 367 367 365 362 365 359 353 352 335 323 310 298 288 281 275 271 270 271 272 274 276 277 276 275 273 271 268 267 268 270 271 275 282 292 301 313 323 333 345
481 484 487 485 479 462 451 448 423 422 434 448 478 474 477 454 449 439 435 430 423 416 427 425 422 441 459 468 473 465 468 466 474 446 447 423 408 397 386 379 375 371 367 365 362 359 355 355 355 346 352 342 342 349 346 351 349 347 344 342 337 333 320 312 304 297 286 276 270 265 263 262 262 264 265 267 267 266 265 263 261 259 257 258 260 263 269 276 285 297 308 319 331 341
477 487 489 497 487 477 455 435 442 433 459 450 474 470 459 444 444 436 433 425 421 416 415 403 408 424 444 451 453 465 472 472 459 446 429 417 402 391 381 375 371 366 362 361 360 358 355 355 354 350 345 347 341 345 342 336 332 318 314 320 315 309 302 296 289 281 273 268 263 259 257 256 256 258 259 259 260 260 258 257 255 253 253 253 255 259 265 273 282 293 304 316 327 337
474 495 497 500 485 470 450 431 440 446 452 469 467 457 447 445 438 436 430 428 416 418 399 418 410 397 407 437 444 448 463 479 478 446 426 407 394 382 377 371 368 363 360 360 359 357 354 349 354 349 345 341 336 333 322 315 315 311 305 300 296 292 289 283 277 272 268 264 259 257 255 253 254 254 255 255 255 255 254 253 252 251 251 251 254 258 263 271 281 290 301 311 322 333
480 478 491 496 489 467 453 439 440 443 448 458 451 449 444 440 430 439 425 431 413 405 405 405 397 389 398 408 435 453 465 434 450 431 419 409 383 377 374 370 366 363 362 360 365 356 350 354 351 349 342 339 333 331 323 321 308 301 289 300 289 284 281 277 276 272 266 263 257 259 256 256 255 254 254 253 253 253 252 251 251 251 251 252 255 257 266 272 280 290 299 309 318 327
488 495 498 504 492 467 454 446 437 445 446 442 446 439 443 444 427 429 426 423 409 413 398 388 394 392 388 398 395 416 422 432 415 407 403 389 381 373 381 377 367 370 374 370 367 362 351 353 342 342 341 338 332 325 320 312 309 302 299 293 285 284 280 277 274 270 267 265 260 263 262 259 260 258 258 256 254 252 253 252 252 252 253 255 257 262 267 273 280 288 297 305 313 321
489 497 502 504 488 469 461 447 447 448 446 439 442 437 440 432 429 433 421 410 419 394 402 392 396 398 398 399 393 387 386 387 387 386 386 380 377 377 379 383 389 373 373 379 371 368 364 354 326 329 339 337 337 327 320 314 311 302 302 290 292 279 279 275 273 275 271 267 272 269 268 265 266 266 262 263 261 259 260 258 257 258 258 259 262 264 269 274 280 287 294 301 308 314
486 488 500 513 487 479 455 448 450 442 440 440 442 437 431 443 436 412 420 416 400 399 390 403 410 427 441 429 420 421 405 394 388 385 388 379 382 382 379 391 387 392 383 387 375 374 372 367 362 348 349 341 340 337 328 319 317 308 313 294 293 289 282 279 281 277 276 280 277 278 277 276 276 275 274 277 266 266 271 265 270 263 264 265 268 268 272 276 281 286 292 297 303 308
481 473 477 481 484 464 446 448 445 443 448 442 437 432 428 433 428 430 425 420 406 391 401 426 458 488 496 496 486 435 433 398 393 383 399 395 387 388 382 390 393 398 396 392 393 385 385 378 369 352 346 339 337 346 338 331 326 317 309 307 295 297 291 285 284 284 277 279 283 283 285 285 288 288 285 282 284 282 274 279 271 269 268 273 272 274 275 280 283 287 291 295 300 304
452 459 468 467 455 455 445 444 444 447 437 437 432 437 437 442 435 431 417 412 396 404 420 453 504 545 555 534 510 481 432 405 396 401 401 411 408 403 396 389 404 412 409 402 400 394 388 388 378 366 349 342 345 340 341 339 334 326 320 310 301 299 298 293 287 286 285 281 286 292 293 294 298 297 289 290 287 281 286 274 278 281 275 278 276 280 280 282 285 289 292 295 298 301
439 453 440 456 450 431 444 440 441 439 442 435 440 440 436 434 435 422 415 400 412 409 437 483 531 567 560 555 524 482 444 409 415 416 420 418 425 412 411 403 404 411 421 413 409 403 399 395 377 372 361 358 347 342 342 344 341 333 327 320 317 310 301 302 294 293 290 290 292 292 298 298 301 310 301 295 302 290 280 288 286 290 284 287 287 286 285 285 288 291 294 296 298 299
427 438 449 440 444 443 435 437 436 438 437 440 444 441 442 424 424 420 412 402 412 421 444 488 534 580 602 575 578 493 480 444 469 450 465 456 436 427 418 413 405 414 422 427 419 414 407 402 382 377 373 374 357 350 337 339 348 343 333 329 327 321 313 312 303 304 297 298 293 294 296 299 309 311 310 315 309 304 282 289 288 295 295 292 291 296 292 291 290 293 297 298 299 300
432 457 435 452 431 433 432 432 429 427 433 434 442 441 437 425 432 420 408 408 417 432 460 498 548 583 630 622 592 551 520 496 508 538 517 489 468 450 436 423 413 408 424 435 434 430 421 413 391 384 388 388 377 357 348 345 355 360 345 339 333 332 323 321 311 308 306 300 298 299 295 298 303 308 313 319 319 314 292 296 295 302 308 309 307 302 295 292 294 295 298 302 302 305
452 454 475 437 422 414 418 424 430 429 434 434 442 444 445 432 430 422 414 417 424 443 474 534 587 613 639 643 614 573 570 564 590 586 570 527 506 473 461 443 426 419 429 438 446 442 438 423 399 393 394 396 385 367 357 338 338 348 360 353 340 340 335 340 328 322 309 309 307 299 296 296 300 302 310 313 318 320 310 298 301 302 311 316 307 307 298 294 296 298 299 302 305 308
453 461 439 421 416 420 421 418 420 428 434 443 446 452 445 437 445 429 419 417 444 464 500 542 573 614 644 650 645 607 609 595 613 616 579 548 519 504 478 456 422 410 423 430 450 455 443 418 413 391 416 403 401 386 349 354 350 372 354 352 349 350 350 343 337 336 328 312 309 301 300 299 297 299 300 305 307 314 299 296 299 302 314 310 311 304 299 298 298 298 300 303 307 311
437 441 418 414 405 417 411 412 414 420 429 439 439 440 445 452 446 431 443 455 492 513 538 578 593 625 641 660 670 635 629 619 621 613 589 559 543 517 495 464 450 433 424 445 459 458 454 420 418 422 422 414 404 388 367 357 372 369 362 360 353 357 351 349 346 333 334 324 315 308 303 302 300 296 298 300 300 300 296 288 288 289 294 299 305 304 294 302 303 300 304 309 311 317
403 409 388 404 398 400 402 401 405 413 421 432 436 450 450 457 463 455 459 484 534 552 575 603 623 636 657 676 667 660 627 640 631 611 603 579 576 544 530 503 469 431 442 449 462 462 448 425 419 415 429 427 410 392 373 370 369 385 381 369 359 355 360 351 349 340 333 331 323 314 308 304 303 301 300 300 300 294 295 292 285 291 289 295 295 300 304 302 304 306 305 314 316 315
401 401 400 390 391 393 392 393 399 408 419 426 438 450 479 502 490 478 478 521 565 582 600 619 646 668 666 679 681 670 659 645 630 636 621 612 599 586 550 504 477 457 453 469 472 464 446 431 417 421 432 443 426 419 382 370 372 386 386 379 372 364 365 361 357 346 340 332 322 318 311 308 305 304 303 301 300 299 298 295 291 294 296 293 295 301 303 303 306 307 310 316 320 320
394 373 382 380 381 383 385 391 400 416 422 443 463 500 523 551 543 509 500 542 586 627 636 641 646 663 681 690 685 678 661 651 644 639 629 634 613 600 557 506 466 459 477 497 485 464 439 422 421 416 440 442 443 429 400 373 372 364 383 388 380 377 368 368 357 348 341 337 327 320 315 312 309 308 306 305 306 302 309 291 301 297 288 289 290 297 301 305 307 316 318 326 327 332
372 376 371 368 371 379 386 396 411 428 450 471 505 557 608 616 544 537 528 577 638 659 674 675 678 685 687 687 683 674 665 651 641 629 633 605 602 575 551 508 487 494 494 498 495 478 463 450 422 419 424 442 449 438 421 383 365 363 382 387 388 384 379 372 364 356 349 334 333 326 322 319 313 316 315 316 313 311 311 303 296 290 291 289 291 295 297 307 308 314 321 332 336 345
380 369 362 364 374 381 394 407 427 454 474 510 545 605 628 642 614 588 587 637 679 722 731 730 711 708 708 706 693 673 674 654 647 629 611 600 589 566 544 534 518 498 510 514 517 502 486 467 435 426 422 433 440 448 428 393 371 366 376 384 401 389 386 376 370 352 352 341 338 331 331 324 321 320 326 329 323 320 314 310 299 298 295 297 293 301 300 304 307 317 334 353 368 379
376 362 357 361 381 393 400 428 450 480 514 550 587 623 649 661 654 648 676 703 732 783 789 771 760 739 733 708 702 695 685 669 658 639 615 588 571 559 542 531 513 522 522 527 521 512 498 479 451 426 417 428 452 455 434 412 377 376 373 403 400 390 392 383 373 361 356 348 343 338 335 334 334 336 333 341 340 332 325 315 308 297 307 303 308 303 305 301 306 314 327 358 383 402
366 356 368 375 384 400 420 449 484 525 562 602 640 682 705 755 752 746 753 752 794 798 823 805 792 771 747 736 710 719 690 684 672 653 614 587 566 541 536 525 522 523 523 520 508 504 494 479 452 428 428 441 444 458 441 413 381 373 392 410 397 407 398 389 381 378 363 358 351 347 349 345 348 329 343 353 353 345 327 332 313 315 324 324 320 317 312 306 296 299 314 346 353 390
355 359 366 372 392 411 444 479 525 580 633 679 729 793 851 855 870 858 841 839 837 866 857 842 834 793 774 739 735 716 696 706 683 667 650 596 556 547 544 526 528 526 517 518 504 498 486 460 453 441 442 447 453 465 448 420 386 373 401 413 422 416 407 396 384 380 371 362 362 362 362 368 369 361 359 361 356 349 347 332 343 323 331 334 331 321 311 297 295 293 295 297 322 345
357 359 373 385 406 438 481 532 587 648 708 774 851 935 967 973 968 961 945 925 900 899 901 874 848 823 798 757 733 710 716 695 672 651 617 605 572 554 547 542 529 525 520 515 505 490 479 465 451 454 459 466 479 471 454 424 397 385 393 405 408 415 404 403 389 384 379 370 386 378 383 383 370 372 364 361 350 346 339 332 339 338 340 333 328 321 314 308 296 284 287 285 288 297
370 375 383 411 438 484 539 606 681 759 831 898 972 1020 1033 1040 1036 1026 997 988 971 947 913 881 857 826 795 778 734 717 704 688 677 628 622 600 594 571 551 543 535 527 524 521 515 516 497 481 461 458 464 479 476 478 465 452 417 388 382 378 394 393 396 399 396 388 384 379 382 389 387 378 379 372 370 359 355 350 344 337 330 333 330 329 329 324 313 307 298 293 286 283 279 281
380 393 413 442 478 541 601 678 778 873 945 995 1027 1055 1080 1084 1080 1071 1057 1036 1003 986 940 904 846 820 799 764 725 698 694 682 660 639 609 597 587 575 569 554 543 545 537 532 525 530 515 498 473 470 471 483 488 481 480 464 445 410 380 376 368 378 382 381 380 384 387 392 390 380 377 378 376 372 373 360 362 348 342 342 335 332 328 327 314 313 309 305 300 287 291 284 286 278
416 426 445 479 520 576 654 744 839 936 1021 1045 1066 1088 1108 1123 1132 1121 1101 1078 1050 1028 974 914 863 835 771 737 704 678 673 659 643 619 603 596 591 586 576 565 560 564 549 548 553 536 525 505 489 486 488 487 499 501 496 486 463 428 396 370 361 359 358 367 373 380 386 397 393 389 379 379 375 375 373 369 362 360 356 345 341 337 335 335 335 324 313 299 293 289 282 284 265 274
440 456 489 526 564 618 690 772 883 1001 1042 1067 1068 1100 1108 1176 1187 1178 1143 1099 1085 1059 1031 962 906 843 782 725 688 665 648 640 634 610 600 605 607 608 596 587 573 566 568 570 559 553 541 520 509 489 488 495 502 497 500 489 469 436 400 379 358 354 352 350 352 363 371 374 373 371 372 364 368 371 372 378 376 371 362 353 348 350 345 334 334 325 300 304 285 284 279 276 273 273
