sesion_6_simulaciones/modelos_distribucion_especies/ejemplo/variables/futuro_B2/2100/PA.asc
ncols 708
nrows 329
xllcorner -7.525000
yllcorner 35.991667
cellsize 0.008333
NODATA_value -9999
[rows 210 to 251 of 329, columns 376 to 469 of 708]
487 515 563 599 636 666 738 811 895 964 1008 1032 1046 1080 1121 1159 1194 1182 1168 1114 1086 1051 1019 969 914 857 771 725 692 666 645 629 616 605 612 607 623 626 618 601 591 581 574 573 574 572 567 531 512 495 492 497 498 493 498 489 470 443 405 384 363 344 346 347 344 352 336 345 341 336 332 337 342 341 356 372 376 380 380 378 371 365 356 341 334 319 310 287 296 292 281 279 269 268
518 580 633 649 700 735 771 803 852 907 924 955 997 1048 1088 1116 1111 1151 1139 1102 1065 1007 932 925 891 826 790 722 693 670 650 635 622 612 606 619 615 633 617 610 593 588 592 583 588 583 573 551 512 520 499 487 497 495 489 489 471 455 420 380 367 349 340 335 334 327 327 314 302 308 310 316 314 320 333 356 370 381 389 385 395 384 376 362 349 338 308 306 297 300 293 299 289 281
555 620 638 666 696 720 744 760 782 811 841 888 932 972 1026 1032 1028 1040 1056 1038 984 915 860 822 787 799 753 752 725 699 670 649 635 626 617 607 597 595 590 598 597 583 589 581 581 580 573 553 542 530 516 505 490 489 489 482 475 447 414 390 376 359 338 330 327 322 304 299 300 305 299 299 302 306 326 345 352 387 390 401 409 410 418 409 356 335 337 317 316 302 302 294 296 286
557 598 608 630 623 651 659 685 707 721 770 791 816 887 922 917 903 906 916 913 875 816 770 743 728 734 740 734 713 696 695 662 669 651 631 616 608 598 598 591 592 588 581 582 581 582 575 573 558 556 531 511 492 490 485 478 466 448 410 392 382 363 349 336 330 317 311 301 295 293 295 278 300 312 336 347 368 382 391 401 410 419 420 404 398 372 350 330 324 316 304 307 287 282
536 537 543 560 568 577 598 615 630 656 664 684 724 759 783 793 787 779 783 774 745 711 697 694 694 692 691 695 685 711 692 662 652 655 653 632 624 607 625 626 612 601 593 589 583 576 580 577 565 548 535 516 499 494 490 477 463 441 421 399 388 374 355 354 338 344 324 314 299 296 307 308 313 318 332 349 369 395 402 409 414 415 427 409 388 377 341 320 314 301 298 278 264 263
476 492 501 511 515 520 516 541 556 567 559 594 618 652 657 667 677 689 685 660 642 636 637 644 655 661 654 651 653 662 665 635 619 621 623 653 631 654 674 664 647 637 613 602 593 590 585 576 568 551 540 523 511 512 493 493 472 443 428 414 398 386 364 373 355 343 354 337 318 315 310 313 300 323 338 351 376 391 405 411 424 420 416 410 390 353 333 311 299 283 270 268 266 243
444 449 456 466 474 469 483 475 481 488 486 523 527 564 565 591 601 608 609 596 569 561 580 589 597 606 610 603 609 636 621 613 596 607 600 630 659 685 717 719 732 681 667 651 623 612 604 591 570 565 548 537 526 533 533 512 489 462 440 422 408 396 387 388 368 363 359 361 337 338 319 327 335 356 349 365 386 398 408 422 426 426 422 397 407 374 341 316 295 283 263 267 246 235
409 424 426 434 443 450 443 437 436 429 431 438 460 485 496 505 522 539 550 539 517 508 514 525 541 547 563 572 577 592 601 581 566 580 590 629 645 701 735 773 786 776 746 730 659 649 613 592 582 591 587 580 559 553 571 563 526 505 460 431 421 421 400 399 367 362 365 375 361 366 341 363 353 356 362 395 385 410 429 430 431 435 421 419 391 370 345 302 305 315 286 283 278 269
386 400 408 421 434 436 435 430 409 397 404 394 401 421 437 442 451 475 478 472 480 474 480 472 486 496 509 524 534 562 553 543 545 554 609 610 684 738 747 807 815 845 779 781 725 683 645 633 607 617 622 635 567 619 587 615 579 526 496 450 431 432 411 401 404 401 378 384 388 381 384 382 394 404 403 398 426 427 432 436 439 423 434 410 392 368 369 358 347 350 334 343 338 350
368 384 393 398 417 417 424 416 395 399 368 365 383 381 384 393 405 421 421 445 455 454 445 435 449 452 472 494 498 512 519 521 523 567 609 694 687 752 772 791 823 813 795 772 740 717 654 665 634 659 684 668 632 627 673 643 618 573 529 484 454 462 422 435 424 426 416 400 398 421 399 410 411 426 429 437 429 448 446 450 448 437 417 415 403 394 362 377 383 393 392 395 392 412
372 379 377 395 395 411 420 394 387 375 387 350 354 316 339 345 372 369 381 389 408 428 430 422 424 430 446 450 472 473 487 497 521 548 586 629 687 678 728 740 748 753 731 745 731 696 707 687 665 700 691 692 663 633 668 654 644 578 525 525 511 503 439 449 437 435 431 434 447 417 436 421 434 446 465 456 455 476 454 467 468 455 432 429 403 401 410 408 418 403 409 421 448 466
373 388 415 395 421 405 415 380 379 374 371 328 318 309 309 308 325 337 349 361 386 402 400 407 401 414 418 430 438 442 451 481 507 506 520 557 603 627 669 678 654 664 617 658 660 650 663 670 664 639 654 633 622 643 643 643 641 566 540 539 533 487 482 449 466 453 471 432 435 444 463 456 458 472 479 487 480 489 483 485 483 480 455 442 431 420 416 399 394 396 405 419 449 464
428 417 410 420 435 407 410 381 363 349 359 332 309 307 299 302 307 317 333 345 365 378 398 404 397 388 402 400 412 418 436 446 443 473 461 485 508 554 569 590 570 606 577 568 612 594 620 608 571 554 599 562 578 557 576 592 589 560 564 562 540 507 478 450 478 501 494 481 477 467 476 460 459 487 490 509 498 501 497 506 503 489 471 475 462 456 437 405 398 390 410 416 440 413
445 433 426 437 420 411 407 363 365 341 333 336 313 302 279 283 301 321 307 332 371 383 403 407 403 389 388 389 385 390 398 402 429 414 422 443 478 492 507 512 517 523 511 522 519 556 520 526 515 495 532 506 534 524 545 580 563 570 591 602 531 534 505 511 545 547 533 509 484 486 506 498 493 507 487 478 494 468 486 479 488 503 490 501 476 449 471 435 420 396 385 392 412 413
443 436 443 434 435 431 383 358 345 350 331 304 295 285 279 289 316 303 334 334 355 358 383 405 426 403 386 387 368 375 363 380 401 391 396 422 429 457 456 464 471 471 474 495 481 495 488 489 482 471 498 482 508 496 526 542 553 515 573 566 565 555 523 556 573 569 579 564 547 533 547 510 503 499 479 483 457 446 461 483 483 493 466 475 457 469 452 437 427 398 363 380 370 384
413 426 436 447 442 437 405 392 364 333 315 285 292 297 301 321 338 364 349 334 335 351 383 396 427 417 393 383 352 346 356 335 370 364 392 390 413 428 452 457 448 449 449 449 467 466 452 430 419 449 472 470 504 488 487 443 486 503 471 492 489 530 551 574 548 570 545 551 612 566 571 546 521 508 497 474 435 439 472 472 473 476 492 458 435 446 468 481 454 415 390 376 385 351
407 422 433 442 458 447 402 402 366 337 321 284 304 294 332 329 340 365 329 342 329 343 348 375 397 391 392 369 377 356 338 337 331 365 369 380 392 406 420 427 425 437 434 451 432 438 427 403 403 423 428 487 466 474 456 431 435 433 447 469 470 511 561 521 510 493 546 600 629 629 613 594 547 536 502 485 484 430 444 482 508 508 469 475 441 412 444 459 490 442 424 415 383 378
400 425 425 467 452 453 414 400 368 330 317 307 313 322 324 331 320 313 323 307 319 317 322 346 349 356 362 380 380 363 332 331 327 368 368 360 383 383 398 398 397 422 403 438 439 431 413 390 402 414 447 485 478 432 417 399 423 448 430 407 445 491 490 468 461 458 541 573 623 632 626 617 590 569 517 502 451 414 452 440 470 494 479 439 366 395 441 467 485 500 441 466 439 395
421 456 455 456 435 442 401 390 383 350 332 334 332 341 331 320 318 305 323 328 330 323 319 325 322 320 334 347 345 352 331 329 328 353 365 393 397 406 413 417 407 420 424 429 436 418 398 381 385 395 413 446 416 419 401 398 400 421 393 392 420 456 422 399 432 456 534 569 578 607 613 610 602 519 489 502 474 471 439 417 450 430 442 411 383 378 426 465 490 512 494 448 469 436
415 461 462 469 433 439 393 379 357 347 340 349 334 360 335 294 299 307 307 317 310 326 316 320 319 325 319 320 332 337 330 329 336 357 383 412 414 417 424 423 417 395 415 424 426 405 367 394 390 382 392 394 408 373 391 392 429 430 420 397 389 443 409 429 409 467 532 552 531 572 601 588 584 561 495 500 507 506 494 437 385 392 402 380 362 367 401 414 447 475 473 458 450 446
411 444 442 459 420 423 393 394 367 374 365 367 351 322 325 295 268 274 282 293 299 308 314 319 316 311 300 312 312 321 318 321 325 358 379 394 424 422 425 425 391 420 406 376 378 377 380 376 404 396 389 360 371 372 367 375 380 415 410 389 372 432 395 417 439 423 449 519 560 608 592 579 552 527 494 473 445 473 446 435 414 396 374 355 355 339 336 344 382 394 397 382 412 422
404 402 427 394 385 379 382 369 379 359 367 364 360 324 275 261 264 252 251 255 274 288 289 298 306 303 304 303 302 307 312 317 325 340 356 369 380 394 383 404 397 397 395 386 360 364 352 371 378 393 371 362 362 352 361 360 376 391 364 387 361 348 350 378 390 412 455 474 527 552 571 528 476 485 431 429 424 411 418 411 431 421 393 391 348 330 306 309 324 332 348 350 354 352
393 381 379 346 344 339 366 375 346 331 350 331 321 276 274 264 267 252 264 269 279 292 300 289 294 290 295 302 303 306 311 315 324 329 341 356 361 367 369 370 386 407 363 340 343 363 365 372 360 362 368 371 356 357 349 351 341 334 344 334 321 331 358 358 368 393 427 459 484 517 471 458 440 433 417 425 404 393 367 401 374 412 401 399 364 313 294 261 308 313 307 299 281 296
369 358 361 323 330 336 346 328 316 305 295 282 252 278 258 263 259 276 256 273 271 284 288 272 286 293 292 293 307 303 307 316 320 328 334 342 350 347 351 350 351 358 358 335 346 360 360 353 327 350 366 369 347 358 335 348 312 318 315 306 303 306 318 328 359 378 403 417 413 443 416 399 398 404 433 416 394 363 374 356 352 351 369 353 331 273 269 263 316 323 289 272 244 245
370 356 332 318 308 318 309 332 283 280 266 251 250 211 249 257 257 253 236 247 265 271 269 277 287 298 294 303 309 304 303 311 314 320 328 337 330 326 325 338 322 323 323 320 339 346 333 340 344 350 359 365 327 334 324 329 313 288 309 308 280 318 332 328 352 337 380 367 380 363 359 347 379 405 418 398 381 349 355 345 356 325 315 302 256 261 255 269 295 322 294 266 252 240
330 348 311 311 292 309 285 304 291 265 237 216 238 231 228 224 233 237 228 244 247 234 251 262 276 282 298 305 310 311 310 306 308 311 313 313 312 311 304 310 306 294 301 306 308 318 314 324 332 366 349 333 308 335 329 322 307 302 293 286 293 306 310 320 328 326 331 329 351 322 340 360 367 367 375 382 372 326 319 333 344 301 291 271 237 237 236 266 267 299 289 289 249 257
328 311 311 307 285 284 299 287 274 245 213 238 223 236 241 217 209 205 224 235 231 231 240 250 276 283 290 310 308 311 296 305 294 291 298 297 294 289 289 288 280 278 281 294 289 295 286 305 312 318 330 306 300 315 326 320 288 289 279 275 277 277 285 290 290 292 298 301 296 309 330 328 362 342 353 349 327 311 314 343 327 319 279 244 237 208 241 221 238 264 261 275 264 271
304 296 283 294 298 283 276 283 253 250 249 233 237 231 218 227 217 215 216 227 218 232 224 235 231 257 269 282 287 293 291 294 -9999 -9999 -9999 -9999 -9999 -9999 -9999 -9999 -9999 -9999 -9999 -9999 -9999 -9999 -9999 -9999 284 298 293 301 291 311 -9999 -9999 -9999 -9999 -9999 -9999 -9999 -9999 -9999 -9999 -9999 -9999 -9999 -9999 -9999 -9999 -9999 -9999 -9999 -9999 -9999 -9999 -9999 -9999 302 322 324 312 297 251 -9999 -9999 -9999 -9999 -9999 -9999 -9999 -9999 -9999 -9999
295 267 284 274 286 268 272 259 267 232 264 247 259 223 221 222 213 207 196 227 236 240 229 236 242 238 247 263 265 271 277 270 -9999 -9999 -9999 -9999 -9999 -9999 -9999 -9999 -9999 -9999 -9999 -9999 -9999 -9999 -9999 -9999 260 274 264 262 273 279 -9999 -9999 -9999 -9999 -9999 -9999 -9999 -9999 -9999 -9999 -9999 -9999 -9999 -9999 -9999 -9999 -9999 -9999 -9999 -9999 -9999 -9999 -9999 -9999 297 310 292 303 268 254 -9999 -9999 -9999 -9999 -9999 -9999 -9999 -9999 -9999 -9999
272 271 278 297 288 259 260 266 254 256 247 265 240 231 228 211 219 209 203 204 230 222 227 225 226 224 235 237 247 258 256 255 -9999 -9999 -9999 -9999 -9999 -9999 -9999 -9999 -9999 -9999 -9999 -9999 -9999 -9999 -9999 -9999 -9999 -9999 -9999 -9999 -9999 -9999 -9999 -9999 -9999 -9999 -9999 -9999 -9999 -9999 -9999 -9999 -9999 -9999 -9999 -9999 -9999 -9999 -9999 -9999 -9999 -9999 -9999 -9999 -9999 -9999 -9999 -9999 -9999 -9999 -9999 -9999 -9999 -9999 -9999 -9999 -9999 -9999 -9999 -9999 -9999 -9999
261 269 268 261 254 256 263 260 256 246 249 253 238 225 224 223 215 205 210 207 219 222 220 216 221 220 224 230 240 243 233 240 -9999 -9999 -9999 -9999 -9999 -9999 -9999 -9999 -9999 -9999 -9999 -9999 -9999 -9999 -9999 -9999 -9999 -9999 -9999 -9999 -9999 -9999 -9999 -9999 -9999 -9999 -9999 -9999 -9999 -9999 -9999 -9999 -9999 -9999 -9999 -9999 -9999 -9999 -9999 -9999 -9999 -9999 -9999 -9999 -9999 -9999 -9999 -9999 -9999 -9999 -9999 -9999 -9999 -9999 -9999 -9999 -9999 -9999 -9999 -9999 -9999 -9999
-9999 -9999 -9999 -9999 -9999 -9999 -9999 -9999 -9999 -9999 -9999 -9999 -9999 -9999 -9999 -9999 -9999 -9999 -9999 -9999 -9999 -9999 -9999 -9999 -9999 -9999 -9999 -9999 -9999 -9999 -9999 -9999 -9999 -9999 -9999 -9999 -9999 -9999 -9999 -9999 -9999 -9999 -9999 -9999 -9999 -9999 -9999 -9999 -9999 -9999 -9999 -9999 -9999 -9999 -9999 -9999 -9999 -9999 -9999 -9999 -9999 -9999 -9999 -9999 -9999 -9999 -9999 -9999 -9999 -9999 -9999 -9999 -9999 -9999 -9999 -9999 -9999 -9999 -9999 -9999 -9999 -9999 -9999 -9999 -9999 -9999 -9999 -9999 -9999 -9999 -9999 -9999 -9999 -9999
-9999 -9999 -9999 -9999 -9999 -9999 -9999 -9999 -9999 -9999 -9999 -9999 -9999 -9999 -9999 -9999 -9999 -9999 -9999 -9999 -9999 -9999 -9999 -9999 -9999 -9999 -9999 -9999 -9999 -9999 -9999 -9999 -9999 -9999 -9999 -9999 -9999 -9999 -9999 -9999 -9999 -9999 -9999 -9999 -9999 -9999 -9999 -9999 -9999 -9999 -9999 -9999 -9999 -9999 -9999 -9999 -9999 -9999 -9999 -9999 -9999 -9999 -9999 -9999 -9999 -9999 -9999 -9999 -9999 -9999 -9999 -9999 -9999 -9999 -9999 -9999 -9999 -9999 -9999 -9999 -9999 -9999 -9999 -9999 -9999 -9999 -9999 -9999 -9999 -9999 -9999 -9999 -9999 -9999
-9999 -9999 -9999 -9999 -9999 -9999 -9999 -9999 -9999 -9999 -9999 -9999 -9999 -9999 -9999 -9999 -9999 -9999 -9999 -9999 -9999 -9999 -9999 -9999 -9999 -9999 -9999 -9999 -9999 -9999 -9999 -9999 -9999 -9999 -9999 -9999 -9999 -9999 -9999 -9999 -9999 -9999 -9999 -9999 -9999 -9999 -9999 -9999 -9999 -9999 -9999 -9999 -9999 -9999 -9999 -9999 -9999 -9999 -9999 -9999 -9999 -9999 -9999 -9999 -9999 -9999 -9999 -9999 -9999 -9999 -9999 -9999 -9999 -9999 -9999 -9999 -9999 -9999 -9999 -9999 -9999 -9999 -9999 -9999 -9999 -9999 -9999 -9999 -9999 -9999 -9999 -9999 -9999 -9999
-9999 -9999 -9999 -9999 -9999 -9999 -9999 -9999 -9999 -9999 -9999 -9999 -9999 -9999 -9999 -9999 -9999 -9999 -9999 -9999 -9999 -9999 -9999 -9999 -9999 -9999 -9999 -9999 -9999 -9999 -9999 -9999 -9999 -9999 -9999 -9999 -9999 -9999 -9999 -9999 -9999 -9999 -9999 -9999 -9999 -9999 -9999 -9999 -9999 -9999 -9999 -9999 -9999 -9999 -9999 -9999 -9999 -9999 -9999 -9999 -9999 -9999 -9999 -9999 -9999 -9999 -9999 -9999 -9999 -9999 -9999 -9999 -9999 -9999 -9999 -9999 -9999 -9999 -9999 -9999 -9999 -9999 -9999 -9999 -9999 -9999 -9999 -9999 -9999 -9999 -9999 -9999 -9999 -9999
-9999 -9999 -9999 -9999 -9999 -9999 -9999 -9999 -9999 -9999 -9999 -9999 -9999 -9999 -9999 -9999 -9999 -9999 -9999 -9999 -9999 -9999 -9999 -9999 -9999 -9999 -9999 -9999 -9999 -9999 -9999 -9999 -9999 -9999 -9999 -9999 -9999 -9999 -9999 -9999 -9999 -9999 -9999 -9999 -9999 -9999 -9999 -9999 -9999 -9999 -9999 -9999 -9999 -9999 -9999 -9999 -9999 -9999 -9999 -9999 -9999 -9999 -9999 -9999 -9999 -9999 -9999 -9999 -9999 -9999 -9999 -9999 -9999 -9999 -9999 -9999 -9999 -9999 -9999 -9999 -9999 -9999 -9999 -9999 -9999 -9999 -9999 -9999 -9999 -9999 -9999 -9999 -9999 -9999
-9999 -9999 -9999 -9999 -9999 -9999 -9999 -9999 -9999 -9999 -9999 -9999 -9999 -9999 -9999 -9999 -9999 -9999 -9999 -9999 -9999 -9999 -9999 -9999 -9999 -9999 -9999 -9999 -9999 -9999 -9999 -9999 -9999 -9999 -9999 -9999 -9999 -9999 -9999 -9999 -9999 -9999 -9999 -9999 -9999 -9999 -9999 -9999 -9999 -9999 -9999 -9999 -9999 -9999 -9999 -9999 -9999 -9999 -9999 -9999 -9999 -9999 -9999 -9999 -9999 -9999 -9999 -9999 -9999 -9999 -9999 -9999 -9999 -9999 -9999 -9999 -9999 -9999 -9999 -9999 -9999 -9999 -9999 -9999 -9999 -9999 -9999 -9999 -9999 -9999 -9999 -9999 -9999 -9999
-9999 -9999 -9999 -9999 -9999 -9999 -9999 -9999 -9999 -9999 -9999 -9999 -9999 -9999 -9999 -9999 -9999 -9999 -9999 -9999 -9999 -9999 -9999 -9999 -9999 -9999 -9999 -9999 -9999 -9999 -9999 -9999 -9999 -9999 -9999 -9999 -9999 -9999 -9999 -9999 -9999 -9999 -9999 -9999 -9999 -9999 -9999 -9999 -9999 -9999 -9999 -9999 -9999 -9999 -9999 -9999 -9999 -9999 -9999 -9999 -9999 -9999 -9999 -9999 -9999 -9999 -9999 -9999 -9999 -9999 -9999 -9999 -9999 -9999 -9999 -9999 -9999 -9999 -9999 -9999 -9999 -9999 -9999 -9999 -9999 -9999 -9999 -9999 -9999 -9999 -9999 -9999 -9999 -9999
-9999 -9999 -9999 -9999 -9999 -9999 -9999 -9999 -9999 -9999 -9999 -9999 -9999 -9999 -9999 -9999 -9999 -9999 -9999 -9999 -9999 -9999 -9999 -9999 -9999 -9999 -9999 -9999 -9999 -9999 -9999 -9999 -9999 -9999 -9999 -9999 -9999 -9999 -9999 -9999 -9999 -9999 -9999 -9999 -9999 -9999 -9999 -9999 -9999 -9999 -9999 -9999 -9999 -9999 -9999 -9999 -9999 -9999 -9999 -9999 -9999 -9999 -9999 -9999 -9999 -9999 -9999 -9999 -9999 -9999 -9999 -9999 -9999 -9999 -9999 -9999 -9999 -9999 -9999 -9999 -9999 -9999 -9999 -9999 -9999 -9999 -9999 -9999 -9999 -9999 -9999 -9999 -9999 -9999
-9999 -9999 -9999 -9999 -9999 -9999 -9999 -9999 -9999 -9999 -9999 -9999 -9999 -9999 -9999 -9999 -9999 -9999 -9999 -9999 -9999 -9999 -9999 -9999 -9999 -9999 -9999 -9999 -9999 -9999 -9999 -9999 -9999 -9999 -9999 -9999 -9999 -9999 -9999 -9999 -9999 -9999 -9999 -9999 -9999 -9999 -9999 -9999 -9999 -9999 -9999 -9999 -9999 -9999 -9999 -9999 -9999 -9999 -9999 -9999 -9999 -9999 -9999 -9999 -9999 -9999 -9999 -9999 -9999 -9999 -9999 -9999 -9999 -9999 -9999 -9999 -9999 -9999 -9999 -9999 -9999 -9999 -9999 -9999 -9999 -9999 -9999 -9999 -9999 -9999 -9999 -9999 -9999 -9999
-9999 -9999 -9999 -9999 -9999 -9999 -9999 -9999 -9999 -9999 -9999 -9999 -9999 -9999 -9999 -9999 -9999 -9999 -9999 -9999 -9999 -9999 -9999 -9999 -9999 -9999 -9999 -9999 -9999 -9999 -9999 -9999 -9999 -9999 -9999 -9999 -9999 -9999 -9999 -9999 -9999 -9999 -9999 -9999 -9999 -9999 -9999 -9999 -9999 -9999 -9999 -9999 -9999 -9999 -9999 -9999 -9999 -9999 -9999 -9999 -9999 -9999 -9999 -9999 -9999 -9999 -9999 -9999 -9999 -9999 -9999 -9999 -9999 -9999 -9999 -9999 -9999 -9999 -9999 -9999 -9999 -9999 -9999 -9999 -9999 -9999 -9999 -9999 -9999 -9999 -9999 -9999 -9999 -9999
-9999 -9999 -9999 -9999 -9999 -9999 -9999 -9999 -9999 -9999 -9999 -9999 -9999 -9999 -9999 -9999 -9999 -9999 -9999 -9999 -9999 -9999 -9999 -9999 -9999 -9999 -9999 -9999 -9999 -9999 -9999 -9999 -9999 -9999 -9999 -9999 -9999 -9999 -9999 -9999 -9999 -9999 -9999 -9999 -9999 -9999 -9999 -9999 -9999 -9999 -9999 -9999 -9999 -9999 -9999 -9999 -9999 -9999 -9999 -9999 -9999 -9999 -9999 -9999 -9999 -9999 -9999 -9999 -9999 -9999 -9999 -9999 -9999 -9999 -9999 -9999 -9999 -9999 -9999 -9999 -9999 -9999 -9999 -9999 -9999 -9999 -9999 -9999 -9999 -9999 -9999 -9999 -9999 -9999
