sesion_6_simulaciones/modelos_distribucion_especies/ejemplo/variables/futuro_B2/2100/PV.asc
ncols 708
nrows 329
xllcorner -7.525000
yllcorner 35.991667
cellsize 0.008333
NODATA_value -9999
[rows 106 to 158 of 329, columns 576 to 671 of 708]
76 77 77 76 76 72 69 66 66 67 67 68 69 71 71 70 70 73 74 75 77 74 72 69 67 67 69 72 74 73 70 67 65 63 62 61 61 61 61 61 61 61 61 62 62 62 63 63 64 64 63 63 63 64 64 63 63 63 62 62 63 64 66 67 68 69 69 70 70 71 71 72 72 71 70 69 70 68 67 66 65 65 64 64 64 64 -9999 -9999 -9999 -9999 -9999 -9999 -9999 -9999 -9999 -9999
73 75 74 72 70 69 66 66 66 67 68 70 73 70 71 69 70 72 74 77 76 74 70 67 66 67 69 71 70 70 66 64 62 61 60 60 60 60 60 59 60 60 61 61 61 62 63 63 63 63 63 63 63 63 63 63 63 63 63 64 64 65 66 67 68 69 70 71 72 72 72 72 73 72 70 70 70 69 68 67 66 65 64 64 64 63 -9999 -9999 -9999 -9999 -9999 -9999 -9999 -9999 -9999 -9999
69 71 69 68 67 66 65 65 66 66 69 71 71 69 67 67 68 70 72 74 77 73 68 65 64 66 66 67 67 66 63 62 60 60 59 59 59 58 58 58 58 59 59 60 61 61 62 62 62 63 63 63 63 63 63 64 64 64 64 65 65 66 67 68 69 70 71 72 73 73 73 72 72 71 70 69 69 68 67 67 66 65 64 63 63 63 -9999 -9999 -9999 -9999 -9999 -9999 -9999 -9999 -9999 -9999
64 66 66 65 65 64 65 65 65 65 67 67 66 65 65 65 66 66 68 69 70 67 64 63 62 63 64 64 63 63 61 60 59 58 58 57 57 57 57 57 57 58 58 59 60 61 61 62 62 63 63 63 63 63 64 64 64 64 65 65 66 67 68 68 69 69 71 71 72 71 71 71 70 69 68 68 68 67 67 66 65 64 64 64 63 63 -9999 -9999 -9999 -9999 -9999 -9999 -9999 -9999 -9999 -9999
63 64 65 65 65 63 64 63 64 64 64 64 63 63 63 63 64 63 63 62 61 60 59 59 60 60 61 61 61 61 60 59 58 57 56 56 56 55 55 55 55 56 57 58 59 60 61 61 62 63 63 63 64 64 64 64 64 65 65 66 67 67 68 68 68 68 69 69 70 71 70 69 68 68 67 67 67 67 67 66 65 65 65 65 65 65 -9999 -9999 -9999 -9999 -9999 -9999 -9999 -9999 -9999 -9999
63 65 65 67 64 62 63 62 63 63 63 62 62 62 62 62 61 61 59 58 54 52 54 56 57 58 59 59 60 60 59 58 57 56 55 55 54 53 53 53 54 55 56 57 58 59 60 61 62 62 63 63 63 63 64 64 65 65 66 66 67 67 67 67 67 68 68 68 69 69 68 68 68 67 68 67 67 66 66 66 65 65 66 66 67 67 -9999 -9999 -9999 -9999 -9999 -9999 -9999 -9999 -9999 -9999
64 64 65 65 63 62 61 62 63 62 62 61 61 61 61 60 60 59 58 56 53 52 53 54 56 56 57 58 58 58 58 56 56 55 54 53 52 51 50 51 52 53 55 56 58 59 60 61 61 62 62 63 63 64 64 65 65 66 66 67 67 66 66 67 67 67 67 68 68 68 68 68 68 68 67 67 67 67 66 66 67 67 67 66 66 65 -9999 -9999 -9999 -9999 -9999 -9999 -9999 -9999 -9999 -9999
64 64 63 63 62 61 61 62 62 62 61 61 60 60 60 59 59 58 57 56 54 54 54 54 55 55 56 56 57 56 56 55 54 54 53 52 50 48 47 47 49 51 53 55 57 58 60 60 61 61 62 62 63 64 65 65 66 67 67 67 67 67 67 67 67 68 68 68 68 69 70 69 69 69 68 69 69 69 68 68 69 69 68 68 67 66 -9999 -9999 -9999 -9999 -9999 -9999 -9999 -9999 -9999 -9999
64 63 62 62 61 61 60 61 61 61 60 60 59 59 59 58 58 57 57 56 55 54 54 54 54 55 55 55 55 55 54 53 53 52 51 50 49 46 41 40 46 50 52 55 56 58 59 59 60 61 62 63 63 64 65 66 67 68 68 68 68 68 68 68 68 68 68 69 70 71 74 74 73 71 70 70 70 71 70 71 70 70 71 72 -9999 -9999 -9999 -9999 -9999 -9999 -9999 -9999 -9999 -9999 -9999 -9999
64 63 62 62 61 60 60 60 60 60 59 59 58 58 58 58 57 57 56 56 55 54 54 54 54 54 54 55 54 54 53 52 52 51 51 50 48 46 44 44 47 50 52 54 56 57 59 59 60 61 62 63 64 65 66 67 68 68 69 69 69 69 69 70 70 70 70 70 72 75 78 80 77 74 72 71 71 72 72 72 71 71 73 75 -9999 -9999 -9999 -9999 -9999 -9999 -9999 -9999 -9999 -9999 -9999 -9999
64 63 62 61 60 59 60 59 59 59 58 58 58 58 57 57 57 56 56 55 55 54 54 54 54 54 54 54 54 53 52 52 51 51 50 50 49 48 47 48 49 51 53 55 57 58 59 60 60 62 63 64 65 66 67 68 69 69 70 70 70 71 71 72 71 71 71 72 73 76 79 80 79 76 74 72 72 72 73 73 74 75 75 77 -9999 -9999 -9999 -9999 -9999 -9999 -9999 -9999 -9999 -9999 -9999 -9999
63 62 62 61 60 59 59 58 58 58 58 57 57 57 57 57 57 56 56 55 54 54 54 54 54 54 54 53 53 52 51 51 50 51 51 50 50 50 50 50 51 52 54 56 57 58 59 60 61 62 64 65 66 67 68 68 69 70 71 71 71 72 72 72 72 72 73 74 75 75 77 78 77 75 74 74 74 74 74 75 75 75 75 75 -9999 -9999 -9999 -9999 -9999 -9999 -9999 -9999 -9999 -9999 -9999 -9999
63 62 61 60 59 59 58 58 57 57 57 57 57 57 57 57 56 56 55 55 54 54 54 53 54 54 53 52 52 51 50 50 51 51 51 51 51 51 51 52 52 54 55 56 57 58 59 60 61 62 64 64 66 66 68 68 70 71 71 71 71 71 72 72 73 74 75 75 76 77 78 78 77 76 75 76 76 77 77 76 74 73 73 73 73 72 -9999 -9999 -9999 -9999 -9999 -9999 -9999 -9999 -9999 -9999
62 61 60 59 59 58 58 57 57 56 56 56 56 56 56 56 56 56 56 55 55 54 54 53 53 53 52 51 49 49 49 51 51 51 52 52 53 53 53 53 54 55 55 56 57 58 59 60 61 62 63 64 65 65 66 68 69 71 72 72 72 72 74 74 75 76 77 78 79 79 80 81 79 79 78 78 78 78 77 75 72 73 73 73 73 73 -9999 -9999 -9999 -9999 -9999 -9999 -9999 -9999 -9999 -9999
61 61 60 59 58 58 57 57 56 56 56 56 55 55 56 56 56 56 56 56 56 55 54 53 53 53 51 50 47 46 48 50 51 52 52 53 54 54 55 55 55 56 56 57 57 58 59 59 60 61 62 63 64 65 66 67 69 71 73 73 74 74 75 76 78 79 80 80 81 81 81 81 80 80 79 78 78 76 76 74 74 74 74 76 -9999 -9999 -9999 -9999 -9999 -9999 -9999 -9999 -9999 -9999 -9999 -9999
61 60 59 58 58 57 57 56 56 55 55 55 56 56 57 56 56 57 56 57 56 56 55 55 55 54 53 51 47 44 48 50 52 53 54 54 55 56 57 57 57 57 57 57 58 58 59 60 61 61 62 63 64 65 66 68 69 71 73 74 74 76 77 78 81 83 85 85 85 84 83 82 81 80 80 79 78 76 74 74 75 77 78 79 -9999 -9999 -9999 -9999 -9999 -9999 -9999 -9999 -9999 -9999 -9999 -9999
60 59 58 57 57 56 56 55 55 55 55 56 56 56 57 57 58 57 57 57 57 56 56 56 56 56 56 55 52 51 51 53 55 56 57 56 56 57 59 59 58 58 58 58 58 59 59 60 61 62 62 63 64 65 67 68 69 71 72 73 75 76 78 80 83 85 90 91 88 86 84 84 84 83 83 82 81 78 76 74 76 77 78 76 -9999 -9999 -9999 -9999 -9999 -9999 -9999 -9999 -9999 -9999 -9999 -9999
59 58 58 57 56 56 55 55 54 55 55 56 56 57 57 58 58 58 57 57 57 56 56 56 57 57 59 60 57 56 55 55 57 58 60 59 58 58 58 58 58 58 58 59 59 59 60 60 61 62 62 63 64 65 66 68 69 70 71 73 75 77 79 81 83 85 89 90 89 87 87 86 87 87 87 87 84 80 77 74 73 73 72 71 -9999 -9999 -9999 -9999 -9999 -9999 -9999 -9999 -9999 -9999 -9999 -9999
58 58 57 57 56 55 54 54 54 55 56 56 57 57 57 58 58 58 58 57 57 57 57 57 57 58 59 61 59 58 58 58 59 59 60 59 59 58 59 59 59 59 59 59 59 60 60 60 61 62 62 63 64 65 66 68 69 71 72 74 76 78 80 82 84 85 87 89 90 89 88 87 88 91 93 93 86 81 77 74 71 70 69 68 -9999 -9999 -9999 -9999 -9999 -9999 -9999 -9999 -9999 -9999 -9999 -9999
57 57 57 56 55 54 53 53 54 55 56 56 57 57 57 58 58 58 58 57 57 57 57 58 58 58 59 59 59 59 60 62 61 61 60 61 60 60 59 59 59 59 59 59 60 60 60 61 61 62 62 63 64 66 67 68 71 72 74 75 78 80 84 85 86 88 90 92 91 90 89 88 90 93 96 94 87 82 77 73 71 69 67 66 -9999 -9999 -9999 -9999 -9999 -9999 -9999 -9999 -9999 -9999 -9999 -9999
57 56 56 55 55 54 53 53 55 56 56 56 56 57 57 58 58 58 58 58 58 58 58 58 59 59 60 60 60 60 61 62 63 62 61 61 60 60 60 60 60 60 60 60 60 61 61 61 62 63 64 65 66 67 69 71 72 75 75 78 80 83 87 90 90 90 90 90 89 87 89 89 91 91 91 89 83 80 76 73 70 68 66 64 -9999 -9999 -9999 -9999 -9999 -9999 -9999 -9999 -9999 -9999 -9999 -9999
56 55 55 55 54 54 54 54 55 55 56 56 57 57 57 57 57 57 58 58 58 58 58 59 61 63 63 63 63 62 62 63 64 62 62 61 61 61 61 60 61 61 61 60 61 61 62 62 64 66 67 66 68 69 72 76 78 80 82 82 83 85 89 89 88 86 85 84 83 85 88 90 90 90 86 85 80 77 74 72 69 67 65 63 -9999 -9999 -9999 -9999 -9999 -9999 -9999 -9999 -9999 -9999 -9999 -9999
55 55 55 55 54 54 54 55 55 56 56 57 57 57 57 57 57 57 58 57 58 58 59 60 61 64 67 66 66 65 66 66 65 63 62 62 63 63 63 62 62 62 62 62 62 63 64 64 65 66 67 68 69 70 74 78 80 82 83 83 82 83 84 82 79 79 78 77 78 80 83 85 85 84 82 79 77 75 73 70 68 66 64 62 -9999 -9999 -9999 -9999 -9999 -9999 -9999 -9999 -9999 -9999 -9999 -9999
54 54 54 54 54 55 55 56 56 57 57 57 57 57 57 57 57 57 57 57 58 58 59 60 61 64 67 69 69 69 70 69 67 65 64 65 64 66 67 65 64 63 63 63 63 64 66 66 65 65 67 69 70 72 74 77 81 81 80 80 77 76 75 75 74 74 73 74 74 75 76 76 76 76 76 75 75 74 71 68 66 64 62 61 -9999 -9999 -9999 -9999 -9999 -9999 -9999 -9999 -9999 -9999 -9999 -9999
52 53 53 54 55 55 56 57 57 57 57 57 57 57 57 57 57 57 57 57 58 58 59 59 61 63 67 69 70 69 69 69 68 67 68 67 69 68 70 69 67 66 65 65 65 67 67 67 67 68 70 71 72 72 75 78 80 78 77 75 74 72 71 70 70 70 71 71 71 71 72 71 71 71 71 72 72 73 69 66 64 62 61 60 60 59 60 59 -9999 -9999 -9999 -9999 -9999 -9999 -9999 -9999
51 51 52 54 55 56 57 57 58 58 57 57 57 57 57 57 57 57 57 57 58 58 58 59 60 61 65 67 68 68 67 67 66 67 69 69 70 72 72 72 71 69 67 66 69 70 71 70 69 71 72 73 71 70 72 73 75 73 72 72 71 70 68 68 68 68 68 68 67 68 68 68 68 68 69 69 68 67 66 64 62 61 59 58 58 59 59 59 -9999 -9999 -9999 -9999 -9999 -9999 -9999 -9999
48 49 51 54 57 58 59 59 59 58 58 58 58 57 58 58 58 58 57 57 57 58 58 59 59 60 61 63 64 64 64 64 64 65 66 69 71 72 73 71 70 69 69 70 71 73 74 74 72 72 73 71 69 68 68 69 68 68 67 68 67 66 66 65 65 66 66 65 65 65 65 65 65 66 66 66 65 65 63 63 61 59 56 55 56 57 58 58 -9999 -9999 -9999 -9999 -9999 -9999 -9999 -9999
44 44 48 56 61 62 61 60 60 59 58 58 58 57 58 58 58 58 58 58 58 58 58 58 59 59 60 61 62 62 62 62 63 63 64 66 67 68 68 67 67 67 68 68 69 71 72 73 72 70 68 67 66 65 65 65 65 65 65 65 64 64 64 63 63 63 63 63 63 64 63 64 64 64 64 63 63 62 62 61 60 58 55 54 55 56 56 56 -9999 -9999 -9999 -9999 -9999 -9999 -9999 -9999
39 33 31 68 73 67 64 61 60 59 58 58 58 58 58 58 58 58 58 58 58 58 58 58 59 59 60 61 61 61 62 61 62 62 63 63 64 64 65 64 65 64 65 66 66 66 68 68 68 66 65 64 63 63 63 63 63 63 63 62 62 62 62 62 62 62 63 62 62 63 63 62 62 62 61 61 61 61 60 60 59 58 56 55 55 54 54 54 -9999 -9999 -9999 -9999 -9999 -9999 -9999 -9999
38 30 23 75 77 68 64 61 60 59 59 58 58 58 58 58 58 58 58 58 58 58 59 59 59 59 60 61 61 60 60 61 61 61 62 62 62 62 62 63 63 63 63 63 64 64 64 64 64 63 62 62 62 62 62 62 62 61 61 61 61 61 61 61 61 62 63 63 62 62 61 61 60 60 60 60 60 60 60 59 59 58 57 56 55 54 53 53 -9999 -9999 -9999 -9999 -9999 -9999 -9999 -9999
42 41 45 57 63 63 62 61 60 59 59 59 59 58 58 58 57 58 58 58 58 59 59 59 59 59 59 59 59 60 60 60 61 61 61 61 61 61 61 62 62 62 62 62 62 63 62 62 62 62 61 61 61 61 60 60 60 60 60 60 60 60 61 61 61 61 62 62 61 61 60 59 59 59 59 59 61 61 61 61 59 57 57 56 55 54 53 52 52 51 51 50 -9999 -9999 -9999 -9999
45 46 49 53 57 58 59 58 58 58 58 57 58 57 57 57 57 57 57 58 58 58 58 58 58 58 58 59 59 59 59 60 59 60 60 60 61 61 62 62 62 62 62 62 62 62 62 62 62 61 61 61 61 60 60 60 60 60 60 60 60 60 61 60 61 61 61 61 60 59 57 57 58 59 59 61 63 62 61 61 59 57 56 55 54 54 53 53 52 51 50 49 -9999 -9999 -9999 -9999
47 48 50 52 54 56 56 57 57 57 57 57 57 57 56 57 57 57 58 57 57 57 57 58 58 58 58 58 59 59 59 59 60 60 60 61 61 62 62 62 62 63 63 63 63 62 62 62 62 61 61 61 61 61 60 60 60 60 60 60 60 60 60 60 60 60 59 58 57 56 56 57 58 58 59 60 62 61 60 58 57 56 56 55 55 54 53 53 52 50 49 49 -9999 -9999 -9999 -9999
48 49 50 51 53 54 55 56 56 56 57 57 57 57 57 57 57 58 57 57 57 58 57 57 58 58 58 58 58 59 59 59 60 60 61 61 62 63 63 64 63 63 63 64 63 63 63 62 62 62 62 62 62 61 61 60 60 60 59 59 59 59 59 59 58 58 57 56 55 55 55 55 57 58 58 57 58 57 57 57 56 54 54 54 54 53 52 51 50 50 49 48 -9999 -9999 -9999 -9999
48 49 50 51 52 53 54 55 55 56 56 56 56 57 57 57 57 58 58 58 58 58 58 58 58 58 58 58 58 59 59 59 60 60 61 62 62 63 64 64 64 64 64 64 63 63 63 63 63 63 62 63 62 62 61 60 60 60 59 59 59 58 58 57 57 56 55 54 52 53 54 55 55 55 56 56 55 55 56 55 55 54 52 53 53 52 51 50 50 49 48 48 47 46 -9999 -9999
48 49 49 50 51 52 54 54 55 55 56 56 56 56 57 57 57 57 58 58 58 58 58 59 58 58 58 59 59 59 59 59 60 60 61 61 62 62 63 64 64 64 65 64 64 64 64 63 63 62 62 62 62 61 61 61 61 60 59 59 59 58 57 56 55 55 54 52 50 50 53 53 53 54 54 54 54 53 53 54 54 53 51 50 51 51 50 49 49 48 48 47 47 46 -9999 -9999
48 49 49 50 51 52 53 53 54 55 56 56 56 56 57 57 57 57 58 58 58 59 59 59 59 59 58 59 59 59 59 59 60 60 60 61 62 62 63 63 63 64 64 64 64 64 64 63 63 62 62 61 61 61 61 61 60 60 59 58 58 58 57 56 55 54 54 55 51 52 51 51 52 52 52 53 53 52 52 52 52 52 50 49 48 48 48 48 47 47 47 47 47 46 46 46
49 49 50 50 51 52 53 54 54 55 55 56 56 56 57 57 57 57 58 58 59 60 60 59 59 59 59 59 59 59 59 60 60 60 61 61 61 62 62 63 63 63 64 64 64 63 63 63 62 62 61 61 61 60 60 60 59 59 58 58 57 57 56 56 54 54 55 54 54 51 50 50 52 52 51 51 52 51 50 51 50 50 49 48 47 46 46 46 45 45 46 46 47 46 47 47
49 49 50 51 51 52 53 54 54 55 55 56 56 56 57 57 57 57 58 59 61 62 62 60 60 60 60 60 60 60 60 60 60 61 61 62 62 62 63 63 64 64 64 65 65 65 64 63 63 62 62 61 61 60 59 59 58 58 57 57 57 56 56 55 55 54 53 53 51 50 50 50 51 51 50 51 50 51 49 49 48 48 47 48 46 45 44 43 43 42 43 45 45 45 45 46
48 49 50 51 51 52 53 54 54 55 55 56 56 56 57 57 58 58 59 60 62 62 63 63 61 60 61 61 61 61 61 60 61 61 62 62 63 63 63 64 64 65 65 66 66 67 65 65 64 64 63 63 62 61 61 61 59 58 58 57 57 56 55 55 55 55 52 50 49 49 49 50 51 51 50 50 50 50 48 47 47 47 46 46 45 44 42 41 40 41 42 41 42 42 43 43
48 49 50 51 52 52 53 54 54 54 55 55 56 56 57 57 57 59 59 60 60 61 62 62 61 60 60 61 61 61 62 62 62 62 63 62 62 63 63 63 64 65 65 66 67 67 67 66 66 66 65 67 66 65 64 62 58 59 60 60 58 56 56 54 54 54 51 49 48 48 49 50 50 51 50 50 49 49 47 46 46 45 45 44 43 41 40 38 37 38 39 39 39 39 39 40
49 49 50 51 52 52 53 53 54 54 55 55 56 56 57 57 57 58 59 59 60 60 61 61 61 60 61 61 61 61 62 62 63 62 62 62 62 61 62 62 63 64 64 64 66 68 68 67 66 66 67 66 66 65 64 60 58 56 59 59 57 57 54 52 52 51 51 49 48 48 49 49 50 50 50 49 48 48 46 45 44 44 43 41 40 39 37 35 34 34 35 36 36 37 37 38
49 50 50 51 52 52 53 53 54 54 55 55 55 56 56 57 57 57 58 58 59 60 61 61 61 62 62 62 62 61 62 63 63 62 61 61 60 60 60 61 61 62 63 64 67 67 68 68 65 66 67 67 66 63 63 60 57 55 54 55 54 52 52 51 50 49 49 48 47 47 49 49 49 50 50 48 48 46 46 44 43 42 41 40 39 37 34 31 28 29 32 34 34 34 35 35
49 50 51 52 52 53 53 53 54 54 55 55 55 56 56 56 57 57 58 59 60 60 61 61 62 63 63 63 62 62 63 64 63 63 61 60 60 60 60 60 60 60 61 62 65 65 66 66 65 66 68 68 65 63 61 60 57 55 53 52 50 50 49 48 48 48 48 47 46 47 47 48 48 49 48 48 47 46 45 44 42 40 40 39 37 36 33 30 27 28 31 32 32 33 33 33
50 51 52 52 53 53 53 53 54 54 54 55 55 55 56 56 56 57 57 59 60 60 62 61 63 63 63 63 62 62 63 64 64 63 62 61 61 60 60 59 59 59 60 61 62 62 63 64 63 64 66 66 63 62 60 59 57 54 52 49 48 47 45 45 46 46 46 46 46 46 47 47 47 47 47 46 46 45 44 43 41 40 39 37 36 34 33 31 30 30 31 31 32 32 32 32
51 52 53 53 53 53 53 54 54 54 54 55 55 55 55 56 56 57 57 58 60 61 60 61 62 62 62 62 62 63 64 65 66 66 64 62 62 61 60 60 59 59 59 59 60 60 61 61 62 62 62 62 61 60 59 57 56 54 51 49 47 44 41 42 43 44 45 46 46 46 46 46 46 47 47 46 45 45 44 42 41 39 38 37 36 34 33 32 32 31 31 31 31 31 31 31
53 53 54 54 54 54 54 54 54 54 54 54 55 55 55 55 56 56 57 57 58 59 59 60 59 61 61 61 62 63 65 67 67 67 66 63 62 61 61 60 61 60 59 58 58 59 60 60 61 61 61 61 59 58 57 56 55 54 52 50 47 44 40 41 43 44 44 45 45 45 46 45 46 46 46 46 45 45 43 42 40 39 38 37 36 34 33 33 32 33 32 32 32 31 31 30
55 55 55 55 55 54 54 54 54 54 54 54 54 55 55 55 56 56 56 57 57 57 58 59 60 60 61 61 62 64 65 66 65 65 65 63 62 61 61 60 61 60 59 58 57 58 59 59 60 60 61 60 58 58 57 56 55 53 52 50 49 46 44 43 44 44 45 45 45 45 45 45 45 46 46 46 45 44 43 42 41 39 38 37 36 35 34 33 33 32 32 33 31 31 30 30
58 57 56 55 55 55 55 54 54 54 54 54 54 54 55 55 55 56 56 56 56 56 57 57 58 58 59 61 61 61 63 63 63 62 62 61 61 61 61 60 60 59 58 57 56 57 58 58 59 59 59 59 58 57 56 55 54 53 52 51 50 48 47 46 44 45 44 45 45 45 45 45 45 45 45 45 45 44 44 42 41 39 38 37 36 35 34 34 33 33 32 31 31 30 30 29
63 60 57 56 55 55 54 54 54 54 54 54 54 54 54 55 55 55 55 55 55 56 55 55 55 56 57 57 57 58 60 60 61 61 60 60 59 60 60 60 59 59 58 56 56 57 59 59 58 59 59 59 57 56 56 55 54 53 52 51 50 49 48 47 46 45 45 45 45 45 44 44 45 45 45 45 45 44 43 42 41 40 38 37 36 35 34 33 33 33 32 31 31 30 30 29
62 59 57 56 55 55 54 54 54 54 53 53 54 54 54 54 54 55 55 55 54 55 54 54 54 54 54 54 55 56 57 59 60 61 59 59 59 59 59 59 59 58 58 58 58 59 59 60 59 59 58 59 59 58 57 56 55 54 52 52 50 50 49 48 46 46 46 45 45 45 45 44 44 45 45 46 45 45 44 42 42 40 39 37 36 35 34 34 33 33 32 31 31 30 30 30
59 58 56 56 55 55 54 54 54 53 53 53 53 53 53 53 54 53 53 53 53 54 54 53 53 53 52 53 54 55 55 57 58 59 58 58 57 57 58 58 58 59 58 60 60 58 59 61 61 61 60 60 61 60 60 58 55 54 53 51 51 50 49 48 47 47 46 46 45 45 45 44 44 44 45 45 45 45 43 43 41 40 38 37 36 35 34 34 33 33 32 31 31 30 30 30
57 57 55 55 55 54 54 54 54 53 53 53 53 53 53 53 53 52 52 52 52 52 52 52 51 51 51 51 52 52 52 54 54 55 56 57 55 56 57 57 58 57 58 58 60 60 60 60 62 62 60 62 61 63 61 59 57 55 53 52 51 50 50 49 48 47 47 46 45 45 45 44 44 44 43 44 44 44 43 41 40 39 38 37 36 35 35 34 33 33 32 32 31 31 31 31
