sesion_6_simulaciones/modelos_distribucion_especies/ejemplo/variables/futuro_B2/2100/PV.asc
ncols 708
nrows 329
xllcorner -7.525000
yllcorner 35.991667
cellsize 0.008333
NODATA_value -9999
[rows 159 to 211 of 329, columns 384 to 479 of 708]
66 68 65 64 64 66 66 65 66 65 64 65 64 64 63 63 62 62 64 67 68 71 75 77 78 77 75 74 74 74 74 74 73 72 71 70 68 68 67 66 65 64 63 62 61 60 59 58 58 58 58 57 58 57 57 55 55 55 56 54 53 53 53 54 54 54 55 55 54 54 52 50 49 49 49 49 50 52 53 53 56 59 59 60 60 58 57 56 55 54 53 52 52 52 53 53
68 68 67 65 67 68 67 68 66 69 70 67 64 61 58 58 59 61 65 67 72 73 76 75 74 72 72 72 73 73 72 72 72 70 70 69 68 66 65 64 63 62 61 60 60 59 58 58 58 58 58 60 58 57 56 55 54 55 56 55 53 52 51 52 53 53 53 54 54 54 52 49 48 48 49 49 50 51 52 53 55 55 55 56 55 54 53 52 52 51 51 51 51 52 53 53
65 65 65 66 70 72 73 70 72 73 72 69 64 58 53 52 58 62 67 70 72 74 73 72 71 70 70 71 71 72 72 72 72 71 69 68 67 65 64 63 62 62 60 60 60 59 58 57 58 59 60 60 59 57 55 54 54 55 54 53 52 51 50 51 51 52 53 53 53 53 53 48 46 44 47 49 49 51 54 53 54 53 52 52 52 51 50 49 48 49 49 50 51 52 51 52
63 63 63 67 70 73 72 71 71 73 72 66 62 57 54 54 59 63 66 69 69 70 70 69 68 69 70 69 70 72 70 70 70 70 68 65 65 64 62 62 62 61 60 60 59 59 57 57 58 59 60 60 58 56 55 55 54 54 54 52 51 50 49 49 50 52 52 53 53 53 52 48 44 42 43 46 49 51 53 54 52 50 50 50 50 49 49 48 49 50 50 50 50 50 51 51
62 62 63 66 69 70 69 67 66 67 66 63 59 58 57 59 59 62 64 63 64 65 66 66 67 68 69 70 71 69 69 69 69 68 65 63 61 61 60 61 61 61 60 59 59 58 57 57 57 57 59 58 57 56 55 54 54 53 52 50 50 48 48 49 50 50 50 50 52 52 52 47 44 40 42 44 48 51 53 53 52 50 49 49 48 48 48 48 49 50 50 50 49 49 50 51
61 61 63 66 68 67 67 63 63 63 62 61 59 59 59 60 60 61 62 62 62 63 63 64 65 67 67 68 68 68 68 68 67 65 62 60 58 58 59 59 60 61 61 59 58 58 57 57 56 55 55 54 54 53 53 53 52 51 51 48 48 48 47 48 48 49 49 50 51 52 51 49 45 43 41 45 48 52 55 53 51 49 48 47 48 47 48 48 49 49 49 49 49 50 51 52
63 64 65 64 64 65 64 62 61 61 60 60 60 59 59 59 59 60 60 60 61 61 61 62 64 65 65 66 66 66 66 65 63 63 61 58 57 57 58 59 59 60 60 59 57 56 56 55 53 53 53 52 51 51 51 51 50 49 49 49 48 48 48 47 47 48 52 52 52 51 49 47 44 42 42 44 48 49 51 49 47 47 47 47 46 47 47 48 48 49 48 48 50 51 52 53
65 64 63 61 61 62 62 61 61 60 60 60 60 59 58 56 58 58 59 59 60 61 60 61 62 62 64 64 65 64 63 60 60 60 59 57 56 55 56 57 57 59 57 57 56 55 54 53 53 52 52 51 49 50 49 48 49 48 48 48 49 50 49 49 47 49 49 49 51 49 47 46 44 43 42 43 45 46 46 45 45 46 46 46 46 46 47 48 47 47 49 49 51 52 54 56
62 60 59 59 59 59 60 60 60 60 60 60 59 58 56 56 57 58 58 59 58 59 60 59 60 61 63 64 63 62 60 58 57 57 56 55 53 52 53 55 56 55 55 55 53 53 52 53 53 53 52 51 51 50 49 47 47 47 47 48 50 51 51 50 50 45 44 45 46 47 46 44 43 43 42 42 43 43 43 44 44 45 45 45 45 46 46 46 46 47 48 51 53 55 58 61
57 59 58 58 58 59 59 60 60 61 60 60 59 58 57 56 57 57 58 57 57 58 60 60 61 62 63 62 60 60 58 57 55 55 53 52 50 51 52 53 53 53 52 51 51 51 52 54 54 52 51 50 52 52 50 48 47 46 46 49 49 50 49 48 46 44 41 42 43 44 43 43 42 42 41 42 42 43 43 44 44 44 44 44 44 45 45 45 46 48 50 52 55 56 61 66
53 57 57 56 57 58 58 60 59 59 59 58 58 57 56 55 55 56 56 58 57 59 62 63 63 62 61 60 59 57 56 55 53 52 52 51 48 49 52 52 52 51 49 49 49 51 51 54 53 52 51 50 51 51 50 48 47 45 45 46 47 47 45 43 43 42 40 40 42 42 42 42 41 41 41 41 42 42 43 43 43 44 44 44 45 45 46 46 48 49 51 53 57 60 63 65
53 54 53 55 57 58 57 56 56 56 56 56 56 56 55 55 55 56 56 60 60 61 63 63 64 62 59 58 57 56 55 54 54 53 53 52 51 51 53 53 52 49 48 50 50 50 51 52 51 50 47 47 48 49 49 47 46 44 44 43 44 43 42 42 41 40 40 40 41 41 42 41 41 41 41 41 42 42 43 43 43 43 44 45 45 46 47 48 49 49 51 53 58 62 64 65
51 52 53 55 57 57 56 55 54 55 56 57 57 58 55 56 55 57 59 61 61 62 63 65 63 61 59 58 57 54 55 55 56 56 56 54 54 53 53 53 53 49 48 49 50 50 52 49 46 46 45 45 45 46 46 45 44 42 43 42 43 43 42 41 40 40 39 39 41 41 41 42 42 41 41 41 42 42 42 42 42 43 43 44 45 46 47 48 49 50 51 53 56 59 60 61
51 52 54 55 56 55 54 55 55 58 58 59 59 58 56 56 56 59 59 59 59 60 61 62 63 61 60 59 57 56 55 57 57 58 57 56 54 54 55 54 52 48 48 47 49 50 51 51 48 46 44 43 43 43 43 42 42 41 41 42 42 42 42 41 40 39 39 39 39 41 40 41 41 41 40 41 41 41 41 42 42 42 43 45 45 46 48 48 49 50 51 53 56 58 59 59
50 52 54 54 54 54 55 57 57 60 60 60 60 57 55 55 56 58 58 57 58 58 61 61 62 60 60 59 58 54 54 56 56 58 58 55 54 54 54 53 51 48 47 48 47 49 51 52 50 46 43 42 42 41 41 40 40 41 41 42 42 42 42 41 40 40 37 38 39 39 40 40 40 40 39 40 40 41 41 41 41 43 43 45 46 47 47 48 49 51 53 54 57 58 60 58
51 52 53 53 53 54 56 57 58 59 60 60 59 57 54 54 55 56 55 55 57 58 61 61 61 60 59 59 57 55 53 56 57 58 57 55 51 51 52 51 50 46 45 45 46 47 48 49 49 44 42 41 40 40 39 40 40 41 41 42 42 41 41 40 40 39 38 37 38 39 39 39 39 39 39 39 39 40 40 41 41 43 44 45 46 47 48 48 50 51 52 53 55 56 57 57
51 51 51 51 52 55 56 55 56 58 58 59 58 57 54 56 54 55 55 56 58 59 60 60 58 58 57 57 56 53 53 55 57 57 56 54 51 50 51 50 48 45 44 44 45 45 45 46 44 42 41 41 41 40 38 39 41 41 40 40 40 40 39 38 38 37 37 37 37 38 38 38 38 38 38 38 39 39 40 40 42 42 44 45 46 47 47 49 49 51 53 55 57 58 58 59
50 50 50 51 52 52 53 54 54 54 56 57 57 57 55 53 54 55 56 58 59 59 58 57 56 55 55 54 53 53 53 55 56 56 54 53 51 50 50 48 47 46 44 43 44 44 43 43 42 42 42 42 41 40 40 40 40 39 39 38 37 37 36 36 35 35 35 35 36 36 37 37 38 38 38 38 39 39 40 41 42 43 44 45 46 47 47 49 50 52 54 57 59 61 61 60
49 49 50 50 51 51 51 51 52 52 53 54 54 54 54 54 54 57 58 59 59 59 57 56 55 55 55 55 54 53 52 54 53 52 53 52 51 49 47 47 47 46 44 43 43 43 43 42 42 41 41 41 40 39 39 38 38 37 36 35 35 34 34 33 33 33 34 34 35 37 37 39 41 40 40 39 39 40 40 40 42 43 44 46 46 47 48 49 50 52 53 56 58 61 61 61
52 51 51 50 51 52 52 53 52 53 53 53 53 53 54 56 57 59 59 60 60 59 57 56 56 56 57 56 55 53 52 52 52 51 51 50 49 48 47 47 47 46 43 43 43 42 42 42 41 41 40 40 39 39 38 37 36 35 35 34 33 32 32 32 32 32 33 33 34 35 37 39 41 41 39 39 40 39 39 40 41 42 43 45 46 46 48 49 50 50 52 53 56 58 60 59
54 53 52 52 53 54 55 55 55 55 54 54 54 54 55 57 58 60 61 61 62 61 59 58 57 57 56 56 54 52 51 51 52 51 50 49 49 48 46 46 45 44 44 43 42 42 41 41 41 40 40 40 39 39 38 37 36 35 34 33 32 31 30 30 30 31 31 32 33 33 34 36 38 37 36 37 37 38 38 39 41 42 43 44 45 46 48 49 49 50 51 52 54 55 57 57
53 52 52 53 55 57 59 57 57 56 56 56 55 55 55 56 59 61 61 62 62 62 60 59 59 57 57 56 54 52 51 51 50 50 50 49 48 47 46 46 45 45 43 43 43 42 42 41 40 40 40 39 39 39 38 37 36 34 33 32 31 29 27 26 28 29 30 31 32 32 33 34 33 34 34 34 34 35 37 39 40 42 43 44 45 46 48 48 50 50 51 52 54 54 54 54
53 52 53 55 57 60 60 59 58 57 57 57 57 56 55 55 57 59 61 61 62 61 60 60 59 59 57 56 54 52 51 50 49 49 49 48 47 47 46 45 45 44 43 43 43 42 41 41 41 40 39 39 38 38 37 36 35 34 33 32 30 29 26 25 27 28 30 30 31 32 32 33 33 33 33 31 31 34 36 38 40 42 43 44 46 47 48 49 50 51 51 52 53 54 54 54
53 54 54 56 59 60 60 58 58 58 57 57 57 56 57 57 57 58 60 61 61 60 60 60 60 58 57 55 54 52 51 50 49 49 48 48 47 46 46 45 45 44 44 43 42 42 41 41 40 39 39 38 38 37 36 35 35 34 33 32 30 29 28 27 28 28 29 30 31 31 32 33 33 33 33 33 33 35 37 39 40 42 44 45 47 48 49 50 50 51 52 52 53 54 54 52
55 55 57 58 60 60 59 58 58 58 58 58 57 57 57 56 56 58 59 60 60 60 61 61 60 58 57 55 54 52 51 50 50 49 48 48 48 47 46 46 46 45 44 44 43 42 41 40 40 38 37 37 37 36 35 35 34 33 33 32 31 30 29 28 28 28 29 29 30 31 32 33 33 34 34 34 35 36 38 39 41 42 44 46 48 50 52 52 52 52 53 52 52 52 53 51
56 57 58 60 60 59 59 59 59 59 59 58 58 58 57 58 57 56 57 59 60 61 62 62 61 59 57 55 54 52 52 51 50 49 49 48 48 48 47 46 46 46 45 44 43 42 41 40 39 38 37 37 36 36 36 35 34 34 33 32 31 31 30 29 28 27 28 29 30 31 32 33 34 34 35 35 36 37 38 40 41 43 45 47 49 52 56 55 54 54 53 52 52 52 51 51
56 57 58 59 59 59 59 59 59 60 59 59 58 58 58 58 57 56 57 58 60 61 62 60 61 59 57 56 53 53 52 51 51 50 50 49 49 48 47 47 47 46 45 45 44 43 42 41 40 38 37 37 37 36 36 36 35 35 34 33 32 32 31 30 28 26 27 29 31 32 33 33 34 35 36 36 37 38 39 40 42 43 45 47 49 52 56 55 54 53 51 51 52 51 51 51
57 58 58 59 60 59 60 60 60 60 60 60 59 59 58 57 58 57 57 58 58 59 59 59 58 57 56 55 54 53 53 53 51 51 51 51 50 49 48 48 47 46 46 45 44 44 43 42 41 39 37 37 37 37 37 36 36 35 35 34 33 33 32 31 30 30 30 31 32 33 33 34 35 36 36 37 38 39 40 41 42 43 45 46 48 50 51 51 52 51 51 52 53 51 49 50
58 59 59 59 60 60 61 61 61 61 61 60 60 59 59 59 59 59 59 58 58 57 57 57 56 56 56 55 54 54 54 54 54 52 52 52 51 50 50 49 46 46 46 46 46 45 44 43 42 40 39 38 39 38 38 37 37 37 36 35 35 34 34 33 33 33 32 33 33 34 35 35 36 36 37 38 38 39 40 41 42 43 45 46 47 48 49 49 50 50 51 51 50 49 49 49
59 59 60 60 61 61 61 62 62 61 61 61 60 60 60 61 61 62 63 62 61 61 59 58 57 57 57 56 55 55 55 55 54 54 53 53 52 52 51 50 49 48 48 47 47 46 45 44 43 42 42 40 40 40 39 38 38 38 37 37 36 36 36 35 35 35 35 35 35 35 36 36 37 37 38 39 39 40 41 42 42 43 44 45 46 47 48 48 48 48 49 49 48 48 47 47
59 60 61 61 61 62 62 63 63 63 63 63 62 61 61 63 66 68 70 69 68 64 63 59 58 58 58 58 57 56 55 56 56 56 55 54 54 53 53 52 51 49 48 47 47 48 47 46 45 44 43 42 41 41 40 40 39 39 38 38 38 38 37 37 37 37 37 37 37 37 37 38 38 38 39 39 40 40 41 42 43 44 45 45 46 47 47 47 47 48 48 49 48 47 47 48
60 61 61 62 62 63 64 65 65 65 64 63 62 63 64 67 72 75 75 73 71 68 63 61 60 60 59 60 59 58 57 56 57 57 57 56 55 54 54 53 52 51 49 48 48 48 48 47 46 45 45 43 42 42 42 41 40 40 39 39 39 39 39 39 39 39 38 38 38 38 39 38 39 39 39 40 40 41 41 42 43 44 45 46 46 46 47 47 47 47 48 49 49 49 49 52
60 61 62 63 64 65 65 66 66 65 65 64 65 65 67 71 75 78 77 76 73 69 65 62 62 62 61 61 61 60 59 58 58 58 58 57 56 56 55 54 53 51 51 50 49 48 48 48 47 46 46 45 44 43 42 42 41 41 40 40 40 40 40 40 40 41 40 40 40 40 39 40 40 40 40 41 41 41 42 42 43 44 46 47 46 46 46 47 47 47 48 48 49 49 51 52
61 62 63 64 65 66 67 66 67 67 66 66 66 67 69 73 76 80 81 79 78 72 69 66 67 66 66 65 63 62 60 59 58 59 59 59 58 57 56 55 53 52 52 52 50 49 48 48 48 48 47 46 46 45 44 43 43 42 41 41 41 40 40 41 41 41 41 42 42 41 40 40 40 41 41 41 42 42 42 42 43 44 45 46 46 46 46 47 47 47 48 50 50 50 51 51
61 62 64 65 67 68 68 68 69 68 68 68 69 70 72 75 79 82 85 84 81 77 73 71 72 74 72 69 66 64 63 61 59 59 60 60 60 59 58 57 55 53 54 53 52 50 49 48 49 49 48 47 47 46 45 45 44 43 43 42 42 41 41 41 42 42 42 43 43 42 41 41 41 42 43 43 43 43 42 42 42 43 44 45 46 46 47 47 47 48 49 51 52 53 52 54
62 63 65 67 68 69 70 70 70 70 70 70 71 72 75 79 83 86 87 87 84 80 78 78 80 79 77 73 70 67 65 63 61 60 60 61 61 60 60 58 56 55 55 54 53 51 50 48 49 49 49 48 47 47 47 47 45 45 44 43 43 42 42 42 42 42 43 43 44 44 43 42 42 43 44 44 43 43 42 41 40 40 42 44 46 46 47 48 49 50 51 53 54 54 55 56
62 65 67 69 70 72 72 73 74 73 72 72 74 76 79 82 84 87 89 89 88 84 83 82 83 82 79 76 73 70 67 65 62 60 60 61 62 62 60 58 57 55 56 55 55 53 50 50 49 51 49 49 48 48 48 47 47 46 45 44 43 43 43 42 42 42 42 43 43 43 43 42 42 43 44 44 44 43 42 42 41 41 42 44 46 47 48 49 50 51 53 54 56 57 56 59
63 65 68 70 72 73 74 75 76 75 76 77 80 82 84 86 87 89 90 91 91 87 86 85 84 82 80 77 74 72 69 66 64 62 61 62 63 63 61 58 57 58 57 56 55 54 51 50 51 51 50 50 49 49 48 48 48 46 46 45 44 44 43 43 43 43 43 43 43 43 42 42 42 42 42 43 43 43 42 43 43 43 44 45 46 47 48 50 51 53 54 56 58 59 59 60
64 66 69 71 73 75 76 78 79 78 79 82 86 87 88 90 91 92 93 93 92 90 87 87 86 84 82 79 78 75 73 70 67 63 63 63 64 63 62 59 58 58 58 58 56 54 52 51 52 52 52 51 50 49 49 49 48 47 47 46 45 45 44 44 44 43 43 43 43 43 43 43 42 43 43 43 43 43 44 44 44 44 45 46 47 48 49 50 51 54 56 58 60 62 62 61
65 67 70 72 75 77 80 83 84 82 82 86 90 91 92 93 95 95 95 95 94 92 90 88 87 86 84 83 81 79 75 71 68 65 64 65 65 64 61 59 58 58 59 59 57 56 53 51 52 53 53 52 51 50 50 50 49 48 47 47 46 45 45 44 44 44 44 44 44 44 44 43 43 43 43 43 44 44 44 45 45 45 46 47 48 49 50 50 52 54 56 59 64 64 63 61
66 69 72 75 78 82 86 89 88 85 85 89 93 96 96 96 96 96 97 97 95 94 92 90 88 87 86 85 82 80 76 71 67 66 67 68 66 64 61 59 58 58 59 59 59 58 55 52 52 51 53 53 52 51 51 50 50 49 48 47 47 46 46 45 45 45 45 45 45 44 45 44 44 44 43 43 44 44 45 45 46 47 47 48 49 50 51 52 53 54 57 61 63 65 64 62
68 71 75 78 82 88 93 94 89 88 88 92 98 100 101 100 99 99 98 97 96 94 93 91 89 87 86 83 82 79 76 72 69 68 68 68 67 65 63 61 59 58 58 59 60 59 57 53 51 51 52 53 53 52 52 51 50 49 49 48 47 47 46 46 46 46 46 46 46 46 46 45 44 44 44 44 44 45 45 46 46 47 48 49 50 51 52 53 54 55 57 61 66 65 67 66
69 74 77 82 86 92 95 96 93 90 91 97 102 106 106 105 103 102 101 100 98 95 94 92 90 88 85 83 81 79 76 74 72 70 70 70 69 67 65 63 60 58 58 59 59 59 57 54 52 51 52 53 54 53 52 52 51 50 49 49 48 48 48 47 47 47 47 47 47 47 46 46 45 45 45 45 45 46 46 46 47 48 49 51 53 54 56 57 58 59 60 62 64 67 68 70
70 75 80 85 89 93 96 96 93 91 96 101 106 110 111 109 107 105 104 101 99 98 96 94 92 89 86 83 80 78 76 74 72 72 71 71 70 68 67 64 61 59 58 58 60 60 58 56 52 52 52 54 54 53 53 52 52 51 50 49 49 49 48 48 48 48 48 49 49 48 48 47 46 46 46 46 47 46 47 46 47 48 49 52 54 57 59 61 62 62 63 63 63 64 67 69
71 78 84 89 94 98 101 104 100 96 101 106 110 112 114 112 110 108 105 103 101 100 97 95 94 91 87 83 80 78 76 74 73 72 71 70 69 68 66 64 61 59 58 59 59 60 58 56 53 52 53 55 54 54 54 53 52 52 51 50 50 50 50 50 50 49 50 50 51 50 49 49 47 47 48 48 48 48 48 47 46 46 48 50 52 56 59 61 62 62 63 63 62 62 59 63
73 81 89 95 102 109 116 117 116 114 113 114 115 117 117 116 114 111 108 104 103 101 99 98 95 93 90 84 80 78 77 75 74 73 71 70 68 67 65 63 61 59 59 59 60 60 59 56 53 52 54 55 56 55 55 54 53 52 52 51 51 51 51 52 52 51 51 51 51 50 50 49 50 49 49 50 49 49 48 47 46 46 46 46 49 52 55 57 57 57 58 59 57 57 57 61
78 87 95 104 115 125 131 132 131 130 127 124 122 121 120 118 116 113 110 106 104 101 100 98 95 93 89 86 82 79 78 76 74 72 71 70 68 66 64 62 61 60 61 61 61 61 59 56 54 53 54 55 55 55 55 54 53 53 53 52 53 53 53 53 53 53 52 52 51 51 50 50 50 50 50 50 49 49 48 48 47 46 45 45 46 49 54 54 52 52 52 51 55 54 59 61
86 96 106 116 128 138 146 150 148 143 137 133 129 126 122 119 116 114 111 109 105 102 100 98 96 91 89 86 84 81 78 76 74 73 71 70 69 68 66 64 61 60 61 62 61 61 60 58 55 53 52 52 53 54 54 54 54 54 53 53 53 54 54 53 53 53 53 52 52 51 51 50 50 50 50 50 50 49 49 48 47 46 46 46 46 48 50 50 49 48 46 46 46 53 58 62
94 106 116 126 137 150 165 175 170 159 148 140 134 129 125 121 116 113 111 108 105 101 100 99 96 92 89 86 84 82 80 77 75 74 72 71 69 69 67 64 62 61 61 61 61 61 61 59 58 55 52 52 51 52 53 53 53 53 54 54 54 54 53 53 53 53 53 52 52 52 51 51 50 50 50 50 49 49 49 48 47 46 47 46 47 47 47 47 47 46 44 42 45 53 59 64
99 111 122 131 143 160 189 225 203 173 156 145 138 134 128 122 118 115 110 106 103 101 99 98 95 91 89 86 84 83 80 78 76 75 73 72 71 69 67 65 63 62 62 61 62 62 61 61 59 56 53 51 51 51 51 51 52 53 54 55 55 54 54 54 53 53 53 53 53 52 52 51 51 51 51 51 51 50 49 48 47 47 46 46 45 46 46 46 46 45 45 45 48 53 58 63
102 115 124 132 141 158 181 208 196 174 158 147 141 137 133 127 122 117 111 106 103 100 98 96 94 91 89 87 86 84 82 79 77 75 74 73 71 69 68 65 63 61 61 61 62 61 61 60 59 57 54 52 50 50 50 50 51 52 52 53 53 53 52 52 53 53 54 54 54 54 53 52 52 52 52 51 51 50 48 48 47 46 46 46 45 45 45 46 45 45 45 46 48 52 56 59
104 112 119 126 134 146 159 169 171 164 155 146 141 137 134 130 125 119 112 107 104 101 99 96 94 91 90 88 88 86 83 80 78 75 74 72 71 70 69 65 62 61 60 60 60 60 61 60 59 56 53 52 50 49 50 50 50 50 50 50 49 49 48 49 50 50 52 54 54 55 55 54 54 54 53 52 51 50 49 47 48 47 47 46 45 45 45 45 45 44 46 47 48 51 53 54
100 106 110 117 125 134 143 148 149 151 148 144 139 134 128 127 125 119 114 108 105 102 100 98 95 92 89 88 86 85 82 80 77 75 74 72 71 70 68 65 62 61 60 59 59 59 59 59 58 57 54 52 51 49 49 49 49 48 48 47 45 45 45 46 46 47 49 52 54 55 56 56 56 56 55 54 52 51 49 49 48 48 47 47 47 46 45 44 44 44 46 48 48 49 51 54
