sesion_6_simulaciones/modelos_distribucion_especies/ejemplo/variables/futuro_B2/2100/TMNV.asc
ncols 708
nrows 329
xllcorner -7.525000
yllcorner 35.991667
cellsize 0.008333
NODATA_value -9999
[rows 205 to 245 of 329, columns 282 to 375 of 708]
200 201 204 204 203 204 203 204 203 203 202 202 202 202 201 202 202 202 202 202 202 202 203 203 203 203 203 203 202 202 203 203 203 202 203 204 205 205 205 205 204 205 205 205 205 205 206 206 206 206 207 207 207 208 208 207 207 207 206 206 205 206 206 206 206 205 203 203 203 204 206 206 206 206 206 207 206 205 203 202 202 203 202 201 202 202 202 201 201 203 203 202 203 203
198 202 203 203 204 203 203 204 203 203 202 202 201 202 202 202 202 202 203 203 203 203 203 203 203 204 204 203 203 203 204 203 203 203 204 205 204 204 204 205 205 205 205 205 205 205 205 206 206 207 207 207 207 207 207 206 206 205 205 203 205 205 204 205 204 202 202 203 204 203 205 204 203 205 205 204 204 205 204 203 202 202 202 202 202 202 202 202 203 204 204 203 204 204
197 200 201 202 202 203 203 204 204 203 204 203 202 202 202 203 203 203 203 203 203 203 203 204 204 204 204 204 204 204 205 205 204 205 204 204 203 205 205 204 205 204 204 204 205 205 205 206 206 206 205 208 207 207 206 204 204 204 204 204 204 204 204 205 202 201 201 203 204 202 203 203 203 204 205 205 204 206 203 203 203 202 202 202 203 202 202 204 204 203 200 201 204 204
193 196 199 200 201 203 203 202 203 203 204 203 202 202 202 203 202 203 203 203 203 204 204 204 204 204 204 204 204 204 205 205 204 205 205 205 204 205 204 203 205 204 204 204 205 205 205 205 206 206 207 207 208 207 205 204 204 204 204 204 204 204 204 204 203 202 202 203 204 204 203 202 203 204 205 204 204 204 205 204 204 204 203 203 203 203 204 204 199 197 201 202 204 204
200 200 198 199 200 201 203 204 204 204 204 203 201 201 201 199 200 200 199 198 201 202 203 204 204 204 204 205 205 205 203 200 202 203 202 205 204 203 203 203 205 206 204 205 205 206 205 207 206 206 207 207 207 205 204 204 204 204 204 204 204 203 204 204 203 202 203 203 202 202 203 203 203 203 204 204 205 204 205 205 205 203 202 202 202 203 204 203 200 200 200 202 204 204
201 200 200 200 202 201 202 204 203 202 203 202 201 199 199 200 197 197 197 197 201 202 201 203 203 204 203 204 204 203 202 204 204 205 206 206 202 202 202 204 206 206 206 204 207 207 207 207 207 207 208 207 207 206 205 205 204 204 204 205 204 205 204 204 204 203 203 202 201 201 201 202 201 199 199 199 199 199 200 200 202 200 196 195 196 198 202 202 203 202 202 203 204 204
201 199 201 202 202 203 202 202 202 203 202 202 201 196 195 198 197 196 198 197 200 201 202 202 202 203 203 203 203 204 205 205 206 206 206 206 206 206 203 205 207 206 206 207 207 207 207 207 207 208 207 207 206 206 206 205 205 205 205 206 206 205 204 204 203 203 200 197 193 191 190 196 197 196 195 196 198 198 195 195 196 200 200 199 196 196 196 201 202 201 202 203 203 202
201 201 202 202 202 200 199 199 198 202 201 201 199 194 195 196 197 198 198 197 197 200 201 203 201 200 200 203 203 204 204 205 206 206 205 206 205 207 206 207 207 207 207 207 205 207 207 207 208 206 206 204 205 206 206 206 206 206 206 205 204 203 202 201 201 199 197 198 197 196 196 197 197 195 192 191 194 195 197 199 200 199 202 201 200 200 201 203 198 198 201 200 201 199
201 200 200 200 199 199 198 199 200 202 201 200 197 195 195 195 195 198 200 196 200 202 203 204 203 201 203 203 202 203 205 205 206 205 205 205 205 207 207 207 207 207 207 207 206 207 207 207 204 201 199 202 204 204 204 202 200 204 208 206 206 204 203 201 202 200 197 197 196 197 199 198 196 194 193 193 194 199 200 200 203 203 204 203 203 202 203 204 204 203 202 200 198 196
198 196 197 197 197 198 199 199 202 200 200 199 195 195 194 195 197 199 199 202 202 203 204 204 204 204 204 202 201 202 205 206 206 206 204 205 206 206 207 207 207 207 205 207 207 207 207 203 202 199 198 198 203 201 198 195 197 205 207 208 207 205 204 202 200 201 200 199 195 196 200 200 199 197 197 199 200 202 204 204 206 207 205 204 203 201 204 204 204 202 202 202 198 198
196 196 197 198 198 198 198 199 198 200 200 199 198 196 195 197 199 197 201 203 203 204 204 204 205 205 203 204 203 204 206 205 203 205 204 205 205 205 206 206 206 206 206 206 207 209 206 206 203 198 206 198 198 198 198 197 199 201 205 209 207 205 202 203 202 202 202 199 197 200 201 202 200 201 202 202 203 204 206 208 206 205 204 201 200 203 204 207 206 206 205 204 201 201
197 197 197 198 197 198 198 199 199 200 198 198 196 197 196 198 200 202 202 203 203 204 204 204 204 204 205 205 204 205 204 203 203 202 204 204 205 205 206 206 207 207 207 208 208 207 206 207 202 200 196 192 193 199 203 199 202 206 208 209 208 205 204 205 205 204 203 203 203 203 204 204 203 203 204 205 206 206 208 207 205 203 203 202 200 204 206 208 206 207 206 204 205 204
197 198 198 198 197 198 198 199 200 198 197 199 196 197 198 199 201 202 202 203 203 204 203 204 204 205 205 204 202 203 203 202 202 202 202 204 205 205 205 206 206 207 207 208 207 203 203 210 206 199 199 200 203 203 204 206 207 209 210 209 206 206 206 207 205 203 203 205 206 205 205 205 205 206 206 206 208 208 209 207 207 207 207 206 205 204 206 208 207 206 206 205 207 206
200 199 199 197 197 198 198 198 198 197 198 197 196 195 195 199 200 201 202 202 202 203 204 204 204 204 204 204 201 197 199 201 201 202 202 205 203 205 206 207 207 207 208 207 207 208 209 210 211 210 208 206 202 206 207 207 209 209 208 209 208 206 208 207 205 206 205 205 206 206 205 204 204 208 206 208 207 209 210 208 207 206 206 209 209 207 208 209 209 208 207 207 208 208
200 198 198 198 197 197 197 197 198 197 198 198 197 195 193 199 198 200 200 202 203 203 203 204 204 204 203 200 198 197 197 200 201 202 204 203 202 203 205 206 207 207 207 205 206 209 208 203 207 210 211 210 207 208 209 208 212 211 209 208 209 208 209 208 207 208 207 208 207 208 207 207 205 207 209 209 209 211 209 210 209 209 208 210 209 209 209 209 208 209 208 209 208 209
201 199 199 198 196 196 197 197 197 198 198 196 195 194 196 197 198 197 199 202 203 203 203 204 204 202 202 198 195 197 200 200 201 202 202 204 205 205 206 207 207 206 206 205 204 206 206 206 206 208 211 211 210 210 210 211 212 211 209 210 209 207 209 209 209 210 210 208 207 208 209 207 207 208 209 210 209 210 211 211 211 209 208 208 209 208 208 207 208 209 210 209 209 208
201 200 199 198 197 197 197 197 197 197 196 196 197 196 197 198 196 199 201 200 201 202 203 204 203 202 202 200 200 200 200 201 201 203 204 205 206 206 206 207 206 204 206 204 204 205 205 206 208 210 209 211 212 212 211 210 212 212 210 211 211 209 209 209 210 211 208 208 209 209 209 208 208 209 210 211 211 210 211 212 211 210 208 207 210 207 205 205 206 206 210 207 207 206
200 200 199 199 198 197 197 197 197 197 197 197 198 198 197 199 200 200 200 200 201 201 202 204 202 200 200 201 200 198 200 201 203 203 203 205 205 207 206 206 206 205 205 203 205 204 207 208 209 207 208 210 211 212 213 213 212 211 211 212 210 209 207 207 209 210 209 209 211 210 209 209 207 208 208 210 211 211 211 211 211 212 210 210 212 210 206 207 210 211 210 206 207 204
201 200 200 199 198 197 197 197 197 196 197 197 196 198 199 198 198 196 197 200 201 201 203 201 202 201 200 200 198 199 198 201 201 203 204 203 206 205 204 205 204 202 202 202 204 204 204 204 203 204 208 209 209 211 213 212 212 212 212 212 212 211 209 210 211 209 210 210 209 207 208 207 208 207 206 209 212 211 213 211 212 210 209 210 209 207 210 207 212 209 208 205 203 204
201 201 200 199 198 197 197 197 197 196 196 195 195 197 198 196 195 195 197 199 201 202 201 201 200 199 199 199 199 201 199 201 201 203 205 206 203 204 203 203 203 204 202 203 203 201 204 203 198 199 205 205 209 212 213 213 212 212 213 212 212 212 211 212 210 211 209 208 207 208 209 207 208 209 209 212 211 212 214 210 214 211 208 208 208 207 210 212 212 209 209 205 207 204
200 200 200 199 198 197 197 197 197 196 196 195 195 197 196 195 194 195 199 199 199 200 200 200 199 197 199 198 200 201 202 202 201 204 206 204 202 199 196 202 202 205 204 206 204 200 199 199 200 201 202 205 209 211 213 213 213 213 213 213 212 212 213 210 211 211 207 208 209 207 210 208 209 209 210 212 212 214 213 215 212 210 211 210 209 211 212 214 209 210 211 210 208 206
199 198 198 198 198 197 197 197 197 197 197 196 195 195 196 195 194 197 197 200 200 200 200 200 198 197 198 198 200 202 201 203 204 204 204 202 197 193 197 198 201 204 206 206 205 203 201 203 203 205 204 204 208 211 212 213 213 214 214 214 213 213 213 212 211 210 208 210 209 208 209 209 209 210 211 211 212 213 216 212 214 211 213 210 208 211 212 211 213 211 211 208 210 210
196 196 197 196 197 197 197 197 196 196 196 196 197 197 196 196 196 198 199 199 201 200 198 196 195 194 194 199 200 201 200 202 204 205 204 202 196 191 193 196 202 205 206 206 206 204 204 207 208 208 209 210 211 209 209 210 213 213 214 213 210 209 212 210 213 212 212 211 210 209 206 208 209 211 211 211 213 216 214 213 215 214 213 213 211 212 215 213 209 207 205 208 206 207
195 195 196 198 198 198 197 197 197 197 197 197 197 196 196 197 197 197 199 199 199 197 193 192 193 195 197 200 201 200 202 201 204 205 203 201 199 193 193 194 199 203 204 205 208 206 204 207 209 210 209 211 209 208 207 207 212 214 213 212 208 209 210 211 208 210 211 208 209 206 207 208 208 210 212 212 211 214 216 216 217 215 215 213 213 211 213 216 214 211 211 211 212 208
195 195 197 199 200 198 198 198 197 197 197 197 196 196 194 194 195 195 199 199 197 193 191 191 194 196 199 201 201 201 201 203 204 204 204 203 201 199 197 193 198 202 205 207 208 210 209 208 208 210 210 211 210 206 209 212 212 214 213 209 211 211 209 209 209 208 210 208 205 206 208 210 211 211 212 214 213 213 214 214 216 216 215 214 213 215 216 217 215 214 214 214 214 212
196 197 199 200 200 199 199 198 198 197 197 197 196 193 192 192 193 198 199 197 194 192 191 194 195 199 201 202 202 202 203 204 204 203 203 204 203 201 199 196 199 202 205 207 208 210 211 209 208 210 212 212 210 210 210 212 214 214 213 212 210 211 211 210 208 207 208 208 210 209 208 213 213 213 215 215 214 214 212 214 217 218 216 216 214 213 215 218 218 217 214 212 209 210
196 199 201 200 200 199 199 198 198 197 197 197 194 192 192 192 194 196 196 198 192 194 194 197 200 200 202 202 203 202 204 204 203 203 203 203 203 202 200 200 203 204 205 206 206 207 208 209 212 212 212 210 210 213 211 214 214 213 213 210 211 211 210 210 210 207 208 209 211 211 211 213 214 215 216 214 214 214 215 216 218 219 216 216 216 214 212 214 219 217 216 212 215 212
198 200 201 201 200 199 199 198 198 198 197 196 193 192 191 191 195 195 192 194 195 195 194 198 200 202 202 203 204 203 203 201 202 202 202 202 201 196 195 200 206 205 207 208 207 206 207 207 210 210 213 212 212 212 213 214 214 214 213 212 211 211 210 210 209 209 211 209 211 213 212 215 216 215 216 214 213 217 216 217 219 219 218 216 216 215 214 216 219 219 216 215 217 213
199 201 202 201 199 198 198 198 198 198 197 196 194 195 194 192 191 189 191 194 193 195 196 198 202 202 203 203 203 201 200 199 197 200 200 199 195 196 199 204 207 208 208 209 207 205 206 210 211 210 212 214 212 212 214 215 214 212 213 212 211 210 209 209 210 209 212 212 213 213 214 215 215 218 214 216 217 218 216 218 220 220 218 219 218 215 216 219 221 219 218 218 219 216
202 202 202 201 199 198 198 198 198 197 197 195 195 194 191 190 187 190 190 193 195 198 199 203 199 200 201 201 203 201 198 196 196 194 197 194 195 198 202 206 207 208 210 209 209 209 209 210 212 211 212 213 213 214 215 215 213 211 210 212 211 212 210 212 212 211 213 214 213 215 215 215 216 218 218 217 219 218 219 220 219 218 218 218 216 214 215 218 221 223 221 221 218 217
202 202 201 201 199 198 198 198 198 197 196 195 192 192 190 188 189 189 192 193 196 199 198 199 201 201 200 201 203 201 199 195 192 189 188 187 193 194 201 204 206 207 209 210 211 210 211 212 212 213 213 213 214 215 215 215 213 208 210 212 214 211 211 214 211 213 213 215 215 216 216 216 216 217 219 219 218 219 221 221 220 220 219 218 217 217 214 219 223 223 222 221 221 220
200 200 200 199 198 198 198 198 197 195 194 193 191 190 189 190 190 192 194 198 200 198 199 200 199 199 200 201 202 202 199 195 189 190 193 192 193 199 202 205 208 209 209 210 211 211 212 213 212 213 214 213 214 215 215 215 214 211 211 213 213 212 213 213 212 214 215 215 216 217 217 217 218 217 219 220 220 221 221 219 220 220 219 218 219 217 218 220 223 224 225 224 221 219
199 198 198 198 198 198 198 198 196 195 193 191 191 190 189 191 194 196 197 196 201 196 200 198 198 200 198 199 201 200 199 195 194 196 195 196 199 202 204 206 208 209 210 210 211 210 210 210 212 210 212 214 215 215 215 215 216 214 215 215 215 214 214 213 214 215 216 217 217 217 218 218 217 219 220 220 221 221 220 220 220 221 220 221 219 220 221 222 225 226 226 224 224 223
200 198 198 199 198 197 198 198 197 196 194 192 191 190 191 190 192 192 193 196 199 196 197 199 198 198 196 197 200 199 199 198 199 200 196 201 201 204 205 207 208 209 210 211 210 209 209 211 210 210 210 212 214 214 215 216 216 216 215 216 216 214 214 215 216 217 217 217 218 218 218 218 219 219 220 221 221 219 219 219 220 221 222 222 220 222 223 224 226 228 228 227 227 227
200 199 199 199 199 199 198 198 198 197 195 193 193 193 190 189 193 193 196 199 192 194 192 197 196 194 196 197 198 200 201 202 203 203 202 206 205 207 207 208 209 209 210 210 211 211 211 212 211 213 213 213 214 214 215 216 216 216 216 217 215 215 216 217 217 217 218 218 218 218 218 218 219 219 220 220 221 220 219 220 221 222 223 223 223 224 225 226 227 230 230 229 231 230
198 199 198 198 198 199 198 198 197 195 195 192 188 188 188 191 191 191 195 196 193 192 191 192 190 192 196 198 200 202 203 202 205 207 207 203 208 208 209 210 210 211 211 212 212 212 212 213 213 212 213 214 214 215 215 215 216 216 217 217 217 217 217 217 218 218 218 219 219 219 219 219 220 220 220 221 221 220 221 222 222 223 224 224 225 226 227 228 230 232 234 234 234 237
197 198 198 198 198 197 198 197 198 196 194 188 186 188 189 191 191 190 195 194 189 186 188 187 190 193 197 200 202 205 206 208 208 209 206 208 209 209 209 209 211 212 211 211 212 213 212 213 213 214 214 214 214 214 216 216 216 216 217 216 217 217 217 218 218 218 218 218 218 219 219 220 220 220 221 221 222 221 222 223 223 223 225 225 226 227 -9999 -9999 -9999 -9999 -9999 -9999 -9999 -9999
197 198 197 197 196 196 197 197 197 197 191 189 188 188 188 192 191 191 193 188 182 185 183 188 192 194 197 200 199 204 206 209 207 210 211 209 209 210 210 211 211 212 213 212 211 213 213 213 212 212 214 215 215 216 215 215 216 216 217 216 216 217 216 218 217 217 216 215 213 217 220 220 220 221 221 221 222 222 223 223 224 225 225 226 227 229 -9999 -9999 -9999 -9999 -9999 -9999 -9999 -9999
197 196 196 196 195 195 195 196 196 194 194 194 192 190 189 191 189 188 187 183 181 182 183 187 189 192 193 197 201 201 204 204 207 207 210 210 210 211 209 210 209 211 213 213 213 213 214 214 214 214 215 215 215 216 215 215 215 215 216 217 217 217 217 217 213 215 213 214 212 215 218 219 220 221 221 222 222 223 223 224 225 225 226 227 228 230 -9999 -9999 -9999 -9999 -9999 -9999 -9999 -9999
195 192 194 194 194 193 193 196 192 194 193 193 192 191 187 188 188 183 182 180 181 184 189 191 194 198 201 200 203 205 208 207 208 208 211 212 212 212 212 210 210 210 212 212 213 213 213 213 213 215 214 215 216 215 215 215 215 216 217 217 217 217 215 213 212 214 215 215 215 215 218 219 220 221 222 222 223 223 224 224 225 226 227 228 229 231 -9999 -9999 -9999 -9999 -9999 -9999 -9999 -9999
191 190 191 191 192 193 192 194 192 195 193 191 192 188 189 189 186 182 182 182 181 183 182 189 193 198 200 203 206 205 205 209 210 210 209 209 210 210 212 212 212 212 213 214 212 210 211 212 212 213 215 215 215 215 215 215 216 217 217 217 217 217 217 216 216 216 216 217 218 218 218 219 220 221 222 223 223 224 224 225 226 226 227 229 230 232 -9999 -9999 -9999 -9999 -9999 -9999 -9999 -9999
