sesion_6_simulaciones/modelos_distribucion_especies/ejemplo/variables/futuro_B2/2100/TMNV.asc
ncols 708
nrows 329
xllcorner -7.525000
yllcorner 35.991667
cellsize 0.008333
NODATA_value -9999
[rows 82 to 122 of 329, columns 564 to 657 of 708]
199 200 195 200 196 196 192 189 187 184 183 181 181 181 180 177 176 177 179 180 180 182 182 182 182 182 180 179 180 180 179 179 179 178 176 175 177 178 177 175 -9999 -9999 -9999 -9999 -9999 -9999 -9999 -9999 -9999 -9999 -9999 -9999 -9999 -9999 -9999 -9999 -9999 -9999 -9999 -9999 -9999 -9999 -9999 -9999 -9999 -9999 -9999 -9999 -9999 -9999 -9999 -9999 -9999 -9999 -9999 -9999 -9999 -9999 -9999 -9999 -9999 -9999 -9999 -9999 -9999 -9999 -9999 -9999 -9999 -9999 -9999 -9999 -9999 -9999
196 199 195 196 194 194 194 190 185 182 181 181 181 180 178 177 178 177 181 181 182 182 183 182 182 181 179 179 179 178 178 178 179 177 175 176 176 174 175 174 -9999 -9999 -9999 -9999 -9999 -9999 -9999 -9999 -9999 -9999 -9999 -9999 -9999 -9999 -9999 -9999 -9999 -9999 -9999 -9999 -9999 -9999 -9999 -9999 -9999 -9999 -9999 -9999 -9999 -9999 -9999 -9999 -9999 -9999 -9999 -9999 -9999 -9999 -9999 -9999 -9999 -9999 -9999 -9999 -9999 -9999 -9999 -9999 -9999 -9999 -9999 -9999 -9999 -9999
190 196 195 193 194 188 186 183 182 181 181 181 180 180 181 181 181 181 182 181 182 182 182 183 182 180 179 179 178 177 178 177 174 177 174 173 173 174 175 175 175 179 179 179 178 177 179 180 183 183 -9999 -9999 -9999 -9999 -9999 -9999 -9999 -9999 -9999 -9999 -9999 -9999 -9999 -9999 -9999 -9999 -9999 -9999 -9999 -9999 -9999 -9999 -9999 -9999 -9999 -9999 -9999 -9999 -9999 -9999 -9999 -9999 -9999 -9999 -9999 -9999 -9999 -9999 -9999 -9999 -9999 -9999 -9999 -9999
189 191 195 192 188 184 179 182 182 181 180 178 178 181 182 181 182 182 183 183 183 183 183 182 179 179 179 179 178 177 176 176 175 175 172 171 174 175 177 176 176 180 179 179 178 179 180 180 183 182 -9999 -9999 -9999 -9999 -9999 -9999 -9999 -9999 -9999 -9999 -9999 -9999 -9999 -9999 -9999 -9999 -9999 -9999 -9999 -9999 -9999 -9999 -9999 -9999 -9999 -9999 -9999 -9999 -9999 -9999 -9999 -9999 -9999 -9999 -9999 -9999 -9999 -9999 -9999 -9999 -9999 -9999 -9999 -9999
190 187 192 186 176 180 182 182 181 180 180 180 181 182 182 180 181 182 181 182 181 182 182 182 180 180 179 179 178 175 175 175 176 174 175 175 177 178 178 178 177 181 180 179 179 181 181 181 182 182 184 184 185 185 185 186 185 186 -9999 -9999 -9999 -9999 -9999 -9999 -9999 -9999 -9999 -9999 -9999 -9999 -9999 -9999 -9999 -9999 -9999 -9999 -9999 -9999 -9999 -9999 -9999 -9999 -9999 -9999 -9999 -9999 -9999 -9999 -9999 -9999 -9999 -9999 -9999 -9999
190 185 188 180 182 182 182 180 181 180 181 181 181 182 180 179 181 180 181 180 182 180 181 179 179 180 178 179 177 175 175 178 178 177 178 178 179 180 181 179 179 181 180 182 183 182 183 183 183 182 182 182 182 183 182 183 186 187 -9999 -9999 -9999 -9999 -9999 -9999 -9999 -9999 -9999 -9999 -9999 -9999 -9999 -9999 -9999 -9999 -9999 -9999 -9999 -9999 -9999 -9999 -9999 -9999 -9999 -9999 -9999 -9999 -9999 -9999 -9999 -9999 -9999 -9999 -9999 -9999
192 193 185 180 183 182 181 181 181 181 181 181 181 181 179 180 180 180 179 178 181 179 178 177 179 179 180 180 178 178 179 179 180 178 179 180 181 182 183 181 182 183 184 184 184 184 184 185 182 182 182 183 183 184 186 186 186 187 187 187 186 187 -9999 -9999 -9999 -9999 -9999 -9999 -9999 -9999 -9999 -9999 -9999 -9999 -9999 -9999 -9999 -9999 -9999 -9999 -9999 -9999 -9999 -9999 -9999 -9999 -9999 -9999 -9999 -9999 -9999 -9999 -9999 -9999
198 194 186 183 183 182 180 182 181 181 181 181 181 180 179 180 177 179 178 180 180 178 177 179 177 180 182 184 183 183 180 180 184 181 181 183 184 184 183 182 184 184 185 186 185 185 184 186 185 184 185 183 183 184 185 186 187 187 188 188 188 187 -9999 -9999 -9999 -9999 -9999 -9999 -9999 -9999 -9999 -9999 -9999 -9999 -9999 -9999 -9999 -9999 -9999 -9999 -9999 -9999 -9999 -9999 -9999 -9999 -9999 -9999 -9999 -9999 -9999 -9999 -9999 -9999
194 195 186 185 182 181 181 182 182 181 182 181 181 180 179 178 176 178 181 181 179 177 178 179 181 184 185 186 186 184 184 184 184 183 185 185 185 186 184 185 185 184 185 186 186 187 187 187 187 186 185 186 186 185 186 186 186 185 187 188 189 189 189 189 -9999 -9999 -9999 -9999 -9999 -9999 -9999 -9999 -9999 -9999 -9999 -9999 -9999 -9999 -9999 -9999 -9999 -9999 -9999 -9999 -9999 -9999 -9999 -9999 -9999 -9999 -9999 -9999 -9999 -9999
194 188 185 184 180 181 181 182 182 182 182 182 180 180 178 178 178 179 180 177 177 177 182 183 183 185 187 187 184 182 183 183 183 184 184 186 186 187 186 185 184 185 186 187 187 188 188 188 187 187 187 186 187 187 186 185 183 185 187 188 189 189 189 189 -9999 -9999 -9999 -9999 -9999 -9999 -9999 -9999 -9999 -9999 -9999 -9999 -9999 -9999 -9999 -9999 -9999 -9999 -9999 -9999 -9999 -9999 -9999 -9999 -9999 -9999 -9999 -9999 -9999 -9999
189 189 185 183 182 182 183 182 182 182 182 180 179 179 180 179 179 178 177 180 179 180 183 184 186 187 187 186 184 182 179 178 178 178 180 182 186 188 186 184 185 185 185 185 186 187 188 189 188 188 188 188 187 184 185 184 187 186 188 189 189 189 189 190 -9999 -9999 -9999 -9999 -9999 -9999 -9999 -9999 -9999 -9999 -9999 -9999 -9999 -9999 -9999 -9999 -9999 -9999 -9999 -9999 -9999 -9999 -9999 -9999 -9999 -9999 -9999 -9999 -9999 -9999
189 185 187 183 183 183 183 183 182 182 181 178 178 180 181 180 178 176 178 180 181 185 184 186 187 189 187 183 183 179 173 168 173 179 182 186 187 188 188 187 185 182 182 183 185 187 188 189 188 188 189 188 186 184 188 188 188 187 189 190 190 190 190 190 -9999 -9999 -9999 -9999 -9999 -9999 -9999 -9999 -9999 -9999 -9999 -9999 -9999 -9999 -9999 -9999 -9999 -9999 -9999 -9999 -9999 -9999 -9999 -9999 -9999 -9999 -9999 -9999 -9999 -9999
187 183 185 184 184 182 183 182 181 181 177 181 180 181 180 177 177 179 184 185 185 185 186 188 188 188 186 184 182 178 167 171 177 182 185 186 188 189 188 186 183 181 176 180 183 184 188 188 187 188 189 189 187 188 189 189 190 190 190 190 190 190 190 190 190 188 189 188 -9999 -9999 -9999 -9999 -9999 -9999 -9999 -9999 -9999 -9999 -9999 -9999 -9999 -9999 -9999 -9999 -9999 -9999 -9999 -9999 -9999 -9999 -9999 -9999 -9999 -9999
184 183 184 184 181 182 182 181 181 178 178 182 182 181 178 175 175 179 181 185 187 187 187 188 189 189 186 186 182 175 177 178 180 181 183 186 188 184 188 187 186 180 177 180 179 186 189 186 186 187 190 189 189 189 190 190 190 191 191 191 190 191 191 190 189 189 189 188 -9999 -9999 -9999 -9999 -9999 -9999 -9999 -9999 -9999 -9999 -9999 -9999 -9999 -9999 -9999 -9999 -9999 -9999 -9999 -9999 -9999 -9999 -9999 -9999 -9999 -9999
182 182 183 180 180 180 178 181 181 182 179 185 183 181 179 175 179 181 184 186 188 188 190 190 191 188 186 185 183 179 182 183 183 184 185 184 184 184 188 189 182 181 180 184 185 185 189 187 186 189 191 191 190 189 190 191 191 191 191 191 191 191 190 190 189 189 188 188 -9999 -9999 -9999 -9999 -9999 -9999 -9999 -9999 -9999 -9999 -9999 -9999 -9999 -9999 -9999 -9999 -9999 -9999 -9999 -9999 -9999 -9999 -9999 -9999 -9999 -9999
183 181 179 177 180 178 180 178 183 183 185 184 182 175 174 176 179 184 187 188 189 190 190 189 190 188 187 186 185 182 183 185 185 186 186 186 187 186 187 190 189 186 186 187 187 186 189 191 190 191 191 191 190 190 190 190 189 189 191 191 191 191 190 189 190 189 188 188 -9999 -9999 -9999 -9999 -9999 -9999 -9999 -9999 -9999 -9999 -9999 -9999 -9999 -9999 -9999 -9999 -9999 -9999 -9999 -9999 -9999 -9999 -9999 -9999 -9999 -9999
183 180 178 176 174 183 184 181 185 186 183 181 178 174 176 180 183 186 189 189 190 190 191 191 191 190 189 186 184 184 185 185 185 186 188 188 188 188 187 188 188 185 187 188 189 189 190 191 191 191 191 191 191 191 191 190 191 191 191 191 191 191 191 190 190 190 188 186 185 187 186 187 -9999 -9999 -9999 -9999 -9999 -9999 -9999 -9999 -9999 -9999 -9999 -9999 -9999 -9999 -9999 -9999 -9999 -9999 -9999 -9999 -9999 -9999
181 180 176 176 180 179 184 186 185 190 183 179 174 177 178 184 188 189 190 191 190 191 192 192 190 188 188 187 186 188 187 187 188 188 188 188 188 188 187 190 190 185 183 184 187 190 190 191 192 192 192 192 191 191 192 190 192 192 192 192 192 191 191 191 190 190 189 188 187 188 188 186 -9999 -9999 -9999 -9999 -9999 -9999 -9999 -9999 -9999 -9999 -9999 -9999 -9999 -9999 -9999 -9999 -9999 -9999 -9999 -9999 -9999 -9999
177 178 178 181 184 184 180 185 190 188 184 183 175 180 184 187 190 191 192 191 191 192 192 191 191 187 185 188 189 189 189 189 189 189 189 188 185 185 190 191 191 189 186 184 188 191 191 192 192 192 192 192 191 192 192 192 192 192 192 192 192 192 191 191 191 189 190 189 189 186 188 189 189 189 189 189 188 -9999 -9999 -9999 -9999 189 190 191 -9999 -9999 -9999 -9999 -9999 -9999 -9999 -9999 -9999 -9999
177 178 176 176 176 181 188 186 193 186 187 181 180 184 187 188 191 192 192 192 192 193 192 191 191 190 189 190 190 190 190 190 190 189 187 183 185 189 191 192 191 190 188 186 189 191 192 192 192 192 192 192 192 192 192 192 192 192 192 192 192 192 192 191 190 189 189 189 189 188 189 188 189 189 189 189 189 190 -9999 -9999 189 189 191 191 -9999 -9999 -9999 -9999 -9999 -9999 -9999 -9999 -9999 -9999
177 176 177 179 181 184 181 190 191 186 186 184 179 183 187 188 189 190 192 193 193 193 191 191 191 191 191 191 191 191 191 190 189 188 183 184 189 191 192 192 191 191 189 186 187 191 192 193 193 193 193 193 193 192 192 192 192 192 192 192 192 192 192 191 191 190 190 190 190 190 190 189 189 188 188 188 189 191 192 191 191 191 191 191 -9999 -9999 -9999 -9999 -9999 -9999 -9999 -9999 -9999 -9999
179 180 181 180 179 182 188 193 188 186 183 180 181 184 187 188 190 191 192 192 193 193 191 190 192 192 192 192 191 192 190 190 189 188 186 190 190 192 192 192 191 190 189 186 189 192 192 193 193 193 193 193 192 192 192 192 192 192 192 192 191 192 192 191 191 191 191 191 190 190 190 189 190 190 190 190 190 191 191 193 193 193 193 194 -9999 -9999 -9999 -9999 -9999 -9999 -9999 -9999 -9999 -9999
180 182 183 187 182 187 193 191 187 183 179 182 186 187 185 188 188 188 189 192 192 193 192 192 192 192 192 192 192 192 191 190 186 187 188 190 192 193 193 192 191 190 187 188 190 192 192 193 193 193 193 193 193 193 193 192 192 192 192 191 191 191 191 191 191 190 190 190 189 190 189 189 189 190 190 191 191 191 191 190 191 192 192 191 193 193 195 196 195 196 195 196 196 196
179 176 183 187 190 190 195 188 183 180 179 185 188 188 186 181 185 187 191 193 194 191 192 192 192 192 191 192 193 192 191 187 188 188 189 192 193 194 192 189 188 185 186 188 191 193 192 193 193 193 193 193 193 193 193 192 192 192 191 191 191 191 191 191 191 190 190 190 189 189 189 189 190 190 190 189 189 189 189 190 190 192 191 190 190 192 192 193 194 195 196 195 197 197
179 180 184 182 188 194 194 189 185 187 185 189 189 188 186 186 189 187 192 194 192 192 192 191 191 191 189 191 193 191 186 187 188 187 192 193 193 193 190 186 184 185 187 188 192 193 193 193 193 193 193 193 193 193 192 192 191 191 191 191 191 191 191 191 191 191 191 190 190 190 190 190 190 190 190 189 189 189 190 190 189 190 189 189 189 190 191 189 192 194 196 196 197 197
181 183 185 187 193 194 192 188 187 189 190 189 187 187 188 191 189 192 193 193 191 192 191 187 189 186 190 192 193 188 188 189 187 190 193 194 194 192 188 186 184 188 189 192 193 193 193 193 193 193 193 193 193 192 192 192 191 191 191 191 191 191 191 191 191 191 191 191 191 191 191 191 191 190 190 190 189 189 190 190 189 189 189 189 191 191 191 193 192 193 195 196 196 197
183 187 189 187 192 195 191 189 190 191 191 189 188 189 188 192 193 193 194 192 193 193 191 187 189 191 193 194 192 192 192 189 191 193 194 194 194 193 189 191 190 190 191 192 193 193 193 193 193 193 193 193 193 192 192 192 192 191 191 191 191 191 191 191 191 191 191 191 191 191 191 191 191 190 190 190 189 189 191 188 188 188 189 189 190 190 191 194 194 192 193 195 197 198
187 190 192 193 193 196 193 192 192 192 192 192 192 192 193 193 193 194 195 193 194 193 192 191 193 193 194 194 193 193 193 193 193 194 194 195 194 194 191 190 191 191 192 192 193 193 193 193 193 193 193 193 193 193 192 192 192 191 191 191 191 191 191 191 191 191 191 191 191 191 191 191 191 191 190 190 190 189 192 191 190 189 191 193 193 194 194 196 196 194 196 197 198 198
190 192 194 194 194 193 193 192 193 192 192 193 193 193 193 193 194 194 196 194 194 194 192 194 194 194 194 194 194 194 194 195 195 194 195 195 194 194 193 192 192 192 192 193 193 193 193 193 193 193 193 193 193 193 193 192 191 192 191 191 191 191 191 191 191 191 192 192 192 192 191 191 191 190 191 192 192 192 193 192 191 192 192 193 194 195 195 196 196 197 196 197 197 198
191 193 194 196 197 193 193 194 194 193 193 193 193 193 188 191 194 195 197 194 194 194 195 195 195 195 195 194 195 195 195 195 195 195 195 195 195 194 194 193 192 191 192 193 193 193 193 193 193 193 193 193 193 193 192 192 192 191 191 191 191 191 191 191 191 192 192 192 192 192 191 191 192 192 193 194 194 194 194 193 193 193 194 195 196 195 197 197 197 197 197 198 198 199
192 193 195 195 197 196 195 196 193 193 193 194 194 193 191 193 194 195 195 195 194 194 195 195 195 195 195 195 195 195 195 195 195 195 195 195 195 195 194 193 192 192 192 193 193 193 193 193 193 193 193 193 193 192 193 192 192 191 191 191 191 191 191 192 192 192 192 192 192 192 192 193 193 194 194 194 195 195 195 195 195 195 196 196 196 196 196 197 196 197 198 197 197 196
193 193 193 195 195 198 196 194 194 194 194 194 194 195 193 194 194 196 195 195 195 195 195 195 195 195 195 195 195 195 195 195 195 195 195 196 195 195 195 194 193 192 193 194 193 194 193 194 193 194 193 193 193 194 193 192 192 191 192 192 192 192 192 192 192 192 192 192 191 191 191 192 193 193 194 194 195 195 195 195 196 196 195 195 196 196 197 196 196 197 197 196 195 193
194 193 194 194 196 198 195 196 196 194 193 193 194 195 195 195 195 196 195 195 195 195 196 196 196 196 196 196 196 195 195 195 196 196 196 196 195 195 195 194 194 194 194 194 194 194 194 194 194 194 194 194 194 193 192 193 192 192 193 192 192 193 192 192 192 191 191 191 191 191 191 192 192 193 194 194 195 195 195 195 195 194 192 192 194 195 197 197 196 196 195 194 195 196
193 194 194 194 198 198 197 197 194 194 193 194 194 195 195 196 195 196 196 195 195 196 196 196 196 195 196 196 196 196 196 196 196 196 196 196 196 195 194 194 194 194 194 194 194 195 195 194 194 194 194 194 194 193 193 193 193 193 192 192 193 193 192 192 192 191 191 191 191 191 191 191 193 193 193 194 194 195 195 195 194 191 187 188 191 193 195 196 196 195 193 195 195 194
195 194 194 195 197 198 196 195 195 194 194 194 194 195 195 196 196 196 198 196 196 196 197 197 196 196 196 196 196 196 196 196 196 197 197 196 195 195 194 194 194 194 195 195 195 195 194 194 194 195 194 194 194 194 194 193 192 192 191 193 192 192 192 191 191 191 191 191 191 190 190 191 190 191 191 193 193 194 195 195 194 192 189 187 191 193 195 195 196 194 195 194 194 190
195 195 197 197 198 198 195 195 195 195 194 194 195 195 195 196 197 197 198 197 197 197 197 197 197 197 197 196 196 196 197 196 197 197 197 196 195 195 194 194 194 195 195 195 195 195 195 195 195 195 195 194 194 194 194 193 193 192 193 193 192 192 191 191 191 190 191 190 191 190 190 191 192 193 193 194 194 195 194 194 195 193 193 193 193 194 195 196 195 194 193 192 191 190
197 195 197 199 198 194 195 195 195 195 195 195 195 195 196 196 197 197 197 198 198 198 197 197 197 197 197 197 196 196 196 197 197 197 197 196 196 195 194 194 195 195 196 196 195 195 195 195 195 195 195 195 195 195 194 194 193 193 193 194 192 192 192 191 192 191 191 190 190 190 190 192 193 193 194 194 194 194 195 193 194 194 193 193 194 195 194 195 195 194 192 195 194 195
197 196 196 199 195 195 195 195 195 195 195 195 195 195 196 197 197 197 198 198 199 198 198 197 197 197 198 197 197 198 198 195 196 195 196 197 196 195 195 195 195 196 195 195 194 194 194 194 195 195 195 195 195 195 194 194 194 194 194 194 193 193 193 192 193 192 192 192 191 191 190 191 192 192 194 194 195 194 194 194 194 194 192 193 193 194 195 195 194 193 194 197 193 196
197 197 198 197 195 195 195 195 195 195 195 195 195 196 196 197 197 198 197 198 198 198 198 198 198 198 198 198 196 197 197 196 195 195 195 195 195 196 196 196 196 196 196 196 196 195 194 194 194 195 195 195 195 195 195 195 195 195 195 195 194 194 194 194 194 194 193 193 192 192 191 190 192 192 193 192 193 194 194 193 193 193 194 194 194 194 196 195 194 193 197 198 197 196
199 197 199 196 195 195 195 195 195 195 195 195 196 196 197 197 197 198 198 198 198 198 199 199 198 198 198 196 195 196 195 195 195 195 196 195 195 194 195 195 195 196 195 195 194 195 195 195 195 195 195 194 193 194 195 195 195 195 195 195 195 194 194 194 194 193 193 193 192 191 190 190 191 192 192 192 193 192 192 192 192 192 193 194 195 196 196 197 198 198 198 198 196 194
197 199 200 198 195 195 195 195 195 195 195 196 197 197 197 198 197 198 198 198 198 199 199 199 198 197 197 196 196 195 195 195 196 196 196 196 195 195 194 194 194 195 194 194 193 193 194 195 195 195 195 195 195 195 195 195 195 195 195 195 195 195 194 194 194 193 193 192 192 192 192 191 191 191 191 191 191 190 191 192 192 192 192 193 194 195 195 195 196 197 198 198 195 190
