sesion_6_simulaciones/modelos_distribucion_especies/ejemplo/variables/futuro_B2/2100/TMXV.asc
ncols 708
nrows 329
xllcorner -7.525000
yllcorner 35.991667
cellsize 0.008333
NODATA_value -9999
[rows 205 to 245 of 329, columns 376 to 469 of 708]
347 346 345 343 345 346 346 346 342 342 342 342 325 332 330 330 329 327 328 334 328 327 325 324 324 326 328 327 329 329 326 324 328 328 320 333 337 337 334 339 339 339 339 339 338 337 340 341 341 341 336 335 337 336 335 338 341 342 339 336 335 334 333 335 335 336 335 333 327 328 326 330 331 331 332 335 335 336 336 337 336 338 337 338 338 338 339 341 343 343 344 345 346 346
347 347 343 347 344 342 342 339 339 326 318 323 332 328 313 329 333 332 317 334 332 329 330 329 328 327 325 328 329 323 327 324 329 327 334 330 336 337 335 338 338 338 338 338 336 339 337 337 340 338 337 335 335 334 334 336 338 340 342 338 339 337 334 334 334 334 334 332 332 332 332 331 331 332 333 333 334 334 335 337 337 337 337 338 338 338 337 341 343 343 342 345 346 346
341 344 346 344 340 341 339 336 333 323 324 332 332 329 340 340 340 339 337 335 331 334 333 333 327 329 327 330 329 332 329 329 330 335 335 335 335 335 336 333 333 324 337 336 334 336 334 334 337 340 338 338 336 330 332 332 334 339 341 342 340 338 336 334 333 332 329 329 328 327 329 332 330 330 330 330 331 332 331 336 336 336 337 337 335 336 338 339 341 341 341 338 345 346
345 345 345 344 342 338 336 334 325 324 325 326 324 340 339 340 340 340 339 337 326 329 327 331 332 328 331 333 333 334 334 330 328 334 336 336 335 335 335 333 333 333 330 326 335 334 334 335 331 336 336 331 333 332 332 331 331 335 339 342 341 340 337 335 337 333 330 329 327 325 326 328 329 329 329 330 330 332 333 334 334 334 331 331 335 336 338 339 341 339 340 340 341 334
344 342 342 341 340 338 336 332 329 324 313 321 334 336 328 330 329 326 335 337 328 329 325 321 330 326 337 338 339 338 337 333 336 335 335 334 334 333 333 334 335 334 334 332 332 332 332 329 337 334 336 333 332 330 332 331 330 331 335 336 340 340 338 330 335 334 328 328 327 328 324 326 327 326 325 327 328 329 330 331 332 330 332 332 333 336 335 336 339 342 342 343 344 344
339 316 326 312 329 329 333 325 322 323 321 332 337 339 335 332 322 323 328 331 331 322 323 320 309 330 328 337 337 338 338 338 337 337 335 329 327 324 326 327 331 332 324 330 331 331 328 330 336 332 335 336 334 330 331 331 332 332 336 339 339 336 337 337 334 335 331 330 328 329 332 332 330 326 326 324 324 325 326 329 328 330 331 333 332 327 335 332 334 332 335 331 340 336
331 331 310 320 323 322 318 321 317 329 334 338 338 336 335 337 331 328 325 319 331 316 320 325 317 311 334 336 337 337 337 337 336 336 335 336 325 328 327 330 330 326 324 329 330 329 329 331 334 337 334 333 335 332 331 330 328 333 329 334 337 339 338 337 335 333 333 334 330 332 329 330 330 331 329 328 326 322 322 318 322 320 322 327 331 333 332 329 337 338 338 338 340 339
329 327 322 320 326 327 328 333 333 336 332 339 336 317 324 330 336 312 321 325 326 330 336 339 325 318 327 331 335 336 336 336 336 336 336 336 335 334 330 327 333 333 332 328 328 329 324 329 322 321 333 331 334 334 331 331 331 329 333 334 337 337 337 332 336 336 335 332 332 331 332 332 333 328 326 326 325 326 323 323 322 321 322 318 321 327 329 329 330 331 336 334 339 339
320 324 320 323 317 329 334 336 339 338 337 341 335 340 337 335 341 341 335 327 329 337 342 342 339 337 325 321 319 307 314 320 330 328 324 327 333 334 334 330 331 332 332 332 330 327 327 328 328 327 326 331 332 333 332 330 331 333 334 335 335 334 337 336 336 333 336 334 333 334 331 329 332 323 326 327 325 323 321 320 322 322 319 321 321 324 324 328 330 332 329 331 332 332
332 332 334 335 336 337 335 334 336 342 340 343 344 340 340 343 346 345 342 343 343 342 344 342 338 335 334 336 331 330 331 334 330 327 332 334 335 326 324 328 331 330 330 331 331 328 322 326 325 327 332 332 332 331 332 331 332 333 333 334 331 333 331 335 333 330 330 329 334 329 332 331 332 328 324 326 323 323 323 322 321 318 320 316 321 322 325 323 330 331 333 334 336 339
334 334 336 332 334 336 331 335 340 338 341 343 340 342 342 343 341 349 349 348 348 347 345 342 340 338 338 340 339 334 336 337 338 337 320 315 320 320 322 317 312 327 329 330 329 327 328 329 327 328 331 331 331 330 329 328 330 331 332 331 328 331 328 332 328 329 325 326 330 332 330 328 326 328 329 327 323 323 323 323 323 321 321 320 316 321 328 330 330 334 336 338 337 341
337 336 339 336 334 341 343 336 337 345 345 340 343 346 345 347 346 340 324 339 349 346 346 345 340 341 340 342 341 338 334 337 334 335 327 330 323 306 318 306 300 301 304 325 326 324 327 328 325 325 325 328 330 323 327 324 327 330 330 331 331 328 329 330 328 329 329 328 328 331 325 324 327 329 320 316 321 322 323 323 322 323 317 322 320 318 325 332 331 329 335 338 337 339
338 340 339 339 339 339 336 339 344 346 344 346 346 346 346 347 346 345 345 346 349 349 349 347 345 344 344 344 343 340 340 340 340 340 335 336 327 321 306 296 299 300 308 307 304 315 321 322 320 320 325 321 318 314 315 315 317 325 327 329 324 330 329 331 328 324 327 327 328 328 323 322 321 325 325 320 323 323 318 323 321 320 321 322 320 323 327 323 332 330 331 333 328 335
340 341 339 339 339 338 336 342 343 345 346 348 344 342 344 347 347 346 346 345 346 347 350 349 349 348 348 346 344 344 341 344 343 339 322 317 317 315 304 294 300 294 294 298 305 307 312 308 318 316 310 301 307 302 294 308 313 318 317 327 327 328 324 322 325 324 326 325 325 320 321 323 324 325 325 323 319 313 322 322 322 317 320 321 319 323 317 320 328 328 320 328 330 330
341 341 341 339 340 338 338 335 333 334 336 335 345 345 346 347 346 344 346 349 345 344 348 350 352 350 350 348 347 344 344 347 343 333 321 311 308 308 305 298 299 293 297 298 292 286 294 311 302 307 307 306 299 297 300 297 307 313 319 319 317 319 323 326 324 324 323 316 322 316 319 322 322 322 322 319 322 322 322 322 322 321 315 312 312 322 308 320 322 322 322 321 321 322
338 339 336 338 333 333 334 333 332 328 332 336 345 341 342 346 345 346 348 347 345 346 347 349 350 351 348 348 348 347 348 345 339 333 322 319 303 310 304 303 300 298 300 301 298 297 306 307 307 304 307 313 313 297 304 304 305 309 308 307 313 314 319 323 321 320 318 316 321 319 313 315 319 319 318 318 320 318 310 320 320 322 320 324 322 323 323 322 315 321 320 318 319 316
329 334 335 333 328 330 329 332 334 326 337 333 335 345 346 346 344 347 349 349 349 345 346 348 347 349 348 346 346 348 341 337 338 332 332 327 318 320 320 314 307 301 304 306 311 309 303 306 305 309 308 302 307 310 300 304 301 313 309 313 308 312 317 313 319 315 319 313 315 318 320 322 320 311 315 319 319 319 316 318 319 314 316 320 318 320 323 323 321 323 320 318 322 311
331 331 328 328 327 327 331 328 334 332 333 335 333 345 345 350 348 347 351 346 347 346 344 348 349 348 351 348 348 348 344 339 340 343 332 336 331 323 322 317 320 318 308 318 310 311 307 317 311 310 313 308 310 304 308 305 309 312 314 315 307 318 308 312 302 310 308 308 320 315 317 311 314 308 315 315 318 319 320 317 314 319 315 321 315 316 318 324 331 329 330 326 316 314
326 330 320 330 330 326 335 329 331 332 334 334 330 335 342 336 348 342 343 342 344 342 345 340 345 347 349 349 345 347 343 340 343 330 336 331 332 334 328 315 326 325 325 306 321 318 313 316 321 325 317 314 317 308 307 316 306 293 296 307 294 309 308 301 312 300 307 312 306 314 318 315 315 317 308 300 309 315 309 300 316 319 313 313 315 307 319 321 328 325 327 330 331 327
327 326 323 323 327 327 330 333 332 339 342 340 338 341 340 340 339 335 336 349 342 340 341 339 337 337 343 348 342 347 343 344 338 332 333 337 332 334 318 329 328 329 330 329 327 327 324 327 331 328 322 305 311 312 305 316 313 305 302 291 307 308 292 301 305 294 300 306 304 293 314 312 310 311 311 319 322 322 323 322 319 309 315 309 309 311 308 307 322 328 327 330 327 334
326 326 323 324 326 326 324 332 331 328 336 339 335 337 337 336 325 332 333 337 336 342 344 338 338 335 336 342 340 342 344 337 342 337 334 337 335 334 325 332 329 330 330 329 329 326 327 331 328 324 327 325 317 310 311 311 319 321 309 312 310 297 299 291 285 301 296 300 299 293 309 309 305 312 317 320 323 323 319 312 320 315 324 321 325 319 314 313 320 304 328 336 339 332
331 329 322 320 321 323 328 329 327 334 334 331 338 332 333 328 328 336 336 343 336 347 332 340 339 337 340 330 338 340 345 347 340 337 342 339 337 337 336 331 332 332 333 333 326 329 328 331 332 322 314 319 309 319 319 317 312 307 310 317 315 291 294 305 303 313 307 301 294 289 295 306 307 311 310 314 319 310 318 322 321 313 315 314 315 324 314 317 319 317 325 335 332 325
325 324 319 322 315 322 321 322 326 326 330 328 331 331 333 337 333 339 335 338 344 345 345 347 344 340 338 339 332 335 333 343 333 335 337 338 332 329 333 333 329 330 318 322 323 324 323 326 332 328 321 313 309 324 327 321 319 321 310 311 316 310 303 305 308 309 290 299 298 298 293 295 299 310 306 315 306 312 316 308 305 310 320 320 321 324 322 317 316 314 309 302 315 321
314 320 320 324 317 327 326 328 330 329 324 329 328 326 326 326 326 329 335 334 339 337 342 346 346 343 341 342 340 339 335 343 338 331 319 327 326 326 331 328 318 327 325 322 327 322 326 325 327 318 321 321 311 326 320 316 319 324 314 316 322 309 305 302 308 301 271 293 295 300 297 294 302 300 297 316 310 317 311 300 317 325 324 326 331 326 325 317 318 316 319 302 320 314
316 314 316 318 322 324 315 323 328 325 326 328 322 326 323 326 328 333 333 334 335 338 337 334 335 348 347 345 340 340 341 344 338 334 330 327 326 323 319 328 329 323 324 327 324 322 326 329 324 325 319 330 319 312 323 315 323 318 321 324 308 303 302 320 291 277 297 286 299 304 300 295 301 301 303 304 305 304 312 324 327 329 326 329 317 329 329 321 318 312 312 318 317 315
325 319 316 319 320 319 318 314 313 325 325 319 319 319 322 329 331 335 340 342 342 343 341 344 344 343 343 346 344 340 339 343 339 335 336 332 324 326 317 326 321 327 326 327 326 326 326 323 321 318 328 327 329 330 322 319 308 311 316 321 319 314 305 296 311 299 300 297 294 295 295 298 296 308 315 314 311 315 310 320 319 331 333 330 329 329 327 327 320 325 324 317 317 318
318 318 316 318 323 318 321 324 318 318 311 317 315 317 323 332 338 332 334 330 336 334 335 339 340 343 342 344 344 344 344 343 340 339 333 332 331 324 316 327 321 316 318 326 323 329 322 323 322 321 330 325 325 327 324 323 325 325 314 315 318 313 318 319 314 315 314 304 292 287 298 298 307 302 313 320 325 324 326 322 322 320 325 319 327 319 331 325 328 324 327 322 321 310
318 318 318 323 324 326 327 318 320 323 320 319 318 321 311 330 328 329 331 336 331 330 335 327 335 337 339 340 342 340 342 342 340 338 337 335 332 328 324 328 323 317 321 325 315 321 319 321 323 323 327 318 319 325 326 323 327 328 325 321 314 319 320 320 319 313 306 298 297 305 288 313 309 316 314 317 323 323 316 330 324 324 310 321 327 321 333 324 322 325 330 326 324 327
314 311 325 326 324 319 316 316 324 326 317 321 321 328 320 322 313 322 327 328 328 331 335 334 335 333 331 337 338 338 339 339 339 337 333 333 330 329 327 327 321 321 323 319 321 316 316 324 323 325 324 323 320 330 319 325 325 330 325 329 314 320 315 311 315 318 310 307 295 297 310 309 320 317 308 318 322 322 320 324 325 329 323 319 316 328 329 324 317 314 325 329 327 328
322 313 316 328 319 319 319 324 318 322 317 316 330 327 324 315 323 326 320 323 325 328 329 326 327 321 328 334 335 336 336 337 336 335 333 331 329 329 326 324 323 322 321 320 320 318 320 324 319 319 317 327 325 325 319 323 325 325 327 324 316 322 313 309 318 312 306 308 312 312 318 319 316 313 313 314 316 323 320 319 327 325 319 322 320 324 316 319 313 306 310 323 328 325
321 318 309 324 322 319 322 322 323 322 326 320 328 324 317 320 326 328 320 327 331 326 329 322 321 324 320 322 326 332 334 332 334 333 331 328 327 326 322 320 321 325 322 320 319 314 318 324 319 316 317 323 323 324 315 319 317 327 324 323 324 321 311 305 316 306 306 302 310 308 313 311 312 310 311 313 318 323 321 317 321 325 325 320 322 321 315 312 310 307 313 318 319 320
318 318 317 319 316 320 324 314 315 324 325 327 323 319 321 317 324 324 322 325 330 331 329 328 328 327 326 327 325 328 328 329 328 327 327 325 322 319 316 315 317 321 318 316 317 320 316 319 318 319 318 321 323 321 313 309 315 319 320 317 322 317 314 311 312 308 307 307 297 300 301 301 312 309 315 312 313 322 314 316 316 317 320 324 328 319 311 311 309 313 310 308 312 307
321 323 323 324 324 318 319 319 319 323 314 317 318 323 322 322 323 329 319 325 321 323 326 326 327 326 326 323 325 325 326 326 -9999 -9999 -9999 -9999 -9999 -9999 -9999 -9999 -9999 -9999 -9999 -9999 -9999 -9999 -9999 -9999 311 317 317 323 324 321 -9999 -9999 -9999 -9999 -9999 -9999 -9999 -9999 -9999 -9999 -9999 -9999 -9999 -9999 -9999 -9999 -9999 -9999 -9999 -9999 -9999 -9999 -9999 -9999 321 319 310 306 315 320 -9999 -9999 -9999 -9999 -9999 -9999 -9999 -9999 -9999 -9999
321 319 315 308 315 317 319 316 318 321 319 313 320 320 324 322 322 323 323 324 321 320 323 322 326 321 324 325 323 322 321 320 -9999 -9999 -9999 -9999 -9999 -9999 -9999 -9999 -9999 -9999 -9999 -9999 -9999 -9999 -9999 -9999 309 313 316 317 318 314 -9999 -9999 -9999 -9999 -9999 -9999 -9999 -9999 -9999 -9999 -9999 -9999 -9999 -9999 -9999 -9999 -9999 -9999 -9999 -9999 -9999 -9999 -9999 -9999 312 314 309 310 307 317 -9999 -9999 -9999 -9999 -9999 -9999 -9999 -9999 -9999 -9999
308 310 316 316 314 315 315 318 317 316 315 317 317 319 322 316 320 324 320 317 314 315 321 322 321 322 321 319 318 315 317 312 -9999 -9999 -9999 -9999 -9999 -9999 -9999 -9999 -9999 -9999 -9999 -9999 -9999 -9999 -9999 -9999 -9999 -9999 -9999 -9999 -9999 -9999 -9999 -9999 -9999 -9999 -9999 -9999 -9999 -9999 -9999 -9999 -9999 -9999 -9999 -9999 -9999 -9999 -9999 -9999 -9999 -9999 -9999 -9999 -9999 -9999 -9999 -9999 -9999 -9999 -9999 -9999 -9999 -9999 -9999 -9999 -9999 -9999 -9999 -9999 -9999 -9999
302 308 309 310 310 315 317 314 312 309 310 315 315 316 318 314 320 319 316 316 315 313 316 316 314 312 314 309 311 306 298 301 -9999 -9999 -9999 -9999 -9999 -9999 -9999 -9999 -9999 -9999 -9999 -9999 -9999 -9999 -9999 -9999 -9999 -9999 -9999 -9999 -9999 -9999 -9999 -9999 -9999 -9999 -9999 -9999 -9999 -9999 -9999 -9999 -9999 -9999 -9999 -9999 -9999 -9999 -9999 -9999 -9999 -9999 -9999 -9999 -9999 -9999 -9999 -9999 -9999 -9999 -9999 -9999 -9999 -9999 -9999 -9999 -9999 -9999 -9999 -9999 -9999 -9999
-9999 -9999 -9999 -9999 -9999 -9999 -9999 -9999 -9999 -9999 -9999 -9999 -9999 -9999 -9999 -9999 -9999 -9999 -9999 -9999 -9999 -9999 -9999 -9999 -9999 -9999 -9999 -9999 -9999 -9999 -9999 -9999 -9999 -9999 -9999 -9999 -9999 -9999 -9999 -9999 -9999 -9999 -9999 -9999 -9999 -9999 -9999 -9999 -9999 -9999 -9999 -9999 -9999 -9999 -9999 -9999 -9999 -9999 -9999 -9999 -9999 -9999 -9999 -9999 -9999 -9999 -9999 -9999 -9999 -9999 -9999 -9999 -9999 -9999 -9999 -9999 -9999 -9999 -9999 -9999 -9999 -9999 -9999 -9999 -9999 -9999 -9999 -9999 -9999 -9999 -9999 -9999 -9999 -9999
-9999 -9999 -9999 -9999 -9999 -9999 -9999 -9999 -9999 -9999 -9999 -9999 -9999 -9999 -9999 -9999 -9999 -9999 -9999 -9999 -9999 -9999 -9999 -9999 -9999 -9999 -9999 -9999 -9999 -9999 -9999 -9999 -9999 -9999 -9999 -9999 -9999 -9999 -9999 -9999 -9999 -9999 -9999 -9999 -9999 -9999 -9999 -9999 -9999 -9999 -9999 -9999 -9999 -9999 -9999 -9999 -9999 -9999 -9999 -9999 -9999 -9999 -9999 -9999 -9999 -9999 -9999 -9999 -9999 -9999 -9999 -9999 -9999 -9999 -9999 -9999 -9999 -9999 -9999 -9999 -9999 -9999 -9999 -9999 -9999 -9999 -9999 -9999 -9999 -9999 -9999 -9999 -9999 -9999
-9999 -9999 -9999 -9999 -9999 -9999 -9999 -9999 -9999 -9999 -9999 -9999 -9999 -9999 -9999 -9999 -9999 -9999 -9999 -9999 -9999 -9999 -9999 -9999 -9999 -9999 -9999 -9999 -9999 -9999 -9999 -9999 -9999 -9999 -9999 -9999 -9999 -9999 -9999 -9999 -9999 -9999 -9999 -9999 -9999 -9999 -9999 -9999 -9999 -9999 -9999 -9999 -9999 -9999 -9999 -9999 -9999 -9999 -9999 -9999 -9999 -9999 -9999 -9999 -9999 -9999 -9999 -9999 -9999 -9999 -9999 -9999 -9999 -9999 -9999 -9999 -9999 -9999 -9999 -9999 -9999 -9999 -9999 -9999 -9999 -9999 -9999 -9999 -9999 -9999 -9999 -9999 -9999 -9999
-9999 -9999 -9999 -9999 -9999 -9999 -9999 -9999 -9999 -9999 -9999 -9999 -9999 -9999 -9999 -9999 -9999 -9999 -9999 -9999 -9999 -9999 -9999 -9999 -9999 -9999 -9999 -9999 -9999 -9999 -9999 -9999 -9999 -9999 -9999 -9999 -9999 -9999 -9999 -9999 -9999 -9999 -9999 -9999 -9999 -9999 -9999 -9999 -9999 -9999 -9999 -9999 -9999 -9999 -9999 -9999 -9999 -9999 -9999 -9999 -9999 -9999 -9999 -9999 -9999 -9999 -9999 -9999 -9999 -9999 -9999 -9999 -9999 -9999 -9999 -9999 -9999 -9999 -9999 -9999 -9999 -9999 -9999 -9999 -9999 -9999 -9999 -9999 -9999 -9999 -9999 -9999 -9999 -9999
-9999 -9999 -9999 -9999 -9999 -9999 -9999 -9999 -9999 -9999 -9999 -9999 -9999 -9999 -9999 -9999 -9999 -9999 -9999 -9999 -9999 -9999 -9999 -9999 -9999 -9999 -9999 -9999 -9999 -9999 -9999 -9999 -9999 -9999 -9999 -9999 -9999 -9999 -9999 -9999 -9999 -9999 -9999 -9999 -9999 -9999 -9999 -9999 -9999 -9999 -9999 -9999 -9999 -9999 -9999 -9999 -9999 -9999 -9999 -9999 -9999 -9999 -9999 -9999 -9999 -9999 -9999 -9999 -9999 -9999 -9999 -9999 -9999 -9999 -9999 -9999 -9999 -9999 -9999 -9999 -9999 -9999 -9999 -9999 -9999 -9999 -9999 -9999 -9999 -9999 -9999 -9999 -9999 -9999
