sesion_6_simulaciones/modelos_distribucion_especies/ejemplo/variables/futuro_B2/2100/TMXV.asc
ncols 708
nrows 329
xllcorner -7.525000
yllcorner 35.991667
cellsize 0.008333
NODATA_value -9999
[rows 205 to 245 of 329, columns 94 to 187 of 708]
-9999 -9999 -9999 -9999 -9999 -9999 -9999 -9999 -9999 -9999 -9999 -9999 -9999 -9999 -9999 -9999 -9999 -9999 -9999 -9999 -9999 -9999 319 322 323 326 328 329 331 332 334 335 336 337 338 339 340 341 342 343 344 344 345 346 347 347 348 348 349 349 350 350 351 351 352 352 353 353 354 354 354 355 355 356 356 356 357 357 -9999 -9999 -9999 -9999 359 359 359 360 360 360 360 360 361 361 361 361 361 362 362 362 362 363 363 363 363 363
-9999 -9999 -9999 -9999 -9999 -9999 -9999 -9999 -9999 -9999 -9999 -9999 -9999 -9999 -9999 -9999 -9999 -9999 -9999 -9999 -9999 -9999 313 317 319 323 325 327 328 330 332 333 335 336 337 338 339 340 341 342 343 344 344 345 346 346 347 348 348 349 349 350 350 351 351 352 352 353 353 354 354 354 355 355 355 356 356 357 -9999 -9999 -9999 -9999 358 359 359 359 359 360 360 360 360 360 361 361 361 361 362 362 362 362 362 363 363 363
-9999 -9999 -9999 -9999 -9999 -9999 -9999 -9999 -9999 -9999 -9999 -9999 -9999 -9999 -9999 -9999 -9999 -9999 -9999 -9999 -9999 -9999 -9999 -9999 -9999 -9999 321 323 325 327 329 331 333 334 336 337 338 339 340 341 342 343 344 344 345 346 346 347 347 348 349 349 350 350 351 351 352 352 353 353 354 354 354 355 355 356 356 356 -9999 -9999 357 358 358 358 358 359 359 359 359 360 360 360 360 361 361 361 361 361 362 362 362 362 362 361
-9999 -9999 -9999 -9999 -9999 -9999 -9999 -9999 -9999 -9999 -9999 -9999 -9999 -9999 -9999 -9999 -9999 -9999 -9999 -9999 -9999 -9999 -9999 -9999 -9999 -9999 316 319 322 324 327 329 331 332 334 335 337 338 339 340 341 342 343 343 344 345 346 346 347 347 348 349 349 350 350 351 351 352 352 353 353 354 354 354 355 355 356 356 -9999 -9999 357 357 357 358 358 358 358 359 359 359 359 360 360 360 360 361 361 361 361 362 362 362 362 363
-9999 -9999 -9999 -9999 -9999 -9999 -9999 -9999 -9999 -9999 -9999 -9999 -9999 -9999 -9999 -9999 -9999 -9999 -9999 -9999 -9999 -9999 -9999 -9999 -9999 -9999 307 313 318 322 324 327 329 331 332 334 335 337 338 339 340 341 341 342 343 344 345 345 346 347 348 348 349 349 350 350 351 351 352 352 353 353 354 354 355 355 355 356 -9999 -9999 356 356 357 357 357 358 358 358 358 359 359 359 360 360 360 360 361 361 361 361 361 362 362 361
-9999 -9999 -9999 -9999 -9999 -9999 -9999 -9999 -9999 -9999 -9999 -9999 -9999 -9999 -9999 -9999 -9999 -9999 -9999 -9999 -9999 -9999 -9999 -9999 -9999 -9999 286 304 311 317 321 324 326 328 330 332 334 335 337 338 339 340 341 341 342 343 344 345 346 346 347 348 348 349 349 350 351 351 352 352 353 353 353 354 354 355 355 355 -9999 -9999 356 356 356 356 357 357 357 358 358 358 359 359 359 359 360 360 360 361 361 361 359 360 361 361
-9999 -9999 -9999 -9999 -9999 -9999 -9999 -9999 -9999 -9999 -9999 -9999 -9999 -9999 -9999 -9999 -9999 -9999 -9999 -9999 -9999 -9999 -9999 -9999 -9999 -9999 -9999 -9999 -9999 -9999 -9999 -9999 323 326 328 330 332 334 335 336 337 338 340 341 342 342 343 344 345 346 346 347 348 348 349 350 350 351 351 352 352 353 353 354 354 354 -9999 -9999 355 355 355 356 356 356 356 357 357 357 358 358 358 358 359 359 359 360 360 360 360 361 361 361 361 362
-9999 -9999 -9999 -9999 -9999 -9999 -9999 -9999 -9999 -9999 -9999 -9999 -9999 -9999 -9999 -9999 -9999 -9999 -9999 -9999 -9999 -9999 -9999 -9999 -9999 -9999 -9999 -9999 -9999 -9999 -9999 -9999 319 323 326 328 330 332 333 335 336 337 339 340 341 342 343 344 344 345 346 347 347 348 349 349 350 350 351 351 352 352 353 353 353 354 -9999 -9999 354 355 355 355 355 356 356 356 357 357 357 357 358 358 358 359 359 359 358 360 360 360 361 361 361 362
-9999 -9999 -9999 -9999 -9999 -9999 -9999 -9999 -9999 -9999 -9999 -9999 -9999 -9999 -9999 -9999 -9999 -9999 -9999 -9999 -9999 -9999 -9999 -9999 -9999 -9999 -9999 -9999 -9999 -9999 -9999 -9999 315 319 323 326 328 330 332 333 335 336 338 339 340 341 342 343 344 345 345 346 347 347 348 349 349 350 351 351 352 352 352 353 353 353 -9999 -9999 354 354 354 355 355 355 356 356 356 357 357 357 358 358 358 358 359 358 359 360 360 360 360 361 361 361
-9999 -9999 -9999 -9999 -9999 -9999 -9999 -9999 -9999 -9999 -9999 -9999 -9999 -9999 -9999 -9999 -9999 -9999 -9999 -9999 -9999 -9999 -9999 -9999 -9999 -9999 -9999 -9999 -9999 -9999 -9999 -9999 309 315 319 322 325 327 330 332 334 335 337 338 339 340 341 342 343 344 345 346 346 347 348 348 349 350 350 351 351 351 352 352 352 353 -9999 -9999 353 354 354 354 355 355 355 356 356 356 356 357 356 357 358 358 358 359 359 359 360 360 359 359 361 361
-9999 -9999 -9999 -9999 -9999 -9999 -9999 -9999 -9999 -9999 -9999 -9999 -9999 -9999 -9999 -9999 -9999 -9999 -9999 -9999 -9999 -9999 -9999 -9999 -9999 -9999 -9999 -9999 -9999 -9999 -9999 -9999 -9999 -9999 314 319 322 325 328 330 332 334 335 337 338 339 341 342 343 343 344 345 346 347 347 348 -9999 -9999 350 350 350 351 351 351 -9999 -9999 -9999 -9999 353 353 354 354 354 355 355 355 356 356 356 356 355 355 357 358 357 357 358 358 359 359 360 360 360 360
-9999 -9999 -9999 -9999 -9999 -9999 -9999 -9999 -9999 -9999 -9999 -9999 -9999 -9999 -9999 -9999 -9999 -9999 -9999 -9999 -9999 -9999 -9999 -9999 -9999 -9999 -9999 -9999 -9999 -9999 -9999 -9999 -9999 -9999 308 314 319 323 326 328 331 333 334 336 337 339 340 341 342 343 344 344 345 346 347 347 -9999 -9999 349 349 350 350 350 351 -9999 -9999 -9999 -9999 352 353 353 354 354 354 355 355 355 356 356 355 355 356 357 357 357 357 358 359 359 359 359 359 360 360
-9999 -9999 -9999 -9999 -9999 -9999 -9999 -9999 -9999 -9999 -9999 -9999 -9999 -9999 -9999 -9999 -9999 -9999 -9999 -9999 -9999 -9999 -9999 -9999 -9999 -9999 -9999 -9999 -9999 -9999 -9999 -9999 -9999 -9999 -9999 -9999 316 320 323 327 329 331 333 334 336 338 339 340 -9999 -9999 -9999 -9999 -9999 -9999 -9999 -9999 -9999 -9999 -9999 -9999 349 349 -9999 -9999 -9999 -9999 351 352 352 352 353 353 353 354 354 354 354 353 355 355 355 356 356 357 357 358 358 358 359 359 359 359 359 360
-9999 -9999 -9999 -9999 -9999 -9999 -9999 -9999 -9999 -9999 -9999 -9999 -9999 -9999 -9999 -9999 -9999 -9999 -9999 -9999 -9999 -9999 -9999 -9999 -9999 -9999 -9999 -9999 -9999 -9999 -9999 -9999 -9999 -9999 -9999 -9999 311 317 321 325 327 330 332 333 335 337 338 340 -9999 -9999 -9999 -9999 -9999 -9999 -9999 -9999 -9999 -9999 -9999 -9999 348 349 -9999 -9999 -9999 -9999 351 351 351 352 352 353 353 353 354 354 354 355 355 355 356 355 356 356 357 357 358 358 358 358 359 359 359 359
-9999 -9999 -9999 -9999 -9999 -9999 -9999 -9999 -9999 -9999 -9999 -9999 -9999 -9999 -9999 -9999 -9999 -9999 -9999 -9999 -9999 -9999 -9999 -9999 -9999 -9999 -9999 -9999 -9999 -9999 -9999 -9999 -9999 -9999 -9999 -9999 305 313 319 323 326 328 331 333 334 336 -9999 -9999 -9999 -9999 -9999 -9999 -9999 -9999 -9999 -9999 -9999 -9999 -9999 -9999 -9999 -9999 -9999 -9999 349 349 350 350 351 351 352 352 353 353 353 354 354 354 355 355 355 355 356 356 356 357 357 357 358 358 358 359 359 359
-9999 -9999 -9999 -9999 -9999 -9999 -9999 -9999 -9999 -9999 -9999 -9999 -9999 -9999 -9999 -9999 -9999 -9999 -9999 -9999 -9999 -9999 -9999 -9999 -9999 -9999 -9999 -9999 -9999 -9999 -9999 -9999 -9999 -9999 -9999 -9999 295 309 316 321 324 327 329 331 333 335 -9999 -9999 -9999 -9999 -9999 -9999 -9999 -9999 -9999 -9999 -9999 -9999 -9999 -9999 -9999 -9999 -9999 -9999 348 349 349 349 350 350 351 352 352 353 353 353 354 354 355 355 354 355 356 356 356 356 357 357 357 358 358 358 358 359
-9999 -9999 -9999 -9999 -9999 -9999 -9999 -9999 -9999 -9999 -9999 -9999 -9999 -9999 -9999 -9999 -9999 -9999 -9999 -9999 -9999 -9999 -9999 -9999 -9999 -9999 -9999 -9999 -9999 -9999 -9999 -9999 -9999 -9999 -9999 -9999 -9999 -9999 313 318 322 325 328 330 332 334 -9999 -9999 338 339 341 341 342 342 343 343 344 344 345 345 346 346 347 347 348 347 346 347 349 349 350 351 352 352 353 350 353 354 353 355 354 354 355 355 356 356 356 357 357 357 357 358 358 356
-9999 -9999 -9999 -9999 -9999 -9999 -9999 -9999 -9999 -9999 -9999 -9999 -9999 -9999 -9999 -9999 -9999 -9999 -9999 -9999 -9999 -9999 -9999 -9999 -9999 -9999 -9999 -9999 -9999 -9999 -9999 -9999 -9999 -9999 -9999 -9999 -9999 -9999 307 315 319 323 327 329 331 333 -9999 -9999 338 339 340 340 340 341 341 342 342 343 344 344 345 346 346 346 346 345 346 346 347 349 350 351 351 352 352 353 353 353 353 353 354 354 355 355 355 356 356 356 356 357 357 357 356 355
-9999 -9999 -9999 -9999 -9999 -9999 -9999 -9999 -9999 -9999 -9999 -9999 -9999 -9999 -9999 -9999 -9999 -9999 -9999 -9999 -9999 -9999 -9999 -9999 -9999 -9999 -9999 -9999 -9999 -9999 -9999 -9999 -9999 -9999 -9999 -9999 -9999 -9999 -9999 -9999 318 322 325 328 330 332 -9999 -9999 337 338 338 338 339 339 340 341 341 342 343 343 343 344 345 346 345 346 346 346 348 348 349 350 351 351 352 352 353 353 353 353 354 353 354 354 355 355 355 356 356 356 357 357 356 355
-9999 -9999 -9999 -9999 -9999 -9999 -9999 -9999 -9999 -9999 -9999 -9999 -9999 -9999 -9999 -9999 -9999 -9999 -9999 -9999 -9999 -9999 -9999 -9999 -9999 -9999 -9999 -9999 -9999 -9999 -9999 -9999 -9999 -9999 -9999 -9999 -9999 -9999 -9999 -9999 315 320 323 327 329 331 -9999 -9999 336 336 336 337 337 338 339 340 340 341 342 343 343 344 345 345 346 344 346 347 348 348 349 350 351 351 351 352 352 353 353 354 354 354 354 354 354 355 355 355 356 356 356 355 356 356
-9999 -9999 -9999 -9999 -9999 -9999 -9999 -9999 -9999 -9999 -9999 -9999 -9999 -9999 -9999 -9999 -9999 -9999 -9999 -9999 -9999 -9999 -9999 -9999 -9999 -9999 -9999 -9999 -9999 -9999 -9999 -9999 -9999 -9999 -9999 -9999 -9999 -9999 -9999 -9999 -9999 -9999 322 325 328 330 -9999 -9999 333 334 334 335 336 337 338 338 339 340 341 342 343 343 344 344 345 346 345 345 347 348 349 350 350 351 351 351 352 353 353 354 354 354 353 354 354 354 355 355 355 355 354 354 354 353
-9999 -9999 -9999 -9999 -9999 -9999 -9999 -9999 -9999 -9999 -9999 -9999 -9999 -9999 -9999 -9999 -9999 -9999 -9999 -9999 -9999 -9999 -9999 -9999 -9999 -9999 -9999 -9999 -9999 -9999 -9999 -9999 -9999 -9999 -9999 -9999 -9999 -9999 -9999 -9999 -9999 -9999 320 323 326 329 -9999 -9999 331 331 332 333 333 335 336 337 338 339 340 341 342 343 344 344 345 345 346 346 347 348 347 349 350 349 350 350 351 352 353 353 353 353 354 354 354 354 354 355 354 353 353 351 354 350
-9999 -9999 -9999 -9999 -9999 -9999 -9999 -9999 -9999 -9999 -9999 -9999 -9999 -9999 -9999 -9999 -9999 -9999 -9999 -9999 -9999 -9999 -9999 -9999 -9999 -9999 -9999 -9999 -9999 -9999 -9999 -9999 -9999 -9999 -9999 -9999 -9999 -9999 -9999 -9999 -9999 -9999 317 322 325 328 -9999 -9999 -9999 -9999 330 331 332 333 335 336 337 338 339 340 339 342 343 344 345 345 346 346 347 347 347 347 350 348 350 351 350 352 353 353 353 354 354 353 354 354 354 355 353 351 354 352 350 349
-9999 -9999 -9999 -9999 -9999 -9999 -9999 -9999 -9999 -9999 -9999 -9999 -9999 -9999 -9999 -9999 -9999 -9999 -9999 -9999 -9999 -9999 -9999 -9999 -9999 -9999 -9999 -9999 -9999 -9999 -9999 -9999 -9999 -9999 -9999 -9999 -9999 -9999 -9999 -9999 -9999 -9999 315 320 323 325 -9999 -9999 -9999 -9999 327 329 330 332 333 335 336 337 339 340 339 339 342 341 344 345 345 346 346 347 348 349 350 350 350 350 350 352 352 353 353 352 354 354 353 353 353 354 354 354 353 350 346 347
-9999 -9999 -9999 -9999 -9999 -9999 -9999 -9999 -9999 -9999 -9999 -9999 -9999 -9999 -9999 -9999 -9999 -9999 -9999 -9999 -9999 -9999 -9999 -9999 -9999 -9999 -9999 -9999 -9999 -9999 -9999 -9999 -9999 -9999 -9999 -9999 -9999 -9999 -9999 -9999 -9999 -9999 311 317 320 320 -9999 -9999 -9999 -9999 324 326 329 330 332 334 335 337 338 338 339 341 339 342 344 345 344 346 347 347 347 348 349 350 349 351 351 352 351 352 352 350 354 352 354 354 354 354 354 354 354 351 349 347
-9999 -9999 -9999 -9999 -9999 -9999 -9999 -9999 -9999 -9999 -9999 -9999 -9999 -9999 -9999 -9999 -9999 -9999 -9999 -9999 -9999 -9999 -9999 -9999 -9999 -9999 -9999 -9999 -9999 -9999 -9999 -9999 -9999 -9999 -9999 -9999 -9999 -9999 -9999 -9999 -9999 -9999 303 311 313 314 -9999 -9999 -9999 -9999 321 324 327 329 331 333 335 336 337 339 340 340 341 343 343 344 345 346 347 347 348 348 349 349 350 349 350 351 350 350 350 351 351 354 354 353 354 354 354 355 354 353 353 353
-9999 -9999 -9999 -9999 -9999 -9999 -9999 -9999 -9999 -9999 -9999 -9999 -9999 -9999 -9999 -9999 -9999 -9999 -9999 -9999 -9999 -9999 -9999 -9999 -9999 -9999 -9999 -9999 -9999 -9999 -9999 -9999 -9999 -9999 -9999 -9999 -9999 -9999 -9999 -9999 -9999 -9999 -9999 -9999 -9999 -9999 -9999 -9999 -9999 -9999 318 322 325 328 330 332 334 336 337 338 338 339 341 342 343 344 345 346 346 347 348 348 349 348 348 349 350 350 350 350 350 351 352 353 354 353 354 354 354 354 354 354 354 354
-9999 -9999 -9999 -9999 -9999 -9999 -9999 -9999 -9999 -9999 -9999 -9999 -9999 -9999 -9999 -9999 -9999 -9999 -9999 -9999 -9999 -9999 -9999 -9999 -9999 -9999 -9999 -9999 -9999 -9999 -9999 -9999 -9999 -9999 -9999 -9999 -9999 -9999 -9999 -9999 -9999 -9999 -9999 -9999 -9999 -9999 -9999 -9999 -9999 -9999 316 321 325 327 330 332 334 335 337 338 338 339 341 341 343 344 344 345 345 347 348 348 348 349 348 350 350 351 351 351 350 351 352 353 354 354 354 354 354 354 354 354 355 355
-9999 -9999 -9999 -9999 -9999 -9999 -9999 -9999 -9999 -9999 -9999 -9999 -9999 -9999 -9999 -9999 -9999 -9999 -9999 -9999 -9999 -9999 -9999 -9999 -9999 -9999 -9999 -9999 -9999 -9999 -9999 -9999 -9999 -9999 -9999 -9999 -9999 -9999 -9999 -9999 -9999 -9999 -9999 -9999 -9999 -9999 287 301 306 312 317 322 325 327 330 332 334 335 337 337 337 340 341 339 343 344 344 343 345 347 347 348 349 347 346 350 350 350 351 351 352 352 352 353 353 353 354 354 354 354 354 355 355 355
-9999 -9999 -9999 -9999 -9999 -9999 -9999 -9999 -9999 -9999 -9999 -9999 -9999 -9999 -9999 -9999 -9999 -9999 -9999 -9999 -9999 -9999 -9999 -9999 -9999 -9999 -9999 -9999 -9999 -9999 -9999 -9999 -9999 -9999 -9999 -9999 -9999 -9999 -9999 -9999 -9999 -9999 -9999 -9999 -9999 -9999 307 311 315 317 318 323 326 328 330 332 334 335 337 336 338 339 340 341 343 344 344 344 346 347 347 348 348 347 347 350 349 350 350 351 351 352 353 353 353 353 354 353 355 353 354 354 354 355
-9999 -9999 -9999 -9999 -9999 -9999 -9999 -9999 -9999 -9999 -9999 -9999 -9999 -9999 -9999 -9999 -9999 -9999 -9999 -9999 -9999 -9999 -9999 -9999 -9999 -9999 -9999 -9999 -9999 -9999 -9999 -9999 -9999 -9999 -9999 -9999 -9999 -9999 -9999 -9999 -9999 -9999 -9999 293 304 307 314 317 320 321 324 326 327 330 332 333 334 336 335 336 339 340 341 342 343 344 345 345 346 347 347 348 348 349 349 350 350 348 350 350 352 352 353 353 353 353 354 354 354 353 354 354 354 355
-9999 -9999 -9999 -9999 -9999 -9999 -9999 -9999 -9999 -9999 -9999 -9999 -9999 -9999 -9999 -9999 -9999 -9999 -9999 -9999 -9999 -9999 -9999 -9999 -9999 -9999 -9999 -9999 -9999 -9999 -9999 -9999 -9999 -9999 -9999 -9999 -9999 -9999 -9999 -9999 -9999 -9999 301 308 313 316 318 321 323 324 327 328 330 331 333 334 335 336 337 338 340 341 341 342 343 344 345 346 346 347 347 348 348 349 349 350 350 351 351 351 352 352 352 353 353 353 353 353 353 353 353 353 354 353
-9999 -9999 -9999 -9999 -9999 -9999 -9999 -9999 -9999 -9999 -9999 -9999 -9999 -9999 -9999 -9999 -9999 -9999 -9999 -9999 -9999 -9999 -9999 -9999 -9999 -9999 -9999 -9999 -9999 -9999 -9999 -9999 -9999 -9999 -9999 -9999 -9999 -9999 -9999 -9999 304 308 311 315 318 320 322 323 326 327 328 329 331 331 334 334 336 337 337 339 340 341 342 343 344 344 345 346 345 347 347 348 346 347 347 348 350 351 351 351 351 352 352 352 352 353 353 353 350 353 354 353 353 354
-9999 -9999 -9999 -9999 -9999 -9999 -9999 -9999 -9999 -9999 -9999 -9999 -9999 -9999 -9999 -9999 -9999 -9999 -9999 -9999 -9999 -9999 -9999 -9999 -9999 -9999 -9999 -9999 -9999 -9999 -9999 -9999 -9999 -9999 -9999 -9999 -9999 -9999 -9999 301 310 316 317 320 321 323 324 326 328 329 331 332 333 334 334 335 336 337 339 339 340 341 342 343 343 343 343 344 345 345 344 347 347 347 348 349 349 350 350 350 351 351 352 351 352 352 352 353 353 353 353 351 353 353
-9999 -9999 -9999 -9999 -9999 -9999 -9999 -9999 -9999 -9999 -9999 -9999 -9999 -9999 -9999 -9999 -9999 -9999 -9999 -9999 -9999 -9999 -9999 -9999 -9999 -9999 -9999 -9999 -9999 -9999 -9999 -9999 -9999 -9999 -9999 -9999 -9999 -9999 306 310 315 319 321 324 325 326 327 328 329 331 332 334 334 335 336 336 337 339 339 340 341 342 342 342 342 343 344 344 344 344 347 346 346 346 347 348 349 349 349 350 350 351 351 351 351 352 352 352 351 351 351 351 352 352
-9999 -9999 -9999 -9999 -9999 -9999 -9999 -9999 -9999 -9999 -9999 -9999 -9999 -9999 -9999 -9999 -9999 -9999 -9999 -9999 -9999 -9999 -9999 -9999 -9999 -9999 -9999 -9999 -9999 -9999 -9999 -9999 -9999 -9999 -9999 -9999 -9999 -9999 315 317 319 321 324 327 327 328 329 330 331 332 334 335 336 336 337 337 338 339 340 341 342 342 343 343 344 344 345 344 344 345 347 347 345 346 346 347 348 348 349 349 350 350 351 351 351 351 351 349 351 352 352 350 348 349
-9999 -9999 -9999 -9999 -9999 -9999 -9999 -9999 -9999 -9999 -9999 -9999 -9999 -9999 -9999 -9999 -9999 -9999 -9999 -9999 -9999 -9999 -9999 -9999 -9999 -9999 -9999 -9999 -9999 -9999 -9999 -9999 -9999 -9999 -9999 -9999 -9999 -9999 313 318 321 324 326 328 329 330 331 332 333 334 335 336 337 337 337 339 338 340 341 342 342 341 342 342 342 343 342 345 343 346 346 346 346 345 346 347 347 348 348 349 349 350 350 350 350 351 349 350 349 350 351 350 350 347
-9999 -9999 -9999 -9999 -9999 -9999 -9999 -9999 -9999 -9999 -9999 -9999 -9999 -9999 -9999 -9999 -9999 -9999 -9999 -9999 -9999 -9999 -9999 -9999 -9999 -9999 -9999 -9999 -9999 -9999 -9999 -9999 -9999 -9999 -9999 -9999 -9999 -9999 308 315 319 323 325 326 328 330 332 333 335 336 337 337 338 338 339 339 339 339 339 340 341 341 341 341 341 341 343 344 343 345 345 344 344 345 345 346 347 347 348 348 349 349 349 349 350 348 349 349 349 349 350 351 350 351
-9999 -9999 -9999 -9999 -9999 -9999 -9999 -9999 -9999 -9999 -9999 -9999 -9999 -9999 -9999 -9999 -9999 -9999 -9999 -9999 -9999 -9999 -9999 -9999 -9999 -9999 -9999 -9999 -9999 -9999 -9999 -9999 -9999 -9999 -9999 -9999 -9999 -9999 302 311 316 320 323 325 328 329 331 333 334 335 336 337 337 337 337 337 338 338 338 339 340 339 340 340 341 341 339 342 343 344 344 343 343 344 345 345 346 347 347 348 348 349 348 348 346 349 349 348 347 347 349 349 350 351
-9999 -9999 -9999 -9999 -9999 -9999 -9999 -9999 -9999 -9999 -9999 -9999 -9999 -9999 -9999 -9999 -9999 -9999 -9999 -9999 -9999 -9999 -9999 -9999 -9999 -9999 -9999 -9999 -9999 -9999 -9999 -9999 -9999 -9999 -9999 -9999 -9999 -9999 293 305 313 317 320 324 326 329 330 331 333 334 335 335 335 335 336 336 337 337 338 338 338 338 338 339 340 340 340 342 341 343 342 342 343 344 344 345 345 346 346 347 347 347 347 348 347 347 346 348 348 348 348 349 349 350
-9999 -9999 -9999 -9999 -9999 -9999 -9999 -9999 -9999 -9999 -9999 -9999 -9999 -9999 -9999 -9999 -9999 -9999 -9999 -9999 -9999 -9999 -9999 -9999 -9999 -9999 -9999 -9999 -9999 -9999 -9999 -9999 -9999 -9999 -9999 -9999 -9999 -9999 -9999 -9999 309 316 319 323 325 326 328 330 332 333 333 333 334 334 335 335 335 336 336 336 337 337 337 339 340 340 340 341 340 342 342 342 343 343 343 344 345 345 346 346 347 346 347 346 347 347 346 348 348 348 348 348 349 350
