sesion_7_reto_final/variables/futuro_A2/2020/TMXI.asc
ncols 708
nrows 329
xllcorner -7.525000
yllcorner 35.991667
cellsize 0.008333
NODATA_value -9999
[rows 129 to 171 of 329, columns 0 to 95 of 708]
-9999 -9999 -9999 -9999 -9999 -9999 -9999 -9999 -9999 -9999 145 148 144 139 145 142 144 148 147 139 145 143 139 143 142 142 139 141 145 145 144 144 145 143 144 143 143 144 143 143 143 140 141 139 140 140 140 139 139 141 140 141 142 144 144 142 143 144 144 146 143 144 147 146 149 144 143 144 147 147 143 135 139 138 138 139 135 139 131 135 139 141 140 134 145 146 150 140 142 139 142 139 140 142 144 140
-9999 -9999 -9999 -9999 -9999 -9999 -9999 -9999 145 141 148 145 146 147 145 149 149 147 145 137 139 142 145 146 142 145 145 145 144 144 145 143 144 144 143 143 144 142 142 142 141 142 142 139 132 139 139 140 138 142 138 142 142 143 143 147 144 143 143 144 144 141 146 145 144 145 145 145 148 141 140 140 141 141 139 137 134 135 136 138 139 143 142 143 140 143 141 145 147 143 139 137 138 133 132 136
-9999 -9999 -9999 -9999 -9999 -9999 -9999 -9999 151 142 145 145 140 147 147 149 147 145 145 146 145 149 145 145 145 145 146 145 141 144 143 141 143 143 141 142 141 141 142 142 142 142 139 139 139 138 137 137 137 139 137 143 141 142 142 144 138 143 144 145 146 147 144 140 145 146 145 147 146 139 134 146 137 138 137 138 136 137 138 137 137 143 141 144 140 138 137 144 138 136 133 140 142 134 132 132
-9999 -9999 -9999 -9999 -9999 -9999 -9999 -9999 148 145 149 148 147 146 144 146 147 150 145 145 146 144 146 143 147 146 144 146 143 141 142 142 142 143 140 141 138 140 140 142 143 136 138 139 141 139 138 138 139 140 144 140 139 143 144 143 146 144 143 144 143 142 147 146 144 144 145 145 148 143 144 141 142 139 139 137 135 137 140 136 140 135 133 153 149 141 139 138 133 137 134 136 135 134 131 134
-9999 -9999 -9999 -9999 -9999 -9999 -9999 -9999 146 147 142 153 146 146 148 148 147 144 145 144 144 143 142 141 143 144 142 143 143 142 141 139 141 143 142 138 138 140 138 139 141 140 141 140 141 138 139 139 136 137 137 139 137 139 146 140 144 140 144 146 147 145 148 145 149 145 148 146 143 144 146 141 139 143 136 142 144 141 140 139 142 148 141 144 146 132 139 134 140 140 137 140 133 135 135 135
-9999 -9999 -9999 -9999 -9999 152 147 148 146 153 152 149 149 147 150 149 145 145 143 147 143 140 143 142 142 143 143 142 142 141 139 141 141 140 141 136 134 131 137 138 140 140 137 139 138 138 138 138 138 139 139 139 138 139 141 140 138 141 140 144 146 142 145 145 149 147 145 145 140 140 138 137 136 135 137 140 141 139 143 137 141 145 146 144 143 136 134 127 137 137 130 138 135 140 137 139
-9999 -9999 -9999 -9999 141 147 155 145 148 154 148 150 148 139 146 146 141 146 139 148 144 142 136 131 132 141 139 142 143 138 137 137 143 140 141 139 139 134 127 136 139 142 139 139 138 137 137 139 137 137 138 137 137 141 141 140 141 141 142 142 138 142 143 143 146 148 150 152 141 142 142 139 135 136 140 139 141 137 141 139 143 139 146 149 143 136 143 145 145 137 141 142 141 138 131 136
-9999 -9999 -9999 -9999 152 148 148 143 149 145 148 146 145 147 141 143 143 144 144 141 145 140 146 150 141 141 144 144 140 141 141 140 140 140 137 138 139 134 138 139 139 137 138 140 139 140 139 138 135 137 137 136 138 135 140 141 141 141 141 142 141 146 144 145 141 140 150 144 141 143 139 140 142 143 142 146 142 140 147 132 143 151 139 139 145 145 136 142 139 136 139 140 138 137 140 139
-9999 -9999 -9999 -9999 147 141 143 141 148 139 146 147 145 141 145 142 142 137 140 140 142 139 148 144 143 144 143 144 142 144 138 134 138 139 139 135 136 138 140 140 139 138 140 140 137 137 138 141 140 139 135 142 140 144 139 141 140 142 142 144 137 143 146 147 144 151 145 146 145 143 141 141 141 134 143 143 144 146 146 144 147 147 144 145 141 140 143 138 138 136 138 131 137 137 134 141
-9999 -9999 -9999 -9999 145 140 143 138 139 143 146 144 143 142 142 143 140 142 143 140 141 143 134 142 139 143 142 139 143 141 139 141 140 139 137 138 141 139 139 140 140 139 145 139 135 141 141 139 143 139 141 140 141 142 142 142 141 142 142 142 143 142 144 142 150 144 143 140 142 140 145 143 144 144 139 137 146 148 148 148 145 147 138 147 138 145 143 141 140 138 138 135 136 138 140 140
-9999 -9999 -9999 -9999 141 140 142 147 143 143 137 143 144 142 143 140 141 140 141 143 138 141 140 135 143 144 142 139 142 145 140 141 138 140 141 140 138 140 141 139 138 143 140 144 144 141 140 138 141 140 142 142 144 144 142 142 141 142 144 145 146 144 149 148 148 149 145 145 146 146 144 144 142 143 141 144 142 136 148 142 147 144 143 146 148 145 142 135 139 142 137 137 138 139 140 140
-9999 -9999 150 148 137 137 135 139 142 139 143 144 144 140 145 133 140 138 136 137 137 137 139 134 142 143 143 142 144 141 138 136 139 141 139 139 140 139 141 142 138 140 141 143 142 142 143 142 141 143 142 145 140 143 143 146 142 142 142 139 145 144 145 140 146 146 147 147 147 148 145 146 140 143 144 147 147 147 147 147 152 144 140 141 144 136 141 144 138 134 139 138 136 134 136 138
-9999 -9999 144 146 138 142 143 138 136 140 140 136 140 145 141 144 141 138 139 141 143 142 144 134 144 141 141 143 142 143 140 140 137 139 139 139 140 141 141 142 141 141 144 145 142 143 141 142 142 143 145 143 143 144 143 144 143 142 144 147 149 142 144 148 147 142 142 145 143 146 142 147 143 146 145 142 139 150 147 147 150 145 147 144 138 141 136 139 139 139 136 137 135 137 135 137
-9999 -9999 148 144 134 141 139 137 140 140 139 140 140 139 140 143 141 135 138 140 142 141 141 143 145 141 142 138 142 140 141 142 139 138 136 139 141 140 141 139 143 140 141 141 141 143 142 143 142 142 142 144 146 144 144 144 144 143 143 143 141 147 147 144 149 139 141 138 144 142 143 142 145 146 153 145 148 146 149 144 145 146 142 137 141 139 141 139 139 138 141 140 142 137 137 137
-9999 -9999 148 150 144 149 146 145 140 137 134 144 144 138 143 131 142 140 141 134 133 146 136 140 142 138 134 138 137 139 141 141 140 140 136 138 139 140 139 139 140 140 138 142 140 145 144 146 145 140 143 142 146 144 144 144 145 144 145 145 145 145 146 150 149 151 141 145 144 146 143 143 146 142 151 150 141 143 144 143 136 140 142 143 139 137 136 139 139 139 140 139 140 137 138 139
-9999 -9999 -9999 -9999 150 148 147 142 146 142 143 146 143 144 144 144 144 145 146 139 142 142 141 140 141 143 136 129 131 139 139 138 139 138 139 140 139 142 141 142 141 143 138 140 140 144 144 144 144 140 139 149 144 145 147 146 145 145 145 143 149 146 146 150 149 150 142 139 144 147 148 148 148 147 151 140 146 139 150 147 148 145 140 149 142 140 139 138 139 140 140 141 143 140 139 140
-9999 -9999 -9999 -9999 151 147 146 143 146 148 145 146 144 145 146 146 147 141 143 144 142 143 141 139 138 139 137 136 136 137 139 139 139 140 139 138 140 140 140 141 142 137 142 143 143 144 143 142 146 142 143 139 143 143 146 145 144 142 144 143 146 146 144 149 149 154 146 145 145 146 149 150 149 153 150 151 146 147 143 145 141 141 142 142 143 142 140 141 140 140 140 142 140 137 140 142
-9999 -9999 -9999 -9999 148 145 145 146 151 144 146 144 143 147 148 145 147 144 145 144 143 135 141 132 142 139 131 143 144 144 138 142 137 135 136 137 138 141 142 141 141 140 142 143 142 143 145 143 145 146 146 140 145 147 145 145 144 144 145 143 144 146 146 143 147 151 150 146 144 148 153 146 152 139 143 145 141 143 144 141 142 141 141 141 141 139 139 141 140 140 140 141 141 141 144 136
-9999 -9999 -9999 -9999 -9999 144 148 149 150 151 147 145 148 147 147 144 146 144 144 144 141 143 143 144 141 140 137 140 141 142 140 141 146 139 137 140 139 140 138 140 140 142 143 145 137 145 145 145 144 146 150 148 147 147 143 146 145 147 146 145 145 145 144 144 151 150 147 143 147 146 156 142 150 143 143 147 141 140 141 140 141 141 139 139 140 140 142 141 140 144 141 141 145 142 143 141
-9999 -9999 -9999 -9999 -9999 -9999 -9999 -9999 151 153 146 148 149 145 146 143 145 144 144 143 143 140 142 141 141 140 140 140 142 142 141 142 140 140 136 140 142 140 140 142 140 141 143 144 143 144 145 148 151 147 145 145 149 147 148 145 143 149 148 147 146 146 147 144 150 143 153 142 146 138 149 144 148 146 144 143 146 143 142 141 141 141 141 141 139 144 142 142 142 142 150 145 144 138 138 138
-9999 -9999 -9999 -9999 -9999 -9999 -9999 -9999 141 140 148 149 148 150 147 146 147 145 145 147 145 143 142 141 141 142 141 142 142 142 141 142 142 142 142 141 141 141 143 141 144 142 141 146 143 145 144 144 144 146 148 145 144 147 148 145 151 145 150 153 147 149 148 146 143 142 142 147 148 152 150 138 139 146 142 140 144 138 142 143 141 141 143 143 143 142 144 144 142 143 143 146 148 140 142 140
-9999 -9999 -9999 -9999 -9999 -9999 -9999 -9999 143 148 150 148 153 143 142 148 146 146 143 143 147 143 142 143 143 140 141 141 141 142 143 142 142 142 142 142 142 142 144 143 143 138 139 142 143 143 144 145 149 146 149 146 146 145 146 145 146 148 150 148 148 150 149 147 150 145 151 139 143 142 145 140 149 145 145 143 143 143 144 142 143 142 142 143 144 142 139 140 142 142 143 146 143 144 143 145
-9999 -9999 -9999 -9999 -9999 -9999 -9999 -9999 149 151 151 146 149 144 145 145 146 145 145 144 143 144 143 142 141 141 142 142 142 142 143 143 143 142 144 143 144 145 143 143 143 144 143 144 143 141 146 145 148 146 145 147 149 149 146 146 144 148 149 148 146 143 148 148 149 149 147 148 139 145 144 144 144 148 144 143 143 143 143 144 144 144 144 143 143 144 142 143 143 143 143 140 143 143 144 143
-9999 -9999 -9999 -9999 -9999 -9999 -9999 -9999 148 144 144 147 147 146 145 147 143 145 140 143 145 142 142 142 142 142 143 143 144 143 143 143 143 143 143 144 145 145 144 144 145 143 143 143 143 144 144 144 145 145 147 147 148 148 149 151 149 148 152 141 146 146 147 146 148 148 150 151 148 145 145 145 148 143 144 144 144 143 143 143 143 144 145 145 146 142 144 143 146 144 145 142 144 147 145 142
-9999 -9999 -9999 -9999 -9999 -9999 -9999 -9999 149 145 143 148 149 147 146 143 144 142 141 142 146 143 141 142 143 144 144 143 145 143 147 143 143 144 144 145 145 144 145 144 144 144 143 143 143 145 144 146 145 143 145 145 146 145 145 146 147 149 143 147 145 144 144 145 148 147 151 147 146 147 146 146 145 144 144 144 144 145 145 144 146 144 145 144 146 145 144 145 144 144 147 144 146 148 146 145
-9999 -9999 -9999 -9999 -9999 -9999 -9999 -9999 146 144 148 143 145 146 140 142 140 141 144 142 141 141 142 142 145 143 144 144 146 144 144 144 144 144 145 145 147 148 145 146 145 144 143 143 143 144 144 145 145 143 144 144 144 144 145 145 145 146 146 147 145 146 146 144 147 147 145 147 146 148 146 145 146 146 145 146 146 146 145 145 147 145 146 145 147 146 145 144 144 145 145 146 147 148 146 146
-9999 -9999 -9999 -9999 -9999 -9999 -9999 -9999 144 138 147 147 145 147 147 146 145 143 142 142 142 143 142 142 144 145 144 145 145 145 144 144 145 144 146 146 146 142 147 146 145 146 144 143 143 143 144 144 144 141 143 143 145 145 147 146 146 146 146 146 146 145 146 145 146 144 149 152 148 149 146 147 146 146 147 146 145 145 145 145 146 146 146 147 146 146 145 146 146 145 145 145 143 148 147 146
-9999 -9999 -9999 -9999 -9999 -9999 -9999 -9999 149 149 154 145 152 148 144 143 143 143 143 143 142 142 143 142 145 141 146 142 142 145 145 144 144 148 145 147 148 145 145 143 143 144 144 141 144 144 143 143 142 141 143 145 146 147 147 145 146 146 147 149 148 148 148 149 147 155 148 149 150 146 146 147 146 148 148 146 147 146 147 146 148 148 147 147 147 146 146 146 146 145 146 146 147 146 150 147
-9999 -9999 -9999 -9999 -9999 -9999 -9999 -9999 -9999 -9999 145 147 145 143 142 145 143 144 146 144 142 142 142 144 144 140 148 145 145 143 146 146 143 147 147 148 149 146 145 143 142 143 143 143 145 145 145 146 144 143 143 144 146 147 145 142 143 146 147 148 148 148 150 148 148 148 151 142 149 148 148 148 147 148 148 147 147 147 146 147 147 149 150 147 148 143 145 147 147 145 147 146 147 148 148 147
-9999 -9999 -9999 -9999 -9999 -9999 -9999 -9999 150 148 138 145 146 144 147 145 146 146 147 146 143 144 144 145 146 145 146 147 148 148 144 148 146 148 148 147 144 144 145 145 143 144 144 146 146 146 145 141 145 144 145 145 145 146 144 143 145 146 147 148 148 149 148 151 151 148 148 153 149 148 148 148 148 148 148 148 149 148 148 148 147 149 148 147 146 146 146 148 148 147 148 147 147 147 149 148
-9999 -9999 -9999 -9999 -9999 -9999 -9999 -9999 -9999 153 145 148 146 148 149 147 148 149 145 144 144 145 146 146 148 146 148 146 147 148 148 147 148 151 148 151 143 143 143 143 144 147 146 146 147 146 146 147 145 145 145 145 144 144 146 144 145 146 148 148 148 148 149 147 149 146 153 151 150 148 148 150 149 149 149 149 147 148 148 149 149 149 150 149 146 148 149 148 148 148 147 147 148 148 149 150
-9999 -9999 -9999 -9999 -9999 -9999 -9999 -9999 -9999 -9999 -9999 -9999 144 149 149 149 145 149 143 143 147 145 144 141 145 145 147 146 148 150 145 149 148 146 144 143 143 146 146 143 145 146 146 147 147 147 143 145 144 145 145 145 146 146 147 146 147 148 148 148 149 148 150 149 150 151 148 149 148 149 149 150 148 150 149 149 149 148 149 149 149 149 150 146 147 149 147 149 148 149 149 148 148 149 151 152
-9999 -9999 -9999 -9999 -9999 -9999 -9999 -9999 -9999 -9999 -9999 -9999 146 154 149 150 149 143 143 143 143 145 144 145 144 143 144 148 147 148 147 148 146 145 143 143 142 143 144 144 146 147 147 147 147 147 146 146 145 145 144 145 145 144 149 147 147 148 149 149 148 149 149 151 151 150 150 149 150 150 149 149 149 150 149 149 150 149 149 149 148 147 148 148 148 149 148 148 149 149 149 150 149 148 149 149
-9999 -9999 -9999 -9999 -9999 -9999 -9999 -9999 -9999 -9999 -9999 -9999 148 150 146 145 147 143 146 145 144 145 145 145 144 145 147 148 148 148 148 147 147 145 144 146 146 144 146 146 146 147 149 147 147 147 147 148 146 144 145 144 143 146 147 148 149 148 149 149 149 150 149 149 152 151 150 151 150 150 149 151 150 149 150 150 150 149 150 148 150 149 149 149 150 149 148 149 149 149 150 150 150 150 150 150
-9999 -9999 -9999 -9999 -9999 -9999 -9999 -9999 -9999 -9999 -9999 -9999 147 148 147 146 146 146 143 144 144 145 145 144 145 146 147 144 150 148 149 148 148 146 146 146 147 147 146 148 147 148 147 150 148 148 148 145 145 147 145 144 144 147 147 149 149 149 150 150 151 149 151 152 151 151 151 149 150 150 150 150 150 150 150 150 150 150 148 148 148 148 149 150 149 148 149 149 150 150 150 150 149 150 150 150
-9999 -9999 -9999 -9999 -9999 -9999 -9999 -9999 -9999 -9999 -9999 -9999 143 148 148 144 144 145 144 145 145 145 146 145 145 146 146 146 147 148 148 150 151 148 145 146 146 147 147 147 147 148 148 148 148 150 147 147 146 145 144 145 146 146 146 147 149 150 150 149 149 151 152 153 151 151 151 151 151 150 151 152 151 151 149 148 149 148 148 149 149 149 149 150 149 150 150 150 149 150 150 150 151 151 151 150
-9999 -9999 -9999 -9999 -9999 -9999 -9999 -9999 -9999 -9999 -9999 -9999 145 150 147 146 146 146 146 145 146 146 146 145 146 146 145 145 146 145 148 148 150 151 150 149 147 149 149 147 147 149 148 150 150 147 147 146 146 145 145 147 149 147 147 145 148 150 150 151 150 150 148 152 152 152 151 151 151 149 151 151 149 150 149 150 149 149 149 149 149 150 150 150 150 150 149 150 149 150 150 150 151 151 151 150
-9999 -9999 -9999 -9999 -9999 -9999 -9999 -9999 -9999 -9999 -9999 -9999 144 146 148 143 148 145 147 147 146 146 146 146 147 146 146 146 145 147 148 149 149 149 151 149 149 147 147 148 148 148 150 150 149 148 148 147 149 145 146 147 147 149 150 147 151 150 149 151 151 152 151 153 152 152 152 152 151 151 152 151 151 151 150 150 150 150 150 150 150 150 151 151 149 149 150 150 151 151 150 151 151 150 151 150
-9999 -9999 -9999 -9999 -9999 -9999 -9999 -9999 -9999 -9999 -9999 -9999 149 144 147 145 147 147 149 147 147 146 147 145 146 145 148 148 148 147 148 147 148 148 151 150 149 149 150 150 149 149 151 149 150 149 148 150 150 148 147 147 148 149 150 151 149 147 150 150 151 151 149 151 152 151 152 152 151 151 151 151 151 151 151 151 151 151 150 150 150 151 151 150 151 151 151 151 151 151 151 151 151 151 151 151
-9999 -9999 -9999 -9999 -9999 -9999 -9999 -9999 -9999 -9999 -9999 -9999 148 145 146 145 146 146 146 146 148 148 147 148 146 145 148 148 149 149 148 149 148 149 150 152 151 151 152 150 149 149 150 151 150 150 149 149 149 148 147 147 150 149 150 151 150 150 150 149 151 152 151 150 149 152 152 152 152 152 151 152 152 151 151 151 151 150 151 151 151 151 151 152 151 151 151 151 151 151 151 151 150 151 152 151
-9999 -9999 -9999 -9999 -9999 -9999 -9999 -9999 -9999 -9999 145 145 141 148 143 151 146 149 145 149 147 147 147 145 145 146 147 148 148 149 149 149 149 149 150 152 147 153 153 149 149 152 149 150 150 151 151 149 149 149 150 151 149 150 150 150 151 151 151 151 151 151 154 152 -9999 -9999 -9999 -9999 152 152 152 151 152 151 152 151 151 151 151 151 151 152 152 152 151 151 151 152 151 152 151 151 151 152 152 151
-9999 -9999 -9999 -9999 -9999 -9999 -9999 -9999 -9999 -9999 151 153 150 151 145 149 146 152 153 147 147 147 145 147 146 147 149 147 150 148 149 149 150 149 149 149 153 151 151 151 150 152 150 151 151 152 150 150 149 150 149 149 150 148 150 150 150 151 151 152 150 150 151 151 -9999 -9999 -9999 -9999 152 152 151 151 151 152 152 152 152 152 152 152 152 151 151 151 151 151 151 151 151 151 152 151 151 151 146 149
-9999 -9999 -9999 -9999 -9999 -9999 -9999 -9999 -9999 -9999 -9999 -9999 148 149 154 151 149 149 148 148 148 149 148 147 146 148 147 149 148 149 149 148 149 149 149 150 151 151 152 152 151 151 151 151 151 149 149 150 151 150 150 150 150 151 150 150 151 150 149 151 151 151 151 151 -9999 -9999 -9999 -9999 -9999 -9999 151 151 151 152 152 152 -9999 -9999 152 152 -9999 -9999 -9999 -9999 151 151 151 151 151 151 151 151 151 154 153 147
