sesion_7_reto_final/variables/futuro_A2/2020/TMXI.asc
ncols 708
nrows 329
xllcorner -7.525000
yllcorner 35.991667
cellsize 0.008333
NODATA_value -9999
[rows 129 to 171 of 329, columns 576 to 671 of 708]
111 112 113 112 114 115 114 108 108 105 109 110 109 109 109 105 106 99 106 102 103 101 100 99 94 93 63 80 66 63 76 63 75 77 81 82 77 75 70 81 88 86 78 90 89 76 79 89 88 89 89 80 66 75 65 46 44 51 71 80 81 88 89 95 94 96 95 97 97 97 99 96 102 106 99 107 109 110 113 112 115 114 115 115 -9999 -9999 -9999 -9999 -9999 -9999 -9999 -9999 -9999 -9999 -9999 -9999
112 113 114 112 114 110 107 114 110 108 111 111 108 108 110 113 107 109 105 104 103 105 100 98 95 94 82 74 68 82 77 66 66 84 69 64 78 62 73 70 76 83 87 87 84 90 77 84 84 75 77 66 73 82 74 44 55 62 82 83 75 82 94 96 96 96 97 101 102 102 105 105 107 110 108 110 100 113 112 113 114 116 111 109 106 107 101 101 -9999 -9999 -9999 -9999 -9999 -9999 -9999 -9999
113 111 111 114 114 109 112 112 114 111 108 105 103 106 108 111 105 106 106 104 103 103 102 100 100 95 95 89 86 89 69 85 88 80 84 81 63 69 49 72 61 70 85 79 66 63 77 72 73 78 64 66 84 88 82 75 84 85 88 85 89 91 91 98 98 99 101 101 103 105 104 104 107 107 110 112 95 103 111 111 110 111 112 107 110 104 101 100 -9999 -9999 -9999 -9999 -9999 -9999 -9999 -9999
116 113 111 116 114 115 114 111 112 111 107 110 111 104 105 104 104 107 103 104 105 102 102 101 100 99 97 95 89 91 93 94 90 86 89 65 74 67 69 71 85 78 70 72 82 65 61 69 64 59 82 76 71 92 93 92 91 92 92 94 97 97 98 100 100 101 100 101 104 106 107 108 107 102 110 107 111 113 103 104 109 110 107 108 108 107 106 105 -9999 -9999 -9999 -9999 -9999 -9999 -9999 -9999
116 114 114 116 115 114 108 114 111 112 115 107 108 107 107 104 103 103 103 103 104 102 101 101 98 98 97 97 97 92 93 92 91 90 76 87 89 84 62 87 85 87 86 80 73 83 80 78 78 77 87 93 93 92 92 93 94 95 96 97 99 97 103 102 103 105 105 105 107 90 88 104 103 104 107 106 106 104 100 106 107 105 107 109 109 107 109 109 -9999 -9999 -9999 -9999 -9999 -9999 -9999 -9999
118 118 117 115 110 117 112 107 109 109 102 110 105 105 107 101 105 104 104 102 100 100 101 100 98 98 96 91 97 90 95 94 93 93 92 91 91 90 92 89 92 79 92 93 90 90 77 84 89 91 94 96 95 95 95 96 96 95 99 99 101 102 102 103 103 102 85 96 95 96 98 105 103 104 105 104 107 106 101 103 104 106 104 105 107 109 109 111 -9999 -9999 -9999 -9999 -9999 -9999 -9999 -9999
115 116 115 114 115 114 112 107 110 107 105 103 102 104 105 106 105 101 101 102 100 99 100 97 88 103 101 99 98 98 95 95 93 83 94 94 94 93 93 93 93 93 93 93 92 92 93 93 95 95 96 96 96 97 98 97 98 96 101 100 101 102 100 100 103 107 92 89 95 100 95 100 102 103 106 106 103 103 101 101 104 103 103 103 106 107 109 111 -9999 -9999 -9999 -9999 -9999 -9999 -9999 -9999
111 114 114 112 110 111 110 110 107 104 106 109 102 106 109 106 107 102 98 103 102 102 105 98 100 101 99 98 98 97 97 94 98 97 96 96 96 96 95 95 94 94 93 93 95 95 96 98 97 96 97 98 98 99 99 101 101 100 100 99 98 98 95 97 96 98 97 91 89 98 103 102 105 105 101 97 98 84 92 89 100 99 101 97 105 110 108 111 109 112 113 112 -9999 -9999 -9999 -9999
115 114 111 117 112 112 115 113 111 113 112 114 111 111 110 109 105 100 107 104 102 101 101 100 100 100 100 101 98 100 98 98 92 97 93 94 94 92 93 92 93 92 93 92 93 94 94 95 95 94 96 96 96 97 98 97 97 97 97 96 96 87 97 93 95 93 86 90 96 98 102 101 103 97 81 83 78 70 70 96 98 95 99 102 102 101 103 103 103 107 112 111 -9999 -9999 -9999 -9999
113 115 115 111 113 113 109 107 105 106 104 110 110 107 105 99 103 98 104 108 106 101 97 101 102 104 101 101 99 97 97 96 97 97 95 97 97 92 92 91 90 92 90 88 91 92 94 94 94 94 95 95 95 95 97 97 96 99 98 94 101 94 97 99 93 93 93 93 96 100 96 95 90 86 90 93 99 95 95 97 101 98 93 95 103 98 101 101 107 111 110 109 -9999 -9999 -9999 -9999
117 115 113 112 110 114 110 109 110 104 110 104 107 108 104 103 101 101 101 101 101 104 109 92 103 103 95 102 97 97 96 96 96 95 91 91 88 89 82 90 88 88 90 87 91 90 90 92 93 94 94 92 79 96 98 97 96 96 97 96 99 95 95 94 94 94 94 93 89 95 94 77 95 102 95 102 98 100 95 98 98 103 106 104 107 102 107 103 108 114 111 113 -9999 -9999 -9999 -9999
115 115 116 116 112 113 110 105 111 112 111 108 107 106 103 105 102 103 101 101 99 100 96 97 97 99 99 99 98 95 99 96 95 95 94 94 92 91 90 92 86 88 84 89 93 91 92 94 93 93 92 94 96 95 94 94 92 94 94 95 96 96 97 95 95 96 95 95 92 87 78 93 97 89 97 95 103 97 102 99 90 104 95 106 100 96 105 101 104 101 106 114 116 114 -9999 -9999
116 115 112 114 113 114 113 112 114 107 106 104 106 105 104 103 101 102 100 100 98 98 99 98 98 99 99 99 98 97 96 94 95 95 97 97 93 88 87 89 88 90 88 87 87 88 88 90 92 94 95 93 93 95 96 93 93 95 94 94 95 95 96 96 96 96 95 90 90 89 97 96 96 103 98 97 107 104 108 99 98 102 101 104 102 106 105 105 105 108 108 101 104 111 -9999 -9999
115 114 114 115 113 112 110 112 107 110 105 105 104 103 102 103 100 100 102 101 102 100 98 96 95 97 96 97 96 97 95 95 99 93 93 91 95 95 91 93 91 92 89 89 91 91 91 94 93 95 97 96 96 96 95 97 97 95 96 97 97 96 94 93 94 97 94 83 67 98 99 100 98 104 102 98 99 102 104 105 106 105 106 101 111 108 104 108 110 108 104 97 97 101 101 102
112 112 111 112 108 109 105 104 108 106 106 105 104 103 102 101 100 100 99 99 93 93 91 93 95 96 96 96 95 95 96 96 91 92 94 96 96 96 91 92 90 89 90 89 92 93 95 94 92 95 96 100 99 96 96 99 99 100 98 97 98 98 96 97 95 97 82 71 97 101 99 103 93 97 98 103 103 104 107 97 101 104 108 105 96 112 112 111 107 111 108 104 106 103 98 95
112 111 111 107 116 111 102 106 106 108 103 103 104 102 100 100 99 90 96 84 85 84 76 84 92 86 91 91 92 92 92 93 91 91 89 90 87 89 89 85 85 85 85 85 84 87 90 92 92 95 99 99 100 100 99 100 99 101 101 99 99 98 95 95 99 102 99 105 98 103 102 97 100 99 102 104 89 98 108 107 105 104 110 108 99 100 112 112 104 112 109 109 110 110 104 106
111 112 110 110 107 105 111 107 104 104 102 103 102 101 100 100 102 96 91 97 91 84 85 79 97 79 93 91 90 91 89 89 91 88 89 88 90 90 88 90 92 83 85 81 83 77 83 85 90 91 91 90 94 94 94 86 88 94 98 99 94 91 101 94 86 99 109 106 104 102 100 103 94 100 98 103 103 104 110 111 101 109 110 107 110 110 112 114 115 112 112 112 116 110 112 111
112 106 107 108 106 110 105 101 108 104 104 105 101 100 99 99 102 96 89 89 97 95 93 91 93 89 91 91 91 87 89 84 83 88 84 83 84 92 92 90 91 85 77 86 88 90 84 79 92 85 76 80 77 82 88 98 104 103 88 90 80 74 98 105 105 106 96 106 109 106 106 104 100 103 102 107 107 109 108 114 105 111 109 112 112 114 114 116 119 117 114 118 108 114 118 115
112 113 110 108 108 107 106 106 105 103 104 102 100 100 98 98 98 98 98 95 94 90 83 87 89 89 90 87 88 89 89 88 90 92 91 85 91 86 93 94 93 89 90 80 70 82 78 83 86 89 93 96 96 96 99 86 103 106 104 92 94 101 97 105 108 107 108 105 105 109 107 108 106 107 104 104 116 111 110 113 114 111 114 114 120 114 118 120 118 117 112 119 117 120 116 121
109 109 110 108 108 106 107 106 105 104 101 103 101 100 100 98 97 95 96 90 90 89 88 86 84 88 88 84 83 85 85 78 80 87 86 93 94 96 96 95 96 96 96 83 84 85 86 88 99 99 95 83 97 93 99 101 100 113 97 106 108 100 109 106 103 102 108 113 110 112 108 109 105 100 99 109 111 109 111 113 118 114 119 117 118 121 114 121 121 117 119 121 120 122 121 122
109 110 106 109 109 106 105 105 103 103 103 102 100 100 101 97 99 97 97 92 85 92 91 88 77 77 82 84 88 86 86 84 79 87 88 91 90 92 96 96 98 97 96 77 93 84 92 87 83 99 98 100 102 100 91 103 105 108 109 111 106 112 112 108 111 111 112 115 115 113 114 113 104 114 111 112 113 114 114 118 115 118 120 120 123 120 122 117 122 118 126 121 126 124 126 129
111 109 108 107 110 105 106 105 103 105 102 102 101 100 100 98 95 96 96 93 74 80 81 84 81 77 83 83 83 83 82 77 68 67 83 89 91 94 96 96 98 99 98 103 98 101 99 101 105 103 105 104 105 106 103 106 104 107 108 108 116 112 113 113 115 112 113 114 112 115 115 114 114 111 112 115 115 118 118 119 123 123 124 126 131 127 124 124 125 127 125 124 126 128 126 127
109 107 106 106 107 105 105 105 104 104 102 102 100 99 99 98 97 96 94 92 88 89 91 87 86 86 85 83 84 83 79 85 76 66 77 86 91 90 92 96 96 98 100 99 101 99 99 99 102 103 105 106 107 108 108 108 107 108 110 114 112 118 115 117 114 115 115 114 117 119 115 117 118 113 115 114 115 120 120 123 121 122 126 127 129 126 127 126 125 127 127 130 132 131 129 129
108 109 106 105 104 104 103 104 102 102 102 101 100 99 99 98 97 98 95 95 94 92 89 90 85 85 84 84 85 81 67 70 75 69 78 88 85 89 89 80 88 87 93 100 100 101 101 101 101 100 96 103 106 109 107 108 112 110 110 111 108 111 121 115 114 117 117 121 117 117 118 117 119 117 115 115 112 119 121 122 125 127 125 126 124 128 128 131 127 131 131 125 126 131 134 132
107 109 103 108 103 104 103 103 103 102 102 102 101 99 98 97 93 94 95 91 88 91 90 89 90 77 76 80 85 80 67 79 78 85 88 88 87 95 87 88 95 94 93 100 101 101 101 102 103 103 105 106 98 112 112 110 113 108 113 116 109 113 121 115 118 122 123 119 121 120 119 119 121 119 119 118 118 118 122 124 124 125 129 127 128 130 129 131 128 124 135 137 133 133 134 134
107 107 102 105 103 103 103 102 102 102 101 101 101 101 98 98 97 94 94 94 93 92 94 99 91 90 98 92 91 86 88 84 80 80 91 89 95 86 95 93 96 97 98 97 100 89 100 102 102 103 103 107 103 115 111 111 112 114 113 115 118 114 110 124 116 124 121 123 122 121 121 122 121 121 122 121 119 121 121 117 126 127 130 129 129 130 133 135 129 130 128 136 140 135 135 136
107 106 104 104 105 104 103 102 102 102 101 100 100 98 98 97 95 93 93 89 96 91 95 97 96 93 91 100 92 100 89 91 91 95 80 93 88 94 88 96 94 93 98 100 102 102 97 104 105 105 104 107 106 104 117 115 116 123 113 119 111 117 118 118 122 123 122 125 123 123 123 124 125 125 122 121 118 120 111 126 130 128 130 130 131 131 136 133 133 132 134 133 137 136 137 137
103 101 106 102 102 102 103 102 101 101 102 102 100 99 98 97 96 95 95 97 92 95 99 96 95 91 95 101 95 95 97 74 69 84 78 100 95 100 98 90 92 95 92 97 93 103 106 91 102 107 106 108 111 108 113 111 107 113 120 116 118 120 117 123 124 122 126 125 124 124 129 126 125 121 119 120 112 115 128 115 120 126 132 130 130 134 132 135 136 133 136 136 138 138 138 138
100 100 100 103 101 101 102 100 101 101 102 102 100 100 99 98 99 98 99 98 97 98 97 98 98 100 99 98 97 99 100 101 96 101 97 103 100 105 102 99 91 107 101 96 99 93 99 98 100 91 102 105 100 91 103 113 116 118 122 120 122 124 124 126 124 127 125 127 127 126 127 126 126 129 129 125 121 128 128 126 120 132 132 134 132 134 133 141 133 138 137 138 139 138 140 138
99 101 100 98 100 100 100 101 100 100 100 101 101 101 101 99 100 98 94 95 99 100 95 95 97 98 102 100 103 101 92 102 103 99 101 99 105 101 103 94 104 106 96 102 95 89 105 106 98 104 97 112 100 95 103 113 127 120 124 122 124 124 127 126 127 129 128 128 129 129 130 128 129 131 129 129 123 131 127 130 133 133 133 133 134 135 135 137 139 138 139 139 140 140 142 141
98 97 100 105 98 99 99 101 99 99 98 100 102 102 100 100 102 99 95 94 98 99 99 93 108 100 104 97 104 97 107 105 108 106 109 109 109 104 112 102 112 111 115 113 105 103 90 114 110 101 108 112 122 110 114 117 119 122 130 126 130 126 128 128 129 129 126 131 131 130 129 129 131 131 129 130 128 125 124 124 134 134 136 137 139 137 137 138 137 144 139 139 139 142 142 141
96 96 97 98 97 96 100 98 100 99 99 99 99 102 103 104 101 101 101 98 99 105 104 100 104 98 104 107 106 104 108 110 108 110 111 113 110 113 112 114 112 111 122 116 118 119 110 98 115 119 120 123 119 124 122 114 127 125 127 128 128 128 129 129 129 129 125 129 125 131 130 131 129 133 129 130 131 129 131 121 132 140 137 138 139 140 141 139 139 140 145 141 143 142 142 143
91 95 96 98 97 97 98 100 99 98 100 99 101 103 104 104 103 98 103 98 97 99 108 105 105 108 100 109 109 109 110 111 112 113 112 112 114 117 113 115 116 118 122 118 118 123 121 124 126 123 124 128 124 117 127 125 129 129 128 127 131 130 131 130 131 131 131 135 132 133 134 134 132 133 126 126 124 129 129 138 131 136 140 139 140 134 140 141 139 136 137 140 144 143 140 140
92 95 97 97 96 98 98 96 97 96 97 97 101 104 105 102 104 105 105 104 103 104 109 108 110 106 108 106 110 115 114 113 114 114 116 117 112 116 117 118 117 118 120 119 120 125 128 123 124 124 130 128 128 130 128 129 128 132 131 129 131 131 133 132 131 132 133 133 131 133 134 135 136 136 132 137 133 126 141 139 137 141 140 140 141 139 142 125 140 135 130 140 142 142 144 142
93 94 95 102 90 96 91 97 92 93 95 97 100 101 106 107 105 106 107 105 105 107 106 109 112 113 113 110 113 112 116 115 115 117 121 118 120 120 119 119 118 121 120 123 123 123 128 125 127 127 127 129 127 127 129 131 130 129 132 131 129 132 133 133 131 132 134 131 133 136 136 135 136 136 136 136 141 133 133 140 141 139 132 142 144 137 143 129 142 139 141 143 143 140 146 138
92 90 94 94 93 96 94 91 92 94 90 98 104 95 99 106 103 103 109 107 109 110 107 108 116 113 113 114 111 115 115 120 116 117 117 115 119 121 118 120 119 123 123 122 127 126 126 124 125 127 125 128 128 131 130 128 129 132 134 131 134 134 133 132 131 131 134 132 134 135 138 136 138 137 138 138 139 138 141 146 142 140 142 145 141 145 144 145 144 148 146 148 147 147 133 146
96 92 97 89 90 95 98 96 88 92 90 92 94 94 97 98 104 102 104 109 112 111 107 110 113 116 114 115 113 112 117 117 118 119 119 120 117 119 125 122 116 123 123 130 125 124 123 125 130 129 128 128 130 129 125 131 133 132 128 133 133 131 134 136 135 128 130 130 136 137 136 138 139 139 139 139 139 141 137 139 143 143 144 145 143 144 146 147 146 145 146 140 145 143 150 156
87 82 89 82 84 90 88 98 87 91 90 90 95 90 98 94 98 108 95 100 107 108 106 104 104 110 112 116 115 116 110 113 111 117 114 111 108 115 109 114 126 119 118 124 125 121 109 121 118 127 124 125 123 124 124 129 123 124 127 126 119 132 127 127 136 135 135 134 137 137 139 138 139 139 139 140 140 141 137 136 139 139 143 143 139 145 144 146 147 147 148 142 144 133 144 143
89 78 91 85 86 96 83 85 84 84 101 98 95 99 104 99 90 97 100 94 107 98 99 98 101 98 98 103 101 95 104 103 97 106 104 115 106 118 121 118 110 111 113 119 120 111 123 120 121 126 122 111 126 128 125 131 125 129 124 120 129 132 135 128 126 116 133 129 129 130 134 130 132 136 136 139 136 136 139 137 139 140 137 140 141 143 143 145 144 145 145 146 144 145 139 137
78 87 83 86 90 91 92 82 86 88 87 77 87 86 92 87 94 104 104 105 95 94 99 90 91 95 89 91 96 92 90 97 111 101 112 114 106 105 102 103 105 110 105 117 115 107 110 113 116 120 117 120 113 110 109 117 116 120 115 121 110 119 123 125 124 126 118 127 128 136 129 135 130 137 130 133 136 140 136 136 138 139 137 140 138 143 141 140 142 143 146 146 141 145 142 135
66 80 72 87 71 76 88 91 78 76 83 77 85 93 85 86 84 98 98 89 85 81 95 97 77 90 91 86 81 84 97 87 79 112 105 96 91 90 107 107 87 86 91 101 102 113 99 120 128 108 114 108 108 101 117 108 112 116 110 106 101 118 114 113 127 113 121 129 135 136 136 115 129 133 136 129 138 138 138 134 137 127 131 141 136 140 136 140 140 142 145 145 144 143 136 147
78 68 75 81 69 76 87 77 80 81 81 78 94 85 86 78 88 101 88 91 94 83 82 82 77 70 76 72 78 79 83 82 91 98 101 86 82 84 98 98 94 89 92 97 96 101 100 98 116 106 107 107 100 111 101 105 104 112 122 123 125 126 121 119 133 134 134 128 129 130 131 130 123 129 131 130 135 135 128 133 131 138 133 133 137 137 136 133 138 141 142 142 146 147 147 144
77 67 73 71 74 69 72 73 79 73 77 86 88 77 80 89 95 103 87 78 82 83 82 78 81 76 70 69 80 77 72 78 92 94 88 85 75 83 85 100 104 88 92 81 76 92 94 114 105 120 105 111 105 107 109 115 107 105 104 109 122 128 130 125 131 128 135 129 128 130 116 119 132 136 126 132 127 128 120 131 133 134 134 135 135 136 130 138 143 145 138 142 145 147 147 144
