sesion_7_reto_final/variables/presente/TMXV.asc
ncols 708
nrows 329
xllcorner -7.525000
yllcorner 35.991667
cellsize 0.008333
NODATA_value -9999
[rows 205 to 245 of 329, columns 188 to 281 of 708]
335 335 336 336 336 336 336 337 337 336 337 337 337 337 337 336 336 337 337 338 338 338 336 336 336 338 337 336 336 335 336 339 339 338 337 337 339 338 338 338 338 339 339 336 332 334 333 330 331 334 332 333 335 335 337 332 329 328 336 331 331 328 326 330 327 327 328 326 327 327 325 322 323 327 327 322 324 319 322 322 326 325 322 325 325 324 324 324 317 312 294 310 310 293
335 335 335 335 336 336 336 336 336 336 337 337 337 337 336 335 336 336 335 337 338 338 337 336 337 337 335 335 337 336 338 338 339 337 339 337 338 338 338 338 338 340 336 338 334 333 332 330 328 330 331 334 334 333 327 335 333 333 333 331 330 328 325 330 326 327 327 326 327 325 325 326 326 328 319 326 316 323 324 323 326 325 328 328 328 323 324 325 322 320 316 312 304 284
334 333 333 334 335 336 336 335 336 336 336 336 337 336 335 335 333 336 336 332 334 336 336 335 334 337 335 337 336 337 335 335 337 337 338 336 337 339 339 339 333 336 336 335 336 333 330 323 324 323 329 331 332 328 331 330 330 332 329 333 332 328 325 330 329 325 325 325 326 326 326 325 322 330 326 326 322 325 327 327 327 322 326 318 325 317 320 319 319 306 310 307 296 285
334 333 334 334 335 335 335 335 336 336 336 336 336 336 334 335 335 335 334 333 332 336 336 335 335 337 337 338 336 333 336 335 335 338 337 337 338 338 337 338 338 338 337 335 333 333 332 330 320 324 315 324 328 330 329 328 327 328 328 324 329 330 331 327 328 327 327 317 327 326 326 323 327 329 324 328 326 324 328 329 326 324 321 320 319 320 313 318 317 311 305 297 299 301
334 334 334 334 335 335 335 335 335 335 336 335 335 335 335 334 334 331 333 334 334 335 335 334 335 336 337 337 337 337 337 335 338 335 336 336 333 337 338 335 338 338 335 335 335 335 334 333 327 324 329 328 326 328 329 331 325 327 331 327 330 327 329 323 328 321 319 325 326 323 329 331 331 316 320 327 326 325 328 327 320 323 320 316 312 317 317 316 313 316 314 312 307 310
333 333 334 334 333 334 334 335 335 335 334 334 335 332 333 334 334 333 332 332 334 335 335 334 334 335 336 336 336 336 337 337 336 334 332 333 337 334 331 335 338 336 337 337 336 335 335 334 333 330 329 323 326 328 331 331 333 332 331 329 330 327 328 324 326 322 327 313 326 323 301 325 327 324 321 323 324 327 329 324 320 316 310 310 313 320 317 316 316 319 316 315 313 315
333 333 333 333 334 334 334 334 334 333 334 334 334 331 333 332 333 331 332 333 333 329 332 331 335 335 336 336 335 335 335 337 336 336 336 336 336 336 335 335 337 337 336 336 336 336 334 331 330 329 328 330 327 329 329 333 328 331 330 329 322 324 324 321 320 323 331 324 327 329 330 319 327 325 323 323 322 329 324 323 320 318 311 308 314 321 319 318 316 316 315 315 317 312
333 332 333 333 332 333 334 334 334 333 332 332 331 331 331 332 331 332 332 332 332 333 334 335 335 333 335 334 335 334 334 334 332 337 337 334 334 335 334 336 333 336 337 336 334 334 332 330 328 330 333 332 326 331 333 329 321 330 323 328 324 324 324 327 320 318 322 320 322 326 326 318 324 319 326 324 325 328 324 323 320 318 316 307 317 319 320 321 314 316 317 320 316 311
332 333 333 333 334 334 334 334 334 334 332 329 333 332 332 331 331 332 331 332 333 334 334 335 335 334 330 335 331 332 332 331 334 332 333 334 333 332 336 329 334 335 335 336 335 333 333 334 327 330 332 329 334 327 323 332 325 324 324 328 321 329 319 320 322 319 321 323 325 324 321 329 327 323 325 326 326 320 324 324 327 324 324 322 322 323 324 322 314 319 317 315 310 306
331 333 332 332 333 333 334 334 333 332 332 333 332 331 332 329 331 331 330 329 333 332 332 334 333 331 334 333 333 333 334 334 336 334 335 335 333 331 335 333 337 335 334 335 335 335 334 330 331 333 329 332 334 325 330 326 330 333 333 326 322 312 323 320 313 320 322 326 326 325 326 328 328 327 326 324 318 323 319 320 320 320 310 323 324 320 315 318 314 315 316 314 311 306
333 332 332 332 332 332 332 331 332 332 332 330 332 329 331 332 332 331 332 331 329 334 332 332 333 330 329 331 332 333 334 332 336 335 333 333 331 333 333 331 334 336 333 333 332 334 334 333 333 334 330 334 333 325 320 325 323 321 325 327 330 323 316 321 314 316 313 322 321 323 325 326 328 328 328 323 323 321 318 318 321 321 313 318 317 314 316 316 315 316 311 308 300 306
332 332 333 332 332 331 331 332 332 332 332 332 332 332 332 332 332 332 331 331 331 333 332 331 331 331 333 331 333 333 333 333 335 335 334 334 334 331 333 333 334 336 335 335 335 335 335 334 334 335 333 332 330 326 322 315 316 312 323 320 314 321 312 317 316 319 323 317 307 302 313 324 326 325 324 322 315 314 320 323 324 314 317 318 317 317 315 309 316 312 295 304 306 306
332 332 331 332 331 331 330 331 332 331 330 333 332 333 332 332 332 329 329 329 330 332 332 332 330 332 332 332 332 332 333 335 335 335 333 334 333 331 333 333 331 334 335 332 333 335 334 335 335 334 333 331 325 322 314 310 318 323 324 325 318 319 313 317 318 316 317 303 296 279 296 323 325 321 321 320 318 318 315 318 315 322 322 317 316 311 313 312 315 309 305 306 305 306
332 331 331 331 331 331 330 331 331 330 331 332 331 329 328 329 331 330 329 329 327 331 331 331 331 330 332 332 333 334 334 334 335 334 334 334 333 332 334 333 332 332 335 335 335 334 334 334 334 332 328 329 322 319 322 319 317 310 321 324 317 317 318 319 315 311 296 300 297 293 312 321 325 323 321 320 321 311 320 321 320 319 320 322 318 319 322 320 316 309 307 308 308 312
331 331 331 331 330 330 331 331 331 330 330 331 332 331 331 331 330 331 327 329 329 331 331 329 332 332 331 333 333 333 331 334 334 333 335 334 330 334 332 333 334 333 334 335 331 331 333 334 333 332 331 328 327 324 323 321 323 314 322 327 323 321 314 317 309 305 300 298 298 294 310 319 324 319 322 321 321 317 317 316 313 313 314 317 314 307 317 321 317 313 309 311 311 310
330 331 329 331 330 331 331 330 331 331 330 330 331 331 332 326 330 329 329 331 331 330 330 331 330 333 333 333 333 332 332 334 334 334 335 334 334 333 333 332 335 336 336 336 333 333 332 332 332 330 328 329 323 316 323 325 326 326 325 325 328 314 323 318 304 298 306 296 299 307 320 323 323 319 322 311 320 318 315 317 320 316 315 309 313 313 319 322 317 315 312 311 313 313
326 328 331 331 330 331 331 331 329 330 331 330 330 331 328 329 328 329 330 329 332 331 331 332 333 334 333 333 330 332 334 334 334 334 334 333 334 334 334 335 334 334 334 332 332 333 333 332 331 329 329 325 322 323 326 325 324 325 321 316 325 328 322 318 302 296 306 309 316 314 320 322 317 320 323 320 319 311 313 317 315 314 310 313 313 315 319 320 319 320 318 310 311 311
324 326 329 330 328 330 331 330 331 331 330 331 329 328 329 327 329 331 330 332 331 333 333 332 333 333 332 326 332 333 334 334 334 333 333 333 334 334 334 335 334 334 334 332 333 333 332 325 326 330 327 327 323 325 321 327 323 321 320 320 324 325 323 323 322 316 324 323 319 315 316 317 318 321 321 319 314 318 313 317 315 308 307 309 315 317 319 317 312 312 309 315 313 312
326 328 328 328 330 329 330 329 329 330 329 329 329 329 328 328 331 328 332 333 332 333 333 332 332 332 332 325 331 333 333 333 334 334 333 333 334 334 335 334 333 334 333 333 333 333 332 328 323 324 330 326 325 326 328 326 322 322 322 324 319 325 328 326 325 325 324 314 316 315 312 319 316 314 308 309 310 313 302 306 314 315 312 314 316 317 317 315 311 306 309 303 307 313
326 325 326 327 329 329 330 328 328 329 328 329 329 328 327 329 331 332 332 329 331 332 332 331 327 327 327 331 333 333 333 332 333 333 334 334 334 333 331 333 334 334 333 333 333 332 329 325 325 326 327 321 325 326 323 325 322 323 325 318 321 322 320 320 324 326 321 318 318 312 314 321 315 309 307 301 312 310 307 308 310 312 313 313 315 316 315 312 311 305 308 311 311 313
318 322 326 327 328 328 329 330 329 327 328 329 330 327 328 330 332 332 331 326 328 331 325 329 326 326 329 331 332 333 333 333 333 333 334 334 334 333 334 334 334 334 333 333 332 330 331 329 328 321 318 321 321 325 322 321 324 325 323 323 322 324 323 325 324 323 323 320 325 318 313 318 313 310 307 303 310 303 308 300 299 309 313 313 312 312 308 308 306 303 308 310 308 310
318 312 320 326 326 327 329 326 326 327 328 329 330 328 329 330 332 332 331 330 329 328 328 327 327 326 330 332 332 333 333 333 333 333 334 331 332 333 333 332 333 333 333 332 331 331 330 327 325 320 316 317 319 312 324 325 320 323 319 318 321 323 322 322 323 323 324 319 320 325 321 317 318 314 299 293 301 306 302 294 291 307 307 308 307 303 304 304 301 306 307 311 308 303
314 319 317 324 327 328 328 327 326 328 328 329 330 330 330 331 331 330 328 328 328 327 325 327 325 326 331 332 332 333 333 333 333 333 333 331 330 333 333 333 333 333 332 331 330 329 328 325 323 322 319 318 318 308 319 324 323 317 312 305 307 315 305 312 314 313 309 309 315 315 321 319 314 310 303 292 309 303 298 287 300 302 307 304 304 296 298 301 303 306 309 307 300 301
316 319 322 324 325 325 327 326 326 328 328 326 327 328 330 331 331 331 330 329 329 326 326 326 325 327 331 331 332 332 333 333 333 331 330 326 332 333 332 332 332 332 332 331 330 329 326 325 325 322 321 319 314 310 319 321 317 314 299 300 300 302 307 303 305 315 301 300 310 319 322 323 320 316 312 313 301 304 300 292 306 308 307 305 304 299 296 301 304 308 309 306 301 300
320 321 324 325 325 326 325 325 327 329 325 325 327 328 329 331 327 328 329 326 326 326 326 326 324 328 331 332 332 332 332 332 333 331 329 331 333 332 332 332 332 332 331 331 330 328 329 329 323 314 324 317 315 316 321 315 315 304 294 298 292 307 307 307 304 299 296 298 310 316 318 317 315 321 316 316 306 307 306 304 310 311 306 310 305 302 303 303 299 303 306 302 301 300
324 324 325 326 326 327 327 325 326 327 325 322 328 329 329 329 329 328 329 328 329 327 326 326 325 328 331 332 332 332 332 331 332 332 332 331 332 332 332 332 332 331 331 321 324 321 311 321 321 316 314 323 322 318 307 317 314 301 296 288 300 297 301 301 286 304 276 302 307 315 311 312 299 312 316 318 315 316 316 316 315 310 310 305 303 304 299 299 302 305 305 300 300 298
325 325 326 326 326 327 327 328 329 326 326 328 329 329 329 330 330 330 330 330 330 330 330 326 325 330 331 331 331 332 332 332 332 332 332 332 332 332 331 331 331 331 329 327 326 323 316 318 324 320 320 322 324 319 315 316 313 303 293 283 298 295 290 297 301 301 300 304 300 291 291 300 289 303 309 319 318 313 309 307 307 303 307 304 294 299 301 303 305 306 303 300 296 298
326 326 326 327 327 327 328 328 328 326 327 328 329 329 329 330 330 329 330 330 330 330 330 329 327 326 325 324 330 331 331 332 332 332 332 332 332 331 332 331 331 330 329 328 327 323 319 319 323 320 321 321 323 321 318 317 312 307 288 290 283 298 295 281 285 294 299 305 288 278 282 285 280 306 315 310 313 316 305 307 302 302 304 300 305 298 299 300 300 301 302 300 298 298
326 327 327 326 327 327 327 327 327 327 328 329 329 329 329 330 331 331 330 329 330 330 331 326 324 320 322 324 329 331 331 331 331 330 332 332 331 331 331 331 330 329 328 326 322 318 310 316 317 315 318 321 323 322 313 314 314 300 282 296 299 294 276 281 283 299 288 267 264 272 272 298 307 312 312 314 309 309 314 312 310 300 304 305 302 301 302 297 297 298 303 299 300 298
326 327 326 326 327 326 327 328 328 328 329 329 329 329 330 330 330 330 329 329 330 330 331 328 323 321 326 323 327 330 330 331 330 331 331 331 331 330 330 330 330 327 326 324 316 318 318 320 313 313 315 316 323 320 317 318 308 307 295 296 292 276 281 290 296 288 291 291 274 272 286 305 305 305 309 311 306 306 306 303 301 301 302 303 305 305 303 303 304 303 297 303 304 309
326 327 327 326 326 327 327 328 328 328 329 329 329 329 327 329 329 328 329 330 330 330 331 329 326 322 323 323 325 328 328 328 330 330 331 331 329 329 330 330 329 327 324 321 322 321 321 321 319 316 315 314 318 320 318 321 309 300 311 305 295 281 259 233 267 277 286 265 271 283 293 283 297 307 305 299 302 301 299 299 294 298 299 300 302 301 302 293 306 308 310 310 311 312
325 326 325 326 326 326 327 328 328 329 329 329 328 325 325 326 325 326 327 330 330 330 329 329 327 323 322 323 325 326 326 328 329 328 328 327 330 329 330 329 326 325 326 324 323 323 324 324 321 322 318 315 319 321 323 306 300 303 308 299 297 289 280 270 259 256 251 266 277 293 290 300 304 301 301 295 297 293 299 293 294 297 297 297 301 301 301 298 295 302 311 312 311 306
326 326 325 326 326 326 327 327 327 326 328 329 324 324 324 326 325 324 325 328 327 328 328 328 327 323 323 324 324 325 324 326 327 327 327 327 326 330 330 329 328 328 324 326 326 324 323 325 325 324 323 321 324 318 315 309 299 287 298 283 304 300 293 296 288 291 292 284 280 276 277 281 294 299 291 290 300 297 297 300 300 295 303 302 299 299 297 298 303 310 312 311 309 302
324 325 324 326 325 326 327 327 327 328 328 328 327 326 324 325 326 328 328 329 329 328 327 328 327 321 322 322 323 323 324 327 327 327 327 329 329 328 328 329 328 328 326 327 327 324 324 322 322 323 325 323 324 323 318 299 298 288 298 290 298 299 286 302 299 293 275 281 274 275 283 284 289 295 300 298 295 292 296 294 289 291 294 293 298 302 296 301 310 312 308 304 306 309
322 324 325 325 326 326 326 327 327 327 326 322 328 326 324 324 326 329 329 328 327 325 324 323 325 324 323 323 324 325 323 325 326 325 325 327 328 328 326 328 324 322 327 326 323 324 325 320 314 322 325 323 320 320 292 302 302 316 312 308 300 308 308 301 296 281 281 275 275 265 275 287 293 299 295 299 292 288 292 295 282 289 292 260 298 299 295 306 311 308 305 306 303 306
323 323 325 325 326 326 326 327 326 325 325 320 323 326 325 324 322 324 329 327 327 324 325 325 324 321 322 323 326 327 324 324 326 323 326 327 326 325 324 324 323 323 325 318 322 321 322 323 322 321 321 324 322 321 320 307 317 317 314 314 316 307 293 286 274 278 285 282 277 276 280 287 294 293 294 296 294 293 289 291 289 286 272 288 295 301 308 305 304 301 302 306 295 299
319 324 324 325 325 326 326 326 326 326 325 323 319 327 326 326 326 329 328 328 327 326 325 324 324 320 320 326 327 326 326 325 324 324 325 324 326 325 324 322 323 321 320 317 319 321 321 324 322 322 321 322 321 316 322 315 315 319 312 312 313 306 293 289 286 281 285 277 268 276 270 290 292 293 294 287 281 295 286 289 288 288 282 283 299 301 307 305 299 294 300 305 299 298
323 323 322 323 325 326 326 326 325 325 325 326 326 328 327 326 324 329 326 326 327 326 324 323 322 321 323 326 327 325 324 324 325 326 326 325 323 322 320 321 320 323 317 320 321 314 319 324 318 323 323 324 322 320 312 299 301 312 312 307 313 311 305 285 297 284 288 271 280 283 290 287 290 294 296 277 284 291 290 279 280 278 281 290 302 308 294 287 292 287 290 301 290 295
323 323 323 323 324 325 326 326 325 325 326 326 327 327 328 328 324 328 325 325 324 325 322 320 322 324 326 327 325 324 323 317 324 327 321 322 320 324 326 321 324 319 314 315 313 318 321 317 318 324 324 320 321 317 305 288 303 311 313 312 307 308 296 297 284 292 286 276 270 275 289 289 292 295 291 291 276 290 281 291 288 276 279 293 302 298 287 292 284 281 280 294 293 295
323 323 321 322 324 325 325 325 325 325 325 327 327 327 326 325 326 327 325 324 325 324 322 319 323 326 327 327 326 324 313 316 323 325 327 327 325 327 321 321 315 313 314 321 319 320 319 319 315 322 310 322 322 318 308 282 288 298 302 313 311 297 298 302 295 268 270 271 291 294 289 292 296 296 283 283 283 273 274 288 274 282 285 295 300 290 283 282 279 282 280 289 286 292
322 320 321 323 323 325 324 324 325 326 326 326 325 326 327 326 327 327 325 324 324 321 319 320 324 325 327 327 325 325 322 322 318 323 323 324 322 319 320 318 316 318 312 322 305 316 313 318 321 323 322 322 322 322 317 307 284 283 303 307 307 294 301 300 279 297 281 274 286 286 292 293 296 295 289 285 254 270 286 273 273 287 291 295 291 287 284 275 281 279 276 277 284 276
