sesion_7_reto_final/variables/presente/TMXV.asc
ncols 708
nrows 329
xllcorner -7.525000
yllcorner 35.991667
cellsize 0.008333
NODATA_value -9999
[rows 82 to 122 of 329, columns 470 to 563 of 708]
347 347 348 344 343 343 340 338 338 338 335 334 333 336 337 337 336 335 332 332 332 330 329 330 326 332 331 331 331 330 329 329 328 327 330 329 329 328 329 329 327 326 327 328 333 337 337 338 337 335 338 339 342 339 340 342 341 341 342 342 343 343 344 345 345 344 341 340 337 331 324 328 323 322 322 306 305 292 315 313 305 288 297 303 293 301 307 310 314 327 332 329 323 309
340 345 344 344 344 342 339 341 338 336 338 336 335 331 334 332 333 330 332 331 330 329 329 329 329 329 330 329 329 328 328 328 327 330 331 330 329 329 329 329 328 329 331 331 334 334 335 339 336 334 337 339 339 342 341 340 343 344 345 344 344 344 344 344 341 341 337 335 330 330 332 320 325 319 316 304 308 314 316 303 301 296 302 301 302 294 307 308 321 332 323 307 305 309
345 345 343 342 343 342 341 338 338 337 335 332 334 333 331 332 330 331 330 332 331 330 329 329 330 330 330 329 328 328 327 328 330 330 331 330 329 329 330 334 333 333 334 337 334 336 335 337 338 338 337 339 341 341 340 342 344 344 344 344 343 341 338 339 334 336 335 337 331 330 326 326 323 314 316 312 314 312 308 306 295 306 301 295 298 301 305 314 327 327 317 300 297 305
344 342 342 340 339 338 338 336 334 334 332 332 334 333 331 331 327 328 329 329 330 329 330 331 329 330 328 328 328 329 329 329 329 331 331 330 329 331 334 334 336 336 335 338 336 338 336 336 336 336 338 340 339 340 342 345 343 337 333 337 341 342 341 339 339 337 337 333 332 330 330 327 324 318 317 312 315 317 314 307 293 303 297 296 293 300 304 316 328 323 318 312 301 302
343 344 343 342 339 340 338 338 336 334 332 330 329 328 331 329 326 327 326 326 327 329 331 330 329 329 329 329 329 331 329 329 329 332 330 333 330 328 334 338 336 336 335 335 337 338 336 335 334 340 340 340 340 341 344 344 339 339 335 334 336 343 341 340 339 337 336 332 334 328 327 327 325 319 322 317 318 321 322 315 299 295 299 295 309 314 310 324 325 312 318 304 300 288
342 342 340 340 340 341 338 336 335 334 331 331 329 329 327 327 326 326 327 327 328 330 332 331 330 329 331 328 331 333 332 332 335 333 333 335 335 332 334 336 337 336 334 337 335 338 338 337 338 337 342 341 341 344 345 342 340 340 336 335 336 333 343 340 340 338 337 337 333 327 326 328 329 317 323 325 314 317 314 296 300 307 292 306 314 314 325 329 321 312 312 317 305 303
342 341 341 340 340 339 339 338 334 331 332 330 328 327 327 328 327 327 328 331 331 330 331 331 333 335 335 334 336 335 335 334 337 335 337 335 333 333 334 335 338 336 336 337 338 337 339 339 339 341 339 343 341 344 344 342 342 339 339 338 336 337 342 342 338 339 336 334 333 331 328 331 332 316 321 316 321 321 317 313 301 302 304 310 314 328 326 322 310 315 311 316 320 303
341 340 339 338 336 336 333 335 334 333 332 328 330 333 333 329 327 331 331 331 332 331 334 337 338 335 336 336 336 337 338 339 337 337 339 335 336 336 336 337 339 338 338 336 339 340 338 338 341 342 343 341 342 344 344 343 342 339 340 340 338 338 332 342 339 336 336 336 334 332 330 328 335 326 329 324 320 317 315 304 302 306 310 319 325 317 325 298 311 308 318 299 299 299
342 340 340 338 339 338 337 337 335 332 334 338 338 334 333 333 333 334 334 333 336 337 336 338 337 336 337 337 339 339 339 339 336 338 339 338 338 338 337 337 340 339 337 337 341 339 340 341 340 340 341 341 344 345 342 341 341 341 341 339 338 336 336 338 341 338 337 337 334 331 333 336 334 323 325 324 322 319 321 315 303 301 315 322 327 321 309 308 316 311 312 300 289 296
342 342 342 343 341 342 339 341 341 340 340 339 338 338 336 336 336 335 336 339 337 339 340 339 341 339 341 338 338 341 341 341 342 341 340 341 340 340 338 339 338 340 338 339 340 343 341 341 342 342 343 344 344 344 343 343 343 343 342 341 340 339 338 336 340 339 337 335 333 334 335 332 333 334 331 329 320 324 321 312 302 308 318 327 324 309 295 303 302 303 307 293 286 286
345 345 345 345 342 345 344 345 343 342 342 341 341 342 340 339 339 340 341 340 340 342 340 338 341 342 338 339 341 340 338 341 343 343 343 342 343 342 342 340 339 341 338 338 341 342 343 344 343 342 344 344 343 340 342 342 343 342 340 341 337 340 337 334 336 339 338 334 333 335 336 333 331 329 325 325 313 318 323 320 309 313 315 325 315 298 305 309 305 291 289 291 288 291
346 345 345 343 344 346 347 346 346 345 344 343 343 343 343 343 341 342 341 342 342 342 341 341 343 342 342 341 338 342 341 341 342 343 342 342 343 343 343 342 339 340 337 337 342 343 344 344 341 342 342 343 343 341 341 341 342 342 341 341 338 336 330 332 336 337 338 338 339 337 333 332 327 330 328 323 320 324 320 306 305 314 324 319 287 300 295 302 301 291 279 286 282 288
344 343 341 344 344 345 344 345 346 345 346 345 346 343 344 344 343 343 342 342 342 343 344 341 340 339 339 342 337 343 341 341 343 341 343 344 344 345 342 341 339 341 338 342 344 344 344 339 333 341 342 339 341 339 339 340 340 339 341 340 338 336 333 331 334 334 334 335 335 333 329 330 330 328 329 327 326 324 319 300 308 319 322 314 299 295 298 298 296 291 280 286 287 280
343 342 342 343 343 343 343 342 342 345 346 345 345 345 346 346 346 346 344 343 344 344 343 343 342 342 342 342 343 343 343 343 342 341 343 344 345 344 344 344 345 344 344 344 344 343 342 337 339 341 342 340 337 340 337 338 340 340 340 339 339 337 334 333 329 333 330 332 335 334 332 334 330 329 327 328 320 317 312 303 303 317 300 304 302 300 289 290 292 275 287 283 284 280
342 341 342 343 343 343 342 343 344 343 342 342 342 341 345 345 345 346 345 344 345 340 343 344 343 342 342 342 343 343 344 342 343 341 344 344 341 340 340 339 342 341 344 344 343 342 343 342 341 341 338 337 336 335 336 337 337 339 337 337 338 335 333 331 328 329 331 333 331 330 329 329 330 329 325 322 319 305 298 309 318 314 302 299 299 299 295 290 289 288 284 286 279 282
342 342 341 341 342 341 342 342 341 341 342 341 342 341 342 342 341 343 345 344 345 345 345 344 342 342 343 344 344 344 344 344 344 344 344 343 342 339 339 339 339 339 341 343 343 343 338 338 341 338 338 338 338 336 335 336 337 337 336 335 337 333 333 333 332 332 332 328 331 327 326 329 326 317 312 290 296 296 304 307 294 315 305 309 300 288 292 290 287 291 283 285 288 282
340 341 340 341 341 340 341 341 342 340 340 340 340 340 341 341 341 342 342 343 344 344 345 340 343 344 344 345 344 342 343 343 343 339 342 343 340 339 338 337 339 338 339 339 341 343 343 340 339 339 340 340 338 339 340 338 336 336 336 336 335 334 334 332 332 331 329 329 325 323 326 323 323 310 295 282 288 287 297 303 311 308 296 302 283 295 290 280 288 293 287 290 296 289
340 339 340 339 339 340 339 338 341 339 339 338 339 340 340 341 342 341 342 342 342 342 340 343 344 345 343 343 342 341 342 342 339 340 339 343 342 340 340 338 336 334 329 330 339 339 343 343 340 339 339 340 340 338 337 337 335 336 333 332 333 331 330 331 330 329 328 325 324 325 321 312 306 309 293 292 289 299 298 311 312 309 306 301 298 299 282 287 291 291 286 286 300 285
338 338 338 339 339 339 339 338 338 339 338 338 338 339 339 339 342 343 340 336 341 341 341 341 337 342 342 333 332 336 340 341 340 339 340 341 341 341 341 339 340 338 338 339 339 341 342 343 342 341 339 340 339 337 337 339 334 332 334 330 329 329 331 329 329 327 327 325 323 319 313 307 298 292 279 296 293 289 300 311 304 297 276 271 285 281 289 287 299 295 294 291 282 274
338 338 338 338 338 339 339 338 339 338 338 337 336 337 337 336 340 342 338 339 340 340 340 339 338 333 337 339 339 337 339 340 338 339 338 338 337 340 339 341 341 339 339 339 339 339 342 343 339 340 339 340 340 340 336 336 335 336 333 332 331 330 330 331 329 328 328 325 322 308 309 290 287 287 294 286 281 287 298 295 297 303 289 291 287 296 302 295 297 289 299 287 266 273
337 337 337 335 337 336 337 338 335 337 336 336 335 337 338 337 340 341 333 325 334 336 339 339 333 335 333 334 336 337 338 338 338 338 337 336 335 338 338 339 338 339 340 339 337 338 341 342 340 338 336 335 331 331 339 338 334 332 332 331 333 332 330 330 327 325 326 325 323 318 312 307 299 274 282 282 295 300 282 298 296 301 278 288 286 291 295 298 289 289 299 275 281 275
336 337 335 335 336 336 335 336 336 336 337 335 334 335 337 339 339 339 337 334 331 325 335 337 336 336 334 333 334 334 336 337 337 336 335 331 330 329 332 336 337 340 335 338 336 333 341 342 341 338 338 328 333 332 329 334 337 334 336 334 333 332 332 329 328 325 323 323 321 306 303 293 290 270 288 289 296 300 295 297 283 268 288 274 281 295 303 309 298 285 293 283 275 278
336 336 336 335 336 328 334 333 335 334 332 333 334 335 336 338 338 340 338 337 336 334 330 333 334 335 333 329 327 329 333 334 330 336 332 320 310 324 324 332 336 340 337 337 337 337 341 341 340 337 337 335 335 328 331 325 329 333 333 333 333 330 332 331 329 327 325 323 321 310 311 299 288 277 284 297 292 290 299 289 272 278 276 285 289 298 305 277 261 273 285 290 278 282
334 332 334 331 332 334 334 334 334 332 333 330 333 333 335 336 338 336 339 337 332 335 334 332 331 331 329 326 314 315 327 332 334 329 332 326 330 326 333 335 338 336 336 335 337 332 334 339 340 338 335 332 333 333 333 330 327 330 331 333 332 331 328 332 330 329 327 324 319 315 308 298 282 275 289 290 280 286 287 285 285 281 280 280 294 283 291 290 289 288 287 293 288 279
333 333 331 332 332 331 333 332 332 332 329 329 330 332 332 335 334 333 335 336 336 336 334 332 327 305 314 305 305 314 328 331 332 333 331 330 329 334 335 334 335 336 336 335 336 334 335 335 339 333 337 335 337 332 336 335 335 334 331 327 328 325 323 320 325 330 327 321 320 305 304 302 296 273 290 284 288 287 284 292 273 282 282 294 302 297 292 289 289 290 292 278 287 267
333 330 330 332 332 332 331 331 332 328 327 326 324 313 318 319 327 329 331 333 336 335 333 330 311 298 308 310 313 326 329 330 332 332 332 333 331 334 335 338 337 336 336 335 336 336 336 340 339 340 339 338 336 335 336 335 332 333 330 328 327 321 314 314 322 324 329 324 321 307 307 299 293 288 288 297 294 279 285 284 280 287 292 296 299 291 293 296 293 295 291 277 279 272
329 329 328 329 332 331 329 330 330 327 326 319 318 315 315 316 321 327 328 330 336 334 332 326 312 298 304 319 324 327 325 328 329 331 332 331 333 335 334 335 331 336 334 334 335 337 333 338 336 338 340 339 336 336 336 335 335 328 329 325 323 315 306 306 316 321 321 324 322 319 312 294 287 291 275 284 276 282 282 272 273 291 291 300 297 281 301 302 298 297 274 279 274 276
329 328 329 329 329 328 329 328 328 323 318 306 310 281 298 313 314 324 328 333 334 335 332 324 303 303 294 309 323 323 323 322 320 323 331 332 333 325 336 335 333 333 333 333 332 336 333 336 336 336 339 340 337 336 333 334 331 332 331 329 328 325 320 313 291 317 321 320 315 311 302 306 300 287 276 281 270 276 265 279 282 286 294 301 292 300 303 305 309 294 269 281 274 285
327 327 327 326 326 325 327 330 325 322 314 310 309 298 283 285 309 323 327 330 331 332 332 327 324 299 299 315 323 306 293 298 307 323 327 331 333 335 329 332 331 332 333 332 332 330 331 331 336 336 336 336 339 335 336 331 333 333 331 328 328 325 320 307 293 290 318 319 315 307 299 289 289 286 269 278 276 283 270 271 287 291 293 297 304 304 305 309 306 292 285 281 279 286
326 326 324 323 323 321 324 327 326 322 320 310 288 300 278 278 296 321 326 328 330 329 329 331 330 328 326 326 324 320 318 321 322 326 328 330 330 333 329 332 314 328 329 328 326 331 331 331 326 326 326 321 338 339 337 337 333 330 332 327 330 327 325 318 296 289 307 317 317 306 298 302 290 260 282 281 284 276 280 274 286 292 299 290 312 306 311 311 309 301 291 283 292 304
324 323 324 322 321 322 321 317 315 324 319 314 304 293 288 300 312 322 321 324 322 326 327 323 327 327 326 323 322 324 323 324 326 329 329 329 331 330 330 329 327 328 330 329 331 330 330 327 329 331 331 330 328 338 339 339 337 336 329 331 330 327 323 312 309 303 290 312 313 303 295 276 263 281 277 284 286 284 276 284 298 294 294 304 311 313 313 312 308 307 299 306 307 308
323 323 321 320 318 319 317 315 315 320 322 315 304 299 305 297 295 321 320 313 303 311 315 316 314 311 312 300 301 290 306 307 316 327 323 316 328 330 330 329 328 328 329 325 330 329 329 331 331 332 330 329 332 333 337 338 338 336 334 331 332 330 325 304 309 300 293 296 306 305 294 285 290 266 284 284 286 266 284 291 292 296 302 312 313 311 311 301 304 311 312 311 311 310
321 319 320 320 317 317 314 312 313 305 298 315 312 299 288 295 307 315 314 315 292 293 296 319 312 308 304 302 314 317 318 318 320 328 323 323 317 326 326 330 328 327 326 331 326 328 329 329 330 330 331 330 331 333 330 334 338 336 334 334 331 330 328 320 306 310 301 289 289 307 304 309 290 295 281 289 284 284 287 288 287 295 307 313 313 313 309 300 297 312 314 312 312 313
301 306 309 308 308 309 310 306 305 306 308 311 314 309 295 285 291 306 305 293 296 303 302 312 314 310 292 296 291 286 298 309 321 318 319 321 325 326 324 320 323 329 327 324 328 328 325 328 329 329 329 328 329 329 330 330 334 338 337 330 327 327 329 328 325 305 302 304 305 302 308 280 289 289 292 288 284 287 277 291 291 301 307 313 313 311 311 301 306 311 314 312 313 312
303 303 299 295 300 299 300 301 291 294 302 308 308 309 305 290 291 299 287 289 287 291 292 296 296 292 281 292 297 302 304 308 298 324 318 315 322 324 322 323 319 326 322 323 321 325 324 323 325 326 325 327 327 328 332 327 327 333 331 334 328 328 331 329 319 309 307 304 309 315 317 312 305 302 300 294 283 285 292 294 299 286 312 313 313 307 306 309 310 312 309 313 314 305
302 302 301 296 294 293 301 303 293 290 296 302 301 298 297 286 269 284 288 289 289 287 286 266 284 287 294 299 296 303 311 320 324 328 318 316 309 319 319 322 325 322 325 324 323 302 313 296 306 316 320 321 324 321 329 331 331 336 329 332 327 329 331 329 327 327 320 322 323 323 321 311 298 302 287 279 286 298 287 287 290 307 312 307 305 306 311 312 312 314 316 317 312 313
304 310 306 305 303 293 302 298 285 284 293 294 293 277 279 258 265 278 272 271 276 288 291 290 293 307 311 315 320 318 315 314 316 326 316 317 311 317 321 319 327 321 325 324 324 316 311 316 303 310 314 322 326 323 325 327 329 329 336 335 326 317 331 328 327 320 319 321 324 320 321 314 314 308 303 297 300 297 289 298 309 311 313 313 313 313 314 313 314 315 314 310 316 314
304 314 316 307 310 296 300 296 277 272 259 282 285 275 273 275 282 257 278 273 278 269 268 284 300 307 306 314 316 322 313 317 315 323 322 317 323 324 325 325 325 324 325 319 324 322 321 320 315 316 321 318 322 323 324 322 326 327 324 324 325 336 336 333 325 327 324 326 325 328 321 321 323 313 313 306 311 296 303 310 311 312 313 306 305 314 314 313 313 313 313 314 310 319
314 322 319 316 312 306 294 268 275 276 276 279 288 290 287 277 257 267 270 267 273 274 287 284 299 298 306 313 316 313 312 314 319 316 319 317 320 321 323 321 324 322 323 321 320 325 319 321 316 319 318 321 321 323 320 323 326 327 328 328 331 330 330 321 335 317 330 325 327 328 324 327 325 323 320 313 313 309 306 312 312 313 312 314 315 314 314 314 314 314 313 314 316 315
302 290 298 310 297 289 282 288 285 279 287 298 296 292 279 275 265 268 275 274 288 287 281 301 300 308 314 319 322 313 307 290 306 300 288 302 296 306 309 317 321 322 317 305 313 318 317 319 316 320 320 318 320 311 320 324 324 324 327 327 321 326 324 330 323 327 327 325 324 322 318 325 321 323 320 322 321 321 316 316 312 314 314 315 312 314 314 314 313 313 313 316 314 310
303 302 303 305 299 301 305 305 305 305 301 304 301 293 286 268 270 286 269 271 270 274 275 290 310 315 319 317 316 314 314 308 307 304 306 304 298 301 313 314 314 319 309 306 296 316 313 318 319 321 321 320 317 316 317 311 320 320 328 328 325 325 320 319 321 328 322 328 319 324 326 323 322 322 322 322 321 321 320 319 317 316 315 318 312 314 314 314 314 314 315 315 314 314
