sesion_7_reto_final/variables/futuro_A2/2050/TMNV.asc
ncols 708
nrows 329
xllcorner -7.525000
yllcorner 35.991667
cellsize 0.008333
NODATA_value -9999
[rows 41 to 81 of 329, columns 282 to 375 of 708]
198 198 198 199 199 199 200 200 200 200 200 200 199 199 200 200 199 199 199 200 200 200 201 201 202 202 204 204 206 207 209 210 211 212 213 213 214 214 214 213 213 213 213 212 212 211 211 211 211 211 210 209 209 209 208 207 206 205 203 201 200 199 198 196 195 194 193 192 192 192 192 192 192 193 192 192 192 193 193 193 194 194 194 194 -9999 -9999 -9999 -9999 -9999 -9999 -9999 -9999 -9999 -9999
197 197 199 199 199 199 199 200 200 200 200 200 199 200 200 200 200 200 200 200 201 201 201 201 202 203 204 205 207 207 209 210 211 212 213 214 214 214 214 214 213 213 213 212 211 211 211 210 210 209 209 209 208 207 206 205 204 202 201 199 198 197 195 194 192 191 190 190 190 190 190 190 191 191 191 191 191 192 192 193 193 193 193 193 193 194 194 194 194 194 -9999 -9999 -9999 -9999
198 198 199 199 199 199 199 200 200 200 200 200 200 200 200 200 200 200 200 201 201 201 202 202 203 204 204 206 207 208 208 209 211 212 213 214 214 214 214 214 213 213 212 212 211 210 210 209 209 208 208 207 207 206 205 203 201 200 198 197 195 193 192 191 190 189 188 187 187 187 187 188 189 189 189 189 190 191 191 192 192 192 192 193 193 194 193 193 192 193 -9999 -9999 -9999 -9999
197 198 198 198 199 199 199 199 199 200 200 200 200 200 200 200 200 201 201 201 202 202 203 203 204 204 205 206 207 208 208 209 210 211 212 213 214 214 214 213 213 212 212 211 210 210 209 208 208 207 207 206 205 204 202 201 199 197 195 194 192 190 189 188 186 186 185 185 185 185 185 186 187 187 188 188 189 190 191 191 191 192 192 192 193 193 193 192 192 192 192 193 193 193
198 198 197 197 198 199 199 199 200 200 200 200 200 200 200 200 201 201 201 202 202 203 203 204 204 205 206 206 207 208 209 210 210 211 211 212 213 213 213 212 212 211 211 211 209 209 208 208 207 206 206 205 204 203 201 198 197 195 193 191 189 187 186 185 183 183 182 183 183 183 184 185 185 186 186 187 188 189 190 190 190 191 192 192 192 192 192 192 192 191 191 193 192 192
197 198 198 198 197 198 199 199 199 200 200 200 200 200 200 201 201 201 202 202 203 202 203 204 205 206 206 207 207 208 209 210 210 211 211 211 212 212 212 211 211 210 210 210 209 208 207 207 206 205 205 204 202 201 199 197 194 192 190 189 186 185 183 181 181 180 180 180 181 182 183 183 184 185 185 186 188 188 189 189 190 191 191 191 192 191 192 192 191 191 191 192 192 191
198 198 198 198 198 198 198 199 198 200 200 200 201 200 200 201 201 202 202 203 203 203 203 205 206 206 207 207 208 208 209 209 211 211 211 210 211 211 211 210 210 209 209 208 208 207 207 206 206 205 203 202 201 199 197 195 193 190 188 187 184 183 181 180 179 178 178 179 180 181 181 182 183 184 185 186 187 188 189 189 190 190 191 191 191 191 191 191 191 191 191 192 191 191
199 199 199 198 200 199 198 199 198 199 200 200 200 200 200 201 201 202 202 203 203 204 205 205 206 206 207 207 208 208 208 209 210 211 211 210 209 210 210 209 209 208 208 207 207 206 206 205 204 203 202 201 199 197 196 194 192 190 187 185 183 181 179 178 178 177 177 178 178 179 180 181 182 183 184 186 186 187 188 188 189 190 190 190 190 190 190 191 191 190 191 191 190 190
198 199 200 200 199 197 199 198 198 197 198 199 200 200 200 201 201 202 202 203 203 204 204 205 205 206 207 207 207 207 207 208 210 210 210 210 208 208 208 208 208 207 207 206 206 205 204 204 203 202 201 199 197 196 195 193 191 189 186 184 182 180 179 178 178 177 177 178 178 179 180 181 182 183 183 185 186 187 188 188 188 188 189 189 189 190 190 190 190 190 190 190 189 189
199 199 199 200 200 200 199 199 199 199 198 198 197 199 200 200 201 202 202 202 203 204 204 205 205 206 207 207 207 208 207 207 208 210 210 209 209 208 207 207 207 206 206 206 205 204 203 202 202 201 200 198 197 196 194 193 190 188 186 184 182 181 179 178 178 178 178 178 179 180 181 182 182 183 183 184 185 186 187 187 188 188 188 189 189 189 189 189 190 189 190 190 190 189
200 200 200 200 198 200 198 198 197 197 197 197 198 197 199 199 200 201 202 202 203 203 204 205 205 206 207 207 207 207 207 208 208 209 209 209 208 208 207 206 206 206 205 205 204 204 203 202 202 201 199 198 197 195 194 192 190 187 186 184 182 181 180 180 179 179 179 179 179 180 181 182 183 183 183 184 184 186 187 187 187 188 188 188 189 188 188 189 189 189 189 189 189 188
200 200 200 200 200 200 200 200 199 198 198 198 198 196 198 197 199 200 200 201 202 203 204 204 205 205 205 207 208 207 207 207 208 209 208 207 207 207 207 207 206 204 204 204 204 203 202 201 201 200 199 198 196 195 194 192 190 188 186 185 183 181 181 180 181 180 180 181 181 181 182 183 183 183 183 184 184 185 186 186 187 187 187 187 188 188 188 188 188 188 188 189 188 188
200 201 201 200 200 199 200 198 198 199 198 197 197 197 198 198 199 200 200 199 201 203 203 204 204 205 205 205 206 207 208 208 208 208 207 208 207 206 205 206 206 205 204 203 204 203 202 201 200 200 199 198 196 195 193 192 191 189 187 185 184 182 182 181 182 182 182 182 182 182 183 184 184 184 184 185 185 186 186 186 187 187 187 187 187 187 187 188 188 187 187 187 187 187
199 201 200 198 198 200 198 196 196 198 198 198 197 197 198 197 197 198 199 199 200 201 202 203 204 204 205 205 206 206 207 207 208 208 207 206 206 205 205 204 205 205 205 203 203 202 201 200 200 199 199 198 197 195 194 193 191 189 188 186 185 183 183 182 182 183 183 183 184 184 184 185 185 184 185 186 186 186 187 187 187 187 187 187 188 188 188 188 188 188 188 187 187 187
200 201 201 198 197 197 199 199 199 198 198 196 198 199 199 199 199 200 198 199 198 198 200 202 203 204 204 205 205 206 206 206 207 207 207 206 205 205 206 205 204 205 204 204 203 202 201 200 198 198 198 197 196 195 194 193 191 190 189 187 186 185 184 184 184 183 184 184 185 185 185 186 185 186 186 186 186 187 187 187 186 186 187 187 187 188 187 187 188 188 187 188 187 187
201 201 201 200 201 199 198 198 199 199 200 198 196 198 199 200 200 200 200 200 198 200 200 201 202 202 201 204 205 205 204 206 206 207 207 206 207 206 205 205 205 205 204 204 203 203 200 198 197 197 197 197 196 195 194 193 192 191 189 188 187 186 184 185 184 184 185 185 185 186 186 187 186 187 187 187 187 187 187 187 187 186 187 187 187 187 187 187 188 187 187 187 187 187
201 201 201 201 201 201 201 201 199 198 200 201 201 200 198 199 200 201 200 200 200 201 201 201 201 201 201 201 203 204 204 204 206 207 206 206 206 206 207 206 205 204 204 203 202 203 200 198 197 196 196 196 195 194 193 192 192 192 190 189 187 187 186 185 185 185 185 186 186 186 187 187 187 187 188 187 188 188 187 187 186 186 187 187 187 187 187 187 187 187 187 187 187 187
201 201 201 202 202 202 202 202 202 200 198 200 202 202 202 200 198 200 201 202 201 201 201 201 201 200 201 201 202 202 204 205 205 205 207 207 205 204 204 206 205 205 205 202 201 202 201 198 197 197 196 196 195 193 193 193 192 190 189 189 188 187 187 185 185 185 185 186 185 186 186 187 188 188 188 187 188 188 188 187 186 186 186 187 187 187 187 186 187 187 187 187 186 187
201 201 202 202 202 202 202 203 202 200 200 199 199 202 203 202 202 202 201 201 201 201 202 201 202 202 202 201 200 201 202 203 205 204 205 204 204 205 205 206 203 204 204 202 201 200 202 199 197 196 196 196 196 196 196 195 194 191 190 189 189 188 187 186 186 186 186 186 186 186 186 186 187 188 189 188 189 188 188 187 186 186 186 186 187 187 187 187 186 186 187 187 186 187
201 201 201 202 202 203 203 203 203 202 202 201 198 200 202 203 203 203 202 199 200 201 202 202 202 201 201 201 200 199 202 201 203 204 203 204 204 205 205 206 206 204 205 202 202 201 203 199 198 197 197 195 196 196 195 194 193 192 191 189 188 188 187 187 186 186 186 186 186 186 186 187 187 189 189 189 189 189 187 186 186 185 185 185 186 186 187 187 186 186 186 186 187 187
200 200 201 201 201 202 202 202 203 203 203 202 202 202 200 203 201 199 199 200 201 201 202 202 202 202 201 198 200 200 201 201 200 202 203 203 203 203 202 204 204 205 205 202 202 202 203 200 198 198 197 198 196 197 196 194 193 191 191 190 190 189 188 188 187 187 187 187 187 187 187 186 187 187 189 189 188 189 187 186 185 185 186 186 185 185 185 187 186 186 185 185 187 188
197 198 200 201 201 202 202 202 202 203 203 203 203 203 201 202 200 200 199 200 200 201 201 202 202 201 201 201 200 197 197 197 198 199 200 202 201 201 202 203 202 203 205 203 201 203 202 201 199 197 198 198 197 199 195 194 192 192 191 191 191 190 189 189 188 188 187 188 188 187 187 187 188 189 190 189 189 189 188 187 186 186 185 186 185 185 185 185 186 186 185 185 186 188
197 197 199 199 201 201 201 202 202 202 203 203 203 203 203 203 202 201 200 199 200 200 200 201 203 201 201 202 202 200 197 196 198 200 200 200 198 198 199 200 202 201 202 204 202 203 202 201 199 200 199 199 200 197 195 195 194 193 192 191 191 191 190 190 190 189 189 188 188 187 188 187 187 189 189 190 189 189 189 190 187 187 187 186 186 185 185 186 186 186 185 185 187 190
196 198 199 199 198 200 201 201 201 201 201 201 203 203 203 203 203 203 202 199 198 200 200 201 202 202 202 202 202 203 201 201 201 200 203 201 198 198 200 198 196 197 200 202 203 203 203 203 201 198 198 199 200 198 197 196 195 196 192 191 191 191 191 191 190 190 190 190 189 189 188 187 187 186 188 189 190 189 188 190 190 189 188 186 185 185 185 186 187 187 188 187 188 186
194 195 197 198 197 199 199 198 199 202 202 202 203 203 204 204 203 203 203 202 199 201 199 199 200 201 203 203 203 202 203 203 203 203 203 200 202 199 201 200 200 198 196 196 195 196 197 199 203 201 198 199 201 198 199 196 195 193 192 192 191 192 191 192 190 190 190 190 190 190 190 189 188 187 187 190 188 187 186 189 190 191 189 187 187 185 185 187 188 186 188 189 188 185
197 196 196 195 196 196 197 199 200 198 200 201 201 202 203 203 201 203 202 202 201 200 200 199 198 200 200 200 202 202 202 202 204 203 204 203 202 202 201 202 202 199 199 199 198 198 199 196 200 199 198 198 201 197 198 197 195 194 193 193 192 192 192 191 192 191 190 189 190 191 191 189 189 188 189 189 188 188 186 186 185 188 190 189 187 185 187 188 188 186 187 187 188 186
195 195 196 197 198 198 198 198 199 200 200 199 200 200 201 203 201 199 201 201 201 202 201 200 200 199 199 199 200 199 201 201 200 200 203 204 203 202 202 200 199 200 199 198 201 199 199 201 200 202 195 197 201 198 194 194 193 193 193 193 193 193 192 192 191 191 191 190 190 190 190 189 189 188 189 190 189 187 187 187 188 187 185 189 186 184 186 188 188 184 185 188 188 183
194 195 194 194 195 196 197 198 199 200 200 198 199 200 202 203 203 202 201 201 198 202 203 202 203 202 202 201 201 200 200 199 199 201 201 201 200 201 201 201 200 199 199 197 199 200 201 202 201 198 197 196 201 198 196 195 193 193 193 193 193 193 192 193 193 192 192 191 190 190 191 190 189 189 190 189 187 187 186 187 189 188 189 190 187 185 185 188 185 184 186 186 184 182
194 193 194 195 197 198 197 198 200 200 200 201 201 202 202 199 201 203 203 203 202 203 202 203 203 203 203 202 201 199 199 199 199 199 198 200 200 203 203 202 200 200 200 197 197 198 200 202 203 201 200 198 201 199 196 193 192 192 193 191 192 193 192 193 193 192 192 192 191 190 190 190 189 188 190 188 188 187 187 186 186 189 190 190 188 188 187 185 187 187 188 186 182 182
195 194 194 194 197 198 199 198 197 199 200 200 202 201 200 199 199 201 201 203 203 203 203 203 203 202 200 201 201 201 200 199 198 199 201 199 200 200 202 203 201 201 200 198 198 198 197 198 198 199 202 198 201 197 194 193 192 192 192 192 191 191 191 190 190 191 191 192 192 192 191 191 190 190 189 189 189 188 186 185 186 186 186 188 189 188 188 187 186 187 187 184 184 183
197 196 195 196 194 195 198 197 196 199 198 199 199 198 198 199 200 200 200 202 203 203 203 203 202 203 202 201 202 201 202 201 201 200 198 199 202 203 203 201 200 197 198 196 197 198 198 198 199 198 200 202 202 199 197 194 194 193 192 192 192 192 190 189 189 189 188 189 189 188 191 191 191 189 189 187 187 188 187 186 185 186 188 186 186 186 188 187 187 186 183 183 182 183
197 198 196 196 196 195 196 197 198 198 198 197 197 197 197 197 198 200 202 200 202 203 203 203 203 202 201 202 202 202 202 202 202 201 200 199 200 199 201 203 201 199 196 196 194 194 195 197 198 199 198 197 197 202 198 197 196 198 192 193 193 192 192 191 190 189 188 188 187 187 186 189 190 190 188 186 186 186 187 187 186 186 183 186 187 186 185 187 186 185 182 183 182 182
198 196 196 197 197 196 195 195 196 196 196 196 197 197 197 198 198 198 200 199 200 201 203 203 203 203 202 202 201 200 199 199 201 201 200 200 202 199 199 198 201 203 198 196 199 197 194 194 196 198 199 198 198 199 201 201 199 199 197 194 194 193 192 191 191 190 190 189 187 187 187 190 190 187 186 186 186 186 185 186 187 186 185 184 184 184 185 185 184 182 183 181 182 181
198 197 197 197 199 197 197 198 197 198 197 196 197 196 196 198 197 197 199 200 200 202 200 199 202 202 202 202 202 202 201 199 198 198 199 198 202 203 203 201 203 199 198 198 198 199 198 197 196 194 195 199 201 199 198 195 199 201 196 192 196 194 192 191 192 193 192 189 189 189 190 191 190 189 186 186 185 186 184 184 183 186 186 184 185 185 184 185 182 183 182 181 181 180
198 198 198 198 196 198 198 198 198 198 196 195 195 197 198 199 198 198 199 197 201 202 200 198 198 201 202 202 202 202 202 202 200 199 197 198 197 198 200 201 204 200 201 199 199 199 201 200 197 197 199 199 200 198 196 196 198 201 196 195 195 192 191 191 194 193 190 189 191 191 191 192 187 186 186 186 186 186 185 185 184 183 184 185 184 183 182 184 183 181 180 180 180 179
199 199 199 200 198 198 199 197 195 195 196 196 194 194 196 198 198 198 200 201 200 200 201 199 200 200 201 202 202 202 202 202 201 201 200 198 198 197 196 198 202 203 202 202 202 202 201 200 198 199 200 198 202 201 199 198 198 200 200 198 196 195 196 196 192 191 193 195 194 193 191 187 185 185 185 185 185 184 182 183 183 183 183 182 183 184 182 183 182 180 180 179 179 178
201 200 199 200 199 199 198 196 197 196 195 196 196 195 195 196 198 197 197 196 198 197 198 200 199 201 201 199 200 202 201 201 200 200 200 200 200 197 197 197 199 202 203 201 202 202 201 201 201 201 201 201 199 199 198 201 195 196 198 196 198 197 193 196 193 195 195 189 189 190 188 187 186 186 185 186 185 185 182 183 183 183 182 181 182 181 182 182 182 181 179 179 179 179
200 200 200 197 196 199 198 198 198 195 194 194 194 195 194 195 196 196 196 196 196 195 198 200 200 200 200 201 202 202 201 200 196 198 197 197 197 197 197 197 197 197 196 196 197 201 200 201 202 202 202 200 201 201 200 200 199 199 198 197 193 196 198 196 196 195 193 192 189 190 189 188 186 186 186 187 185 185 183 182 182 183 182 182 181 181 180 180 180 179 177 179 178 179
199 200 200 197 195 199 199 198 198 196 196 195 194 195 193 194 194 194 196 196 195 196 197 197 198 197 200 201 198 201 200 197 200 198 200 199 198 197 197 197 197 197 197 197 196 195 195 198 195 196 198 197 198 200 200 201 200 200 199 198 195 196 194 192 191 190 189 189 189 190 189 189 188 187 186 186 185 184 184 182 181 182 183 182 182 180 181 179 181 179 177 177 179 179
201 201 200 199 199 197 196 196 195 197 197 196 195 195 195 197 197 196 195 195 195 195 194 196 196 196 199 200 197 201 202 200 198 201 201 200 199 200 198 196 196 197 197 197 197 196 195 196 195 194 193 193 193 195 197 198 199 199 199 199 198 197 195 191 192 190 191 191 190 190 190 188 188 186 186 185 186 184 183 184 183 183 183 181 181 181 179 180 178 180 177 179 178 176
202 199 197 198 201 200 197 196 196 197 197 197 197 197 197 197 198 197 198 198 197 195 193 195 197 197 195 196 197 197 201 202 202 201 201 201 201 199 195 196 196 196 196 197 197 197 196 196 196 195 196 194 194 193 192 193 197 199 199 199 197 197 197 196 195 192 191 192 191 190 190 189 188 187 187 186 185 183 184 182 184 182 182 181 181 181 180 179 180 179 179 178 178 176
