sesion_7_reto_final/variables/futuro_A2/2050/TMNV.asc
ncols 708
nrows 329
xllcorner -7.525000
yllcorner 35.991667
cellsize 0.008333
NODATA_value -9999
[rows 82 to 122 of 329, columns 282 to 375 of 708]
201 200 200 200 200 200 199 199 197 198 197 198 197 198 198 198 198 199 198 198 198 198 197 193 195 198 197 194 195 195 198 200 201 202 201 200 200 197 199 197 195 195 196 196 196 196 197 196 197 197 197 197 196 193 194 193 192 193 197 198 198 196 197 194 190 191 190 190 191 190 190 189 189 188 186 185 185 184 185 183 183 183 181 181 180 180 180 179 179 179 177 177 177 176
200 201 202 201 198 197 198 196 197 198 198 198 197 198 198 199 199 199 198 198 198 198 198 199 199 196 194 198 196 196 198 196 196 196 196 200 201 198 195 194 194 195 196 195 196 195 196 196 197 198 198 197 197 196 197 197 194 193 197 194 198 193 191 192 192 192 191 190 190 191 190 190 189 188 187 186 186 185 184 184 182 182 182 182 181 180 179 179 179 180 178 177 177 177
200 202 199 199 199 196 196 198 198 198 198 199 197 197 198 199 200 200 199 199 199 198 198 199 200 199 199 199 198 198 199 196 197 197 196 198 201 200 197 196 195 196 196 195 196 196 195 195 197 198 198 198 197 196 196 196 198 197 196 196 199 195 190 191 192 192 190 191 190 189 190 190 189 188 187 186 186 186 185 185 183 182 182 181 181 180 180 180 180 178 177 178 178 178
200 198 198 197 196 195 197 198 198 199 199 198 199 199 200 198 199 199 199 197 198 199 199 200 201 200 200 200 199 199 198 198 198 196 195 196 200 199 196 197 195 196 196 196 195 196 196 196 196 196 198 198 197 197 196 199 198 198 198 198 198 196 191 190 190 190 190 193 190 189 189 189 189 188 188 187 186 186 185 184 184 183 182 182 181 180 180 179 179 179 178 178 179 178
195 196 196 197 197 198 199 198 197 199 199 198 198 200 200 199 200 199 199 200 200 199 199 199 200 201 200 200 198 199 197 197 196 197 198 199 201 198 199 197 196 194 197 197 196 196 195 196 196 197 197 198 197 198 198 199 197 199 197 197 197 197 196 192 191 193 192 191 192 190 189 189 187 188 187 187 186 185 185 184 183 183 182 183 181 181 181 180 180 179 178 178 177 177
196 198 198 198 198 199 198 197 198 199 198 199 199 201 202 200 199 199 200 201 200 200 200 200 200 201 200 199 200 199 198 199 196 197 197 198 200 199 199 197 196 194 195 197 197 196 196 195 195 195 197 198 198 198 199 200 199 199 198 197 198 197 195 196 195 194 194 193 192 190 190 187 188 187 188 187 187 185 185 185 184 183 183 182 182 181 181 181 180 179 178 178 178 178
199 199 198 199 198 197 199 197 198 199 198 198 200 201 199 200 199 197 198 198 201 200 199 199 202 200 199 199 202 198 197 196 196 195 198 200 201 200 198 198 196 197 197 196 194 195 195 195 195 194 194 195 195 198 198 199 198 199 198 198 198 197 196 196 196 195 195 194 193 191 190 189 186 187 186 187 185 187 185 185 185 183 184 183 182 182 181 181 181 180 179 178 178 178
200 200 199 199 199 201 200 199 199 199 198 199 200 202 202 200 200 198 198 198 198 201 200 200 200 199 198 200 201 201 201 197 197 197 197 198 200 199 200 200 199 197 198 196 194 194 195 193 193 194 195 194 195 195 196 196 196 198 197 199 198 197 197 196 196 195 195 194 192 192 191 190 189 187 185 185 185 183 185 185 185 185 183 182 182 182 182 182 181 180 180 178 177 178
202 203 202 203 202 201 200 201 201 200 200 200 200 202 202 200 201 199 200 198 199 200 202 200 199 199 199 198 199 201 203 201 197 196 198 200 201 199 197 197 196 197 196 195 194 194 196 195 196 196 195 197 195 195 196 197 197 196 194 194 194 197 197 197 195 193 195 194 192 192 191 191 190 188 188 188 186 186 185 185 186 183 183 183 182 182 182 182 181 181 180 179 178 177
199 198 198 198 199 198 199 199 199 199 199 198 199 199 201 202 201 200 201 201 201 201 202 202 200 201 199 200 201 204 202 198 196 196 198 199 200 198 198 197 197 195 195 194 194 194 196 198 197 197 196 196 197 197 196 196 196 195 193 193 192 192 193 194 193 194 195 194 193 193 191 191 190 189 189 188 188 187 187 186 185 184 184 184 183 182 182 181 182 181 180 180 180 179
199 199 199 199 198 199 199 199 199 199 199 198 198 199 200 199 204 201 202 202 202 203 200 198 200 203 202 203 204 202 200 198 197 197 198 200 201 199 198 197 197 196 194 194 194 196 198 198 197 199 197 197 199 195 195 195 197 196 195 193 194 194 193 193 196 194 195 193 193 193 192 191 191 190 190 189 189 188 187 187 186 186 185 184 184 184 183 182 182 181 181 181 180 180
198 197 199 200 199 199 200 199 198 197 198 197 197 198 201 200 204 203 201 201 204 202 200 202 202 204 201 202 199 199 203 198 198 199 200 201 200 199 197 197 196 196 195 194 197 199 199 198 199 198 199 197 198 195 195 195 195 195 197 196 196 197 195 194 195 196 194 194 194 193 193 192 191 191 190 190 189 188 188 187 187 186 186 185 185 184 183 183 182 181 181 181 181 181
200 199 199 199 199 200 198 197 198 196 198 198 198 198 198 199 202 205 202 201 205 203 201 205 204 202 197 198 197 198 200 199 200 199 201 200 199 198 196 196 196 195 193 195 196 198 199 200 200 199 200 198 200 197 198 197 197 197 198 197 197 197 197 196 196 196 195 194 194 193 192 192 192 191 191 190 189 188 187 187 187 186 186 186 185 185 184 183 183 182 182 182 181 181
201 200 201 200 198 201 200 199 198 197 197 199 198 198 198 200 202 203 202 202 204 204 202 203 199 199 198 197 196 198 199 199 198 201 200 199 198 197 195 196 195 194 194 196 197 199 199 199 200 199 199 200 199 199 199 199 199 198 198 198 198 197 197 197 196 196 195 195 194 194 193 192 192 191 190 190 188 188 187 187 187 187 186 186 186 185 184 184 183 183 182 182 181 181
200 200 200 199 199 200 200 199 199 198 199 200 199 199 200 202 202 203 202 202 201 204 203 202 199 198 197 197 196 197 198 199 199 200 199 198 197 196 196 195 194 194 195 198 199 199 199 200 201 200 200 200 200 200 199 199 199 199 199 198 198 197 197 197 196 196 196 195 195 194 193 192 192 191 191 190 189 188 188 188 187 187 186 186 186 185 185 184 184 183 182 182 181 181
203 202 200 199 200 202 201 200 198 199 199 201 200 199 200 199 202 202 200 199 199 203 204 200 198 198 199 199 198 199 199 198 198 199 199 198 197 197 196 194 195 195 196 198 200 200 200 200 201 200 200 200 200 200 199 199 199 199 199 198 197 196 197 197 196 196 196 195 195 194 194 192 192 191 191 190 189 189 188 188 188 187 187 186 186 186 185 184 185 184 182 183 182 181
201 200 201 202 201 202 201 200 200 201 201 201 201 200 200 201 201 204 200 200 200 202 204 200 198 198 199 200 200 200 199 200 198 199 198 197 196 196 195 197 199 200 199 201 201 201 201 201 200 201 200 200 200 200 200 200 199 199 199 198 197 197 196 196 196 195 195 195 195 194 193 192 192 192 191 190 189 189 188 188 188 187 187 187 186 186 185 185 185 185 183 182 182 182
200 201 200 201 203 200 201 201 202 200 201 201 200 200 200 200 203 204 203 200 200 201 205 199 200 201 200 200 200 201 201 199 199 197 197 197 197 196 200 201 201 202 202 202 202 202 201 201 201 201 201 201 200 200 200 200 200 199 199 198 197 197 195 195 195 195 195 194 194 194 192 192 192 192 191 190 189 189 189 188 188 188 187 187 186 185 185 185 185 185 184 183 183 182
203 202 202 203 203 202 202 201 201 201 201 201 201 201 201 202 203 203 201 202 203 201 200 201 201 202 202 201 201 199 199 199 199 198 200 199 197 199 201 202 202 202 202 202 202 202 202 202 202 201 201 201 201 200 200 200 200 199 199 198 198 197 196 195 194 195 195 193 194 194 194 192 192 192 191 190 190 190 189 188 188 188 187 186 186 185 185 184 184 184 183 184 183 183
203 203 203 203 203 201 201 202 202 202 203 203 202 202 201 204 204 202 202 202 202 202 202 201 201 200 202 202 201 200 200 201 200 201 201 201 201 202 203 202 203 203 203 202 202 202 202 202 202 202 201 201 201 201 200 200 200 199 199 198 197 197 196 195 194 194 194 193 193 193 192 193 192 191 192 192 191 190 189 189 189 188 188 187 187 186 186 186 185 184 184 184 184 183
204 204 203 203 202 203 202 203 202 203 203 204 203 202 203 204 205 202 204 204 204 202 202 201 201 201 201 204 202 202 203 203 203 203 203 203 203 203 203 203 203 203 203 203 202 202 202 202 202 202 201 201 201 200 200 200 200 199 198 198 196 196 196 196 195 194 193 193 193 193 192 192 192 192 192 191 191 191 190 190 189 189 188 188 188 187 187 186 185 184 184 184 183 183
203 204 204 203 203 202 203 205 204 204 203 204 203 202 203 205 204 203 204 205 204 202 202 201 202 200 201 204 204 205 204 204 204 204 204 204 203 203 203 203 203 203 203 203 202 202 202 202 202 202 201 201 200 200 200 200 199 198 197 196 195 195 194 194 196 195 194 193 193 191 193 192 191 192 191 191 191 190 191 190 190 189 189 189 188 187 187 186 186 186 185 184 185 185
203 203 203 203 204 204 204 205 204 204 203 202 203 203 205 205 205 204 205 205 203 202 202 202 201 202 203 204 205 205 205 204 204 204 204 204 204 204 203 203 203 203 203 203 203 202 202 202 201 200 200 200 200 199 198 199 199 198 197 196 196 195 195 194 194 195 195 194 194 193 193 192 192 191 191 191 191 191 190 190 190 189 189 189 189 188 187 186 186 186 186 186 185 185
203 203 203 203 204 203 204 205 204 204 203 203 204 203 206 205 205 205 205 203 203 203 203 203 203 204 205 205 205 205 205 205 204 204 204 204 204 204 204 204 203 203 203 203 203 202 202 201 201 201 199 200 199 199 199 198 197 198 198 198 197 196 195 195 194 194 195 194 194 194 193 193 192 192 191 190 190 190 190 190 190 190 189 189 189 189 188 187 187 188 186 186 186 186
204 204 204 204 204 204 204 205 205 205 204 203 204 204 206 205 205 204 203 203 204 203 204 204 204 205 205 205 205 205 205 205 205 204 204 204 204 204 204 204 204 203 203 202 203 202 202 201 200 200 200 200 199 198 198 197 198 197 197 197 197 195 195 194 194 194 195 194 194 193 193 193 193 192 191 191 190 190 190 190 189 189 189 188 189 189 189 189 188 188 188 187 187 186
203 203 204 204 204 204 204 204 205 204 206 204 205 204 206 205 205 204 204 204 204 204 204 204 205 205 205 205 205 205 205 205 205 205 204 204 204 204 204 204 203 203 202 202 201 201 200 199 200 199 199 199 199 199 198 197 197 196 196 197 196 196 195 194 194 194 194 195 194 193 193 194 192 193 192 192 192 191 191 190 190 189 189 189 189 189 189 189 188 189 187 188 187 187
202 203 203 203 204 204 205 205 205 205 206 205 205 204 204 205 204 204 204 205 205 205 205 205 205 205 205 205 205 205 205 205 205 205 205 204 204 204 204 204 203 202 202 201 202 201 201 201 199 199 199 199 199 199 198 197 197 196 196 196 196 194 195 194 194 194 195 195 194 193 193 193 192 192 192 191 191 191 190 190 190 189 190 189 189 189 189 189 189 188 188 187 188 187
204 204 204 204 204 203 205 205 205 205 206 205 206 205 205 205 204 204 204 206 206 206 205 205 205 205 205 205 204 205 205 205 204 204 204 204 203 203 203 204 203 203 203 203 203 202 201 201 200 200 199 198 199 197 197 197 197 196 196 196 195 194 194 195 194 194 195 195 194 194 193 193 192 192 192 192 191 191 191 190 190 190 189 190 190 189 189 189 189 188 188 188 188 188
205 205 205 205 205 205 205 205 206 205 206 206 206 206 206 205 205 204 205 206 206 206 206 205 205 205 205 204 204 204 204 203 202 203 203 203 204 203 203 202 203 203 203 202 202 202 202 201 201 200 200 199 199 199 198 198 198 196 196 196 196 196 194 193 194 193 193 194 194 193 194 193 192 192 192 192 192 191 191 190 190 190 190 190 190 190 190 190 189 189 188 189 188 188
206 206 206 206 206 206 206 206 206 206 206 206 206 206 206 206 205 206 206 206 206 206 206 206 206 205 204 204 204 203 203 203 203 202 202 201 202 203 202 202 202 202 202 202 202 202 202 202 201 201 200 200 200 200 199 199 198 198 197 198 197 196 195 195 194 193 194 194 193 193 192 193 193 192 192 193 192 191 191 191 191 191 191 191 191 190 191 190 190 189 189 189 188 189
206 206 207 207 207 207 207 207 206 206 206 206 206 206 206 206 206 206 206 206 206 206 206 205 205 205 204 204 204 203 202 202 202 202 201 201 201 201 202 202 201 201 202 202 202 201 202 202 202 201 201 201 201 200 200 199 199 199 198 198 197 196 196 195 194 195 195 194 193 193 192 193 194 193 193 192 192 192 192 191 191 191 191 191 191 191 190 191 191 190 189 190 190 189
207 207 207 207 207 207 207 207 207 206 206 206 206 206 206 206 206 206 206 206 205 205 205 205 204 204 204 204 204 203 203 203 203 202 202 202 202 201 200 200 200 201 202 202 201 202 201 201 200 201 201 201 200 200 200 200 200 199 198 198 198 197 197 196 196 196 194 194 193 193 193 192 194 194 193 192 192 193 192 192 192 192 192 192 191 190 190 190 190 190 190 189 189 188
207 207 207 207 207 207 207 207 206 206 206 206 206 206 206 206 206 205 205 205 205 205 205 204 204 204 203 203 204 203 203 202 202 201 202 201 201 201 200 200 200 201 202 201 200 201 201 201 200 201 201 200 200 200 200 199 200 200 199 199 198 198 197 197 196 195 195 194 193 195 194 194 194 194 193 192 193 193 192 193 193 193 193 193 192 192 191 191 190 191 190 189 188 188
207 207 207 207 207 207 207 206 206 206 206 205 205 205 205 205 205 206 205 205 204 204 205 205 205 204 203 203 203 203 202 202 202 202 202 201 201 200 200 200 200 200 200 201 200 201 201 200 200 201 201 200 200 200 199 199 199 199 200 199 198 198 197 197 196 195 194 194 194 194 195 195 195 193 193 193 193 193 192 193 194 194 193 192 192 192 192 192 192 192 191 188 189 188
207 207 207 206 206 206 206 206 206 206 205 205 205 205 205 205 205 205 205 205 204 204 204 204 204 205 204 204 203 203 203 202 201 201 201 201 201 201 200 200 199 199 199 200 200 200 199 199 200 200 200 199 200 199 199 198 199 199 199 199 199 198 198 198 196 195 196 196 195 196 195 195 194 193 194 195 195 194 194 194 195 194 194 193 193 193 192 192 192 191 191 189 187 188
207 206 206 206 206 206 206 206 206 206 205 205 205 205 205 205 205 205 205 205 204 204 204 204 204 204 204 203 203 203 203 203 202 202 202 201 201 200 200 200 200 199 199 198 198 199 199 199 200 200 200 199 199 198 197 198 198 198 198 198 199 199 198 197 197 197 196 196 196 196 195 196 194 195 195 195 195 195 195 195 195 194 194 194 194 193 192 191 192 191 190 189 188 189
206 206 206 206 206 205 206 205 205 205 205 205 205 205 205 205 204 204 204 205 205 205 204 203 204 203 204 204 203 203 202 202 201 202 201 200 200 200 200 199 199 199 199 199 199 198 198 198 198 199 200 199 197 197 197 198 197 197 197 198 199 199 198 197 197 196 197 196 196 196 196 196 196 196 196 196 195 194 195 195 195 195 194 194 192 193 193 193 193 192 191 190 191 188
206 206 205 206 206 205 205 205 205 205 205 205 205 205 205 205 205 204 204 205 205 205 205 204 204 203 203 203 204 203 202 202 202 202 201 201 201 201 201 201 200 200 200 200 199 199 199 199 198 199 198 198 197 197 196 196 197 198 199 199 199 199 198 198 197 197 197 197 197 197 197 197 196 196 196 196 196 195 195 194 195 193 194 193 194 194 193 193 193 193 193 192 192 191
206 206 206 205 205 205 205 205 205 205 205 205 205 205 205 205 204 204 205 204 204 205 205 203 203 203 203 203 203 202 203 203 202 202 202 202 202 201 201 201 201 200 200 200 199 199 199 199 199 198 198 197 197 198 197 198 198 198 198 198 199 199 199 199 198 198 198 198 197 197 197 197 196 194 195 196 196 196 195 194 195 194 192 193 194 193 193 193 193 193 193 193 193 193
205 205 206 205 205 205 205 205 205 205 205 205 204 204 204 204 204 204 204 204 204 204 204 204 203 203 203 203 203 202 202 202 202 201 201 201 201 200 200 200 200 199 199 199 199 199 199 198 199 198 198 198 197 198 198 199 198 198 198 198 198 199 198 198 199 198 197 196 197 197 196 197 197 195 195 194 195 195 196 195 194 194 193 192 193 194 192 192 193 192 192 193 192 191
205 205 205 205 205 205 205 205 205 205 205 204 204 204 204 204 204 204 204 204 204 203 204 204 204 203 203 203 203 202 202 202 201 201 201 201 200 200 200 200 199 199 199 198 198 198 198 198 198 198 198 198 199 199 199 198 199 199 199 199 199 199 198 198 198 198 198 198 198 197 197 196 195 195 194 196 195 196 196 196 195 194 193 193 193 193 192 193 192 192 191 193 191 190
