sesion_6_simulaciones/modelos_distribucion_especies/ejemplo/variables/futuro_A2/2060/PA.asc
ncols 708
nrows 329
xllcorner -7.525000
yllcorner 35.991667
cellsize 0.008333
NODATA_value -9999
[rows 164 to 204 of 329, columns 282 to 375 of 708]
399 400 400 399 399 398 397 397 396 397 404 400 402 399 401 400 390 384 378 371 364 362 352 349 343 344 341 341 339 341 339 345 345 357 367 375 385 394 402 411 421 429 431 430 428 422 417 412 408 394 397 385 392 398 375 410 404 401 394 393 388 394 387 379 383 386 384 379 389 383 401 389 390 402 406 415 430 436 433 438 436 442 440 441 446 453 460 476 488 502 522 530 543 551
400 401 400 400 399 398 397 396 397 398 399 398 398 398 396 393 387 384 374 373 368 361 355 350 344 340 340 341 338 336 337 342 345 356 362 374 383 391 397 408 414 420 421 417 413 408 403 398 390 388 377 369 369 369 380 382 379 378 380 379 384 379 377 374 362 364 359 357 366 370 374 384 384 393 388 400 414 421 435 424 435 434 435 438 442 446 452 462 468 481 486 500 503 514
402 401 401 400 399 398 399 392 398 398 394 394 397 399 395 392 396 384 379 374 369 362 356 346 345 341 339 337 337 337 334 339 347 354 362 371 381 388 395 404 406 409 410 404 402 395 389 383 372 370 364 357 365 374 353 361 373 367 364 371 364 367 365 365 355 342 341 338 345 351 358 373 374 367 377 401 401 412 408 423 426 430 432 436 437 441 443 452 452 452 465 471 483 490
402 401 401 400 399 397 397 397 396 394 392 395 396 394 397 395 391 386 386 381 375 365 358 354 347 343 341 339 334 336 337 343 348 357 367 375 383 388 393 394 400 402 401 397 389 383 375 367 359 358 358 359 364 360 363 366 364 372 366 356 342 357 344 343 346 345 331 330 334 335 348 359 370 377 372 398 391 409 411 418 424 429 432 427 434 435 430 434 437 442 444 447 454 480
403 402 401 400 399 397 396 394 393 392 394 393 396 395 393 392 394 391 390 384 379 357 362 356 354 347 344 341 342 343 345 350 356 366 374 387 393 390 393 395 396 397 394 387 378 370 361 354 347 339 346 347 351 358 359 359 379 366 359 350 336 334 343 336 332 329 322 328 321 337 337 353 364 377 386 393 397 405 416 416 427 425 434 429 437 434 431 428 425 425 429 434 445 459
403 403 402 401 400 398 396 395 394 395 393 394 392 393 391 393 392 394 394 385 381 371 365 362 360 358 355 349 350 350 351 362 362 374 380 392 395 397 398 401 402 392 387 378 368 359 351 341 338 328 335 335 343 346 351 366 370 370 349 344 341 331 331 325 325 307 315 317 317 327 340 352 371 380 398 405 407 420 428 429 438 432 427 430 429 434 415 424 418 418 421 432 435 446
405 404 403 401 400 399 398 398 397 397 396 396 396 395 396 396 397 397 402 398 383 376 371 373 371 368 363 362 360 363 370 371 377 386 391 398 402 399 404 400 401 392 381 370 360 352 343 334 324 317 317 325 332 343 356 363 365 365 347 344 333 317 325 317 309 316 308 316 318 330 347 357 375 397 409 423 426 429 432 447 430 449 437 428 431 423 414 416 417 417 411 422 422 439
406 405 404 402 401 402 401 400 400 400 400 399 399 400 401 399 405 410 406 401 386 377 375 377 371 380 376 374 370 378 382 388 392 401 401 410 411 414 411 410 402 388 379 368 357 348 339 331 316 315 314 320 333 343 357 360 363 360 353 340 327 320 319 309 317 314 320 321 325 337 349 371 384 408 425 434 438 443 448 455 456 444 444 446 433 423 426 424 426 422 422 426 419 430
406 406 404 403 403 403 403 404 404 403 405 405 406 409 405 407 409 412 409 401 390 383 378 382 381 384 382 385 388 394 398 404 413 419 424 425 429 420 420 420 417 397 381 370 359 349 340 331 319 316 313 321 328 346 353 362 372 365 356 352 327 346 326 333 331 327 325 329 334 340 360 379 398 413 435 442 462 466 473 471 463 456 450 447 446 428 439 431 426 410 411 400 404 423
408 406 406 405 405 405 405 407 407 411 406 412 413 413 415 413 415 418 410 399 392 388 391 385 391 397 397 396 403 402 412 432 440 459 461 446 457 445 436 443 416 422 390 377 367 354 345 336 322 320 316 326 335 345 357 365 370 374 363 371 362 358 347 343 340 338 339 338 340 350 371 380 399 414 438 464 466 475 487 490 477 472 453 446 443 438 421 423 406 396 395 384 390 395
409 408 407 406 405 406 407 411 413 414 413 412 416 417 418 421 420 424 414 402 397 394 396 395 397 402 402 410 416 423 431 449 468 484 487 499 473 486 449 447 445 417 405 387 376 362 350 340 327 321 321 330 339 350 355 367 375 373 365 363 362 364 348 345 343 343 340 344 347 347 345 391 383 426 448 464 477 484 491 495 491 479 471 459 449 425 423 406 383 383 377 376 376 382
411 410 409 407 408 408 411 413 416 418 418 417 417 417 422 426 427 425 419 404 402 399 401 401 405 409 416 422 424 430 446 468 470 490 500 518 515 496 478 450 435 423 412 402 367 372 356 344 337 330 337 338 343 351 362 371 373 376 378 374 371 356 356 333 343 345 347 337 340 345 363 395 411 441 450 469 476 481 488 488 486 475 470 454 440 429 414 401 380 385 385 384 370 392
412 411 410 409 410 411 413 416 422 422 423 422 420 422 421 430 432 428 416 411 406 403 404 411 411 415 416 424 431 446 452 456 461 472 485 511 515 504 479 453 437 428 419 425 386 385 362 351 347 342 346 351 356 362 366 374 376 380 380 379 377 354 348 344 341 345 349 329 349 367 366 387 405 435 446 452 457 463 474 481 474 470 459 446 421 419 415 408 405 401 407 421 425 435
414 413 412 412 412 414 417 423 426 433 432 423 427 424 426 426 427 424 416 413 409 408 411 413 414 415 417 421 427 442 451 457 459 472 477 493 505 490 475 460 443 437 442 431 429 390 370 361 354 352 358 362 367 371 375 377 380 382 383 379 379 352 349 333 330 354 352 341 365 372 373 394 409 402 418 429 446 447 454 455 448 447 436 434 421 427 428 425 424 423 423 438 439 436
415 414 413 413 415 415 420 427 435 433 440 432 428 427 430 429 425 422 421 415 412 412 411 414 416 415 420 421 425 431 435 440 447 455 468 478 478 475 478 470 461 461 437 464 398 395 375 369 363 363 368 368 377 379 382 384 386 389 388 377 367 360 346 347 348 353 348 350 355 372 378 385 388 405 405 418 424 431 435 429 435 429 418 421 415 423 428 438 443 440 431 442 455 465
417 414 414 415 415 417 421 425 436 440 434 433 430 430 431 429 430 430 428 424 415 415 415 416 418 421 423 425 428 427 432 437 438 447 450 458 457 466 462 469 445 445 457 418 418 389 381 376 372 373 376 382 382 383 386 387 389 389 392 382 381 349 357 346 357 370 355 359 367 368 379 386 392 401 414 412 417 419 419 435 422 424 415 419 418 423 431 445 451 453 453 453 470 482
417 416 416 417 418 418 420 423 426 429 432 429 430 431 431 432 438 426 436 433 422 422 415 416 418 423 423 422 424 425 427 430 432 436 441 442 444 443 449 442 436 429 424 413 399 390 385 381 379 378 378 383 385 387 388 389 390 391 390 389 373 369 354 356 362 366 368 361 361 366 371 382 390 392 403 398 413 410 423 426 423 422 414 418 422 427 441 450 459 481 472 477 451 488
422 417 420 423 423 422 422 421 426 426 426 427 428 430 431 435 440 445 445 439 431 424 413 416 416 420 421 421 421 422 426 425 426 425 428 429 433 432 430 427 419 414 408 401 395 390 386 384 383 383 384 387 387 388 389 391 392 392 391 386 378 369 368 365 369 369 365 367 362 375 365 373 381 386 392 402 405 406 412 421 419 403 398 404 421 435 455 459 482 480 482 485 483 489
431 420 423 421 425 427 424 432 428 431 433 431 435 434 434 434 442 443 449 444 435 426 417 413 417 415 413 413 419 421 424 424 426 427 427 423 426 425 424 418 409 406 400 396 391 389 387 385 385 386 387 388 390 392 394 395 392 393 391 391 389 382 374 375 373 375 373 367 362 362 363 370 372 380 387 390 396 394 405 407 408 406 398 415 410 427 442 453 474 468 479 473 479 487
430 422 425 425 426 427 431 434 437 436 439 439 441 441 436 436 446 443 449 435 440 428 421 414 422 420 428 418 421 419 419 421 425 425 428 426 424 420 414 410 403 397 394 389 388 387 386 386 387 389 390 392 393 396 396 395 395 393 393 404 400 403 392 384 381 376 370 366 367 362 366 368 367 372 375 381 385 390 398 396 396 405 396 401 401 414 425 437 442 454 459 442 456 466
429 424 427 426 428 432 438 441 445 445 445 445 447 448 443 447 448 443 441 449 439 428 425 413 411 425 423 427 420 420 421 417 421 424 425 425 425 418 413 407 402 397 391 387 384 385 388 389 391 393 395 398 399 398 398 396 394 392 393 407 401 405 392 389 388 380 374 371 368 365 364 365 368 367 370 374 378 383 387 391 388 397 396 406 395 412 414 430 429 433 443 449 472 492
434 429 429 428 431 436 441 450 455 452 458 457 459 460 461 453 451 442 446 441 434 432 413 409 411 421 420 420 417 417 418 419 419 421 425 432 427 424 418 415 409 399 391 386 383 386 392 391 395 396 401 399 397 399 396 393 391 390 392 380 406 402 398 394 388 383 379 373 371 369 366 363 363 364 361 367 369 378 382 392 392 397 394 407 406 411 423 431 438 428 444 464 477 486
433 433 433 435 435 438 437 455 466 468 478 463 477 464 469 459 455 448 446 438 437 430 414 413 414 416 415 417 415 416 415 421 422 428 430 432 431 437 433 434 433 421 408 392 384 387 394 396 399 401 404 403 399 397 393 389 387 385 391 416 422 421 419 399 394 390 385 384 380 374 369 364 362 361 360 362 367 373 382 383 395 400 401 409 410 423 427 439 432 444 445 458 476 500
440 442 436 434 439 446 455 468 471 495 505 486 498 478 470 468 457 441 444 433 423 432 425 399 417 421 423 421 420 421 425 428 427 431 426 435 445 439 451 423 427 403 410 388 386 391 392 397 398 404 400 398 394 388 384 382 380 379 388 401 434 430 416 406 399 396 394 390 388 380 372 365 358 357 357 360 364 369 374 386 392 396 406 406 411 419 437 441 468 460 461 472 496 509
445 447 448 446 453 452 450 470 485 488 512 499 491 480 468 460 458 437 440 433 427 415 415 404 415 419 420 425 422 423 424 431 431 438 446 448 455 435 429 420 405 393 386 387 388 391 392 396 394 395 392 387 384 379 375 373 373 371 376 391 402 418 408 406 401 404 401 396 390 384 375 365 358 353 351 354 363 367 373 381 386 397 406 425 440 441 444 465 476 474 468 480 486 500
457 459 448 449 450 462 471 465 480 491 486 489 483 473 464 453 453 437 436 425 430 423 416 407 411 415 420 422 422 423 425 432 436 448 449 465 448 440 412 397 392 390 391 392 393 393 393 395 392 388 383 377 373 369 365 364 362 361 366 373 382 388 399 406 407 411 408 404 395 388 378 362 356 347 345 352 352 362 367 374 386 404 424 455 464 449 489 492 485 495 495 481 506 505
459 467 460 475 475 474 468 476 464 480 483 486 474 462 462 451 441 443 433 434 423 414 408 408 416 421 421 421 421 422 422 422 428 433 460 435 437 413 399 395 395 397 396 396 398 396 393 392 386 381 374 369 365 360 357 355 354 354 360 366 374 384 393 400 407 413 410 409 402 388 376 363 351 342 338 342 348 355 363 373 389 407 432 453 469 484 489 476 491 491 477 492 495 498
459 464 469 473 491 499 496 470 479 478 481 482 475 471 461 456 450 444 437 421 416 410 408 408 414 420 420 420 418 419 415 415 417 424 428 421 416 402 399 400 400 401 402 401 399 396 390 387 374 374 366 358 356 354 349 346 346 348 351 361 370 380 391 401 408 415 420 412 404 391 380 362 347 339 333 335 345 351 357 368 385 408 418 444 450 471 475 470 467 469 468 469 476 483
466 445 473 472 493 513 506 502 486 483 484 479 485 474 465 460 440 450 437 423 421 409 407 406 414 414 419 419 419 419 418 416 411 410 409 407 404 405 404 404 403 402 401 397 395 391 387 377 373 365 356 351 347 345 340 341 340 341 349 359 368 379 390 397 408 413 422 414 408 396 375 362 344 335 330 333 333 343 352 365 377 399 418 431 451 459 453 460 460 461 456 454 463 464
443 455 461 479 505 485 497 483 482 487 480 487 480 467 450 448 453 437 431 421 412 406 403 403 410 412 417 418 422 425 429 426 418 414 412 412 411 413 410 406 402 398 396 389 389 382 378 369 363 355 349 344 338 336 333 331 333 338 345 356 367 377 386 397 408 412 413 416 414 394 379 359 342 333 324 327 333 337 347 359 382 396 414 426 432 447 452 450 448 450 451 454 456 448
437 449 474 472 488 480 489 493 490 494 491 485 468 472 456 446 441 432 430 417 411 404 400 401 405 409 412 417 421 438 436 428 427 416 421 421 425 421 416 409 401 392 390 388 381 375 367 360 354 349 344 339 336 332 334 335 333 338 347 359 368 375 390 399 406 407 412 419 413 395 377 356 340 329 324 321 327 334 347 359 375 397 412 426 431 437 436 448 445 444 444 449 458 469
426 444 451 467 460 467 461 480 486 494 486 470 463 452 451 448 444 441 435 422 414 406 397 400 404 413 421 425 424 426 435 437 430 426 424 424 422 418 417 410 402 397 390 382 373 364 358 351 346 344 340 336 335 333 332 331 344 359 373 379 381 394 400 398 401 404 406 411 405 391 371 352 338 328 318 324 327 336 348 367 368 398 412 425 426 431 441 444 447 441 439 442 452 466
440 432 451 443 451 452 454 472 476 475 466 467 459 452 459 447 437 427 426 419 411 412 409 404 415 420 428 429 426 428 429 433 430 426 421 417 416 411 405 401 399 394 387 375 364 357 348 341 338 335 337 334 335 334 342 347 351 362 377 378 388 394 395 394 396 399 400 399 391 382 365 349 338 330 325 322 332 342 356 368 385 404 419 426 425 430 441 440 445 436 434 438 450 465
411 424 438 432 429 444 450 457 467 465 474 472 473 472 455 447 445 439 443 433 428 417 404 430 420 411 429 433 437 438 439 433 432 421 422 415 409 402 399 393 391 384 377 364 356 346 344 334 333 332 334 334 336 339 342 346 350 354 361 372 381 387 384 390 391 393 392 388 382 372 360 349 339 333 331 333 339 351 362 377 395 416 424 425 427 429 427 438 432 429 429 438 442 456
446 424 417 422 434 433 444 450 464 469 474 476 469 471 459 443 438 424 421 433 423 444 424 435 428 444 445 436 439 434 434 430 426 421 413 414 404 400 392 386 379 371 361 352 343 337 329 324 325 328 333 337 342 347 350 356 359 364 365 372 381 385 387 387 387 387 384 380 374 366 358 349 342 339 339 345 354 363 375 392 414 435 447 439 439 441 438 434 427 425 427 434 453 462
453 448 446 436 431 445 465 476 481 485 482 478 473 469 459 458 439 448 438 434 425 435 416 443 419 434 435 427 425 429 424 422 421 417 417 409 403 398 388 379 370 360 349 339 330 323 317 314 314 319 328 338 348 357 361 367 373 376 379 386 388 392 391 386 382 381 379 374 369 364 357 352 348 348 351 358 366 378 391 408 423 460 442 463 462 472 454 437 434 422 420 446 441 447
467 447 448 456 461 465 476 481 487 487 490 485 480 471 469 454 459 432 450 431 437 435 428 427 431 430 431 427 428 423 424 421 416 411 407 407 401 391 383 373 362 351 340 330 321 311 307 302 303 309 320 337 350 364 373 380 386 393 394 399 399 399 393 388 382 378 375 371 368 364 360 357 356 358 363 371 382 394 407 421 439 461 490 484 492 482 492 469 443 429 448 431 474 465
482 469 468 472 473 466 468 475 477 484 494 481 485 470 454 461 438 444 424 429 432 431 428 424 418 427 420 428 420 424 422 420 415 404 402 391 388 385 375 365 357 343 333 324 312 302 294 289 292 300 314 332 353 367 382 392 401 407 411 413 411 404 398 390 384 380 376 373 370 367 366 365 366 370 376 385 397 409 423 435 450 475 488 516 505 508 490 496 480 436 446 447 435 424
516 491 485 480 471 478 467 469 467 465 469 472 477 468 460 446 442 436 428 425 421 417 414 408 413 408 411 414 415 414 415 408 405 397 390 387 381 375 367 359 345 336 326 309 302 287 282 281 278 291 308 327 351 371 386 401 411 419 423 423 421 412 403 398 392 387 384 383 379 376 373 375 378 383 390 400 411 425 438 453 472 480 509 531 522 520 502 490 450 471 455 440 426 409
541 533 510 494 487 471 468 471 468 463 471 467 460 456 450 441 429 422 410 410 408 401 399 397 396 397 394 396 398 402 405 402 398 387 384 377 372 366 357 351 344 335 319 302 292 280 271 267 271 283 305 320 350 368 386 405 420 428 434 432 428 421 414 408 405 410 403 402 405 398 387 388 391 397 405 413 425 437 455 475 494 515 551 533 532 524 507 471 471 453 450 434 416 398
583 565 529 514 506 494 494 479 481 462 471 460 452 443 426 419 416 406 399 386 392 383 380 376 385 376 377 377 383 384 390 392 388 388 380 371 366 360 352 346 336 329 316 297 283 274 262 264 266 281 297 323 345 366 388 408 426 441 436 448 438 434 427 421 424 422 442 443 431 420 406 402 409 417 424 428 438 454 482 518 521 537 540 542 535 523 520 489 499 451 441 424 408 396
