sesion_6_simulaciones/modelos_distribucion_especies/ejemplo/variables/futuro_A2/2060/PA.asc
ncols 708
nrows 329
xllcorner -7.525000
yllcorner 35.991667
cellsize 0.008333
NODATA_value -9999
[rows 123 to 163 of 329, columns 0 to 93 of 708]
-9999 -9999 -9999 -9999 -9999 -9999 -9999 -9999 -9999 -9999 -9999 -9999 525 526 526 535 533 529 525 518 514 508 507 507 505 504 503 497 496 497 501 501 503 506 504 511 519 516 524 531 529 530 535 543 548 549 552 557 560 560 563 562 555 543 533 519 507 502 498 493 495 502 513 525 544 554 579 597 612 618 617 615 607 595 586 571 558 541 526 520 506 491 489 491 481 482 475 495 487 509 526 540 543 523
-9999 -9999 -9999 -9999 -9999 -9999 -9999 -9999 -9999 -9999 513 520 525 527 535 538 539 533 526 518 508 505 502 500 497 490 487 488 485 485 489 491 493 503 491 501 505 507 508 509 509 517 519 530 537 543 545 554 560 564 566 564 561 551 534 532 518 503 497 497 494 502 511 526 540 557 572 595 607 616 618 618 609 604 593 586 575 566 550 539 520 507 494 480 477 480 479 482 480 517 516 535 543 542
-9999 -9999 -9999 -9999 -9999 -9999 -9999 -9999 -9999 -9999 520 527 539 540 541 546 530 535 523 516 509 507 506 493 486 483 479 478 477 480 479 484 487 489 494 495 495 497 500 502 501 497 511 519 530 538 543 552 557 562 566 565 568 561 551 539 529 515 504 497 487 495 512 527 545 559 569 584 600 612 618 622 618 619 612 603 598 589 581 565 546 528 499 493 487 484 487 494 505 509 520 533 534 533
-9999 -9999 -9999 -9999 -9999 -9999 -9999 -9999 -9999 -9999 520 529 534 533 543 542 532 530 524 512 513 491 505 495 479 480 477 482 481 475 476 477 478 482 483 486 485 490 490 490 499 501 506 519 522 534 541 550 557 559 564 564 566 559 547 547 526 524 512 503 501 502 509 523 537 554 572 580 598 609 620 625 626 628 627 626 618 610 599 588 570 547 524 500 496 487 497 501 511 513 517 524 530 524
-9999 -9999 -9999 -9999 -9999 -9999 -9999 -9999 -9999 -9999 522 529 537 540 544 539 538 531 518 513 501 496 493 478 474 474 473 472 464 464 463 464 468 472 476 474 473 481 476 478 481 489 498 504 514 522 532 543 550 556 561 560 556 551 545 536 525 519 507 508 506 505 505 522 538 550 564 577 593 609 617 634 634 632 638 642 636 630 620 606 588 569 543 516 509 501 500 512 508 514 520 523 520 537
-9999 -9999 -9999 -9999 -9999 -9999 -9999 -9999 -9999 -9999 530 536 538 543 545 542 530 528 519 507 500 501 488 481 475 467 462 460 454 446 444 449 450 452 461 456 457 460 461 466 469 476 482 490 501 509 516 525 535 543 547 547 545 540 534 530 524 512 513 509 502 503 508 516 527 545 563 577 590 603 610 618 643 645 654 656 656 648 636 623 602 583 558 531 514 514 511 514 513 519 517 508 516 517
-9999 -9999 -9999 -9999 -9999 -9999 -9999 -9999 -9999 -9999 528 544 539 544 546 542 530 531 522 510 508 503 491 485 477 468 454 444 436 430 428 431 433 435 437 437 441 444 446 454 458 463 472 481 488 497 505 514 523 529 532 534 534 526 528 519 514 508 503 502 501 501 503 514 528 538 557 573 585 597 613 624 639 648 661 665 659 656 650 643 615 587 558 540 518 513 510 510 506 505 505 506 515 517
-9999 -9999 -9999 -9999 -9999 -9999 -9999 -9999 526 525 542 551 552 546 543 543 535 533 520 520 518 506 495 483 463 457 444 432 421 419 413 410 415 418 419 426 430 432 436 439 447 453 464 474 477 493 501 510 512 520 522 521 521 518 513 507 506 498 494 491 494 500 500 505 522 538 554 562 573 594 609 629 639 655 660 663 659 650 643 633 609 583 554 524 500 510 511 498 491 502 505 505 516 521
-9999 -9999 -9999 -9999 -9999 -9999 -9999 -9999 529 538 546 554 548 555 552 551 549 545 542 533 521 510 490 474 458 446 432 424 413 408 406 402 404 409 415 419 423 428 428 430 438 444 457 467 478 486 492 500 506 507 510 505 504 501 495 501 490 496 493 489 487 487 491 504 517 532 546 557 575 591 612 634 644 645 648 649 644 631 622 606 583 562 528 515 500 484 481 489 489 493 496 520 517 523
-9999 -9999 -9999 -9999 -9999 -9999 -9999 -9999 536 539 541 550 558 547 561 559 557 551 548 533 521 504 492 470 458 441 425 417 408 406 399 399 401 407 409 414 423 426 427 431 430 434 449 455 466 472 484 490 497 493 499 497 490 492 491 482 487 481 479 481 480 482 491 493 511 526 538 552 564 581 608 621 630 634 637 628 619 607 594 579 562 538 519 497 477 481 482 480 501 499 508 515 517 525
-9999 -9999 -9999 -9999 -9999 -9999 -9999 -9999 534 538 537 544 557 561 566 554 560 561 558 548 532 519 499 479 461 447 429 421 409 402 400 398 400 407 407 416 421 424 425 427 433 439 445 447 456 467 475 485 489 494 491 495 491 484 483 478 476 468 474 476 476 473 483 489 504 517 531 543 562 581 598 602 609 616 617 612 585 580 564 546 533 514 483 461 465 455 472 482 495 496 500 505 515 527
-9999 -9999 -9999 -9999 -9999 515 520 524 525 533 537 546 553 561 565 566 576 568 564 552 542 526 509 491 473 454 439 424 414 407 403 403 406 408 414 421 425 432 434 431 434 440 444 449 453 460 471 478 484 485 490 491 488 488 482 479 478 473 476 468 476 475 486 491 503 516 525 540 555 571 586 597 598 600 600 585 565 547 532 524 503 472 467 463 451 468 453 470 482 483 485 487 505 522
-9999 -9999 -9999 -9999 505 502 522 510 524 537 549 551 568 560 577 588 584 587 564 565 544 537 514 502 477 460 441 431 418 406 410 409 410 415 417 421 427 439 439 441 440 444 440 449 454 458 471 477 481 482 482 484 484 482 480 480 480 479 478 477 476 485 495 499 500 515 524 538 550 567 580 582 585 583 582 563 550 528 525 495 491 454 455 443 443 441 458 467 471 467 477 487 493 500
-9999 -9999 -9999 -9999 490 492 501 503 520 531 539 540 559 570 579 579 589 587 578 560 553 536 527 503 487 463 447 428 423 423 418 420 418 423 425 431 434 440 449 448 444 446 449 455 459 461 471 478 485 491 487 480 482 482 477 477 476 478 477 477 480 489 489 493 492 506 521 542 549 567 573 580 579 576 549 549 538 518 495 483 482 467 423 449 445 441 446 463 458 465 465 478 488 499
-9999 -9999 -9999 -9999 480 493 502 512 516 523 535 549 556 567 577 586 591 585 582 577 564 543 515 502 480 467 452 432 429 428 425 422 428 433 439 440 444 448 450 452 447 448 452 455 459 466 466 471 482 486 477 477 472 476 473 473 473 475 475 477 478 485 489 492 491 509 522 536 557 558 562 570 570 560 554 529 523 505 495 481 467 462 458 453 454 449 461 461 462 469 473 483 490 499
-9999 -9999 -9999 -9999 494 490 504 501 511 523 530 539 543 556 561 577 583 582 574 579 571 540 526 510 485 471 460 446 441 432 433 436 440 446 448 453 456 453 453 458 455 456 458 456 461 469 466 468 475 469 472 464 464 469 467 468 468 473 470 477 479 482 485 492 498 496 513 537 543 545 558 563 565 556 546 535 524 505 497 474 475 470 452 464 460 465 465 468 473 477 483 487 497 505
-9999 -9999 -9999 -9999 486 495 504 511 510 524 525 532 540 548 556 566 574 575 576 573 565 552 543 519 500 478 461 458 449 447 441 447 447 452 458 461 458 460 465 465 465 465 463 457 459 463 461 457 459 460 460 458 458 455 458 460 462 465 477 475 482 485 494 493 501 494 511 528 535 546 551 546 555 550 544 542 526 515 501 482 486 471 483 479 473 461 468 466 473 481 488 493 504 513
-9999 -9999 475 484 486 493 495 504 509 508 511 519 524 532 545 556 558 562 560 560 563 548 539 521 502 482 470 468 459 459 458 459 464 464 470 471 472 471 475 475 473 470 468 464 464 462 462 462 456 458 451 451 444 446 447 453 461 465 467 471 482 482 486 479 503 508 514 518 531 542 546 552 555 554 549 542 534 527 509 498 502 497 500 491 490 483 482 484 482 488 500 505 515 524
-9999 -9999 460 467 482 491 503 500 502 503 508 509 516 519 528 537 551 550 551 544 548 542 524 505 498 481 482 473 473 464 467 473 474 482 481 477 485 485 486 487 480 478 474 470 465 461 459 454 452 449 442 437 434 436 438 446 452 459 466 474 477 478 482 483 497 502 516 536 531 539 550 553 554 557 546 547 544 535 533 528 520 516 526 517 519 515 511 508 506 510 510 519 528 543
-9999 -9999 463 459 470 473 482 488 502 498 492 504 500 499 501 519 528 524 538 534 526 520 517 513 496 495 486 482 478 476 478 480 485 488 496 496 500 498 496 492 491 486 481 469 466 459 458 448 448 442 431 428 426 426 430 434 442 449 452 458 466 477 479 484 500 511 530 528 542 547 552 554 557 560 559 541 550 546 546 542 540 546 547 550 539 534 535 528 526 519 526 528 535 549
-9999 -9999 450 454 456 462 469 469 475 471 478 478 479 476 484 488 504 519 523 515 502 508 501 510 509 491 496 497 491 492 486 489 491 497 506 505 509 509 506 503 501 491 482 481 470 461 449 448 446 439 430 423 414 413 416 421 426 433 443 450 458 461 474 475 485 506 521 532 541 546 549 546 553 554 552 550 556 566 573 566 580 577 566 563 556 556 550 546 536 528 528 526 541 549
-9999 -9999 -9999 -9999 438 441 443 448 456 451 458 460 458 458 463 473 487 490 492 496 496 493 497 501 501 496 501 499 506 503 498 497 499 504 509 515 510 515 515 511 505 501 488 485 473 463 448 435 437 428 421 408 402 399 405 409 413 421 428 440 442 455 460 471 488 496 513 523 536 540 539 538 553 550 554 555 564 574 578 585 591 586 585 578 572 565 560 551 542 535 526 532 538 556
-9999 -9999 -9999 -9999 441 436 442 437 442 436 439 439 437 444 444 453 459 466 472 472 476 484 491 491 492 494 500 504 511 515 507 507 508 514 517 518 517 518 515 512 504 493 490 483 475 464 446 430 431 418 410 390 393 393 389 393 399 408 417 427 439 443 457 467 470 487 503 517 528 527 529 529 545 552 558 560 572 582 589 603 596 594 592 581 573 568 559 549 541 530 525 520 527 543
-9999 -9999 -9999 -9999 434 423 438 432 435 427 429 423 422 427 432 436 439 449 455 460 464 461 482 475 493 490 489 499 498 508 496 501 515 516 526 528 520 519 515 510 504 499 491 481 472 462 449 436 424 418 409 398 384 381 379 385 394 397 406 414 426 437 449 461 469 488 504 512 522 533 535 539 544 546 562 574 578 586 598 600 600 600 595 586 581 566 556 547 531 523 517 514 524 530
-9999 -9999 -9999 -9999 -9999 417 431 426 426 420 422 419 422 414 422 424 435 435 447 451 452 460 465 471 478 476 482 487 486 488 491 501 498 516 521 530 524 517 512 509 503 493 486 483 464 464 452 437 421 409 404 399 386 378 375 380 383 390 394 407 417 433 443 458 474 473 501 510 525 526 530 531 547 551 565 575 584 588 590 597 599 599 593 585 574 560 547 532 517 511 499 499 506 515
-9999 -9999 -9999 -9999 -9999 -9999 -9999 -9999 419 413 417 420 413 416 420 425 430 430 437 440 447 451 454 461 466 470 473 473 476 478 478 482 485 494 502 509 509 511 509 508 501 493 485 482 472 463 450 440 434 420 411 396 389 377 379 376 377 380 386 397 412 421 443 456 473 476 488 504 515 521 531 518 548 545 551 557 570 577 583 588 590 589 582 575 560 549 530 513 502 487 489 472 487 496
-9999 -9999 -9999 -9999 -9999 -9999 -9999 -9999 413 426 421 420 411 412 420 415 427 429 430 433 438 445 450 456 461 460 464 466 464 465 467 471 474 479 484 489 491 494 498 500 497 492 481 483 476 467 458 448 439 431 419 406 395 384 378 378 377 373 380 385 405 422 440 457 463 471 489 496 507 513 526 514 532 545 545 555 559 560 569 573 573 569 564 556 546 530 510 497 483 473 457 463 468 477
-9999 -9999 -9999 -9999 -9999 -9999 -9999 -9999 412 427 418 403 402 401 408 422 416 419 425 432 433 438 444 448 454 454 456 456 454 457 459 461 464 467 470 474 477 480 486 487 489 486 487 484 480 474 468 461 450 441 429 418 404 400 391 387 381 383 383 398 408 422 435 456 476 468 495 497 498 504 527 528 527 524 532 536 540 545 548 552 554 551 543 539 528 507 496 480 468 456 445 446 446 461
-9999 -9999 -9999 -9999 -9999 -9999 -9999 -9999 414 419 420 405 416 412 417 418 419 418 422 430 431 436 439 440 446 446 449 448 448 447 450 450 453 455 458 459 464 470 473 477 481 486 486 488 485 483 480 468 463 455 444 434 421 413 401 399 393 394 404 409 419 427 443 458 466 470 489 501 504 512 514 516 515 518 517 518 523 525 528 531 533 530 526 519 510 498 484 469 459 447 434 431 432 441
-9999 -9999 -9999 -9999 -9999 -9999 -9999 -9999 413 408 407 415 413 419 422 418 423 422 419 427 429 434 436 442 441 441 439 440 440 440 441 442 444 445 446 452 453 461 463 470 475 479 485 489 490 489 487 481 480 470 462 451 442 427 422 415 407 410 414 427 438 444 452 468 474 476 491 494 510 509 512 508 509 504 505 505 506 508 510 511 510 511 508 503 497 487 477 463 452 440 422 423 428 428
-9999 -9999 -9999 -9999 -9999 -9999 -9999 -9999 417 414 426 412 420 413 410 415 416 419 424 428 429 436 436 435 435 434 431 429 430 429 434 434 435 437 438 438 447 449 456 464 471 479 485 493 495 498 496 495 491 488 479 471 462 450 442 427 427 430 434 437 449 457 467 472 480 475 491 488 496 499 498 496 490 491 491 490 490 488 492 492 493 491 495 488 486 480 473 462 450 433 423 415 418 424
-9999 -9999 -9999 -9999 -9999 -9999 -9999 -9999 405 406 417 409 416 407 409 418 416 421 428 424 429 432 430 429 427 426 427 421 421 421 426 428 430 432 432 435 441 444 450 459 469 477 485 496 500 503 502 503 502 501 497 492 481 474 461 448 446 446 446 451 458 468 475 480 482 479 483 484 487 491 487 485 483 476 477 472 473 474 474 475 476 477 482 478 482 474 472 462 454 443 429 422 414 422
-9999 -9999 -9999 -9999 -9999 -9999 -9999 -9999 408 409 405 407 406 414 406 413 416 419 420 422 427 426 425 423 426 419 420 418 416 420 421 423 428 426 432 432 435 439 452 462 468 480 490 499 505 509 509 510 513 513 513 503 497 484 477 465 463 455 457 459 463 468 477 479 483 478 478 477 484 481 478 477 470 465 461 459 457 457 460 459 463 466 468 474 472 474 471 465 459 449 440 432 429 427
-9999 -9999 -9999 -9999 -9999 -9999 -9999 -9999 393 408 399 388 402 399 402 409 411 412 414 417 419 417 419 415 416 412 415 411 414 415 419 419 421 427 427 430 437 448 458 466 474 481 492 496 507 509 511 515 518 519 516 510 500 486 482 475 472 467 463 463 468 467 474 475 475 481 476 475 476 467 467 463 459 450 451 446 445 446 447 450 454 457 460 463 465 470 470 470 463 454 449 444 437 432
-9999 -9999 -9999 -9999 -9999 -9999 -9999 -9999 -9999 -9999 398 396 388 401 404 405 403 404 405 409 412 414 409 410 410 406 406 408 407 408 414 418 419 423 425 431 437 448 461 471 479 484 491 498 501 506 507 514 515 515 512 507 497 490 487 482 475 472 466 463 463 460 468 467 471 464 469 460 464 464 458 454 448 441 439 436 435 435 437 436 441 448 452 457 465 467 472 470 466 459 455 450 446 442
-9999 -9999 -9999 -9999 -9999 -9999 -9999 -9999 389 394 392 389 392 394 396 398 392 396 399 402 406 403 402 400 401 398 400 400 402 405 410 418 418 420 425 431 444 449 465 475 482 485 489 491 492 497 498 500 506 503 504 499 493 489 487 484 480 472 464 461 459 460 457 464 455 446 456 456 455 453 448 443 439 431 427 426 428 425 426 429 429 437 443 451 462 465 470 467 464 459 457 447 448 439
-9999 -9999 -9999 -9999 -9999 -9999 -9999 -9999 -9999 384 381 387 381 386 382 382 385 386 390 394 396 398 395 394 392 394 396 394 394 399 404 409 413 414 426 435 443 458 469 474 478 480 480 480 481 482 485 485 488 487 491 488 483 480 484 477 475 466 461 456 454 452 454 450 445 439 448 447 448 442 438 433 430 425 417 417 414 415 416 419 422 428 436 447 452 459 460 462 460 455 448 446 447 441
-9999 -9999 -9999 -9999 -9999 -9999 -9999 -9999 -9999 -9999 -9999 -9999 367 372 369 374 370 381 379 385 393 396 395 390 393 390 392 391 394 392 395 399 410 419 428 440 454 462 470 470 474 472 470 469 466 467 471 472 473 474 474 475 472 468 470 466 463 457 452 450 448 445 449 440 439 440 436 439 435 433 429 426 419 419 410 409 408 407 409 410 414 417 431 436 441 448 448 453 451 449 445 441 441 437
-9999 -9999 -9999 -9999 -9999 -9999 -9999 -9999 -9999 -9999 -9999 -9999 361 365 360 362 369 369 375 383 391 392 394 394 391 389 385 385 386 388 394 401 408 420 435 447 454 463 466 467 467 464 459 455 452 450 450 456 460 460 461 465 461 452 460 454 451 447 443 441 440 439 436 435 428 429 430 429 426 422 419 416 410 407 405 401 400 399 401 404 409 410 419 426 431 435 438 440 442 439 438 436 435 432
-9999 -9999 -9999 -9999 -9999 -9999 -9999 -9999 -9999 -9999 -9999 -9999 361 354 361 361 362 372 378 381 386 389 392 389 390 386 385 386 386 388 390 398 410 422 434 443 453 456 458 453 456 451 447 440 437 434 436 436 441 443 447 453 451 449 443 444 438 435 433 431 430 432 429 426 422 420 418 418 417 414 410 407 402 399 395 394 393 392 396 397 405 406 411 415 421 422 427 430 430 429 429 428 427 424
-9999 -9999 -9999 -9999 -9999 -9999 -9999 -9999 -9999 -9999 -9999 -9999 351 362 362 362 369 374 380 384 386 387 389 388 391 387 387 385 388 387 386 393 405 415 427 436 442 448 445 446 445 440 430 428 421 418 418 420 423 429 433 436 438 434 431 427 428 424 424 424 422 421 425 419 411 411 408 407 406 406 402 397 396 390 390 388 388 392 393 396 399 400 402 406 411 415 417 420 421 421 421 417 418 414
