sesion_6_simulaciones/modelos_distribucion_especies/ejemplo/variables/futuro_A2/2060/PV.asc
ncols 708
nrows 329
xllcorner -7.525000
yllcorner 35.991667
cellsize 0.008333
NODATA_value -9999
[rows 159 to 211 of 329, columns 192 to 287 of 708]
46 46 47 49 50 53 55 57 59 61 63 65 65 66 65 64 64 63 62 60 59 57 55 53 52 52 52 52 51 51 51 50 50 49 49 48 48 48 48 49 49 49 49 49 49 49 48 48 47 47 47 46 46 45 45 44 44 44 43 43 43 43 43 42 42 42 42 42 42 42 42 41 41 41 41 41 41 41 40 40 40 40 41 41 41 41 41 41 41 41 41 41 41 41 42 42
46 47 48 50 52 54 56 58 60 63 66 68 69 69 68 67 65 64 63 61 59 57 54 50 48 49 50 51 51 51 51 51 51 50 50 50 50 49 49 49 49 49 49 49 49 49 49 48 47 47 47 46 46 45 45 44 44 43 43 43 42 42 42 42 42 41 41 41 41 41 41 41 41 41 41 41 41 41 41 40 40 41 41 41 41 41 41 41 41 41 41 41 41 41 42 42
46 47 49 50 52 54 56 59 61 65 68 73 76 73 70 69 67 66 64 62 60 59 55 48 42 47 50 51 52 52 52 52 52 51 51 51 51 50 50 50 50 50 50 50 49 49 49 48 48 47 47 46 46 45 45 44 44 43 43 42 42 42 42 41 41 41 41 41 40 40 40 40 40 41 41 41 41 41 41 41 41 41 41 41 41 41 41 41 41 41 41 41 41 42 42 42
45 47 49 51 53 55 57 59 62 65 69 75 79 75 72 70 68 67 66 65 65 66 61 55 51 51 52 53 53 53 53 53 53 53 52 52 52 51 51 51 51 50 50 50 49 49 49 48 48 47 47 46 46 45 45 44 44 43 43 42 42 41 41 41 41 41 40 40 40 40 40 40 40 40 41 41 41 41 41 41 41 41 41 41 41 41 41 41 41 41 41 41 42 42 42 42
45 47 49 51 53 55 57 59 62 65 68 71 73 72 71 70 69 69 69 71 77 75 66 60 57 56 55 55 55 55 55 54 54 54 53 53 53 52 52 52 51 51 50 50 50 49 49 48 48 48 47 47 46 45 45 44 43 43 42 42 41 41 41 41 41 40 40 40 40 40 40 40 40 41 41 41 41 41 41 41 41 41 41 41 41 41 41 41 41 41 42 42 42 42 42 42
44 46 49 51 53 55 57 59 61 64 66 68 69 69 69 69 69 69 70 71 72 70 66 63 60 59 58 57 57 57 56 56 55 55 54 54 54 53 53 52 52 51 51 50 50 49 49 49 48 48 48 47 46 45 45 44 43 42 42 41 41 41 41 41 40 40 40 40 40 40 40 40 40 40 40 40 40 40 41 41 41 41 41 41 41 41 41 41 41 42 42 42 42 42 42 42
45 47 49 51 53 55 57 59 61 63 64 66 67 68 68 68 68 69 69 69 69 68 66 64 62 61 60 59 59 58 58 58 57 56 56 55 55 54 54 53 52 52 51 51 50 50 49 49 48 48 48 47 46 45 45 44 43 42 41 40 40 39 39 40 40 39 39 39 40 40 40 40 40 40 40 40 40 40 41 41 41 41 41 41 41 41 41 41 42 42 42 42 42 42 42 43
47 48 50 52 53 55 56 58 60 62 63 64 65 66 67 67 68 68 68 68 68 67 66 65 64 63 62 61 61 60 60 59 58 58 57 56 56 55 54 54 53 52 52 51 50 50 49 49 49 49 48 47 47 46 45 44 43 41 40 39 38 38 38 38 39 39 39 39 39 40 40 40 40 40 40 40 40 40 40 41 41 41 41 41 41 41 41 42 42 42 42 42 42 42 43 43
48 50 51 52 54 55 56 58 59 61 62 63 64 65 66 67 67 68 68 67 67 67 66 66 65 64 64 63 62 62 61 60 60 59 58 57 57 56 55 54 53 53 52 51 51 50 49 49 49 49 48 48 47 46 46 44 43 41 39 37 35 36 37 37 38 39 39 39 39 39 40 40 40 40 40 40 40 40 40 40 41 41 41 41 41 41 41 42 42 42 42 42 42 43 43 43
49 51 52 53 54 55 56 57 59 60 61 62 63 64 65 66 67 67 67 67 67 67 67 67 66 66 65 65 64 63 63 62 61 60 60 59 58 57 56 55 54 53 52 51 51 50 50 49 49 48 48 48 47 46 46 45 43 41 39 35 30 33 36 37 38 38 39 39 39 39 39 39 39 40 40 40 40 40 40 40 40 41 41 41 41 41 41 42 42 42 42 42 43 43 43 43
50 51 52 53 54 55 56 57 58 60 61 62 63 64 65 65 66 66 67 67 68 68 68 68 68 68 67 67 66 65 65 64 63 62 61 60 59 58 57 56 54 53 52 52 51 50 50 49 49 48 48 48 48 47 46 46 44 42 40 37 34 35 37 38 38 39 39 39 39 39 39 39 39 39 40 40 40 40 40 40 40 41 41 41 41 41 42 42 42 42 42 43 43 43 43 43
50 51 52 53 54 55 56 57 58 60 61 61 62 63 64 65 66 66 67 68 68 69 69 69 69 69 69 69 68 67 67 66 65 64 62 61 60 59 57 56 55 54 53 52 51 50 49 49 49 49 49 48 48 48 48 47 46 45 43 41 40 39 39 39 39 39 39 39 39 39 39 39 39 39 39 39 39 40 40 40 40 40 41 41 41 41 42 42 42 42 43 43 43 43 43 44
50 51 52 53 54 55 56 57 58 59 60 61 62 63 64 65 66 67 68 68 69 70 70 71 71 71 71 71 70 70 69 68 67 65 64 63 61 60 58 57 55 54 53 51 50 50 49 49 49 49 49 49 49 50 50 50 49 48 46 44 43 42 41 41 40 40 39 39 39 39 39 39 39 39 39 39 39 39 40 40 40 40 40 41 41 41 42 42 42 42 43 43 43 43 44 44
50 51 52 53 54 55 56 57 58 58 59 60 62 63 64 65 66 67 68 69 70 71 72 73 73 73 73 73 73 72 71 70 69 67 66 64 62 61 59 58 56 54 52 51 50 49 48 48 48 48 49 50 51 51 52 53 53 52 50 47 46 44 43 42 41 41 40 40 39 39 38 39 39 39 39 39 39 39 40 40 40 40 40 41 41 41 42 42 42 42 43 43 43 44 44 44
50 51 52 53 54 55 56 56 57 58 59 60 61 62 64 65 66 67 69 70 71 73 74 75 75 76 76 76 76 75 74 73 71 69 67 65 64 62 60 58 56 54 52 50 49 48 47 47 48 48 49 50 52 53 55 58 59 57 53 50 48 46 44 43 42 41 40 39 39 38 38 38 39 39 39 39 39 39 39 40 40 40 40 41 41 41 42 42 42 43 43 43 44 44 44 45
50 51 52 52 53 54 55 56 57 58 59 60 61 62 63 65 66 68 69 71 72 74 76 77 78 79 80 80 79 78 77 75 73 71 69 67 65 62 60 58 56 53 51 49 47 46 45 46 46 47 49 50 52 54 57 63 69 64 56 52 49 47 45 44 43 41 40 39 38 38 38 38 38 38 38 39 39 39 39 39 40 40 40 41 41 41 42 42 42 43 43 43 44 44 44 45
50 51 52 52 53 54 55 56 57 58 59 60 61 62 63 65 66 68 70 71 73 76 78 80 81 83 84 84 83 82 81 79 76 74 71 68 66 63 61 58 56 53 51 48 45 43 42 44 45 47 48 50 51 53 56 61 65 61 56 52 49 47 45 44 43 42 41 40 39 38 38 38 38 38 38 38 39 39 39 39 39 40 40 40 41 41 42 42 42 43 43 44 44 44 45 45
50 51 51 52 53 54 54 55 56 57 58 59 60 61 63 65 66 68 70 72 75 77 80 83 85 87 89 89 89 87 85 82 79 76 73 70 67 64 61 59 56 53 50 46 41 36 38 42 44 46 47 48 50 52 53 55 56 55 53 50 48 46 45 44 43 41 41 40 39 38 38 38 38 38 38 38 39 39 39 39 39 40 40 40 41 41 42 42 43 43 43 44 44 45 45 46
50 51 51 52 52 53 54 55 56 57 58 59 60 61 62 64 66 68 70 72 75 78 82 86 90 93 96 97 96 94 90 86 82 78 75 71 68 65 62 59 56 53 50 47 42 38 40 42 44 45 46 47 48 49 50 51 51 51 50 48 47 45 44 43 42 41 40 39 38 38 37 37 37 37 37 38 38 38 39 39 39 39 40 40 41 42 42 42 43 43 44 44 44 45 46 46
50 50 51 51 52 53 53 54 55 56 57 58 59 60 61 63 65 67 69 72 76 79 84 89 94 100 105 107 106 101 96 90 85 81 76 72 69 65 62 59 57 54 51 48 45 43 43 43 44 45 45 46 46 47 47 48 48 48 47 46 45 44 43 42 42 41 40 39 38 37 37 37 36 37 37 37 37 38 38 39 39 39 40 40 41 41 42 42 43 43 44 44 45 45 46 47
50 50 51 51 52 52 53 54 54 55 56 57 58 59 60 62 63 66 68 71 75 80 85 91 99 108 118 124 120 111 102 94 87 82 77 73 69 66 63 60 57 54 52 50 47 46 45 44 44 44 44 45 45 45 45 45 45 45 44 44 43 43 42 41 41 40 39 39 38 37 37 36 36 35 35 36 37 37 38 38 39 39 40 40 41 41 42 42 43 43 44 44 45 45 46 47
49 50 50 51 51 52 52 53 53 54 55 55 56 57 58 60 61 64 66 69 74 78 84 92 101 113 133 157 139 118 105 95 88 82 77 73 69 66 62 60 57 54 52 50 48 47 46 45 44 44 44 44 43 43 42 42 42 42 42 42 42 41 41 40 40 40 39 38 38 37 36 35 34 34 34 35 36 37 37 38 38 39 39 40 41 42 42 42 43 43 44 44 45 45 46 47
49 49 50 50 51 51 52 52 53 53 53 54 54 55 56 57 59 61 63 67 71 76 82 89 98 110 126 140 130 114 103 94 87 81 77 72 69 65 62 59 57 55 52 50 49 47 46 45 44 44 43 43 42 41 40 39 39 39 40 40 40 40 40 40 39 39 39 38 37 37 36 35 33 31 31 33 35 36 37 38 38 39 39 40 41 42 42 43 43 44 44 44 45 46 46 47
48 49 49 50 50 51 51 51 52 52 52 52 53 53 53 54 55 57 59 62 66 71 77 84 91 99 107 112 110 103 96 90 84 79 75 71 67 64 61 59 57 55 52 51 49 48 46 45 44 43 43 42 41 39 38 35 35 37 38 39 39 39 39 39 39 39 38 38 37 36 36 35 34 32 32 34 35 36 37 38 38 39 39 40 40 41 42 43 44 44 44 44 45 46 46 47
47 48 49 50 50 50 51 51 51 51 51 51 51 50 50 50 51 52 53 56 60 66 72 78 83 89 93 96 95 92 89 84 80 76 72 69 66 63 60 58 56 54 52 50 49 48 46 45 44 43 42 41 40 39 37 35 35 36 37 38 38 38 38 38 38 38 38 38 37 36 36 36 35 34 34 34 35 36 37 38 39 39 40 40 40 41 42 42 43 44 44 44 45 45 46 47
47 48 49 49 50 50 50 50 50 50 50 49 49 48 47 46 46 46 46 47 53 60 66 71 76 80 83 85 85 83 81 78 75 72 69 67 64 61 59 57 55 53 51 50 48 47 46 45 44 43 42 41 40 39 37 36 36 36 37 37 38 38 38 38 38 38 38 38 37 37 37 37 36 35 35 35 36 37 38 39 39 40 40 40 41 41 41 42 43 44 44 44 45 45 46 46
46 48 49 49 50 50 50 50 50 50 49 48 47 45 43 41 39 40 42 43 49 56 61 65 69 72 75 76 77 76 75 73 71 69 66 64 62 59 57 55 54 52 50 49 47 46 45 44 43 42 41 40 39 38 38 37 37 37 37 37 37 38 38 38 38 38 38 38 37 38 37 37 36 37 36 36 36 37 38 39 40 40 41 41 41 41 42 42 43 43 44 44 45 45 45 46
46 48 49 50 50 51 51 51 50 49 48 47 45 44 41 37 31 35 41 44 49 53 57 61 64 66 68 69 70 70 69 68 66 65 63 61 59 57 56 54 52 51 49 48 47 45 44 43 42 41 40 40 39 38 37 37 37 36 36 35 37 37 37 37 38 38 38 38 38 38 38 38 38 37 37 37 37 37 38 39 40 40 41 41 41 41 42 42 43 43 44 44 44 45 45 46
47 49 50 51 51 52 52 51 50 49 48 46 45 43 41 38 36 38 41 44 48 51 54 57 59 61 63 64 64 64 64 63 62 61 60 58 57 55 54 52 51 49 48 47 46 45 44 43 42 41 40 39 38 38 37 36 36 36 36 36 36 36 37 37 38 38 38 38 38 38 38 38 38 38 37 37 37 38 39 40 40 40 41 42 42 42 42 43 43 44 44 44 45 45 45 46
49 50 51 52 53 54 54 52 51 49 48 46 45 43 41 40 39 40 42 44 47 49 52 54 55 57 58 59 59 60 60 59 59 58 57 56 54 53 52 50 49 48 47 46 45 44 43 42 41 40 39 39 38 37 36 36 36 35 35 35 36 36 36 38 38 38 38 39 39 39 39 38 38 38 38 37 38 39 39 40 40 41 41 42 42 42 42 43 43 44 44 45 45 45 45 46
51 52 53 53 54 56 56 53 51 49 48 46 44 43 41 40 40 41 42 44 46 48 50 51 52 53 53 54 55 55 56 56 55 55 54 53 52 51 50 49 47 46 45 45 44 43 42 41 41 40 39 38 37 36 36 35 35 35 35 35 35 36 37 38 38 38 38 39 39 38 38 38 38 38 38 38 38 39 40 40 41 42 42 43 43 43 43 43 44 44 45 45 46 46 46 46
53 54 54 55 55 55 55 53 52 50 48 46 44 42 41 40 39 40 41 43 45 47 49 49 48 48 49 50 51 51 52 52 52 52 52 51 50 49 48 47 46 45 44 44 43 42 41 41 40 39 38 37 36 35 35 34 34 34 34 35 35 36 37 38 38 38 38 38 38 38 38 39 39 39 38 38 38 39 40 41 42 42 42 43 44 44 44 44 44 44 45 46 46 46 47 48
56 56 56 56 56 55 55 53 52 50 48 46 44 42 40 38 37 38 40 41 44 46 50 48 45 43 43 45 47 48 49 50 50 50 49 49 48 47 47 46 45 44 43 43 42 41 41 40 39 38 38 37 35 34 33 32 32 32 33 34 35 36 37 38 38 38 38 38 38 38 39 39 39 39 38 39 39 39 39 40 40 41 42 43 43 43 43 44 44 44 45 45 46 47 48 49
58 58 58 58 57 56 55 54 52 50 48 46 44 41 38 34 33 35 38 40 42 44 46 44 40 34 37 42 44 46 47 48 48 48 48 47 46 46 45 44 43 43 42 42 41 40 40 39 38 38 37 36 35 33 32 30 29 30 32 33 35 36 37 37 37 38 38 38 38 39 39 39 39 40 40 41 41 41 41 41 42 41 41 41 41 42 43 44 44 44 44 45 46 46 48 50
61 61 60 60 59 58 56 55 53 51 49 46 44 41 37 32 29 33 37 39 41 42 42 41 39 37 38 41 43 44 45 46 46 46 46 46 45 44 44 43 42 41 41 41 40 40 39 38 38 37 36 35 34 33 31 27 25 29 31 33 35 35 36 37 37 37 38 39 40 40 39 39 40 41 41 41 42 41 41 42 43 41 41 41 41 41 42 42 43 43 44 44 45 47 48 49
64 64 63 62 61 60 58 56 54 52 49 47 44 42 39 36 35 36 37 39 40 40 40 40 39 39 39 40 42 43 43 44 44 44 45 44 44 43 42 41 39 39 40 40 40 39 39 38 37 37 36 35 34 33 31 29 28 30 32 34 35 35 36 36 37 38 39 39 40 40 40 39 40 40 41 41 41 41 41 42 43 42 42 42 42 42 42 42 43 43 44 44 46 48 47 47
67 67 66 65 63 62 60 57 55 53 50 48 45 43 41 39 38 37 38 38 39 39 39 39 39 40 40 40 41 42 43 43 44 44 44 43 43 42 42 40 39 38 39 40 40 40 39 38 37 36 36 35 34 33 32 31 31 32 33 34 35 35 36 36 37 38 39 39 40 40 40 40 40 40 41 41 41 42 42 43 43 44 43 43 42 42 42 42 42 43 43 44 45 46 46 46
71 71 70 68 67 64 62 59 57 54 51 49 46 44 42 40 39 38 38 38 39 39 39 39 39 39 40 40 41 42 42 43 43 43 43 43 43 42 41 41 40 40 40 40 40 39 39 38 37 36 35 35 34 33 32 32 32 32 33 34 35 35 36 36 37 38 39 40 40 40 40 41 41 41 41 41 42 42 43 43 43 43 43 43 43 43 44 43 43 42 42 43 44 45 45 45
76 76 75 73 70 67 64 61 58 55 52 49 47 44 42 41 40 39 38 38 38 38 39 39 39 39 40 40 41 41 42 42 42 42 43 43 43 42 41 41 41 41 40 40 39 39 38 38 37 37 37 37 37 37 34 33 33 33 34 35 35 35 36 37 39 39 39 40 40 40 41 41 40 41 42 41 42 42 42 43 43 44 44 44 44 44 44 43 43 43 42 43 43 44 44 44
82 82 80 77 74 70 67 63 60 56 53 50 47 44 42 41 40 39 38 38 38 38 38 38 39 39 39 40 40 41 42 42 42 42 42 42 42 42 42 41 41 41 41 41 40 39 39 38 38 38 38 37 36 35 34 34 33 34 34 35 35 36 36 37 39 39 40 40 40 41 41 41 41 41 42 42 42 43 43 43 43 44 44 44 45 45 44 44 43 42 42 42 42 43 43 44
91 91 88 83 78 73 69 65 61 57 54 50 47 43 41 41 40 38 37 37 37 37 37 38 38 39 39 40 40 41 41 41 42 42 42 43 42 42 42 42 42 41 41 41 40 40 39 39 38 38 37 36 35 34 34 34 35 35 35 36 37 37 38 38 38 40 40 40 40 41 41 41 41 41 42 42 43 44 44 44 44 44 45 45 46 46 45 45 43 43 43 43 42 43 43 44
104 107 99 89 82 76 70 66 62 58 55 51 48 45 43 41 40 38 36 36 36 36 37 37 38 38 39 40 40 41 41 41 42 42 42 43 43 42 42 42 42 42 41 41 41 41 40 39 39 38 37 37 36 36 35 36 36 35 36 37 38 38 38 39 39 40 40 40 40 41 41 42 42 42 42 43 43 43 43 43 44 45 46 46 46 46 45 44 43 43 43 42 42 43 43 44
116 126 106 92 83 77 71 66 62 59 55 52 49 46 44 41 40 37 35 33 33 34 35 36 37 38 39 40 40 41 41 41 42 42 42 42 43 43 42 42 42 42 42 42 41 41 41 40 39 39 39 38 38 38 38 37 37 36 37 37 38 38 38 39 39 40 40 40 40 41 41 42 42 42 43 43 43 43 43 44 44 46 46 46 45 45 44 43 43 43 42 42 42 44 44 44
103 105 98 89 82 76 71 66 62 59 55 53 50 47 44 42 40 36 33 28 28 32 34 36 37 38 39 40 40 41 41 41 42 42 42 43 43 43 43 43 42 42 42 42 42 42 42 41 40 40 40 39 39 39 38 38 37 37 37 38 38 39 39 40 40 41 41 40 41 41 41 42 42 42 43 43 43 43 43 43 44 45 45 44 44 44 44 44 45 44 43 42 41 42 42 42
91 91 88 83 78 73 69 65 62 58 55 53 50 47 45 42 40 37 33 27 27 32 35 36 37 38 39 40 40 41 41 41 42 42 42 42 43 43 43 43 43 43 43 43 43 42 42 41 40 40 39 39 39 38 38 38 37 38 38 38 39 39 40 40 41 41 41 41 41 42 41 42 42 43 43 43 43 43 43 43 43 44 44 43 43 44 44 44 45 45 44 43 41 40 41 41
83 82 81 78 74 71 67 64 61 58 55 52 50 47 45 43 41 38 36 34 33 34 36 38 38 39 39 40 40 41 41 42 42 42 43 43 43 43 43 43 44 44 43 43 43 42 42 41 40 40 39 39 39 39 38 38 38 38 39 39 39 40 40 41 41 42 42 41 41 42 43 42 43 43 44 44 44 43 43 43 43 44 44 43 45 45 45 45 46 45 44 42 41 40 40 40
77 76 75 73 70 68 65 62 59 57 54 52 50 48 46 43 42 40 39 38 37 37 38 39 39 40 40 40 41 41 41 42 42 43 43 43 43 43 44 44 45 46 46 46 45 44 43 42 41 40 40 40 40 40 39 39 40 40 41 40 40 40 41 41 42 42 42 42 42 42 42 43 43 44 44 44 43 43 43 43 43 43 43 44 45 47 47 47 48 48 45 42 39 39 39 40
72 72 71 69 67 65 63 60 58 56 54 52 50 48 46 44 43 41 40 40 40 39 40 40 41 41 41 41 41 42 42 42 42 43 43 43 44 44 44 45 46 47 48 49 48 47 45 43 42 41 41 40 40 40 39 40 40 41 41 40 41 41 41 42 42 42 42 43 42 42 42 43 43 44 44 44 43 43 43 43 43 43 43 44 44 45 46 47 49 49 46 41 38 38 39 40
69 68 67 66 64 62 60 58 56 54 53 51 50 48 46 45 44 43 42 42 41 41 41 41 42 42 42 42 42 42 42 42 43 43 43 43 44 44 46 47 48 49 51 51 51 49 46 44 43 42 42 42 41 40 40 40 40 40 41 41 41 42 42 42 42 42 42 43 43 42 42 42 43 44 43 43 43 43 44 44 45 45 45 45 46 47 46 47 49 50 48 44 41 40 41 40
66 65 64 63 62 60 58 57 55 53 52 50 49 47 47 46 45 44 43 43 43 43 42 42 42 43 43 43 43 43 43 43 43 43 44 44 44 44 46 47 49 52 54 52 51 50 49 46 44 43 43 42 41 41 41 41 40 40 41 41 42 42 42 42 41 41 42 42 42 42 42 43 43 43 43 43 43 44 45 45 46 46 47 47 47 48 49 50 51 50 50 47 44 43 42 41
63 62 62 60 59 58 56 55 53 52 50 49 48 47 46 46 45 44 44 45 45 44 44 44 43 44 44 43 43 44 44 44 44 44 43 44 44 45 46 47 49 50 51 50 49 48 47 46 44 44 43 41 41 41 40 40 40 41 41 42 42 42 41 41 41 41 41 41 42 42 42 43 44 43 43 44 45 45 45 46 47 47 47 48 48 48 48 48 47 47 46 45 45 44 43 42
61 60 59 58 57 56 55 53 52 51 49 48 46 46 46 45 45 45 45 46 46 46 45 45 45 45 44 44 44 44 45 44 44 44 45 45 44 44 45 46 47 48 48 48 47 46 46 46 45 44 42 40 40 39 39 39 40 41 42 41 41 42 41 43 43 42 43 43 43 43 43 43 43 43 43 45 47 48 49 49 49 47 47 48 48 48 47 47 46 45 45 45 45 44 43 42
59 58 58 57 56 55 53 52 51 49 48 46 45 44 44 45 45 46 47 47 47 47 47 47 46 46 46 45 45 44 45 44 44 44 44 44 44 44 45 45 46 46 47 47 47 46 45 45 44 43 41 40 39 38 38 39 40 41 42 41 41 41 42 43 43 43 43 43 44 44 44 44 43 43 44 45 46 48 49 51 49 47 47 48 48 48 47 46 46 46 46 45 45 43 42 42
