sesion_6_simulaciones/modelos_distribucion_especies/ejemplo/variables/futuro_A2/2060/TMNV.asc
ncols 708
nrows 329
xllcorner -7.525000
yllcorner 35.991667
cellsize 0.008333
NODATA_value -9999
[rows 41 to 81 of 329, columns 470 to 563 of 708]
-9999 -9999 197 197 197 199 200 200 198 198 198 200 -9999 -9999 -9999 -9999 -9999 -9999 -9999 -9999 199 197 198 198 196 197 200 199 203 202 203 205 205 205 205 204 204 203 204 204 206 207 207 206 205 206 206 205 206 204 204 204 205 204 204 203 203 203 204 203 203 204 203 204 203 203 203 203 203 203 203 204 204 204 204 204 204 205 205 205 204 205 206 205 205 205 205 205 205 204 204 203 202 202
198 200 200 201 202 201 202 199 201 201 201 205 201 199 198 198 200 198 199 199 201 199 200 200 201 202 205 205 205 204 205 204 203 203 203 203 204 205 206 206 206 207 205 206 207 205 207 206 205 204 204 204 206 203 202 204 203 203 203 204 204 204 204 204 205 204 204 203 204 204 204 204 204 204 204 204 204 204 204 204 204 204 203 206 205 205 205 204 204 204 204 204 204 204
200 200 202 201 201 203 200 200 200 203 205 202 202 202 201 203 204 203 202 200 202 200 200 201 201 202 202 204 206 204 203 203 201 202 202 203 203 204 205 205 207 206 207 207 207 207 206 206 205 205 206 206 203 202 202 203 202 204 204 204 204 205 205 204 205 204 204 204 204 205 205 205 205 204 204 203 203 203 203 203 203 203 204 206 205 205 204 204 204 204 205 205 205 205
201 202 203 202 202 199 200 202 205 201 202 200 201 206 204 204 203 201 201 200 203 200 202 203 203 203 205 202 205 206 203 202 202 203 204 205 205 204 203 205 207 205 204 203 205 207 208 207 208 208 204 205 204 204 203 203 203 204 205 205 205 206 205 205 205 205 205 205 205 205 205 205 205 205 204 205 205 204 203 205 203 204 205 206 204 204 204 204 205 205 205 206 205 205
201 200 202 201 199 199 203 203 200 201 200 199 203 205 203 202 201 201 202 201 204 202 205 202 203 205 206 206 206 204 203 204 204 204 205 206 203 205 205 207 206 202 204 204 204 206 205 204 205 205 204 204 203 203 203 203 204 204 205 206 206 205 205 205 205 205 205 205 206 206 205 205 205 205 204 204 205 205 204 206 207 206 207 204 204 204 204 206 205 206 206 206 206 206
201 201 201 200 202 202 198 198 199 198 201 202 205 205 203 202 203 204 204 203 204 205 203 204 205 207 204 204 205 205 205 205 204 204 206 206 204 205 208 206 205 205 204 204 203 203 204 203 202 202 202 202 203 203 202 204 205 205 206 206 206 206 206 206 206 206 206 206 206 206 206 206 204 204 204 204 204 207 207 206 208 207 206 206 206 206 206 206 206 206 206 206 205 205
203 203 203 203 203 199 198 198 198 202 202 202 202 204 201 203 204 204 203 204 205 205 205 207 206 206 205 204 206 206 206 207 207 207 207 207 207 207 205 206 205 205 205 207 204 202 204 202 204 203 203 203 203 203 205 206 206 206 206 206 206 206 206 206 206 206 206 206 206 207 206 205 205 206 207 207 207 207 208 207 207 207 207 207 207 207 206 206 205 205 204 202 202 203
203 203 203 200 199 198 198 202 202 202 201 201 204 204 202 204 205 204 202 206 206 207 206 204 204 204 205 205 206 206 206 205 207 207 207 208 208 208 206 207 208 206 207 204 203 203 203 203 203 204 204 203 204 203 206 206 206 207 207 207 206 206 206 206 206 205 205 206 207 207 207 207 206 207 208 208 208 208 207 208 207 208 208 207 207 206 206 205 204 202 200 198 199 199
202 203 200 198 199 198 202 203 202 199 201 201 202 204 204 206 206 206 206 207 204 203 204 205 204 206 206 206 207 206 206 206 205 205 205 208 208 207 206 206 206 206 204 204 204 204 203 203 202 202 202 202 204 205 206 204 206 207 207 207 206 206 206 206 204 203 201 204 207 207 208 208 209 209 209 209 209 208 208 209 208 208 207 207 206 205 205 203 201 199 197 198 199 198
198 199 200 199 202 202 204 200 200 200 201 203 202 204 206 207 206 206 206 205 205 205 206 206 206 207 207 206 206 206 206 206 207 207 208 206 209 207 207 208 207 204 204 204 204 204 203 203 204 204 204 205 206 206 206 207 207 207 207 207 207 206 203 202 201 201 202 203 205 208 208 208 209 209 209 209 209 209 209 209 209 208 207 206 205 204 203 200 198 199 198 200 198 198
201 200 200 203 204 203 202 202 201 202 203 204 205 205 206 207 206 205 206 206 206 206 206 207 207 208 207 207 207 206 207 207 206 208 208 209 209 208 207 206 206 204 205 205 204 203 204 204 205 205 206 206 206 207 207 207 207 206 206 206 206 203 201 203 205 205 205 207 208 208 208 209 209 209 210 210 210 210 210 210 209 208 207 206 205 203 202 201 201 199 198 199 200 198
201 204 204 202 203 203 203 203 203 204 203 204 206 206 207 207 206 205 206 206 206 206 206 206 207 207 206 207 207 207 207 207 207 206 207 208 208 206 204 204 204 205 204 204 203 204 206 205 205 206 206 207 207 206 207 207 207 207 207 206 205 202 202 204 207 207 207 208 208 209 210 210 211 210 209 210 210 211 211 210 209 208 207 206 204 202 200 199 198 197 195 196 199 200
204 205 202 203 202 202 203 203 204 206 206 206 206 207 206 207 206 206 205 205 206 206 206 206 208 207 207 208 207 207 207 207 206 207 208 209 205 205 204 204 205 204 204 205 205 206 207 206 206 206 207 207 207 207 207 207 207 207 207 207 205 202 203 204 207 208 208 209 209 209 210 210 211 210 211 211 211 211 211 211 210 209 208 205 203 200 197 195 195 194 195 196 198 200
202 202 202 203 203 204 204 205 205 206 206 207 207 207 206 206 205 205 205 205 206 206 207 207 208 208 207 208 207 208 207 207 207 206 209 207 207 206 205 205 204 205 206 205 206 207 207 207 206 207 207 207 207 207 207 207 207 207 207 207 206 205 206 207 208 208 209 209 210 210 211 211 211 211 212 212 212 213 212 212 212 210 207 205 204 201 197 195 193 196 196 199 200 203
202 203 203 204 204 204 206 206 206 207 207 207 207 206 206 206 205 205 206 206 206 207 207 207 209 208 209 207 208 207 209 207 207 205 206 206 205 204 204 205 204 206 207 207 208 207 207 206 207 207 207 207 207 207 207 207 207 207 207 207 207 207 206 209 209 210 210 211 211 211 211 212 212 212 212 213 213 213 212 213 213 213 212 211 209 206 204 201 201 201 203 202 203 204
203 203 205 205 205 205 206 206 206 207 207 206 205 206 206 206 206 206 206 206 207 208 208 208 209 209 208 207 207 208 209 208 206 208 206 205 205 205 204 207 205 207 207 206 207 207 206 206 206 207 207 207 207 207 207 207 207 207 207 206 205 205 205 209 210 210 211 211 211 210 212 213 213 213 213 214 214 214 214 214 214 215 215 216 215 214 214 212 208 209 207 206 207 205
205 204 205 205 205 205 206 206 207 206 205 205 206 206 206 206 207 207 207 207 208 208 208 208 209 208 208 210 209 210 207 206 208 207 207 206 205 207 206 208 209 208 207 207 207 207 206 206 206 206 207 206 205 204 205 205 205 206 206 206 205 206 206 206 206 207 210 210 208 207 212 213 213 214 214 214 213 214 213 211 213 216 215 217 219 221 221 218 216 215 212 210 210 208
205 206 206 205 206 206 206 207 207 207 206 206 206 206 207 207 207 208 208 208 208 208 209 208 209 208 208 209 207 207 206 207 207 207 208 207 206 208 208 205 207 207 207 207 207 207 206 205 204 205 206 204 205 205 205 206 206 206 206 206 207 206 208 207 207 208 209 208 208 208 211 213 214 214 214 213 214 212 211 211 213 213 214 217 216 217 220 220 217 213 213 210 210 206
206 206 206 205 206 206 207 206 206 206 206 206 207 207 207 207 207 208 208 209 209 209 209 209 210 208 209 206 206 205 205 205 205 206 208 207 205 206 206 205 206 206 207 207 207 207 204 202 204 205 205 205 205 205 206 206 207 206 206 206 207 208 207 207 208 208 210 210 209 209 211 214 214 213 213 213 213 213 212 211 211 212 212 214 214 216 217 216 217 214 209 211 211 210
206 206 206 205 205 208 207 206 206 206 206 207 207 207 207 208 209 209 209 209 209 209 209 208 208 206 206 206 205 205 205 205 206 206 205 208 207 206 205 206 206 207 207 207 207 207 206 203 203 204 205 206 205 206 206 206 206 207 207 207 207 209 208 208 209 209 209 211 210 211 213 214 213 213 211 211 211 212 212 211 211 209 208 211 212 213 214 212 214 213 210 208 208 208
207 206 206 206 206 207 207 206 204 206 207 207 207 206 205 207 208 209 209 209 209 209 209 208 206 206 206 205 206 205 205 206 206 205 205 207 205 205 206 206 207 207 207 207 206 204 204 204 205 205 206 207 206 206 206 206 206 207 208 208 208 209 209 209 209 209 209 211 211 213 214 213 213 211 213 212 212 212 210 209 209 209 207 210 209 210 208 210 211 208 207 204 202 202
206 206 206 207 207 204 205 206 206 206 207 207 207 205 204 205 208 209 209 209 209 209 206 206 206 206 206 206 205 207 207 206 206 205 204 205 206 206 206 206 206 206 205 204 204 205 204 205 206 206 206 207 207 207 207 207 207 207 208 209 209 210 209 210 210 211 210 210 213 214 213 213 212 213 213 213 212 212 211 208 207 207 208 208 209 210 208 209 208 210 209 206 203 202
206 206 207 207 207 207 206 206 206 206 206 205 208 207 207 207 209 209 209 209 209 207 207 207 206 206 206 207 207 207 207 206 205 206 205 206 207 206 204 205 203 205 204 204 204 205 206 207 207 207 207 207 208 208 207 207 208 208 209 209 209 210 209 211 212 212 213 213 213 213 212 211 212 211 212 212 213 211 210 210 210 208 209 211 209 211 209 210 212 211 205 204 206 202
206 206 206 206 207 207 205 206 206 207 207 207 208 209 209 209 209 209 209 207 207 207 207 206 206 206 208 207 208 207 206 206 206 206 207 206 203 204 204 204 203 206 204 205 206 207 207 207 207 207 208 208 208 207 208 208 209 208 208 210 211 212 211 212 213 213 213 211 212 211 213 211 211 211 211 210 210 208 206 208 209 209 211 213 211 213 211 210 212 212 208 207 207 203
207 206 205 207 207 205 205 206 207 208 206 207 209 209 209 209 209 209 207 207 207 207 206 206 208 207 207 208 208 207 207 207 207 206 206 205 204 204 206 205 204 206 206 206 207 207 207 208 208 208 209 208 208 208 208 209 209 208 209 209 208 210 212 213 210 209 209 209 209 210 211 210 211 210 210 210 207 206 207 211 211 211 213 214 214 215 215 215 215 210 214 210 207 209
206 206 206 206 208 207 207 208 208 208 208 208 209 209 209 209 207 207 207 207 207 206 207 206 206 206 206 206 207 208 207 207 207 205 206 205 205 204 206 206 206 206 206 207 207 208 207 208 208 209 208 207 208 208 209 210 210 210 210 210 212 212 212 211 209 210 208 208 208 209 209 211 210 210 209 208 207 207 209 212 213 213 214 215 213 213 210 211 209 206 211 211 213 213
206 206 206 206 207 207 208 208 208 208 206 208 208 208 206 206 207 207 206 207 206 208 206 203 204 204 204 205 206 206 205 205 206 206 206 206 205 205 205 208 207 207 207 208 207 208 208 209 209 208 208 209 209 209 209 210 211 212 212 212 210 211 209 208 209 208 208 207 207 208 208 210 209 209 208 208 208 207 212 214 212 212 211 209 211 210 208 207 208 205 206 207 210 206
206 206 207 207 208 208 208 209 208 209 209 209 208 206 206 207 206 207 207 208 208 207 204 203 204 206 206 207 205 205 206 206 207 206 207 207 206 207 207 207 209 208 208 209 208 209 209 209 209 209 209 210 210 211 211 211 210 210 211 210 208 208 208 208 207 208 208 206 205 205 207 209 208 208 208 206 209 211 213 213 210 211 207 208 209 207 206 203 200 199 202 205 205 205
206 206 207 208 208 208 209 209 209 209 209 206 206 206 207 206 206 208 208 207 208 208 206 207 208 208 208 206 205 206 207 206 207 207 208 207 207 208 209 209 209 209 209 209 209 209 209 210 210 209 210 211 211 211 210 210 210 209 209 210 209 209 208 207 207 207 206 206 204 204 206 208 207 206 209 208 208 212 212 211 208 210 208 205 200 204 204 204 199 197 200 199 204 200
206 206 207 208 209 209 209 209 209 209 207 207 206 207 207 206 208 206 206 206 208 209 209 209 209 208 208 206 206 207 208 207 208 208 208 208 209 209 210 210 210 210 209 210 209 209 211 211 211 210 210 210 210 210 210 210 210 210 209 209 209 209 209 209 208 207 207 207 205 206 207 208 207 207 208 210 211 213 209 208 207 206 207 204 199 200 204 201 200 198 197 196 202 199
207 207 206 207 209 209 209 209 207 207 207 207 207 207 209 209 209 208 209 209 209 209 210 210 210 209 209 206 206 207 209 207 208 208 209 210 211 211 210 210 210 210 210 210 209 209 210 210 210 211 211 211 210 210 210 210 209 210 209 208 209 208 208 208 208 207 207 207 207 207 208 207 208 207 209 209 213 209 210 209 209 208 207 205 202 200 204 202 200 196 194 197 200 196
206 207 208 208 207 207 209 206 206 207 207 206 209 209 209 209 209 209 209 210 210 210 210 210 209 210 210 210 210 210 210 208 209 210 210 211 210 211 211 211 210 210 210 210 210 209 209 210 211 210 210 210 210 210 210 210 210 209 209 208 207 208 207 206 207 206 205 207 208 208 209 206 207 209 208 210 212 210 205 203 203 203 200 203 197 201 201 201 200 195 193 197 194 192
206 207 207 206 207 205 206 206 206 206 207 209 209 208 207 208 210 209 210 210 210 210 210 210 210 210 210 211 210 211 211 210 209 210 208 209 209 210 210 210 211 210 209 209 209 209 209 210 210 210 210 210 210 209 209 209 208 209 208 208 207 206 206 205 205 206 206 207 209 210 208 206 210 211 211 212 211 208 205 200 198 197 197 199 195 198 199 197 196 195 195 195 193 194
207 206 206 207 205 206 206 205 206 208 209 209 209 207 208 209 210 210 210 210 210 209 209 210 210 210 210 210 211 210 209 209 209 209 209 209 209 210 210 209 210 210 209 209 209 209 208 209 209 209 209 209 209 209 208 209 209 207 207 208 206 205 204 205 207 208 208 207 209 211 209 208 209 212 209 210 210 207 203 199 197 198 201 202 199 201 201 197 198 197 196 192 190 194
206 206 204 204 205 206 206 209 209 208 208 209 208 209 209 210 210 210 209 209 210 208 206 205 205 207 207 207 208 208 208 209 209 209 209 209 208 209 209 209 208 209 209 209 208 209 208 208 208 208 209 208 208 209 208 207 208 207 206 206 205 205 205 205 207 209 209 209 209 210 210 210 212 208 207 208 206 204 201 200 198 200 204 205 204 202 202 201 200 198 195 190 190 196
206 204 205 205 206 206 209 209 209 209 210 210 208 210 210 210 210 209 207 206 209 209 207 206 207 206 206 206 207 208 208 208 208 207 208 208 208 207 209 209 207 207 207 207 208 208 208 208 208 207 207 207 208 207 207 206 207 208 207 205 206 205 207 207 206 208 209 210 209 211 212 211 209 207 208 210 206 207 206 206 205 206 207 201 198 200 197 198 194 197 191 191 196 199
203 205 205 206 209 209 209 210 210 210 209 209 210 210 209 209 209 208 207 206 209 206 207 208 208 207 207 206 206 207 206 207 206 205 205 206 206 207 208 208 207 205 203 206 206 206 206 207 207 207 207 206 206 206 207 206 207 208 207 206 207 205 207 208 208 208 208 210 210 211 211 209 208 209 210 210 211 210 208 203 204 201 202 202 197 197 193 194 191 190 191 195 197 200
204 205 208 209 208 208 209 209 209 209 209 209 209 208 208 208 208 207 207 207 207 207 207 207 207 207 207 206 207 206 204 204 203 203 203 204 205 206 207 208 207 206 206 205 203 203 205 205 206 206 206 207 206 207 208 207 208 208 209 207 208 207 208 208 209 209 210 209 211 212 210 209 210 211 210 208 207 208 205 197 198 196 196 197 196 196 194 192 189 192 195 197 197 204
205 208 209 209 209 209 209 209 208 208 208 208 209 208 207 207 207 207 207 207 208 208 206 205 205 205 204 204 204 206 204 203 203 203 202 202 202 205 207 206 206 206 206 205 204 203 204 206 205 207 207 207 206 207 209 208 208 209 209 208 209 208 209 209 210 209 210 210 211 211 209 211 210 210 207 206 205 198 199 197 196 197 195 195 191 194 194 192 193 195 198 199 201 204
208 208 209 210 209 209 208 208 208 208 208 208 209 208 206 205 204 205 204 204 206 207 206 205 204 203 203 203 202 204 203 203 203 202 202 202 203 203 205 205 202 204 205 204 204 204 205 206 206 207 208 207 207 208 209 208 208 209 208 209 209 209 210 210 210 210 212 212 211 210 210 208 210 209 209 206 202 196 197 199 198 195 197 193 192 191 194 197 196 201 199 201 203 208
208 209 210 209 208 208 207 207 207 207 207 206 207 208 206 204 205 204 204 204 204 204 206 205 206 203 202 202 202 202 203 202 202 202 202 203 203 202 204 204 203 202 202 203 205 205 206 207 206 207 208 209 208 208 208 209 209 209 209 210 210 210 210 210 211 211 211 211 210 208 207 207 206 203 207 209 208 206 199 200 199 199 194 194 193 195 201 202 201 200 204 206 208 205
