sesion_6_simulaciones/modelos_distribucion_especies/ejemplo/variables/futuro_A2/2060/TMNV.asc
ncols 708
nrows 329
xllcorner -7.525000
yllcorner 35.991667
cellsize 0.008333
NODATA_value -9999
[rows 164 to 204 of 329, columns 564 to 657 of 708]
181 185 186 187 189 191 192 193 195 196 196 197 197 197 199 198 197 198 198 198 197 198 197 199 199 200 200 201 202 202 203 202 202 202 202 203 203 204 204 204 203 204 205 205 205 205 205 206 206 207 207 207 207 207 208 208 209 209 209 209 209 210 210 210 210 211 211 211 211 212 212 212 212 213 213 213 211 213 213 213 212 214 214 214 214 215 215 215 215 215 216 216 217 216
182 183 188 189 189 191 194 196 194 194 195 196 197 197 198 197 197 197 198 197 197 197 198 198 199 199 200 200 201 202 202 203 203 202 203 204 204 204 204 204 204 205 205 206 206 206 206 206 206 207 207 207 207 208 208 208 208 209 209 210 210 210 210 210 211 211 211 212 212 212 212 212 212 212 213 213 213 212 213 213 214 213 214 215 215 215 215 215 216 216 216 216 217 217
188 190 192 192 193 193 194 194 192 194 196 194 197 195 197 196 195 196 197 197 197 197 197 198 198 199 199 200 200 202 201 201 202 203 203 204 203 204 204 205 204 205 205 205 204 206 206 205 206 206 206 207 207 207 207 208 209 208 207 207 208 208 210 210 209 209 209 210 211 210 211 211 210 211 212 212 213 214 214 214 214 215 215 215 215 215 216 216 216 216 216 215 216 217
187 185 188 189 191 193 193 191 193 193 195 195 195 194 195 196 195 196 197 196 196 196 198 197 198 199 200 201 199 198 199 200 203 202 202 200 202 201 202 203 204 203 204 204 203 203 203 204 205 204 206 207 206 206 207 207 207 207 207 208 208 209 209 208 209 208 210 209 210 208 209 209 211 211 213 212 212 210 212 213 213 213 214 214 214 215 215 216 215 216 216 215 216 217
183 185 189 190 193 189 190 190 192 194 192 193 194 195 194 195 195 195 195 195 194 195 195 195 197 198 200 199 198 197 199 202 201 200 200 198 198 201 199 199 200 200 199 200 202 203 204 203 204 204 204 205 204 205 204 205 207 205 206 206 208 208 208 207 207 207 207 208 208 208 209 210 208 210 211 211 210 209 210 211 211 214 214 213 213 214 214 214 215 215 216 214 216 216
184 188 191 191 190 187 186 190 190 193 190 192 193 194 193 194 193 194 196 195 194 194 193 193 193 199 197 196 196 198 201 200 198 196 199 198 196 198 197 198 195 197 198 198 197 201 202 200 201 199 203 204 199 200 200 204 204 203 203 205 207 205 207 205 205 206 206 205 207 206 207 207 206 208 209 209 210 209 211 212 213 214 212 211 212 214 213 214 214 214 215 215 215 214
187 189 191 189 186 185 185 188 190 191 190 190 194 192 192 193 191 191 195 195 194 193 193 194 196 196 196 194 196 198 199 198 195 197 197 195 192 193 193 194 195 194 195 195 197 199 200 198 196 196 198 203 200 198 197 202 201 200 203 201 207 203 207 204 202 205 202 205 205 205 206 207 207 207 207 209 210 212 212 212 213 213 213 212 212 212 212 213 215 215 214 214 214 214
189 189 189 186 185 184 185 188 191 189 190 191 193 190 191 191 192 193 192 193 193 192 193 194 197 194 194 195 196 199 197 194 193 196 195 194 192 192 191 190 193 194 193 194 197 200 197 197 193 193 197 201 200 196 198 197 196 199 201 203 204 206 203 205 202 204 202 204 202 204 207 208 209 210 210 211 212 213 212 213 212 211 211 210 210 212 212 214 213 213 211 214 214 214
186 186 186 185 183 185 187 189 190 188 190 192 191 190 190 191 191 193 190 190 190 190 192 193 195 192 193 194 196 198 196 192 193 194 194 193 191 193 191 188 191 193 192 193 196 198 197 194 192 193 196 200 198 196 192 192 195 197 201 204 202 204 203 204 201 204 202 203 206 205 206 207 209 209 211 211 212 211 211 211 210 211 210 211 211 212 213 213 213 211 209 211 212 214
186 187 185 184 184 185 187 190 187 188 189 189 192 190 190 190 190 192 190 190 191 193 193 193 191 190 190 191 197 195 197 195 193 192 191 191 189 192 188 187 185 190 189 194 196 198 195 193 192 190 195 198 197 193 194 192 195 199 200 198 201 200 205 203 201 204 200 201 205 205 208 209 207 210 210 212 212 212 210 209 210 209 210 211 212 211 211 212 212 211 212 211 211 212
184 186 186 185 184 183 187 187 185 186 189 189 191 187 188 189 189 191 189 188 190 190 191 192 188 188 189 193 193 193 196 194 193 190 188 189 189 189 188 186 185 185 187 194 198 196 190 190 190 189 192 196 198 194 192 192 196 199 199 198 202 202 200 201 202 202 203 204 206 204 204 205 208 206 208 211 211 211 210 208 209 209 211 211 209 210 211 211 212 212 212 213 213 213
184 184 183 184 182 182 186 187 184 185 187 189 189 186 184 188 189 190 189 187 187 189 191 187 187 189 189 193 190 193 192 190 191 189 185 187 188 186 189 188 188 187 189 193 197 195 192 188 188 187 190 194 198 194 191 191 194 195 198 199 198 202 200 199 201 201 204 205 203 202 204 206 205 208 210 208 210 209 210 208 208 206 209 210 209 209 210 211 212 213 212 214 213 212
188 186 184 183 182 182 183 186 186 183 185 187 189 186 183 186 189 189 187 185 188 190 188 185 186 188 192 188 189 194 193 187 189 188 183 186 185 186 185 186 190 193 195 195 198 194 190 189 184 187 190 192 195 195 192 193 195 196 197 198 198 201 199 196 199 200 202 204 204 204 204 204 204 209 207 207 209 206 207 208 206 206 208 207 209 210 210 211 211 211 210 212 214 214
185 186 184 183 182 182 181 185 184 183 183 185 187 185 183 185 184 188 186 186 188 188 185 184 187 189 188 187 190 193 193 190 190 190 188 187 183 184 187 188 190 192 196 195 194 194 191 190 185 183 187 190 195 193 191 191 194 196 197 199 198 200 198 199 196 199 202 201 199 202 205 207 207 208 204 208 206 203 203 206 207 208 206 206 209 209 209 209 210 211 211 212 214 215
188 186 184 183 183 182 182 185 184 183 184 185 184 185 183 184 183 186 184 184 186 185 184 185 188 186 184 185 188 188 189 191 191 187 188 187 185 185 186 188 188 192 194 191 190 191 190 187 186 186 188 192 191 191 189 191 194 194 196 197 198 199 197 199 201 201 203 199 199 203 202 206 205 208 206 204 208 204 204 207 207 205 204 207 208 208 209 208 209 210 210 210 211 214
190 188 188 187 186 184 184 184 185 184 183 184 184 184 184 184 184 184 184 184 184 184 185 187 187 185 185 188 187 188 185 186 188 185 185 185 185 186 187 188 189 191 191 189 187 187 188 189 186 188 190 192 190 188 188 190 191 192 196 195 198 198 197 199 200 201 202 201 201 200 202 202 205 206 203 204 205 204 205 207 206 204 205 206 207 207 208 210 210 211 213 213 212 215
192 193 190 188 186 186 185 183 184 184 185 184 184 184 185 184 184 184 184 184 184 184 185 187 185 183 186 186 187 186 182 183 183 182 183 183 183 184 185 187 189 189 188 189 188 188 186 186 185 188 189 190 190 189 187 189 190 192 194 193 197 196 198 200 201 201 201 200 202 204 203 204 205 202 203 204 203 203 204 206 204 204 206 207 205 206 209 210 209 211 212 213 214 215
194 193 191 190 190 189 189 186 184 187 188 185 187 185 184 183 183 183 182 184 184 185 186 186 185 184 184 185 185 184 182 181 180 180 181 181 184 185 188 189 186 187 184 186 186 185 186 185 187 188 186 188 187 187 188 191 190 192 192 195 197 195 198 198 201 200 201 202 203 204 204 204 203 202 200 202 203 204 205 202 203 204 204 206 205 207 208 208 210 211 212 213 214 215
194 193 192 193 193 193 190 190 188 188 193 190 191 191 187 185 185 183 184 183 183 184 184 184 183 184 185 185 183 185 185 185 184 184 184 183 184 184 184 185 184 183 186 189 189 190 192 194 193 194 195 192 195 195 192 195 196 197 195 196 195 198 196 197 197 197 199 202 200 202 203 203 203 199 198 200 202 203 204 205 203 204 203 204 206 208 208 209 210 212 212 213 214 213
196 194 195 195 195 195 192 193 192 191 191 194 194 192 189 189 188 187 190 186 186 184 186 186 184 186 185 186 187 189 189 191 189 188 191 188 189 189 189 186 190 191 191 192 196 194 196 198 198 196 200 197 199 197 199 198 199 201 201 200 199 201 201 198 201 202 200 198 200 201 202 203 203 205 204 203 206 207 204 208 207 208 208 205 208 210 209 208 210 211 213 213 213 212
199 198 198 198 197 198 196 196 195 195 193 195 196 193 194 195 190 191 190 187 186 189 192 192 190 192 187 189 191 193 194 196 194 192 194 190 193 195 193 192 193 195 196 193 197 198 199 197 200 203 202 201 200 200 202 202 202 201 204 203 202 203 202 199 202 203 204 204 203 205 206 207 207 208 207 208 209 209 208 208 209 209 208 209 210 210 210 210 208 210 210 210 210 212
201 200 200 199 200 200 199 198 199 198 197 200 197 195 196 197 193 195 193 191 192 190 193 195 195 194 190 191 191 192 194 195 197 197 196 194 196 197 198 198 196 197 198 196 197 200 202 200 204 204 205 202 201 203 204 204 204 204 205 205 203 205 203 200 202 202 205 206 204 207 206 207 208 209 209 210 210 210 210 210 210 210 209 209 211 211 211 210 208 210 211 211 213 213
202 202 201 201 201 201 201 200 200 200 202 200 199 197 199 200 198 198 200 195 196 194 196 199 197 195 194 196 192 192 192 194 198 199 196 197 195 197 199 201 199 200 200 197 201 202 204 201 202 206 204 203 201 203 204 205 204 202 205 206 205 206 205 202 204 202 205 206 207 208 208 209 208 209 210 210 211 211 211 211 211 211 210 210 211 212 211 211 209 211 212 212 214 213
203 203 202 202 202 202 203 202 202 202 202 203 201 200 201 201 199 202 201 196 200 198 197 201 198 198 197 198 198 194 196 197 199 201 200 200 198 197 198 200 202 201 201 198 200 202 205 203 204 206 204 201 202 203 204 204 203 205 206 207 207 205 206 205 205 204 206 206 206 208 209 209 209 210 209 210 211 211 211 211 212 211 211 211 212 212 212 211 211 212 213 213 214 214
203 203 203 203 203 203 203 204 203 203 203 204 203 202 203 204 202 203 203 200 200 200 198 200 201 198 199 202 201 198 198 198 198 200 202 201 198 198 198 201 203 203 200 198 200 201 205 205 206 206 201 202 201 204 205 205 202 203 205 207 206 206 206 205 205 204 205 207 206 207 207 209 209 210 210 210 211 211 212 212 212 212 212 211 212 212 213 212 213 214 213 213 215 214
202 203 204 204 204 204 204 205 205 203 204 205 204 204 205 205 204 204 204 203 202 203 202 201 203 201 200 201 203 200 202 200 200 202 202 202 200 199 199 200 200 204 203 199 200 202 204 206 207 206 205 204 202 204 203 206 205 204 207 208 208 206 204 206 206 204 205 205 207 208 207 209 209 210 210 210 211 211 212 212 212 212 212 213 213 212 212 212 212 215 213 215 216 216
202 203 203 204 204 204 204 205 205 205 204 205 206 206 205 206 204 205 205 205 203 204 203 202 204 201 203 203 204 203 204 201 201 203 205 203 199 200 202 201 201 204 204 201 203 204 206 207 208 205 206 207 204 204 207 207 206 208 209 208 205 204 206 205 206 206 206 207 207 208 209 209 209 210 210 210 211 211 212 212 213 213 212 213 213 213 214 214 215 215 215 216 216 217
201 201 202 202 203 204 203 203 204 206 206 206 206 207 207 207 206 206 206 206 205 206 205 205 205 205 205 204 204 204 205 202 201 203 205 200 201 202 203 203 202 204 205 204 204 203 205 208 208 207 207 208 207 206 207 207 206 209 209 204 204 205 206 206 208 207 208 208 208 209 209 209 210 210 210 211 211 211 212 212 212 213 213 213 213 213 214 214 215 215 216 216 216 216
197 198 200 202 201 200 200 201 203 203 205 206 206 206 207 207 205 206 207 207 205 207 206 206 206 206 206 206 205 205 205 204 204 203 206 201 203 203 204 204 205 206 207 205 204 203 204 208 209 208 207 209 207 206 209 207 209 209 209 205 206 206 208 209 208 208 209 209 209 209 210 210 210 210 210 211 211 212 212 212 212 213 214 214 214 214 214 215 215 215 215 215 215 216
198 200 201 200 197 196 196 197 200 199 202 204 201 203 204 206 208 207 206 208 206 207 206 206 207 206 207 206 206 206 207 207 206 206 207 205 206 205 205 204 204 207 208 205 205 204 205 207 209 210 208 210 209 208 208 210 210 210 210 207 207 209 210 210 210 209 210 210 209 209 210 210 210 210 210 211 211 212 212 213 212 213 214 214 215 215 215 215 216 215 215 216 216 216
199 198 196 195 196 196 196 196 195 197 200 203 200 199 202 204 204 208 208 208 207 208 209 208 207 207 206 207 207 207 207 207 207 208 208 207 206 206 206 206 205 206 208 206 206 206 206 207 208 210 210 210 210 210 210 210 211 211 211 210 210 210 210 210 211 210 210 210 210 210 210 210 210 211 211 211 212 212 212 212 213 213 214 214 215 215 215 215 217 216 216 216 216 216
196 194 194 192 191 194 195 196 197 198 199 202 202 199 199 202 204 206 205 206 209 209 208 205 207 207 207 208 207 207 207 207 207 208 208 207 206 205 207 207 206 206 209 207 207 206 207 209 210 210 211 211 211 211 211 211 211 211 211 211 211 210 210 211 211 211 210 210 210 210 210 211 211 211 211 211 212 212 213 213 214 214 214 215 216 215 216 217 217 217 217 216 217 217
192 191 189 187 187 191 192 195 197 200 201 202 202 200 199 200 202 202 203 204 206 208 208 204 206 207 207 208 208 208 207 208 207 209 208 207 207 207 208 208 207 208 210 208 208 208 209 209 211 211 211 211 211 212 212 212 212 212 212 212 212 212 212 212 212 211 211 211 211 211 210 211 211 211 212 212 212 212 212 213 214 214 214 215 215 216 217 217 216 217 216 218 218 219
185 183 185 186 187 189 190 193 195 197 197 199 199 198 197 196 198 198 200 203 205 207 210 206 206 207 206 207 208 208 209 209 209 210 208 208 208 209 209 209 209 211 210 209 209 209 210 211 211 212 212 212 212 213 213 212 212 212 212 212 212 212 212 212 212 211 211 211 211 211 211 211 211 211 212 212 212 213 213 213 213 214 214 213 214 214 215 215 215 217 218 219 218 217
179 180 181 182 185 187 190 192 195 198 198 198 195 193 194 195 196 196 200 204 207 209 211 208 207 207 207 207 207 208 208 210 210 211 210 210 210 210 210 210 210 212 211 209 209 210 211 211 212 213 213 213 213 213 213 213 213 213 213 213 212 212 212 212 212 211 211 211 211 211 211 211 211 211 212 212 212 212 212 212 213 213 213 214 214 214 214 215 216 216 215 216 217 216
182 186 187 186 187 187 188 189 193 197 199 200 198 194 190 192 195 198 202 205 208 211 209 209 207 207 207 208 208 208 207 209 211 212 212 211 211 211 211 211 211 213 210 210 210 211 212 213 213 213 214 213 213 213 213 213 213 213 213 213 213 212 212 212 212 211 211 210 211 211 211 211 211 211 211 211 211 212 212 212 212 212 212 213 214 214 214 214 215 214 215 217 217 218
185 189 190 192 191 192 193 194 193 197 200 201 197 195 193 194 195 198 200 204 205 206 211 209 205 206 208 209 210 210 209 210 210 212 212 212 211 211 212 213 212 213 212 211 211 211 213 213 214 214 214 214 214 214 214 214 213 213 213 213 212 212 212 211 210 211 211 211 211 211 211 211 210 210 211 211 210 211 211 211 212 212 212 212 212 213 213 213 211 215 216 217 218 218
186 186 188 191 194 196 198 198 196 194 198 202 201 198 196 197 198 200 204 204 203 206 209 213 208 208 207 210 211 211 210 210 211 212 213 213 212 212 211 212 213 213 215 213 212 213 213 214 214 215 215 215 214 214 213 213 213 212 212 211 211 210 212 212 212 212 211 211 211 211 211 211 211 212 212 212 212 213 213 213 212 212 213 212 210 214 215 216 216 216 217 218 218 219
187 189 189 191 192 193 195 198 201 199 198 203 202 199 199 201 202 201 203 207 206 205 209 213 209 209 211 211 212 211 208 209 211 213 214 214 213 212 211 213 213 214 213 215 215 215 215 215 216 216 215 215 213 214 214 213 212 211 211 211 211 212 212 212 212 211 211 211 211 210 210 210 210 211 212 212 213 213 214 214 214 214 214 213 212 210 211 212 216 217 217 218 217 218
190 189 190 190 191 193 196 199 202 203 200 202 206 203 204 204 205 204 206 207 209 210 212 214 211 212 212 213 212 210 210 210 209 213 214 213 213 212 212 213 213 214 215 215 216 216 216 217 216 215 214 215 214 215 214 214 213 213 212 212 211 211 211 211 211 211 210 210 210 209 209 210 210 209 209 211 211 213 214 215 215 214 212 214 213 213 214 215 214 214 216 216 217 218
192 195 193 193 194 196 199 201 203 208 204 204 206 208 208 208 208 208 209 209 210 210 210 211 213 215 215 214 213 213 210 212 212 213 215 214 213 211 212 215 215 216 216 216 216 217 217 217 216 216 215 215 214 214 214 213 212 211 211 211 209 210 210 210 208 207 206 206 205 206 206 207 207 206 206 206 209 212 213 214 214 215 215 216 217 215 216 217 218 217 218 218 219 219
