sesion_6_simulaciones/modelos_distribucion_especies/ejemplo/variables/futuro_A2/2060/TMXI.asc
ncols 708
nrows 329
xllcorner -7.525000
yllcorner 35.991667
cellsize 0.008333
NODATA_value -9999
[rows 168 to 209 of 329, columns 282 to 375 of 708]
157 157 157 157 157 157 157 157 157 157 157 156 156 158 156 154 155 154 153 151 154 153 155 155 155 154 153 153 153 151 150 150 148 148 144 146 150 147 149 149 149 148 149 151 151 152 151 151 154 154 150 149 150 154 150 151 155 147 157 153 161 160 155 153 150 150 145 147 145 143 146 148 147 150 144 145 140 155 149 144 149 150 148 147 146 144 141 147 148 139 146 139 142 138
157 157 157 157 157 157 157 157 157 157 156 156 157 154 155 155 154 153 153 152 152 157 154 154 152 151 153 151 152 148 145 149 149 148 142 146 146 147 147 147 148 148 150 150 151 151 151 151 153 153 153 152 151 150 150 149 150 158 151 156 155 150 150 150 151 149 148 148 147 147 144 146 147 146 143 146 152 149 150 149 149 146 148 146 148 146 145 146 147 146 149 147 144 145
157 157 157 157 157 157 157 157 156 156 156 156 156 155 155 154 152 150 150 152 154 156 156 152 153 151 149 151 150 149 149 148 143 147 145 143 144 144 144 145 147 149 149 150 151 151 150 151 153 153 152 151 148 149 150 143 148 150 146 157 157 153 156 153 144 145 139 144 145 146 147 146 146 143 142 138 140 150 151 150 143 145 142 141 148 144 139 146 146 141 140 142 140 142
156 156 157 157 156 157 156 155 156 156 155 155 155 154 154 153 152 152 149 151 154 155 154 155 153 151 151 149 148 147 144 145 144 144 143 143 143 144 145 143 146 148 149 150 150 150 150 150 149 151 152 150 150 149 149 148 147 152 153 153 154 156 160 151 146 149 148 145 145 147 145 144 144 146 145 147 149 145 142 139 152 147 142 146 146 140 141 144 141 140 140 139 142 136
156 156 156 157 157 156 155 156 156 155 155 155 153 152 152 154 152 149 151 153 154 155 154 154 152 149 147 147 146 147 146 140 142 141 141 138 142 143 142 142 145 148 148 149 149 149 149 149 151 154 150 153 148 150 146 145 146 147 150 154 144 156 150 149 143 143 144 146 147 146 146 143 142 145 150 147 146 144 149 146 150 150 151 149 149 144 147 143 143 149 144 144 146 136
156 156 156 157 156 157 155 155 155 155 152 154 153 152 153 152 150 151 154 154 155 153 154 153 152 149 151 145 145 144 144 140 134 131 130 140 140 140 139 142 138 143 147 148 148 148 148 148 147 152 152 150 150 148 145 146 147 151 143 143 163 157 143 149 149 147 148 146 146 148 152 152 143 147 146 147 144 141 146 147 147 141 141 145 145 149 146 148 150 152 151 151 151 145
156 156 156 156 156 156 155 155 154 154 154 151 154 153 151 151 148 152 154 154 155 154 155 153 148 152 145 144 146 145 138 137 138 133 127 126 124 134 139 139 146 136 146 146 146 147 148 148 150 150 146 147 148 149 151 149 146 152 139 145 146 149 162 150 156 149 147 147 149 155 147 158 140 153 141 141 144 145 146 147 143 142 148 147 150 143 140 152 150 151 150 150 150 152
155 155 156 155 156 155 155 154 153 153 152 153 153 152 152 150 146 151 153 153 155 153 152 152 148 149 146 145 145 142 140 137 135 135 129 130 126 130 138 143 142 143 146 145 135 147 148 150 149 147 148 147 148 147 148 148 147 146 147 149 147 150 163 159 149 148 151 141 151 139 152 152 144 147 141 144 146 147 146 142 142 142 145 146 145 150 152 150 147 145 142 148 142 141
155 155 155 155 155 155 154 153 153 153 153 152 153 153 151 151 150 152 152 153 155 153 151 151 151 150 148 145 146 143 130 133 138 139 141 129 125 129 136 141 142 143 143 140 129 147 148 149 150 150 146 145 146 147 146 147 147 147 148 148 149 151 152 155 153 154 148 145 151 147 149 154 149 145 148 153 156 149 150 149 143 149 144 146 148 152 151 147 147 147 140 138 140 138
155 155 155 155 155 155 154 153 149 150 151 153 152 152 150 151 153 154 152 153 153 153 153 154 151 150 149 148 145 145 145 142 142 138 128 134 133 137 134 139 141 141 140 133 146 144 148 147 147 150 146 145 145 145 146 145 145 146 147 145 152 150 154 158 153 154 154 147 152 148 146 150 154 148 153 144 153 144 151 149 148 148 151 152 152 151 141 141 148 146 145 143 141 125
155 155 155 155 155 154 153 153 146 146 149 151 151 151 151 150 149 151 152 152 153 152 150 150 149 149 149 148 145 145 144 144 144 138 142 141 132 135 136 128 137 137 122 135 140 147 147 148 148 149 147 145 144 145 145 145 145 146 145 143 143 148 152 147 148 158 149 144 146 148 145 146 145 136 145 153 152 154 152 155 151 151 153 151 148 151 147 137 131 137 144 135 135 131
154 154 155 155 155 154 154 152 151 149 152 150 151 150 150 152 151 149 150 151 152 153 152 151 150 148 144 145 147 146 145 145 142 142 145 140 138 139 136 139 144 141 142 139 147 146 147 147 147 145 147 145 143 146 144 145 144 145 145 144 146 143 152 143 146 146 146 142 154 145 144 145 146 144 148 145 147 148 143 151 145 146 151 149 145 146 140 137 137 125 136 145 144 125
154 155 155 154 154 154 154 154 154 153 153 152 152 152 151 150 150 142 148 153 147 152 151 151 150 149 142 150 146 146 146 145 144 144 143 141 141 141 141 141 142 143 142 143 145 146 146 146 147 145 145 147 147 146 146 145 145 145 145 148 147 152 147 143 147 146 145 141 143 145 144 144 144 144 142 143 147 143 146 143 147 148 149 148 142 138 134 136 134 138 128 140 122 123
154 154 152 152 154 153 153 152 152 151 151 151 151 151 149 150 150 145 147 148 148 154 151 151 150 150 149 148 147 147 146 145 144 144 146 143 144 142 141 142 143 143 144 144 145 146 146 147 147 147 146 147 146 146 145 145 144 144 144 144 142 152 149 144 150 143 141 144 145 146 145 142 145 141 143 143 145 141 146 145 144 145 145 151 150 138 137 128 129 135 132 131 124 131
153 152 153 153 152 153 151 151 149 149 149 150 149 146 150 151 153 146 144 149 154 152 153 148 155 151 151 147 149 150 150 147 144 143 141 139 142 141 141 141 143 144 145 145 144 145 147 147 147 146 146 146 145 147 146 144 144 144 143 143 141 144 145 142 144 139 145 144 144 147 143 145 144 144 146 144 144 142 141 141 145 152 142 149 147 144 134 138 136 135 140 134 136 140
153 155 152 153 152 151 150 148 149 147 149 145 147 148 149 149 154 146 148 139 150 144 152 152 151 147 147 143 144 146 143 144 144 143 142 141 143 143 142 143 145 145 144 146 146 146 146 146 146 146 146 145 145 145 143 143 144 144 144 142 126 141 143 142 139 143 144 143 144 144 144 144 141 142 143 143 143 144 146 144 144 144 142 137 146 140 143 141 142 141 137 138 135 127
152 151 152 151 151 150 149 148 147 144 148 148 146 144 143 140 147 145 148 147 152 140 142 149 148 150 147 146 148 145 145 144 144 144 140 140 141 140 139 141 143 144 144 145 146 146 146 145 145 145 145 145 144 144 144 144 144 144 144 142 136 142 142 142 145 144 144 144 145 144 144 143 144 143 144 143 144 143 141 142 146 146 146 146 138 148 148 138 144 140 145 133 134 139
151 149 150 151 150 149 146 146 143 142 146 145 146 143 145 143 145 146 146 146 146 148 145 152 147 145 149 150 147 146 147 145 143 143 142 142 139 140 140 140 142 143 146 146 146 145 144 144 144 143 143 143 143 145 144 144 144 144 143 133 142 141 141 141 142 143 143 143 143 143 144 144 144 144 144 144 144 144 143 143 144 141 136 141 142 141 141 140 139 136 132 135 133 130
149 149 149 151 148 144 140 146 146 142 148 137 136 143 137 142 144 143 150 146 148 148 146 151 148 147 146 147 146 145 141 142 143 141 140 137 137 138 138 131 135 135 138 145 146 145 144 144 144 143 143 143 143 144 145 144 144 144 144 138 122 125 137 139 141 141 142 142 142 142 144 144 145 144 145 144 144 143 143 138 141 140 140 142 142 142 139 138 133 138 134 131 133 133
149 148 146 147 148 145 146 143 138 136 137 130 146 134 145 144 143 144 147 150 149 152 145 147 147 147 143 145 143 143 145 143 140 138 135 139 136 135 137 136 142 149 149 146 145 145 144 145 145 144 144 144 144 145 144 144 145 145 144 138 138 136 137 141 141 142 142 142 142 142 144 144 145 145 144 144 141 140 138 139 140 142 142 141 140 139 137 122 131 134 139 136 129 121
147 147 147 146 147 145 139 148 139 135 139 137 141 144 144 142 147 146 152 150 143 146 152 149 150 149 145 145 144 143 142 139 137 141 137 136 131 135 140 145 147 145 146 146 145 145 143 145 144 144 146 146 146 146 145 145 145 145 144 144 144 141 139 142 140 141 141 141 142 144 143 144 146 145 144 142 143 142 141 141 140 140 138 136 136 137 136 137 133 122 128 134 122 133
142 141 132 138 147 139 149 150 146 143 132 138 137 142 143 142 145 147 144 145 147 148 152 151 153 146 145 144 144 143 142 144 141 139 132 132 133 144 145 145 146 145 145 144 145 145 144 143 146 146 147 146 146 146 146 146 146 145 145 143 144 142 142 142 143 141 141 142 144 144 145 144 146 146 146 143 142 142 142 142 141 137 132 127 135 115 121 129 126 125 125 122 125 141
145 144 144 141 140 134 142 144 139 140 140 142 138 141 142 148 143 148 148 146 146 149 150 149 148 146 145 144 144 145 143 143 142 133 142 129 142 144 145 145 145 144 143 143 143 144 144 145 145 147 146 147 146 145 146 145 145 144 145 146 145 143 143 143 142 144 141 143 145 145 145 147 146 147 146 145 146 142 141 141 137 135 130 134 131 129 136 134 136 136 131 135 131 136
141 144 143 144 139 130 129 135 142 144 145 135 142 133 143 149 136 142 138 146 148 149 147 147 147 146 145 144 144 144 143 144 144 145 145 149 145 145 145 144 142 143 144 144 144 145 143 145 142 147 148 146 146 145 144 144 145 145 142 142 143 143 144 143 144 145 144 142 144 145 147 146 146 147 146 145 141 143 139 142 138 135 134 133 132 134 134 135 136 132 138 136 130 135
146 140 148 142 138 133 131 142 136 139 133 137 141 144 147 148 143 144 147 142 149 150 148 147 147 144 144 144 143 143 144 143 143 144 145 145 145 144 143 144 143 144 145 144 144 144 145 146 147 147 147 147 147 146 145 145 144 142 143 144 143 144 146 143 145 144 145 144 144 146 145 147 147 147 147 143 142 143 142 141 134 136 136 135 137 132 128 138 138 140 139 139 139 139
150 143 143 133 135 130 137 135 133 137 136 143 142 139 139 142 149 149 147 148 148 149 149 148 147 144 144 143 142 138 140 140 142 143 143 142 138 139 140 143 143 145 145 145 147 146 147 148 147 147 147 146 146 146 146 144 144 145 144 144 144 145 145 145 146 145 145 145 144 144 145 147 147 146 146 145 143 144 141 141 142 139 141 135 138 137 140 141 140 140 141 141 133 134
144 147 141 140 139 143 139 136 141 141 142 142 142 141 144 143 147 140 148 147 149 149 149 149 146 145 147 145 138 137 135 138 138 137 141 142 140 140 137 143 142 142 143 145 145 146 147 147 147 147 147 147 146 145 145 145 144 144 143 144 143 143 145 144 147 145 147 145 146 146 145 147 147 147 147 145 144 144 142 142 139 143 133 133 140 141 142 140 140 141 142 141 140 135
150 144 139 140 149 148 135 143 133 141 143 149 146 147 146 143 141 143 144 145 148 149 148 146 149 146 142 140 148 144 145 138 139 141 140 140 141 140 142 144 143 143 143 144 146 146 147 147 147 146 146 146 146 144 137 146 132 133 139 140 142 138 138 146 145 147 147 147 143 147 147 147 147 146 145 146 146 142 145 144 138 139 144 142 143 143 141 134 138 142 142 141 136 134
149 149 146 136 138 138 139 146 145 144 143 144 138 139 140 133 135 129 138 148 147 148 147 145 143 135 132 140 134 132 133 136 139 142 142 141 142 143 143 142 143 141 145 145 143 146 147 147 147 146 147 146 146 144 145 145 145 144 145 147 135 146 145 147 147 147 147 147 148 148 147 147 147 146 146 146 145 144 145 144 145 142 139 141 143 144 143 140 143 143 142 141 139 137
144 152 149 147 143 148 144 146 143 141 138 135 142 144 145 144 147 149 142 137 141 146 135 144 140 133 141 137 136 137 141 138 140 140 141 142 142 143 144 143 144 144 142 142 145 144 147 147 145 145 146 146 146 146 146 147 146 147 147 146 145 145 146 147 147 147 147 147 147 147 147 147 148 147 146 146 145 145 145 145 144 140 141 145 144 145 141 144 144 143 141 136 136 132
148 149 147 145 143 142 137 137 136 141 141 142 143 140 142 141 136 142 137 140 137 140 142 149 136 135 140 135 137 137 137 138 142 141 140 142 142 143 143 144 144 144 145 145 145 145 146 146 146 145 145 145 145 147 147 147 149 149 148 148 147 145 145 147 147 147 147 147 148 147 147 147 147 147 147 146 145 146 146 144 145 139 140 145 144 141 143 143 143 143 143 130 131 130
147 149 151 144 144 144 140 136 141 137 137 136 139 140 139 136 135 145 135 137 137 144 138 139 140 136 144 137 139 139 138 138 143 143 142 140 140 143 143 143 144 144 145 144 145 145 144 146 146 146 146 146 145 146 147 148 148 148 148 147 144 144 146 147 148 148 148 148 147 147 147 147 147 146 146 146 146 146 146 145 140 139 137 144 143 133 134 134 143 142 134 144 124 129
140 147 153 143 145 146 139 134 137 136 134 137 135 141 145 130 143 140 142 141 135 135 134 133 140 134 136 136 135 137 139 139 140 142 142 142 143 144 143 144 144 143 142 142 143 144 146 145 146 147 147 146 146 146 148 148 149 149 148 148 147 147 147 148 148 148 148 147 147 147 147 147 147 147 147 146 146 147 146 146 146 145 147 136 144 126 132 127 143 138 136 120 126 125
143 147 145 137 138 138 143 144 143 146 145 141 138 134 135 141 132 139 133 134 135 135 135 135 135 133 136 135 135 136 137 133 141 139 143 143 141 144 144 143 145 146 143 143 144 146 144 144 145 148 147 146 147 147 149 149 148 148 148 146 147 149 148 148 148 148 148 148 147 147 147 147 147 147 147 147 147 146 146 145 145 143 141 133 132 127 130 130 131 121 132 132 130 130
137 142 149 147 143 147 137 147 148 143 140 138 140 132 131 135 136 137 136 136 139 136 136 136 139 137 138 142 138 136 137 135 141 143 143 145 144 145 144 144 143 143 143 143 144 140 143 144 145 147 146 144 148 148 149 149 149 149 149 150 149 148 145 147 147 147 147 147 147 147 147 146 146 146 146 146 146 146 145 145 141 135 137 131 131 132 137 131 137 128 129 129 129 129
141 137 142 147 143 137 140 142 145 137 145 145 136 140 139 139 140 138 135 137 136 136 136 136 138 138 137 139 138 137 138 139 142 141 144 144 144 144 147 145 143 139 141 143 145 146 149 148 147 148 146 144 149 149 148 150 150 148 148 147 148 146 147 147 146 145 131 133 135 144 147 146 146 146 146 146 146 145 144 137 134 131 131 133 132 131 128 128 139 128 131 131 130 130
140 144 148 145 138 141 151 142 144 141 142 132 133 139 138 136 136 142 140 136 138 134 134 134 136 138 142 137 140 140 139 140 143 142 143 144 141 145 145 145 143 144 145 144 145 145 147 147 150 149 148 149 149 149 150 148 147 147 133 147 147 146 145 146 142 148 140 136 137 129 144 145 145 145 145 145 145 144 141 133 134 132 130 134 132 131 132 134 137 139 131 133 137 135
126 138 141 148 139 139 145 151 136 142 141 136 136 137 130 143 142 142 136 141 143 142 141 142 143 138 142 143 140 142 144 144 136 137 139 144 146 145 143 143 142 144 144 144 145 146 146 144 147 151 150 149 152 151 149 149 149 146 145 143 142 142 143 141 141 136 134 135 136 137 141 142 142 144 146 141 134 136 134 130 134 135 133 133 132 132 132 134 132 133 133 129 137 132
124 141 145 143 146 142 143 149 142 144 143 135 137 142 139 136 141 139 142 144 142 141 143 144 142 142 142 141 145 145 143 142 146 148 143 145 145 143 144 144 144 144 143 144 144 144 146 146 144 148 146 152 149 148 148 142 142 141 136 138 142 139 132 136 135 126 132 135 140 144 140 125 130 137 136 135 133 131 140 122 131 132 133 133 131 134 137 135 138 132 142 137 137 138
112 124 135 139 140 138 141 143 144 142 150 143 142 143 141 140 141 142 141 143 142 136 144 143 144 144 143 143 145 144 145 146 148 145 140 145 142 144 143 143 144 142 143 140 143 142 144 144 145 145 150 149 151 147 151 140 135 135 138 139 138 137 137 139 134 137 133 136 139 136 134 137 135 140 133 137 134 149 139 136 135 134 133 133 137 135 131 138 129 127 131 134 134 136
130 128 123 131 139 140 141 141 150 138 144 145 137 134 137 140 138 140 139 134 142 142 141 142 144 142 144 145 143 146 145 143 131 141 144 145 147 147 147 133 146 143 142 141 143 144 144 144 146 144 147 148 150 147 139 139 139 137 140 138 138 139 139 135 138 136 132 136 136 137 132 136 131 134 139 139 139 138 143 137 136 134 139 133 135 135 137 129 110 121 125 128 134 138
140 142 129 138 138 132 142 144 142 142 145 140 138 137 133 129 124 125 132 125 140 131 140 141 143 145 143 145 146 145 134 128 146 128 136 143 136 129 128 146 144 147 139 145 146 149 147 142 146 148 146 154 146 140 137 136 142 141 141 141 139 140 138 137 136 130 138 132 133 133 132 131 133 134 140 137 139 139 133 138 133 129 127 125 127 129 134 129 131 123 125 129 134 134
