sesion_6_simulaciones/modelos_distribucion_especies/ejemplo/variables/futuro_A2/2060/TMXI.asc
ncols 708
nrows 329
xllcorner -7.525000
yllcorner 35.991667
cellsize 0.008333
NODATA_value -9999
[rows 252 to 293 of 329, columns 188 to 281 of 708]
162 162 162 162 161 160 159 159 160 159 159 159 159 158 159 158 158 158 157 157 157 157 151 154 151 150 154 152 152 151 152 156 152 145 147 148 159 162 157 153 154 158 156 145 155 147 149 152 141 153 153 145 142 131 133 142 132 143 134 139 137 135 131 133 137 132 132 125 113 110 107 99 105 122 139 139 149 148 141 134 120 121 127 124 136 144 133 144 146 127 140 131 134 128
162 162 161 161 161 161 159 159 159 159 159 159 158 158 158 158 156 155 157 155 155 149 145 154 146 142 135 132 132 131 128 144 133 138 140 154 154 155 160 154 147 154 153 154 148 146 142 153 153 149 151 138 140 138 128 131 127 141 138 135 132 132 129 120 127 131 138 130 123 112 116 120 132 131 138 142 147 147 144 133 136 118 129 138 131 131 148 132 130 142 145 143 131 132
162 162 160 160 160 160 159 159 159 159 159 159 158 157 158 155 156 155 156 158 153 150 145 144 146 147 151 149 147 152 152 138 146 139 140 139 153 158 157 141 146 132 150 153 155 144 143 140 147 142 145 142 147 137 129 138 140 137 129 141 139 134 134 130 121 133 133 138 133 137 125 125 139 145 143 149 148 149 136 129 131 118 129 141 149 141 134 151 150 143 142 141 144 136
162 162 161 160 159 161 162 161 159 159 159 158 158 158 157 152 154 152 151 154 156 149 143 152 154 143 149 151 153 151 153 151 148 144 130 141 153 154 149 158 150 142 146 155 156 154 145 143 156 153 148 151 134 130 127 127 142 128 133 136 142 146 133 127 121 132 137 139 133 124 131 125 128 139 142 151 137 137 135 132 125 111 122 123 120 135 145 149 143 148 129 145 150 140
153 155 162 161 160 161 158 158 160 160 158 158 157 157 155 154 152 154 150 137 150 150 151 152 152 152 151 148 145 140 139 148 148 149 139 133 155 153 154 147 144 150 146 152 154 153 146 147 135 150 141 133 131 130 140 147 142 132 143 139 149 134 123 132 132 139 137 139 133 137 135 139 133 134 139 150 144 140 137 129 117 118 123 121 147 148 152 152 139 134 137 137 115 119
161 158 156 161 161 160 162 160 157 158 157 158 157 155 154 150 154 152 145 141 151 148 148 147 146 145 143 139 148 143 145 145 150 152 146 128 145 155 152 156 150 136 148 147 151 142 136 139 143 140 137 139 133 130 132 149 148 149 131 141 142 135 130 125 126 130 139 143 138 143 130 129 142 136 145 152 150 144 139 131 116 131 144 144 150 156 139 136 128 127 122 122 118 130
160 159 160 161 161 161 159 159 157 157 157 156 154 156 153 152 153 152 142 146 142 152 146 150 137 136 147 147 147 147 141 153 151 151 147 131 145 157 151 153 147 137 145 144 135 140 135 134 136 136 131 131 143 139 145 151 140 138 132 133 133 133 126 118 121 131 132 134 150 146 122 129 146 141 142 151 140 136 136 127 116 122 127 133 143 156 150 127 128 131 119 131 125 105
160 160 158 161 161 162 160 158 158 157 157 160 161 158 157 159 151 150 153 150 151 154 151 150 138 150 149 149 138 152 151 147 154 150 144 130 144 145 148 152 144 150 142 131 136 126 123 131 136 125 141 142 136 148 150 144 144 145 142 134 131 132 118 120 119 131 142 142 135 139 145 152 141 134 136 141 147 142 138 123 121 139 150 152 152 154 154 145 137 139 129 138 114 133
160 161 155 153 161 163 161 160 153 160 158 160 157 160 155 155 149 152 157 152 154 156 148 153 150 152 149 148 152 153 151 155 152 150 142 135 151 149 160 147 147 144 142 144 133 139 143 139 139 145 143 144 151 150 148 141 139 135 139 130 121 130 127 134 122 132 132 128 124 128 152 125 125 133 129 144 143 141 132 119 127 123 131 141 142 147 143 144 154 149 140 130 119 126
157 160 157 153 158 161 161 159 160 161 160 159 158 155 148 151 153 148 158 154 155 154 156 148 154 152 153 154 152 155 156 149 142 149 140 149 145 153 144 141 138 135 132 139 148 148 144 141 132 136 147 149 146 154 152 151 147 137 123 120 118 126 134 133 130 137 134 135 141 145 152 144 144 148 141 152 138 128 121 120 134 129 150 153 156 138 133 126 122 122 119 132 129 137
158 159 158 159 157 159 159 161 161 160 160 156 157 157 150 152 156 153 150 157 155 157 153 158 153 149 155 148 149 152 154 147 138 151 153 143 139 146 149 142 127 131 138 139 136 146 145 150 148 146 141 156 153 144 143 140 134 132 123 128 128 123 139 146 133 136 150 148 151 153 148 158 139 134 155 148 138 146 124 122 151 153 154 155 156 158 145 145 135 129 137 143 119 137
157 158 161 160 161 158 157 160 157 159 156 162 159 157 158 155 155 156 157 156 154 157 157 156 156 148 147 158 143 149 158 149 147 149 141 141 135 135 122 126 126 124 126 136 132 138 134 136 141 153 152 151 148 154 148 133 126 123 122 130 121 139 144 145 136 149 149 159 154 153 150 132 132 139 131 141 135 139 136 133 143 130 136 162 151 140 132 141 133 141 141 132 141 136
159 157 160 158 160 151 157 159 159 161 158 160 157 156 155 155 158 152 157 157 155 155 157 155 161 155 152 150 142 158 155 147 154 139 156 152 146 136 116 124 127 127 108 124 136 132 127 140 137 144 156 148 154 152 137 136 141 140 130 118 131 131 131 151 149 157 141 137 144 149 145 136 126 127 127 129 141 130 142 140 142 151 155 142 155 136 154 140 140 143 130 119 114 117
152 157 156 154 158 161 161 163 155 154 156 156 154 156 153 157 157 157 152 157 157 157 157 159 158 158 158 158 157 152 152 151 153 152 150 142 138 138 139 125 110 111 118 124 122 125 126 124 137 142 142 150 157 149 145 142 136 130 127 125 134 140 141 139 146 156 140 147 139 141 145 143 139 133 106 126 132 128 147 138 159 160 160 150 149 138 132 134 124 128 152 138 107 121
157 156 155 159 160 158 158 161 161 160 159 156 155 156 156 158 157 156 158 159 158 161 156 160 150 146 155 157 157 145 154 157 155 142 146 129 143 131 133 118 110 113 105 119 127 124 133 137 139 146 151 152 155 142 150 142 134 123 131 134 131 137 129 137 154 159 156 152 145 149 153 142 125 146 145 138 150 151 150 155 143 159 151 154 152 144 144 130 127 123 122 141 129 119
156 157 159 156 161 159 160 160 160 160 160 159 162 151 158 152 157 158 161 164 156 158 158 158 158 150 156 156 140 150 156 157 152 153 148 149 146 137 128 122 124 119 120 117 129 136 137 132 136 141 140 151 150 152 143 133 135 138 132 142 140 129 139 150 157 158 156 157 160 152 146 151 127 142 143 148 141 162 166 163 166 153 145 153 142 133 141 118 113 116 128 119 130 136
158 158 157 159 159 158 159 159 159 159 159 159 156 157 159 153 153 154 156 158 160 159 158 157 146 148 154 156 155 150 158 156 157 155 152 144 142 137 121 138 130 123 129 119 128 135 141 142 143 148 149 147 151 154 149 146 143 136 139 150 146 149 147 150 150 151 167 163 165 156 150 138 140 147 141 161 159 163 161 156 152 157 149 144 142 131 126 133 115 98 115 107 130 141
156 155 158 158 158 159 159 159 154 160 160 159 157 160 158 157 158 156 156 154 159 159 159 159 158 157 157 159 148 153 154 154 148 137 140 139 146 145 142 143 139 130 124 118 121 124 137 136 144 157 154 147 151 158 150 146 151 135 137 138 154 157 154 153 160 161 165 167 150 158 152 154 150 147 151 154 162 165 155 153 146 134 131 139 132 129 122 114 98 100 94 112 128 137
153 155 157 153 157 158 157 154 159 153 158 159 160 159 159 154 152 155 156 156 155 159 162 158 159 153 153 159 159 159 160 156 157 157 156 154 150 144 148 148 140 131 126 128 132 129 143 140 141 138 144 151 154 157 153 158 150 139 145 137 151 158 156 164 161 163 162 159 163 159 160 153 154 156 163 168 163 152 152 146 139 121 141 137 138 134 123 128 133 113 115 114 128 154
158 158 154 147 153 156 154 158 158 158 157 162 159 160 159 158 160 159 157 155 153 154 152 151 152 155 162 161 159 157 148 155 157 160 158 156 156 155 153 150 147 139 139 140 139 129 142 150 152 149 142 155 158 150 163 160 157 152 142 150 142 157 162 153 161 163 163 151 159 158 163 152 157 161 162 163 162 156 155 147 137 136 139 138 152 148 139 134 137 133 137 128 139 136
158 159 153 149 147 156 157 158 158 156 155 157 160 160 160 159 155 160 157 160 160 162 161 158 161 161 153 154 152 141 145 146 150 156 158 158 154 147 148 144 155 142 139 143 133 150 150 155 146 143 161 149 140 141 157 159 153 156 148 152 156 157 156 157 163 163 163 162 161 161 157 161 152 159 164 158 157 160 157 151 132 142 136 148 152 150 152 154 150 145 131 142 151 156
159 161 159 154 154 156 158 159 158 158 159 160 159 155 160 158 160 159 157 150 157 161 159 155 156 160 160 158 148 159 156 143 150 161 152 152 156 140 149 152 159 136 141 139 134 131 140 145 148 153 151 153 140 140 138 144 155 161 153 155 161 165 157 163 163 163 164 158 162 162 158 151 153 151 164 162 163 164 164 157 150 144 143 148 140 154 157 156 158 157 158 155 162 158
159 160 158 158 158 159 160 159 159 158 158 154 155 156 154 161 165 151 158 157 160 158 159 157 157 160 158 157 158 159 156 160 159 159 159 155 146 152 152 149 157 153 149 151 141 149 148 145 143 142 139 149 141 140 150 157 154 161 163 161 162 162 161 158 162 163 163 163 161 163 157 160 155 150 161 165 164 152 151 146 154 157 154 148 157 158 162 161 167 163 167 169 165 167
159 158 158 158 160 159 161 159 159 159 158 157 158 153 157 160 147 157 158 158 160 154 158 161 159 160 159 160 159 160 158 157 159 161 158 153 150 156 160 156 159 155 140 140 144 147 144 146 144 150 141 137 147 143 140 143 147 155 154 164 158 163 160 162 162 162 163 163 163 162 155 161 151 164 161 165 155 164 159 158 157 158 154 155 161 158 157 153 164 164 166 164 172 173
156 151 155 155 158 159 159 159 158 158 160 150 156 160 156 156 160 154 158 163 160 157 155 154 159 160 161 160 158 160 160 160 160 156 160 161 160 155 156 157 153 148 147 146 144 149 139 146 149 148 150 146 132 129 148 150 157 159 161 164 167 165 165 159 160 159 163 163 165 153 162 165 162 165 159 165 165 163 164 159 152 154 164 155 158 159 157 152 170 163 171 169 172 170
160 156 151 158 158 159 157 150 151 156 159 157 156 159 161 156 160 163 161 159 162 158 160 155 158 159 159 161 160 160 156 160 161 159 160 159 160 160 153 157 145 151 141 140 149 140 147 145 151 149 142 142 136 144 144 143 152 158 149 145 160 163 164 162 154 161 163 162 166 166 162 165 154 155 152 166 166 165 159 156 154 155 160 159 153 156 167 168 168 170 168 172 -9999 -9999
152 153 153 159 157 161 157 156 158 162 159 154 152 152 155 159 156 148 156 160 161 159 161 159 153 157 160 162 161 155 159 160 159 162 160 160 160 157 155 152 152 142 145 154 142 141 141 148 140 149 152 148 130 143 131 141 142 145 145 148 160 160 164 159 160 161 163 165 164 164 166 165 165 159 158 166 166 164 164 162 160 150 164 163 164 158 162 168 167 166 174 174 -9999 -9999
153 156 157 157 158 159 159 160 162 159 160 159 157 156 157 157 159 158 159 161 158 161 162 158 160 158 159 156 160 160 158 160 159 159 160 159 159 159 149 156 150 151 147 143 142 148 139 154 151 150 146 140 140 148 145 145 142 141 151 156 159 160 158 156 162 161 162 160 164 165 165 164 166 170 161 166 166 168 165 160 156 156 154 167 165 170 165 168 -9999 -9999 -9999 -9999 -9999 -9999
154 155 160 158 159 159 159 159 159 160 161 161 157 152 159 158 152 161 157 162 163 157 159 152 164 157 162 158 160 160 161 160 156 160 160 160 159 153 161 152 148 142 145 142 141 147 146 150 145 148 148 149 142 148 141 147 153 152 149 158 164 164 161 165 162 158 161 164 156 162 162 155 157 162 166 161 163 167 169 161 150 156 161 166 169 168 170 171 -9999 -9999 -9999 -9999 -9999 -9999
159 153 154 158 158 159 160 161 160 160 160 152 159 160 158 163 156 161 162 161 160 159 158 160 154 159 161 159 161 162 160 159 159 159 161 162 159 157 146 156 155 147 151 146 140 143 149 145 155 148 144 142 152 150 148 149 153 146 147 144 158 163 164 163 164 165 166 152 156 158 156 162 159 150 160 163 167 166 163 159 161 157 161 168 174 169 174 173 -9999 -9999 -9999 -9999 -9999 -9999
159 158 155 159 160 158 158 158 160 160 160 157 161 161 161 158 161 161 160 161 160 159 156 155 162 162 161 161 161 161 162 164 161 159 160 159 160 160 159 147 156 145 159 153 145 149 138 142 143 139 149 145 150 156 151 148 155 154 157 159 164 166 164 160 163 160 160 161 161 154 152 155 157 158 159 167 166 164 165 162 157 155 152 166 157 167 173 175 -9999 -9999 -9999 -9999 -9999 -9999
152 149 156 158 159 159 157 155 158 160 160 160 160 160 160 160 161 161 161 160 162 159 159 161 161 161 159 160 160 158 152 162 161 161 153 158 160 161 161 159 156 154 145 142 148 138 138 137 134 151 147 142 148 159 160 155 151 151 154 149 153 155 159 167 164 163 165 162 158 159 158 161 156 168 164 167 165 167 169 169 153 154 168 162 162 169 -9999 -9999 -9999 -9999 -9999 -9999 -9999 -9999
158 153 154 158 156 152 154 154 156 157 157 159 159 161 160 160 156 151 157 160 161 161 161 161 160 161 161 161 159 142 142 154 165 162 160 158 155 159 161 160 151 138 142 139 138 138 142 149 153 141 137 144 145 150 156 152 155 149 158 149 162 151 163 164 164 159 154 164 164 161 157 162 165 166 164 164 167 167 161 151 161 161 167 170 171 165 -9999 -9999 -9999 -9999 -9999 -9999 -9999 -9999
158 160 160 158 159 151 152 154 157 158 158 157 156 156 153 152 157 155 158 161 161 161 160 161 162 161 159 154 151 143 152 150 158 151 151 156 158 144 154 159 153 154 156 147 140 137 131 135 137 134 149 144 141 147 156 151 158 160 150 145 154 161 162 163 164 167 158 161 165 161 165 163 156 162 165 165 167 164 164 162 163 165 157 166 170 171 -9999 -9999 -9999 -9999 -9999 -9999 -9999 -9999
158 159 159 160 158 159 160 158 158 158 159 159 157 156 156 156 156 155 160 161 161 159 160 160 155 153 152 156 147 153 150 145 150 142 154 154 153 155 140 152 158 151 139 143 145 148 141 141 144 142 136 151 149 142 150 162 155 152 163 151 165 161 165 162 164 164 162 166 165 162 162 165 167 163 167 165 167 167 158 167 161 158 164 164 175 165 -9999 -9999 -9999 -9999 -9999 -9999 -9999 -9999
158 159 161 161 158 158 161 156 159 159 159 159 158 157 156 157 156 160 161 161 162 158 160 160 161 150 151 155 146 153 147 143 144 153 143 146 148 148 157 158 155 156 155 149 150 142 145 147 136 143 136 155 154 146 149 157 142 151 158 161 155 158 165 163 164 164 162 166 166 165 166 167 157 168 166 167 167 168 167 163 163 162 165 163 175 173 -9999 -9999 -9999 -9999 -9999 -9999 -9999 -9999
161 161 161 158 159 159 159 159 159 159 159 162 160 161 160 163 161 162 161 162 157 161 159 158 155 150 155 151 145 152 151 148 156 153 150 157 151 148 147 150 152 153 148 156 148 152 148 153 150 137 139 158 155 156 159 156 147 159 160 162 155 161 153 160 160 161 163 165 165 165 165 166 166 166 167 167 167 166 161 171 164 169 164 167 162 179 -9999 -9999 -9999 -9999 -9999 -9999 -9999 -9999
160 160 160 159 159 159 159 160 160 159 160 160 161 161 161 161 161 161 162 161 158 158 158 160 161 160 154 156 154 148 156 158 152 157 154 156 157 153 153 153 145 144 149 155 155 156 157 152 152 139 134 152 152 148 156 154 152 151 160 158 156 161 162 152 152 167 163 163 154 161 168 162 166 165 164 169 168 168 169 169 169 163 -9999 -9999 -9999 -9999 -9999 -9999 -9999 -9999 -9999 -9999 -9999 -9999
158 158 157 155 157 159 160 160 160 160 165 163 161 161 161 161 161 161 162 161 164 161 162 155 161 161 162 162 160 158 155 149 152 154 155 152 155 154 155 155 158 159 155 148 155 148 148 151 157 153 152 136 147 157 164 157 151 158 161 158 166 165 162 161 161 162 162 162 161 161 161 163 157 164 158 156 156 160 169 170 168 171 -9999 -9999 -9999 -9999 -9999 -9999 -9999 -9999 -9999 -9999 -9999 -9999
159 153 161 159 160 159 159 159 159 159 160 161 161 161 161 161 161 161 160 161 162 163 160 160 161 156 154 154 158 160 157 161 156 148 154 155 149 147 148 149 149 154 156 155 159 154 152 143 145 141 148 151 153 151 157 157 160 161 156 154 164 161 162 162 164 166 162 162 153 159 155 161 163 153 149 159 165 160 169 171 -9999 -9999 -9999 -9999 -9999 -9999 -9999 -9999 -9999 -9999 -9999 -9999 -9999 -9999
160 163 161 161 160 161 158 159 159 160 160 161 161 161 161 161 161 154 158 161 159 161 151 155 158 152 151 145 158 158 154 144 147 150 149 152 146 150 140 140 154 157 157 156 150 148 147 146 152 159 158 154 154 145 155 159 162 146 159 158 159 162 161 163 164 160 163 157 159 160 160 161 164 160 163 172 165 166 175 172 -9999 -9999 -9999 -9999 -9999 -9999 -9999 -9999 -9999 -9999 -9999 -9999 -9999 -9999
160 164 162 161 162 161 161 160 159 159 161 161 161 161 161 161 160 160 160 161 158 158 163 149 149 152 159 158 145 152 155 152 137 146 145 145 147 150 150 154 153 157 157 158 155 151 138 144 148 151 153 151 154 151 156 146 152 150 141 145 150 162 164 164 163 163 160 164 159 157 159 160 162 163 166 166 166 165 170 172 -9999 -9999 -9999 -9999 -9999 -9999 -9999 -9999 -9999 -9999 -9999 -9999 -9999 -9999
