sesion_6_simulaciones/modelos_distribucion_especies/ejemplo/variables/presente/PA.asc
ncols 708
nrows 329
xllcorner -7.525000
yllcorner 35.991667
cellsize 0.008333
NODATA_value -9999
[rows 205 to 245 of 329, columns 376 to 469 of 708]
487 483 489 491 502 524 560 607 660 723 787 859 948 1045 1085 1096 1094 1092 1078 1057 1031 1032 1032 1000 968 936 904 853 823 794 800 776 750 728 691 681 648 633 630 631 621 622 622 621 614 601 591 578 564 570 578 587 603 594 576 541 510 496 505 519 521 529 516 513 497 489 483 472 489 480 485 484 469 471 460 456 443 438 430 421 428 426 428 419 412 404 395 389 375 362 366 365 372 385
505 504 502 522 539 577 626 689 763 842 917 989 1071 1125 1141 1151 1149 1142 1114 1107 1092 1067 1029 992 963 927 889 867 814 793 776 758 746 694 690 671 669 649 634 631 629 626 628 631 629 634 616 601 582 580 589 607 604 608 593 577 537 504 497 492 508 507 509 511 508 497 491 485 487 494 491 480 481 472 469 457 452 446 438 430 422 424 420 418 418 413 399 392 382 377 371 370 368 373
518 525 537 559 586 643 697 772 873 969 1042 1091 1122 1150 1177 1182 1180 1174 1162 1143 1110 1093 1044 1004 938 908 883 841 794 762 756 744 721 699 670 662 658 653 653 644 640 650 648 648 646 656 643 627 601 600 603 617 624 617 615 597 575 534 499 492 483 493 497 494 492 495 498 502 499 486 482 482 480 475 476 460 462 447 439 439 431 427 423 421 407 405 400 396 390 377 383 377 381 376
556 561 574 601 636 685 760 848 943 1041 1126 1144 1159 1178 1199 1214 1226 1216 1198 1176 1150 1128 1071 1005 948 915 842 802 763 733 726 712 697 673 661 660 662 665 663 659 663 675 666 672 683 669 661 642 626 625 629 629 643 645 639 627 601 559 521 489 478 475 472 481 487 492 499 510 505 499 487 486 481 480 478 473 466 463 458 446 442 437 435 435 435 423 411 394 388 385 378 382 363 376
581 593 623 656 688 737 806 886 998 1119 1154 1170 1161 1190 1195 1269 1282 1274 1237 1191 1180 1156 1128 1053 992 921 851 786 744 717 698 691 687 664 658 672 683 694 691 689 683 684 694 704 697 696 686 666 656 635 636 645 653 647 651 637 612 574 531 505 478 472 469 465 466 477 484 487 483 481 481 471 475 479 479 486 485 479 469 460 454 457 452 439 439 429 401 406 386 385 381 378 377 379
630 659 708 742 774 798 868 938 1021 1087 1123 1137 1141 1172 1211 1252 1290 1277 1264 1206 1179 1145 1114 1062 1002 938 842 790 753 724 701 685 673 666 681 683 710 724 725 715 713 710 710 716 723 727 725 687 668 650 648 654 655 649 655 642 619 586 541 515 488 465 465 464 459 466 447 455 449 443 437 442 448 447 464 482 488 493 494 491 484 478 468 452 445 428 418 393 404 400 389 387 377 377
663 732 789 803 854 885 916 941 984 1033 1038 1061 1098 1146 1183 1210 1202 1247 1236 1197 1159 1098 1018 1015 981 912 873 798 767 743 722 708 697 690 689 711 715 745 736 738 727 729 742 738 750 749 741 719 677 687 664 651 661 659 651 648 626 605 563 515 497 475 462 454 451 441 438 422 407 413 415 420 418 425 440 467 484 498 507 504 516 505 496 481 468 456 422 420 411 415 407 414 403 395
705 779 799 828 858 878 897 905 919 939 960 1001 1039 1076 1129 1129 1120 1131 1152 1133 1075 1002 946 908 875 895 849 853 826 800 770 749 737 732 727 720 717 721 723 740 746 738 751 748 752 756 752 731 721 709 692 679 661 659 657 646 636 602 561 530 512 489 462 452 445 438 416 407 407 412 405 403 407 412 435 458 467 508 512 526 536 539 550 540 482 458 461 439 438 423 423 414 416 404
711 758 770 795 785 812 814 836 850 855 898 910 927 998 1029 1016 994 994 1005 1005 964 903 857 835 827 842 859 860 844 831 834 800 812 795 775 762 756 750 755 752 759 759 757 762 765 770 765 765 749 747 718 694 670 666 659 647 631 607 561 537 522 498 479 462 452 435 426 412 405 401 402 383 407 422 450 463 489 506 518 530 543 554 557 541 534 506 482 460 453 444 430 433 409 403
693 697 706 726 734 742 760 774 782 800 799 809 844 872 891 893 881 868 871 862 833 800 792 800 811 820 831 847 847 886 871 841 833 839 838 815 807 789 812 815 802 792 786 784 780 775 781 779 766 746 730 707 685 677 670 652 633 604 578 548 533 514 490 486 465 470 445 431 413 408 420 420 426 432 449 469 494 525 535 544 552 556 570 552 529 517 477 454 447 431 428 404 386 384
634 656 670 684 688 692 685 707 717 719 700 729 745 773 769 772 776 786 780 752 734 734 744 765 791 813 821 832 848 870 882 854 839 842 845 877 849 873 895 882 863 852 824 813 803 802 797 787 778 757 743 722 705 703 679 675 646 610 589 569 548 531 503 510 488 472 482 461 437 433 427 430 415 441 459 475 506 525 543 551 568 566 563 559 537 496 473 448 435 416 399 397 392 364
609 619 632 646 656 650 663 649 649 648 636 668 661 693 684 705 710 714 713 698 671 669 701 724 750 778 802 810 834 879 874 871 854 866 856 886 915 938 970 968 979 919 901 881 849 836 827 812 787 779 758 743 728 732 728 700 671 635 606 583 562 546 533 530 505 498 491 492 463 463 440 450 459 483 477 497 522 537 551 569 575 578 575 550 562 525 488 459 435 420 396 399 373 357
583 605 611 623 635 643 633 622 615 599 592 590 604 622 625 626 639 654 664 652 630 627 645 672 708 734 774 804 829 862 884 868 854 868 876 914 925 981 1012 1049 1058 1042 1005 983 901 887 845 820 807 816 808 796 770 759 775 762 715 687 631 595 580 577 551 546 508 500 502 511 494 499 470 495 484 488 496 535 526 555 580 583 588 594 581 581 550 526 499 450 452 462 427 421 412 398
570 590 603 621 638 641 637 628 598 577 576 555 553 567 575 572 575 598 599 592 605 605 624 629 664 695 731 770 800 849 852 848 852 862 919 914 988 1040 1042 1102 1104 1131 1052 1049 982 933 887 871 840 849 852 863 782 836 797 825 779 714 675 619 594 592 565 551 553 547 520 525 528 520 523 521 535 547 547 543 577 580 589 596 602 587 601 576 557 531 532 519 506 507 486 492 482 492
560 582 596 604 628 628 636 622 594 591 548 536 546 535 529 530 538 552 548 576 591 597 597 600 633 656 700 746 769 802 822 832 837 886 930 1019 1003 1065 1079 1091 1120 1102 1076 1046 1005 976 902 911 874 899 925 903 858 847 896 857 824 769 714 659 622 628 579 592 578 578 566 547 544 570 544 557 559 576 581 592 586 609 610 618 619 609 590 590 577 567 531 547 553 561 556 555 547 566
572 583 584 608 610 629 638 605 593 574 579 528 524 472 489 489 512 504 515 524 549 577 589 593 610 635 672 697 739 755 783 801 832 862 901 943 1001 981 1028 1034 1035 1033 1004 1016 996 954 963 937 910 946 933 929 892 854 890 870 854 775 710 707 689 676 601 610 595 592 586 587 602 568 590 573 589 604 627 619 620 647 626 643 649 637 614 613 585 584 594 590 598 578 580 588 614 630
577 597 631 611 643 625 636 594 589 578 568 511 492 473 465 456 469 477 488 501 532 555 560 579 585 615 636 666 690 708 728 769 803 800 812 848 894 914 953 957 922 929 872 914 913 899 912 918 907 876 889 861 844 864 860 856 849 760 727 723 714 659 651 611 630 614 633 588 591 601 623 616 619 637 647 658 654 666 664 670 672 672 648 636 625 613 608 587 577 575 579 590 617 629
638 629 625 640 659 630 633 597 574 553 559 521 487 477 460 457 457 463 478 490 514 531 560 574 576 577 606 617 643 661 690 708 707 741 726 749 770 817 829 847 820 855 819 806 854 832 859 842 797 774 821 775 790 762 780 794 788 752 754 749 722 683 647 615 646 670 662 646 641 631 641 624 624 657 663 688 678 685 685 700 702 691 674 683 669 663 641 601 588 574 590 589 610 573
652 644 640 656 641 633 628 578 577 546 531 530 497 477 444 442 456 473 454 480 524 538 565 574 577 569 577 588 592 606 621 632 665 649 658 679 716 728 741 744 746 751 735 746 742 782 739 743 727 701 739 706 733 719 740 777 756 762 784 795 713 713 679 685 722 724 709 681 652 655 678 670 666 683 663 655 677 652 678 674 690 713 703 719 693 664 687 642 620 586 566 566 582 576
643 640 653 649 654 653 600 571 554 557 531 496 479 461 449 453 478 459 489 486 508 511 541 569 596 575 561 567 552 566 557 580 606 596 602 631 638 668 667 673 681 680 683 704 688 703 694 692 681 666 693 673 699 683 714 730 740 696 760 751 750 736 700 736 756 751 762 745 726 710 727 686 679 676 656 664 637 629 651 683 689 706 681 696 678 692 673 652 634 595 546 557 539 547
599 620 638 657 658 656 622 608 576 539 515 476 479 480 478 495 509 534 512 491 488 504 540 555 592 582 557 549 517 513 527 505 546 541 573 572 598 615 643 648 639 641 641 641 661 660 642 616 601 632 656 651 687 667 663 613 659 678 642 665 661 708 732 758 728 753 724 731 801 750 756 728 701 688 677 655 614 623 665 673 680 689 713 679 656 670 695 707 671 619 583 558 560 515
582 605 627 645 671 663 616 618 578 543 522 478 496 480 518 510 518 540 494 504 485 498 501 531 555 548 549 523 532 508 488 487 481 519 525 538 553 571 588 597 597 613 610 631 610 617 603 574 572 595 598 663 638 645 623 594 598 597 612 637 638 686 743 698 684 664 724 788 822 823 804 783 732 721 684 667 670 613 634 684 720 726 689 699 663 633 670 685 716 654 627 607 565 553
565 601 609 666 657 665 626 613 578 534 519 505 509 516 514 516 500 487 493 470 479 472 475 499 500 506 512 530 528 507 468 466 459 506 505 497 524 527 546 548 549 580 561 603 605 597 577 549 561 575 612 654 645 592 574 554 582 611 591 565 609 662 661 635 627 624 719 758 815 826 820 811 780 757 700 686 632 594 640 633 674 708 697 656 576 611 665 694 711 723 650 672 635 581
582 628 636 646 632 647 606 599 592 557 537 538 534 541 527 510 503 484 500 501 499 487 478 482 474 468 480 491 485 488 460 453 449 475 488 519 524 536 546 554 546 564 572 579 590 571 548 529 533 545 565 603 569 573 552 551 555 578 548 547 579 621 584 556 593 623 712 753 763 796 805 802 794 701 668 684 655 654 623 603 645 628 649 618 590 587 643 688 715 737 712 655 675 634
569 629 640 656 625 639 594 583 562 553 546 556 539 567 536 487 489 494 490 497 485 499 484 485 478 480 468 463 471 470 455 447 450 470 496 528 530 535 546 547 544 522 549 562 567 546 504 536 533 524 535 539 557 518 540 543 586 589 579 552 544 608 568 589 568 636 709 732 709 757 791 776 772 746 673 681 690 692 682 620 565 578 595 574 558 567 607 624 661 691 688 667 657 651
562 607 613 640 605 616 590 598 572 583 575 578 561 528 530 493 460 464 470 478 482 488 491 492 484 473 454 460 452 453 440 435 431 463 482 496 529 528 534 536 502 539 527 497 503 505 511 509 544 536 529 499 514 516 513 523 532 574 568 544 526 594 553 576 603 585 615 694 742 796 780 765 733 706 668 646 616 649 622 611 591 574 553 536 540 524 524 536 580 595 597 580 614 625
554 558 593 564 561 563 574 566 583 564 577 577 573 533 477 460 461 446 443 445 463 476 472 479 482 473 467 456 446 440 435 429 428 438 449 459 470 486 476 503 499 504 506 500 474 483 474 499 511 531 508 501 504 495 507 508 529 547 517 543 513 499 501 532 546 570 620 642 704 732 754 704 645 654 595 592 586 573 583 577 603 595 566 568 522 505 480 486 507 518 536 539 545 543
543 535 537 507 512 514 552 569 542 530 556 538 529 479 478 467 470 452 464 468 476 489 494 478 477 467 464 462 452 443 436 427 426 422 427 440 442 449 452 456 479 508 463 442 450 478 486 498 489 495 506 514 500 504 497 502 491 483 495 484 469 479 509 509 521 549 588 624 653 690 637 623 600 592 576 584 560 547 520 560 531 576 568 568 532 476 457 424 481 489 483 475 456 474
519 510 517 479 494 508 527 512 505 496 491 480 449 481 461 468 464 483 460 477 474 486 487 464 474 476 466 456 461 443 434 429 421 419 418 420 426 422 427 429 434 447 451 431 450 472 479 476 451 482 505 514 492 507 485 500 460 467 464 453 449 451 466 476 509 531 560 575 571 604 573 553 551 557 590 571 545 510 523 503 499 500 522 507 485 422 419 417 481 491 454 436 406 407
523 510 485 473 468 485 481 512 462 464 453 441 443 403 449 460 461 458 439 450 469 474 468 473 479 485 471 471 465 445 431 425 416 411 411 414 402 396 396 412 399 404 409 413 441 455 446 459 470 483 499 510 471 482 474 481 463 434 458 456 423 465 480 475 501 483 532 517 530 510 506 491 527 556 571 548 528 491 498 486 500 464 454 442 392 400 396 416 448 482 451 420 404 390
478 500 461 464 447 471 449 476 466 441 415 395 424 421 421 420 432 437 428 446 447 431 447 456 468 467 477 474 467 455 440 421 410 403 396 389 384 380 372 381 380 370 384 395 404 421 424 441 457 502 489 474 450 484 481 473 457 450 440 431 437 450 454 465 473 469 475 472 496 462 482 504 513 512 519 526 514 462 453 470 482 433 422 401 364 366 367 404 407 446 436 436 389 397
476 458 459 458 436 439 459 450 440 411 379 412 400 419 429 405 398 396 419 431 425 424 431 440 464 465 466 478 464 456 425 422 398 383 382 374 367 359 359 358 352 354 362 382 382 394 391 418 433 446 464 442 439 460 475 470 434 435 422 417 417 416 424 430 428 429 436 438 432 446 469 467 504 481 493 487 462 442 445 478 460 451 404 365 358 328 366 346 365 395 393 409 394 399
447 439 425 439 446 433 428 439 408 409 411 398 407 404 393 407 399 398 402 414 405 419 408 416 407 431 437 443 438 434 420 411 -9999 -9999 -9999 -9999 -9999 -9999 -9999 -9999 -9999 -9999 -9999 -9999 -9999 -9999 -9999 -9999 399 420 419 433 425 452 -9999 -9999 -9999 -9999 -9999 -9999 -9999 -9999 -9999 -9999 -9999 -9999 -9999 -9999 -9999 -9999 -9999 -9999 -9999 -9999 -9999 -9999 -9999 -9999 429 451 454 440 423 370 -9999 -9999 -9999 -9999 -9999 -9999 -9999 -9999 -9999 -9999
435 403 424 414 428 410 416 404 415 378 419 403 421 384 385 390 384 379 369 405 417 421 406 410 413 403 407 417 411 407 404 386 -9999 -9999 -9999 -9999 -9999 -9999 -9999 -9999 -9999 -9999 -9999 -9999 -9999 -9999 -9999 -9999 368 389 382 384 400 410 -9999 -9999 -9999 -9999 -9999 -9999 -9999 -9999 -9999 -9999 -9999 -9999 -9999 -9999 -9999 -9999 -9999 -9999 -9999 -9999 -9999 -9999 -9999 -9999 421 436 415 427 387 370 -9999 -9999 -9999 -9999 -9999 -9999 -9999 -9999 -9999 -9999
407 405 414 436 426 394 396 404 392 397 389 412 387 381 381 366 378 370 366 369 399 390 395 390 388 380 387 384 387 392 380 371 -9999 -9999 -9999 -9999 -9999 -9999 -9999 -9999 -9999 -9999 -9999 -9999 -9999 -9999 -9999 -9999 -9999 -9999 -9999 -9999 -9999 -9999 -9999 -9999 -9999 -9999 -9999 -9999 -9999 -9999 -9999 -9999 -9999 -9999 -9999 -9999 -9999 -9999 -9999 -9999 -9999 -9999 -9999 -9999 -9999 -9999 -9999 -9999 -9999 -9999 -9999 -9999 -9999 -9999 -9999 -9999 -9999 -9999 -9999 -9999 -9999 -9999
392 400 400 391 383 386 393 390 386 376 381 388 374 363 365 368 363 355 363 362 377 381 377 371 375 370 370 371 376 372 354 355 -9999 -9999 -9999 -9999 -9999 -9999 -9999 -9999 -9999 -9999 -9999 -9999 -9999 -9999 -9999 -9999 -9999 -9999 -9999 -9999 -9999 -9999 -9999 -9999 -9999 -9999 -9999 -9999 -9999 -9999 -9999 -9999 -9999 -9999 -9999 -9999 -9999 -9999 -9999 -9999 -9999 -9999 -9999 -9999 -9999 -9999 -9999 -9999 -9999 -9999 -9999 -9999 -9999 -9999 -9999 -9999 -9999 -9999 -9999 -9999 -9999 -9999
-9999 -9999 -9999 -9999 -9999 -9999 -9999 -9999 -9999 -9999 -9999 -9999 -9999 -9999 -9999 -9999 -9999 -9999 -9999 -9999 -9999 -9999 -9999 -9999 -9999 -9999 -9999 -9999 -9999 -9999 -9999 -9999 -9999 -9999 -9999 -9999 -9999 -9999 -9999 -9999 -9999 -9999 -9999 -9999 -9999 -9999 -9999 -9999 -9999 -9999 -9999 -9999 -9999 -9999 -9999 -9999 -9999 -9999 -9999 -9999 -9999 -9999 -9999 -9999 -9999 -9999 -9999 -9999 -9999 -9999 -9999 -9999 -9999 -9999 -9999 -9999 -9999 -9999 -9999 -9999 -9999 -9999 -9999 -9999 -9999 -9999 -9999 -9999 -9999 -9999 -9999 -9999 -9999 -9999
-9999 -9999 -9999 -9999 -9999 -9999 -9999 -9999 -9999 -9999 -9999 -9999 -9999 -9999 -9999 -9999 -9999 -9999 -9999 -9999 -9999 -9999 -9999 -9999 -9999 -9999 -9999 -9999 -9999 -9999 -9999 -9999 -9999 -9999 -9999 -9999 -9999 -9999 -9999 -9999 -9999 -9999 -9999 -9999 -9999 -9999 -9999 -9999 -9999 -9999 -9999 -9999 -9999 -9999 -9999 -9999 -9999 -9999 -9999 -9999 -9999 -9999 -9999 -9999 -9999 -9999 -9999 -9999 -9999 -9999 -9999 -9999 -9999 -9999 -9999 -9999 -9999 -9999 -9999 -9999 -9999 -9999 -9999 -9999 -9999 -9999 -9999 -9999 -9999 -9999 -9999 -9999 -9999 -9999
-9999 -9999 -9999 -9999 -9999 -9999 -9999 -9999 -9999 -9999 -9999 -9999 -9999 -9999 -9999 -9999 -9999 -9999 -9999 -9999 -9999 -9999 -9999 -9999 -9999 -9999 -9999 -9999 -9999 -9999 -9999 -9999 -9999 -9999 -9999 -9999 -9999 -9999 -9999 -9999 -9999 -9999 -9999 -9999 -9999 -9999 -9999 -9999 -9999 -9999 -9999 -9999 -9999 -9999 -9999 -9999 -9999 -9999 -9999 -9999 -9999 -9999 -9999 -9999 -9999 -9999 -9999 -9999 -9999 -9999 -9999 -9999 -9999 -9999 -9999 -9999 -9999 -9999 -9999 -9999 -9999 -9999 -9999 -9999 -9999 -9999 -9999 -9999 -9999 -9999 -9999 -9999 -9999 -9999
-9999 -9999 -9999 -9999 -9999 -9999 -9999 -9999 -9999 -9999 -9999 -9999 -9999 -9999 -9999 -9999 -9999 -9999 -9999 -9999 -9999 -9999 -9999 -9999 -9999 -9999 -9999 -9999 -9999 -9999 -9999 -9999 -9999 -9999 -9999 -9999 -9999 -9999 -9999 -9999 -9999 -9999 -9999 -9999 -9999 -9999 -9999 -9999 -9999 -9999 -9999 -9999 -9999 -9999 -9999 -9999 -9999 -9999 -9999 -9999 -9999 -9999 -9999 -9999 -9999 -9999 -9999 -9999 -9999 -9999 -9999 -9999 -9999 -9999 -9999 -9999 -9999 -9999 -9999 -9999 -9999 -9999 -9999 -9999 -9999 -9999 -9999 -9999 -9999 -9999 -9999 -9999 -9999 -9999
-9999 -9999 -9999 -9999 -9999 -9999 -9999 -9999 -9999 -9999 -9999 -9999 -9999 -9999 -9999 -9999 -9999 -9999 -9999 -9999 -9999 -9999 -9999 -9999 -9999 -9999 -9999 -9999 -9999 -9999 -9999 -9999 -9999 -9999 -9999 -9999 -9999 -9999 -9999 -9999 -9999 -9999 -9999 -9999 -9999 -9999 -9999 -9999 -9999 -9999 -9999 -9999 -9999 -9999 -9999 -9999 -9999 -9999 -9999 -9999 -9999 -9999 -9999 -9999 -9999 -9999 -9999 -9999 -9999 -9999 -9999 -9999 -9999 -9999 -9999 -9999 -9999 -9999 -9999 -9999 -9999 -9999 -9999 -9999 -9999 -9999 -9999 -9999 -9999 -9999 -9999 -9999 -9999 -9999
