sesion_6_simulaciones/modelos_distribucion_especies/ejemplo/variables/presente/PA.asc
ncols 708
nrows 329
xllcorner -7.525000
yllcorner 35.991667
cellsize 0.008333
NODATA_value -9999
[rows 41 to 81 of 329, columns 376 to 469 of 708]
-9999 -9999 -9999 -9999 -9999 -9999 -9999 -9999 -9999 -9999 -9999 -9999 -9999 -9999 -9999 -9999 -9999 -9999 -9999 -9999 -9999 -9999 -9999 -9999 -9999 -9999 -9999 -9999 -9999 -9999 -9999 -9999 -9999 -9999 -9999 -9999 -9999 -9999 -9999 -9999 -9999 -9999 -9999 -9999 -9999 -9999 -9999 -9999 -9999 -9999 -9999 -9999 -9999 -9999 -9999 -9999 -9999 -9999 -9999 -9999 -9999 -9999 -9999 -9999 -9999 -9999 -9999 -9999 613 596 588 595 572 542 582 603 588 598 605 574 558 557 587 615 632 648 661 651 -9999 -9999 -9999 -9999 -9999 -9999
-9999 -9999 -9999 -9999 -9999 -9999 -9999 -9999 -9999 -9999 -9999 -9999 -9999 -9999 619 628 644 641 654 660 670 662 674 702 -9999 -9999 -9999 -9999 -9999 -9999 -9999 -9999 -9999 -9999 -9999 -9999 -9999 -9999 -9999 -9999 -9999 -9999 -9999 -9999 -9999 -9999 -9999 -9999 -9999 -9999 -9999 -9999 -9999 -9999 -9999 -9999 -9999 -9999 -9999 -9999 -9999 -9999 -9999 -9999 -9999 -9999 -9999 -9999 566 582 586 573 571 576 596 600 597 586 577 572 592 604 603 616 650 655 664 637 628 631 652 631 653 625
-9999 -9999 -9999 -9999 -9999 -9999 -9999 -9999 -9999 -9999 -9999 -9999 -9999 -9999 612 619 618 623 631 629 638 648 653 661 -9999 -9999 -9999 -9999 -9999 -9999 -9999 -9999 -9999 -9999 -9999 -9999 -9999 -9999 -9999 -9999 -9999 -9999 -9999 -9999 -9999 -9999 -9999 -9999 -9999 -9999 -9999 -9999 -9999 -9999 -9999 -9999 -9999 -9999 -9999 -9999 -9999 -9999 -9999 -9999 -9999 -9999 -9999 -9999 536 545 553 552 561 571 586 586 586 584 569 589 574 603 602 589 591 592 601 596 622 625 606 587 596 596
606 608 610 614 611 612 -9999 -9999 -9999 -9999 -9999 -9999 -9999 -9999 -9999 -9999 627 629 630 625 636 638 637 644 649 641 644 646 650 652 661 667 664 670 670 672 680 675 673 676 675 678 686 690 698 685 684 671 684 673 670 645 653 625 630 603 602 646 628 643 616 614 626 642 602 590 550 539 545 539 543 558 549 575 571 579 583 608 611 561 551 542 545 536 559 596 600 604 612 622 600 599 581 591
614 617 617 617 618 616 -9999 -9999 -9999 -9999 -9999 -9999 -9999 -9999 -9999 -9999 629 616 623 622 631 636 638 626 628 642 643 630 640 656 665 670 671 664 664 663 668 670 668 672 670 680 677 684 678 684 675 687 655 671 667 625 651 641 615 602 587 606 591 595 603 601 640 632 603 562 540 531 543 522 534 531 536 541 554 558 556 589 604 594 575 535 548 563 604 596 609 624 614 635 634 582 573 573
623 626 626 622 620 618 622 624 624 619 -9999 -9999 -9999 -9999 -9999 -9999 612 625 616 611 626 631 627 628 640 628 643 637 651 655 661 654 657 667 660 663 665 664 667 670 670 675 674 682 679 681 689 686 682 680 652 645 638 630 614 590 580 558 564 565 573 589 609 607 599 577 550 532 529 533 522 526 520 536 546 559 574 577 600 577 560 548 515 598 618 608 618 622 619 630 603 590 564 590
632 637 632 626 624 625 631 630 630 628 -9999 -9999 -9999 -9999 -9999 -9999 622 608 628 602 626 638 631 645 642 627 635 643 653 657 650 656 660 660 662 663 661 662 664 666 667 673 673 674 680 680 684 688 687 681 675 668 631 635 612 593 562 556 543 549 564 586 573 592 582 559 542 537 517 527 524 520 535 534 555 547 560 580 582 602 564 556 561 557 620 615 597 612 591 600 588 562 568 560
641 646 646 630 638 639 641 644 637 640 643 660 656 663 654 655 629 629 636 627 644 647 635 652 657 662 653 649 663 660 655 660 659 668 665 671 666 668 659 665 666 671 675 668 672 670 679 680 688 680 677 668 657 653 618 614 581 565 571 556 574 582 593 588 585 580 567 563 529 538 518 523 534 550 560 569 564 572 587 590 603 534 524 563 611 600 586 575 590 590 564 549 569 554
652 650 645 643 649 657 657 664 661 661 664 668 690 679 681 677 666 652 643 627 652 660 664 659 649 659 663 672 660 664 674 675 669 680 676 675 669 660 666 672 668 667 664 664 671 675 673 685 682 679 679 682 671 658 638 623 582 573 553 580 596 578 588 582 578 593 584 582 568 551 521 526 525 542 564 565 576 584 573 576 563 534 540 580 589 591 594 567 593 583 531 570 544 569
655 650 650 649 655 669 673 681 683 674 683 695 705 702 697 681 665 645 654 644 646 674 661 663 660 675 677 671 665 681 686 691 688 687 684 682 673 678 664 671 666 668 667 664 671 679 678 684 664 671 664 666 661 644 645 579 559 557 568 571 582 590 589 579 586 581 594 592 581 575 542 534 520 529 574 573 587 563 561 556 555 511 520 547 574 575 554 561 572 564 550 557 550 592
660 653 655 656 669 681 688 692 692 700 698 709 713 710 699 682 699 695 685 646 624 648 639 635 654 666 674 672 672 696 704 700 697 690 693 688 684 677 677 670 658 648 665 660 675 679 675 672 649 638 659 670 647 633 607 591 563 561 577 579 606 583 582 583 584 598 583 590 584 561 565 548 535 543 571 584 577 578 563 557 540 546 522 549 548 560 532 548 538 524 517 536 544 534
667 662 667 671 681 690 698 703 709 712 710 712 712 716 717 715 713 703 694 666 654 653 649 663 668 671 695 686 702 699 707 709 701 699 693 689 683 688 671 669 665 661 655 666 682 675 673 649 640 635 641 648 636 605 600 567 568 580 576 604 590 572 578 569 582 594 586 589 581 574 565 532 530 542 567 586 588 567 573 559 552 540 537 535 553 553 542 516 525 528 522 528 528 528
675 678 679 685 693 696 704 705 713 713 714 717 717 718 722 724 731 724 719 704 678 675 655 680 689 691 698 698 703 707 714 712 704 699 692 688 685 683 679 674 661 651 662 660 667 675 655 638 643 650 634 628 611 624 579 563 558 574 609 581 595 594 583 572 576 580 590 580 568 575 570 546 538 547 589 572 583 582 576 547 530 539 530 537 543 536 530 528 529 523 532 533 529 534
686 683 688 693 696 698 708 715 716 724 722 724 725 726 729 729 729 723 715 702 668 673 665 688 711 702 707 707 710 711 712 718 711 700 688 687 687 682 677 670 668 654 648 651 658 669 654 647 636 606 634 625 603 591 570 559 551 588 587 577 581 571 581 579 582 578 603 603 607 571 553 543 531 566 558 581 565 569 579 557 546 509 523 536 528 527 524 521 523 538 535 532 542 541
692 691 695 695 699 698 709 722 731 734 733 737 739 737 739 738 737 728 716 699 673 667 670 687 712 718 721 726 722 724 727 715 698 690 683 689 683 687 682 674 664 639 655 642 655 662 655 651 628 612 585 611 562 586 562 568 556 568 580 556 577 568 570 556 598 594 599 607 607 592 585 549 532 546 547 559 536 566 566 563 536 525 524 510 529 525 509 526 544 536 536 544 540 538
697 695 696 700 691 703 716 735 744 750 755 752 753 754 756 754 749 731 712 708 667 672 671 699 723 713 725 733 736 738 727 710 705 692 686 675 679 687 684 678 669 653 651 662 670 658 659 642 624 620 608 584 584 555 563 566 572 559 558 553 584 565 572 585 585 594 597 603 606 599 587 540 537 520 550 568 552 566 573 554 557 529 507 520 522 532 538 541 543 539 537 533 530 526
703 704 697 706 698 722 737 747 761 766 771 773 774 772 771 772 764 746 718 704 674 666 684 710 716 718 726 731 736 733 724 718 701 691 682 686 674 677 678 674 665 648 649 674 674 661 659 635 624 610 603 592 580 566 559 555 565 569 580 582 570 584 573 600 594 598 607 598 604 584 590 569 543 515 533 542 564 566 567 559 522 521 523 518 533 531 542 531 522 527 519 520 518 516
698 697 692 691 719 738 751 762 770 783 788 792 795 795 793 788 780 766 751 712 692 694 687 679 702 709 718 723 716 709 718 704 700 698 683 668 675 679 677 683 646 618 637 638 655 652 647 615 637 636 597 582 576 560 559 544 576 583 602 597 595 586 594 573 590 608 603 587 583 563 574 560 544 535 524 548 557 549 537 536 526 538 527 550 547 548 533 531 523 514 515 509 504 503
685 683 699 691 733 750 764 776 789 799 801 811 808 814 812 805 800 790 742 720 713 700 686 667 660 683 691 686 700 711 696 706 696 689 675 656 664 676 682 679 667 642 628 631 625 618 622 611 605 594 597 571 599 572 565 574 589 583 615 601 600 601 597 597 596 612 603 584 569 571 543 532 534 534 533 545 546 539 519 540 544 554 556 555 555 542 531 514 519 512 504 503 498 494
681 694 707 717 740 761 774 790 799 809 816 822 827 829 824 822 804 781 755 728 708 703 666 663 645 650 684 690 692 709 715 702 692 674 671 660 660 668 681 683 685 667 647 618 611 596 600 601 606 583 570 578 589 538 573 588 602 615 610 606 611 607 606 603 607 616 599 571 572 557 546 526 530 529 535 561 547 549 505 540 556 564 560 550 543 535 518 513 510 510 503 498 496 495
686 696 728 747 755 771 785 793 804 816 823 830 833 835 831 823 810 788 750 753 709 701 652 628 666 652 693 692 713 718 709 695 689 677 662 658 657 663 674 676 682 677 664 650 634 610 592 601 589 605 568 604 597 595 600 606 625 621 613 615 616 620 620 617 611 597 581 578 563 554 562 546 531 539 530 541 528 539 528 542 553 551 557 540 533 525 518 513 505 506 504 504 499 504
688 707 741 753 767 778 785 799 809 817 824 829 832 834 832 823 810 792 764 748 721 676 669 659 670 675 696 721 702 705 690 691 663 661 648 644 649 661 665 677 665 661 663 649 635 605 562 574 557 582 580 603 609 607 617 621 633 628 623 623 624 624 624 621 606 584 584 559 555 557 553 558 534 547 557 551 548 523 542 545 548 554 532 536 527 519 512 507 504 504 505 512 506 504
683 716 750 756 761 769 777 792 806 812 821 821 825 827 823 814 816 788 775 732 730 703 673 669 653 676 702 703 679 698 695 683 668 659 647 648 653 664 669 672 665 659 651 638 627 601 575 558 545 566 576 597 622 631 633 626 619 621 626 623 629 625 625 618 612 586 564 553 542 537 531 533 522 545 528 519 538 534 553 552 546 543 533 528 522 514 511 506 502 505 505 504 503 494
693 734 752 756 747 767 760 785 798 801 816 810 814 813 811 801 792 789 748 730 733 704 704 682 660 638 650 665 656 668 678 684 659 652 646 646 657 662 672 659 653 650 650 634 627 610 564 550 554 568 582 600 608 616 627 621 621 622 623 626 626 603 599 602 608 570 559 551 527 533 537 527 529 516 527 537 522 535 542 549 541 536 531 524 517 513 508 504 499 496 501 486 487 481
708 734 744 736 720 745 724 760 779 788 787 801 805 804 792 790 783 765 780 785 746 750 725 703 645 635 631 617 655 639 676 673 656 647 653 649 657 655 647 641 659 646 646 631 605 588 569 545 541 561 571 581 607 613 606 610 613 615 617 612 597 587 580 570 554 549 538 532 538 525 522 524 530 526 527 522 530 542 539 536 534 531 528 521 514 508 504 497 494 491 483 482 473 483
697 721 726 718 710 688 739 759 777 768 758 777 791 790 783 776 762 766 769 762 753 748 730 698 692 629 628 628 647 664 678 644 646 639 650 657 655 647 628 634 631 635 607 619 606 583 567 544 543 531 550 560 590 596 620 615 604 614 610 588 584 572 548 537 527 526 531 532 530 519 512 520 517 524 530 534 532 530 529 528 528 525 522 519 512 503 502 498 489 485 477 482 482 481
703 709 708 682 688 721 746 766 766 760 757 732 759 771 761 757 739 757 748 751 746 734 715 712 693 655 620 613 629 669 653 654 629 639 655 651 645 640 633 606 610 584 593 586 574 581 562 557 538 547 568 576 587 600 613 636 620 622 609 588 574 554 532 529 517 522 524 525 519 520 510 525 526 538 530 525 523 521 521 520 519 517 518 511 509 502 501 505 485 483 474 463 463 470
708 702 687 672 690 715 735 759 776 748 723 744 723 756 733 723 738 717 719 733 713 687 696 704 673 660 630 628 634 643 636 607 627 630 629 634 617 618 588 584 571 564 537 560 567 556 542 540 531 562 571 590 588 594 623 625 635 619 606 582 555 542 532 518 517 514 514 512 513 518 522 522 524 524 518 516 518 516 516 514 515 511 512 511 503 493 495 503 486 486 474 478 468 469
682 690 675 682 682 710 727 717 723 709 692 718 712 709 713 704 696 700 706 692 679 670 671 681 684 653 628 612 612 614 621 622 610 596 605 589 606 590 588 555 545 549 547 540 540 540 533 535 549 551 581 596 602 605 604 610 619 596 589 565 549 524 529 528 510 507 509 500 513 505 517 516 522 517 515 513 513 512 514 512 510 506 503 500 501 496 495 490 487 476 480 488 481 463
652 663 664 668 690 687 698 694 677 661 649 675 692 691 687 668 681 675 672 666 643 649 640 657 646 633 600 601 604 611 621 605 597 587 587 591 575 568 568 555 565 573 564 575 544 537 540 538 563 584 593 598 597 603 592 594 582 568 567 555 538 527 529 510 516 496 495 494 496 499 510 512 511 511 510 509 509 509 509 508 509 499 503 490 496 490 487 491 493 491 479 486 478 457
636 635 634 647 670 661 668 657 645 659 654 675 683 688 677 658 643 649 663 648 652 614 614 630 631 596 609 594 620 614 629 627 588 583 572 563 586 587 586 594 585 602 604 588 575 558 550 546 567 560 583 586 586 582 576 553 556 553 538 536 538 529 516 516 499 498 504 493 504 499 505 503 507 509 509 506 504 502 501 501 498 491 492 490 486 487 496 488 492 487 485 482 470 458
632 629 621 629 635 647 651 632 648 629 635 659 668 670 647 639 628 641 630 649 624 611 606 592 598 594 614 636 635 659 637 651 609 590 574 599 592 582 600 595 620 625 638 621 617 561 573 561 563 598 588 581 574 556 552 528 523 521 529 536 523 520 508 497 502 493 495 491 496 492 495 496 506 506 507 505 500 495 494 491 484 477 473 485 491 481 484 489 485 482 478 474 463 455
616 620 626 625 628 626 620 614 623 614 619 633 629 627 627 609 615 615 610 624 608 588 592 594 607 621 639 661 672 672 667 649 655 656 596 589 572 566 586 602 621 638 647 646 622 611 597 583 595 600 583 574 556 551 543 520 511 516 525 516 510 512 500 492 489 484 477 483 490 488 492 497 509 510 507 501 495 488 486 482 480 472 468 470 487 483 486 481 478 477 470 465 462 451
617 610 614 626 620 624 614 609 608 602 602 616 599 599 604 581 595 597 591 574 590 580 580 588 609 628 643 654 675 681 683 682 672 664 630 578 574 568 593 592 620 634 642 642 634 620 614 610 595 593 574 558 556 522 515 509 501 508 508 510 504 499 491 490 486 481 478 474 478 486 494 495 500 499 502 494 486 483 480 477 471 478 467 474 477 474 473 469 466 464 461 458 455 443
605 612 612 617 621 602 607 606 613 605 599 598 590 595 599 573 576 581 582 576 580 562 566 595 602 607 621 642 655 676 671 673 658 654 586 585 581 597 596 615 634 616 631 620 608 621 612 601 588 562 561 551 532 516 507 499 496 501 500 500 494 494 490 492 495 480 471 471 479 482 493 494 499 494 493 482 482 480 474 469 465 463 466 466 469 467 465 464 458 456 456 455 452 446
592 597 604 606 605 594 606 597 596 607 588 599 579 594 576 578 547 566 558 567 558 558 574 576 579 589 607 616 623 645 633 635 634 616 575 573 592 599 629 609 607 595 594 582 587 589 597 585 564 561 549 545 514 504 491 492 492 493 496 497 494 487 488 479 479 466 468 463 471 477 481 482 486 484 480 479 475 474 468 463 458 456 458 458 461 459 453 454 453 453 451 451 454 449
604 600 600 608 585 576 593 601 584 593 579 572 567 579 582 570 567 568 559 545 548 555 577 572 574 568 575 591 589 595 603 606 594 574 580 575 575 593 601 587 583 577 564 575 566 564 559 560 547 542 542 516 508 492 488 484 488 491 491 487 493 494 481 477 470 460 462 458 468 471 476 478 475 472 470 473 475 470 468 458 455 453 455 454 454 456 453 451 449 449 453 455 449 440
588 593 592 601 584 563 566 572 583 568 586 567 568 569 565 562 561 556 535 558 539 575 566 578 554 561 566 573 575 581 578 578 570 573 577 572 590 586 581 567 554 561 563 553 552 550 547 533 530 540 525 511 497 487 483 483 482 487 482 478 485 484 479 468 461 456 460 465 462 471 480 476 472 465 465 470 466 466 462 451 449 447 448 455 458 458 453 447 460 454 459 448 441 426
581 575 580 578 557 567 547 563 572 577 556 566 556 559 557 558 551 544 541 551 555 559 567 551 548 569 567 558 563 554 564 567 560 556 561 577 580 578 565 562 550 552 550 540 536 524 520 521 515 507 506 494 483 478 473 470 476 477 470 470 471 471 472 461 447 447 449 457 465 469 473 475 467 460 460 465 459 459 453 452 444 446 447 450 457 458 457 457 458 459 455 446 437 418
576 572 565 556 550 549 549 560 564 562 564 544 548 546 550 543 547 522 546 540 545 550 543 541 534 549 547 546 548 539 547 555 554 557 562 564 568 565 562 559 552 548 543 529 524 513 508 502 494 489 482 484 476 473 466 467 466 461 467 459 461 456 457 445 443 444 451 459 456 463 464 465 464 455 450 454 451 447 446 441 445 448 453 453 457 454 458 456 457 460 452 447 425 412
568 564 567 554 547 543 551 557 556 557 539 542 540 538 539 532 536 529 532 539 539 530 531 534 532 534 538 542 545 549 545 546 549 553 557 562 563 561 560 557 550 542 535 525 514 505 497 488 479 475 469 467 465 462 454 456 455 451 453 443 447 442 436 435 438 445 443 447 451 454 451 457 456 449 445 439 443 439 441 444 447 451 453 458 458 462 459 462 460 452 443 435 422 411
