sesion_6_simulaciones/modelos_distribucion_especies/ejemplo/variables/presente/PV.asc
ncols 708
nrows 329
xllcorner -7.525000
yllcorner 35.991667
cellsize 0.008333
NODATA_value -9999
[rows 159 to 211 of 329, columns 384 to 479 of 708]
42 44 43 43 44 46 46 46 46 47 46 47 46 46 45 45 43 41 42 43 44 45 48 49 49 46 43 42 42 42 43 43 43 44 43 43 42 43 43 42 42 41 42 42 41 40 39 39 39 39 39 39 39 39 39 37 38 38 38 37 36 36 36 38 38 39 40 40 40 40 38 36 35 36 36 36 38 40 40 41 44 47 47 48 48 47 46 47 45 44 42 40 39 38 38 37
44 45 45 44 46 48 48 49 48 50 52 51 49 47 46 45 44 44 45 46 48 49 51 49 46 44 43 42 43 43 43 44 44 44 44 44 43 42 42 42 41 41 41 40 40 40 39 39 40 40 40 42 40 40 39 37 37 39 39 38 37 36 36 37 38 38 38 39 40 41 39 37 35 36 37 37 37 38 40 41 43 44 44 45 44 43 44 45 45 43 41 39 39 38 38 37
42 42 43 45 50 53 53 52 53 55 56 54 50 47 47 47 47 48 49 50 51 52 50 47 45 43 43 43 44 45 45 46 46 45 44 44 43 42 42 42 41 41 41 41 41 41 39 40 40 42 43 43 42 40 38 37 38 38 38 38 37 36 35 36 37 38 39 39 40 41 40 37 35 34 36 37 37 39 42 42 42 41 41 41 41 41 41 42 43 42 40 39 38 38 37 37
40 41 42 46 50 54 54 53 54 56 56 52 49 46 46 47 48 49 49 50 49 49 47 46 44 44 45 44 45 46 45 45 46 46 45 43 43 42 41 42 42 42 41 41 41 41 40 40 41 42 44 44 42 40 39 39 39 39 39 37 37 35 35 35 37 39 39 40 40 41 41 38 34 33 33 36 38 40 43 43 41 39 39 39 39 39 40 40 40 41 40 39 38 37 37 36
41 40 42 46 50 52 51 49 49 51 50 48 45 45 46 47 47 48 48 46 45 45 45 44 45 45 46 47 47 46 45 46 46 46 44 42 41 41 40 41 42 43 42 42 41 41 41 41 41 42 43 42 42 41 40 40 40 39 38 36 35 34 34 35 36 37 38 38 40 41 41 38 35 32 32 34 37 40 42 42 41 39 38 38 38 38 38 39 39 40 39 38 37 36 36 37
40 41 43 47 49 49 48 46 46 46 46 45 45 45 45 46 45 46 46 44 44 43 43 43 44 45 45 46 45 46 46 46 46 44 42 40 39 40 40 41 42 43 44 43 42 42 42 41 40 40 40 40 39 39 39 39 38 37 37 35 35 35 34 35 35 36 37 38 40 41 40 39 35 33 32 34 38 42 44 42 40 38 37 36 37 37 37 38 39 38 38 37 36 36 37 38
43 44 46 45 45 46 46 44 44 44 44 44 45 45 44 43 43 44 43 43 42 42 42 42 43 44 44 44 45 45 46 44 43 43 42 40 39 40 41 42 43 44 44 43 42 42 41 40 39 39 39 38 37 37 37 37 37 36 36 36 36 36 36 35 35 36 40 41 41 41 39 37 35 33 32 34 38 40 41 39 37 37 36 36 36 36 36 37 37 37 36 36 37 38 39 39
46 45 44 43 43 44 44 44 44 44 44 44 44 43 42 41 42 42 42 41 42 42 41 41 42 42 43 44 45 45 43 42 42 42 42 41 40 39 41 42 42 43 43 43 41 40 40 39 39 39 39 38 37 37 36 36 36 36 36 36 37 38 37 37 36 37 38 39 40 39 38 36 35 33 32 33 36 36 35 35 35 35 35 35 35 35 36 36 36 35 36 37 38 39 40 41
43 41 41 41 42 42 43 43 43 43 44 44 43 42 40 40 40 41 42 41 41 41 41 40 41 42 44 45 44 43 42 40 39 40 41 40 39 38 39 41 42 41 42 41 40 39 40 40 40 40 40 39 38 38 37 35 35 35 35 36 38 39 40 40 39 35 33 35 36 37 36 34 34 34 32 32 33 33 33 34 34 34 34 34 34 35 35 35 34 35 36 38 39 41 44 46
39 41 41 41 40 42 42 43 43 44 44 44 43 42 40 39 40 40 41 39 39 40 41 42 42 44 44 44 42 42 40 40 38 39 39 39 38 39 39 40 41 40 39 38 38 39 40 42 42 41 39 39 41 40 38 37 35 35 35 38 39 40 39 38 36 34 32 32 33 34 34 33 33 32 32 32 33 33 33 33 34 34 33 33 33 34 34 34 34 36 37 39 41 43 47 51
37 40 40 39 39 40 41 43 42 42 42 41 41 40 39 39 38 39 39 40 40 41 44 45 45 44 43 42 41 40 39 38 38 38 38 39 39 39 40 41 40 38 37 37 38 39 41 43 43 42 40 39 40 40 39 37 36 35 35 36 37 36 35 34 33 32 31 31 32 33 33 33 32 32 32 32 33 33 33 33 33 33 33 33 33 34 34 34 36 37 39 40 43 46 49 51
36 37 37 38 40 41 40 39 39 39 39 40 39 39 39 38 38 39 40 42 43 44 45 46 46 44 42 41 40 39 38 38 38 39 40 41 41 41 41 41 40 37 36 39 39 40 41 43 43 41 38 37 38 40 39 37 36 35 34 34 34 34 33 32 32 32 31 31 32 33 33 33 33 32 32 32 33 33 33 33 32 33 33 34 34 35 35 36 36 37 39 40 44 48 50 50
35 36 36 38 41 40 39 38 37 38 39 40 40 41 39 38 38 40 42 43 43 44 45 47 46 44 42 41 40 38 39 40 41 42 43 42 42 42 42 41 41 38 37 38 39 40 43 42 40 39 37 35 36 37 36 35 35 33 33 33 34 34 33 32 32 32 31 31 32 33 33 33 33 33 32 32 33 33 32 32 32 32 33 33 34 35 35 36 37 37 39 40 42 45 45 46
35 36 38 39 39 38 37 38 38 40 42 43 42 41 39 38 39 42 42 42 42 42 44 45 45 44 43 42 41 39 39 41 42 44 43 43 42 42 43 42 40 37 36 36 38 40 42 43 41 38 36 35 34 34 34 33 32 32 32 33 34 34 34 33 32 32 31 31 32 33 33 34 33 33 32 32 32 32 32 32 32 32 33 34 34 35 35 36 37 38 38 40 42 44 45 45
35 37 38 37 37 37 38 40 41 42 42 43 43 40 38 38 39 41 40 40 40 41 43 44 44 43 43 43 41 38 38 40 41 44 44 42 41 41 42 41 39 36 35 36 37 39 42 43 41 37 35 33 33 32 32 32 31 32 33 33 34 34 34 33 33 33 31 31 32 33 33 33 33 32 32 32 32 32 31 31 31 32 33 34 34 35 35 36 37 38 39 41 43 45 46 44
35 36 37 37 37 38 40 40 41 42 42 43 41 40 37 37 38 39 38 38 40 41 43 44 44 42 42 43 40 39 37 40 42 43 43 41 38 38 39 39 37 34 34 34 35 36 38 40 40 36 33 32 32 31 31 31 32 33 34 34 34 34 33 33 33 33 31 31 32 33 33 33 32 32 31 31 31 31 31 31 31 32 33 34 34 35 36 36 37 38 39 40 42 42 42 42
35 35 35 35 36 38 39 38 39 41 41 41 40 40 37 38 37 37 37 39 41 42 42 42 41 41 40 40 40 37 37 39 42 43 41 40 37 37 38 37 36 33 32 33 34 34 35 36 35 33 33 33 33 32 30 31 33 33 32 33 33 33 33 32 32 32 31 32 33 33 33 32 32 31 31 30 30 31 31 31 32 32 33 33 34 35 35 36 36 38 39 41 43 44 44 44
34 34 34 34 36 36 36 36 37 37 38 39 40 39 37 36 37 37 39 40 42 42 41 40 39 38 38 37 37 36 37 39 41 41 40 39 37 36 36 35 34 33 32 32 32 33 33 33 33 33 34 35 33 32 31 32 32 31 31 30 30 30 30 30 30 30 31 32 33 33 33 32 32 32 31 31 31 31 31 31 32 32 33 34 35 35 35 36 38 39 40 43 46 47 46 46
33 33 34 34 34 34 34 34 34 35 35 36 37 36 36 36 37 39 40 41 42 41 39 38 38 38 38 38 37 37 37 38 38 37 38 38 37 35 34 34 34 33 32 31 32 32 32 32 32 32 33 33 32 31 30 30 30 29 29 28 28 28 28 28 28 29 30 32 34 36 35 35 36 35 33 31 31 31 31 31 32 32 33 34 35 35 35 37 38 39 40 42 44 47 47 46
36 35 34 34 34 35 35 35 35 35 36 35 35 36 37 38 39 41 42 42 42 41 40 39 39 39 40 40 38 36 36 36 36 36 36 35 35 34 33 33 33 33 31 31 31 31 31 31 31 31 31 31 31 30 29 29 28 28 27 27 27 26 26 27 27 28 29 31 33 34 34 35 36 35 33 32 32 31 30 30 31 32 32 33 34 34 35 36 37 37 38 39 41 44 46 45
38 37 35 35 36 37 38 38 38 38 37 37 36 36 37 39 40 42 43 43 44 43 42 40 39 40 39 39 37 36 35 35 36 35 35 34 34 33 32 32 32 31 30 30 30 30 30 30 30 30 30 30 30 30 29 28 28 27 27 26 26 25 25 25 26 27 28 29 30 30 30 32 32 31 30 30 30 30 29 30 30 31 32 32 33 34 35 36 36 36 37 38 40 41 42 42
37 36 35 36 38 40 41 40 39 39 38 38 37 37 37 38 40 42 43 44 44 44 42 41 41 40 40 38 37 35 34 34 34 34 34 33 33 32 31 31 31 31 30 30 30 29 29 29 29 29 29 29 29 29 28 28 27 26 26 25 25 24 23 23 24 26 27 27 28 28 28 28 28 28 27 27 27 27 28 29 30 31 31 32 33 33 34 35 36 36 37 38 39 40 40 39
37 35 36 38 40 42 42 41 40 39 39 38 38 38 37 37 38 40 42 43 43 43 42 42 41 41 39 38 36 35 34 33 33 33 33 32 32 32 31 31 31 30 30 30 29 29 29 29 29 28 28 28 28 28 28 27 26 26 25 25 24 24 22 22 23 25 26 26 27 27 27 27 27 26 26 24 24 26 27 28 30 30 31 32 33 34 34 35 36 36 37 38 38 39 40 39
37 37 37 39 42 42 42 40 40 39 39 39 38 38 38 38 38 40 41 42 42 42 42 41 42 40 39 37 36 35 34 33 33 32 32 32 31 31 31 30 30 30 30 29 28 28 28 28 28 27 27 26 26 26 26 26 25 25 25 24 24 23 23 23 23 24 25 25 26 26 26 26 26 26 26 25 25 26 27 28 29 30 31 32 33 34 35 36 36 36 37 38 38 39 39 38
38 38 40 41 42 42 41 40 40 40 39 39 39 38 38 37 37 39 41 41 41 41 42 42 42 40 38 37 36 35 34 33 33 32 32 32 31 31 31 31 31 30 29 29 29 28 28 27 26 25 25 25 25 25 25 25 25 24 24 24 24 23 23 23 23 24 24 25 25 26 26 26 26 26 26 26 26 27 28 28 29 30 32 33 34 36 37 37 37 37 37 37 37 37 38 36
39 40 41 42 42 41 41 41 40 40 40 39 39 39 37 38 38 37 38 40 41 42 43 43 42 40 38 37 36 34 34 33 33 32 32 32 32 31 31 31 31 30 30 29 29 28 27 26 25 24 24 23 24 24 24 24 24 24 24 24 24 24 24 23 23 23 24 24 25 25 26 26 26 26 26 26 27 27 28 29 29 30 32 33 35 37 40 39 39 38 38 37 36 37 37 36
39 39 40 41 41 41 41 41 40 40 40 40 39 39 38 38 38 37 37 39 40 42 43 42 42 40 38 37 35 34 34 33 33 33 32 32 32 32 31 31 31 31 30 29 29 28 27 27 25 24 22 23 23 24 24 24 25 25 24 24 24 24 24 24 23 23 23 24 25 25 25 26 26 26 26 27 27 27 28 29 29 30 31 33 34 36 39 39 38 38 36 35 36 36 36 35
39 40 40 41 41 41 41 41 41 41 41 40 39 39 38 38 38 37 37 38 38 39 39 39 38 38 37 36 35 35 35 34 34 34 34 33 33 33 32 31 31 31 30 30 29 28 28 26 25 23 21 21 23 24 24 25 25 25 25 25 25 25 25 24 24 24 24 25 25 25 26 26 26 26 27 27 27 28 28 29 29 30 31 32 33 34 35 35 36 35 35 36 36 35 34 34
40 41 41 41 41 41 42 41 41 41 41 40 40 39 39 38 38 39 38 38 37 37 37 37 37 36 36 36 35 35 36 35 35 34 34 34 34 33 33 32 30 30 30 30 30 29 28 27 26 25 24 23 24 24 25 25 25 26 26 25 26 26 25 25 25 25 25 25 26 26 26 26 26 27 27 27 27 28 28 29 29 30 30 31 32 32 33 33 34 34 35 35 34 33 33 34
41 41 41 41 42 42 42 42 42 41 41 41 40 39 39 40 40 41 42 42 40 40 39 38 37 37 37 36 36 36 36 36 36 36 35 35 34 34 34 33 32 31 31 31 31 30 29 28 28 27 27 26 26 26 26 26 26 26 26 26 26 27 26 26 26 26 27 27 26 27 27 27 27 27 27 27 28 28 28 28 29 29 30 30 31 31 31 32 32 32 32 32 32 31 31 31
41 42 42 42 42 42 42 43 43 43 43 42 41 40 40 42 44 47 49 48 46 44 42 39 38 37 38 38 37 36 36 36 37 37 36 36 36 35 35 35 34 33 31 31 31 32 31 30 29 29 28 27 27 27 27 27 27 27 27 27 27 27 27 27 28 28 28 27 28 28 28 28 27 27 27 28 28 28 28 28 29 29 29 30 30 30 31 31 31 31 32 32 31 30 30 31
42 42 42 43 43 43 44 44 44 44 43 42 41 41 42 46 50 53 54 52 49 46 42 40 39 39 39 39 39 38 37 37 38 38 38 37 37 36 36 36 35 33 32 32 31 31 31 31 31 30 29 29 28 28 28 28 27 27 27 27 28 28 28 28 29 29 28 28 28 28 28 28 28 28 28 28 28 28 28 28 29 29 29 29 30 30 30 30 30 30 31 31 32 32 32 35
42 43 43 43 44 44 45 45 45 44 43 42 42 43 45 48 52 55 55 54 50 47 43 41 41 40 40 40 41 40 39 38 38 39 39 38 38 37 37 36 35 34 33 33 32 31 32 32 32 31 30 30 30 29 29 29 28 28 28 28 28 28 29 29 29 30 29 29 29 29 28 28 29 29 28 28 29 28 28 28 28 29 29 29 29 29 29 29 30 30 30 30 31 31 33 35
43 43 44 44 45 46 46 45 45 44 44 43 44 44 46 50 53 57 58 57 55 50 47 44 44 44 45 44 41 41 40 39 38 39 40 40 39 38 38 37 35 35 35 35 33 32 31 32 33 32 31 31 31 30 30 30 29 29 29 29 28 29 29 29 30 30 30 30 30 30 28 28 29 29 29 29 29 29 28 28 28 28 29 29 29 29 29 29 29 29 30 31 32 32 33 33
43 44 44 45 46 46 46 46 46 45 45 45 45 46 48 51 55 59 61 61 58 54 50 49 50 51 50 47 44 42 41 40 39 39 40 41 40 40 39 38 36 35 36 36 35 33 32 32 33 33 32 32 32 32 31 31 30 30 30 29 29 29 29 29 30 30 31 31 31 31 29 29 29 30 30 30 30 29 29 28 28 28 28 29 29 29 29 29 29 30 31 32 33 34 33 34
44 44 45 46 47 48 48 48 47 47 46 46 47 48 50 55 59 61 63 63 60 56 54 54 56 56 54 50 48 45 44 42 40 39 40 41 42 41 40 39 37 36 37 37 36 34 33 32 33 33 34 33 32 32 32 32 31 31 30 30 30 29 29 29 29 30 30 31 31 31 30 29 30 30 31 31 30 29 28 28 27 27 28 28 29 29 30 30 30 31 32 33 34 35 35 37
44 45 47 48 49 49 49 49 49 49 47 47 49 51 54 57 59 62 64 65 63 60 58 58 59 58 56 53 51 48 46 43 41 39 40 41 42 42 41 39 38 37 38 37 37 36 33 33 33 34 34 33 33 33 33 33 32 32 32 31 30 30 30 30 29 30 30 30 30 31 30 29 29 30 30 31 31 29 28 28 27 27 28 28 29 29 30 30 31 32 33 34 35 36 36 38
45 46 47 49 49 50 50 51 51 50 50 51 54 56 58 60 61 63 64 66 66 62 61 60 59 58 56 54 51 49 47 45 43 41 40 41 42 42 42 39 38 39 39 38 37 36 34 33 35 35 34 34 33 34 34 33 33 32 32 32 31 30 30 30 30 30 30 30 30 30 29 29 29 29 29 29 30 29 29 29 28 28 29 29 29 30 30 31 31 32 33 35 37 37 37 38
45 46 48 49 50 51 51 52 52 51 52 55 59 60 61 63 65 66 66 67 66 65 62 62 61 60 57 55 54 52 50 48 45 41 41 42 43 43 42 39 38 39 40 39 38 37 34 34 35 36 35 35 34 34 34 34 33 33 32 32 32 31 31 30 30 30 30 30 30 30 30 29 29 29 29 29 29 29 30 29 29 29 29 30 30 30 30 31 31 32 34 36 37 39 39 39
46 47 48 49 51 52 54 56 57 54 54 58 62 63 64 65 67 68 68 68 68 66 64 63 62 61 59 59 58 56 52 48 45 42 43 44 44 43 41 39 38 39 40 40 39 38 35 34 35 36 36 36 35 35 35 34 34 33 33 33 32 32 31 31 31 31 31 31 30 30 30 30 30 30 30 29 30 30 30 30 30 30 30 30 31 31 31 31 31 32 33 35 39 39 39 38
47 48 50 51 53 55 59 61 59 55 55 59 64 66 67 67 67 68 69 69 68 67 65 63 62 62 61 60 58 56 52 48 44 43 45 46 45 42 41 39 38 38 40 41 40 39 37 34 34 35 36 36 36 36 35 35 35 34 34 33 32 32 32 31 31 31 31 31 31 31 31 30 30 30 29 29 29 30 30 30 30 31 31 31 31 32 32 31 32 31 32 34 35 37 37 38
48 50 52 54 56 61 65 64 58 55 55 60 66 69 70 70 70 70 70 69 68 67 65 64 62 61 60 58 57 55 52 48 46 45 46 46 46 44 42 41 39 38 39 40 41 40 38 35 34 34 35 36 36 36 36 36 35 35 34 33 33 33 32 32 32 32 32 32 32 32 32 31 30 30 30 30 30 30 30 31 31 31 32 32 32 33 33 33 33 32 32 33 33 35 40 42
49 52 54 56 59 63 65 63 58 55 56 62 69 73 75 74 73 73 72 71 69 67 67 65 63 61 59 57 56 54 52 50 48 47 47 47 47 46 44 42 40 38 38 39 40 41 39 36 34 34 35 36 37 37 37 36 36 35 34 34 34 33 33 33 33 33 33 34 33 33 33 32 31 31 31 31 31 31 31 31 31 32 33 34 35 36 37 37 36 36 36 36 36 40 43 46
50 53 56 59 62 63 63 61 55 50 57 65 71 77 79 78 76 75 74 72 70 69 67 66 64 62 60 57 55 53 51 50 48 48 48 48 47 46 45 43 41 38 38 39 40 41 40 37 35 34 35 37 37 37 37 37 36 36 35 35 34 34 34 34 34 34 34 35 35 34 33 33 32 32 32 32 32 31 32 31 31 32 33 35 37 39 40 41 42 41 41 40 40 41 44 46
51 56 60 63 66 67 68 68 60 51 60 68 74 78 81 80 78 77 75 73 71 71 69 67 66 64 60 56 54 52 51 49 49 48 48 47 46 45 45 43 41 39 38 39 40 41 40 38 35 34 36 38 38 38 38 37 37 37 36 36 35 35 35 35 36 35 36 37 37 36 35 35 33 33 34 34 34 33 33 32 31 31 32 34 36 38 40 42 43 42 42 42 41 40 39 42
53 59 64 69 73 78 82 81 77 75 74 77 79 82 83 83 82 79 77 74 73 71 70 69 66 64 62 57 53 52 51 50 49 48 47 47 45 44 43 41 40 39 39 40 40 41 40 38 35 34 37 38 39 39 39 38 37 37 37 36 37 37 37 37 37 37 37 37 37 36 36 35 35 34 35 35 35 34 33 32 31 31 30 31 32 35 37 39 38 38 40 41 39 38 39 42
58 64 70 77 85 93 97 97 94 92 90 87 86 87 87 85 83 81 79 75 73 70 70 68 66 64 60 58 54 53 51 50 49 48 47 46 45 44 42 41 39 39 40 41 42 41 40 38 36 35 36 38 38 39 39 39 38 38 38 37 38 39 39 39 39 38 38 37 37 36 36 35 36 36 36 35 35 34 34 33 32 31 30 30 30 32 34 35 34 35 36 36 39 38 42 44
65 73 81 88 97 106 112 113 110 106 101 96 94 91 88 86 84 82 80 77 74 71 69 68 65 62 60 58 56 54 52 50 49 48 47 46 45 45 43 42 40 39 40 42 42 42 41 39 37 35 35 35 36 37 38 39 38 38 38 38 39 39 39 39 39 39 38 38 38 37 37 36 36 36 35 35 35 35 34 33 32 31 31 30 30 31 32 32 32 33 33 34 35 39 42 45
73 83 91 98 107 117 128 136 132 121 111 104 99 95 91 88 84 82 80 77 73 70 68 68 65 61 58 57 55 54 52 51 50 49 47 47 46 46 44 43 40 40 40 41 41 41 42 41 39 37 34 34 34 36 36 37 38 38 39 40 40 39 39 39 39 39 39 39 38 38 37 37 36 36 36 35 35 35 34 34 33 32 32 31 31 31 31 31 31 32 32 33 35 40 44 48
77 88 96 103 112 126 151 182 161 135 120 110 105 101 95 90 86 83 78 74 71 69 67 66 63 60 58 56 55 54 53 51 50 50 48 48 47 46 45 43 41 41 41 41 42 42 42 42 40 38 35 34 34 34 35 35 36 37 39 40 40 40 40 40 40 40 40 39 39 38 38 37 37 37 37 36 36 35 34 33 33 32 32 32 31 31 31 31 31 31 31 32 34 38 43 47
80 91 98 104 111 125 145 168 157 138 123 113 108 105 101 95 90 85 80 74 70 67 65 63 61 58 57 56 56 55 53 52 50 49 49 48 47 46 45 43 41 40 40 41 42 42 42 42 41 39 36 34 33 33 34 35 35 36 38 39 39 39 39 39 39 40 40 40 40 40 39 38 38 38 38 37 37 36 34 34 32 32 32 31 31 31 31 31 30 30 31 32 33 35 39 41
81 89 93 98 105 114 126 135 137 130 122 113 109 106 103 100 95 89 81 76 72 68 64 61 59 57 56 56 57 57 55 53 51 50 49 48 48 47 46 43 41 40 40 40 40 41 41 41 40 38 36 34 33 33 33 34 34 35 35 36 35 35 35 36 36 37 39 40 41 41 41 40 40 39 38 37 37 36 35 34 34 33 33 32 31 31 31 31 30 30 31 32 32 33 35 37
78 82 85 90 97 105 112 117 118 120 118 113 109 105 99 98 95 90 84 77 72 68 64 60 57 55 54 54 54 55 54 53 51 49 49 48 48 47 46 43 40 40 39 39 39 40 40 40 39 38 36 34 33 33 32 33 33 34 34 33 32 33 33 34 34 35 36 38 40 41 42 41 42 41 41 39 38 37 35 35 34 34 33 34 33 32 31 30 30 30 32 32 32 33 34 37
