sesion_6_simulaciones/modelos_distribucion_especies/ejemplo/variables/presente/PV.asc
ncols 708
nrows 329
xllcorner -7.525000
yllcorner 35.991667
cellsize 0.008333
NODATA_value -9999
[rows 265 to 317 of 329, columns 192 to 287 of 708]
22 22 22 22 23 23 24 24 24 25 25 25 26 26 26 26 26 27 27 28 28 29 30 31 30 32 32 34 34 34 36 37 39 41 44 47 49 50 49 45 44 44 45 43 41 39 38 36 35 38 39 40 40 43 45 46 46 43 40 37 34 33 34 37 36 35 36 38 40 43 42 42 41 41 38 35 33 31 29 29 31 33 35 35 35 38 40 44 48 49 48 45 42 43 46 47
22 22 22 22 22 23 23 23 24 25 25 25 25 25 26 26 26 27 27 28 29 30 30 30 31 32 33 33 33 34 36 37 40 41 44 47 49 50 48 45 44 44 44 44 42 39 38 36 35 36 38 39 42 44 46 46 45 43 41 38 35 33 33 36 36 35 34 37 38 40 40 39 39 38 35 33 30 29 29 31 31 33 37 38 40 41 42 43 47 49 46 44 42 41 43 45
22 22 22 22 22 22 23 23 24 24 25 25 25 25 26 26 26 27 27 28 29 31 30 31 32 33 33 32 32 34 37 39 40 42 44 47 48 47 46 41 42 42 42 42 41 39 37 36 35 35 37 41 42 43 43 43 43 41 40 37 34 31 31 32 33 32 34 35 39 38 36 35 35 33 30 29 29 29 31 32 32 34 37 40 44 47 46 45 47 45 43 42 42 40 40 42
22 22 22 22 22 22 23 23 24 24 25 26 26 26 26 26 26 27 28 29 30 31 30 30 33 33 32 32 33 34 36 37 40 41 43 45 44 45 44 43 42 41 39 40 39 37 36 35 34 35 39 40 41 42 41 39 38 39 37 36 34 32 30 30 31 32 33 36 37 38 35 33 32 29 29 29 29 31 33 33 34 36 38 43 47 51 49 47 45 42 40 39 38 39 38 38
22 22 22 22 22 23 23 23 24 24 24 25 26 26 27 27 27 27 28 29 30 30 29 30 31 32 31 32 34 35 36 37 39 40 40 41 42 44 45 45 45 42 40 39 37 35 35 35 35 35 36 38 39 40 40 38 36 34 34 33 33 30 29 30 31 32 32 34 35 35 33 31 29 29 28 30 32 33 33 35 37 38 41 46 49 53 52 49 44 41 39 37 36 36 37 36
22 22 22 22 23 22 23 23 23 24 24 25 26 27 27 27 27 27 28 28 29 30 30 30 30 31 31 32 33 35 35 35 37 38 38 39 40 44 46 46 44 43 41 39 38 36 37 36 35 34 34 35 37 38 40 39 36 33 32 31 30 29 28 29 30 30 30 32 32 32 30 28 28 29 30 32 35 37 37 36 37 40 44 46 47 50 51 48 44 40 37 36 35 36 35 36
23 22 22 22 22 22 22 23 23 23 24 25 25 26 27 27 27 27 28 29 30 30 30 29 30 31 31 32 32 32 33 34 35 36 37 38 40 42 44 44 43 41 39 38 37 36 36 35 35 34 33 33 35 37 38 38 36 33 31 29 29 28 28 29 29 30 30 31 31 29 28 27 28 29 30 32 37 38 36 36 34 37 39 40 41 44 46 46 41 36 35 34 35 34 34 34
24 23 22 22 22 22 22 22 23 23 24 25 26 26 27 27 27 27 28 29 29 29 30 30 32 32 33 33 33 33 33 34 35 37 37 38 39 40 41 42 42 41 38 37 37 35 35 35 36 35 34 33 33 35 36 36 34 32 30 29 28 28 28 29 29 29 29 31 30 28 27 27 27 28 29 31 35 36 35 34 32 32 34 35 36 39 40 41 37 35 34 33 33 32 33 33
24 23 22 22 22 21 21 22 23 24 24 25 26 26 27 27 27 27 28 29 29 29 30 30 32 33 34 34 34 33 34 35 37 38 39 39 39 39 39 40 41 41 40 38 37 37 35 36 38 38 36 34 32 33 33 33 31 30 30 29 28 28 28 28 29 29 29 30 30 28 27 27 27 26 28 29 31 32 30 31 30 30 29 31 32 33 34 34 33 32 32 32 32 32 32 32
23 23 22 22 22 22 22 23 24 25 25 26 26 26 27 27 27 27 28 29 28 29 29 30 31 31 32 33 33 34 34 35 37 39 41 41 39 39 39 39 40 40 39 38 37 38 37 37 38 38 36 33 31 31 32 31 30 29 29 29 28 28 28 27 28 28 29 30 30 28 26 26 26 27 28 28 28 27 26 28 29 29 28 29 29 29 30 29 29 30 30 30 31 31 30 30
23 23 22 23 23 23 24 24 25 26 26 26 26 26 27 27 27 28 28 28 28 29 29 29 30 31 31 31 32 32 34 34 35 37 39 40 38 37 38 40 40 39 38 39 38 39 38 39 38 37 36 34 33 32 31 30 29 29 29 29 29 28 27 27 28 28 28 29 29 28 26 25 26 27 28 27 27 25 24 27 29 28 28 28 28 29 28 28 27 28 28 29 -9999 -9999 -9999 -9999
23 23 23 23 24 24 25 25 26 26 26 26 26 26 26 27 27 28 29 29 29 29 29 29 30 30 31 31 31 32 33 34 35 35 36 37 37 37 38 40 39 38 38 39 38 37 38 39 40 38 38 35 33 32 31 31 29 28 28 29 29 28 27 27 28 28 28 29 29 27 27 25 25 25 25 26 26 26 25 27 28 28 28 27 28 28 28 27 27 27 28 28 -9999 -9999 -9999 -9999
24 24 24 25 25 25 25 26 26 26 26 26 26 26 26 27 27 28 29 29 29 29 29 29 29 30 31 31 31 32 32 33 33 33 34 36 36 36 38 38 38 38 39 38 38 37 37 39 40 40 38 34 33 32 32 31 30 28 28 29 29 28 27 27 27 27 28 28 28 28 26 25 25 25 25 26 27 27 26 27 27 27 27 27 26 26 27 27 -9999 -9999 -9999 -9999 -9999 -9999 -9999 -9999
24 24 24 25 26 26 26 26 27 27 27 27 27 28 27 27 27 28 29 29 29 29 30 29 30 30 31 31 31 31 32 32 32 33 34 35 36 36 37 37 38 38 37 38 37 36 37 38 40 40 39 37 35 34 33 32 30 29 28 29 29 29 28 27 27 27 27 27 28 27 27 25 25 25 25 26 28 28 27 26 26 26 26 26 26 26 26 26 -9999 -9999 -9999 -9999 -9999 -9999 -9999 -9999
25 25 25 25 25 25 26 27 27 27 27 28 28 28 28 27 28 28 29 29 29 29 30 29 30 30 30 30 31 31 31 32 32 33 34 34 35 37 37 37 38 39 38 37 36 36 37 38 39 39 39 37 36 36 35 32 30 28 28 28 29 28 28 27 27 26 26 26 26 27 26 25 25 25 25 26 28 29 28 26 25 26 26 26 -9999 -9999 -9999 -9999 -9999 -9999 -9999 -9999 -9999 -9999 -9999 -9999
25 25 25 25 25 26 26 27 27 28 28 28 28 28 28 27 28 28 29 29 29 30 30 29 30 30 30 30 31 31 31 31 32 32 33 35 36 36 37 38 38 38 37 37 36 35 35 37 36 37 37 36 35 35 35 32 30 28 28 28 28 28 28 28 27 27 27 27 26 26 26 25 25 25 25 27 28 30 28 26 25 25 26 26 -9999 -9999 -9999 -9999 -9999 -9999 -9999 -9999 -9999 -9999 -9999 -9999
26 26 26 26 26 26 26 27 27 28 28 28 27 28 28 27 28 28 29 29 29 29 29 29 29 30 30 30 31 31 31 31 32 33 33 34 35 35 36 37 39 38 36 36 36 34 34 35 35 35 36 34 34 34 34 32 31 28 28 27 27 27 27 28 28 28 29 28 27 27 27 26 25 25 25 27 29 30 28 26 25 24 25 25 -9999 -9999 -9999 -9999 -9999 -9999 -9999 -9999 -9999 -9999 -9999 -9999
27 26 26 27 27 27 27 27 27 27 27 28 27 28 28 28 28 29 29 29 29 29 29 29 29 30 30 30 31 31 31 31 31 32 33 33 35 34 35 36 37 37 36 36 36 36 34 34 33 34 34 33 32 33 33 32 30 28 28 27 27 28 28 29 29 30 30 29 28 28 27 26 25 25 27 28 30 29 28 27 26 25 24 24 -9999 -9999 -9999 -9999 -9999 -9999 -9999 -9999 -9999 -9999 -9999 -9999
27 27 28 28 28 27 27 27 27 27 27 27 28 28 28 28 28 29 29 29 29 29 29 29 30 30 30 30 31 32 31 31 31 31 31 33 33 35 34 36 38 38 37 37 36 36 35 35 34 32 32 32 32 33 33 32 30 29 28 28 27 28 29 29 29 30 30 29 29 28 27 26 26 25 26 28 28 29 28 27 26 25 -9999 -9999 -9999 -9999 -9999 -9999 -9999 -9999 -9999 -9999 -9999 -9999 -9999 -9999
28 29 29 29 29 28 28 28 28 28 28 28 29 29 29 28 28 29 29 29 29 29 29 30 31 32 32 31 31 32 32 32 32 31 31 32 33 34 36 37 39 39 38 37 36 36 36 37 34 32 31 31 32 32 32 31 30 29 28 27 27 28 29 29 29 29 29 28 28 27 27 26 26 26 26 28 29 28 27 26 25 25 -9999 -9999 -9999 -9999 -9999 -9999 -9999 -9999 -9999 -9999 -9999 -9999 -9999 -9999
29 30 31 30 30 29 29 29 29 29 30 30 30 30 29 29 28 29 29 29 29 30 30 31 33 34 34 33 32 31 32 33 32 32 31 31 32 34 34 36 38 39 39 38 37 37 37 35 33 32 31 31 30 30 31 32 30 29 28 27 27 28 28 28 28 28 28 28 27 27 27 26 26 26 27 28 28 28 27 27 26 25 -9999 -9999 -9999 -9999 -9999 -9999 -9999 -9999 -9999 -9999 -9999 -9999 -9999 -9999
29 30 30 30 30 30 29 30 30 30 30 31 31 30 29 29 29 29 29 29 30 30 31 32 34 35 35 34 34 33 33 33 34 33 32 31 31 32 33 35 37 38 38 39 39 37 36 34 33 32 31 30 31 31 31 31 30 29 28 27 27 27 28 28 28 28 27 27 27 28 27 27 26 26 26 28 28 28 27 27 26 25 -9999 -9999 -9999 -9999 -9999 -9999 -9999 -9999 -9999 -9999 -9999 -9999 -9999 -9999
30 30 30 30 30 30 30 30 30 30 31 31 30 30 29 29 29 29 29 29 30 31 32 33 34 34 34 36 35 35 34 34 34 33 32 31 31 31 33 35 35 36 37 37 38 38 37 35 34 34 32 31 32 32 30 30 30 29 28 27 27 27 27 27 27 27 27 27 26 27 26 26 26 26 27 27 27 27 28 28 26 25 -9999 -9999 -9999 -9999 -9999 -9999 -9999 -9999 -9999 -9999 -9999 -9999 -9999 -9999
30 30 30 30 30 30 30 30 30 30 30 30 29 29 29 29 29 29 29 30 30 32 33 34 33 34 34 35 35 34 34 34 34 33 33 32 32 32 33 33 33 34 34 35 37 37 37 35 33 33 32 32 32 30 29 29 30 30 28 28 28 27 26 26 26 26 26 26 26 26 26 26 26 26 26 26 26 27 28 28 27 25 -9999 -9999 -9999 -9999 -9999 -9999 -9999 -9999 -9999 -9999 -9999 -9999 -9999 -9999
30 31 30 30 30 30 30 30 30 30 29 29 29 29 29 29 30 30 30 30 30 31 32 33 33 33 32 33 33 33 33 32 33 33 33 33 33 33 33 32 31 32 32 32 34 35 36 35 33 31 31 31 31 29 29 30 31 30 29 29 28 27 27 27 27 27 27 27 26 26 26 26 26 26 26 26 26 27 -9999 -9999 -9999 -9999 -9999 -9999 -9999 -9999 -9999 -9999 -9999 -9999 -9999 -9999 -9999 -9999 -9999 -9999
31 31 31 31 31 31 31 30 30 30 30 29 29 29 29 30 30 30 30 30 30 30 30 31 32 32 32 32 33 32 32 32 32 32 32 32 33 32 32 31 31 31 32 32 32 33 35 34 33 32 30 30 30 29 27 27 28 27 28 28 28 28 27 27 27 28 28 27 27 28 28 28 27 26 26 25 26 26 -9999 -9999 -9999 -9999 -9999 -9999 -9999 -9999 -9999 -9999 -9999 -9999 -9999 -9999 -9999 -9999 -9999 -9999
32 32 32 31 32 32 31 31 30 30 30 30 30 30 30 30 30 30 30 30 30 30 30 31 31 31 31 33 32 33 33 33 33 33 33 33 32 31 30 29 30 32 32 33 33 33 33 33 32 31 30 29 29 27 27 25 23 25 26 26 27 27 27 28 28 28 29 28 29 29 29 29 28 27 26 25 -9999 -9999 -9999 -9999 -9999 -9999 -9999 -9999 -9999 -9999 -9999 -9999 -9999 -9999 -9999 -9999 -9999 -9999 -9999 -9999
32 32 32 32 32 32 32 31 31 30 30 30 30 30 30 30 30 30 31 31 31 31 31 33 33 31 32 33 34 34 34 34 34 35 34 34 33 31 30 29 31 31 32 33 33 32 32 31 30 30 30 30 29 28 28 27 25 25 26 26 26 26 27 28 29 28 29 29 29 29 29 28 27 26 25 25 -9999 -9999 -9999 -9999 -9999 -9999 -9999 -9999 -9999 -9999 -9999 -9999 -9999 -9999 -9999 -9999 -9999 -9999 -9999 -9999
32 32 32 32 32 32 32 31 31 31 30 30 30 31 30 30 30 30 31 32 32 32 32 34 35 33 32 34 35 36 35 35 35 35 35 33 32 31 30 29 30 31 33 34 33 32 31 30 31 30 31 30 31 30 31 29 27 26 26 25 25 26 27 28 28 29 29 29 28 28 28 27 27 26 26 25 -9999 -9999 -9999 -9999 -9999 -9999 -9999 -9999 -9999 -9999 -9999 -9999 -9999 -9999 -9999 -9999 -9999 -9999 -9999 -9999
32 32 32 32 32 32 32 31 31 31 31 31 31 31 31 31 30 31 31 32 33 34 33 34 34 33 33 34 36 37 37 37 38 36 35 34 32 32 31 31 30 30 33 34 35 34 33 33 33 32 31 32 32 32 33 31 28 27 26 26 26 26 28 29 29 29 29 29 29 28 27 27 26 26 26 25 -9999 -9999 -9999 -9999 -9999 -9999 -9999 -9999 -9999 -9999 -9999 -9999 -9999 -9999 -9999 -9999 -9999 -9999 -9999 -9999
32 32 32 32 32 32 32 31 31 31 31 31 31 31 31 30 30 31 31 31 32 34 34 34 35 34 34 33 34 37 38 39 40 40 38 37 35 34 33 31 28 28 31 32 33 34 34 35 35 34 32 33 33 33 33 31 30 28 27 26 27 28 28 29 29 29 29 30 29 28 27 27 26 26 26 25 -9999 -9999 -9999 -9999 -9999 -9999 -9999 -9999 -9999 -9999 -9999 -9999 -9999 -9999 -9999 -9999 -9999 -9999 -9999 -9999
33 33 33 32 32 32 32 31 31 31 31 31 31 31 30 30 30 30 31 31 31 32 33 34 35 35 35 35 34 36 38 39 41 40 39 36 34 32 30 29 27 26 27 29 30 31 31 33 34 34 33 34 34 34 33 31 31 29 28 28 28 28 29 29 29 29 30 30 29 28 28 27 27 26 25 25 -9999 -9999 -9999 -9999 -9999 -9999 -9999 -9999 -9999 -9999 -9999 -9999 -9999 -9999 -9999 -9999 -9999 -9999 -9999 -9999
34 34 33 33 33 32 32 32 31 31 31 31 31 31 30 30 30 30 30 30 30 31 31 33 35 35 36 37 35 36 38 41 43 41 40 37 35 33 31 30 29 27 27 28 28 29 30 31 32 33 33 33 34 33 32 30 30 29 29 29 29 30 29 29 29 29 30 30 30 29 28 27 -9999 -9999 -9999 -9999 -9999 -9999 -9999 -9999 -9999 -9999 -9999 -9999 -9999 -9999 -9999 -9999 -9999 -9999 -9999 -9999 -9999 -9999 -9999 -9999
34 34 34 34 33 32 32 32 32 31 31 31 31 31 30 30 30 30 30 30 30 31 32 32 34 35 36 37 36 36 38 40 41 40 40 39 36 35 34 33 31 30 30 30 30 29 29 30 31 31 31 31 32 31 31 30 30 29 30 30 31 30 30 29 29 29 29 29 30 29 29 28 -9999 -9999 -9999 -9999 -9999 -9999 -9999 -9999 -9999 -9999 -9999 -9999 -9999 -9999 -9999 -9999 -9999 -9999 -9999 -9999 -9999 -9999 -9999 -9999
34 34 34 34 33 32 32 32 32 32 31 31 31 31 31 30 30 30 30 30 30 30 31 31 32 34 36 36 35 35 36 37 38 40 40 40 37 35 34 33 31 30 31 32 31 30 29 29 30 30 31 31 31 31 30 30 30 30 31 32 32 32 30 29 29 29 29 29 29 29 28 28 -9999 -9999 -9999 -9999 -9999 -9999 -9999 -9999 -9999 -9999 -9999 -9999 -9999 -9999 -9999 -9999 -9999 -9999 -9999 -9999 -9999 -9999 -9999 -9999
34 34 34 34 33 33 32 32 32 32 32 31 31 31 31 30 30 30 30 30 30 30 31 31 32 33 35 36 35 35 35 36 38 40 43 42 38 36 35 33 32 30 30 30 30 30 29 30 29 30 29 30 30 31 29 29 30 31 33 37 34 32 30 29 29 28 28 29 29 29 29 27 -9999 -9999 -9999 -9999 -9999 -9999 -9999 -9999 -9999 -9999 -9999 -9999 -9999 -9999 -9999 -9999 -9999 -9999 -9999 -9999 -9999 -9999 -9999 -9999
34 34 34 34 33 33 32 32 32 32 32 32 32 32 31 31 30 30 30 30 30 31 31 31 31 32 34 35 34 34 34 36 39 41 42 41 39 38 36 34 32 30 30 29 29 28 29 29 29 28 28 29 30 29 29 28 28 29 31 35 33 31 29 29 28 28 29 30 -9999 -9999 -9999 -9999 -9999 -9999 -9999 -9999 -9999 -9999 -9999 -9999 -9999 -9999 -9999 -9999 -9999 -9999 -9999 -9999 -9999 -9999 -9999 -9999 -9999 -9999 -9999 -9999
34 34 34 33 33 33 33 32 32 32 33 33 32 32 31 31 30 30 30 30 30 30 30 30 31 31 31 33 33 33 35 38 39 39 40 40 39 38 36 33 31 30 29 29 29 28 28 28 28 27 28 29 29 29 28 27 28 26 24 25 28 28 28 28 28 28 29 30 -9999 -9999 -9999 -9999 -9999 -9999 -9999 -9999 -9999 -9999 -9999 -9999 -9999 -9999 -9999 -9999 -9999 -9999 -9999 -9999 -9999 -9999 -9999 -9999 -9999 -9999 -9999 -9999
35 34 34 34 33 33 33 33 33 33 34 34 34 33 32 31 30 30 30 30 30 30 29 30 29 30 30 32 33 33 34 37 38 37 37 38 37 37 35 34 33 32 31 31 30 29 28 27 27 27 28 28 28 28 28 27 27 26 25 25 26 27 27 27 27 27 28 30 28 26 -9999 -9999 -9999 -9999 -9999 -9999 -9999 -9999 -9999 -9999 -9999 -9999 -9999 -9999 -9999 -9999 -9999 -9999 -9999 -9999 -9999 -9999 -9999 -9999 -9999 -9999
35 34 34 34 33 33 33 33 33 35 35 36 36 34 32 31 30 30 30 30 29 29 29 29 29 29 29 30 32 33 32 33 35 35 38 39 39 37 36 36 36 35 34 32 30 29 28 27 27 27 27 27 28 29 28 27 26 26 25 25 25 26 26 26 26 26 27 29 27 26 -9999 -9999 -9999 -9999 -9999 -9999 -9999 -9999 -9999 -9999 -9999 -9999 -9999 -9999 -9999 -9999 -9999 -9999 -9999 -9999 -9999 -9999 -9999 -9999 -9999 -9999
-9999 -9999 34 33 33 33 33 33 35 36 37 36 35 33 32 31 30 30 30 30 29 29 29 29 29 29 29 29 29 31 30 30 32 34 37 40 41 40 39 38 38 36 33 30 30 29 29 28 27 27 27 27 27 27 27 26 26 26 -9999 -9999 -9999 -9999 -9999 -9999 -9999 -9999 26 27 -9999 -9999 -9999 -9999 -9999 -9999 -9999 -9999 -9999 -9999 -9999 -9999 -9999 -9999 -9999 -9999 -9999 -9999 -9999 -9999 -9999 -9999 -9999 -9999 -9999 -9999 -9999 -9999
-9999 -9999 -9999 33 33 33 33 34 35 37 37 35 33 32 31 31 30 30 30 30 29 29 29 29 28 28 28 28 28 28 28 29 31 33 35 37 41 42 41 39 38 34 31 30 31 32 31 29 28 27 27 26 26 26 26 26 25 25 -9999 -9999 -9999 -9999 -9999 -9999 -9999 -9999 25 25 -9999 -9999 -9999 -9999 -9999 -9999 -9999 -9999 -9999 -9999 -9999 -9999 -9999 -9999 -9999 -9999 -9999 -9999 -9999 -9999 -9999 -9999 -9999 -9999 -9999 -9999 -9999 -9999
-9999 -9999 -9999 -9999 -9999 -9999 -9999 -9999 36 37 36 34 32 32 31 31 30 30 30 30 29 29 29 28 28 28 28 27 27 27 27 27 28 29 32 33 36 40 41 38 35 33 33 32 33 33 32 29 28 27 26 26 26 26 25 25 -9999 -9999 -9999 -9999 -9999 -9999 -9999 -9999 -9999 -9999 -9999 -9999 -9999 -9999 -9999 -9999 -9999 -9999 -9999 -9999 -9999 -9999 -9999 -9999 -9999 -9999 -9999 -9999 -9999 -9999 -9999 -9999 -9999 -9999 -9999 -9999 -9999 -9999 -9999 -9999
-9999 -9999 -9999 -9999 -9999 -9999 -9999 -9999 36 36 35 33 32 31 31 31 31 31 30 30 29 29 29 28 28 28 27 27 27 26 26 25 25 26 27 30 33 36 37 37 35 34 35 37 36 35 35 32 29 29 27 26 26 25 25 25 -9999 -9999 -9999 -9999 -9999 -9999 -9999 -9999 -9999 -9999 -9999 -9999 -9999 -9999 -9999 -9999 -9999 -9999 -9999 -9999 -9999 -9999 -9999 -9999 -9999 -9999 -9999 -9999 -9999 -9999 -9999 -9999 -9999 -9999 -9999 -9999 -9999 -9999 -9999 -9999
-9999 -9999 -9999 -9999 -9999 -9999 -9999 -9999 -9999 -9999 33 32 31 31 31 31 31 31 31 31 30 29 29 29 28 28 27 27 26 26 25 24 23 24 26 28 31 33 35 35 34 34 34 36 38 37 36 34 30 29 28 27 26 25 25 24 -9999 -9999 -9999 -9999 -9999 -9999 -9999 -9999 -9999 -9999 -9999 -9999 -9999 -9999 -9999 -9999 -9999 -9999 -9999 -9999 -9999 -9999 -9999 -9999 -9999 -9999 -9999 -9999 -9999 -9999 -9999 -9999 -9999 -9999 -9999 -9999 -9999 -9999 -9999 -9999
-9999 -9999 -9999 -9999 -9999 -9999 -9999 -9999 -9999 -9999 32 31 31 31 31 31 31 31 31 31 30 30 29 29 28 28 28 28 28 27 25 24 23 26 28 28 30 31 33 33 33 32 33 35 37 38 37 35 32 30 28 27 26 25 25 24 -9999 -9999 -9999 -9999 -9999 -9999 -9999 -9999 -9999 -9999 -9999 -9999 -9999 -9999 -9999 -9999 -9999 -9999 -9999 -9999 -9999 -9999 -9999 -9999 -9999 -9999 -9999 -9999 -9999 -9999 -9999 -9999 -9999 -9999 -9999 -9999 -9999 -9999 -9999 -9999
-9999 -9999 -9999 -9999 -9999 -9999 -9999 -9999 -9999 -9999 31 31 31 31 31 31 31 31 31 31 31 31 30 29 29 28 28 30 31 30 28 26 26 28 30 31 32 33 33 33 33 32 33 34 35 37 36 36 34 32 29 27 26 25 25 24 -9999 -9999 -9999 -9999 -9999 -9999 -9999 -9999 -9999 -9999 -9999 -9999 -9999 -9999 -9999 -9999 -9999 -9999 -9999 -9999 -9999 -9999 -9999 -9999 -9999 -9999 -9999 -9999 -9999 -9999 -9999 -9999 -9999 -9999 -9999 -9999 -9999 -9999 -9999 -9999
-9999 -9999 -9999 -9999 -9999 -9999 -9999 -9999 -9999 -9999 31 31 31 31 30 30 31 31 33 34 33 32 31 30 29 28 28 30 31 32 33 31 28 28 30 32 34 36 37 36 34 34 34 35 36 37 36 36 36 34 32 29 28 25 25 23 -9999 -9999 -9999 -9999 -9999 -9999 -9999 -9999 -9999 -9999 -9999 -9999 -9999 -9999 -9999 -9999 -9999 -9999 -9999 -9999 -9999 -9999 -9999 -9999 -9999 -9999 -9999 -9999 -9999 -9999 -9999 -9999 -9999 -9999 -9999 -9999 -9999 -9999 -9999 -9999
-9999 -9999 -9999 -9999 -9999 -9999 -9999 -9999 -9999 -9999 -9999 -9999 31 31 31 31 32 33 35 35 33 33 32 30 28 28 28 28 30 33 35 34 30 28 28 30 33 36 38 38 38 37 37 38 39 40 39 37 37 37 34 31 28 26 25 23 -9999 -9999 -9999 -9999 -9999 -9999 -9999 -9999 -9999 -9999 -9999 -9999 -9999 -9999 -9999 -9999 -9999 -9999 -9999 -9999 -9999 -9999 -9999 -9999 -9999 -9999 -9999 -9999 -9999 -9999 -9999 -9999 -9999 -9999 -9999 -9999 -9999 -9999 -9999 -9999
-9999 -9999 -9999 -9999 -9999 -9999 -9999 -9999 -9999 -9999 -9999 -9999 31 32 33 34 35 35 34 32 31 31 31 30 28 27 27 28 30 33 36 35 31 29 28 28 30 33 35 37 39 39 40 40 42 43 42 40 37 36 34 32 29 27 25 24 -9999 -9999 -9999 -9999 -9999 -9999 -9999 -9999 -9999 -9999 -9999 -9999 -9999 -9999 -9999 -9999 -9999 -9999 -9999 -9999 -9999 -9999 -9999 -9999 -9999 -9999 -9999 -9999 -9999 -9999 -9999 -9999 -9999 -9999 -9999 -9999 -9999 -9999 -9999 -9999
-9999 -9999 -9999 -9999 -9999 -9999 -9999 -9999 -9999 -9999 -9999 -9999 -9999 -9999 -9999 -9999 -9999 -9999 -9999 -9999 30 30 31 30 29 27 27 28 30 32 35 35 34 30 28 27 28 30 31 33 33 37 38 40 41 43 44 42 39 38 37 34 31 29 26 24 -9999 -9999 -9999 -9999 -9999 -9999 -9999 -9999 -9999 -9999 -9999 -9999 -9999 -9999 -9999 -9999 -9999 -9999 -9999 -9999 -9999 -9999 -9999 -9999 -9999 -9999 -9999 -9999 -9999 -9999 -9999 -9999 -9999 -9999 -9999 -9999 -9999 -9999 -9999 -9999
-9999 -9999 -9999 -9999 -9999 -9999 -9999 -9999 -9999 -9999 -9999 -9999 -9999 -9999 -9999 -9999 -9999 -9999 -9999 -9999 29 30 31 32 31 29 27 27 28 30 32 35 34 31 28 27 27 28 29 30 31 32 34 38 40 42 43 43 43 42 40 37 32 29 27 25 -9999 -9999 -9999 -9999 -9999 -9999 -9999 -9999 -9999 -9999 -9999 -9999 -9999 -9999 -9999 -9999 -9999 -9999 -9999 -9999 -9999 -9999 -9999 -9999 -9999 -9999 -9999 -9999 -9999 -9999 -9999 -9999 -9999 -9999 -9999 -9999 -9999 -9999 -9999 -9999
-9999 -9999 -9999 -9999 -9999 -9999 -9999 -9999 -9999 -9999 -9999 -9999 -9999 -9999 -9999 -9999 -9999 -9999 -9999 -9999 29 29 31 33 33 30 27 27 27 28 31 34 34 30 27 27 26 27 28 30 31 32 33 35 38 39 40 41 43 42 41 37 33 29 28 25 -9999 -9999 -9999 -9999 -9999 -9999 -9999 -9999 -9999 -9999 -9999 -9999 -9999 -9999 -9999 -9999 -9999 -9999 -9999 -9999 -9999 -9999 -9999 -9999 -9999 -9999 -9999 -9999 -9999 -9999 -9999 -9999 -9999 -9999 -9999 -9999 -9999 -9999 -9999 -9999
