sesion_6_simulaciones/modelos_distribucion_especies/ejemplo/variables/presente/TMNV.asc
ncols 708
nrows 329
xllcorner -7.525000
yllcorner 35.991667
cellsize 0.008333
NODATA_value -9999
[rows 246 to 286 of 329, columns 188 to 281 of 708]
185 185 184 185 186 186 186 186 186 186 186 186 185 186 186 186 186 186 186 184 183 184 182 183 184 185 185 185 185 184 183 184 184 184 183 184 180 178 176 179 177 180 181 180 177 175 174 176 177 179 182 182 181 180 179 172 170 173 175 179 175 178 172 161 154 154 153 155 161 166 165 161 163 161 158 151 158 157 149 149 161 168 176 169 166 164 162 157 154 158 157 158 152 152
185 185 185 185 186 186 186 186 186 186 186 185 185 186 186 186 186 186 186 186 185 186 185 185 185 183 185 185 184 184 184 183 185 183 183 181 180 180 180 180 179 180 179 178 175 174 176 177 177 181 182 181 181 182 181 178 179 182 180 180 177 177 170 161 157 154 161 162 169 169 165 162 157 154 154 158 157 146 146 159 167 174 170 161 154 156 160 158 160 161 157 150 146 145
185 185 186 186 186 186 186 186 186 185 185 185 185 185 185 185 185 185 185 182 183 185 186 186 185 185 186 185 185 184 185 183 185 183 184 184 183 182 182 179 179 179 182 176 171 170 177 181 182 181 178 172 174 178 181 182 182 179 174 174 179 177 166 159 160 161 164 168 170 167 159 158 158 153 158 157 156 151 156 165 174 177 172 164 155 150 156 159 161 161 156 147 146 146
185 186 186 187 187 186 186 186 186 186 185 185 185 185 185 185 185 185 185 183 184 185 185 185 185 185 186 185 185 185 186 186 186 182 183 181 183 183 183 181 184 182 180 177 177 176 180 182 176 177 176 176 174 174 175 178 178 179 179 179 179 178 174 166 161 165 168 168 167 159 154 155 151 158 156 152 146 158 164 175 178 175 170 163 159 155 161 166 166 163 156 151 154 154
186 186 186 187 186 186 186 185 185 185 185 185 185 185 185 185 185 185 184 184 182 184 185 184 185 185 183 185 185 186 184 184 184 183 185 181 182 184 183 185 181 182 181 183 183 184 184 180 181 177 175 176 173 172 173 169 173 177 181 179 179 178 175 174 172 168 170 171 162 152 150 154 156 150 151 152 160 166 174 177 175 173 167 165 164 162 162 169 173 165 156 158 159 160
185 186 186 186 186 185 185 185 185 185 185 185 185 185 185 184 184 184 184 183 184 185 185 184 183 182 177 179 183 184 184 182 182 182 183 184 181 184 185 184 185 182 181 181 176 177 180 182 180 178 177 172 171 170 170 171 174 178 179 177 176 176 176 177 175 172 170 169 164 156 150 150 151 158 161 166 171 175 178 175 169 170 168 170 168 169 172 172 172 168 164 164 160 162
186 186 186 186 186 186 185 185 185 185 185 185 185 184 184 184 184 184 183 183 184 184 182 182 182 180 182 182 182 183 182 184 182 179 181 183 185 185 185 184 181 183 184 183 179 175 177 182 181 181 181 174 172 169 170 171 174 177 174 174 174 172 171 173 172 167 165 165 156 147 151 149 152 162 167 171 175 178 176 169 168 163 167 164 167 170 171 177 176 172 172 169 163 166
186 186 186 186 186 185 185 185 185 185 184 184 184 184 184 184 183 183 183 183 182 180 179 181 180 176 174 175 173 172 173 180 175 174 177 182 184 184 183 184 183 183 183 180 174 176 175 179 181 180 177 176 170 167 167 169 171 174 172 169 170 169 167 166 169 167 168 166 158 150 154 153 158 164 170 173 175 178 175 173 169 162 164 170 167 169 175 174 171 171 171 173 170 168
186 186 186 185 185 185 185 185 185 184 184 184 184 184 184 183 183 183 183 182 182 179 176 179 179 177 177 177 177 178 177 179 174 169 172 176 182 184 184 178 176 176 178 183 181 178 173 179 179 177 177 173 174 172 166 169 170 173 170 169 170 168 165 165 165 166 170 169 168 162 156 163 167 172 173 176 178 177 173 172 166 158 167 174 172 174 174 175 178 179 177 172 171 171
186 186 186 185 185 185 185 185 185 184 184 184 184 184 183 182 182 182 182 182 182 180 177 178 178 179 177 178 178 178 178 179 178 174 166 175 181 184 182 182 178 174 179 183 183 180 177 178 179 179 177 176 172 169 167 169 172 169 167 170 173 171 170 167 163 166 169 171 168 164 163 164 168 171 176 178 176 175 173 166 161 154 165 169 169 177 180 179 174 176 174 178 177 176
183 185 186 185 185 186 185 185 185 184 184 184 184 183 182 183 181 181 180 175 179 179 181 178 179 180 180 179 178 176 176 178 178 177 170 172 182 182 179 179 180 175 180 181 182 182 176 177 174 179 174 171 170 165 167 172 172 167 170 171 173 169 167 166 165 168 171 172 167 168 168 169 170 171 176 179 176 173 170 166 160 158 165 166 177 176 180 177 171 174 175 169 165 165
185 184 184 186 185 185 185 184 184 184 184 184 183 183 182 182 182 180 178 173 178 181 179 179 178 178 177 174 174 174 175 174 179 179 174 166 178 183 183 182 181 176 179 180 180 179 171 174 173 176 175 173 168 167 170 177 174 174 173 175 171 167 165 164 167 169 172 173 171 173 166 169 172 171 177 179 178 175 172 167 156 165 172 170 173 178 182 174 174 170 169 167 168 166
185 184 185 185 185 185 184 185 184 183 183 183 183 182 181 180 181 180 176 174 178 176 174 175 174 175 173 174 175 176 175 178 178 180 177 166 178 182 182 183 177 171 177 178 177 171 172 169 171 173 170 169 173 169 175 179 175 173 170 169 172 171 166 163 162 168 171 174 175 176 169 172 174 172 179 178 177 174 172 167 159 164 171 177 181 181 178 169 171 171 163 162 160 159
185 184 184 185 185 185 185 184 183 183 183 184 183 183 183 182 180 179 176 178 179 177 177 176 175 176 175 175 176 179 179 180 180 180 177 167 176 179 179 183 179 173 175 171 170 167 164 164 169 166 170 171 172 171 178 176 172 173 171 166 168 169 163 160 163 169 172 175 174 176 176 177 173 175 174 175 176 172 169 165 160 168 174 177 178 183 176 173 170 166 163 169 160 165
185 184 184 185 186 186 185 184 182 183 185 185 184 184 182 181 180 179 179 180 181 181 176 179 176 179 179 176 179 181 179 179 181 180 175 166 178 179 180 180 178 176 174 172 167 166 170 167 170 172 172 174 177 178 177 174 175 172 172 168 165 164 162 166 162 166 171 170 169 169 177 169 171 167 170 174 176 173 173 168 161 169 174 175 176 182 183 179 179 176 174 172 168 164
184 184 184 184 185 185 186 185 184 184 185 184 184 182 181 180 179 177 181 181 181 181 181 178 178 180 178 180 180 181 181 181 177 179 173 175 176 180 177 175 175 168 171 173 174 174 174 173 169 174 176 172 177 179 178 176 176 169 167 165 162 167 165 168 164 167 166 169 171 174 177 172 172 173 174 178 175 170 168 166 167 175 179 182 185 180 177 173 169 170 169 165 168 165
184 184 184 183 183 185 185 186 185 185 185 184 184 182 181 180 180 178 179 182 181 180 181 179 180 180 181 180 178 182 182 177 176 177 178 176 173 178 177 171 167 165 169 173 175 176 177 174 172 172 175 180 182 177 176 174 170 168 162 163 163 164 171 173 166 169 174 175 179 179 178 183 179 173 179 178 174 174 167 165 172 176 179 182 184 178 175 170 171 162 168 173 167 166
183 183 184 183 183 184 185 185 184 185 184 184 184 182 181 180 180 181 182 183 181 182 182 182 177 179 181 177 174 180 181 179 175 179 175 176 173 173 169 171 167 163 166 169 172 175 173 174 176 179 178 179 179 179 178 170 166 163 163 167 167 169 170 175 169 174 178 182 182 182 180 172 169 174 173 174 173 172 167 166 171 175 178 183 182 181 177 172 168 168 174 169 168 165
183 183 184 184 184 184 184 185 184 184 183 184 183 183 183 181 181 181 182 183 180 181 183 182 182 182 180 179 178 181 182 177 178 176 179 179 175 171 164 166 167 161 157 166 170 169 167 170 171 175 181 181 180 180 175 169 171 168 165 163 164 165 172 177 177 180 182 180 179 179 178 171 170 167 170 169 173 165 170 174 170 174 177 184 182 179 182 176 180 176 174 168 163 163
182 182 183 183 183 184 185 184 182 183 183 182 182 182 182 182 182 182 182 183 183 183 183 183 183 182 182 182 180 183 180 177 180 182 180 174 174 173 169 163 159 155 156 161 165 164 165 166 172 178 177 180 182 179 173 174 174 171 167 162 165 167 172 177 180 185 175 171 170 177 173 171 171 167 159 169 170 173 175 177 180 185 187 186 182 175 176 177 168 174 174 167 155 157
182 182 183 183 184 184 185 185 185 184 184 182 182 182 182 183 183 183 183 183 184 184 183 183 182 181 183 183 183 177 179 181 182 181 180 174 174 170 167 162 158 154 155 161 159 161 165 167 169 174 178 182 183 175 179 177 173 164 166 164 163 165 169 172 179 186 181 176 174 178 178 177 169 172 171 172 175 175 178 179 178 188 184 186 176 176 174 169 172 164 167 170 163 163
183 182 183 184 184 184 185 185 185 184 184 184 183 182 183 183 183 184 184 183 183 184 183 184 180 179 182 182 177 176 179 181 182 180 176 173 173 168 162 158 159 156 160 157 164 166 168 168 170 172 174 179 182 180 177 173 166 167 167 170 169 168 174 176 181 186 184 179 180 180 181 176 174 171 177 178 177 183 184 187 187 185 181 183 179 175 177 166 162 163 164 166 164 164
183 183 184 184 184 184 184 184 184 184 184 184 184 183 183 182 180 181 183 183 183 184 184 183 179 177 182 183 179 177 181 183 182 181 180 174 172 170 165 166 163 158 162 162 166 170 171 171 172 175 175 180 180 179 175 172 172 171 169 176 173 175 174 176 178 185 187 185 185 183 179 173 170 172 176 184 182 182 188 185 185 186 183 176 179 177 168 167 152 153 159 157 167 172
183 182 183 183 183 183 184 184 182 182 184 184 184 184 183 183 183 182 183 183 183 184 184 183 182 181 182 183 182 180 182 183 179 173 176 175 175 173 172 172 169 167 163 161 163 164 172 173 179 180 181 182 183 182 176 176 175 171 170 176 181 180 180 178 183 185 188 185 180 184 180 178 176 178 178 183 187 188 185 183 179 178 174 174 173 174 166 158 155 150 148 156 166 173
182 182 183 182 183 183 183 182 183 183 184 183 184 184 184 183 182 182 180 182 182 185 183 184 183 182 183 184 183 183 184 183 181 181 180 179 178 175 175 175 170 165 160 162 162 167 171 169 176 176 179 176 178 182 180 179 179 170 172 169 176 182 185 185 185 187 188 186 185 185 183 182 178 181 184 186 188 185 182 179 176 169 174 170 171 171 160 157 162 153 151 158 172 180
183 183 181 177 181 183 181 182 183 183 183 184 184 184 184 184 183 183 182 182 183 185 184 183 182 180 183 184 184 184 180 181 182 182 183 182 181 179 179 178 175 167 166 166 170 168 174 174 177 176 175 178 182 181 184 185 180 175 173 174 176 182 185 185 186 188 188 184 184 185 185 183 182 184 185 187 185 183 182 178 173 168 171 175 177 175 165 169 168 164 165 165 174 175
183 183 181 178 179 181 181 183 183 183 182 184 184 184 184 184 183 182 183 183 185 184 182 182 183 185 185 182 181 179 180 180 182 184 184 184 183 182 180 175 175 171 173 172 170 174 173 175 179 178 181 181 178 176 181 184 180 179 176 178 180 182 185 186 187 188 187 187 186 186 183 183 182 185 189 187 184 186 183 180 169 172 174 176 181 180 180 179 174 176 168 169 180 185
184 183 183 178 179 182 183 183 183 183 183 184 184 184 184 183 184 184 183 183 184 184 184 183 184 184 183 182 181 180 181 177 181 183 183 181 179 177 180 181 181 175 172 170 170 171 172 173 177 180 178 178 172 176 177 179 185 184 178 181 184 186 185 186 188 188 188 186 186 187 185 183 182 186 189 187 187 186 185 182 173 177 172 179 177 183 182 184 183 183 179 180 188 190
184 184 183 183 181 183 183 183 184 183 183 183 182 183 183 185 184 182 182 183 185 183 184 183 183 185 184 184 184 184 182 183 181 185 182 180 179 180 175 180 181 178 177 175 172 172 175 174 174 175 176 177 170 173 177 178 181 185 184 184 186 187 185 186 187 188 188 186 188 186 185 185 184 185 188 188 189 184 183 181 181 181 178 179 181 185 185 186 188 188 189 190 192 193
184 183 183 183 184 183 183 184 184 183 183 183 182 182 181 183 183 183 183 184 185 184 183 183 184 185 184 184 184 184 184 183 184 184 184 181 180 180 180 181 183 183 178 176 173 176 176 176 171 173 172 174 174 177 178 178 181 184 185 187 185 187 185 186 186 187 188 188 188 185 185 184 182 185 187 189 187 186 184 183 185 186 183 182 182 185 187 187 189 190 188 192 194 195
182 181 182 182 183 184 184 184 184 182 182 180 182 182 180 183 184 183 183 185 185 184 183 182 184 185 185 185 184 185 185 185 185 185 184 184 183 183 185 183 183 180 176 176 172 177 174 174 175 177 175 173 171 169 173 177 179 181 184 187 187 188 187 186 185 187 188 188 187 185 186 184 185 185 188 190 189 187 187 186 183 185 186 184 183 186 185 186 191 189 193 194 196 196
182 182 180 182 183 184 183 181 180 182 181 182 182 183 183 184 185 184 185 185 184 184 182 181 183 183 185 185 185 185 183 185 185 185 185 184 185 184 184 180 180 179 179 173 178 174 174 172 176 178 174 172 168 171 177 178 183 185 183 181 186 188 187 187 184 187 188 188 188 187 187 186 183 185 187 190 190 190 190 187 183 184 188 185 186 186 190 191 191 193 193 197 -9999 -9999
181 179 181 181 182 183 183 182 180 182 183 182 181 182 183 184 183 181 185 185 185 184 184 184 182 183 185 184 185 184 184 185 185 185 185 185 185 184 183 180 180 178 181 179 178 176 173 176 173 178 177 173 169 170 170 174 178 180 179 181 185 187 188 185 186 186 188 188 188 189 189 188 188 184 188 190 190 189 190 188 183 183 188 186 189 189 191 193 193 195 196 199 -9999 -9999
179 182 180 182 183 184 184 184 184 184 184 183 181 181 182 183 183 181 184 185 185 183 183 183 183 183 184 184 185 185 184 185 185 185 185 185 185 184 183 179 179 177 178 178 173 175 174 176 177 178 177 173 173 173 173 172 174 176 179 181 184 187 187 185 187 186 185 186 188 189 189 189 190 188 187 190 191 191 191 188 185 182 185 190 190 189 190 193 -9999 -9999 -9999 -9999 -9999 -9999
181 179 180 182 182 184 184 184 184 184 184 183 181 182 181 183 182 184 184 185 184 184 184 182 183 184 184 184 185 185 185 185 185 184 185 184 185 183 183 182 177 174 178 175 171 175 176 175 175 179 175 176 172 176 173 178 177 176 178 182 186 188 187 187 187 187 186 187 186 189 187 186 188 189 190 188 190 191 190 190 184 184 184 192 192 192 192 195 -9999 -9999 -9999 -9999 -9999 -9999
182 179 181 183 183 183 184 184 184 184 184 183 184 184 182 182 182 184 185 185 185 183 184 184 184 184 184 184 185 185 185 183 184 184 185 185 185 183 177 180 181 178 178 175 173 176 176 177 178 178 178 178 176 176 173 177 178 177 175 177 184 186 188 188 188 188 187 185 186 186 183 187 188 185 189 188 191 191 189 188 185 185 186 191 194 194 195 197 -9999 -9999 -9999 -9999 -9999 -9999
181 181 181 182 183 183 183 183 184 184 184 183 184 184 184 185 185 185 185 185 185 185 184 184 184 185 185 185 185 185 184 185 185 185 185 184 185 184 183 180 179 176 180 176 171 174 176 177 175 176 177 181 177 181 176 179 179 180 181 182 183 186 188 188 188 188 186 187 184 185 181 184 185 187 188 188 190 190 191 186 184 183 186 190 192 194 197 198 -9999 -9999 -9999 -9999 -9999 -9999
182 181 180 183 183 183 183 182 183 184 184 184 184 184 185 185 185 185 185 185 184 183 184 185 185 185 185 185 185 185 184 185 184 184 183 184 185 184 183 183 179 182 177 176 175 173 172 174 171 175 178 176 177 180 181 180 181 179 179 178 181 185 186 187 188 186 184 184 184 183 183 186 186 187 189 189 190 191 190 190 183 187 188 191 193 193 -9999 -9999 -9999 -9999 -9999 -9999 -9999 -9999
181 179 182 183 183 182 181 181 182 183 183 183 183 184 184 184 184 183 184 185 185 185 185 185 185 185 185 185 183 178 179 181 184 184 183 182 183 185 185 182 179 176 176 174 171 170 174 176 176 177 173 175 174 180 180 180 181 179 180 181 184 184 187 188 188 187 186 184 186 186 185 187 186 187 189 188 191 191 188 187 187 188 189 193 193 194 -9999 -9999 -9999 -9999 -9999 -9999 -9999 -9999
182 182 182 183 182 178 179 180 180 182 183 182 182 182 182 181 181 181 183 184 185 185 185 185 185 185 184 184 178 175 180 181 183 183 181 183 182 180 184 185 182 179 178 176 172 170 171 172 172 172 174 174 178 181 183 181 180 182 180 180 184 186 185 187 188 188 185 186 187 186 185 189 187 186 189 190 191 190 189 186 188 189 190 193 195 197 -9999 -9999 -9999 -9999 -9999 -9999 -9999 -9999
181 183 182 183 183 182 180 182 182 183 183 183 182 182 181 181 181 181 184 185 185 184 185 185 182 181 183 181 176 176 179 176 181 178 180 180 181 180 179 182 184 182 178 176 173 172 170 170 172 175 175 178 181 178 182 182 185 183 184 181 184 186 186 187 188 188 187 187 187 188 187 189 188 187 188 190 191 191 189 190 187 188 190 191 194 196 -9999 -9999 -9999 -9999 -9999 -9999 -9999 -9999
