sesion_6_simulaciones/modelos_distribucion_especies/ejemplo/variables/presente/TMNV.asc
ncols 708
nrows 329
xllcorner -7.525000
yllcorner 35.991667
cellsize 0.008333
NODATA_value -9999
[rows 287 to 327 of 329, columns 188 to 281 of 708]
182 183 184 183 182 183 183 182 183 183 183 183 183 182 181 181 181 184 184 185 184 184 185 185 183 180 183 182 175 179 178 175 177 179 176 180 177 178 183 184 183 181 179 175 174 175 175 171 169 170 174 176 178 178 180 181 179 180 184 185 182 186 187 188 188 188 187 188 186 187 189 190 189 187 191 191 191 191 191 189 188 188 190 193 195 199 -9999 -9999 -9999 -9999 -9999 -9999 -9999 -9999
184 184 184 183 183 183 183 183 183 183 183 184 183 183 183 184 185 185 185 185 185 185 185 184 184 181 179 179 174 181 179 176 179 178 179 178 179 176 179 181 182 181 180 180 175 176 176 176 174 170 176 178 181 181 182 179 177 183 186 184 182 185 185 187 186 188 188 189 189 189 190 190 189 190 191 191 191 192 190 192 192 192 190 192 194 199 -9999 -9999 -9999 -9999 -9999 -9999 -9999 -9999
184 184 184 183 183 183 183 183 183 183 184 184 184 185 185 185 185 185 185 185 184 184 184 184 183 184 181 180 178 181 181 181 181 180 182 182 181 180 178 177 177 178 178 181 180 182 180 179 177 172 174 175 176 179 183 180 179 182 186 185 181 186 184 183 184 186 187 187 188 187 188 190 190 189 188 191 192 192 193 193 193 193 -9999 -9999 -9999 -9999 -9999 -9999 -9999 -9999 -9999 -9999 -9999 -9999
183 183 183 183 182 182 183 183 184 184 184 185 185 185 185 185 185 185 185 185 184 182 185 184 185 184 184 185 182 180 183 180 181 180 182 181 181 181 181 181 180 179 180 179 182 180 181 181 180 179 177 173 176 182 183 183 183 182 186 185 185 185 185 186 184 185 186 187 187 187 187 188 189 189 190 188 189 191 193 194 193 194 -9999 -9999 -9999 -9999 -9999 -9999 -9999 -9999 -9999 -9999 -9999 -9999
182 181 181 182 183 183 183 183 183 184 184 185 185 185 185 185 185 185 185 185 185 184 184 184 185 185 183 183 184 184 184 183 180 180 182 182 179 179 179 180 181 181 182 181 180 179 178 177 178 177 176 178 178 180 184 182 185 184 186 185 185 186 186 187 187 186 187 187 185 184 186 186 186 184 184 188 189 191 193 195 -9999 -9999 -9999 -9999 -9999 -9999 -9999 -9999 -9999 -9999 -9999 -9999 -9999 -9999
182 183 183 183 183 184 183 183 183 184 184 185 185 185 185 185 185 184 185 185 185 185 182 181 183 182 179 180 182 184 183 179 180 181 179 181 178 177 174 174 178 181 183 182 181 178 179 177 177 179 181 181 179 182 184 185 183 185 182 183 187 184 186 187 188 187 187 185 185 186 186 184 186 186 188 189 191 192 193 195 -9999 -9999 -9999 -9999 -9999 -9999 -9999 -9999 -9999 -9999 -9999 -9999 -9999 -9999
183 182 184 184 184 184 184 184 183 184 185 185 185 185 185 185 184 184 184 185 184 184 184 179 178 183 181 179 179 182 182 179 174 177 176 177 179 177 175 179 181 182 183 184 183 179 175 177 179 181 182 182 183 182 183 181 183 180 177 178 182 188 187 188 188 187 186 186 186 186 186 186 187 188 190 189 191 193 194 196 -9999 -9999 -9999 -9999 -9999 -9999 -9999 -9999 -9999 -9999 -9999 -9999 -9999 -9999
181 185 184 185 185 185 184 184 184 184 185 185 185 185 185 185 184 184 183 185 184 184 184 183 181 179 180 180 176 179 182 181 177 172 177 174 174 174 179 180 182 182 180 179 183 180 175 172 172 173 176 179 179 178 180 180 180 180 176 181 183 187 188 188 187 187 187 185 186 186 185 186 188 188 189 191 191 192 194 196 -9999 -9999 -9999 -9999 -9999 -9999 -9999 -9999 -9999 -9999 -9999 -9999 -9999 -9999
181 184 185 185 184 185 184 184 185 185 185 185 185 185 185 185 185 184 183 184 184 184 183 183 183 181 177 177 179 181 180 181 180 175 169 174 172 170 172 173 177 177 177 181 184 183 181 177 176 175 174 173 172 177 181 181 180 177 179 181 183 185 188 188 188 187 185 185 186 186 186 186 187 187 189 191 193 193 194 197 -9999 -9999 -9999 -9999 -9999 -9999 -9999 -9999 -9999 -9999 -9999 -9999 -9999 -9999
185 185 185 185 184 184 183 184 184 185 185 185 184 184 184 185 184 185 184 185 185 184 183 183 182 182 180 177 177 180 176 179 180 179 174 167 169 170 177 178 179 182 184 184 184 185 184 183 182 180 181 181 174 175 177 178 176 177 182 183 182 185 189 188 188 187 186 186 184 185 186 184 187 189 189 191 194 195 197 201 -9999 -9999 -9999 -9999 -9999 -9999 -9999 -9999 -9999 -9999 -9999 -9999 -9999 -9999
183 183 183 184 184 183 183 183 184 185 185 185 184 184 184 184 185 185 185 185 184 184 184 185 183 182 182 184 181 176 175 176 179 177 176 172 167 167 172 175 178 181 183 184 183 185 185 186 185 183 185 181 177 178 179 178 180 179 181 185 187 189 189 188 188 187 187 188 188 188 187 185 185 186 189 192 -9999 -9999 -9999 -9999 -9999 -9999 -9999 -9999 -9999 -9999 -9999 -9999 -9999 -9999 -9999 -9999 -9999 -9999
184 184 183 183 184 183 183 183 183 185 185 185 184 184 185 185 185 185 185 185 185 185 185 185 185 184 183 180 180 175 175 176 176 176 174 171 173 175 174 177 179 181 182 182 182 181 181 180 181 185 185 183 183 183 182 179 182 185 186 185 188 189 189 189 187 187 188 189 188 188 187 188 187 188 190 193 -9999 -9999 -9999 -9999 -9999 -9999 -9999 -9999 -9999 -9999 -9999 -9999 -9999 -9999 -9999 -9999 -9999 -9999
184 184 184 184 184 183 183 183 184 185 185 185 185 185 185 185 185 185 185 185 185 184 185 185 185 185 184 183 179 179 178 177 179 180 180 178 178 178 176 177 179 176 179 180 182 183 181 181 180 184 183 183 184 182 183 181 184 184 185 186 187 188 190 189 188 188 189 189 188 188 188 188 188 189 190 193 -9999 -9999 -9999 -9999 -9999 -9999 -9999 -9999 -9999 -9999 -9999 -9999 -9999 -9999 -9999 -9999 -9999 -9999
183 184 184 184 184 184 184 183 184 184 184 185 185 184 184 184 185 185 185 185 185 185 185 185 185 183 184 184 183 182 176 174 179 181 180 181 177 173 177 180 181 181 182 181 182 183 183 183 181 185 182 184 183 186 186 186 181 184 186 187 188 190 190 190 189 189 189 189 188 188 188 188 187 188 191 194 -9999 -9999 -9999 -9999 -9999 -9999 -9999 -9999 -9999 -9999 -9999 -9999 -9999 -9999 -9999 -9999 -9999 -9999
183 184 184 184 184 184 184 184 184 184 185 185 184 183 184 184 184 184 184 185 185 185 185 185 185 184 183 183 183 183 180 177 178 182 181 176 176 175 172 176 176 177 174 177 181 183 185 186 185 186 186 185 186 188 187 186 186 185 188 188 190 190 190 191 190 189 191 191 191 189 189 186 -9999 -9999 -9999 -9999 -9999 -9999 -9999 -9999 -9999 -9999 -9999 -9999 -9999 -9999 -9999 -9999 -9999 -9999 -9999 -9999 -9999 -9999
183 184 184 184 184 184 184 184 184 184 184 184 183 183 183 182 180 181 181 183 184 185 185 185 185 185 184 184 184 184 183 183 183 182 179 173 173 176 174 174 171 173 178 182 184 185 186 186 186 186 187 187 187 188 187 186 185 187 189 188 190 191 191 191 191 191 192 191 191 190 188 185 -9999 -9999 -9999 -9999 -9999 -9999 -9999 -9999 -9999 -9999 -9999 -9999 -9999 -9999 -9999 -9999 -9999 -9999 -9999 -9999 -9999 -9999
-9999 -9999 -9999 -9999 184 185 185 184 184 184 185 183 184 183 182 179 179 181 183 184 185 185 185 185 185 185 185 185 184 184 184 183 176 181 179 171 172 177 175 177 178 178 177 179 181 184 184 184 183 186 188 188 188 189 188 187 185 187 190 191 189 190 191 192 193 193 193 192 191 193 190 186 190 195 -9999 -9999 -9999 -9999 -9999 -9999 -9999 -9999 -9999 -9999 -9999 -9999 -9999 -9999 -9999 -9999 -9999 -9999 -9999 -9999
-9999 -9999 -9999 -9999 184 185 185 184 185 185 184 183 182 182 177 176 178 179 182 184 184 185 185 185 185 185 185 185 185 185 184 183 180 178 181 182 178 173 171 168 173 175 178 172 173 174 176 182 184 187 188 187 188 189 189 188 188 188 188 189 191 192 193 193 194 194 193 194 194 193 192 187 191 195 -9999 -9999 -9999 -9999 -9999 -9999 -9999 -9999 -9999 -9999 -9999 -9999 -9999 -9999 -9999 -9999 -9999 -9999 -9999 -9999
-9999 -9999 -9999 -9999 -9999 -9999 185 185 185 184 183 183 182 176 177 177 179 182 183 184 184 185 185 185 185 185 185 185 185 185 185 184 183 181 181 183 182 179 174 168 165 168 174 172 170 173 182 185 186 183 186 188 189 189 189 189 190 189 189 190 193 193 -9999 -9999 -9999 -9999 -9999 -9999 -9999 -9999 194 192 -9999 -9999 -9999 -9999 -9999 -9999 -9999 -9999 -9999 -9999 -9999 -9999 -9999 -9999 -9999 -9999 -9999 -9999 -9999 -9999 -9999 -9999
-9999 -9999 -9999 -9999 -9999 -9999 -9999 185 184 183 183 184 177 175 175 179 182 183 184 184 184 185 184 185 185 185 185 185 185 185 185 185 184 184 184 183 180 176 172 169 168 163 163 166 175 180 183 184 184 179 183 185 186 188 189 190 190 190 191 192 194 195 -9999 -9999 -9999 -9999 -9999 -9999 -9999 -9999 195 195 -9999 -9999 -9999 -9999 -9999 -9999 -9999 -9999 -9999 -9999 -9999 -9999 -9999 -9999 -9999 -9999 -9999 -9999 -9999 -9999 -9999 -9999
-9999 -9999 -9999 -9999 -9999 -9999 -9999 -9999 -9999 -9999 -9999 -9999 177 176 176 181 183 183 183 184 184 184 184 184 185 185 184 185 185 185 185 185 185 185 184 184 183 179 180 175 171 169 167 173 178 182 184 178 182 178 181 183 187 189 189 190 191 191 192 193 -9999 -9999 -9999 -9999 -9999 -9999 -9999 -9999 -9999 -9999 -9999 -9999 -9999 -9999 -9999 -9999 -9999 -9999 -9999 -9999 -9999 -9999 -9999 -9999 -9999 -9999 -9999 -9999 -9999 -9999 -9999 -9999 -9999 -9999
-9999 -9999 -9999 -9999 -9999 -9999 -9999 -9999 -9999 -9999 -9999 -9999 177 176 180 184 183 182 184 183 183 184 184 183 184 184 184 185 185 185 185 185 185 184 185 185 183 184 182 181 177 173 169 176 180 181 175 174 174 177 180 183 184 187 188 189 190 192 192 194 -9999 -9999 -9999 -9999 -9999 -9999 -9999 -9999 -9999 -9999 -9999 -9999 -9999 -9999 -9999 -9999 -9999 -9999 -9999 -9999 -9999 -9999 -9999 -9999 -9999 -9999 -9999 -9999 -9999 -9999 -9999 -9999 -9999 -9999
-9999 -9999 -9999 -9999 -9999 -9999 -9999 -9999 -9999 -9999 -9999 -9999 -9999 -9999 183 184 184 184 183 182 181 182 182 183 183 183 184 184 184 185 185 185 185 185 185 184 183 182 183 181 179 176 175 175 178 181 179 175 173 172 172 177 183 184 188 189 191 192 192 194 -9999 -9999 -9999 -9999 -9999 -9999 -9999 -9999 -9999 -9999 -9999 -9999 -9999 -9999 -9999 -9999 -9999 -9999 -9999 -9999 -9999 -9999 -9999 -9999 -9999 -9999 -9999 -9999 -9999 -9999 -9999 -9999 -9999 -9999
-9999 -9999 -9999 -9999 -9999 -9999 -9999 -9999 -9999 -9999 -9999 -9999 -9999 -9999 184 184 183 184 184 184 181 183 182 182 183 182 183 183 184 185 184 184 183 183 184 184 183 179 180 182 181 180 178 178 180 181 179 176 171 169 172 180 183 186 188 189 190 192 191 191 -9999 -9999 -9999 -9999 -9999 -9999 -9999 -9999 -9999 -9999 -9999 -9999 -9999 -9999 -9999 -9999 -9999 -9999 -9999 -9999 -9999 -9999 -9999 -9999 -9999 -9999 -9999 -9999 -9999 -9999 -9999 -9999 -9999 -9999
-9999 -9999 -9999 -9999 -9999 -9999 -9999 -9999 -9999 -9999 -9999 -9999 -9999 -9999 185 184 184 183 183 183 184 184 182 181 182 181 182 182 182 184 182 177 177 180 180 181 183 181 175 176 179 178 177 178 180 180 181 179 177 175 172 175 177 185 187 189 189 190 191 192 -9999 -9999 -9999 -9999 -9999 -9999 -9999 -9999 -9999 -9999 -9999 -9999 -9999 -9999 -9999 -9999 -9999 -9999 -9999 -9999 -9999 -9999 -9999 -9999 -9999 -9999 -9999 -9999 -9999 -9999 -9999 -9999 -9999 -9999
-9999 -9999 -9999 -9999 -9999 -9999 -9999 -9999 -9999 -9999 -9999 -9999 -9999 -9999 184 184 184 184 184 183 184 182 178 176 177 178 179 181 182 182 183 181 176 172 174 178 180 181 178 176 172 167 172 175 177 178 179 175 175 175 171 177 180 178 184 185 190 189 192 194 -9999 -9999 -9999 -9999 -9999 -9999 -9999 -9999 -9999 -9999 -9999 -9999 -9999 -9999 -9999 -9999 -9999 -9999 -9999 -9999 -9999 -9999 -9999 -9999 -9999 -9999 -9999 -9999 -9999 -9999 -9999 -9999 -9999 -9999
-9999 -9999 -9999 -9999 -9999 -9999 -9999 -9999 -9999 -9999 -9999 -9999 -9999 -9999 -9999 -9999 183 182 184 183 181 179 175 175 180 178 178 182 184 183 184 183 180 176 166 170 177 181 183 180 176 170 168 165 170 172 174 174 167 169 172 175 171 177 177 178 186 190 190 192 -9999 -9999 -9999 -9999 -9999 -9999 -9999 -9999 -9999 -9999 -9999 -9999 -9999 -9999 -9999 -9999 -9999 -9999 -9999 -9999 -9999 -9999 -9999 -9999 -9999 -9999 -9999 -9999 -9999 -9999 -9999 -9999 -9999 -9999
-9999 -9999 -9999 -9999 -9999 -9999 -9999 -9999 -9999 -9999 -9999 -9999 -9999 -9999 -9999 -9999 185 183 178 177 174 171 175 180 181 178 178 181 184 185 185 183 180 176 167 169 176 181 184 183 181 177 173 168 169 166 167 166 165 166 168 174 173 178 181 185 187 188 190 192 -9999 -9999 -9999 -9999 -9999 -9999 -9999 -9999 -9999 -9999 -9999 -9999 -9999 -9999 -9999 -9999 -9999 -9999 -9999 -9999 -9999 -9999 -9999 -9999 -9999 -9999 -9999 -9999 -9999 -9999 -9999 -9999 -9999 -9999
-9999 -9999 -9999 -9999 -9999 -9999 -9999 -9999 -9999 -9999 -9999 -9999 -9999 -9999 -9999 -9999 -9999 -9999 -9999 -9999 -9999 -9999 -9999 -9999 182 182 180 182 184 185 186 183 180 177 173 167 177 178 183 184 184 182 180 178 173 176 173 170 167 165 165 168 175 178 175 178 184 185 189 192 -9999 -9999 -9999 -9999 -9999 -9999 -9999 -9999 -9999 -9999 -9999 -9999 -9999 -9999 -9999 -9999 -9999 -9999 -9999 -9999 -9999 -9999 -9999 -9999 -9999 -9999 -9999 -9999 -9999 -9999 -9999 -9999 -9999 -9999
-9999 -9999 -9999 -9999 -9999 -9999 -9999 -9999 -9999 -9999 -9999 -9999 -9999 -9999 -9999 -9999 -9999 -9999 -9999 -9999 -9999 -9999 -9999 -9999 183 184 180 178 180 182 185 185 181 181 175 173 172 178 184 186 185 185 184 184 182 180 177 175 169 165 166 168 166 172 170 177 184 189 189 193 -9999 -9999 -9999 -9999 -9999 -9999 -9999 -9999 -9999 -9999 -9999 -9999 -9999 -9999 -9999 -9999 -9999 -9999 -9999 -9999 -9999 -9999 -9999 -9999 -9999 -9999 -9999 -9999 -9999 -9999 -9999 -9999 -9999 -9999
-9999 -9999 -9999 -9999 -9999 -9999 -9999 -9999 -9999 -9999 -9999 -9999 -9999 -9999 -9999 -9999 -9999 -9999 -9999 -9999 -9999 -9999 -9999 -9999 184 182 180 174 177 181 183 186 185 183 181 172 172 179 184 186 185 186 184 183 182 181 180 175 174 171 173 173 168 174 179 182 186 188 191 189 -9999 -9999 -9999 -9999 -9999 -9999 -9999 -9999 -9999 -9999 -9999 -9999 -9999 -9999 -9999 -9999 -9999 -9999 -9999 -9999 -9999 -9999 -9999 -9999 -9999 -9999 -9999 -9999 -9999 -9999 -9999 -9999 -9999 -9999
-9999 -9999 -9999 -9999 -9999 -9999 -9999 -9999 -9999 -9999 -9999 -9999 -9999 -9999 -9999 -9999 -9999 -9999 -9999 -9999 -9999 -9999 -9999 -9999 185 184 181 178 178 182 184 186 186 184 181 174 175 183 186 187 187 186 183 177 175 176 180 182 180 175 177 176 172 179 183 186 188 188 186 189 -9999 -9999 -9999 -9999 -9999 -9999 -9999 -9999 -9999 -9999 -9999 -9999 -9999 -9999 -9999 -9999 -9999 -9999 -9999 -9999 -9999 -9999 -9999 -9999 -9999 -9999 -9999 -9999 -9999 -9999 -9999 -9999 -9999 -9999
-9999 -9999 -9999 -9999 -9999 -9999 -9999 -9999 -9999 -9999 -9999 -9999 -9999 -9999 -9999 -9999 -9999 -9999 -9999 -9999 -9999 -9999 -9999 -9999 -9999 -9999 -9999 -9999 -9999 -9999 -9999 -9999 -9999 -9999 -9999 -9999 179 186 187 187 186 187 186 184 182 180 182 183 180 174 178 181 182 180 -9999 -9999 -9999 -9999 -9999 -9999 -9999 -9999 -9999 -9999 -9999 -9999 -9999 -9999 -9999 -9999 -9999 -9999 -9999 -9999 -9999 -9999 -9999 -9999 -9999 -9999 -9999 -9999 -9999 -9999 -9999 -9999 -9999 -9999 -9999 -9999 -9999 -9999 -9999 -9999
-9999 -9999 -9999 -9999 -9999 -9999 -9999 -9999 -9999 -9999 -9999 -9999 -9999 -9999 -9999 -9999 -9999 -9999 -9999 -9999 -9999 -9999 -9999 -9999 -9999 -9999 -9999 -9999 -9999 -9999 -9999 -9999 -9999 -9999 -9999 -9999 185 186 187 187 187 187 187 185 185 185 186 182 179 175 182 184 184 181 -9999 -9999 -9999 -9999 -9999 -9999 -9999 -9999 -9999 -9999 -9999 -9999 -9999 -9999 -9999 -9999 -9999 -9999 -9999 -9999 -9999 -9999 -9999 -9999 -9999 -9999 -9999 -9999 -9999 -9999 -9999 -9999 -9999 -9999 -9999 -9999 -9999 -9999 -9999 -9999
-9999 -9999 -9999 -9999 -9999 -9999 -9999 -9999 -9999 -9999 -9999 -9999 -9999 -9999 -9999 -9999 -9999 -9999 -9999 -9999 -9999 -9999 -9999 -9999 -9999 -9999 -9999 -9999 -9999 -9999 -9999 -9999 -9999 -9999 -9999 -9999 -9999 -9999 187 188 187 188 186 185 182 187 186 184 181 185 186 187 -9999 -9999 -9999 -9999 -9999 -9999 -9999 -9999 -9999 -9999 -9999 -9999 -9999 -9999 -9999 -9999 -9999 -9999 -9999 -9999 -9999 -9999 -9999 -9999 -9999 -9999 -9999 -9999 -9999 -9999 -9999 -9999 -9999 -9999 -9999 -9999 -9999 -9999 -9999 -9999 -9999 -9999
-9999 -9999 -9999 -9999 -9999 -9999 -9999 -9999 -9999 -9999 -9999 -9999 -9999 -9999 -9999 -9999 -9999 -9999 -9999 -9999 -9999 -9999 -9999 -9999 -9999 -9999 -9999 -9999 -9999 -9999 -9999 -9999 -9999 -9999 -9999 -9999 -9999 -9999 188 188 188 188 188 187 185 186 186 184 187 190 189 191 -9999 -9999 -9999 -9999 -9999 -9999 -9999 -9999 -9999 -9999 -9999 -9999 -9999 -9999 -9999 -9999 -9999 -9999 -9999 -9999 -9999 -9999 -9999 -9999 -9999 -9999 -9999 -9999 -9999 -9999 -9999 -9999 -9999 -9999 -9999 -9999 -9999 -9999 -9999 -9999 -9999 -9999
-9999 -9999 -9999 -9999 -9999 -9999 -9999 -9999 -9999 -9999 -9999 -9999 -9999 -9999 -9999 -9999 -9999 -9999 -9999 -9999 -9999 -9999 -9999 -9999 -9999 -9999 -9999 -9999 -9999 -9999 -9999 -9999 -9999 -9999 -9999 -9999 -9999 -9999 -9999 -9999 -9999 -9999 188 187 187 186 -9999 -9999 -9999 -9999 -9999 -9999 -9999 -9999 -9999 -9999 -9999 -9999 -9999 -9999 -9999 -9999 -9999 -9999 -9999 -9999 -9999 -9999 -9999 -9999 -9999 -9999 -9999 -9999 -9999 -9999 -9999 -9999 -9999 -9999 -9999 -9999 -9999 -9999 -9999 -9999 -9999 -9999 -9999 -9999 -9999 -9999 -9999 -9999
-9999 -9999 -9999 -9999 -9999 -9999 -9999 -9999 -9999 -9999 -9999 -9999 -9999 -9999 -9999 -9999 -9999 -9999 -9999 -9999 -9999 -9999 -9999 -9999 -9999 -9999 -9999 -9999 -9999 -9999 -9999 -9999 -9999 -9999 -9999 -9999 -9999 -9999 -9999 -9999 -9999 -9999 189 188 188 187 -9999 -9999 -9999 -9999 -9999 -9999 -9999 -9999 -9999 -9999 -9999 -9999 -9999 -9999 -9999 -9999 -9999 -9999 -9999 -9999 -9999 -9999 -9999 -9999 -9999 -9999 -9999 -9999 -9999 -9999 -9999 -9999 -9999 -9999 -9999 -9999 -9999 -9999 -9999 -9999 -9999 -9999 -9999 -9999 -9999 -9999 -9999 -9999
-9999 -9999 -9999 -9999 -9999 -9999 -9999 -9999 -9999 -9999 -9999 -9999 -9999 -9999 -9999 -9999 -9999 -9999 -9999 -9999 -9999 -9999 -9999 -9999 -9999 -9999 -9999 -9999 -9999 -9999 -9999 -9999 -9999 -9999 -9999 -9999 -9999 -9999 -9999 -9999 -9999 -9999 -9999 -9999 -9999 -9999 -9999 -9999 -9999 -9999 -9999 -9999 -9999 -9999 -9999 -9999 -9999 -9999 -9999 -9999 -9999 -9999 -9999 -9999 -9999 -9999 -9999 -9999 -9999 -9999 -9999 -9999 -9999 -9999 -9999 -9999 -9999 -9999 -9999 -9999 -9999 -9999 -9999 -9999 -9999 -9999 -9999 -9999 -9999 -9999 -9999 -9999 -9999 -9999
-9999 -9999 -9999 -9999 -9999 -9999 -9999 -9999 -9999 -9999 -9999 -9999 -9999 -9999 -9999 -9999 -9999 -9999 -9999 -9999 -9999 -9999 -9999 -9999 -9999 -9999 -9999 -9999 -9999 -9999 -9999 -9999 -9999 -9999 -9999 -9999 -9999 -9999 -9999 -9999 -9999 -9999 -9999 -9999 -9999 -9999 -9999 -9999 -9999 -9999 -9999 -9999 -9999 -9999 -9999 -9999 -9999 -9999 -9999 -9999 -9999 -9999 -9999 -9999 -9999 -9999 -9999 -9999 -9999 -9999 -9999 -9999 -9999 -9999 -9999 -9999 -9999 -9999 -9999 -9999 -9999 -9999 -9999 -9999 -9999 -9999 -9999 -9999 -9999 -9999 -9999 -9999 -9999 -9999
-9999 -9999 -9999 -9999 -9999 -9999 -9999 -9999 -9999 -9999 -9999 -9999 -9999 -9999 -9999 -9999 -9999 -9999 -9999 -9999 -9999 -9999 -9999 -9999 -9999 -9999 -9999 -9999 -9999 -9999 -9999 -9999 -9999 -9999 -9999 -9999 -9999 -9999 -9999 -9999 -9999 -9999 -9999 -9999 -9999 -9999 -9999 -9999 -9999 -9999 -9999 -9999 -9999 -9999 -9999 -9999 -9999 -9999 -9999 -9999 -9999 -9999 -9999 -9999 -9999 -9999 -9999 -9999 -9999 -9999 -9999 -9999 -9999 -9999 -9999 -9999 -9999 -9999 -9999 -9999 -9999 -9999 -9999 -9999 -9999 -9999 -9999 -9999 -9999 -9999 -9999 -9999 -9999 -9999
