sesion_6_simulaciones/modelos_distribucion_especies/ejemplo/variables/presente/TMXI.asc
ncols 708
nrows 329
xllcorner -7.525000
yllcorner 35.991667
cellsize 0.008333
NODATA_value -9999
[rows 126 to 167 of 329, columns 380 to 474 of 708]
145 150 147 149 155 152 148 152 148 145 150 149 152 152 150 151 149 152 148 149 146 144 142 144 143 141 140 141 141 142 141 141 137 137 136 141 140 139 141 145 143 139 140 138 138 137 137 140 125 126 125 127 116 116 111 110 104 115 123 118 133 122 124 125 128 125 122 119 108 105 98 125 130 135 129 101 96 103 103 103 101 88 83 89 97 98 113 132 132 135 128 114 113 121 111
151 152 151 150 148 148 149 145 144 143 148 138 147 144 150 152 152 149 147 148 142 145 144 145 142 140 142 144 142 138 136 138 137 137 134 130 135 139 138 137 139 141 138 136 137 142 127 134 132 129 126 124 126 114 115 118 116 118 118 119 121 118 116 120 124 120 129 122 110 96 97 111 124 127 113 125 124 111 82 83 76 97 93 84 107 122 125 128 133 124 125 119 125 121 128
146 146 149 145 145 149 146 145 141 140 137 134 146 150 154 151 150 150 144 144 148 146 146 147 146 143 145 139 139 141 136 140 132 136 137 138 135 135 137 137 131 135 133 130 129 129 133 128 133 134 130 128 129 123 122 124 122 116 107 107 111 110 105 110 108 111 113 123 106 101 106 113 104 122 130 100 115 120 109 108 108 96 92 99 111 116 123 126 130 138 125 128 127 110 129
146 146 145 144 144 138 139 146 139 128 140 141 144 140 148 151 147 148 144 146 150 141 147 143 147 147 142 144 142 142 140 134 139 138 137 137 136 139 141 137 134 126 135 132 139 136 129 134 128 130 133 131 122 124 129 121 120 121 118 114 107 109 106 98 100 90 101 112 98 92 104 84 96 115 125 101 105 114 118 113 104 91 97 98 112 115 120 130 120 122 120 117 134 122 130
145 147 142 139 140 136 142 144 144 137 141 139 144 147 149 149 143 146 149 148 132 133 138 138 141 142 145 144 139 140 141 135 138 140 140 145 143 141 139 137 137 134 139 137 138 124 137 132 134 133 136 133 133 137 124 118 111 104 97 116 115 109 102 91 81 84 86 97 100 82 88 80 96 106 115 115 107 100 104 102 108 110 111 115 124 127 126 120 120 127 122 125 123 125 122
148 146 141 139 142 140 140 137 138 140 140 144 147 146 144 147 145 147 142 142 136 143 142 145 142 143 145 147 146 137 139 132 139 137 130 138 126 131 120 126 124 128 141 140 139 138 137 137 134 137 136 132 125 122 120 110 112 113 109 110 107 112 114 110 105 87 81 75 71 73 79 91 106 118 123 122 94 95 95 110 116 126 105 102 102 122 127 136 133 126 129 121 121 113 117
152 148 148 145 144 140 142 143 136 143 140 144 147 140 136 141 149 149 131 141 148 145 146 144 140 138 139 144 145 143 144 135 138 134 134 136 125 132 121 108 108 110 119 128 130 135 139 142 139 135 125 133 135 135 130 119 107 108 105 112 116 99 101 110 109 104 105 104 102 93 84 73 101 120 128 122 132 125 127 123 118 106 110 106 115 117 117 127 127 121 128 129 125 114 113
146 146 146 145 144 145 142 141 138 131 135 143 142 137 140 149 149 145 148 147 148 146 139 143 142 142 142 142 135 144 139 134 138 131 131 131 129 131 130 119 93 94 93 121 111 133 124 127 128 132 133 129 129 136 122 123 130 125 121 112 102 94 103 106 116 120 120 116 112 111 108 105 105 105 106 112 114 118 107 120 100 107 111 111 116 115 107 116 122 121 127 120 107 109 102
145 143 142 148 148 137 137 141 143 143 139 142 140 141 141 140 145 137 146 148 141 144 144 142 141 143 141 139 140 135 134 130 130 127 133 128 122 122 112 115 115 110 116 124 132 130 126 128 132 127 138 140 130 135 130 123 123 114 114 119 101 103 95 100 114 119 119 113 108 102 87 80 83 89 89 93 97 109 119 116 114 95 99 108 100 89 119 119 110 111 129 119 107 110 90
135 131 128 137 143 143 140 134 138 138 130 134 133 135 137 135 139 149 140 143 142 144 145 140 142 142 141 140 137 139 130 130 122 126 123 124 120 112 94 95 104 114 124 129 110 111 129 126 120 130 131 129 124 123 130 131 131 119 121 118 122 116 114 111 116 118 111 111 96 76 88 72 92 95 96 87 84 104 106 118 119 122 115 98 99 112 105 105 112 107 121 119 114 108 113
133 131 133 136 138 141 144 141 142 141 142 141 143 145 143 145 149 146 143 137 140 139 142 144 144 142 140 141 140 123 135 134 130 133 130 120 114 116 107 117 110 110 126 123 104 124 120 112 112 128 129 117 120 122 128 132 125 128 118 131 108 120 123 122 123 118 107 91 81 105 103 91 92 92 100 105 109 114 122 112 116 111 92 101 106 98 91 104 95 117 125 132 128 109 108
125 131 138 139 141 144 144 143 141 142 140 140 137 131 140 141 148 145 143 142 144 149 138 139 147 143 142 141 142 140 137 136 132 132 130 128 120 112 116 114 116 114 126 127 124 129 128 117 130 127 120 131 117 132 136 132 128 112 109 108 118 127 124 120 114 115 116 112 108 85 85 88 82 90 102 100 98 101 114 99 109 109 90 98 105 107 105 111 114 113 121 112 122 117 119
135 134 141 135 138 144 144 136 142 142 142 138 141 143 142 143 146 143 144 142 142 143 139 142 144 148 142 141 135 138 137 136 137 134 132 132 131 113 130 122 116 130 131 132 128 130 124 130 127 131 132 130 135 128 130 123 99 95 100 105 121 112 119 113 112 110 106 89 96 104 103 100 103 96 93 92 98 102 115 111 113 103 104 111 98 118 115 119 118 108 117 118 113 111 106
133 133 135 140 140 143 144 139 136 136 136 140 142 146 144 141 142 142 143 145 144 146 139 146 141 146 143 142 141 139 138 136 136 136 135 133 131 134 132 130 129 134 131 127 134 131 131 134 127 131 131 132 132 127 130 127 121 113 105 112 112 116 104 95 98 84 79 100 102 111 109 110 109 102 87 96 93 109 112 90 102 102 117 112 117 119 122 115 121 109 106 100 114 92 88
130 135 136 141 144 140 132 135 132 129 131 132 136 141 140 140 140 140 143 145 145 145 145 144 141 140 145 145 145 143 140 139 137 136 136 133 131 133 135 133 134 135 134 136 133 136 130 131 133 130 133 129 126 128 122 114 108 104 98 100 94 95 92 94 90 94 105 107 95 97 89 96 104 104 101 109 118 114 86 80 98 90 93 104 118 125 118 121 112 110 103 103 90 99 98
136 129 134 140 136 131 127 122 125 132 129 129 141 143 128 135 132 128 141 140 145 141 139 141 141 144 144 143 145 143 136 141 139 138 137 123 123 131 136 139 129 133 135 135 134 133 134 134 136 129 115 126 122 130 127 118 106 107 115 121 98 118 113 105 95 108 102 104 79 95 82 98 106 116 104 101 97 108 115 95 94 101 87 108 119 125 121 117 112 105 107 100 99 99 106
130 132 138 133 126 128 117 111 122 120 130 128 138 134 125 129 125 126 130 134 136 132 140 141 140 139 138 139 136 144 142 134 138 140 139 139 137 138 136 138 138 138 138 138 129 135 124 134 131 131 119 135 134 122 127 121 117 111 103 89 94 92 107 108 105 105 100 103 106 81 91 96 95 100 93 87 100 93 88 89 97 93 111 119 117 120 113 104 107 103 95 101 103 104 105
107 112 114 114 119 129 121 115 125 124 119 134 128 124 120 117 129 127 126 131 140 144 143 136 139 145 138 140 134 134 144 144 146 135 132 144 138 138 128 137 133 120 129 125 129 122 130 123 133 133 138 125 124 124 126 125 118 112 120 106 95 91 105 99 106 111 89 94 100 101 99 106 95 88 78 92 100 110 105 88 97 103 122 120 113 111 113 109 100 102 102 104 104 107 110
104 106 114 120 119 113 109 119 117 121 122 130 127 133 135 134 132 136 134 134 142 136 137 140 140 139 138 133 140 142 143 138 138 130 136 132 139 139 139 131 122 122 109 110 122 129 127 130 132 131 121 112 108 125 127 125 110 100 108 118 112 107 87 97 95 91 107 97 90 108 103 99 105 87 87 101 94 109 98 105 114 114 111 112 112 112 117 117 115 112 110 109 108 107 111
114 125 117 113 109 124 115 109 108 105 104 110 107 109 116 135 137 139 139 141 139 136 146 138 136 139 135 132 135 138 138 141 142 140 135 131 133 131 131 115 121 112 105 112 113 125 117 128 122 118 119 120 124 132 113 122 115 99 92 97 88 78 109 110 96 109 99 104 101 114 103 109 109 98 94 107 100 96 107 114 95 99 118 112 117 114 117 116 115 112 108 109 108 114 111
116 116 108 106 108 106 102 104 106 114 103 102 118 121 121 116 115 117 145 141 143 140 142 137 123 132 133 127 133 142 141 143 132 137 133 126 128 120 113 125 123 122 119 108 119 127 122 118 109 96 116 121 122 115 119 112 96 95 113 101 101 99 98 106 92 108 112 92 106 101 111 112 106 103 93 91 105 109 93 101 110 111 111 113 114 114 115 118 102 112 114 110 107 111 111
111 113 98 101 116 121 122 123 123 125 112 113 116 114 104 124 137 136 138 141 139 134 135 140 138 138 134 134 135 137 131 141 142 136 131 130 131 131 130 129 125 121 118 116 110 122 120 112 107 118 119 124 127 119 121 114 105 112 112 97 101 108 98 103 110 114 111 110 100 101 84 87 101 100 85 90 107 87 111 116 114 112 116 106 114 115 114 115 117 117 114 112 114 113 115
113 109 103 103 94 103 114 135 127 114 129 123 129 132 135 139 130 147 136 138 129 137 133 129 135 132 133 132 136 138 142 137 139 131 138 127 131 131 129 129 126 129 132 124 124 122 120 125 125 120 120 115 124 119 124 113 110 112 111 116 111 108 121 115 117 114 100 101 97 99 109 113 112 112 108 101 110 93 109 107 112 113 114 114 112 118 113 113 111 117 117 115 115 114 111
112 112 115 104 114 118 122 132 124 112 114 110 129 140 138 139 143 136 138 134 137 137 128 134 120 123 118 125 133 142 143 133 142 133 133 133 131 132 131 130 128 132 121 113 117 111 121 119 123 125 123 123 115 113 119 122 121 112 118 117 119 114 120 103 103 106 109 101 107 104 92 109 117 115 101 97 110 117 119 114 102 102 107 112 115 118 113 114 119 118 115 113 111 107 116
115 122 97 122 125 128 135 136 122 125 136 136 137 134 136 141 140 135 137 128 134 124 119 128 121 121 118 124 129 137 141 138 132 141 124 137 133 135 130 128 123 113 117 111 115 119 122 118 120 119 123 120 102 111 107 111 119 117 119 120 119 116 120 117 107 115 116 108 106 106 102 109 98 106 117 102 114 116 114 116 110 110 104 110 112 118 114 115 118 115 107 106 101 111 116
127 125 124 121 134 130 137 135 137 139 143 145 138 142 143 140 142 135 128 126 141 135 126 117 116 113 113 120 121 127 136 136 142 136 127 126 143 139 133 128 130 126 125 121 118 120 116 118 122 120 122 119 119 114 117 116 118 115 121 120 122 119 119 120 114 116 106 105 108 108 99 109 88 108 106 122 122 117 113 104 103 116 112 115 112 112 120 123 110 98 114 115 115 117 112
118 123 132 132 121 130 123 138 137 139 138 138 139 138 135 141 138 140 127 130 137 132 133 114 122 118 119 122 130 136 137 131 134 133 132 122 131 133 133 131 126 130 127 127 121 119 114 116 118 118 117 112 121 115 120 118 118 115 118 123 121 116 120 119 120 118 109 118 113 102 109 91 97 110 115 120 119 110 107 105 114 113 111 111 116 108 118 109 113 114 119 104 100 111 111
122 122 126 132 127 120 120 115 133 136 132 139 135 138 143 139 133 127 137 137 132 124 129 133 129 130 130 130 134 136 135 132 130 133 128 119 125 128 132 134 138 128 129 118 111 110 111 114 116 114 120 120 119 118 117 118 122 121 122 122 121 124 122 116 119 118 117 109 112 111 101 110 100 101 97 123 107 99 103 115 116 120 117 116 117 120 121 122 122 114 104 114 117 117 117
117 117 118 118 120 114 124 124 137 133 125 136 136 133 131 136 130 135 135 133 138 137 130 133 134 128 133 130 135 135 130 123 133 131 139 134 127 129 132 122 128 119 120 120 123 106 102 116 110 119 109 112 118 119 121 121 121 121 121 124 123 122 121 118 121 115 115 111 109 109 104 109 111 111 120 122 122 117 112 107 119 120 121 119 118 121 113 105 104 110 115 107 114 113 111
123 131 130 134 131 124 126 132 132 136 134 127 127 123 126 128 128 122 122 132 135 127 136 130 133 126 128 133 131 128 128 133 119 121 122 131 119 127 120 122 120 113 115 113 113 116 104 110 113 116 124 123 121 122 122 115 119 121 123 123 118 123 120 123 122 123 116 119 118 114 108 112 114 116 120 122 122 118 118 120 121 125 120 122 119 124 110 117 115 107 115 111 101 109 118
120 131 135 136 127 137 133 133 134 126 127 120 128 130 123 127 128 115 125 117 131 136 126 127 127 132 127 125 126 107 111 123 128 124 120 125 127 133 113 119 119 115 109 105 108 98 102 117 119 121 118 116 118 117 116 123 121 123 124 124 123 123 122 122 122 121 120 122 118 118 111 116 118 121 116 124 122 121 121 117 118 116 118 122 116 108 110 109 103 105 110 102 99 87 109
129 125 129 131 137 135 130 129 134 122 113 123 130 112 135 124 118 129 131 131 127 135 129 136 123 123 129 119 111 110 125 125 128 110 115 120 124 119 117 118 116 105 113 106 108 114 111 113 116 112 119 121 120 117 116 121 123 125 124 124 123 124 122 121 124 122 120 119 116 111 118 116 119 116 126 122 125 116 112 122 120 122 122 111 98 88 83 89 89 93 108 117 117 120 116
130 129 130 131 135 135 136 135 129 117 112 126 128 134 124 126 119 127 128 122 125 133 136 122 117 126 115 109 101 104 127 127 127 125 124 112 116 115 110 111 113 113 113 115 114 114 113 107 118 114 122 120 117 122 123 118 120 116 119 121 123 123 124 125 119 116 122 122 118 122 114 115 109 113 120 124 122 122 124 126 117 110 118 115 110 102 87 87 92 98 108 105 110 115 113
122 137 125 133 123 118 106 130 128 131 124 126 129 120 113 121 117 121 113 130 130 132 135 126 120 108 112 100 113 121 127 120 118 113 118 128 124 128 105 104 125 120 115 115 120 117 119 115 120 124 120 122 117 118 117 115 115 106 114 114 124 114 117 114 122 115 121 130 111 113 118 114 116 103 114 116 126 119 119 125 119 120 114 114 106 95 107 111 112 107 104 101 105 111 122
131 132 139 127 116 127 123 122 117 101 112 107 93 112 100 99 115 126 128 133 126 126 114 111 107 101 102 112 127 126 125 115 120 124 116 120 109 111 116 120 111 116 119 118 118 113 112 121 123 120 116 118 112 112 106 105 102 113 117 121 121 110 114 118 115 125 120 120 123 121 120 112 108 104 102 123 132 121 106 112 114 119 115 109 99 102 111 114 112 120 119 122 119 126 122
142 131 135 135 136 136 134 127 97 94 103 101 96 92 95 100 111 126 130 127 124 115 107 103 106 102 104 116 123 124 122 122 127 105 108 104 112 111 105 121 112 118 116 107 115 119 114 114 103 112 112 124 119 106 96 116 115 115 113 117 116 122 122 122 115 121 126 126 123 115 108 109 113 113 119 105 117 111 123 124 119 111 103 89 115 118 117 118 119 118 122 121 123 122 114
139 137 140 128 126 130 128 121 116 97 111 114 111 99 109 108 127 125 129 123 132 125 112 115 117 124 111 122 123 122 115 107 112 110 125 105 114 115 101 124 113 113 116 118 115 110 111 114 114 110 114 110 110 111 99 99 104 111 116 112 107 119 114 112 125 125 126 128 118 109 111 117 110 96 109 113 125 115 117 112 118 114 116 113 107 115 117 120 121 122 124 121 118 118 120
141 137 132 137 141 134 128 116 91 114 105 122 115 113 119 132 125 132 121 118 127 113 126 111 129 122 128 123 116 112 122 107 116 112 107 110 99 115 117 123 122 125 119 118 120 116 102 112 119 111 111 110 108 108 109 111 111 102 100 104 108 116 125 117 122 128 126 125 122 119 120 119 119 109 101 104 117 119 133 121 107 100 99 106 103 118 118 122 122 123 124 118 118 119 122
141 141 132 128 131 134 131 106 117 118 116 124 124 125 126 123 119 127 124 134 125 111 127 127 124 126 126 127 134 111 106 114 124 108 102 115 116 112 123 121 127 126 119 116 112 107 104 108 112 106 103 111 115 115 117 117 118 114 122 121 123 120 120 110 122 129 120 127 126 126 112 107 111 99 111 116 117 127 127 130 111 110 100 94 122 118 125 119 119 125 125 122 120 119 123
128 127 125 124 114 106 107 123 127 124 126 126 123 124 125 124 121 123 129 133 120 130 132 124 130 125 122 131 121 124 124 119 108 114 117 117 117 116 116 121 125 116 108 106 103 107 110 111 110 104 112 115 113 115 117 124 115 117 120 119 119 104 115 122 122 116 113 123 128 119 104 97 113 111 115 119 123 130 130 118 115 106 119 124 123 123 125 126 125 128 124 123 116 124 127
121 112 103 98 110 125 131 128 127 128 126 128 127 126 121 119 118 135 133 131 137 124 132 128 123 130 122 125 129 124 127 114 109 116 125 121 119 118 110 108 128 125 126 122 122 114 109 102 111 115 116 113 113 103 102 112 115 122 113 122 120 123 122 119 117 109 120 117 107 118 132 110 108 108 119 124 117 115 128 130 126 131 128 128 126 126 126 127 127 123 127 126 126 126 122
119 98 124 121 134 130 129 133 132 120 129 131 128 125 117 123 122 122 132 137 135 123 124 135 128 133 131 124 132 118 110 121 121 124 122 128 123 126 122 128 128 118 124 117 112 115 111 118 117 110 109 108 103 119 116 113 110 106 119 117 120 123 122 121 115 111 108 98 99 115 124 136 124 126 122 125 125 124 131 132 129 128 127 127 126 126 126 129 124 119 123 129 131 126 127
