sesion_6_simulaciones/modelos_distribucion_especies/ejemplo/variables/presente/TMXI.asc
ncols 708
nrows 329
xllcorner -7.525000
yllcorner 35.991667
cellsize 0.008333
NODATA_value -9999
[rows 210 to 251 of 329, columns 475 to 569 of 708]
127 124 121 124 112 114 99 78 69 59 53 50 64 73 65 52 55 56 71 55 53 57 75 84 92 78 59 49 51 51 53 58 61 79 89 84 81 64 68 72 79 77 87 87 93 106 90 96 102 117 122 111 115 117 122 134 123 130 134 134 136 134 132 133 132 133 136 120 132 133 127 125 133 118 128 120 117 118 120 119 118 117 119 119 118 114 110 107 120 131 125 124 124 112 123
123 122 124 121 123 100 91 83 73 70 59 64 80 82 69 54 63 69 74 70 61 69 78 90 93 77 68 62 62 64 69 65 82 85 100 100 85 74 74 85 84 87 91 91 101 111 99 104 105 104 120 127 121 123 129 123 112 124 140 135 134 139 137 132 133 137 138 134 132 131 134 133 127 119 115 108 98 114 113 103 116 118 112 108 97 116 109 105 101 108 110 107 112 119 103
122 123 128 124 113 109 100 96 83 75 67 68 88 84 72 72 72 79 91 79 71 74 82 104 94 94 81 69 76 64 78 81 80 92 94 101 93 84 88 90 92 101 96 105 105 119 119 113 103 120 110 124 122 133 129 128 132 134 125 139 129 140 137 134 137 139 143 140 136 135 139 128 129 127 119 109 117 104 101 98 99 114 94 91 107 113 99 92 96 113 97 95 94 104 98
133 135 129 128 120 111 119 106 95 88 79 94 99 83 79 84 82 89 98 89 77 75 85 100 114 99 84 70 87 92 92 90 86 97 102 100 88 96 101 97 99 108 109 102 115 119 118 124 127 129 130 128 123 134 131 133 132 136 136 139 130 141 142 135 143 138 124 137 125 133 135 126 129 116 104 106 113 107 99 97 101 94 91 98 88 90 87 88 95 108 92 86 86 101 91
135 132 131 118 125 125 112 105 102 96 98 116 97 89 94 93 92 97 108 94 90 84 92 105 115 97 81 94 98 104 104 104 99 103 105 91 105 102 105 102 104 113 120 114 111 121 122 115 118 124 122 132 129 133 130 126 122 128 138 136 142 138 146 136 143 134 130 127 126 129 131 126 129 124 106 108 108 107 85 88 92 85 92 79 68 73 84 82 76 94 93 84 102 80 104
134 136 139 135 130 123 114 114 113 107 118 120 103 104 113 107 107 110 120 104 100 100 108 114 103 82 96 103 107 105 110 106 116 110 94 98 101 110 109 116 119 120 105 125 117 122 118 121 124 125 125 133 131 138 140 134 140 138 126 130 131 140 145 144 141 132 119 123 122 122 124 122 126 128 115 107 103 85 87 82 71 69 84 66 55 63 69 78 91 75 86 75 74 80 79
145 141 142 142 133 131 124 120 127 121 120 120 122 117 120 129 119 119 124 125 120 115 119 118 115 111 114 116 117 118 119 123 107 100 112 110 100 126 114 112 109 122 120 120 123 126 120 114 115 113 113 114 125 134 139 135 131 121 131 139 139 126 132 138 154 138 134 133 131 126 117 125 125 119 120 113 108 100 92 85 85 75 78 72 58 54 51 78 77 87 78 81 88 79 79
126 139 147 142 145 140 134 133 136 137 141 136 126 121 129 129 131 129 136 141 132 122 134 129 145 121 132 130 128 104 90 95 113 118 123 128 118 134 123 128 122 132 125 132 119 129 124 117 116 112 129 110 108 115 115 119 115 136 135 128 120 136 120 144 149 147 127 133 133 134 127 127 130 131 117 108 94 90 85 81 81 70 66 77 57 60 54 63 61 68 85 81 74 80 89
126 131 135 151 144 138 139 143 138 141 125 141 139 132 137 139 145 142 145 136 133 115 133 133 135 113 118 116 99 116 117 124 120 135 128 133 134 131 130 124 127 131 121 123 109 109 111 113 111 108 106 105 102 100 114 129 133 139 128 119 128 120 131 128 147 138 129 129 127 128 137 129 129 132 126 121 117 118 101 95 80 67 69 72 57 58 59 53 58 60 79 60 77 72 84
107 132 127 135 151 140 149 140 151 135 144 139 134 132 142 144 144 145 145 144 141 136 133 142 146 132 119 127 126 122 126 128 131 143 122 126 127 118 119 115 115 115 114 112 116 111 116 109 103 114 112 116 123 126 127 130 123 117 122 119 136 140 136 148 148 143 133 130 127 123 128 139 139 138 134 127 125 99 105 100 93 77 69 75 67 71 68 57 49 66 67 58 63 57 62
136 136 127 126 140 157 142 152 152 141 151 144 144 146 143 147 148 148 148 149 152 159 156 137 127 130 141 132 135 139 144 143 126 121 121 110 106 111 107 106 118 107 107 114 102 96 100 107 119 120 119 113 117 103 104 104 107 115 121 135 131 147 140 139 149 137 145 143 134 137 140 137 139 131 122 126 128 116 123 113 87 81 77 75 74 71 69 63 66 68 62 66 60 70 66
129 117 117 122 137 131 133 140 155 153 148 145 143 147 145 149 150 153 151 149 149 147 140 129 141 127 133 144 147 133 125 130 126 108 126 114 102 101 101 107 113 118 105 99 104 97 104 111 120 102 115 100 94 92 114 122 127 129 128 134 139 152 153 152 149 147 152 130 138 141 142 140 134 141 139 138 134 126 111 105 88 95 73 72 70 67 73 73 70 63 67 62 69 70 74
109 116 107 120 131 130 134 131 135 155 159 160 154 154 156 152 133 136 127 133 134 133 127 136 123 114 130 119 127 118 113 122 126 112 119 105 99 98 95 99 95 108 95 93 95 97 109 109 97 115 117 109 108 110 113 118 114 117 138 141 136 129 125 134 148 141 137 141 149 153 148 145 144 132 133 136 138 135 125 105 94 90 79 71 73 78 68 82 71 77 75 64 64 66 68
105 113 129 129 131 124 138 151 153 157 152 132 129 127 123 133 120 124 131 127 128 120 125 128 112 112 130 126 121 108 106 112 128 114 111 126 113 115 89 104 109 92 108 110 115 110 114 116 115 108 103 113 104 95 112 127 117 119 132 124 132 130 133 142 146 144 133 128 131 141 156 157 142 150 139 146 132 142 139 131 110 104 91 87 67 63 83 82 73 85 83 71 68 86 88
119 127 130 140 145 127 143 151 161 153 148 132 120 112 123 109 95 117 122 109 103 107 113 119 121 117 128 134 124 113 102 106 123 108 110 111 113 103 115 118 114 112 108 112 123 122 126 114 122 110 112 105 107 105 122 126 121 126 117 113 120 133 135 142 134 147 140 131 136 132 143 152 151 148 149 148 142 146 135 135 131 115 108 96 96 94 79 101 98 97 88 95 78 92 99
138 138 139 142 141 141 153 163 153 137 136 125 129 124 107 110 92 92 116 101 99 94 104 118 111 118 128 118 124 105 98 106 113 112 95 105 99 110 121 112 115 125 111 127 119 129 108 119 123 120 108 117 109 119 122 117 120 125 114 122 125 125 122 120 148 149 142 143 149 158 151 143 153 151 150 147 148 143 145 136 138 131 126 117 105 101 100 94 99 91 93 94 104 87 102
147 149 153 150 147 160 161 155 148 139 122 128 111 108 106 96 84 81 105 84 78 87 106 112 106 126 132 126 121 96 110 120 115 108 106 113 116 104 115 125 116 117 115 110 126 128 116 120 114 124 129 103 99 104 113 110 108 131 133 127 125 114 120 130 131 153 146 155 153 157 155 155 154 150 148 148 134 143 129 140 134 146 141 135 127 122 123 112 109 104 116 112 104 111 103
152 144 154 146 152 160 157 140 145 142 131 112 106 103 112 86 87 79 89 73 85 94 110 123 122 112 120 117 108 94 91 99 108 103 114 124 115 124 115 130 134 122 113 112 133 136 133 129 130 119 116 108 115 116 113 106 109 123 127 137 134 127 124 122 144 154 153 156 153 158 157 156 156 151 154 154 152 153 148 133 136 142 144 143 143 134 135 117 118 119 120 122 124 111 137
148 163 157 150 158 161 152 152 142 129 116 118 105 101 88 86 98 82 72 79 88 94 114 127 133 116 103 107 116 97 99 104 105 108 118 132 120 131 119 123 113 128 122 127 126 139 127 126 120 127 121 126 124 119 97 111 115 107 133 127 128 149 151 158 162 162 153 154 150 157 159 153 157 155 154 152 150 139 135 135 141 143 145 145 141 139 135 130 133 129 130 139 142 134 140
166 158 161 165 162 155 148 140 140 123 120 115 114 101 99 84 85 86 77 73 103 98 130 139 135 117 123 117 112 95 97 107 107 123 125 125 138 141 121 144 139 130 127 133 141 136 138 134 138 128 135 130 118 124 119 118 116 136 132 127 139 138 142 150 148 153 158 156 151 155 159 152 137 138 147 146 145 129 140 139 149 143 149 149 149 148 149 145 146 141 139 149 142 153 146
153 161 163 150 147 143 150 146 151 145 142 134 120 107 120 99 105 103 107 103 105 128 126 143 131 125 134 129 123 117 118 108 104 107 113 119 114 120 132 130 137 141 145 126 122 152 126 121 127 136 137 132 139 126 131 134 130 122 132 137 130 131 148 146 162 158 145 157 152 158 160 147 148 147 141 136 141 140 140 133 134 144 147 152 151 145 153 151 146 153 150 157 151 149 156
150 153 150 156 142 139 155 152 143 145 146 139 139 133 132 128 117 123 119 124 127 128 143 148 121 131 138 117 127 120 126 127 124 114 132 123 120 131 140 130 153 156 152 146 150 148 140 135 129 136 140 149 130 135 126 132 134 138 139 132 145 138 140 152 150 160 163 158 152 164 152 135 155 150 138 138 142 137 134 136 128 142 125 136 154 153 155 159 162 164 161 161 164 160 160
150 162 144 153 146 147 157 153 157 151 148 145 138 146 143 141 138 128 132 135 142 147 155 127 142 144 142 137 144 134 136 129 134 122 118 130 137 141 121 130 129 148 159 152 157 141 135 146 144 149 138 140 137 136 138 144 141 123 147 148 145 129 130 142 145 155 165 161 162 158 140 148 157 147 140 145 139 138 143 130 139 131 157 153 157 155 159 164 169 162 163 164 163 163 161
151 153 163 172 169 158 155 153 146 142 141 141 140 151 146 119 109 125 143 147 144 149 153 152 146 150 141 138 137 127 141 138 141 129 142 143 134 134 147 138 125 145 153 144 161 152 154 149 152 147 158 153 147 145 146 151 152 142 146 145 135 126 129 130 141 154 157 164 159 154 160 160 159 147 141 139 145 149 153 155 152 154 160 155 157 158 160 161 161 163 165 165 165 165 165
168 171 166 165 154 151 148 160 155 150 152 149 147 147 146 147 122 129 135 156 157 151 149 151 151 158 139 147 138 141 136 148 149 143 145 147 126 149 154 133 146 140 145 136 146 164 165 154 164 158 158 139 149 135 134 139 151 150 146 154 145 144 140 148 153 160 162 164 167 163 165 160 157 163 152 157 155 147 155 159 154 162 164 162 161 162 161 162 162 164 164 165 165 166 166
166 165 158 158 144 155 164 160 153 163 161 150 159 159 151 154 141 129 140 159 161 164 158 163 144 143 151 146 156 146 152 145 154 141 144 141 147 133 159 148 153 133 132 162 161 167 158 161 149 162 146 156 146 149 149 148 141 160 145 154 148 154 143 156 156 157 159 168 169 169 167 166 169 167 166 171 166 156 165 162 163 162 164 164 164 163 164 164 164 164 166 165 166 166 166
169 167 153 156 164 164 165 161 160 163 156 156 161 156 149 137 131 129 133 142 147 145 154 160 160 157 147 154 158 156 153 154 161 157 162 162 151 159 154 164 151 158 160 155 162 151 169 163 158 161 164 151 153 155 154 159 162 159 155 161 165 154 159 162 165 166 168 171 169 166 169 170 171 171 172 172 168 168 167 166 166 165 165 166 166 165 165 165 165 165 166 165 167 166 166
167 167 152 162 160 167 166 168 166 156 161 150 165 159 149 155 140 132 126 140 140 156 159 166 165 -9999 -9999 -9999 -9999 -9999 -9999 -9999 -9999 -9999 -9999 -9999 -9999 -9999 -9999 -9999 -9999 -9999 -9999 -9999 -9999 -9999 -9999 -9999 -9999 -9999 -9999 -9999 -9999 -9999 -9999 -9999 -9999 -9999 -9999 -9999 -9999 -9999 -9999 -9999 -9999 -9999 -9999 -9999 -9999 -9999 -9999 -9999 -9999 -9999 -9999 -9999 -9999 -9999 -9999 -9999 -9999 167 166 166 167 165 165 166 165 166 167 165 167 166 165
170 171 168 169 170 169 169 169 167 166 156 162 164 161 160 145 144 137 131 148 148 152 157 165 169 -9999 -9999 -9999 -9999 -9999 -9999 -9999 -9999 -9999 -9999 -9999 -9999 -9999 -9999 -9999 -9999 -9999 -9999 -9999 -9999 -9999 -9999 -9999 -9999 -9999 -9999 -9999 -9999 -9999 -9999 -9999 -9999 -9999 -9999 -9999 -9999 -9999 -9999 -9999 -9999 -9999 -9999 -9999 -9999 -9999 -9999 -9999 -9999 -9999 -9999 -9999 -9999 -9999 -9999 -9999 -9999 170 167 167 167 165 165 166 166 165 164 165 166 167 167
170 170 171 171 171 171 170 170 170 170 167 167 164 159 162 156 134 138 142 144 150 149 155 -9999 -9999 -9999 -9999 -9999 -9999 -9999 -9999 -9999 -9999 -9999 -9999 -9999 -9999 -9999 -9999 -9999 -9999 -9999 -9999 -9999 -9999 -9999 -9999 -9999 -9999 -9999 -9999 -9999 -9999 -9999 -9999 -9999 -9999 -9999 -9999 -9999 -9999 -9999 -9999 -9999 -9999 -9999 -9999 -9999 -9999 -9999 -9999 -9999 -9999 -9999 -9999 -9999 -9999 -9999 -9999 -9999 -9999 -9999 -9999 168 168 169 166 166 165 167 166 167 168 167 166
172 171 172 173 174 173 172 171 170 169 168 167 163 163 158 160 161 146 146 153 151 146 165 -9999 -9999 -9999 -9999 -9999 -9999 -9999 -9999 -9999 -9999 -9999 -9999 -9999 -9999 -9999 -9999 -9999 -9999 -9999 -9999 -9999 -9999 -9999 -9999 -9999 -9999 -9999 -9999 -9999 -9999 -9999 -9999 -9999 -9999 -9999 -9999 -9999 -9999 -9999 -9999 -9999 -9999 -9999 -9999 -9999 -9999 -9999 -9999 -9999 -9999 -9999 -9999 -9999 -9999 -9999 -9999 -9999 -9999 -9999 -9999 166 168 168 167 167 168 168 166 166 166 166 166
-9999 -9999 -9999 -9999 -9999 -9999 -9999 -9999 -9999 -9999 -9999 164 167 159 166 167 161 -9999 -9999 -9999 -9999 -9999 -9999 -9999 -9999 -9999 -9999 -9999 -9999 -9999 -9999 -9999 -9999 -9999 -9999 -9999 -9999 -9999 -9999 -9999 -9999 -9999 -9999 -9999 -9999 -9999 -9999 -9999 -9999 -9999 -9999 -9999 -9999 -9999 -9999 -9999 -9999 -9999 -9999 -9999 -9999 -9999 -9999 -9999 -9999 -9999 -9999 -9999 -9999 -9999 -9999 -9999 -9999 -9999 -9999 -9999 -9999 -9999 -9999 -9999 -9999 -9999 -9999 -9999 -9999 -9999 -9999 -9999 -9999 -9999 -9999 -9999 -9999 167 167
-9999 -9999 -9999 -9999 -9999 -9999 -9999 -9999 -9999 -9999 -9999 163 153 169 172 161 171 -9999 -9999 -9999 -9999 -9999 -9999 -9999 -9999 -9999 -9999 -9999 -9999 -9999 -9999 -9999 -9999 -9999 -9999 -9999 -9999 -9999 -9999 -9999 -9999 -9999 -9999 -9999 -9999 -9999 -9999 -9999 -9999 -9999 -9999 -9999 -9999 -9999 -9999 -9999 -9999 -9999 -9999 -9999 -9999 -9999 -9999 -9999 -9999 -9999 -9999 -9999 -9999 -9999 -9999 -9999 -9999 -9999 -9999 -9999 -9999 -9999 -9999 -9999 -9999 -9999 -9999 -9999 -9999 -9999 -9999 -9999 -9999 -9999 -9999 -9999 -9999 167 167
-9999 -9999 -9999 -9999 -9999 -9999 -9999 -9999 -9999 -9999 -9999 -9999 -9999 -9999 -9999 -9999 -9999 -9999 -9999 -9999 -9999 -9999 -9999 -9999 -9999 -9999 -9999 -9999 -9999 -9999 -9999 -9999 -9999 -9999 -9999 -9999 -9999 -9999 -9999 -9999 -9999 -9999 -9999 -9999 -9999 -9999 -9999 -9999 -9999 -9999 -9999 -9999 -9999 -9999 -9999 -9999 -9999 -9999 -9999 -9999 -9999 -9999 -9999 -9999 -9999 -9999 -9999 -9999 -9999 -9999 -9999 -9999 -9999 -9999 -9999 -9999 -9999 -9999 -9999 -9999 -9999 -9999 -9999 -9999 -9999 -9999 -9999 -9999 -9999 -9999 -9999 -9999 -9999 -9999 -9999
-9999 -9999 -9999 -9999 -9999 -9999 -9999 -9999 -9999 -9999 -9999 -9999 -9999 -9999 -9999 -9999 -9999 -9999 -9999 -9999 -9999 -9999 -9999 -9999 -9999 -9999 -9999 -9999 -9999 -9999 -9999 -9999 -9999 -9999 -9999 -9999 -9999 -9999 -9999 -9999 -9999 -9999 -9999 -9999 -9999 -9999 -9999 -9999 -9999 -9999 -9999 -9999 -9999 -9999 -9999 -9999 -9999 -9999 -9999 -9999 -9999 -9999 -9999 -9999 -9999 -9999 -9999 -9999 -9999 -9999 -9999 -9999 -9999 -9999 -9999 -9999 -9999 -9999 -9999 -9999 -9999 -9999 -9999 -9999 -9999 -9999 -9999 -9999 -9999 -9999 -9999 -9999 -9999 -9999 -9999
-9999 -9999 -9999 -9999 -9999 -9999 -9999 -9999 -9999 -9999 -9999 -9999 -9999 -9999 -9999 -9999 -9999 -9999 -9999 -9999 -9999 -9999 -9999 -9999 -9999 -9999 -9999 -9999 -9999 -9999 -9999 -9999 -9999 -9999 -9999 -9999 -9999 -9999 -9999 -9999 -9999 -9999 -9999 -9999 -9999 -9999 -9999 -9999 -9999 -9999 -9999 -9999 -9999 -9999 -9999 -9999 -9999 -9999 -9999 -9999 -9999 -9999 -9999 -9999 -9999 -9999 -9999 -9999 -9999 -9999 -9999 -9999 -9999 -9999 -9999 -9999 -9999 -9999 -9999 -9999 -9999 -9999 -9999 -9999 -9999 -9999 -9999 -9999 -9999 -9999 -9999 -9999 -9999 -9999 -9999
-9999 -9999 -9999 -9999 -9999 -9999 -9999 -9999 -9999 -9999 -9999 -9999 -9999 -9999 -9999 -9999 -9999 -9999 -9999 -9999 -9999 -9999 -9999 -9999 -9999 -9999 -9999 -9999 -9999 -9999 -9999 -9999 -9999 -9999 -9999 -9999 -9999 -9999 -9999 -9999 -9999 -9999 -9999 -9999 -9999 -9999 -9999 -9999 -9999 -9999 -9999 -9999 -9999 -9999 -9999 -9999 -9999 -9999 -9999 -9999 -9999 -9999 -9999 -9999 -9999 -9999 -9999 -9999 -9999 -9999 -9999 -9999 -9999 -9999 -9999 -9999 -9999 -9999 -9999 -9999 -9999 -9999 -9999 -9999 -9999 -9999 -9999 -9999 -9999 -9999 -9999 -9999 -9999 -9999 -9999
-9999 -9999 -9999 -9999 -9999 -9999 -9999 -9999 -9999 -9999 -9999 -9999 -9999 -9999 -9999 -9999 -9999 -9999 -9999 -9999 -9999 -9999 -9999 -9999 -9999 -9999 -9999 -9999 -9999 -9999 -9999 -9999 -9999 -9999 -9999 -9999 -9999 -9999 -9999 -9999 -9999 -9999 -9999 -9999 -9999 -9999 -9999 -9999 -9999 -9999 -9999 -9999 -9999 -9999 -9999 -9999 -9999 -9999 -9999 -9999 -9999 -9999 -9999 -9999 -9999 -9999 -9999 -9999 -9999 -9999 -9999 -9999 -9999 -9999 -9999 -9999 -9999 -9999 -9999 -9999 -9999 -9999 -9999 -9999 -9999 -9999 -9999 -9999 -9999 -9999 -9999 -9999 -9999 -9999 -9999
-9999 -9999 -9999 -9999 -9999 -9999 -9999 -9999 -9999 -9999 -9999 -9999 -9999 -9999 -9999 -9999 -9999 -9999 -9999 -9999 -9999 -9999 -9999 -9999 -9999 -9999 -9999 -9999 -9999 -9999 -9999 -9999 -9999 -9999 -9999 -9999 -9999 -9999 -9999 -9999 -9999 -9999 -9999 -9999 -9999 -9999 -9999 -9999 -9999 -9999 -9999 -9999 -9999 -9999 -9999 -9999 -9999 -9999 -9999 -9999 -9999 -9999 -9999 -9999 -9999 -9999 -9999 -9999 -9999 -9999 -9999 -9999 -9999 -9999 -9999 -9999 -9999 -9999 -9999 -9999 -9999 -9999 -9999 -9999 -9999 -9999 -9999 -9999 -9999 -9999 -9999 -9999 -9999 -9999 -9999
-9999 -9999 -9999 -9999 -9999 -9999 -9999 -9999 -9999 -9999 -9999 -9999 -9999 -9999 -9999 -9999 -9999 -9999 -9999 -9999 -9999 -9999 -9999 -9999 -9999 -9999 -9999 -9999 -9999 -9999 -9999 -9999 -9999 -9999 -9999 -9999 -9999 -9999 -9999 -9999 -9999 -9999 -9999 -9999 -9999 -9999 -9999 -9999 -9999 -9999 -9999 -9999 -9999 -9999 -9999 -9999 -9999 -9999 -9999 -9999 -9999 -9999 -9999 -9999 -9999 -9999 -9999 -9999 -9999 -9999 -9999 -9999 -9999 -9999 -9999 -9999 -9999 -9999 -9999 -9999 -9999 -9999 -9999 -9999 -9999 -9999 -9999 -9999 -9999 -9999 -9999 -9999 -9999 -9999 -9999
-9999 -9999 -9999 -9999 -9999 -9999 -9999 -9999 -9999 -9999 -9999 -9999 -9999 -9999 -9999 -9999 -9999 -9999 -9999 -9999 -9999 -9999 -9999 -9999 -9999 -9999 -9999 -9999 -9999 -9999 -9999 -9999 -9999 -9999 -9999 -9999 -9999 -9999 -9999 -9999 -9999 -9999 -9999 -9999 -9999 -9999 -9999 -9999 -9999 -9999 -9999 -9999 -9999 -9999 -9999 -9999 -9999 -9999 -9999 -9999 -9999 -9999 -9999 -9999 -9999 -9999 -9999 -9999 -9999 -9999 -9999 -9999 -9999 -9999 -9999 -9999 -9999 -9999 -9999 -9999 -9999 -9999 -9999 -9999 -9999 -9999 -9999 -9999 -9999 -9999 -9999 -9999 -9999 -9999 -9999
-9999 -9999 -9999 -9999 -9999 -9999 -9999 -9999 -9999 -9999 -9999 -9999 -9999 -9999 -9999 -9999 -9999 -9999 -9999 -9999 -9999 -9999 -9999 -9999 -9999 -9999 -9999 -9999 -9999 -9999 -9999 -9999 -9999 -9999 -9999 -9999 -9999 -9999 -9999 -9999 -9999 -9999 -9999 -9999 -9999 -9999 -9999 -9999 -9999 -9999 -9999 -9999 -9999 -9999 -9999 -9999 -9999 -9999 -9999 -9999 -9999 -9999 -9999 -9999 -9999 -9999 -9999 -9999 -9999 -9999 -9999 -9999 -9999 -9999 -9999 -9999 -9999 -9999 -9999 -9999 -9999 -9999 -9999 -9999 -9999 -9999 -9999 -9999 -9999 -9999 -9999 -9999 -9999 -9999 -9999
