sesion_6_simulaciones/modelos_distribucion_especies/ejemplo/variables/futuro_A2/2050/PA.asc
ncols 708
nrows 329
xllcorner -7.525000
yllcorner 35.991667
cellsize 0.008333
NODATA_value -9999
[rows 126 to 167 of 329, columns 470 to 563 of 708]
413 406 422 427 407 434 429 447 440 464 480 493 500 523 521 522 520 498 481 472 452 433 419 402 378 386 399 442 441 465 439 435 445 444 458 437 398 406 378 344 345 360 358 342 340 333 326 321 314 314 316 324 331 339 348 358 362 369 376 387 382 381 377 411 392 394 383 373 352 353 323 328 320 373 405 392 388 398 403 410 414 417 417 403 411 420 400 403 418 416 413 408 404 394
396 406 420 420 411 429 424 448 438 463 494 508 514 531 547 542 505 485 462 478 439 442 398 397 392 399 420 445 469 473 465 447 454 444 432 423 404 392 372 360 378 361 359 352 341 336 337 334 335 322 325 329 337 338 335 344 347 351 372 373 376 391 405 400 411 408 380 377 366 355 329 336 329 368 397 388 392 391 394 395 403 405 407 407 403 391 383 384 390 411 407 405 401 395
388 386 418 395 395 410 428 429 443 466 498 539 559 573 551 538 520 489 461 448 449 424 414 380 403 418 412 440 439 450 457 441 438 432 420 427 399 399 393 380 370 367 364 357 352 349 344 339 340 342 327 321 336 332 336 338 339 332 353 361 346 373 377 387 390 396 375 376 355 349 318 320 319 355 368 386 383 381 382 385 391 393 395 396 400 397 381 380 378 394 405 402 395 388
396 409 414 421 425 412 418 424 441 475 498 505 505 552 535 525 506 481 469 446 419 410 411 422 409 412 410 407 424 438 444 443 429 420 415 420 413 402 389 381 376 368 368 360 355 343 338 331 324 319 330 305 319 324 324 313 319 339 325 321 328 338 369 376 359 360 372 377 397 366 331 330 326 346 351 370 373 372 372 370 375 381 383 386 391 391 384 352 377 363 401 402 397 381
404 408 407 438 423 413 431 438 425 449 463 472 483 476 496 486 470 467 449 439 413 413 413 415 411 423 395 422 415 418 433 430 422 417 412 411 402 392 388 380 375 370 363 360 346 341 329 327 323 311 305 305 306 299 302 313 307 311 319 327 330 320 331 356 347 346 323 343 356 351 334 330 319 311 344 358 367 364 360 360 363 367 371 377 380 381 386 346 349 356 388 392 384 373
413 419 440 443 457 445 445 441 433 453 448 453 457 466 469 476 480 467 456 445 454 434 416 426 414 407 406 409 412 428 427 422 420 418 421 409 415 397 388 386 373 365 359 348 349 353 326 320 311 307 307 291 294 298 290 302 302 305 307 314 301 327 300 327 332 328 318 301 315 330 314 288 292 302 334 333 353 353 351 350 351 358 362 366 370 373 355 339 335 347 370 374 367 364
435 430 451 473 484 485 475 464 456 459 457 481 462 473 474 486 492 494 480 478 465 445 435 438 420 413 413 424 425 427 413 416 412 412 416 414 410 397 388 379 376 368 363 355 355 349 352 342 331 333 322 309 302 294 291 294 297 298 305 301 301 300 298 308 300 302 304 283 293 301 277 281 264 277 304 328 338 340 340 339 341 343 350 356 357 356 339 332 326 327 345 355 356 352
454 443 473 511 519 514 526 496 518 501 502 498 480 479 467 497 503 492 492 486 472 476 441 456 455 455 431 426 421 415 415 413 409 403 402 401 395 389 384 380 374 370 378 369 365 360 347 338 324 302 299 317 281 293 280 283 286 292 293 280 293 279 289 278 276 288 265 272 275 271 254 263 273 285 306 324 328 328 326 327 329 332 338 342 339 334 313 305 293 318 317 319 331 331
467 475 510 508 547 536 568 537 561 550 527 516 504 475 504 496 502 491 494 472 497 488 474 464 466 453 438 423 422 418 413 412 412 404 397 391 389 386 382 379 373 370 374 368 365 358 342 326 313 327 323 335 290 313 262 293 281 270 289 282 272 269 268 263 260 257 265 260 247 264 256 249 255 258 301 307 313 316 313 314 313 322 328 326 329 313 302 309 291 283 292 297 308 309
466 479 518 530 560 561 553 561 587 587 555 539 513 513 506 503 489 475 470 477 496 495 490 471 461 449 443 434 424 416 416 409 425 394 399 388 377 380 381 378 375 371 369 367 367 359 335 303 313 315 332 343 347 327 330 307 288 278 270 272 266 257 260 253 260 259 265 264 264 259 243 238 249 257 273 302 303 302 300 303 303 309 308 314 303 298 288 290 286 292 279 274 274 275
484 466 501 521 528 547 566 568 570 581 562 540 526 521 519 501 472 477 467 462 500 474 483 454 462 445 440 429 420 418 414 417 413 407 396 387 373 375 366 372 362 358 357 362 336 326 334 324 314 314 311 338 336 354 340 326 317 283 267 264 260 261 257 257 261 261 251 252 249 240 235 234 228 266 272 283 282 282 288 292 288 288 280 286 271 275 263 271 262 253 252 251 250 258
490 470 497 522 532 544 543 577 558 578 560 547 544 527 520 505 491 483 477 477 469 492 483 460 458 442 434 425 414 407 408 406 400 387 376 367 364 362 365 362 352 346 340 338 332 328 326 307 325 320 316 324 343 341 341 333 315 305 279 274 263 262 256 258 255 243 238 237 236 242 224 225 250 253 256 270 269 269 270 276 277 262 260 239 249 235 252 227 232 229 233 233 241 254
503 495 501 527 550 572 600 578 570 565 552 543 515 511 506 502 497 492 464 470 465 461 457 448 440 430 429 413 407 404 399 388 389 386 378 375 362 364 362 354 355 350 331 329 330 329 331 338 345 338 334 334 324 325 323 328 313 313 304 281 266 265 257 231 236 236 236 235 247 242 240 220 241 232 253 257 257 259 258 243 250 235 229 218 215 203 218 208 207 215 219 230 252 301
529 548 572 571 617 609 637 611 585 576 556 540 530 518 503 497 495 495 481 466 461 454 440 435 429 423 419 403 400 396 391 393 386 382 392 382 382 373 377 368 367 351 347 341 345 356 345 354 354 351 343 336 347 332 327 324 304 324 292 272 271 250 241 231 235 237 251 252 237 248 223 221 225 220 236 240 226 225 222 223 216 210 206 203 199 195 191 192 197 202 216 225 258 311
577 600 604 611 632 627 616 596 584 577 560 551 530 519 507 498 495 478 468 460 453 440 429 429 427 418 414 404 403 403 393 397 392 395 389 386 388 379 381 364 369 354 355 351 350 358 366 361 360 351 348 337 346 346 348 340 315 309 276 277 250 248 242 234 242 234 252 244 244 231 230 213 212 201 224 225 230 197 221 210 204 199 196 193 188 185 186 180 186 195 206 222 254 318
587 626 620 612 606 597 579 582 564 579 554 548 526 516 502 501 488 477 465 461 454 442 434 424 423 415 412 408 411 413 418 411 418 403 395 389 389 385 382 384 373 371 372 376 368 371 366 367 361 358 358 356 353 347 348 344 321 316 294 279 258 242 235 220 241 249 248 258 233 224 234 195 208 202 198 205 216 194 211 198 199 195 198 189 189 185 183 182 185 190 198 208 233 272
599 607 613 600 589 572 570 573 569 562 545 529 511 499 492 493 478 476 471 464 454 447 445 435 426 425 421 420 426 426 423 426 421 414 403 402 395 397 395 395 385 389 385 380 385 384 380 373 375 368 363 357 353 344 338 332 321 313 312 289 262 253 246 254 256 245 249 250 249 235 217 229 200 195 202 191 204 199 198 197 196 195 190 195 196 196 195 194 195 212 213 211 215 238
617 599 601 587 578 567 567 551 560 543 530 514 502 497 485 482 470 471 465 462 455 451 447 449 440 437 434 434 434 433 430 433 420 421 419 406 403 404 402 400 406 393 392 392 390 385 384 376 368 364 360 353 346 337 329 328 326 317 297 253 264 245 246 251 259 247 259 240 259 247 234 238 197 219 218 187 199 199 196 192 197 198 199 196 204 209 221 203 224 199 226 213 218 229
590 605 598 578 572 555 568 549 543 529 527 512 500 494 483 472 467 465 464 462 458 457 456 456 453 453 455 459 444 446 446 438 432 429 422 412 405 406 406 408 402 401 396 394 389 387 378 371 363 352 348 342 337 333 321 320 324 320 308 260 248 243 257 269 269 256 262 246 238 224 237 239 232 218 206 210 191 192 192 199 202 206 218 219 216 210 235 232 222 223 227 227 231 235
590 587 587 578 570 556 547 545 527 512 504 500 497 486 472 470 458 462 462 466 468 468 467 465 467 466 473 469 461 454 453 445 437 435 421 418 411 407 405 405 399 392 385 381 385 376 367 358 351 348 338 330 333 309 294 307 293 287 269 251 242 244 244 266 270 268 259 245 239 239 229 231 236 233 217 203 198 200 202 206 208 215 216 217 230 247 243 245 244 246 241 246 250 262
584 572 567 568 560 551 549 539 524 513 498 496 492 478 473 466 463 464 477 482 479 479 482 481 475 483 479 470 470 460 457 451 438 434 423 418 402 402 398 393 385 380 378 373 373 365 362 363 364 370 365 354 332 304 300 297 270 269 230 237 237 251 257 256 265 259 252 243 251 265 249 254 251 228 217 205 203 192 208 227 217 226 230 241 253 254 263 257 257 269 284 280 277 274
566 551 556 546 553 542 544 534 531 513 502 489 483 480 479 463 456 484 487 484 489 483 482 482 479 471 472 470 465 454 455 450 443 434 427 414 407 399 394 387 379 371 357 360 356 353 363 371 390 400 408 381 367 319 300 279 254 245 242 249 251 244 254 245 250 252 245 251 247 254 252 256 240 231 224 221 220 208 228 235 240 262 250 252 270 257 277 282 277 282 295 298 290 284
551 542 548 541 544 534 536 528 529 517 501 485 487 470 456 466 462 476 493 488 486 478 475 467 472 474 476 469 462 463 454 451 432 428 429 413 412 392 388 381 373 364 351 355 339 335 350 359 356 402 382 378 347 308 296 269 249 242 250 233 258 259 254 242 233 232 246 264 271 253 277 253 244 244 216 214 232 223 267 247 250 261 269 271 262 284 285 298 291 288 308 296 304 297
548 564 553 549 542 535 528 527 517 512 498 490 470 467 453 454 459 473 480 482 468 464 470 459 471 462 460 457 448 448 447 441 430 420 413 406 394 387 376 370 363 349 352 337 339 326 309 321 345 361 338 332 300 269 243 250 240 241 237 245 257 258 263 249 244 236 238 252 265 271 271 261 255 234 240 218 232 244 248 263 266 270 273 276 275 268 279 299 306 310 315 320 314 316
575 577 564 561 545 532 526 519 514 498 496 486 474 464 457 451 453 452 463 461 459 449 459 455 450 449 450 427 438 446 430 426 413 406 402 396 386 379 375 366 357 349 343 337 327 312 314 304 300 309 306 300 281 264 245 241 230 237 246 253 257 257 256 269 255 250 250 245 247 270 270 262 266 243 230 241 231 234 232 261 270 273 276 279 280 286 287 298 305 315 324 333 336 348
567 569 572 563 549 537 534 509 508 494 492 483 475 463 450 444 439 446 458 448 446 444 438 434 429 429 436 422 420 423 423 418 419 402 400 386 383 376 368 364 362 353 341 322 313 302 292 289 278 281 294 283 272 255 227 237 240 255 261 255 252 256 262 264 272 268 257 260 264 257 268 263 259 259 244 239 249 248 241 252 270 274 279 283 286 290 301 315 317 332 328 350 367 357
584 576 569 553 538 534 520 503 486 488 484 480 466 460 451 441 431 439 443 432 434 434 421 427 424 412 412 419 406 418 417 406 419 404 396 394 382 369 361 360 355 344 337 324 322 290 285 280 273 267 266 262 247 229 228 233 247 253 252 256 261 256 267 261 273 268 268 264 239 242 263 260 255 269 252 250 258 256 249 253 269 276 281 287 292 298 312 321 333 349 353 376 373 386
564 579 574 557 540 524 521 505 491 483 470 474 466 455 441 434 419 434 438 429 412 424 412 411 416 419 413 399 412 418 412 416 407 403 397 393 383 379 365 352 345 336 326 314 303 291 275 266 260 255 253 248 247 221 225 231 249 240 245 257 256 263 260 262 265 263 269 267 256 280 248 261 254 252 248 249 250 257 260 257 267 277 284 291 297 306 315 325 340 364 375 390 388 387
586 575 555 561 553 536 505 504 496 468 476 476 462 461 437 425 425 427 416 422 424 428 422 420 408 426 411 425 428 436 430 425 411 402 397 384 378 369 361 345 342 330 311 309 287 275 288 279 252 267 247 239 235 229 224 242 240 239 254 250 261 256 259 260 262 263 263 264 263 246 256 255 251 246 247 249 251 256 260 260 266 278 287 295 305 312 325 337 353 376 404 400 397 400
591 592 576 589 570 544 530 495 490 479 479 473 461 448 431 425 428 420 422 409 407 436 447 452 444 440 433 438 446 459 459 438 409 403 396 381 373 366 353 340 329 317 305 295 298 301 290 295 293 274 251 236 226 225 214 230 240 245 262 250 254 252 260 258 267 261 261 262 262 258 274 252 251 251 247 248 256 256 261 261 266 278 288 299 313 325 338 352 372 390 400 408 396 377
607 598 612 556 565 543 528 505 475 470 470 458 452 443 421 418 418 430 419 435 441 450 447 465 456 451 439 446 444 447 455 437 415 396 390 378 367 357 349 336 323 315 301 310 296 308 304 295 277 267 254 235 233 215 228 227 240 250 252 259 251 256 257 258 260 259 258 259 260 262 246 244 249 244 245 255 258 262 264 266 282 277 291 310 327 340 360 372 403 403 410 393 390 382
626 610 606 583 555 532 522 506 485 466 464 457 439 427 427 428 425 431 446 433 445 449 455 459 456 447 444 441 439 437 428 417 400 394 384 375 367 360 345 334 329 313 314 303 309 305 298 284 263 259 243 228 220 215 219 225 232 244 248 259 256 261 257 259 260 258 258 258 258 259 256 253 248 248 245 252 256 267 270 269 280 280 296 313 334 362 396 403 420 408 415 405 399 397
661 616 592 581 560 536 520 505 479 476 455 449 435 426 423 429 444 437 446 443 439 438 447 455 426 443 430 432 433 431 423 416 406 398 387 377 366 358 347 337 334 322 308 314 308 301 286 275 263 258 235 223 217 218 219 221 231 243 250 255 260 255 257 257 257 256 257 257 258 257 256 254 241 244 247 253 266 271 269 267 279 277 296 330 349 399 426 460 474 451 431 436 437 443
628 623 598 573 561 528 510 493 482 468 458 457 443 442 438 441 444 448 442 437 433 433 439 437 440 434 431 431 440 437 437 436 431 422 408 394 383 376 358 347 336 326 318 314 307 296 284 282 256 256 233 219 213 210 213 221 224 232 246 245 257 253 255 257 256 255 253 255 253 254 252 239 242 239 248 251 261 263 265 265 271 282 297 319 369 383 459 462 473 457 453 475 443 461
612 593 589 567 543 516 507 499 488 477 454 456 452 453 442 444 438 437 436 436 435 436 436 437 435 437 440 444 452 464 479 496 501 463 455 444 411 371 372 358 345 332 320 313 306 295 286 276 258 244 224 210 210 209 214 223 225 230 239 246 251 253 253 254 256 255 255 255 254 255 255 246 252 238 241 245 253 256 262 267 276 292 306 317 368 393 419 435 452 449 447 482 515 516
572 559 552 543 520 519 509 500 474 480 478 467 464 463 465 449 447 440 441 444 444 448 447 448 448 449 446 473 471 501 511 552 520 503 472 454 433 408 382 364 344 333 321 312 302 299 279 262 255 236 220 208 211 213 214 222 221 224 239 245 247 252 253 255 256 256 257 257 258 260 260 255 249 241 242 241 254 258 267 274 288 306 330 370 387 379 396 434 468 480 506 535 553 565
551 541 544 546 537 523 505 490 485 467 476 482 472 475 463 464 452 448 452 455 457 461 464 466 471 492 493 511 537 544 537 539 533 498 476 445 419 407 376 361 347 329 318 301 284 294 291 262 261 224 226 207 203 211 218 217 220 220 231 237 242 247 251 254 256 261 260 259 264 270 274 270 263 252 246 246 250 258 271 283 300 320 360 411 426 440 428 472 517 531 561 545 583 558
540 538 539 538 531 521 495 486 485 476 510 492 496 495 487 482 467 467 467 468 470 476 481 490 505 536 532 543 548 566 554 542 529 501 470 468 422 412 386 361 341 322 308 312 284 276 270 275 247 230 223 199 207 208 213 214 213 221 233 240 242 245 250 253 258 260 265 263 280 290 290 288 276 263 260 258 259 271 275 291 317 348 370 442 467 472 487 499 539 583 544 565 567 546
529 530 537 526 526 496 496 497 503 503 511 511 520 527 489 501 486 484 474 480 488 501 516 503 537 521 592 597 580 562 538 513 487 480 458 425 402 386 368 349 328 326 302 295 282 293 265 263 249 215 209 197 201 203 206 213 208 222 232 230 239 244 249 251 259 258 263 265 283 287 297 286 293 287 286 293 295 296 278 289 316 335 394 440 468 493 488 478 520 514 533 524 513 527
512 516 522 515 499 492 508 506 516 517 518 536 540 532 532 528 523 516 523 512 539 539 549 589 601 604 559 567 565 535 514 494 469 449 439 427 412 391 367 348 339 318 309 293 294 277 273 264 240 228 202 195 197 203 204 212 219 223 228 228 236 240 244 248 251 254 261 279 282 295 297 302 306 305 313 342 347 321 301 290 313 332 358 396 455 483 489 475 491 469 484 485 497 505
513 516 503 489 511 502 511 528 544 560 561 575 568 579 556 561 576 598 606 618 631 618 611 597 630 603 573 543 520 502 489 474 465 455 448 435 412 392 367 350 333 319 306 304 285 277 264 253 218 209 198 195 195 197 204 204 221 224 232 236 238 242 242 246 249 252 260 274 290 286 309 314 315 322 334 349 344 347 317 306 298 311 343 377 420 429 450 434 442 444 453 470 482 458
482 492 484 495 496 527 542 566 604 625 641 646 656 657 649 665 666 670 657 657 684 667 656 623 597 585 571 548 527 510 500 504 489 470 447 422 405 386 366 350 334 319 306 293 281 259 249 223 214 207 199 196 194 193 196 203 205 226 230 236 238 242 243 244 249 255 260 268 276 300 317 305 331 339 349 367 354 348 340 310 320 310 328 375 370 394 398 425 419 439 475 509 493 475
