sesion_6_simulaciones/modelos_distribucion_especies/ejemplo/variables/futuro_A2/2050/PA.asc
ncols 708
nrows 329
xllcorner -7.525000
yllcorner 35.991667
cellsize 0.008333
NODATA_value -9999
[rows 168 to 209 of 329, columns 94 to 187 of 708]
426 425 426 428 435 440 453 462 477 481 490 500 505 512 516 521 528 533 538 538 538 540 538 537 543 543 542 549 551 553 556 557 555 554 550 545 545 542 541 541 542 538 532 527 524 519 518 519 518 515 505 500 493 493 494 495 489 483 479 479 484 493 495 495 496 498 502 506 512 520 528 535 543 555 562 568 573 576 576 579 579 577 573 564 565 555 547 542 536 529 521 513 505 497
425 428 432 434 441 439 456 457 472 480 487 498 499 504 510 518 519 528 532 537 539 538 538 537 539 540 544 544 548 552 553 553 554 552 549 547 542 538 537 532 532 530 527 521 515 512 508 505 507 506 502 493 488 487 486 488 485 479 479 480 488 495 496 495 497 498 501 506 510 517 525 533 539 547 554 560 563 567 568 571 571 570 569 558 553 547 543 538 532 526 519 511 504 499
431 437 442 443 446 450 454 459 472 479 483 488 496 505 507 511 516 522 529 533 536 538 540 540 541 543 542 547 548 552 551 550 550 548 547 544 542 537 532 526 525 520 515 514 511 504 499 498 493 494 493 492 484 482 479 485 480 477 480 490 492 495 495 495 495 497 499 505 508 515 519 527 534 541 546 552 554 557 559 559 563 561 554 549 544 540 536 531 526 519 514 506 501 498
443 440 445 452 453 456 459 467 475 480 483 489 495 498 503 509 513 517 523 531 533 537 540 542 542 542 543 544 546 548 549 548 548 546 542 541 534 532 528 524 517 512 510 503 500 498 497 491 489 485 486 485 480 476 479 476 475 476 476 488 491 494 493 494 495 496 497 501 506 511 517 521 528 534 538 542 544 547 548 548 550 549 544 539 535 531 527 523 518 513 508 502 498 493
454 450 457 461 465 467 469 474 479 483 487 491 494 497 503 508 510 516 516 526 530 537 539 542 543 543 543 544 545 548 549 546 544 543 541 537 531 530 522 518 515 511 507 495 495 486 487 484 478 477 482 476 477 473 472 470 471 474 477 483 488 491 493 492 493 494 497 499 503 507 511 517 521 526 527 530 536 537 538 538 539 538 533 530 525 521 518 514 510 507 503 499 495 489
456 464 461 466 469 471 476 478 483 488 491 493 498 501 505 508 510 516 516 523 526 535 539 541 541 543 544 546 548 549 547 545 541 541 538 533 528 522 519 514 509 506 502 495 488 485 480 473 474 474 474 475 474 472 469 468 470 470 475 481 483 487 490 491 492 494 495 499 502 504 509 513 515 520 522 525 525 527 528 530 525 527 524 520 515 512 509 505 502 500 498 496 494 494
466 466 469 472 474 477 478 482 486 492 493 497 498 500 505 509 513 514 517 521 525 531 540 539 541 543 545 547 550 548 547 543 540 533 533 530 523 521 513 508 504 499 496 493 488 482 476 472 469 468 470 472 471 470 470 469 465 470 470 477 482 486 488 490 491 492 493 497 500 503 505 511 514 516 517 518 517 519 519 521 520 515 514 511 508 504 501 498 495 492 491 491 490 492
471 471 477 478 480 482 483 486 488 494 497 499 502 504 507 510 512 516 518 520 526 527 532 537 539 542 546 547 548 548 544 541 536 532 529 523 519 514 510 505 499 496 492 489 485 481 477 472 466 467 467 468 470 468 470 466 469 469 472 478 481 485 488 490 490 491 492 493 496 500 502 505 508 508 517 515 513 511 512 511 512 507 506 503 500 498 495 491 489 487 487 486 485 484
474 477 480 484 487 489 492 492 494 498 497 502 505 508 509 510 511 516 516 520 523 525 530 532 535 538 542 545 545 543 542 539 533 528 524 520 518 510 507 502 496 493 489 486 481 478 472 470 465 464 465 465 465 466 467 467 467 469 472 477 481 483 486 488 489 490 490 492 494 499 501 503 505 510 512 506 508 506 505 504 503 500 498 496 493 491 488 485 483 483 481 481 480 481
475 477 482 488 491 496 497 499 500 501 503 503 506 508 509 512 513 512 515 515 519 522 524 528 532 534 538 539 543 540 535 534 532 526 520 518 512 505 501 497 493 489 488 483 479 475 470 471 465 464 463 463 465 466 467 465 467 468 472 476 478 482 484 487 488 490 491 492 495 499 500 498 503 501 502 502 502 500 499 498 496 494 491 490 487 485 482 479 478 479 478 477 475 476
476 481 485 490 495 497 501 503 505 507 509 508 506 505 510 508 510 513 513 513 515 517 521 526 529 531 534 535 534 534 534 531 529 523 517 514 508 504 499 493 488 485 486 480 476 474 471 468 466 465 464 465 465 466 465 466 467 468 470 473 478 480 481 486 487 489 490 491 494 496 498 497 499 496 500 498 497 496 495 493 491 488 486 484 482 479 476 474 473 472 471 470 470 469
478 482 487 490 494 498 498 502 506 508 508 509 507 506 504 507 506 509 511 511 512 517 521 524 526 527 529 529 530 528 529 528 525 522 517 511 506 501 496 492 487 483 482 478 475 472 470 469 466 468 466 466 467 467 469 469 469 470 471 473 475 478 482 486 485 487 490 487 496 493 497 493 494 495 494 493 493 492 491 489 487 484 481 479 477 474 471 469 468 466 463 463 462 464
477 480 486 491 495 498 501 502 501 508 510 508 508 506 504 502 502 501 503 504 511 513 515 520 522 525 527 530 527 528 525 524 522 520 516 509 505 500 496 490 485 481 479 477 477 474 472 469 469 468 467 469 470 468 470 470 473 473 472 474 476 480 481 486 487 486 489 490 493 492 492 492 491 490 490 490 489 488 487 485 483 480 478 475 472 469 466 464 464 460 458 454 454 456
475 479 485 489 492 497 498 500 501 505 504 508 505 503 502 500 497 496 497 498 502 506 510 514 518 521 524 526 528 525 523 521 519 519 514 510 505 500 495 491 487 485 481 479 478 475 472 470 469 469 470 469 470 469 470 471 472 473 474 475 477 479 481 485 486 484 488 490 491 490 490 489 489 489 488 487 487 486 484 482 479 477 474 471 469 465 463 460 457 452 449 447 446 447
472 477 482 486 488 493 495 495 497 499 502 500 500 499 497 495 493 491 491 490 496 499 503 509 510 516 519 522 525 525 522 520 519 518 515 511 507 502 497 492 490 487 484 480 478 476 473 472 471 470 471 471 473 472 472 472 474 474 475 477 478 480 482 484 486 485 488 489 489 489 489 489 488 487 487 486 485 483 482 480 477 474 471 468 465 463 458 455 450 445 442 439 439 439
468 473 476 481 483 486 490 491 492 494 494 494 494 491 490 489 488 487 486 487 489 490 496 501 506 511 515 521 523 525 524 521 519 517 517 512 510 503 501 495 493 490 486 482 481 478 476 474 474 473 473 472 473 474 474 474 474 476 477 478 480 481 482 484 486 487 487 488 489 488 488 488 488 487 486 485 484 482 481 478 476 472 469 466 462 458 454 449 444 440 435 432 432 433
464 468 471 475 478 481 484 485 487 487 487 486 483 484 481 481 480 480 481 481 483 486 490 496 501 510 514 517 523 524 524 523 523 522 519 516 511 508 504 500 496 493 489 487 482 481 479 477 476 475 475 474 476 475 476 475 476 477 479 480 481 482 483 485 487 488 488 488 488 488 488 487 487 486 486 485 483 482 480 478 475 472 468 464 460 456 450 446 440 434 430 427 426 427
460 464 466 469 472 475 477 480 481 480 479 478 478 475 474 474 472 474 475 476 480 483 489 493 500 507 515 522 525 529 529 528 526 525 523 520 516 512 509 505 501 497 493 489 486 484 482 480 478 477 477 477 477 478 478 478 478 479 480 481 482 483 484 486 486 487 488 489 489 489 488 488 487 487 486 485 484 482 480 478 475 471 468 464 459 454 449 443 438 432 428 425 424 425
457 460 462 465 466 468 470 471 472 471 472 471 469 468 467 466 466 467 469 471 476 481 486 493 500 509 517 524 530 533 535 534 533 532 529 526 522 518 514 510 506 502 498 494 490 487 485 483 481 480 479 479 480 480 480 480 480 481 481 482 483 484 485 487 487 488 489 489 489 489 489 488 488 488 487 486 485 483 481 479 476 473 469 464 460 455 449 444 438 433 429 426 425 427
453 456 458 461 461 463 464 465 466 465 464 463 463 462 461 460 460 462 464 467 474 481 487 495 503 513 521 529 536 540 543 542 541 540 537 534 529 525 520 516 511 507 502 498 494 491 488 486 484 483 482 482 482 482 482 482 483 483 484 484 485 486 487 488 488 488 489 490 490 490 490 490 490 489 488 487 486 485 483 481 478 475 471 467 462 457 452 446 441 436 432 430 430 432
450 453 455 458 460 459 460 461 462 460 461 460 458 457 457 456 456 458 461 466 473 480 490 499 509 520 530 538 545 550 553 552 551 549 546 542 537 532 527 522 517 513 508 503 499 495 493 490 488 487 485 485 485 485 485 485 485 485 486 486 487 488 488 489 489 490 491 491 491 492 492 492 491 491 490 489 488 487 485 483 481 478 474 470 466 462 456 452 447 443 439 438 438 441
447 451 454 456 457 458 458 458 459 459 458 457 456 455 455 454 456 458 463 468 476 485 495 507 519 530 541 550 557 562 565 564 562 559 555 551 546 539 534 528 523 517 513 508 504 500 497 495 492 491 489 488 488 487 487 487 487 487 488 488 489 490 490 491 491 492 492 493 493 493 494 493 493 493 492 492 491 490 488 486 484 481 479 475 471 468 463 459 455 452 449 448 450 453
446 448 451 453 455 455 456 457 458 457 457 456 455 454 455 456 458 461 466 473 482 492 505 517 530 543 555 565 572 577 579 578 575 571 566 560 554 547 541 534 528 522 518 513 509 505 502 499 496 495 493 492 491 490 490 489 490 490 490 491 491 492 492 493 493 494 494 495 495 495 495 496 496 495 495 494 494 493 491 490 488 486 484 481 478 474 471 468 465 463 461 461 463 468
442 445 448 450 452 454 454 455 456 455 456 455 454 455 455 457 460 465 471 479 490 503 516 532 545 559 572 582 590 593 595 593 589 583 577 570 563 555 547 540 534 528 522 517 513 509 506 503 500 498 496 495 494 493 492 492 492 492 492 493 493 494 494 495 495 496 496 497 497 497 498 498 498 498 498 497 497 496 495 494 493 491 489 487 485 482 480 478 476 475 474 476 478 483
438 442 445 448 451 451 452 453 454 454 455 454 455 455 457 459 463 469 477 487 500 514 531 547 563 577 590 600 607 611 611 608 602 595 587 579 570 562 554 546 539 532 527 521 517 513 509 506 503 501 499 498 496 495 495 494 494 494 495 495 495 496 496 497 497 498 498 499 499 500 500 500 500 501 500 500 500 500 499 498 498 496 495 494 492 490 489 488 487 487 488 490 494 499
435 438 441 445 446 450 451 451 452 453 454 454 455 455 458 462 467 473 483 495 509 526 543 562 579 595 608 618 625 627 626 621 614 606 596 587 577 567 558 550 543 536 530 524 519 515 512 508 506 503 501 500 499 498 497 497 496 496 496 497 497 497 498 499 499 500 500 501 501 502 502 503 503 503 503 504 504 504 503 503 503 502 502 501 500 499 498 498 499 500 502 505 509 515
429 433 437 440 443 446 447 449 449 451 452 454 455 457 459 463 470 477 488 501 517 535 554 574 593 609 623 632 638 640 638 632 624 614 604 593 582 571 562 553 546 538 532 526 522 517 514 510 508 505 503 502 501 500 499 498 498 498 498 499 499 499 500 500 501 502 502 503 503 504 504 505 506 506 506 507 507 507 507 508 508 508 508 508 508 508 508 509 510 512 515 519 524 529
-9999 -9999 -9999 -9999 -9999 -9999 443 445 447 448 450 451 453 456 460 465 472 480 492 506 522 541 561 582 602 619 633 642 648 649 646 640 630 619 607 595 584 573 564 555 547 540 533 528 523 519 515 512 509 507 505 503 502 501 500 500 500 500 500 500 501 501 502 502 503 503 504 505 505 506 507 507 508 509 509 510 511 511 512 513 513 514 514 515 516 516 517 518 521 523 527 532 537 543
-9999 -9999 -9999 -9999 -9999 -9999 438 441 443 445 447 449 452 455 459 465 472 480 492 507 524 543 564 585 606 623 637 646 651 651 648 640 631 619 607 595 584 573 563 554 546 539 533 528 523 519 515 512 510 508 506 504 503 502 501 501 501 501 501 501 502 502 503 504 504 505 506 506 507 508 509 510 511 512 512 513 514 515 516 517 518 519 520 522 523 524 525 527 530 534 538 544 550 556
-9999 -9999 -9999 -9999 -9999 -9999 -9999 -9999 -9999 -9999 443 446 449 452 456 462 470 478 490 505 522 540 562 582 602 619 633 642 647 647 643 636 627 615 603 592 581 570 561 552 545 538 532 527 522 519 515 512 510 508 506 505 504 503 502 502 502 502 502 503 503 504 504 505 506 507 507 508 509 510 511 512 513 515 516 517 518 519 520 522 523 525 526 527 529 531 533 536 539 544 548 554 560 567
-9999 -9999 -9999 -9999 -9999 -9999 -9999 -9999 -9999 -9999 438 441 445 448 452 457 465 473 485 499 515 534 553 573 592 608 622 631 635 636 632 626 617 607 596 585 575 565 556 548 541 535 530 525 521 517 514 512 510 508 506 505 504 503 503 503 503 503 503 504 504 505 505 506 507 508 509 510 511 512 514 515 516 517 519 520 521 523 524 526 528 529 531 532 534 537 540 543 547 552 557 563 570 577
-9999 -9999 -9999 -9999 -9999 -9999 -9999 -9999 -9999 -9999 -9999 -9999 439 442 446 451 457 466 477 490 505 522 540 559 578 592 605 614 618 619 617 611 603 594 585 575 566 558 550 543 536 531 526 522 518 515 513 511 509 507 506 505 504 504 503 503 503 503 504 504 505 506 506 507 508 509 511 512 513 514 516 517 519 520 522 523 525 527 528 530 532 534 535 537 540 543 546 550 554 559 564 571 577 584
-9999 -9999 -9999 -9999 -9999 -9999 -9999 -9999 -9999 -9999 -9999 -9999 434 437 440 444 450 458 467 479 493 509 525 542 559 573 584 593 597 599 597 594 587 580 572 564 556 549 542 536 530 526 521 518 515 512 510 509 507 506 505 504 504 503 503 503 503 504 504 505 506 507 507 509 509 511 512 513 515 517 518 520 521 523 525 526 528 530 532 534 536 538 540 542 545 548 551 555 560 565 570 576 583 589
-9999 -9999 -9999 -9999 -9999 -9999 -9999 -9999 -9999 -9999 -9999 -9999 -9999 -9999 -9999 -9999 443 449 457 468 480 493 508 524 538 551 562 570 575 578 577 574 569 563 557 551 544 538 533 528 523 519 516 513 511 509 507 506 505 504 504 503 503 503 503 503 503 504 505 505 506 507 508 509 511 512 513 515 517 518 520 522 -9999 -9999 528 530 532 534 536 538 540 542 544 546 549 552 556 560 564 569 574 580 586 592
-9999 -9999 -9999 -9999 -9999 -9999 -9999 -9999 -9999 -9999 -9999 -9999 -9999 -9999 -9999 -9999 437 442 449 457 467 479 492 505 519 531 541 548 553 555 556 554 551 546 541 536 531 527 522 519 515 512 510 508 506 505 504 503 503 502 502 502 502 502 502 503 503 504 505 506 507 508 509 510 512 513 515 517 518 520 522 524 -9999 -9999 531 533 535 537 540 541 543 545 548 551 553 556 560 563 567 572 577 582 587 593
-9999 -9999 -9999 -9999 -9999 -9999 -9999 -9999 -9999 -9999 -9999 -9999 -9999 -9999 -9999 -9999 -9999 -9999 441 448 457 467 477 489 500 511 520 527 531 534 535 534 532 529 526 522 518 515 512 509 507 505 504 502 501 501 500 500 500 500 500 500 500 501 501 502 503 504 505 506 506 508 509 511 512 514 516 518 520 522 -9999 -9999 -9999 -9999 534 536 538 541 543 545 547 549 552 554 557 560 563 566 569 574 578 582 587 592
-9999 -9999 -9999 -9999 -9999 -9999 -9999 -9999 -9999 -9999 -9999 -9999 -9999 -9999 -9999 -9999 -9999 -9999 438 442 448 455 465 475 485 495 502 508 512 515 516 516 514 513 510 507 505 502 501 499 498 497 497 497 496 496 497 497 497 497 498 498 499 500 500 501 502 503 504 505 506 508 510 511 513 515 517 520 522 524 -9999 -9999 -9999 -9999 537 539 542 544 546 549 551 553 555 558 560 563 565 568 571 574 578 582 586 590
-9999 -9999 -9999 -9999 -9999 -9999 -9999 -9999 -9999 -9999 -9999 -9999 -9999 -9999 -9999 -9999 -9999 -9999 -9999 -9999 -9999 -9999 455 464 473 481 488 492 496 498 499 499 498 497 495 494 492 491 490 490 490 490 490 491 491 492 492 493 494 495 495 496 497 498 499 500 501 502 504 505 506 508 510 512 514 516 519 521 -9999 -9999 -9999 -9999 534 537 540 542 545 548 550 553 555 557 559 561 563 565 567 570 572 574 577 580 584 586
-9999 -9999 -9999 -9999 -9999 -9999 -9999 -9999 -9999 -9999 -9999 -9999 -9999 -9999 -9999 -9999 -9999 -9999 -9999 -9999 -9999 -9999 448 456 463 470 475 479 482 483 484 484 484 483 482 481 481 481 480 481 482 482 484 485 486 487 489 490 491 492 493 494 495 496 498 499 500 501 502 504 506 508 510 512 515 517 520 522 -9999 -9999 -9999 -9999 537 540 543 546 549 552 554 557 559 561 563 565 566 568 570 571 573 574 576 578 580 582
-9999 -9999 -9999 -9999 -9999 -9999 -9999 -9999 -9999 -9999 -9999 -9999 -9999 -9999 -9999 -9999 -9999 -9999 -9999 -9999 -9999 -9999 -9999 -9999 -9999 -9999 464 467 469 470 471 471 472 471 471 471 471 471 472 473 474 476 478 480 482 483 485 486 488 489 491 492 494 495 496 498 499 500 502 504 505 508 510 512 515 517 520 523 -9999 -9999 534 537 540 543 547 550 553 556 558 561 564 565 567 568 570 571 572 573 573 574 575 577 579 576
-9999 -9999 -9999 -9999 -9999 -9999 -9999 -9999 -9999 -9999 -9999 -9999 -9999 -9999 -9999 -9999 -9999 -9999 -9999 -9999 -9999 -9999 -9999 -9999 -9999 -9999 456 458 459 459 460 461 461 461 461 461 462 463 465 466 468 470 473 475 477 480 482 484 485 487 489 490 492 493 494 496 497 499 501 503 505 507 509 512 514 517 521 524 -9999 -9999 536 540 544 548 551 555 558 561 564 566 568 570 571 572 573 573 574 574 573 574 573 575 576 574
-9999 -9999 -9999 -9999 -9999 -9999 -9999 -9999 -9999 -9999 -9999 -9999 -9999 -9999 -9999 -9999 -9999 -9999 -9999 -9999 -9999 -9999 -9999 -9999 -9999 -9999 447 449 452 452 452 452 453 453 454 454 455 457 459 461 464 466 469 471 474 476 479 481 483 485 486 488 490 491 493 495 496 498 500 501 503 506 508 511 514 517 521 525 -9999 -9999 538 543 548 552 556 560 564 567 570 572 574 575 576 576 576 576 575 575 574 574 576 573 571 567
