sesion_6_simulaciones/modelos_distribucion_especies/ejemplo/variables/futuro_A2/2050/TMXI.asc
ncols 708
nrows 329
xllcorner -7.525000
yllcorner 35.991667
cellsize 0.008333
NODATA_value -9999
[rows 84 to 125 of 329, columns 190 to 284 of 708]
-9999 -9999 142 145 141 137 121 134 124 126 137 138 138 140 138 137 137 138 134 122 131 133 130 134 124 125 127 126 125 127 119 128 126 126 130 125 128 129 130 123 127 127 117 124 137 133 133 131 127 131 124 132 145 127 136 138 139 135 140 139 133 137 144 133 139 142 136 146 153 143 150 153 146 133 140 143 138 135 140 123 135 148 134 145 144 128 133 142 146 145 153 139 130 137 137
-9999 -9999 139 140 140 129 135 133 127 128 131 136 135 137 133 136 138 140 135 132 130 129 133 130 129 129 124 126 128 119 123 127 125 129 126 129 128 128 128 128 129 128 126 124 121 126 121 127 119 135 141 129 134 137 133 129 140 143 143 144 143 144 138 146 147 141 141 140 139 144 154 148 155 139 144 141 137 142 134 142 156 151 141 147 137 132 144 133 133 131 122 129 126 124 130
138 137 130 136 139 135 124 135 122 123 128 129 129 133 134 134 137 138 134 134 133 131 130 126 132 133 128 127 127 123 124 122 128 125 128 129 129 128 128 128 128 127 132 127 126 129 131 131 122 118 120 135 125 127 133 135 140 141 137 132 141 142 146 145 147 143 137 147 150 141 152 133 149 143 136 144 138 151 146 140 145 143 138 142 143 140 129 132 134 131 130 129 130 135 133
143 140 135 134 124 133 128 133 137 129 126 127 127 128 130 136 131 134 136 135 135 134 126 129 129 131 138 127 123 125 122 129 128 125 127 129 128 129 131 128 127 126 125 124 127 122 133 132 129 126 116 130 124 124 125 126 131 129 130 131 135 137 143 141 134 133 149 146 149 140 146 142 143 145 139 150 146 135 154 150 142 146 149 135 152 146 147 145 136 134 135 137 134 140 134
143 137 146 138 122 131 118 123 127 128 131 126 121 125 131 128 125 131 133 134 135 123 134 128 127 133 130 133 125 125 126 126 135 134 129 125 124 128 131 127 126 126 128 128 129 125 125 119 126 134 121 132 135 131 136 119 122 121 125 129 123 121 124 136 136 136 134 147 148 138 137 136 157 147 147 134 147 149 154 157 156 150 139 144 142 149 133 143 146 139 135 139 140 135 137
143 143 143 147 124 140 131 123 119 128 128 127 122 125 125 126 124 131 129 122 138 129 132 134 132 132 134 130 134 129 130 131 135 129 124 129 130 129 129 127 127 128 126 126 126 125 126 124 127 134 133 132 119 130 123 135 131 134 119 124 135 127 132 140 130 131 131 139 132 148 139 146 147 145 150 149 150 154 147 136 147 140 137 132 155 148 148 144 146 142 145 136 148 143 141
133 142 143 144 142 142 145 140 136 130 132 134 133 128 125 125 122 123 125 128 125 123 131 135 135 138 132 131 131 133 127 133 138 122 127 119 128 128 127 126 126 126 126 127 127 124 129 127 131 129 122 125 132 130 126 129 137 125 138 138 134 126 124 136 131 133 135 133 126 133 133 133 129 130 132 140 150 151 151 147 150 146 146 146 141 152 136 152 152 141 145 134 133 135 135
140 135 142 140 138 133 139 142 136 135 133 131 129 128 128 130 128 128 122 127 126 126 127 128 130 129 137 139 136 122 127 130 122 135 127 128 128 127 127 127 129 126 123 125 128 122 125 118 127 128 138 125 129 133 123 135 133 141 138 138 140 139 131 132 133 125 123 135 137 130 133 139 150 152 150 136 139 137 135 137 144 150 150 152 158 153 136 159 146 157 139 138 136 136 136
146 145 142 126 131 137 132 126 128 140 146 143 134 127 139 129 132 130 129 130 127 126 127 129 130 134 138 137 137 137 134 130 135 131 134 124 125 127 126 124 126 126 126 124 125 128 129 132 127 123 126 129 130 127 143 137 125 139 127 143 139 141 132 134 142 128 131 133 127 135 137 129 145 139 146 135 148 148 149 157 132 144 147 151 155 148 152 154 131 133 139 139 137 138 142
137 139 137 132 138 130 135 129 117 126 129 135 137 136 130 131 135 132 129 129 130 127 128 131 129 125 133 137 131 134 138 122 131 129 126 125 124 126 125 123 123 122 127 126 128 126 125 130 121 139 128 135 123 131 134 133 138 141 138 139 131 141 132 140 130 132 134 135 136 135 136 138 134 140 135 128 135 139 141 142 139 141 134 132 147 151 150 129 138 136 142 139 139 135 135
136 140 139 132 141 135 130 138 131 129 127 118 132 134 136 131 135 128 122 132 129 129 129 135 135 134 137 140 130 141 135 138 137 128 128 126 121 127 131 129 122 125 123 124 123 128 123 130 131 137 135 127 136 121 136 136 138 136 140 138 134 140 136 142 140 136 138 134 137 127 126 143 133 136 139 130 139 137 128 135 149 155 143 143 150 145 146 140 142 143 141 136 141 140 140
143 149 141 138 141 140 141 132 135 128 131 130 129 132 120 134 134 132 130 135 131 127 129 127 125 125 139 138 141 141 137 138 137 135 135 122 130 125 113 118 120 120 120 123 124 120 120 124 136 137 133 140 138 131 138 140 137 139 139 140 139 142 142 141 132 129 141 137 139 139 143 133 132 137 143 136 134 135 131 135 137 136 133 156 148 141 143 145 145 147 144 142 142 141 146
139 145 144 137 143 128 143 139 142 134 131 132 129 130 130 134 131 130 129 134 138 133 132 132 134 137 139 141 134 142 135 130 130 139 139 121 127 132 130 124 117 117 117 117 124 126 123 133 129 134 128 126 133 129 135 139 139 137 140 139 139 142 142 142 138 134 137 132 135 138 144 143 141 142 143 132 136 136 136 133 135 134 145 151 149 148 146 147 149 148 142 147 139 130 142
135 147 143 148 147 146 136 133 128 134 133 130 130 132 130 134 133 131 137 134 123 129 129 123 131 129 128 139 138 132 136 133 127 129 127 133 126 123 129 131 128 120 113 126 120 130 127 132 124 130 128 127 129 130 140 142 138 135 139 136 140 134 139 145 142 140 139 139 132 134 141 138 143 147 144 145 138 138 140 133 139 139 127 146 151 151 142 150 143 150 147 149 137 145 145
139 130 138 130 142 143 143 147 128 135 132 133 136 136 131 131 134 136 136 132 130 117 137 119 128 137 145 126 121 130 130 132 134 132 129 129 130 129 124 127 126 124 127 127 123 126 125 136 132 132 133 129 130 137 138 138 143 133 139 140 141 139 137 140 143 144 146 141 140 142 135 139 130 139 142 143 137 144 141 143 137 139 143 138 132 149 151 151 151 143 151 144 147 139 144
150 133 139 136 139 139 133 138 135 137 135 135 135 135 129 134 120 127 139 134 131 133 138 136 140 136 143 140 134 130 127 124 130 131 132 134 131 130 130 125 128 127 125 127 126 128 129 129 132 134 130 135 130 135 134 135 140 143 138 140 131 137 147 147 143 142 140 147 145 146 145 139 140 141 143 142 137 139 143 143 132 142 145 150 139 147 149 155 140 154 146 150 140 148 144
137 135 135 137 139 141 139 137 133 140 139 137 138 138 132 132 141 141 131 134 134 143 130 133 142 140 135 124 122 122 129 129 129 127 127 121 129 130 128 132 125 129 127 126 126 129 132 127 134 138 127 135 130 131 133 136 135 132 134 146 142 138 148 140 143 144 151 143 147 145 152 143 145 137 146 143 137 139 140 147 144 147 143 141 154 147 150 156 134 131 142 151 147 152 140
136 133 141 140 137 138 138 138 137 137 139 137 136 136 135 135 132 141 142 142 136 137 140 132 141 143 141 140 134 132 130 129 132 123 127 130 128 124 123 126 129 132 129 134 132 133 133 124 136 130 135 139 141 135 129 137 133 145 138 137 137 134 138 144 143 149 145 147 148 144 148 139 143 145 146 143 149 138 139 144 141 147 146 148 143 152 139 152 138 150 156 150 150 144 149
149 140 149 145 138 141 133 139 137 139 139 138 138 137 136 138 135 140 143 145 141 141 144 147 146 142 125 138 135 134 135 128 128 132 133 128 119 128 133 128 124 122 125 123 128 136 133 135 138 128 135 136 136 144 143 136 140 137 141 130 136 138 147 142 149 150 145 151 151 155 149 148 150 145 143 149 140 144 142 140 146 151 142 148 149 148 155 153 148 149 154 149 151 149 152
157 140 143 138 136 141 142 137 141 135 138 137 138 134 139 134 138 133 131 135 140 145 144 144 137 142 129 136 130 137 136 133 132 133 130 135 135 132 134 124 134 134 125 125 125 128 132 136 138 137 137 135 143 137 135 128 129 138 129 148 137 148 149 145 151 150 151 151 151 148 152 149 149 144 138 150 149 146 147 147 145 145 144 138 139 141 158 158 147 148 148 145 148 151 146
133 146 147 138 133 131 137 139 145 143 135 134 140 138 141 137 141 141 136 133 128 133 139 145 145 139 134 137 137 139 138 130 136 137 129 130 136 137 138 139 136 135 131 137 135 138 132 133 135 138 137 136 130 132 135 134 132 126 136 148 144 144 149 148 146 151 150 152 151 149 150 153 147 149 143 138 135 147 147 147 145 146 145 149 145 147 147 152 149 155 144 144 150 148 148
157 149 139 134 137 137 143 142 141 136 135 136 135 141 142 140 141 143 139 136 140 137 123 135 140 144 142 140 147 139 136 140 140 139 137 131 137 135 132 132 137 139 141 141 138 140 133 137 137 139 139 133 135 128 134 133 135 131 141 141 133 150 152 150 154 151 150 151 151 152 151 152 154 146 149 145 148 141 147 145 147 148 148 142 152 139 144 144 149 152 155 149 149 149 149
152 156 151 142 138 147 144 144 132 134 136 138 141 142 143 142 142 140 140 140 140 140 133 131 135 145 141 141 143 142 142 141 144 144 132 140 134 140 135 136 139 138 138 138 131 140 141 139 141 142 138 140 132 136 138 136 137 140 139 135 138 141 133 138 139 144 154 146 151 151 151 151 151 149 156 147 141 144 144 145 145 145 150 149 154 147 148 154 158 154 154 152 150 150 151
146 153 151 150 143 146 146 142 137 136 137 141 142 144 144 142 142 143 141 141 142 142 141 145 144 146 141 147 140 141 141 144 144 140 140 139 138 131 142 138 140 139 138 139 138 135 139 142 146 146 141 139 140 139 135 137 141 141 140 142 141 136 142 138 140 150 139 145 141 137 140 150 153 150 149 158 139 142 144 147 146 151 149 150 148 151 150 160 148 149 148 146 147 148 151
155 149 158 157 156 137 134 140 150 132 138 134 134 142 143 143 140 138 140 142 142 142 143 144 146 149 146 137 141 140 143 144 144 145 138 142 142 142 140 141 139 140 139 141 142 139 133 140 143 142 143 136 138 138 145 140 141 142 143 139 147 146 144 144 142 142 143 144 145 137 140 156 136 138 148 150 148 148 149 148 148 152 153 153 155 154 153 152 153 154 147 150 150 148 146
155 151 156 150 158 142 141 139 143 140 138 137 136 136 142 143 141 141 141 141 140 144 142 145 149 145 142 138 139 144 142 143 141 143 141 144 143 142 141 142 140 140 143 141 141 138 146 135 136 137 146 146 132 147 139 140 140 146 146 146 148 146 148 149 146 146 140 143 143 143 145 155 134 143 145 145 156 155 153 153 151 152 155 152 155 156 156 156 156 156 154 156 155 154 154
154 154 156 155 158 153 140 140 139 140 143 140 142 138 141 144 144 142 144 142 142 142 143 145 136 145 144 142 147 146 146 146 136 141 141 143 144 144 144 141 141 140 138 143 139 149 143 139 143 142 138 139 143 146 136 150 133 155 137 148 146 149 147 150 147 149 146 147 147 148 151 140 146 144 145 144 145 157 153 154 155 156 155 154 156 157 157 157 156 156 156 154 154 153 154
152 155 156 156 156 159 149 140 139 144 135 138 141 145 144 144 143 142 144 143 143 142 141 139 145 141 142 148 146 145 147 143 136 140 133 131 139 143 142 141 139 140 140 142 146 152 143 139 142 142 144 143 145 128 140 146 148 151 148 150 146 147 148 151 149 148 148 149 149 151 148 152 136 144 145 148 147 144 155 156 156 155 156 155 156 158 157 155 155 157 155 156 156 155 158
151 153 154 156 156 151 151 154 145 139 143 139 141 137 145 144 145 145 144 144 145 144 142 142 145 142 142 148 145 148 147 148 147 146 143 146 145 139 142 141 141 141 141 142 140 146 147 143 147 145 146 148 151 151 151 151 150 139 149 147 154 149 151 150 149 148 150 150 150 151 159 147 149 145 149 148 149 150 152 151 154 156 158 156 156 157 158 157 155 156 157 156 157 159 158
148 148 157 156 157 156 156 160 152 151 140 141 140 139 139 140 140 143 145 142 145 143 145 143 144 140 140 144 149 143 148 147 142 143 143 145 143 149 145 142 141 140 143 141 145 137 145 143 150 149 148 150 150 152 150 150 151 150 150 154 157 153 154 149 149 151 150 151 150 150 149 147 142 161 148 149 149 151 151 153 152 155 156 157 158 157 158 158 157 157 157 158 158 158 158
138 141 150 149 155 157 157 155 157 155 144 142 141 140 143 141 142 136 144 148 145 140 143 144 132 141 142 142 138 149 144 151 147 142 144 143 144 144 144 141 142 141 143 146 146 151 148 147 143 141 148 148 151 149 151 151 151 152 154 151 149 156 152 153 146 150 146 147 149 148 149 146 147 155 159 155 153 151 150 154 156 156 156 156 157 157 158 158 157 159 158 158 158 158 158
147 151 157 150 155 157 158 155 157 155 154 143 146 143 139 145 143 141 150 147 151 146 136 146 142 144 144 141 142 152 142 138 143 145 145 144 144 144 144 144 144 142 143 141 143 148 143 149 145 139 146 151 148 152 146 152 154 156 154 155 153 144 138 140 142 144 148 145 144 146 145 149 146 146 163 157 155 155 156 156 156 156 156 157 157 157 158 158 158 158 158 157 157 158 158
143 148 152 147 153 155 157 159 156 155 152 145 149 146 145 145 145 143 139 149 146 148 147 145 145 144 144 145 144 138 138 141 142 143 143 147 144 143 143 143 143 143 143 145 148 153 154 142 150 147 142 150 154 140 149 157 148 142 142 145 148 145 142 141 138 147 149 152 151 151 150 149 151 151 152 151 153 154 156 156 156 156 157 157 157 158 158 158 158 158 158 157 157 157 157
142 141 148 151 151 153 157 156 155 155 153 151 152 145 147 139 140 150 151 147 145 148 148 149 146 146 145 145 145 144 148 149 136 140 147 148 143 142 140 138 140 141 141 141 142 145 142 143 135 142 147 138 137 139 157 145 146 147 148 139 150 141 140 151 149 153 149 152 151 155 151 151 152 149 151 159 155 156 156 156 153 152 154 157 158 158 158 158 158 157 158 158 156 155 154
146 145 152 147 151 152 160 157 156 156 154 153 154 151 144 149 149 146 147 155 140 149 148 151 149 144 144 143 144 152 145 148 144 147 148 146 147 141 139 139 143 142 141 144 141 141 140 146 141 144 145 146 154 147 151 152 152 150 147 149 153 154 152 156 154 153 156 156 156 156 151 152 154 156 158 156 156 158 156 151 151 155 156 155 157 158 158 158 157 157 156 159 159 159 157
146 142 149 145 156 159 154 157 152 156 157 153 154 151 146 143 146 149 140 137 149 151 150 142 153 152 147 146 150 160 150 145 143 151 149 143 143 141 146 145 144 145 142 139 142 147 147 143 147 147 145 149 147 147 154 153 155 153 154 157 154 153 155 156 155 155 155 156 155 157 158 157 156 157 157 157 157 156 150 156 155 156 157 157 158 158 158 158 157 156 156 154 157 155 154
145 145 145 147 155 149 155 157 157 154 157 156 150 154 152 154 146 154 148 155 155 146 152 151 150 149 145 146 148 145 146 150 144 155 153 146 144 145 146 145 144 148 145 147 148 143 149 146 150 147 150 151 149 151 155 154 158 156 157 155 155 155 156 155 156 156 156 156 157 157 157 156 156 157 157 157 154 156 159 158 160 161 158 158 158 158 157 155 156 157 155 153 156 155 157
146 146 147 157 158 162 159 156 158 156 157 158 155 153 154 145 153 155 147 157 152 152 149 154 150 148 145 145 144 146 148 147 151 158 148 146 147 149 146 147 145 151 145 150 151 145 143 150 149 153 153 150 150 155 156 158 158 159 157 156 156 156 156 156 156 156 156 157 157 157 157 157 157 155 153 159 156 158 158 158 158 158 158 158 158 157 157 154 155 156 157 155 154 153 156
146 142 142 141 139 145 151 155 158 158 158 157 155 153 154 154 142 151 152 155 154 149 150 156 153 150 154 150 158 146 148 152 153 145 144 148 148 147 145 146 148 147 148 148 154 151 150 149 155 154 156 153 156 156 153 158 158 158 157 156 156 157 157 157 157 157 157 158 158 158 158 158 158 157 159 158 159 158 158 158 158 158 158 156 158 153 155 155 155 155 155 154 155 155 155
147 148 142 147 148 155 156 155 155 158 156 158 157 158 154 157 155 142 152 151 155 153 152 147 157 157 155 150 154 157 153 154 152 148 152 148 147 149 150 149 149 149 148 148 150 148 149 155 155 156 157 157 156 157 157 158 158 158 157 157 157 157 157 157 158 158 158 159 158 159 160 159 159 159 158 158 158 158 158 158 158 158 158 157 159 158 155 155 155 154 155 155 155 155 154
146 146 146 148 154 146 155 145 151 154 158 157 158 158 158 157 157 156 153 155 157 156 152 150 156 154 157 156 155 143 153 154 150 153 152 148 150 148 151 149 147 149 148 148 154 151 148 155 156 157 157 157 157 158 157 158 158 158 158 157 158 158 158 158 158 159 159 159 159 159 159 159 159 158 158 158 158 158 158 158 158 158 158 157 164 155 155 153 155 154 155 154 153 154 154
146 147 148 143 142 143 158 150 145 152 154 159 160 158 159 149 158 156 156 154 155 155 154 154 159 155 157 157 159 149 151 152 151 151 151 150 149 148 146 151 153 149 153 152 144 150 148 158 158 157 157 158 158 158 158 159 157 158 158 158 158 158 158 158 158 158 159 158 159 158 158 158 158 158 158 158 158 158 158 158 156 158 158 158 158 158 156 156 157 155 154 154 154 153 154
