sesion_6_simulaciones/modelos_distribucion_especies/ejemplo/variables/futuro_A2/2050/TMXI.asc
ncols 708
nrows 329
xllcorner -7.525000
yllcorner 35.991667
cellsize 0.008333
NODATA_value -9999
[rows 168 to 209 of 329, columns 190 to 284 of 708]
155 157 157 156 156 158 156 157 159 159 159 158 159 158 158 158 157 157 160 159 160 159 158 158 158 158 158 158 158 158 158 159 158 158 158 158 158 157 157 157 157 157 157 157 157 157 157 157 157 157 157 157 156 156 156 156 157 157 156 156 156 157 154 153 151 155 155 156 155 155 155 155 155 154 155 154 153 154 154 154 154 154 154 154 152 153 153 153 154 154 154 154 154 154 154
157 159 158 158 157 157 157 158 158 159 159 158 156 156 160 158 159 159 159 159 159 158 158 158 158 158 158 158 158 157 158 158 158 158 158 158 158 157 157 157 157 157 158 157 157 157 157 158 155 153 157 156 156 156 156 156 156 156 156 156 156 156 154 154 153 155 154 155 155 155 156 156 155 156 155 154 154 154 154 154 155 154 153 153 152 152 153 154 154 154 153 154 153 153 153
159 159 158 158 156 158 157 157 158 158 158 156 157 161 160 161 160 161 160 159 159 160 159 159 158 159 159 158 158 157 157 157 157 158 158 158 158 157 157 157 156 157 157 157 157 157 157 157 157 157 157 156 155 157 157 156 156 156 156 156 156 156 153 153 154 153 152 157 153 155 156 156 156 156 155 154 154 154 155 155 155 154 154 156 154 154 154 154 154 154 153 153 153 153 153
160 158 158 159 159 157 158 158 158 158 158 158 160 159 159 159 159 158 159 159 158 158 158 158 158 158 158 159 157 157 157 158 158 158 158 158 157 157 157 157 157 156 157 157 156 158 157 157 157 157 157 157 157 153 155 156 156 156 156 156 156 158 153 153 153 154 152 153 155 156 155 156 154 156 155 154 154 156 155 154 152 153 154 154 154 154 154 154 154 153 153 153 153 153 153
160 158 159 159 159 160 158 158 157 157 159 159 159 159 159 159 159 158 158 158 158 158 158 158 158 158 158 158 158 158 158 158 158 158 158 157 157 157 157 157 157 156 156 157 157 157 157 157 156 156 156 156 156 154 155 156 156 154 156 155 155 156 155 155 154 153 153 156 155 153 156 155 155 155 154 154 155 155 154 154 154 153 152 154 153 153 154 154 154 153 153 153 153 153 153
159 158 159 159 159 158 158 159 158 156 159 158 158 159 159 159 159 158 158 158 158 158 158 158 158 158 158 158 158 158 158 158 158 158 158 158 157 157 157 157 157 156 157 157 157 156 156 156 157 158 156 152 155 155 155 154 152 154 154 154 155 155 153 152 157 153 152 154 153 155 155 155 154 154 154 154 154 155 154 155 153 153 153 153 153 153 153 153 153 153 153 153 153 153 153
159 159 159 159 159 159 159 158 157 157 158 158 158 159 159 159 159 158 158 158 158 158 158 158 158 158 158 158 158 158 159 158 158 158 158 158 158 158 158 157 155 158 157 156 157 157 156 156 156 157 156 156 155 156 152 155 154 153 153 153 153 154 154 153 152 153 152 152 154 153 154 154 154 154 154 154 154 151 154 153 154 154 154 153 153 153 153 153 153 152 153 153 153 152 152
158 159 159 159 159 159 158 158 159 158 158 158 157 157 158 159 158 158 159 158 158 158 159 158 158 158 158 158 158 158 158 158 158 158 158 158 158 158 157 157 157 157 156 155 155 156 155 156 156 156 155 153 155 155 155 153 154 153 154 154 154 154 153 153 153 152 153 152 153 153 155 155 154 153 154 153 153 153 151 151 152 154 154 154 153 153 153 153 153 154 152 152 152 152 153
158 158 158 158 159 159 159 159 159 159 158 157 157 157 157 157 157 157 156 157 157 157 158 158 158 158 158 158 158 158 158 158 158 158 158 158 158 158 157 157 157 156 157 157 156 156 156 156 156 156 158 156 156 154 156 154 154 154 154 154 154 153 153 153 152 152 152 153 152 153 152 155 155 153 153 153 153 152 152 152 154 154 154 153 153 153 153 153 152 152 152 152 152 152 152
159 158 158 158 159 159 159 159 159 157 158 157 157 157 157 157 157 157 157 157 157 158 158 158 158 158 158 157 158 158 158 158 158 158 158 158 158 158 157 157 157 157 157 157 157 157 156 156 156 156 156 156 155 156 156 155 155 154 153 154 154 153 153 153 153 153 153 153 153 156 155 156 154 155 153 153 152 150 152 150 151 154 152 153 152 153 150 150 150 153 152 151 152 152 152
159 159 159 159 159 159 159 159 158 158 158 157 157 157 157 157 157 157 157 157 157 158 158 158 158 158 158 158 158 158 158 157 158 158 158 158 158 158 158 160 157 156 156 156 156 156 156 156 156 155 154 155 155 157 153 155 155 154 153 153 153 152 153 153 152 152 151 152 152 155 152 154 153 153 154 153 153 153 153 151 151 152 155 153 153 152 153 153 154 153 149 152 152 151 152
159 159 159 159 159 159 159 159 158 158 158 158 158 158 158 157 157 157 157 157 157 157 158 158 158 158 158 158 158 158 158 158 158 157 157 157 158 158 158 158 157 157 156 156 156 155 155 156 158 156 156 156 156 155 155 156 155 154 154 154 154 154 153 153 153 151 152 152 153 152 151 152 152 153 154 153 154 154 152 152 152 150 153 153 152 153 150 150 151 151 152 151 151 151 151
159 159 160 160 160 159 159 159 159 158 159 158 159 158 158 158 158 157 157 157 157 157 157 157 157 157 158 157 158 158 158 158 157 157 157 158 158 158 158 158 157 157 158 157 157 156 156 156 156 156 156 155 155 155 154 155 154 152 153 153 152 152 151 152 152 153 152 152 152 151 152 152 153 153 153 153 154 153 153 152 152 151 153 152 152 152 150 150 149 150 150 150 151 151 151
159 159 159 159 159 158 160 159 160 159 159 159 158 159 158 158 158 158 157 157 157 157 157 157 157 157 158 158 157 157 157 157 157 157 155 157 157 158 157 157 157 157 156 155 156 157 157 156 155 155 155 155 154 155 155 155 154 153 153 152 153 152 152 152 152 152 152 152 152 152 152 152 150 153 152 153 153 153 153 155 153 153 153 153 153 151 151 148 148 151 146 149 151 151 149
159 160 160 160 160 159 160 160 159 160 159 159 159 158 158 158 158 158 157 158 157 157 157 157 157 157 157 157 157 157 157 157 158 157 157 157 157 157 157 157 157 157 155 156 156 155 154 156 155 155 155 154 155 154 155 155 156 155 156 154 153 153 153 153 154 153 152 151 151 151 151 152 151 152 154 153 153 153 153 153 153 149 151 152 152 153 152 152 148 149 147 147 150 149 149
160 159 160 160 159 159 160 160 159 159 159 159 159 159 158 158 158 158 158 158 158 157 157 157 157 157 157 157 157 157 157 157 156 157 157 156 157 157 157 157 157 157 157 157 157 156 155 155 155 153 154 154 154 154 155 154 154 154 154 153 153 153 151 153 152 153 152 152 150 149 151 151 153 151 150 145 153 153 153 152 153 152 150 149 151 151 151 152 151 150 149 149 150 152 149
160 160 160 160 160 160 160 160 160 159 159 159 159 159 159 159 159 159 158 158 158 157 157 157 157 157 157 157 157 157 157 157 158 157 157 157 157 157 157 157 157 156 155 156 156 156 156 155 155 156 154 154 154 154 154 154 153 153 154 153 153 153 153 150 151 151 151 149 150 150 150 150 148 151 154 154 156 153 156 146 152 146 149 148 148 147 150 152 150 150 149 148 149 148 149
160 160 160 160 160 160 160 160 160 159 159 159 160 160 159 159 159 159 159 159 158 158 158 158 157 157 157 158 157 156 157 157 157 157 156 157 157 157 157 157 157 157 156 156 156 156 156 156 156 156 155 155 155 155 154 154 154 152 152 154 153 153 152 150 152 150 147 147 147 145 145 144 147 147 151 144 153 153 153 150 152 151 150 150 142 144 147 151 149 148 145 148 148 146 147
161 160 160 160 160 160 160 161 160 160 160 160 160 160 159 159 159 159 159 159 158 158 158 158 158 157 157 157 157 157 157 156 156 157 157 157 157 157 157 157 157 157 156 156 156 156 156 155 155 155 155 155 155 155 154 153 152 153 153 153 153 149 152 151 151 149 152 150 148 144 146 146 146 148 150 149 148 152 153 153 153 142 148 148 148 155 142 151 151 148 145 147 145 145 146
160 160 160 160 160 161 160 159 159 159 160 160 160 160 159 159 159 159 159 158 158 158 157 157 157 157 157 156 157 157 157 157 157 157 157 157 157 157 157 157 157 156 156 156 156 156 156 156 154 154 153 153 153 153 153 154 153 154 153 153 153 152 152 151 151 147 146 151 147 145 149 147 145 148 146 144 141 150 148 136 150 151 153 148 144 147 150 146 150 144 146 148 146 145 142
160 160 160 160 160 160 160 160 160 160 160 160 160 160 159 159 159 159 159 158 158 157 157 158 157 157 157 157 157 157 154 157 157 157 157 157 157 157 157 157 156 156 156 156 156 156 156 155 154 155 154 154 154 153 153 153 152 152 152 152 152 152 152 151 148 141 147 146 146 142 143 143 144 146 151 147 144 151 149 149 151 145 145 146 145 145 145 145 143 145 145 145 144 144 144
160 160 160 160 160 160 160 160 161 160 160 160 160 160 159 159 159 159 159 159 159 158 158 158 158 158 157 157 158 157 157 157 156 157 156 156 157 157 157 156 156 156 156 156 155 156 156 155 155 154 154 154 154 153 152 152 153 153 151 152 148 150 151 150 148 144 144 147 147 148 150 145 138 146 151 149 149 150 146 148 149 145 142 141 139 138 139 140 142 147 141 140 139 138 129
160 160 160 160 160 160 160 161 160 160 160 160 160 160 160 160 159 159 159 159 159 157 160 159 158 156 157 158 153 155 157 157 156 156 156 156 156 156 156 156 156 156 156 156 156 155 154 155 154 155 154 154 154 152 153 153 151 150 152 149 149 152 149 149 147 145 144 145 141 143 151 138 149 140 150 150 146 147 154 150 147 139 145 143 149 134 143 140 140 141 143 145 142 140 141
160 160 160 160 160 160 160 160 160 160 160 160 160 160 160 159 159 159 159 159 159 159 157 157 157 157 158 153 156 155 154 156 154 153 155 156 156 156 156 156 156 156 156 156 156 154 155 155 154 154 154 151 151 151 152 149 149 152 152 150 149 150 142 148 147 144 144 146 146 142 148 149 147 142 139 145 142 141 151 151 140 151 151 144 137 145 147 146 148 140 137 137 138 141 140
160 160 160 160 160 160 160 160 160 160 160 160 160 160 160 159 159 159 158 159 159 159 158 156 156 156 155 155 156 154 156 158 156 155 155 154 157 155 156 156 155 156 156 156 155 155 155 155 155 154 153 153 151 151 151 154 151 151 150 151 148 140 147 145 147 143 142 137 143 145 142 147 149 145 146 150 150 140 136 142 149 141 129 138 151 150 152 150 143 142 148 144 143 137 144
160 160 160 160 160 160 160 160 160 160 160 160 160 160 159 159 159 159 159 159 156 158 158 157 158 159 157 156 157 154 154 157 156 157 158 156 156 156 156 156 153 156 156 156 155 155 151 155 155 156 153 154 154 152 153 151 151 150 149 150 151 152 148 145 147 147 147 143 148 138 139 136 148 148 141 145 136 141 144 147 148 147 147 145 133 139 142 150 153 146 147 149 147 139 139
160 160 160 160 160 160 160 160 160 160 160 160 160 160 160 160 159 159 159 157 158 154 158 160 159 157 155 155 157 157 157 157 157 157 157 156 154 156 155 154 156 156 156 156 155 155 151 152 152 155 155 154 152 150 150 149 150 151 152 150 141 147 144 148 147 149 147 144 140 143 144 140 134 153 147 138 145 143 147 151 137 142 140 135 150 148 136 145 152 141 138 132 141 144 137
160 160 160 160 160 160 160 160 160 160 160 160 160 160 159 158 158 157 159 158 159 161 159 155 157 158 157 158 157 156 154 153 156 154 156 156 156 153 155 156 155 155 154 155 155 152 147 150 152 153 154 154 150 153 153 150 151 153 149 149 152 150 150 143 143 145 147 137 146 147 138 147 144 145 136 136 147 140 141 140 139 140 136 137 137 149 155 149 147 148 150 144 147 140 136
160 160 160 160 160 160 160 160 160 160 160 160 160 160 159 159 159 159 159 159 159 158 157 156 157 156 156 158 158 152 156 156 156 156 154 156 156 154 152 154 155 155 154 154 154 152 153 153 153 152 152 150 154 150 151 145 153 148 149 151 150 152 150 149 151 150 145 145 142 144 139 143 144 136 138 149 144 143 134 139 143 147 142 145 140 139 146 136 138 135 137 135 146 146 142
160 160 160 160 160 160 160 160 160 160 160 160 160 159 159 159 159 159 159 159 158 157 158 157 156 157 160 159 158 158 155 156 152 156 156 156 155 153 155 155 155 154 154 151 149 150 154 154 152 152 152 153 144 132 123 142 147 152 152 151 149 145 152 152 151 145 139 145 142 144 142 146 144 139 138 140 141 137 142 144 134 133 132 137 139 134 135 140 136 143 141 150 141 148 146
160 160 160 160 160 160 160 160 160 160 160 160 160 160 160 159 159 159 159 159 159 160 156 156 155 155 154 158 158 158 156 155 156 157 157 156 153 152 153 155 155 153 150 152 152 150 153 153 152 152 150 149 151 146 148 150 149 150 148 151 146 153 145 149 151 149 150 138 135 142 143 144 142 143 147 142 142 141 140 136 136 136 133 139 137 134 139 131 127 139 142 148 145 146 143
160 160 160 160 160 160 160 160 160 160 160 160 160 160 160 160 159 159 159 159 159 159 157 156 158 156 158 157 158 155 150 157 157 157 156 154 155 152 154 154 154 154 153 153 152 152 153 153 148 152 151 149 149 148 146 151 148 150 148 147 151 150 144 143 140 143 145 136 137 145 146 141 142 144 136 145 145 142 138 140 143 142 136 133 135 133 136 135 128 137 146 145 144 145 148
160 160 160 160 160 160 160 160 160 160 160 160 160 159 159 159 158 158 159 158 159 158 155 155 152 157 158 158 159 156 155 157 156 154 156 156 153 153 154 154 154 153 152 153 152 152 151 148 151 151 154 153 150 149 147 149 147 147 151 152 147 152 145 145 148 147 142 144 146 147 140 143 140 142 140 139 141 137 138 136 135 140 139 131 131 129 127 137 139 144 133 150 136 144 150
160 160 160 160 160 160 160 160 160 160 160 160 159 159 159 159 159 159 158 159 159 157 156 159 158 158 160 157 158 154 155 156 153 154 156 156 157 155 154 154 154 154 154 154 153 152 152 151 149 147 150 149 143 143 149 147 139 143 149 147 148 142 142 150 142 153 154 144 146 146 137 144 138 144 143 141 144 141 141 141 140 134 137 133 130 136 142 136 143 143 138 138 140 144 142
160 160 160 160 160 160 160 160 160 160 160 160 159 158 159 159 159 157 156 159 159 159 160 158 158 158 158 157 155 156 158 154 152 157 157 156 155 155 152 154 154 154 156 154 155 157 152 154 151 149 147 154 147 149 146 148 146 148 154 151 150 153 147 143 145 144 135 138 135 146 146 141 142 145 144 142 139 139 140 137 140 143 142 138 141 139 142 142 140 135 127 137 134 138 146
160 160 160 160 160 160 160 160 160 160 160 160 160 159 159 159 159 160 159 157 158 157 152 159 154 158 156 158 157 157 156 159 158 158 158 157 155 156 155 155 156 155 150 153 154 153 144 149 152 152 153 153 154 152 142 148 152 150 146 148 146 148 144 139 144 141 144 145 140 141 138 142 140 142 141 141 139 141 140 141 142 144 142 135 136 133 136 135 139 132 139 133 138 133 138
160 160 160 160 160 160 160 160 160 160 160 160 159 159 159 159 159 159 158 157 159 157 156 158 156 153 157 158 157 158 158 156 157 156 156 156 156 155 155 155 155 156 152 151 147 155 155 153 157 158 155 156 151 150 150 143 154 146 152 151 149 154 147 141 140 146 146 136 143 138 145 133 132 143 139 137 138 136 142 138 141 145 135 145 142 138 130 135 132 127 127 126 136 141 144
160 160 160 160 160 160 160 159 160 160 159 160 159 157 158 159 159 159 159 159 157 156 158 158 155 156 157 153 154 157 158 157 156 153 157 155 155 155 155 156 157 155 144 152 147 142 146 147 144 151 154 152 153 143 151 139 150 144 144 139 138 142 140 149 147 139 141 143 143 137 138 146 148 136 142 132 135 144 144 142 138 145 145 148 138 143 138 130 109 119 121 105 123 135 138
160 160 160 160 160 160 160 161 160 160 160 159 159 157 156 156 157 159 159 159 159 156 157 158 157 158 156 153 157 157 158 157 158 155 157 157 156 156 156 157 151 156 160 149 149 142 139 142 142 150 150 150 140 152 153 149 150 154 149 146 152 145 145 144 143 144 144 146 143 141 146 150 133 144 134 137 144 139 143 149 147 143 144 136 145 142 145 141 138 125 128 118 120 138 141
157 159 159 160 160 157 160 159 160 160 160 159 158 157 155 158 158 151 154 157 159 157 153 157 157 158 155 158 155 157 157 158 155 154 155 157 157 158 149 151 152 150 152 150 143 141 141 136 144 143 150 144 146 143 142 146 142 148 153 141 139 144 144 142 139 145 147 141 146 142 136 147 146 149 137 144 145 147 147 135 146 147 142 132 143 132 137 120 123 120 109 106 109 121 131
159 159 160 160 160 160 159 161 160 159 159 158 154 157 157 156 155 154 157 157 156 154 155 158 158 158 154 149 155 155 153 157 156 158 156 159 157 156 157 155 154 151 148 150 148 148 152 141 125 141 147 145 149 149 138 152 142 145 146 148 146 145 146 143 142 146 142 152 148 149 153 144 152 144 141 137 147 146 147 143 141 142 140 135 125 131 139 124 112 126 130 125 127 124 120
159 160 159 160 160 160 159 159 159 158 158 157 158 157 155 149 154 157 155 156 156 155 155 157 158 156 157 157 157 155 157 154 156 155 157 156 156 156 155 156 149 152 152 154 151 150 146 151 152 143 149 141 145 149 146 145 148 145 149 148 145 138 147 138 157 157 153 157 149 149 147 137 146 147 145 149 147 144 134 138 135 129 124 131 139 130 131 135 134 130 133 128 137 139 126
