sesion_6_simulaciones/modelos_distribucion_especies/ejemplo/variables/futuro_A2/2050/TMXV.asc
ncols 708
nrows 329
xllcorner -7.525000
yllcorner 35.991667
cellsize 0.008333
NODATA_value -9999
[rows 164 to 204 of 329, columns 564 to 657 of 708]
311 310 316 321 326 329 330 330 334 314 337 341 340 337 343 337 341 341 342 340 339 341 339 342 342 342 345 346 347 347 348 348 347 347 348 349 349 351 351 351 350 349 353 353 353 353 353 352 354 355 354 354 354 352 355 354 353 355 354 354 355 356 354 356 355 356 356 355 356 356 356 355 355 356 352 353 349 354 355 351 351 353 355 354 354 354 354 353 352 349 354 347 353 353
310 312 318 326 324 326 332 337 329 333 334 339 335 339 338 336 339 341 342 338 338 340 338 340 342 342 343 343 346 345 347 349 349 348 348 350 350 351 352 352 351 351 352 354 354 354 354 354 353 354 353 352 352 355 355 351 354 354 355 355 354 356 356 356 357 356 354 357 356 356 355 356 356 354 356 354 355 351 352 350 350 348 354 355 355 354 354 353 354 354 353 353 354 353
310 324 327 329 327 331 335 334 332 333 334 334 335 334 331 333 336 338 339 340 337 339 338 339 341 338 343 341 342 347 338 343 347 348 347 343 343 346 351 352 350 353 350 352 350 352 352 350 347 350 346 349 350 352 352 355 356 352 345 348 350 352 354 351 351 351 350 352 351 352 353 350 347 352 351 347 354 356 355 355 352 356 355 355 355 355 355 354 354 353 352 350 348 352
315 317 320 325 324 324 327 329 322 334 334 333 332 329 336 334 335 334 332 335 334 333 338 338 339 341 342 342 339 341 339 340 342 343 339 339 341 342 340 346 342 336 344 341 340 345 346 347 345 345 352 353 349 345 348 351 351 347 349 353 353 353 346 343 353 348 352 351 351 345 349 346 352 350 351 352 349 338 350 346 351 352 346 350 351 352 353 354 351 351 352 350 349 351
315 318 321 323 320 326 325 324 321 329 329 331 332 334 333 336 335 333 334 332 331 332 334 325 335 334 339 336 338 328 335 343 336 338 341 335 336 333 332 334 335 338 338 339 343 340 348 347 344 346 342 342 339 344 342 347 342 344 346 345 349 348 348 349 346 343 338 347 346 348 347 349 340 344 349 347 344 346 343 348 345 351 349 347 348 349 349 350 351 350 351 346 351 351
314 317 325 316 313 318 317 323 325 316 324 323 320 330 325 330 326 329 332 332 329 327 330 330 328 327 331 334 335 335 334 334 329 331 336 337 327 335 332 331 331 330 338 335 325 333 337 335 334 335 335 339 333 328 334 339 337 338 335 337 339 343 345 341 343 329 342 343 338 343 343 338 332 343 342 341 344 342 347 349 348 352 346 338 348 350 346 347 347 347 348 349 348 342
321 323 326 319 310 308 313 318 318 320 322 320 329 321 325 329 326 326 332 329 331 332 331 329 336 329 334 329 334 328 331 330 332 330 330 331 326 323 326 323 329 326 323 321 333 337 337 334 331 332 333 331 337 333 329 330 334 335 336 337 339 338 332 338 339 340 339 335 340 343 341 340 341 342 341 346 345 348 349 348 350 351 351 348 343 343 345 345 350 349 346 347 346 343
316 320 310 318 316 317 317 320 323 319 326 321 325 324 328 326 328 317 320 325 330 326 328 330 330 328 328 331 333 335 334 327 329 329 330 323 327 326 320 321 328 323 326 324 334 334 335 330 324 327 332 336 335 333 330 324 326 334 331 335 338 343 340 337 338 336 339 339 338 338 336 340 345 347 345 348 343 348 348 350 350 347 337 343 339 343 342 349 345 345 339 345 345 345
320 319 315 315 315 315 311 318 315 318 324 326 326 326 326 327 326 323 323 323 326 324 322 327 325 324 325 327 329 327 332 324 327 329 330 326 325 317 315 318 321 319 326 328 329 333 327 320 327 321 333 335 331 327 326 317 320 324 336 341 329 336 336 333 335 336 336 339 342 341 343 343 346 342 350 350 344 345 348 339 345 343 340 344 344 344 346 345 343 337 335 334 341 345
319 318 315 316 316 311 319 313 320 321 322 321 321 322 325 320 317 322 318 322 323 319 321 321 321 321 322 322 325 324 323 323 324 324 322 324 321 322 312 309 314 315 310 328 328 323 323 321 325 323 328 334 328 323 326 323 328 333 320 327 334 336 340 330 335 339 334 336 338 333 339 340 342 349 347 350 350 348 346 341 345 341 343 340 344 343 340 340 341 342 343 339 338 338
313 319 318 318 315 312 316 315 311 313 323 323 316 318 321 322 320 325 317 320 321 323 324 314 316 321 320 322 313 327 318 322 327 322 319 308 319 319 315 312 310 309 310 308 324 325 322 324 321 314 314 325 331 326 324 323 328 328 330 330 334 334 331 331 336 335 334 338 343 336 332 336 342 341 338 350 351 346 341 342 341 338 339 339 340 341 344 343 344 343 340 343 343 343
310 311 307 313 309 309 314 311 315 312 314 321 315 315 313 318 322 323 320 315 318 321 310 313 318 321 319 320 322 327 314 318 324 320 306 317 313 315 309 317 316 308 315 314 317 311 318 310 316 316 319 327 327 326 318 323 327 330 328 329 329 331 330 326 328 335 341 343 336 337 338 340 335 343 340 342 339 341 340 343 334 333 340 344 338 339 341 344 343 344 341 345 340 339
321 317 315 314 312 311 311 316 315 312 310 309 314 306 313 315 317 318 315 315 318 319 311 313 316 316 319 308 319 316 316 316 316 317 308 313 313 314 313 314 319 326 326 328 327 321 315 315 309 312 316 324 323 320 319 326 327 328 330 333 333 335 331 327 328 330 337 339 333 339 337 332 333 342 327 332 339 332 337 337 328 339 334 331 329 332 337 342 341 338 328 333 343 343
317 315 310 312 310 309 309 313 312 311 311 313 311 312 312 315 313 315 306 313 309 308 311 312 317 318 308 314 319 306 316 313 314 315 315 313 306 307 315 316 319 319 319 326 323 319 320 315 311 295 314 321 324 321 321 320 325 324 332 335 332 335 332 333 326 328 336 327 330 332 335 342 335 337 332 335 337 323 329 333 337 339 331 335 339 336 338 336 340 342 340 339 342 344
321 318 315 314 311 311 311 312 314 311 312 313 314 312 311 312 312 308 310 313 312 306 311 312 317 308 311 313 316 308 317 320 313 315 313 312 312 311 314 312 317 312 318 320 316 318 318 306 305 313 316 321 313 320 319 320 324 326 331 334 335 334 331 332 335 334 337 322 328 330 333 331 340 344 333 336 338 330 333 338 329 333 332 335 338 332 337 336 338 338 339 333 336 339
317 318 320 315 314 314 312 312 313 313 313 313 313 308 313 312 313 312 313 311 312 312 313 312 311 312 312 314 315 307 308 305 309 303 309 309 311 313 314 317 319 319 316 315 315 315 315 316 312 315 316 322 319 316 316 309 320 321 327 327 331 331 332 331 335 337 335 335 333 328 336 337 334 330 332 330 326 333 337 335 333 331 330 333 335 336 337 327 332 339 344 342 331 342
327 323 315 318 316 314 312 311 314 315 314 312 313 311 314 313 312 313 313 312 312 311 312 310 311 310 311 313 310 310 305 302 300 304 303 306 307 310 311 314 314 308 313 314 313 314 312 310 310 313 314 318 316 318 315 316 317 321 321 320 330 327 330 331 337 338 333 335 335 339 338 337 333 328 334 333 334 330 336 334 333 329 333 335 332 334 334 338 333 339 339 343 343 343
319 327 322 320 322 318 313 312 313 314 314 310 311 310 309 309 309 308 308 312 312 313 313 311 310 311 310 310 307 308 304 306 304 303 305 305 309 309 314 314 310 308 308 311 311 312 309 310 312 308 307 309 313 313 315 317 317 322 319 324 330 325 330 332 333 331 334 339 335 337 339 334 333 330 328 330 335 334 336 330 327 334 331 335 329 334 323 336 335 339 340 341 344 343
328 322 325 325 321 322 322 322 318 320 321 317 317 316 313 310 308 308 304 309 311 310 310 310 308 310 312 312 309 306 307 307 301 305 307 304 305 308 308 305 308 305 307 309 303 316 315 311 319 321 320 319 318 309 306 321 315 320 321 324 321 325 323 327 323 327 327 333 333 334 335 336 330 329 320 326 333 333 334 329 328 327 329 328 328 334 334 335 339 341 341 344 344 336
331 329 329 331 331 326 324 317 324 324 318 322 318 318 313 315 315 311 311 312 311 308 310 309 310 311 311 312 310 313 314 319 314 311 312 313 308 309 309 303 309 314 314 318 322 316 324 328 326 318 321 316 326 321 327 327 331 330 333 330 329 330 335 323 331 332 328 329 333 331 331 330 329 333 330 330 333 339 331 341 335 335 327 327 332 341 339 332 340 340 343 342 331 335
337 335 332 333 335 332 327 321 322 326 323 323 320 321 322 315 317 317 316 301 308 314 316 318 310 310 314 318 319 321 322 316 318 320 307 315 317 321 318 315 320 321 320 319 325 329 330 326 328 336 331 335 334 332 338 336 332 333 341 338 334 338 333 326 337 339 341 339 336 337 340 342 342 344 341 340 344 342 339 339 344 342 333 337 342 339 339 341 333 336 332 330 334 336
341 339 339 337 331 336 335 328 334 334 332 330 326 327 327 324 317 320 321 317 312 316 322 319 322 323 319 317 320 320 323 325 321 325 323 322 328 329 324 323 324 325 319 326 329 326 333 328 337 336 340 335 334 337 341 340 340 340 343 343 338 343 334 330 334 330 343 342 336 342 339 341 343 347 346 347 347 347 347 344 345 344 340 339 343 343 343 340 336 337 336 335 338 338
343 342 341 340 340 339 339 336 339 337 338 335 334 329 333 331 328 331 326 325 324 324 325 321 324 322 324 317 315 316 320 323 322 328 326 327 325 326 331 331 324 330 330 327 331 335 336 332 333 337 336 337 334 336 334 339 340 336 340 345 337 342 341 333 338 336 341 344 344 345 345 346 342 347 347 348 348 348 348 347 346 345 337 338 343 343 343 341 338 339 341 340 338 333
344 344 343 343 342 341 341 340 340 340 340 339 337 334 338 336 333 334 331 330 327 330 326 333 331 330 329 329 323 323 322 324 320 328 328 326 330 327 329 328 334 332 328 327 328 336 334 332 335 339 336 327 333 338 337 338 339 340 339 343 343 342 343 340 340 340 340 336 339 343 348 347 347 348 347 345 348 349 348 348 347 346 344 344 345 344 344 340 337 338 342 342 339 329
344 345 345 344 343 344 342 343 342 343 342 343 340 333 340 341 338 339 339 333 330 329 331 333 333 327 327 335 332 327 319 326 330 314 331 332 325 330 331 321 330 324 329 329 331 332 336 340 340 340 331 336 333 338 336 339 333 336 337 344 340 341 339 339 339 338 341 345 337 344 342 346 348 348 347 348 348 348 349 348 347 346 344 343 343 345 344 343 342 343 341 336 341 338
343 343 344 345 345 344 344 345 345 342 342 339 344 342 342 344 341 341 342 336 337 337 335 328 339 329 333 335 337 333 328 333 329 332 330 332 329 331 331 331 331 333 332 331 331 334 338 342 343 337 341 332 332 335 333 341 334 336 335 342 345 338 334 338 341 337 332 341 345 347 343 346 346 346 348 348 348 349 347 349 347 347 347 346 342 343 341 343 342 345 342 341 343 343
341 342 343 343 343 343 342 342 343 337 341 344 342 345 344 344 340 343 344 341 339 338 337 335 338 323 336 336 338 335 337 333 334 337 339 331 330 329 334 329 331 333 331 334 334 335 339 339 343 337 341 339 332 335 340 336 338 344 343 343 340 332 340 341 334 342 338 343 344 345 348 347 348 347 347 347 347 346 347 348 348 348 346 347 346 346 342 343 347 347 345 347 342 347
336 339 340 341 332 341 339 342 342 341 345 343 344 347 347 345 345 346 345 344 343 344 339 343 342 342 341 337 332 338 340 334 333 330 336 314 331 334 338 333 332 335 331 333 336 337 336 343 346 340 343 343 343 338 337 335 337 344 341 330 334 336 341 337 342 343 345 344 346 347 348 348 348 348 347 347 347 347 348 347 346 345 347 347 347 345 345 344 345 345 346 346 345 343
330 325 331 329 331 334 331 332 333 332 338 343 344 340 347 347 343 340 345 345 343 342 340 343 343 343 343 343 340 339 341 335 332 336 338 330 331 329 335 334 335 338 340 339 338 331 333 342 345 338 335 345 336 339 344 331 341 341 345 336 337 339 333 345 341 342 345 347 347 348 348 348 348 348 348 348 348 347 348 348 347 348 349 347 347 347 346 344 346 344 345 345 344 343
331 333 320 328 330 328 325 326 321 323 330 336 327 332 338 333 347 341 341 346 340 341 344 343 343 343 344 343 343 342 343 343 341 341 339 338 340 340 340 337 336 339 341 335 337 335 338 341 343 346 340 345 343 336 337 347 346 347 341 339 338 344 346 348 345 347 347 347 347 347 348 349 348 348 347 348 347 348 348 348 347 347 348 348 346 348 346 344 346 345 345 345 345 343
328 326 326 324 326 326 329 328 325 324 325 336 332 324 331 336 337 335 346 344 342 344 344 345 344 343 341 343 343 343 342 342 341 344 343 342 338 337 340 340 338 328 337 339 337 339 339 338 338 346 347 345 346 346 344 347 348 348 347 346 346 346 346 344 348 347 347 347 346 346 347 347 347 348 348 348 348 347 348 348 344 348 348 348 348 345 346 344 348 346 344 345 343 344
321 319 316 314 317 322 325 328 327 325 328 330 329 330 330 330 337 338 337 339 343 346 340 339 343 343 343 344 343 343 340 342 341 342 343 341 339 336 336 341 337 336 340 337 339 334 337 343 343 347 347 347 347 344 348 348 348 348 348 347 344 346 339 348 347 347 347 347 347 346 348 348 349 348 348 348 347 349 348 348 348 347 348 349 349 348 345 349 349 348 346 345 345 343
308 304 312 305 310 313 316 322 325 331 334 334 336 332 329 323 330 333 329 334 334 341 340 338 340 342 342 343 344 343 340 342 340 339 336 339 338 337 341 339 339 335 341 340 341 342 343 344 346 347 347 348 347 348 348 348 348 348 348 348 348 348 348 349 348 347 348 347 347 347 346 347 348 349 349 348 348 347 347 348 349 349 348 346 346 347 349 349 346 340 345 346 340 340
291 297 307 308 312 312 315 316 318 324 324 324 322 324 325 319 322 325 328 331 335 339 337 339 340 341 341 341 342 343 343 342 343 341 337 341 341 340 343 344 341 342 344 342 342 343 343 345 345 346 348 347 348 349 349 348 348 348 348 349 349 348 348 348 347 347 347 347 347 347 348 348 348 348 347 347 347 348 346 342 345 347 345 343 342 344 344 346 345 341 345 342 342 338
297 296 297 302 306 308 312 312 313 323 326 324 320 313 307 320 322 322 328 332 330 343 342 342 340 340 340 340 341 340 339 344 344 343 343 343 344 344 343 344 345 341 342 340 343 342 345 346 345 347 349 348 348 348 349 348 348 348 348 348 348 348 348 346 347 346 346 346 346 346 347 347 347 347 347 347 347 347 347 346 346 345 341 344 339 344 340 343 338 341 340 341 345 341
304 303 309 307 307 308 308 311 316 322 325 328 325 319 313 312 314 322 331 334 339 329 334 337 340 338 337 343 341 340 335 339 341 346 344 345 344 345 345 345 345 342 341 342 342 342 346 347 345 348 349 348 348 348 348 347 348 348 348 348 347 347 347 347 347 340 339 340 345 343 345 346 345 346 346 345 343 345 344 346 344 344 337 340 342 342 344 341 340 335 340 344 343 344
307 307 307 315 316 316 316 316 314 321 327 325 323 320 317 319 320 322 326 324 331 335 339 339 335 335 340 341 343 341 341 339 340 344 345 345 344 343 346 347 346 342 343 341 344 344 347 346 349 350 349 347 348 348 348 348 348 347 347 346 346 346 346 341 337 337 343 344 345 344 345 344 341 340 343 341 341 342 343 339 342 342 341 337 339 339 341 339 336 337 340 342 343 345
309 307 310 309 305 312 318 320 321 319 320 323 325 319 322 322 323 326 332 332 330 333 340 343 332 335 337 342 344 345 341 340 343 343 348 347 344 341 344 344 346 347 347 347 344 346 347 348 341 350 350 339 348 345 341 346 344 342 341 336 334 333 344 345 345 344 344 344 343 343 344 344 345 345 347 346 345 346 345 344 339 333 338 338 333 336 342 345 344 344 344 344 343 344
302 312 314 315 316 318 318 326 329 322 323 329 323 325 324 329 325 327 330 336 331 335 337 336 336 339 343 340 345 341 338 339 341 344 346 348 344 345 342 345 346 343 346 338 349 349 348 345 350 350 349 344 343 346 345 345 341 339 340 341 342 343 343 344 344 343 342 342 342 342 342 340 343 344 345 345 346 346 346 347 346 346 344 341 334 335 337 330 341 343 330 340 333 336
311 313 312 314 311 315 322 327 324 332 328 330 324 329 331 333 328 331 333 335 335 337 342 349 333 344 340 341 341 340 340 334 339 342 348 343 343 343 340 343 342 346 343 348 342 344 349 350 350 346 341 347 341 347 346 344 341 343 342 342 341 341 340 339 341 340 337 340 339 338 339 338 339 334 327 337 336 340 344 346 345 338 339 338 334 339 338 335 334 339 341 340 340 339
314 315 314 315 317 320 322 330 333 331 329 333 338 337 337 336 335 338 340 340 340 337 335 338 345 349 348 347 343 342 339 339 337 342 347 346 341 340 336 345 345 344 344 349 344 351 346 351 348 348 347 345 344 344 344 342 341 338 335 335 328 338 336 337 330 330 329 330 323 328 330 325 329 329 328 332 336 340 338 341 341 344 346 346 345 340 343 342 340 342 342 342 343 342
