sesion_6_simulaciones/modelos_distribucion_especies/ejemplo/variables/futuro_A2/2050/TMXV.asc
ncols 708
nrows 329
xllcorner -7.525000
yllcorner 35.991667
cellsize 0.008333
NODATA_value -9999
[rows 0 to 40 of 329, columns 282 to 375 of 708]
-9999 -9999 -9999 -9999 -9999 -9999 -9999 -9999 -9999 -9999 -9999 -9999 -9999 -9999 -9999 -9999 -9999 -9999 -9999 -9999 -9999 -9999 -9999 -9999 -9999 -9999 -9999 -9999 -9999 -9999 -9999 -9999 -9999 -9999 -9999 -9999 -9999 -9999 -9999 -9999 -9999 -9999 -9999 -9999 -9999 -9999 -9999 -9999 -9999 -9999 -9999 -9999 -9999 -9999 -9999 -9999 -9999 -9999 -9999 -9999 -9999 -9999 -9999 -9999 -9999 -9999 -9999 -9999 -9999 -9999 -9999 -9999 -9999 -9999 -9999 -9999 -9999 -9999 -9999 -9999 -9999 -9999 -9999 -9999 -9999 -9999 -9999 -9999 -9999 -9999 -9999 -9999 -9999 -9999
-9999 -9999 -9999 -9999 -9999 -9999 -9999 -9999 -9999 -9999 -9999 -9999 -9999 -9999 -9999 -9999 -9999 -9999 -9999 -9999 -9999 -9999 -9999 -9999 -9999 -9999 -9999 -9999 -9999 -9999 -9999 -9999 -9999 -9999 -9999 -9999 -9999 -9999 -9999 -9999 -9999 -9999 -9999 -9999 -9999 -9999 -9999 -9999 -9999 -9999 -9999 -9999 -9999 -9999 -9999 -9999 -9999 -9999 -9999 -9999 -9999 -9999 -9999 -9999 -9999 -9999 -9999 -9999 -9999 -9999 -9999 -9999 -9999 -9999 -9999 -9999 -9999 -9999 -9999 -9999 -9999 -9999 -9999 -9999 -9999 -9999 -9999 -9999 -9999 -9999 -9999 -9999 -9999 -9999
-9999 367 370 366 -9999 375 -9999 -9999 -9999 -9999 -9999 375 374 376 377 377 377 374 -9999 -9999 -9999 -9999 -9999 -9999 -9999 -9999 -9999 -9999 -9999 -9999 -9999 -9999 -9999 -9999 -9999 -9999 -9999 -9999 -9999 -9999 -9999 -9999 -9999 -9999 -9999 -9999 -9999 -9999 -9999 -9999 -9999 -9999 -9999 -9999 -9999 -9999 -9999 -9999 -9999 -9999 -9999 -9999 -9999 -9999 -9999 -9999 -9999 -9999 -9999 -9999 -9999 -9999 -9999 -9999 -9999 -9999 -9999 -9999 -9999 -9999 -9999 -9999 -9999 -9999 -9999 -9999 -9999 -9999 -9999 -9999 -9999 -9999 -9999 -9999
366 369 368 370 370 370 -9999 -9999 -9999 -9999 371 372 372 374 374 376 377 377 -9999 -9999 -9999 -9999 -9999 -9999 -9999 -9999 -9999 -9999 -9999 -9999 -9999 -9999 -9999 -9999 -9999 -9999 -9999 -9999 -9999 -9999 -9999 -9999 -9999 -9999 -9999 -9999 -9999 -9999 -9999 -9999 -9999 -9999 -9999 -9999 -9999 -9999 -9999 -9999 -9999 -9999 -9999 -9999 -9999 -9999 -9999 -9999 -9999 -9999 -9999 -9999 -9999 -9999 -9999 -9999 -9999 -9999 -9999 -9999 -9999 -9999 -9999 -9999 -9999 -9999 -9999 -9999 -9999 -9999 -9999 -9999 -9999 -9999 -9999 -9999
371 367 373 372 371 372 371 375 377 377 376 369 372 374 375 376 376 376 376 373 -9999 -9999 -9999 -9999 -9999 -9999 -9999 -9999 -9999 -9999 -9999 -9999 -9999 -9999 -9999 -9999 -9999 -9999 -9999 -9999 -9999 -9999 -9999 -9999 -9999 -9999 -9999 -9999 -9999 -9999 -9999 -9999 -9999 -9999 -9999 -9999 -9999 -9999 -9999 -9999 -9999 -9999 -9999 -9999 -9999 -9999 -9999 -9999 -9999 -9999 -9999 -9999 -9999 -9999 -9999 -9999 -9999 -9999 -9999 -9999 -9999 -9999 -9999 -9999 -9999 -9999 -9999 -9999 -9999 -9999 -9999 -9999 -9999 -9999
373 370 371 371 367 369 373 369 375 373 370 373 375 375 375 374 373 375 375 372 -9999 -9999 -9999 -9999 -9999 -9999 -9999 -9999 -9999 -9999 -9999 -9999 -9999 -9999 -9999 -9999 -9999 -9999 -9999 -9999 -9999 -9999 -9999 -9999 -9999 -9999 -9999 -9999 -9999 -9999 -9999 -9999 -9999 -9999 -9999 -9999 -9999 -9999 -9999 -9999 -9999 -9999 -9999 -9999 -9999 -9999 -9999 -9999 -9999 -9999 -9999 -9999 -9999 -9999 -9999 -9999 -9999 -9999 -9999 -9999 -9999 -9999 -9999 -9999 -9999 -9999 -9999 -9999 -9999 -9999 -9999 -9999 -9999 -9999
-9999 375 376 376 376 376 377 375 376 375 375 371 372 370 371 374 372 373 371 372 372 372 -9999 -9999 -9999 -9999 -9999 -9999 -9999 -9999 -9999 -9999 -9999 -9999 -9999 -9999 -9999 -9999 -9999 -9999 -9999 -9999 -9999 -9999 -9999 -9999 -9999 -9999 -9999 -9999 -9999 -9999 -9999 -9999 -9999 -9999 -9999 -9999 -9999 -9999 -9999 -9999 -9999 -9999 -9999 -9999 -9999 -9999 -9999 -9999 -9999 -9999 -9999 -9999 -9999 -9999 -9999 -9999 -9999 -9999 -9999 -9999 -9999 -9999 -9999 -9999 -9999 -9999 -9999 -9999 -9999 -9999 -9999 -9999
375 374 374 375 374 376 373 374 375 376 375 373 374 372 371 368 374 374 371 372 369 370 -9999 -9999 -9999 -9999 -9999 -9999 -9999 -9999 -9999 -9999 -9999 -9999 -9999 -9999 -9999 -9999 -9999 -9999 -9999 -9999 -9999 -9999 -9999 -9999 -9999 -9999 -9999 -9999 -9999 -9999 -9999 -9999 -9999 -9999 -9999 -9999 -9999 -9999 -9999 -9999 -9999 -9999 -9999 -9999 -9999 -9999 -9999 -9999 -9999 -9999 -9999 -9999 -9999 -9999 -9999 -9999 -9999 -9999 -9999 -9999 -9999 -9999 -9999 -9999 -9999 -9999 -9999 -9999 -9999 -9999 -9999 -9999
374 373 371 373 374 373 374 375 374 375 374 375 371 373 373 374 374 372 372 371 371 370 368 370 367 368 370 369 373 376 376 377 378 378 379 378 -9999 -9999 -9999 -9999 -9999 -9999 -9999 -9999 -9999 -9999 -9999 -9999 -9999 -9999 -9999 -9999 -9999 -9999 -9999 -9999 -9999 -9999 -9999 -9999 -9999 -9999 -9999 -9999 -9999 -9999 -9999 -9999 -9999 -9999 -9999 -9999 -9999 -9999 -9999 -9999 -9999 -9999 -9999 -9999 -9999 -9999 -9999 -9999 -9999 -9999 -9999 -9999 -9999 -9999 -9999 -9999 -9999 -9999
374 373 373 373 373 374 374 376 375 373 374 374 374 374 374 374 373 373 374 374 372 372 371 371 372 371 371 372 360 373 374 375 377 378 375 374 -9999 -9999 -9999 -9999 -9999 -9999 -9999 -9999 -9999 -9999 -9999 -9999 -9999 -9999 -9999 -9999 -9999 -9999 -9999 -9999 -9999 -9999 -9999 -9999 -9999 -9999 -9999 -9999 -9999 -9999 -9999 -9999 -9999 -9999 -9999 -9999 -9999 -9999 -9999 -9999 -9999 -9999 -9999 -9999 -9999 -9999 -9999 -9999 -9999 -9999 -9999 -9999 -9999 -9999 -9999 -9999 -9999 -9999
373 373 373 373 374 374 374 374 376 374 374 374 375 373 373 373 373 373 372 371 372 372 373 372 372 369 370 368 367 374 374 373 375 377 376 374 -9999 -9999 -9999 -9999 -9999 -9999 -9999 -9999 -9999 -9999 -9999 -9999 -9999 -9999 -9999 -9999 -9999 -9999 -9999 -9999 -9999 -9999 -9999 -9999 -9999 -9999 -9999 -9999 -9999 -9999 -9999 -9999 -9999 -9999 -9999 -9999 -9999 -9999 -9999 -9999 -9999 -9999 -9999 -9999 -9999 -9999 -9999 -9999 -9999 -9999 -9999 -9999 -9999 -9999 -9999 -9999 -9999 -9999
372 372 373 372 373 374 374 375 375 373 373 372 374 374 374 373 373 373 373 372 371 371 370 371 370 366 366 369 368 372 372 373 374 375 376 377 -9999 -9999 -9999 -9999 -9999 -9999 -9999 -9999 -9999 -9999 -9999 -9999 -9999 -9999 -9999 -9999 -9999 -9999 -9999 -9999 -9999 -9999 -9999 -9999 -9999 -9999 -9999 -9999 -9999 -9999 -9999 -9999 -9999 -9999 -9999 -9999 -9999 -9999 -9999 -9999 -9999 -9999 -9999 -9999 -9999 -9999 -9999 -9999 -9999 -9999 -9999 -9999 -9999 -9999 -9999 -9999 -9999 -9999
372 372 371 371 371 373 373 374 372 373 373 372 373 372 373 373 374 374 373 373 371 368 365 369 369 366 370 369 354 368 368 372 374 372 370 376 -9999 -9999 -9999 -9999 -9999 -9999 -9999 -9999 -9999 -9999 -9999 -9999 -9999 -9999 -9999 -9999 -9999 -9999 -9999 -9999 -9999 -9999 -9999 -9999 -9999 -9999 -9999 -9999 -9999 -9999 -9999 -9999 -9999 -9999 -9999 -9999 -9999 -9999 -9999 -9999 -9999 -9999 -9999 -9999 -9999 -9999 -9999 -9999 -9999 -9999 -9999 -9999 -9999 -9999 -9999 -9999 -9999 -9999
371 370 371 371 372 373 371 373 374 369 373 374 374 374 374 374 374 374 374 373 373 372 369 370 369 368 371 369 354 360 367 370 373 375 375 376 -9999 -9999 -9999 -9999 -9999 -9999 -9999 -9999 -9999 -9999 -9999 -9999 -9999 -9999 -9999 -9999 -9999 -9999 -9999 -9999 -9999 -9999 -9999 -9999 -9999 -9999 -9999 -9999 -9999 -9999 -9999 -9999 -9999 -9999 -9999 -9999 -9999 -9999 -9999 -9999 -9999 -9999 -9999 -9999 -9999 -9999 -9999 -9999 -9999 -9999 -9999 -9999 -9999 -9999 -9999 -9999 -9999 -9999
371 371 370 370 371 371 372 373 369 374 374 374 374 374 374 374 374 374 374 373 373 373 372 372 372 372 371 370 366 361 363 363 370 372 375 376 -9999 -9999 -9999 -9999 -9999 -9999 -9999 -9999 -9999 -9999 -9999 -9999 -9999 -9999 -9999 -9999 -9999 -9999 -9999 -9999 -9999 -9999 -9999 -9999 -9999 -9999 -9999 -9999 -9999 -9999 -9999 -9999 -9999 -9999 -9999 -9999 -9999 -9999 -9999 -9999 -9999 -9999 -9999 -9999 -9999 -9999 -9999 -9999 -9999 -9999 -9999 -9999 -9999 -9999 -9999 -9999 -9999 -9999
372 372 371 370 371 369 372 373 374 374 374 374 374 374 374 374 372 372 373 373 373 373 373 373 372 372 369 367 370 371 362 362 365 370 370 374 -9999 -9999 -9999 -9999 -9999 -9999 -9999 -9999 -9999 -9999 -9999 -9999 -9999 -9999 -9999 -9999 -9999 -9999 -9999 -9999 -9999 -9999 -9999 -9999 -9999 -9999 -9999 -9999 -9999 -9999 -9999 -9999 -9999 -9999 -9999 -9999 -9999 -9999 -9999 -9999 -9999 -9999 -9999 -9999 -9999 -9999 -9999 -9999 -9999 -9999 -9999 -9999 -9999 -9999 -9999 -9999 -9999 -9999
372 371 371 371 369 370 371 371 373 373 373 372 374 373 373 374 373 372 372 372 372 373 373 372 372 372 372 372 371 372 365 368 371 373 372 374 375 376 376 376 -9999 -9999 -9999 -9999 -9999 -9999 -9999 -9999 -9999 -9999 -9999 -9999 -9999 -9999 -9999 -9999 -9999 -9999 -9999 -9999 -9999 -9999 -9999 -9999 -9999 -9999 -9999 -9999 -9999 -9999 -9999 -9999 -9999 -9999 -9999 -9999 -9999 -9999 -9999 -9999 -9999 -9999 -9999 -9999 -9999 -9999 -9999 -9999 -9999 -9999 -9999 -9999 -9999 -9999
371 371 371 370 371 369 370 371 371 372 372 372 371 371 370 372 372 373 372 371 372 372 372 372 372 372 372 373 373 373 373 373 373 374 375 375 377 376 376 377 -9999 -9999 -9999 -9999 -9999 -9999 -9999 -9999 -9999 -9999 -9999 -9999 -9999 -9999 -9999 -9999 -9999 -9999 -9999 -9999 -9999 -9999 -9999 -9999 -9999 -9999 -9999 -9999 -9999 -9999 -9999 -9999 -9999 -9999 -9999 -9999 -9999 -9999 -9999 -9999 -9999 -9999 -9999 -9999 -9999 -9999 -9999 -9999 -9999 -9999 -9999 -9999 -9999 -9999
370 370 370 370 369 370 370 371 370 371 372 372 371 371 371 371 371 372 372 371 371 371 372 371 372 371 372 372 373 373 373 373 374 374 375 376 376 375 376 377 377 378 378 379 380 380 380 382 382 380 -9999 -9999 -9999 -9999 -9999 -9999 -9999 -9999 -9999 -9999 -9999 -9999 -9999 -9999 -9999 -9999 -9999 -9999 -9999 -9999 -9999 -9999 -9999 -9999 -9999 -9999 -9999 -9999 -9999 -9999 -9999 -9999 -9999 -9999 -9999 -9999 -9999 -9999 -9999 -9999 -9999 -9999 -9999 -9999
370 370 370 370 369 369 370 370 370 370 370 371 372 371 370 370 369 370 372 371 371 371 369 371 370 370 371 372 372 373 373 373 374 374 375 375 375 375 376 376 377 377 378 378 380 380 381 381 382 381 -9999 -9999 -9999 -9999 -9999 -9999 -9999 -9999 -9999 -9999 -9999 -9999 -9999 -9999 -9999 -9999 -9999 -9999 -9999 -9999 -9999 -9999 -9999 -9999 -9999 -9999 -9999 -9999 -9999 -9999 -9999 -9999 -9999 -9999 -9999 -9999 -9999 -9999 -9999 -9999 -9999 -9999 -9999 -9999
370 370 369 369 370 369 369 370 370 369 369 370 371 371 369 369 369 369 373 372 371 370 369 370 370 370 370 371 372 372 373 373 374 374 373 374 375 376 376 373 376 377 378 378 379 380 380 381 382 383 384 384 384 385 -9999 -9999 -9999 -9999 -9999 -9999 -9999 -9999 -9999 -9999 -9999 -9999 -9999 -9999 -9999 -9999 -9999 -9999 -9999 -9999 -9999 -9999 -9999 -9999 -9999 -9999 -9999 -9999 -9999 -9999 -9999 -9999 -9999 -9999 -9999 -9999 -9999 -9999 -9999 -9999
370 370 370 369 369 370 369 369 369 369 370 370 371 370 369 370 370 367 368 370 369 370 370 370 369 369 369 370 371 372 372 372 373 373 373 374 374 375 375 374 376 376 377 378 379 380 380 381 382 383 384 385 385 386 -9999 -9999 -9999 -9999 -9999 -9999 -9999 -9999 -9999 -9999 -9999 -9999 -9999 -9999 -9999 -9999 -9999 -9999 -9999 -9999 -9999 -9999 -9999 -9999 -9999 -9999 -9999 -9999 -9999 -9999 -9999 -9999 -9999 -9999 -9999 -9999 -9999 -9999 -9999 -9999
370 369 370 370 370 369 369 369 369 369 369 370 370 370 369 370 370 369 370 366 369 370 369 370 370 370 370 370 371 371 371 372 372 372 373 373 374 373 373 376 376 375 376 377 379 380 380 381 382 383 385 385 387 387 -9999 -9999 -9999 -9999 -9999 -9999 -9999 -9999 -9999 -9999 -9999 -9999 -9999 -9999 -9999 -9999 -9999 -9999 -9999 -9999 -9999 -9999 -9999 -9999 -9999 -9999 -9999 -9999 -9999 -9999 -9999 -9999 -9999 -9999 -9999 -9999 -9999 -9999 -9999 -9999
369 369 369 369 370 369 369 369 369 369 369 369 369 369 369 370 370 370 370 370 369 370 369 369 369 369 369 370 370 370 370 370 370 371 372 372 372 372 373 375 375 375 376 376 378 379 379 381 380 384 385 387 387 388 -9999 -9999 -9999 -9999 -9999 -9999 -9999 -9999 -9999 -9999 -9999 -9999 -9999 -9999 -9999 -9999 -9999 -9999 -9999 -9999 -9999 -9999 -9999 -9999 -9999 -9999 -9999 -9999 -9999 -9999 -9999 -9999 -9999 -9999 -9999 -9999 -9999 -9999 -9999 -9999
369 368 369 369 370 369 369 369 368 368 369 369 369 369 369 369 369 369 370 370 371 369 369 369 370 369 369 369 369 370 370 370 370 369 370 370 371 372 373 373 374 375 374 376 377 378 380 381 382 384 385 384 386 389 390 391 391 392 392 393 392 391 389 386 -9999 -9999 -9999 -9999 -9999 -9999 -9999 -9999 -9999 -9999 -9999 -9999 -9999 -9999 -9999 -9999 -9999 -9999 -9999 -9999 -9999 -9999 -9999 -9999 -9999 -9999 -9999 -9999 -9999 -9999
368 368 368 369 369 369 368 368 368 368 369 369 368 369 369 369 369 369 369 369 371 370 370 369 369 368 368 368 368 368 369 369 369 368 368 370 371 371 373 373 372 373 374 375 376 377 379 380 382 383 384 387 388 389 391 393 393 393 393 394 394 393 392 391 -9999 -9999 -9999 -9999 -9999 -9999 -9999 -9999 -9999 -9999 -9999 -9999 -9999 -9999 -9999 -9999 -9999 -9999 -9999 -9999 -9999 -9999 -9999 -9999 -9999 -9999 -9999 -9999 -9999 -9999
368 368 368 368 368 369 368 368 368 368 368 368 368 368 369 369 369 369 369 369 370 369 369 368 368 368 368 368 368 367 369 369 368 368 369 369 370 370 371 370 371 372 373 374 375 376 377 379 381 383 385 386 388 390 393 394 394 395 395 395 394 394 392 392 391 390 -9999 -9999 -9999 -9999 -9999 -9999 -9999 -9999 -9999 -9999 -9999 -9999 -9999 -9999 -9999 -9999 -9999 -9999 -9999 -9999 -9999 -9999 -9999 -9999 -9999 -9999 -9999 -9999
368 367 368 368 368 368 368 368 368 368 368 368 368 368 368 368 368 368 369 369 370 368 368 368 367 367 367 367 368 367 368 368 368 368 369 369 369 369 370 370 371 371 372 373 373 373 376 378 380 382 383 387 389 391 394 395 396 396 397 395 395 395 394 392 392 390 -9999 -9999 -9999 -9999 -9999 -9999 -9999 -9999 -9999 -9999 -9999 -9999 -9999 -9999 -9999 -9999 -9999 -9999 -9999 -9999 -9999 -9999 -9999 -9999 -9999 -9999 -9999 -9999
367 367 367 368 368 368 368 368 368 368 368 368 368 368 368 368 367 368 369 369 369 368 368 367 367 367 367 367 367 366 368 368 368 367 367 368 368 368 368 369 369 370 371 372 372 372 374 376 379 381 383 386 388 392 395 397 398 398 398 398 397 396 395 393 391 388 388 387 -9999 -9999 -9999 -9999 -9999 -9999 -9999 -9999 -9999 -9999 -9999 -9999 -9999 -9999 -9999 -9999 -9999 -9999 -9999 -9999 -9999 -9999 -9999 -9999 -9999 -9999
368 367 367 367 368 368 367 367 367 367 368 368 367 368 367 367 368 368 369 368 368 368 367 367 367 367 367 367 367 366 366 367 367 367 367 367 367 367 368 368 368 369 369 370 370 371 373 375 377 380 382 384 388 391 395 397 398 400 400 399 397 396 395 394 391 387 388 388 -9999 -9999 -9999 -9999 -9999 -9999 -9999 -9999 -9999 -9999 -9999 -9999 -9999 -9999 -9999 -9999 -9999 -9999 -9999 -9999 -9999 -9999 -9999 -9999 -9999 -9999
367 367 367 367 367 367 367 367 367 367 367 367 367 367 367 367 368 367 368 368 367 366 367 367 367 366 366 366 367 366 367 367 367 367 367 367 366 366 367 367 367 367 368 369 368 370 371 373 375 378 381 383 387 391 395 398 400 401 400 399 397 396 394 392 391 390 389 388 387 385 385 384 -9999 -9999 -9999 -9999 -9999 -9999 -9999 -9999 -9999 -9999 -9999 -9999 -9999 -9999 -9999 -9999 -9999 -9999 -9999 -9999 -9999 -9999
367 367 367 366 367 367 367 367 367 367 367 367 367 367 367 367 368 369 368 367 368 367 367 366 366 366 366 366 366 366 366 365 366 366 366 366 366 365 365 366 365 366 367 367 367 368 369 370 372 374 378 381 384 388 393 397 399 400 399 398 396 394 393 392 390 390 386 387 386 384 385 384 -9999 -9999 -9999 -9999 -9999 -9999 -9999 -9999 -9999 -9999 -9999 -9999 -9999 -9999 -9999 -9999 -9999 -9999 -9999 -9999 -9999 -9999
367 367 366 366 366 367 367 367 366 367 367 367 367 367 367 367 368 368 367 366 366 366 366 366 366 366 366 366 366 366 365 365 365 365 366 365 365 365 364 364 364 364 365 365 365 365 366 367 368 370 373 376 380 384 389 394 396 397 396 396 394 392 391 390 388 389 387 385 385 383 383 382 382 381 380 379 -9999 -9999 -9999 -9999 -9999 -9999 -9999 -9999 -9999 -9999 -9999 -9999 -9999 -9999 -9999 -9999 -9999 -9999
366 367 366 366 366 367 366 366 366 367 367 367 367 367 368 368 368 368 367 367 366 366 366 366 365 365 365 366 366 365 365 364 365 365 364 364 364 364 364 364 364 363 363 363 363 363 363 363 364 366 368 370 374 379 383 388 391 392 392 392 391 390 389 388 386 387 385 385 383 381 381 379 380 379 379 378 -9999 -9999 -9999 -9999 -9999 -9999 -9999 -9999 -9999 -9999 -9999 -9999 -9999 -9999 -9999 -9999 -9999 -9999
366 366 366 365 365 366 366 366 366 366 367 367 367 368 368 367 367 368 367 366 366 366 366 365 365 365 365 365 365 365 364 364 364 364 363 363 363 364 363 363 363 362 362 362 362 361 361 361 362 361 363 364 368 373 377 381 385 387 388 388 388 388 387 387 386 385 383 382 381 380 379 379 379 377 376 377 377 378 378 377 -9999 -9999 -9999 -9999 -9999 -9999 -9999 -9999 -9999 -9999 -9999 -9999 -9999 -9999
365 365 366 365 365 365 366 366 366 366 367 366 367 368 367 367 367 367 367 367 367 366 366 366 365 365 365 365 365 365 364 363 363 363 362 362 361 362 362 362 362 362 361 361 361 360 359 359 359 359 359 361 364 367 371 375 379 381 383 384 385 385 385 385 383 382 381 380 379 379 379 378 377 377 375 376 376 377 376 376 -9999 -9999 -9999 -9999 -9999 -9999 -9999 -9999 -9999 -9999 -9999 -9999 -9999 -9999
366 365 365 365 365 365 365 366 366 366 366 366 366 367 367 366 367 367 366 366 366 367 366 366 365 365 364 364 364 364 363 362 362 362 362 361 361 360 361 361 360 361 360 360 359 359 359 358 357 357 357 357 361 363 367 371 374 376 378 380 382 382 383 381 381 379 379 378 377 377 377 376 376 376 375 376 376 375 375 375 375 376 -9999 -9999 -9999 -9999 -9999 -9999 -9999 -9999 -9999 -9999 -9999 -9999
365 365 365 365 365 365 365 365 365 365 366 366 367 366 366 366 366 367 366 366 366 366 366 366 365 365 364 364 364 364 363 361 361 361 360 360 359 359 359 360 360 360 359 359 359 359 358 356 356 356 357 357 360 362 365 367 370 373 375 377 379 379 379 379 380 379 377 376 376 375 375 374 375 374 374 374 374 373 373 374 375 375 -9999 -9999 -9999 -9999 -9999 -9999 -9999 -9999 -9999 -9999 -9999 -9999
365 365 364 364 364 365 363 365 365 365 366 366 366 366 366 365 366 366 366 366 365 365 365 365 365 364 363 363 363 363 362 361 360 360 358 358 358 358 358 358 358 358 359 359 360 359 359 358 357 357 357 358 359 360 363 366 369 371 373 375 375 376 374 377 375 375 376 376 375 374 374 374 373 374 375 373 373 372 373 374 374 375 374 374 -9999 -9999 -9999 -9999 -9999 -9999 -9999 -9999 -9999 -9999
365 365 365 364 365 365 365 365 365 365 366 366 365 365 365 365 365 365 366 365 365 365 365 364 364 363 363 363 362 362 361 360 359 358 358 357 357 356 356 356 357 357 358 358 359 359 359 359 357 358 358 358 360 361 364 366 368 371 372 374 374 374 375 376 376 375 374 373 373 373 373 373 374 373 374 372 372 373 373 373 374 374 373 372 -9999 -9999 -9999 -9999 -9999 -9999 -9999 -9999 -9999 -9999
364 364 363 363 365 365 365 365 365 365 366 365 365 364 365 364 365 365 364 365 364 364 364 364 363 363 363 362 362 361 361 359 359 358 357 356 356 355 355 355 355 356 357 358 358 359 359 359 359 359 358 359 361 362 364 366 368 370 372 372 373 373 374 374 374 373 372 371 371 372 372 372 372 372 372 371 371 372 372 373 373 373 372 372 -9999 -9999 -9999 -9999 -9999 -9999 -9999 -9999 -9999 -9999
