sesion_6_simulaciones/modelos_distribucion_especies/ejemplo/variables/futuro_B2/2060/PA.asc
ncols 708
nrows 329
xllcorner -7.525000
yllcorner 35.991667
cellsize 0.008333
NODATA_value -9999
[rows 84 to 125 of 329, columns 564 to 657 of 708]
734 719 682 644 630 631 663 664 686 704 703 702 702 703 706 700 692 686 679 665 656 650 641 649 654 652 660 661 658 661 676 679 654 690 675 684 674 662 642 631 593 577 558 549 549 533 524 495 485 468 -9999 -9999 -9999 -9999 -9999 -9999 -9999 -9999 -9999 -9999 -9999 -9999 -9999 -9999 -9999 -9999 -9999 -9999 -9999 -9999 -9999 -9999 -9999 -9999 -9999 -9999 -9999 -9999 -9999 -9999 -9999 -9999 -9999 -9999 -9999 -9999 -9999 -9999 -9999 -9999 -9999 -9999 -9999 -9999
822 789 760 730 738 762 734 743 723 719 716 709 698 699 689 686 680 671 672 657 655 642 645 650 650 659 661 661 664 667 675 687 679 682 675 670 666 630 617 612 573 564 548 550 536 534 514 493 493 463 -9999 -9999 -9999 -9999 -9999 -9999 -9999 -9999 -9999 -9999 -9999 -9999 -9999 -9999 -9999 -9999 -9999 -9999 -9999 -9999 -9999 -9999 -9999 -9999 -9999 -9999 -9999 -9999 -9999 -9999 -9999 -9999 -9999 -9999 -9999 -9999 -9999 -9999 -9999 -9999 -9999 -9999 -9999 -9999
872 793 804 807 779 797 774 748 744 734 733 718 712 692 694 686 682 668 659 670 644 647 647 657 646 654 655 659 667 672 686 668 663 651 659 637 620 602 589 583 552 549 536 530 508 506 493 481 470 451 460 439 441 436 427 415 399 399 -9999 -9999 -9999 -9999 -9999 -9999 -9999 -9999 -9999 -9999 -9999 -9999 -9999 -9999 -9999 -9999 -9999 -9999 -9999 -9999 -9999 -9999 -9999 -9999 -9999 -9999 -9999 -9999 -9999 -9999 -9999 -9999 -9999 -9999 -9999 -9999
844 795 840 824 843 799 780 762 763 746 732 712 702 697 694 688 682 672 674 655 669 644 665 647 636 651 638 656 654 660 655 647 635 624 624 599 580 576 573 550 536 533 503 504 491 476 472 460 455 452 456 463 435 417 396 384 389 384 -9999 -9999 -9999 -9999 -9999 -9999 -9999 -9999 -9999 -9999 -9999 -9999 -9999 -9999 -9999 -9999 -9999 -9999 -9999 -9999 -9999 -9999 -9999 -9999 -9999 -9999 -9999 -9999 -9999 -9999 -9999 -9999 -9999 -9999 -9999 -9999
815 839 835 831 835 809 788 780 762 744 725 716 705 707 701 705 685 691 673 660 663 651 664 658 653 631 614 609 617 630 630 609 611 593 579 563 543 540 541 527 520 501 485 468 462 447 449 449 431 447 456 456 441 429 413 391 378 369 367 366 368 379 -9999 -9999 -9999 -9999 -9999 -9999 -9999 -9999 -9999 -9999 -9999 -9999 -9999 -9999 -9999 -9999 -9999 -9999 -9999 -9999 -9999 -9999 -9999 -9999 -9999 -9999 -9999 -9999 -9999 -9999 -9999 -9999
821 817 840 854 830 823 796 783 761 748 731 717 712 711 702 717 684 693 674 666 662 656 671 681 632 614 578 581 573 591 574 572 590 561 546 534 514 504 497 494 492 478 462 456 433 434 415 421 418 415 432 412 415 408 396 385 369 366 358 350 350 346 -9999 -9999 -9999 -9999 -9999 -9999 -9999 -9999 -9999 -9999 -9999 -9999 -9999 -9999 -9999 -9999 -9999 -9999 -9999 -9999 -9999 -9999 -9999 -9999 -9999 -9999 -9999 -9999 -9999 -9999 -9999 -9999
809 840 841 864 837 824 808 782 762 744 735 721 720 710 710 713 702 688 679 670 668 666 663 654 619 584 554 536 542 544 557 554 534 511 516 495 483 484 472 481 470 456 444 431 410 410 403 392 389 391 392 398 390 381 385 384 382 354 354 342 335 332 328 318 -9999 -9999 -9999 -9999 -9999 -9999 -9999 -9999 -9999 -9999 -9999 -9999 -9999 -9999 -9999 -9999 -9999 -9999 -9999 -9999 -9999 -9999 -9999 -9999 -9999 -9999 -9999 -9999 -9999 -9999
884 832 851 863 837 830 803 778 759 743 730 731 723 723 704 712 710 694 683 663 685 656 646 615 577 542 523 525 525 536 557 551 537 525 511 493 468 458 455 463 456 449 439 424 405 389 377 371 369 377 378 360 370 376 385 390 378 376 353 332 323 320 315 310 -9999 -9999 -9999 -9999 -9999 -9999 -9999 -9999 -9999 -9999 -9999 -9999 -9999 -9999 -9999 -9999 -9999 -9999 -9999 -9999 -9999 -9999 -9999 -9999 -9999 -9999 -9999 -9999 -9999 -9999
886 867 835 849 847 817 791 769 755 740 733 733 732 724 710 698 705 695 675 686 644 614 595 560 536 518 503 514 534 564 579 601 595 552 517 478 457 440 442 445 457 453 439 422 402 380 368 359 355 357 357 354 358 354 374 356 372 342 334 319 313 309 306 307 -9999 -9999 -9999 -9999 -9999 -9999 -9999 -9999 -9999 -9999 -9999 -9999 -9999 -9999 -9999 -9999 -9999 -9999 -9999 -9999 -9999 -9999 -9999 -9999 -9999 -9999 -9999 -9999 -9999 -9999
886 832 845 817 830 811 781 768 756 748 754 729 724 717 701 699 703 673 655 632 593 597 547 528 506 501 500 506 543 581 635 635 618 570 509 480 450 422 430 446 462 467 473 453 427 391 362 354 353 347 340 340 350 341 351 339 326 301 310 305 301 299 295 298 -9999 -9999 -9999 -9999 -9999 -9999 -9999 -9999 -9999 -9999 -9999 -9999 -9999 -9999 -9999 -9999 -9999 -9999 -9999 -9999 -9999 -9999 -9999 -9999 -9999 -9999 -9999 -9999 -9999 -9999
875 839 841 816 815 785 778 760 755 767 745 740 703 704 712 719 710 682 646 597 567 545 515 504 478 474 493 510 549 621 620 645 597 540 503 452 434 423 415 420 440 494 485 491 460 386 361 352 351 341 332 335 332 342 327 310 307 299 294 292 290 287 286 286 291 285 298 297 -9999 -9999 -9999 -9999 -9999 -9999 -9999 -9999 -9999 -9999 -9999 -9999 -9999 -9999 -9999 -9999 -9999 -9999 -9999 -9999 -9999 -9999 -9999 -9999 -9999 -9999
890 855 842 833 799 796 801 760 761 756 737 713 686 699 724 728 701 671 593 559 532 510 493 470 461 461 471 502 540 544 599 570 536 499 474 457 444 409 427 406 448 470 471 469 410 412 366 350 372 335 327 313 314 311 305 295 288 284 281 280 279 277 278 281 287 291 294 300 -9999 -9999 -9999 -9999 -9999 -9999 -9999 -9999 -9999 -9999 -9999 -9999 -9999 -9999 -9999 -9999 -9999 -9999 -9999 -9999 -9999 -9999 -9999 -9999 -9999 -9999
882 856 859 830 824 814 783 787 753 739 678 703 692 720 732 699 688 623 578 530 501 479 472 451 453 443 457 482 509 503 516 506 490 467 454 417 415 426 411 396 385 433 418 419 415 385 358 337 349 331 305 303 303 298 293 285 282 281 277 271 269 269 274 283 278 285 285 299 -9999 -9999 -9999 -9999 -9999 -9999 -9999 -9999 -9999 -9999 -9999 -9999 -9999 -9999 -9999 -9999 -9999 -9999 -9999 -9999 -9999 -9999 -9999 -9999 -9999 -9999
875 873 862 842 856 805 798 757 750 678 684 667 692 695 712 691 637 582 527 497 476 457 438 414 420 429 448 462 483 483 476 467 450 434 419 408 423 419 396 387 394 394 395 375 374 355 330 324 307 294 287 294 291 287 286 290 274 262 273 263 260 262 267 269 279 277 285 299 -9999 -9999 -9999 -9999 -9999 -9999 -9999 -9999 -9999 -9999 -9999 -9999 -9999 -9999 -9999 -9999 -9999 -9999 -9999 -9999 -9999 -9999 -9999 -9999 -9999 -9999
861 882 883 862 801 817 767 725 701 655 645 680 717 717 708 653 580 538 501 464 442 420 415 403 401 411 422 424 440 460 449 434 414 405 401 394 389 389 379 362 369 379 394 370 356 332 310 295 283 277 274 274 277 279 277 281 277 262 256 254 253 254 257 261 262 269 280 293 298 309 303 303 -9999 -9999 -9999 -9999 -9999 -9999 -9999 -9999 -9999 -9999 -9999 -9999 -9999 -9999 -9999 -9999 -9999 -9999 -9999 -9999 -9999 -9999
856 879 853 835 818 757 750 701 635 649 645 693 703 705 641 594 536 492 464 442 414 403 391 384 383 397 418 418 406 421 404 388 390 382 378 375 376 374 351 345 351 362 371 369 338 318 298 287 274 266 264 264 270 267 269 240 255 248 246 245 245 245 246 248 252 256 273 280 281 288 285 258 -9999 -9999 -9999 -9999 -9999 -9999 -9999 -9999 -9999 -9999 -9999 -9999 -9999 -9999 -9999 -9999 -9999 -9999 -9999 -9999 -9999 -9999
871 875 848 828 789 753 688 672 618 596 623 691 660 649 588 536 488 455 436 410 395 382 368 361 379 381 386 391 379 366 362 358 356 358 368 379 372 347 343 315 315 336 358 346 335 301 282 272 261 257 254 255 258 259 248 248 242 240 239 237 237 237 237 240 246 245 264 266 278 273 276 267 264 264 264 265 263 -9999 -9999 -9999 -9999 260 257 261 -9999 -9999 -9999 -9999 -9999 -9999 -9999 -9999 -9999 -9999
888 870 827 784 746 714 704 603 603 550 613 630 641 602 554 497 463 433 405 389 373 364 348 346 350 360 346 347 340 337 336 337 341 351 382 370 369 344 311 302 298 309 333 342 340 291 269 257 252 248 245 242 242 238 237 236 235 235 232 232 231 231 231 235 240 241 249 254 258 266 271 257 263 260 261 259 261 256 -9999 -9999 257 257 258 242 -9999 -9999 -9999 -9999 -9999 -9999 -9999 -9999 -9999 -9999
873 831 823 814 782 737 600 571 549 538 580 630 589 562 521 471 446 415 389 366 349 349 340 338 330 329 325 319 317 315 319 322 333 358 369 372 346 308 288 285 286 298 325 328 312 285 258 247 242 239 236 234 233 231 230 229 229 232 232 229 228 225 225 228 232 239 242 238 239 235 244 251 253 244 250 242 245 247 246 242 241 245 238 229 -9999 -9999 -9999 -9999 -9999 -9999 -9999 -9999 -9999 -9999
837 794 767 753 704 648 594 564 512 555 583 579 569 532 500 452 441 410 383 353 337 326 324 314 316 306 301 300 298 305 305 318 333 359 341 343 295 285 272 273 278 289 314 312 296 266 238 239 232 230 228 227 226 226 224 223 223 223 225 226 224 223 224 220 224 227 228 228 227 223 231 231 236 240 243 245 240 240 225 237 238 232 233 238 -9999 -9999 -9999 -9999 -9999 -9999 -9999 -9999 -9999 -9999
788 775 707 697 622 607 556 531 568 595 582 561 536 503 462 466 439 413 376 349 314 305 309 305 296 290 290 286 286 289 300 321 322 347 331 297 278 263 264 274 289 309 307 311 271 251 231 231 225 222 221 219 218 218 217 216 218 221 223 224 225 224 222 223 224 223 228 228 228 233 230 233 229 232 233 243 246 234 245 233 235 230 233 222 237 214 231 231 217 224 213 213 209 207
790 738 725 670 623 534 519 522 561 573 544 519 475 457 467 424 442 416 383 324 315 296 295 288 286 291 296 282 279 283 303 297 330 325 308 280 257 258 264 284 327 331 321 291 261 239 217 222 218 215 213 212 210 211 211 212 216 216 220 224 227 226 221 221 222 220 224 230 223 233 224 230 230 228 233 236 244 240 240 243 233 247 243 251 242 245 227 222 213 213 212 182 194 193
763 715 696 614 550 498 487 512 510 524 470 470 445 446 433 412 425 364 338 306 298 298 295 293 294 313 293 278 278 294 295 304 323 285 280 252 242 253 277 307 343 339 305 271 246 226 217 213 210 207 206 206 205 207 207 209 212 214 219 223 223 221 218 218 216 218 218 219 221 220 221 222 222 226 232 239 246 250 251 248 246 256 255 262 260 259 248 226 240 225 209 200 193 189
757 668 630 596 544 458 458 478 465 455 431 422 420 432 405 385 340 338 295 287 283 293 300 306 335 285 295 269 280 277 297 313 289 283 254 237 242 257 282 308 301 314 269 247 225 212 208 205 202 200 198 196 199 201 207 207 209 213 216 217 217 217 216 215 214 214 214 214 213 214 214 217 219 224 231 236 243 245 248 260 266 271 269 271 276 265 246 248 237 228 218 210 203 192
686 626 600 526 489 451 431 442 438 418 404 398 388 394 347 337 316 289 282 267 283 280 302 310 313 291 262 256 252 274 279 259 268 250 235 227 227 251 253 280 281 274 240 226 212 203 199 196 194 191 190 190 190 194 194 202 204 207 213 213 213 214 214 214 213 212 210 210 209 211 213 215 221 224 231 237 243 243 264 260 274 272 271 256 255 241 224 225 224 208 199 200 205 190
630 582 526 492 446 442 420 415 405 388 378 368 354 342 328 308 290 276 280 271 270 268 280 279 272 253 244 244 245 246 247 247 237 229 222 222 220 231 251 249 248 243 228 212 203 197 192 189 186 185 182 181 181 185 189 197 203 205 207 210 210 212 215 213 212 210 208 207 207 208 215 216 221 230 233 231 235 227 255 247 257 245 248 245 234 223 212 211 211 195 198 195 184 178
572 525 483 446 408 402 415 392 382 368 352 339 329 322 321 308 291 265 272 255 258 261 250 256 243 239 236 236 236 231 227 225 223 219 215 213 213 218 231 234 233 231 220 209 198 191 186 182 179 176 174 174 174 178 185 193 193 201 204 207 212 214 216 212 212 208 207 206 209 210 211 219 220 221 223 223 215 211 221 216 228 233 220 213 205 201 191 195 193 199 190 187 180 177
525 484 443 429 418 392 388 371 367 353 340 326 317 323 298 320 286 255 263 249 255 255 251 239 233 232 231 229 228 223 219 219 217 214 210 204 208 205 213 221 226 222 219 205 195 189 184 180 175 172 170 169 172 176 180 183 192 193 199 207 211 211 213 210 208 205 206 204 206 211 210 208 213 208 205 202 200 202 202 199 206 203 198 197 194 186 191 182 185 181 181 183 178 180
497 465 438 405 397 364 345 358 343 343 330 319 310 310 300 298 275 252 241 253 256 249 242 233 231 228 229 226 223 219 217 215 212 209 204 199 201 203 204 213 216 217 211 197 191 187 179 174 172 168 167 168 169 168 177 180 192 196 199 206 205 207 203 207 203 206 206 209 211 216 213 211 210 200 195 191 190 192 190 191 187 187 186 185 184 181 179 181 178 181 180 180 185 191
477 452 425 418 363 358 337 336 340 338 328 321 304 298 285 280 260 246 240 255 251 245 235 231 227 225 222 222 219 216 213 210 209 206 200 197 195 200 206 205 207 203 197 193 184 182 175 174 166 167 163 163 164 171 172 177 190 195 200 198 200 201 202 201 202 205 210 213 213 216 221 213 207 201 194 187 185 187 184 183 186 192 197 195 190 186 183 187 198 196 193 198 210 200
455 442 422 383 353 345 314 336 348 333 329 318 305 287 278 272 256 246 239 250 246 242 233 228 221 222 219 216 217 214 211 206 204 199 194 197 194 195 198 198 200 196 191 180 177 172 167 166 164 161 158 159 163 162 169 184 180 187 195 192 193 197 199 203 207 209 217 218 223 228 224 222 210 199 199 194 190 187 180 186 193 209 236 239 224 207 194 196 205 212 207 217 220 226
420 430 410 380 363 333 335 352 328 336 326 320 303 290 273 273 252 240 238 243 239 238 229 224 216 215 214 213 210 211 209 204 199 192 189 190 198 196 195 196 195 190 183 173 170 169 167 165 161 159 160 157 166 166 170 176 187 188 192 187 198 202 206 211 215 219 224 225 229 229 228 221 218 212 204 205 199 192 190 192 203 233 271 294 263 221 205 197 204 215 214 225 224 227
418 401 384 359 342 334 332 339 336 326 326 313 298 292 277 264 250 235 246 235 235 229 222 218 215 214 210 209 208 206 202 199 191 187 186 188 195 200 198 197 194 186 180 174 168 168 165 166 159 162 158 162 163 172 179 181 188 194 191 201 197 202 211 217 223 226 230 230 236 235 233 234 220 223 213 215 200 194 196 201 212 239 268 275 279 238 214 200 208 203 230 238 258 258
395 383 380 349 336 340 334 338 330 324 316 316 302 288 274 261 251 241 237 224 227 221 219 212 210 205 207 208 205 201 199 191 187 183 182 187 187 194 195 193 193 184 176 166 164 165 169 166 164 163 162 164 166 172 178 186 191 198 201 202 204 215 221 224 231 231 237 237 243 240 240 238 232 226 218 213 204 199 197 205 213 218 236 252 235 222 208 210 214 225 228 244 255 257
389 372 360 343 343 339 346 336 327 319 312 305 294 280 270 262 251 240 226 224 216 217 212 209 210 207 205 207 204 193 186 193 186 185 179 174 188 191 190 187 185 176 173 172 172 173 173 174 171 169 169 168 172 178 181 185 190 196 195 204 204 211 223 221 231 225 236 233 241 245 243 236 223 215 212 206 202 203 209 204 212 219 228 226 219 214 207 217 227 245 246 259 241 241
366 365 347 348 342 352 345 334 325 316 309 302 292 281 266 257 243 237 230 217 215 206 208 203 201 199 205 194 196 196 198 180 189 182 179 180 181 177 177 175 172 172 171 182 178 180 182 182 180 180 179 178 176 182 186 188 192 194 193 198 201 209 216 216 217 218 223 229 237 248 245 244 227 210 224 212 218 207 211 222 220 230 230 246 229 226 223 226 238 248 245 239 204 231
345 350 349 341 347 350 342 332 323 317 307 299 289 277 264 252 240 235 223 222 210 205 202 198 195 196 200 199 192 202 200 197 198 189 178 169 172 180 177 176 172 171 178 186 188 185 185 189 191 192 191 192 193 194 192 192 194 195 196 196 200 205 207 210 213 216 218 221 228 244 256 244 247 229 234 221 229 233 232 222 228 234 237 231 228 224 227 219 219 204 221 214 223 237
347 323 339 327 348 347 338 329 321 313 304 296 285 271 263 252 240 232 226 216 210 200 203 200 201 204 209 199 200 208 199 200 196 189 187 181 182 179 179 183 180 182 181 187 192 195 194 196 194 196 201 206 199 201 198 200 201 201 200 200 204 205 208 211 216 217 223 230 235 245 249 249 247 248 242 240 252 248 246 241 244 240 231 225 221 215 210 213 213 202 195 204 236 266
340 334 320 324 334 340 335 327 320 310 302 290 285 273 257 247 236 231 223 209 208 204 197 203 203 199 211 212 218 211 207 202 195 189 183 181 183 188 192 198 191 194 193 201 212 221 228 215 202 202 204 210 213 210 206 206 205 204 204 205 206 208 209 212 218 219 227 229 234 244 247 250 252 253 259 262 260 253 259 257 255 253 241 242 234 229 220 216 217 209 201 205 232 255
345 325 311 308 320 327 325 320 316 306 297 286 275 265 258 244 236 232 223 212 204 202 203 203 205 223 216 221 218 215 207 200 194 187 184 182 182 183 190 198 180 198 200 208 222 238 249 236 221 211 209 212 215 213 213 211 209 208 208 208 208 210 211 215 216 220 225 228 236 242 236 251 257 266 269 265 271 268 268 273 273 271 271 259 259 252 231 239 232 213 201 195 206 221
348 315 307 301 298 303 310 303 303 299 287 279 271 261 255 244 238 227 219 212 210 204 217 206 218 222 215 217 219 215 208 201 194 190 187 183 182 182 185 189 194 199 209 225 227 243 250 230 237 219 225 219 221 220 219 216 214 213 212 211 211 211 213 215 219 222 227 235 242 246 252 261 276 285 291 296 297 292 297 308 312 312 279 266 264 273 258 251 228 218 196 192 190 191
336 322 305 292 281 283 290 294 294 289 279 273 261 257 250 241 232 224 214 214 213 217 218 215 220 212 217 219 218 212 208 201 198 193 189 187 186 187 188 192 198 207 225 257 252 254 243 254 247 241 232 225 227 226 223 222 220 219 218 216 215 215 215 217 223 232 243 243 261 275 278 285 305 300 357 347 338 346 357 367 345 330 309 298 299 298 279 254 248 232 212 197 189 184
