sesion_6_simulaciones/modelos_distribucion_especies/ejemplo/variables/futuro_B2/2060/PA.asc
ncols 708
nrows 329
xllcorner -7.525000
yllcorner 35.991667
cellsize 0.008333
NODATA_value -9999
[rows 42 to 83 of 329, columns 282 to 375 of 708]
447 452 451 446 445 446 447 446 447 446 449 452 452 449 441 438 434 424 417 405 396 393 390 386 386 387 390 392 400 401 408 409 410 411 413 410 411 412 414 415 416 418 417 420 424 428 433 436 441 446 449 450 448 443 442 438 437 435 432 422 417 409 402 396 392 391 389 386 381 380 381 382 389 392 404 411 418 422 425 430 432 443 450 456 456 459 461 469 476 481 -9999 -9999 -9999 -9999
455 452 454 449 449 449 446 449 447 447 447 450 446 447 442 438 432 425 416 408 401 397 392 388 390 391 393 397 401 406 409 412 416 415 413 410 410 409 411 414 417 419 419 423 427 432 436 441 447 448 448 449 445 447 446 448 446 446 438 430 420 410 403 395 389 384 383 375 375 375 374 379 381 388 399 407 414 417 424 426 434 444 448 453 452 460 465 476 477 488 -9999 -9999 -9999 -9999
451 450 452 452 453 453 452 450 448 447 447 446 445 444 442 438 431 424 417 410 403 399 394 391 391 393 396 399 402 405 409 415 417 414 421 413 412 409 414 417 421 423 424 427 433 436 443 446 451 451 452 450 449 450 451 459 454 453 449 438 431 420 411 400 390 384 375 372 368 372 370 371 377 385 397 404 415 412 422 431 439 444 447 449 455 461 469 477 485 490 492 489 491 501
455 454 452 458 462 459 453 452 452 449 446 443 446 445 442 436 431 424 417 411 404 402 397 396 393 395 397 400 405 407 409 410 411 417 417 415 414 414 418 423 425 427 431 433 437 443 447 450 452 454 454 453 454 458 462 463 464 462 456 447 439 430 423 414 401 390 380 376 372 369 368 370 375 388 396 406 411 415 425 434 439 444 447 450 457 465 470 478 489 492 492 497 495 503
457 456 461 468 463 460 461 459 455 450 446 442 445 445 443 439 431 424 418 411 409 395 399 397 396 395 398 401 404 408 408 407 408 412 415 418 417 418 423 428 432 434 437 440 445 448 451 453 453 453 456 459 462 464 468 473 476 474 469 462 450 446 435 425 417 409 394 386 378 373 371 373 379 390 401 406 412 417 424 435 440 447 451 452 462 469 477 482 491 493 492 500 504 507
451 453 452 459 461 457 457 463 458 457 448 448 446 444 443 439 433 425 420 415 411 403 402 404 398 396 396 398 405 407 411 407 410 409 414 419 423 423 427 434 437 442 445 447 450 453 454 455 458 461 463 467 470 473 479 480 484 483 481 480 470 461 454 448 435 423 412 402 393 385 381 382 388 394 402 410 413 420 428 436 444 449 454 458 471 476 484 488 493 499 496 505 506 514
443 443 450 444 464 453 447 468 468 466 463 453 450 449 445 443 434 429 423 418 414 412 410 407 399 400 400 400 408 411 413 412 410 407 412 423 423 429 435 440 446 448 452 455 458 460 461 463 465 466 470 478 479 483 485 488 490 493 495 492 489 484 477 465 455 443 430 420 407 403 397 395 400 405 410 416 419 425 432 442 447 456 459 469 476 484 489 497 502 501 504 508 514 521
442 447 444 443 452 449 462 466 469 470 468 466 460 455 453 445 439 432 430 425 421 418 412 409 407 404 404 405 409 413 416 416 414 409 411 420 422 435 444 448 453 456 459 461 463 467 469 473 471 473 478 485 489 491 492 494 498 502 505 507 507 503 497 485 474 460 447 434 425 418 413 411 411 419 423 427 431 433 444 452 461 463 472 477 484 495 498 502 507 509 513 515 520 531
443 445 434 445 455 461 472 472 475 482 477 469 459 472 463 453 448 440 435 432 427 423 419 416 414 411 405 406 410 417 422 420 411 415 416 420 433 435 446 454 459 460 461 464 468 472 475 477 478 479 484 487 493 496 495 501 504 514 516 519 519 517 510 500 486 476 462 451 442 434 427 422 423 431 437 444 445 448 454 460 467 476 480 487 497 503 508 509 516 518 518 520 530 536
437 436 440 445 444 467 454 465 469 479 478 480 483 473 481 475 461 454 450 441 436 431 426 424 418 417 414 405 413 415 418 424 412 418 420 429 431 442 448 454 461 466 466 467 468 473 478 481 481 481 484 489 496 499 499 504 513 519 524 528 529 529 522 513 501 489 479 469 461 450 444 437 441 444 458 458 461 463 467 473 479 486 492 498 506 511 516 523 525 526 528 529 534 541
435 432 436 446 454 460 467 478 481 483 491 488 494 481 494 478 475 470 460 463 450 440 433 428 426 423 415 417 417 416 416 420 416 419 422 425 437 447 447 454 460 460 467 470 470 475 480 483 480 481 484 486 495 501 504 505 511 520 528 534 537 536 534 524 512 502 491 485 476 467 458 454 449 460 465 473 474 477 479 484 490 497 504 508 515 522 527 532 535 541 540 543 546 547
435 436 442 455 464 465 479 483 479 487 480 480 489 494 497 487 485 485 482 473 466 453 445 436 432 432 427 427 415 420 424 418 416 416 423 439 444 453 454 455 457 459 468 469 476 476 483 484 483 483 485 488 493 501 502 505 512 519 530 537 542 544 541 531 523 514 504 492 485 475 470 466 465 473 473 481 479 485 491 495 500 507 513 517 522 528 533 538 543 547 550 552 558 559
436 440 441 450 464 481 470 470 475 490 491 495 490 496 492 487 488 487 493 486 473 467 463 452 442 439 433 433 429 422 419 417 420 421 427 436 446 452 455 453 458 455 461 464 472 478 484 492 489 486 486 488 491 493 502 506 513 518 529 536 544 542 546 538 528 522 512 500 494 485 481 477 480 476 482 482 486 492 495 503 511 515 520 523 526 531 538 539 545 548 556 558 563 566
432 437 445 453 468 458 479 477 479 483 497 487 491 487 483 486 481 489 477 500 495 481 470 463 457 448 441 439 431 431 430 423 425 420 427 437 440 443 456 459 447 459 455 459 469 476 486 499 496 496 495 494 494 498 504 505 510 521 527 534 539 543 544 542 538 525 515 509 499 493 487 486 483 487 482 486 495 497 503 510 519 524 527 528 531 536 541 544 549 553 557 564 567 568
432 434 439 456 469 463 472 473 478 473 481 472 467 486 484 473 474 468 484 495 481 493 476 472 465 459 447 454 445 440 431 434 424 424 431 436 443 436 436 441 448 456 451 460 463 475 484 495 507 506 504 506 505 506 505 510 514 518 524 536 538 545 544 544 538 533 528 520 507 501 494 493 492 491 491 496 502 496 510 515 527 532 534 538 538 541 548 549 555 559 563 567 570 576
436 436 439 441 448 449 457 472 472 468 471 469 468 471 460 475 476 476 467 470 473 473 476 479 472 474 469 462 459 449 444 434 437 432 426 435 431 431 433 429 437 445 450 460 464 480 479 498 511 511 511 509 508 514 514 514 513 522 528 533 536 545 549 546 546 539 532 527 515 510 504 501 499 495 499 502 504 505 512 524 531 540 544 542 543 550 554 559 561 563 570 572 578 583
437 437 438 439 439 441 442 447 463 472 458 461 461 448 457 459 456 469 467 471 464 467 470 465 468 469 474 473 481 466 459 450 440 426 439 438 438 429 427 429 431 446 460 456 467 472 478 497 509 513 508 512 515 497 504 512 509 517 530 539 539 543 551 548 551 545 537 534 523 530 520 510 509 504 503 504 510 516 524 532 542 550 551 549 548 552 559 562 568 571 571 581 584 595
438 437 440 438 439 439 439 441 444 442 454 468 464 461 446 442 451 460 457 464 460 454 466 458 469 476 479 482 489 482 458 452 450 436 440 440 445 445 434 440 424 441 439 462 467 455 479 481 498 505 506 510 509 502 503 508 520 526 539 543 544 547 549 554 552 552 546 544 541 540 537 526 516 514 510 509 515 519 535 545 551 557 560 559 559 563 562 570 572 574 581 587 589 590
451 450 444 446 445 443 441 441 439 442 453 472 461 463 447 437 441 453 469 463 469 459 459 455 457 471 485 492 496 476 482 454 466 460 454 456 448 458 449 447 454 429 458 451 471 453 472 468 492 501 508 504 504 495 488 496 526 526 539 540 545 547 552 555 554 554 549 548 547 549 545 542 531 524 517 515 518 526 536 548 559 565 569 569 570 567 569 570 576 584 585 587 590 593
474 474 464 455 447 450 447 443 443 439 438 443 451 460 434 452 450 463 474 474 469 460 456 453 459 472 485 478 503 506 506 497 482 487 472 468 461 466 451 455 438 436 451 455 459 447 462 464 480 498 488 511 498 486 488 502 528 528 535 537 542 544 544 551 553 553 552 549 546 548 548 545 541 518 521 521 516 533 534 560 565 570 574 576 577 577 574 580 575 580 589 591 600 590
470 485 479 464 460 458 454 450 450 443 440 435 440 443 431 444 453 483 472 474 465 464 449 456 455 460 472 484 500 500 521 510 505 497 494 491 482 476 477 470 445 442 447 442 442 463 449 461 478 470 476 487 476 489 477 509 514 529 535 533 534 536 539 543 548 549 548 552 548 544 548 546 549 535 523 520 524 524 520 539 556 565 568 574 574 581 579 576 579 586 592 591 589 565
492 494 488 468 478 467 464 462 462 452 448 445 435 433 434 439 447 450 469 472 477 469 456 451 458 456 463 475 479 492 503 499 503 493 480 488 490 491 499 486 491 462 438 442 441 455 441 455 456 485 466 467 483 465 487 515 512 511 527 529 528 532 531 536 542 535 545 546 545 542 552 554 545 543 527 526 525 529 518 529 531 552 558 567 578 580 577 579 572 581 581 581 559 582
510 508 497 494 489 489 480 475 466 466 455 440 440 434 430 430 435 443 464 464 471 476 476 465 462 458 461 463 462 476 470 489 486 458 482 483 480 505 521 501 495 500 490 475 478 457 457 458 456 458 463 466 470 469 488 482 495 524 518 530 526 522 534 532 533 535 536 537 539 542 546 552 552 542 542 533 535 534 533 525 529 526 548 558 572 578 576 566 563 565 577 559 564 557
512 514 517 511 508 514 501 496 482 478 463 454 445 433 433 432 436 435 447 467 458 485 480 477 471 467 479 468 456 445 456 466 463 466 469 453 494 488 497 489 506 508 499 505 494 484 481 468 468 468 476 480 478 466 491 476 488 502 520 529 525 534 525 539 527 530 535 531 532 532 537 546 551 546 534 541 539 545 548 559 536 534 535 542 563 571 566 556 556 556 566 553 547 558
530 534 529 520 527 525 516 519 517 470 470 467 453 449 445 440 434 457 444 458 460 460 480 483 481 487 478 459 471 462 462 461 481 454 463 464 461 474 469 473 483 482 504 513 508 503 498 465 460 443 478 465 480 456 495 500 504 511 521 528 521 527 527 529 538 533 534 526 535 535 536 539 543 538 535 528 537 556 563 565 543 551 549 539 552 563 573 547 543 565 576 546 546 572
526 533 541 539 542 537 523 514 503 493 488 483 485 473 457 456 465 465 458 457 464 462 464 464 472 472 479 485 486 473 488 490 478 467 480 470 461 453 462 455 467 489 500 480 496 476 466 478 455 492 468 479 488 491 495 503 517 522 524 521 523 520 518 520 521 526 528 537 537 531 532 534 538 535 530 537 541 543 557 553 556 559 533 555 544 564 567 551 550 559 562 553 559 571
548 558 548 543 531 526 520 511 495 490 495 487 493 481 465 461 467 461 455 463 451 469 464 464 471 467 486 484 488 487 492 497 496 492 489 476 454 440 449 466 470 480 494 483 490 473 455 446 436 453 484 473 493 484 510 525 525 535 528 522 519 521 516 519 523 516 521 529 535 526 539 537 539 541 535 542 537 544 545 539 525 518 534 541 530 542 554 552 538 543 547 550 578 589
556 562 560 547 537 534 518 509 511 493 492 493 480 481 477 461 469 465 458 457 461 463 451 461 458 464 466 471 475 473 491 505 499 489 478 484 470 471 466 467 463 480 492 492 497 484 478 453 454 442 466 458 467 487 518 528 537 537 537 522 527 525 524 531 527 519 521 520 519 520 511 527 532 527 535 524 544 547 545 547 535 535 535 530 507 530 532 519 528 517 538 573 583 592
554 558 558 545 547 529 523 517 514 507 503 487 498 494 495 498 493 488 463 463 456 456 454 459 460 464 468 478 476 484 493 490 484 499 499 471 469 465 468 470 465 480 489 488 499 494 485 477 455 445 465 430 463 469 505 523 524 535 536 539 533 537 540 541 535 540 534 532 521 522 512 522 523 530 523 528 541 543 539 544 548 542 533 542 534 513 509 521 513 507 537 568 582 565
534 543 545 558 537 533 537 528 508 515 507 523 515 516 521 522 504 496 475 470 466 462 461 462 454 469 479 473 476 475 482 475 490 489 477 477 483 475 467 447 459 473 499 500 511 505 497 488 486 468 460 463 460 455 495 489 509 509 524 533 533 547 542 552 551 557 545 542 542 526 536 529 526 520 528 525 530 538 530 527 542 543 552 521 516 522 524 512 513 522 528 563 554 553
506 537 540 541 551 551 558 546 535 531 537 535 531 538 537 520 506 494 498 468 488 479 470 468 468 469 463 478 485 483 478 482 480 482 483 485 487 477 472 472 463 492 492 512 505 507 501 499 482 481 473 457 452 477 456 469 473 509 490 531 528 527 547 546 547 546 552 558 561 559 537 542 532 535 537 541 541 531 525 528 523 544 523 543 538 519 504 510 523 545 535 559 554 543
507 520 538 536 535 550 547 544 543 533 536 540 546 547 537 534 530 519 527 510 508 486 485 479 474 475 478 481 482 489 486 486 500 493 493 491 497 470 474 454 454 492 483 487 522 508 496 498 498 490 482 479 470 461 469 473 455 466 507 514 518 519 533 532 538 524 535 546 549 555 543 543 529 521 539 549 546 538 531 533 533 524 523 523 521 521 519 517 529 525 550 541 551 536
504 520 533 527 532 526 537 547 546 553 559 558 560 545 542 547 543 545 540 530 508 503 485 481 499 482 477 476 478 484 493 486 499 503 515 492 507 480 467 442 460 443 457 476 480 472 473 500 491 470 475 487 481 473 480 461 468 475 493 487 514 514 528 528 529 534 533 524 522 521 527 531 529 542 540 548 536 542 536 539 521 532 520 508 532 535 516 521 515 549 544 554 546 532
497 519 519 521 507 536 528 532 545 554 561 571 564 570 562 552 538 542 539 506 515 511 511 514 502 507 494 480 477 476 476 485 488 497 502 511 497 487 475 445 454 431 461 462 459 451 470 474 464 470 488 474 451 449 470 491 484 477 475 488 483 492 519 509 529 530 525 510 501 493 497 528 512 536 548 541 542 540 537 537 531 522 523 525 525 523 511 521 526 525 540 549 544 533
507 529 516 522 517 525 538 536 535 545 557 581 581 580 574 565 546 538 550 547 539 522 536 524 523 513 496 490 486 480 477 475 474 480 494 496 508 507 494 462 449 430 428 443 442 438 440 437 433 454 471 445 461 452 438 448 470 467 476 477 477 499 509 512 498 506 513 524 505 511 516 522 532 538 539 540 535 533 525 536 535 528 529 518 521 529 517 523 524 522 540 544 536 521
502 509 510 531 530 535 541 540 553 562 560 584 603 596 590 578 575 574 568 549 561 544 543 540 517 512 506 488 490 487 487 493 494 496 495 501 508 498 502 484 469 464 458 439 437 434 424 421 431 437 444 446 438 440 430 466 443 456 469 461 482 493 459 494 485 503 506 475 495 517 528 537 536 544 533 543 525 530 524 543 542 531 527 524 530 525 529 518 525 547 543 544 535 526
495 505 522 529 535 542 530 537 557 564 581 590 591 603 597 600 593 596 583 580 579 559 562 551 543 538 519 514 500 494 499 515 499 518 493 497 498 500 497 494 490 480 472 470 463 456 423 428 438 445 445 436 450 452 442 445 458 472 454 467 462 499 508 496 507 504 511 526 520 526 521 524 523 517 523 525 512 516 519 526 528 522 517 525 525 532 527 514 522 537 533 540 519 523
484 501 517 535 531 548 543 553 567 571 580 593 585 596 592 595 594 592 600 592 591 584 572 548 550 542 538 525 483 499 496 487 519 481 496 491 501 487 487 489 485 482 482 485 477 468 458 476 455 473 488 480 475 457 447 448 453 455 458 467 473 507 514 519 511 512 512 518 518 519 515 520 515 520 509 510 510 515 518 515 513 511 518 516 519 512 531 517 532 532 530 530 530 524
490 510 529 532 526 525 545 559 555 572 575 578 584 581 578 593 585 579 573 585 599 601 586 579 562 554 551 536 498 521 507 502 479 490 473 474 475 486 487 484 484 478 473 471 472 470 471 480 484 495 495 500 488 491 496 487 468 465 462 463 474 484 499 494 520 509 520 514 508 514 507 501 509 502 506 505 526 516 509 523 515 511 513 507 517 518 511 523 510 530 514 533 524 522
512 508 509 515 538 544 536 540 556 565 565 566 573 575 575 573 575 560 567 580 587 589 587 592 580 572 559 556 562 521 510 494 490 477 462 462 467 469 470 495 489 479 473 467 465 468 460 464 472 474 494 499 516 525 525 516 502 495 483 475 462 473 494 512 517 511 511 518 510 497 504 498 508 511 517 510 504 495 511 496 511 497 504 506 513 514 521 517 522 512 528 529 536 528
515 510 513 510 512 542 555 566 559 562 559 563 561 565 562 564 560 559 553 564 565 575 592 567 561 573 577 564 575 544 519 508 504 497 482 465 460 460 501 506 490 481 471 468 463 463 459 448 452 462 466 489 498 498 519 517 508 493 491 483 484 488 515 511 496 511 502 496 503 491 498 487 496 493 494 499 494 491 505 493 505 508 493 501 505 510 513 519 515 519 512 526 529 524
502 502 512 520 520 541 565 555 563 560 552 565 566 564 559 556 549 558 553 557 562 557 561 564 558 546 546 571 557 551 549 528 523 512 488 489 476 473 488 485 494 491 482 467 468 464 469 458 448 459 464 465 478 487 503 502 492 488 523 462 494 497 504 527 529 521 509 503 491 500 489 491 485 488 483 491 481 484 485 499 498 501 499 505 508 510 512 519 513 525 525 523 518 515
