sesion_6_simulaciones/modelos_distribucion_especies/ejemplo/variables/futuro_B2/2060/PV.asc
ncols 708
nrows 329
xllcorner -7.525000
yllcorner 35.991667
cellsize 0.008333
NODATA_value -9999
[rows 212 to 264 of 329, columns 192 to 287 of 708]
44 44 43 43 42 42 41 40 39 37 36 34 33 32 33 34 35 36 37 38 39 39 39 38 38 37 37 36 35 35 35 35 35 35 35 35 35 35 35 35 36 36 36 36 36 36 35 34 33 33 32 32 31 30 30 31 31 32 32 31 32 33 34 33 33 33 33 32 33 33 34 33 33 33 34 34 35 36 37 38 38 37 37 39 39 38 36 36 35 35 34 33 32 32 31 31
42 42 42 41 41 41 40 39 38 36 34 32 29 28 31 33 35 36 38 40 41 42 42 40 39 38 37 37 36 35 35 35 35 35 35 34 35 35 35 35 35 35 35 35 35 35 34 33 33 33 32 32 32 31 31 31 31 32 32 32 33 34 34 34 33 33 33 33 33 33 33 34 34 34 34 34 35 35 35 36 36 36 37 37 37 37 36 36 36 36 34 34 34 34 33 32
41 41 41 41 40 40 39 38 37 35 33 30 26 25 29 32 35 37 39 42 45 48 45 42 41 39 38 37 36 35 35 35 35 35 35 34 34 34 34 34 34 34 34 35 35 34 33 33 32 32 32 32 32 31 31 31 32 33 33 34 35 35 34 34 33 33 33 33 33 33 33 34 34 35 35 35 35 36 36 36 36 37 37 38 38 37 37 36 37 37 36 36 36 35 34 33
40 40 40 40 40 39 38 37 36 35 34 32 30 29 31 33 35 37 39 43 48 52 47 43 41 39 38 37 36 35 35 35 35 35 35 35 34 34 34 34 34 34 34 34 34 33 32 32 32 33 33 33 33 33 32 32 32 33 33 34 36 36 35 34 34 34 34 33 33 33 33 34 35 35 35 36 36 36 37 38 38 38 39 39 38 38 38 38 38 38 37 37 36 35 34 34
40 40 40 40 39 39 38 38 37 35 34 33 32 32 33 34 36 37 39 41 44 45 43 42 40 38 37 36 35 35 35 35 35 34 34 34 34 34 34 34 34 33 33 33 33 33 32 33 33 34 35 36 36 35 34 33 33 33 34 35 36 35 35 35 37 37 35 34 33 34 34 35 35 35 35 35 36 36 37 38 38 39 39 39 39 39 39 39 39 37 37 36 35 35 34 34
39 40 40 40 40 39 39 38 37 36 35 34 33 34 34 35 36 36 37 39 40 41 40 39 38 37 36 35 35 34 34 34 34 34 34 34 33 33 33 33 33 33 33 32 32 32 33 33 34 35 36 37 36 35 34 34 33 34 35 35 36 36 36 38 40 40 37 35 34 34 35 35 35 35 35 36 36 36 37 37 38 39 40 39 39 39 40 39 37 36 35 35 35 35 35 34
39 39 40 40 40 40 39 38 37 37 35 35 34 34 34 35 35 36 36 37 38 38 38 37 37 36 35 35 34 34 34 33 34 33 33 33 33 33 33 33 32 32 32 32 32 32 33 33 35 35 36 36 35 35 35 34 33 33 34 35 36 37 39 41 42 41 38 35 34 35 35 35 36 35 36 36 37 37 37 37 38 38 40 39 38 39 39 38 36 34 33 34 34 35 35 34
38 39 39 40 41 42 41 39 37 36 35 34 34 34 34 34 35 35 35 36 36 36 36 35 35 35 34 34 33 33 33 33 33 33 33 33 33 33 32 32 32 32 32 32 32 32 33 33 34 35 35 35 35 35 35 33 33 33 34 36 37 39 41 43 43 41 37 35 34 34 35 35 36 35 36 36 37 37 37 37 38 38 38 38 38 38 38 37 36 33 32 33 34 35 35 35
38 38 38 39 40 42 42 39 37 36 35 34 34 34 34 33 33 33 34 34 34 34 34 34 34 34 33 32 32 32 32 32 32 32 32 32 32 32 32 32 32 32 32 32 32 32 33 33 34 35 35 34 34 34 34 33 33 33 34 35 38 39 39 40 40 38 36 35 35 35 35 35 35 36 36 36 36 37 38 38 39 38 38 37 37 38 37 37 36 35 34 34 35 35 36 36
37 37 38 38 39 39 39 38 36 35 35 34 34 33 33 32 32 32 32 32 32 32 32 32 32 32 32 31 31 31 31 31 31 31 31 31 31 31 31 31 32 32 32 32 32 32 33 34 34 35 34 34 34 34 34 34 33 33 34 35 37 37 35 36 37 36 36 35 35 35 35 35 35 36 36 36 36 37 38 39 38 37 37 37 37 37 38 38 38 37 36 36 36 36 35 35
36 37 37 37 37 37 37 36 35 35 34 33 33 32 32 31 31 31 30 30 30 30 31 31 31 30 30 30 30 30 30 30 30 30 30 30 31 31 31 31 31 31 31 32 32 32 32 33 34 34 33 33 34 35 35 34 34 34 34 35 35 34 33 35 36 37 37 37 36 36 35 35 36 36 36 36 36 37 38 38 37 37 37 37 38 39 39 39 40 39 38 37 36 36 35 35
36 36 36 36 36 36 35 35 34 34 33 32 31 31 30 30 29 29 29 29 29 29 30 30 29 29 29 29 29 29 29 29 29 29 30 30 30 30 30 31 31 31 31 32 33 33 32 32 33 33 33 34 34 35 35 35 35 35 34 35 35 35 36 37 37 37 38 38 37 37 36 36 36 37 38 37 36 36 37 37 37 37 37 38 39 41 42 42 44 43 40 38 37 36 35 35
35 35 35 35 35 35 34 34 33 33 32 31 30 29 29 29 28 28 28 28 28 29 29 28 28 28 28 28 28 28 28 28 29 29 29 29 30 30 30 30 30 30 31 32 33 33 33 33 33 32 32 33 34 34 35 35 36 36 36 36 36 37 38 39 39 39 39 38 38 39 38 36 36 37 38 38 37 36 36 36 36 36 37 38 39 41 42 44 48 47 41 38 37 36 35 35
35 34 34 34 34 33 33 32 32 31 31 30 29 28 28 28 27 27 27 27 27 27 27 26 26 26 26 27 27 27 27 28 28 28 29 29 29 29 29 29 30 30 31 32 33 34 34 34 33 33 32 33 33 34 34 35 35 36 36 37 38 39 40 41 41 41 40 39 38 39 39 38 37 37 39 39 39 37 37 37 37 37 38 38 39 40 41 42 43 42 40 38 36 35 34 34
34 34 33 33 33 32 32 31 31 30 30 29 28 27 27 27 26 26 26 25 26 26 25 24 24 25 25 25 26 26 26 27 27 28 28 29 29 29 29 29 29 29 30 32 33 34 34 34 34 33 33 33 34 34 35 36 36 37 37 38 39 41 43 46 46 43 40 39 39 39 40 40 38 37 39 41 40 38 37 37 37 38 39 39 39 39 39 39 40 40 38 37 35 34 33 33
34 33 33 33 32 31 31 30 29 29 28 27 27 26 25 25 25 24 24 24 24 23 23 23 23 23 24 24 24 25 25 26 26 27 27 28 28 28 28 28 28 29 29 31 32 33 33 34 34 34 34 33 34 35 36 38 38 38 39 40 41 42 45 52 51 44 41 40 39 39 40 40 38 37 39 40 40 38 37 37 38 39 39 39 38 37 37 37 38 38 37 36 35 33 32 31
33 32 32 31 31 30 30 29 29 28 27 26 25 25 24 24 23 23 22 22 22 21 20 21 21 22 22 23 23 24 25 25 25 26 26 26 27 27 27 27 27 27 28 29 30 30 31 32 34 34 34 33 34 36 38 40 40 40 40 41 42 42 45 49 47 43 41 39 38 37 38 37 37 37 39 39 37 36 35 36 37 38 38 37 36 35 35 36 36 36 36 35 33 31 30 29
32 31 31 30 30 29 29 29 28 27 26 25 24 24 23 22 22 21 20 19 19 18 18 18 19 20 21 22 22 23 24 24 24 25 25 25 25 26 26 26 26 27 27 27 28 28 29 31 32 33 32 33 34 37 39 42 42 41 41 41 42 43 45 46 44 42 40 39 38 37 36 36 35 35 36 36 35 34 34 34 35 36 36 36 35 34 34 34 35 34 34 33 30 28 27 26
31 30 30 29 29 28 28 28 27 26 25 24 24 23 22 21 20 18 17 16 15 14 15 17 18 19 20 21 21 22 23 23 23 24 24 24 24 24 25 25 26 27 27 27 27 28 29 29 30 31 32 33 35 37 40 43 43 42 42 42 43 44 45 44 43 41 40 41 41 38 36 35 35 34 34 34 33 33 34 33 34 35 35 35 34 33 33 33 33 33 32 30 27 25 24 24
30 29 28 28 27 27 27 26 25 25 24 23 22 21 20 19 18 16 14 12 12 13 14 16 17 18 19 20 21 21 22 22 22 23 23 23 24 24 24 24 24 25 25 25 25 26 27 27 29 30 32 33 35 38 41 43 43 43 43 43 44 45 44 44 44 43 42 44 43 40 37 35 35 35 35 34 34 34 33 33 34 35 34 33 33 32 32 32 32 32 30 27 24 22 22 23
28 28 27 27 26 26 26 25 24 24 23 22 21 20 19 18 17 15 12 7 9 13 15 16 17 18 19 19 20 21 21 21 22 22 22 23 23 23 23 23 23 23 23 22 22 24 25 27 28 29 31 33 34 38 41 43 43 44 44 45 45 44 43 44 45 46 47 45 43 39 36 35 35 34 34 34 34 34 33 32 33 33 32 32 32 31 31 31 31 30 28 25 23 20 20 22
27 27 26 26 25 25 25 24 24 23 22 21 21 20 19 18 17 15 13 12 13 15 17 17 17 18 19 19 20 20 21 21 21 22 22 22 22 22 23 23 23 23 22 19 19 23 25 26 27 29 30 32 34 38 41 42 42 43 45 46 44 42 43 45 48 48 46 43 40 38 36 36 35 34 33 33 33 33 33 32 31 31 30 31 31 30 30 29 29 27 25 24 22 21 22 23
26 26 25 25 25 24 24 23 23 22 22 21 20 20 19 18 17 15 14 14 16 17 17 18 18 18 19 19 19 20 20 20 21 21 22 22 22 22 22 23 23 23 21 20 21 24 26 27 27 28 30 32 34 37 40 41 41 42 44 44 44 42 42 44 47 47 44 42 41 40 38 36 36 35 34 34 33 33 32 31 30 29 28 28 28 27 27 27 26 25 24 23 23 23 24 25
24 24 24 24 23 23 23 23 22 22 21 21 20 20 19 18 17 16 16 16 16 17 18 19 19 18 19 19 19 20 20 20 21 21 21 21 22 22 22 22 23 22 21 21 22 24 26 27 27 28 29 31 34 36 38 39 40 43 45 47 46 44 44 45 46 46 46 45 43 41 39 38 38 37 36 35 34 33 32 30 29 28 27 26 26 25 25 24 24 24 23 23 23 24 25 26
23 23 23 23 23 22 22 22 22 22 22 21 21 20 19 18 17 17 17 17 17 18 19 19 19 19 19 19 19 20 20 20 20 21 21 21 21 22 22 22 22 22 22 22 22 23 25 26 26 27 29 32 36 38 39 40 41 43 45 47 47 46 45 45 42 44 52 49 45 42 41 40 39 37 36 35 34 33 31 29 27 26 25 25 25 24 23 23 23 24 24 25 25 25 26 26
21 22 22 22 22 22 22 22 22 22 22 21 21 20 19 18 18 18 17 17 18 19 19 19 19 20 20 19 19 20 20 20 20 20 21 21 21 21 21 21 21 22 22 22 22 23 24 25 26 27 29 32 37 39 39 39 39 39 40 41 41 41 42 42 42 46 55 52 45 43 41 40 39 37 36 34 33 31 29 27 25 21 21 24 23 22 22 23 23 24 26 26 26 26 27 27
20 21 21 22 22 22 21 21 21 21 21 21 20 19 19 19 18 18 18 18 18 19 20 20 20 20 20 20 20 20 20 20 20 20 21 21 21 21 21 21 21 21 22 22 23 23 24 24 25 26 29 32 35 36 36 37 37 38 38 37 38 39 42 44 46 47 50 48 45 42 40 39 38 38 36 35 34 32 30 28 25 22 22 23 22 22 23 23 23 24 25 26 26 26 27 27
20 21 21 21 21 22 21 21 21 21 21 21 20 19 19 19 19 19 19 19 19 19 20 20 20 20 20 20 20 20 20 20 20 20 20 21 21 21 21 21 21 22 22 23 24 23 23 24 25 26 29 31 31 31 31 33 33 34 35 36 38 41 43 45 48 48 47 45 42 40 39 38 38 38 36 35 35 34 32 29 27 25 24 22 22 23 24 24 24 24 24 25 26 26 27 27
21 21 21 21 21 21 22 21 21 21 21 21 20 19 19 19 19 19 19 19 19 20 20 19 19 19 20 20 20 20 20 20 20 20 21 21 21 22 21 21 22 22 22 22 23 23 23 24 25 26 27 28 28 28 29 30 31 32 34 37 40 42 42 43 46 46 45 42 40 39 38 37 37 37 36 35 35 34 33 30 27 25 24 23 24 24 24 25 25 26 26 26 27 27 27 28
22 21 21 21 21 21 21 21 21 20 20 20 20 19 19 19 19 19 19 19 20 20 20 19 19 19 19 19 20 20 20 20 20 21 21 21 21 22 22 22 22 22 22 22 22 23 23 23 24 25 26 27 27 27 29 30 30 30 33 36 38 39 40 42 44 44 42 40 38 38 37 37 37 36 36 36 35 35 34 31 27 24 24 25 26 26 26 25 26 27 27 27 27 28 28 29
22 22 21 21 21 21 21 21 21 20 20 20 19 19 19 19 19 19 20 20 20 20 20 19 19 19 19 19 19 19 19 20 20 21 21 21 21 21 22 22 22 23 22 22 22 22 22 23 24 25 27 29 28 27 28 29 29 29 31 33 35 36 38 40 41 41 38 37 37 37 36 37 38 37 36 35 34 35 35 31 26 25 26 27 28 28 28 27 27 28 28 28 28 29 29 30
22 22 21 21 21 21 21 21 20 20 20 20 19 19 19 19 19 19 20 20 20 19 19 18 19 19 20 20 19 19 19 19 20 20 20 20 21 22 22 22 22 22 21 21 22 22 22 23 24 25 28 30 29 28 28 28 28 30 31 32 34 36 38 39 39 37 36 37 36 35 36 37 37 37 35 35 34 35 33 30 27 26 28 29 31 31 30 28 28 29 29 30 29 29 30 31
22 22 22 21 21 21 21 20 20 20 20 20 20 19 19 20 20 20 20 21 20 19 18 18 19 19 20 21 20 19 18 19 19 20 20 21 21 22 22 21 21 21 21 21 21 22 22 23 23 24 27 30 30 29 28 27 27 28 29 31 33 36 37 37 35 34 35 35 34 34 35 36 37 37 36 36 35 33 31 29 27 28 31 33 33 33 31 30 29 29 31 32 32 32 31 32
22 22 22 21 21 21 20 20 20 20 20 19 19 19 19 19 20 20 20 20 20 19 18 18 18 19 19 19 19 18 18 19 19 20 21 21 21 21 20 20 20 21 21 21 21 21 22 22 23 24 25 28 30 30 28 25 24 25 27 30 33 35 35 34 33 31 33 34 34 34 35 37 38 38 38 37 34 31 30 28 28 30 31 33 34 34 32 31 31 31 33 34 33 34 33 33
22 22 22 21 21 21 20 20 20 20 20 19 19 19 19 19 20 20 19 19 19 18 18 18 18 18 18 18 18 17 18 19 19 20 21 21 20 20 19 20 20 21 21 20 20 21 21 22 23 24 25 27 28 27 25 24 22 22 27 31 34 36 36 34 32 30 31 33 34 35 37 38 38 38 39 38 35 32 30 29 31 32 32 34 34 33 33 33 34 35 36 36 35 35 34 33
22 22 21 21 21 21 21 21 20 20 20 19 19 19 19 19 19 19 18 18 18 18 18 18 18 18 18 17 17 17 17 18 18 19 20 20 20 19 19 20 20 20 18 18 19 20 22 24 24 24 25 26 26 25 25 24 23 25 28 32 34 35 34 32 30 30 31 33 35 37 37 37 38 40 41 39 35 33 32 34 35 35 34 33 32 31 33 35 37 37 37 35 34 34 33 32
22 22 21 21 21 21 21 21 20 20 20 19 19 19 19 20 19 19 18 18 18 18 18 18 18 17 17 17 16 16 17 17 18 18 19 20 20 19 20 21 21 18 13 13 18 21 24 26 27 27 26 26 25 25 26 26 25 26 30 32 33 34 32 30 30 31 33 35 37 37 37 37 39 40 39 37 37 36 34 36 37 37 35 33 31 31 33 35 36 36 35 34 32 32 31 30
22 22 22 21 21 21 21 20 20 20 20 19 19 19 19 20 19 19 18 18 18 18 18 17 17 17 16 16 16 15 16 16 17 18 19 19 19 20 20 20 20 18 14 15 21 24 26 28 29 29 29 28 27 26 26 27 26 27 29 31 31 32 31 30 32 35 37 38 37 37 37 39 40 38 35 34 34 35 34 35 36 35 34 32 29 30 32 33 34 34 33 32 31 30 29 29
22 22 22 21 21 21 21 20 20 20 20 20 19 19 19 20 20 19 19 18 18 18 18 18 17 17 17 16 15 14 15 16 17 18 18 19 20 20 20 20 20 20 20 21 24 27 29 30 31 31 32 31 30 28 27 27 27 27 28 29 30 30 31 31 33 36 38 38 38 37 38 39 37 34 32 31 32 33 33 34 34 33 32 29 28 29 30 30 30 30 31 31 30 29 28 28
22 22 22 22 21 21 21 21 20 20 20 20 19 19 19 19 19 19 19 19 19 20 20 19 18 18 17 17 16 14 14 16 18 19 19 20 21 22 22 23 24 25 24 25 28 32 33 34 34 34 34 33 31 29 29 29 29 29 29 29 29 30 31 32 34 37 39 39 38 36 36 34 32 30 29 30 32 33 32 32 32 31 29 26 26 27 27 26 26 27 27 28 28 27 27 28
22 22 22 22 21 21 21 21 20 20 20 20 19 19 19 19 19 19 20 20 20 20 21 20 20 19 19 18 18 18 18 18 18 19 20 21 22 23 23 24 26 28 28 29 32 36 38 36 36 36 35 34 33 31 31 31 31 32 32 31 31 32 33 34 37 40 40 39 38 35 32 31 30 29 29 31 32 33 33 32 32 30 27 26 25 25 25 24 24 24 24 25 25 25 27 27
22 22 22 22 21 21 21 21 20 20 20 20 19 19 19 19 19 20 21 21 21 22 22 22 22 22 22 21 22 22 21 20 20 20 22 23 24 25 25 26 28 29 31 31 33 35 36 36 36 37 37 36 35 33 33 34 34 34 34 34 34 33 33 33 36 38 38 37 36 33 31 29 28 28 29 31 33 34 33 31 31 29 26 26 25 24 23 23 23 23 22 21 22 24 26 27
22 22 22 22 21 21 21 21 20 20 20 20 19 19 18 18 19 21 22 22 22 22 23 23 23 23 22 23 24 25 26 24 23 22 23 25 27 28 27 27 28 31 32 33 33 34 35 36 36 37 38 37 36 35 35 35 34 35 35 35 35 34 33 32 34 36 36 35 32 31 29 28 27 28 29 30 33 34 32 30 28 26 25 25 24 23 22 22 23 22 20 19 22 25 27 29
22 22 22 21 21 21 21 21 21 20 20 20 20 19 18 18 19 21 22 22 22 22 22 22 23 23 23 23 24 26 28 27 24 24 25 27 28 30 29 29 29 31 33 34 33 34 35 36 37 38 39 37 37 37 37 35 35 35 35 36 36 35 33 32 33 34 34 33 31 30 28 27 27 28 29 31 33 34 32 29 27 26 25 24 24 24 23 23 23 22 22 23 25 27 28 30
22 22 22 22 21 21 21 21 21 21 20 20 20 20 20 21 21 21 21 21 22 22 22 23 24 24 25 24 24 26 29 29 26 26 27 28 29 31 31 30 31 32 34 35 35 35 35 37 39 39 38 37 37 38 38 36 36 36 36 36 35 34 32 32 32 32 32 31 30 29 27 26 27 28 30 31 34 34 32 29 28 26 24 24 26 26 25 24 25 26 26 27 29 28 28 29
22 22 22 22 21 21 21 21 21 21 21 21 21 21 22 22 22 22 22 23 23 23 24 25 26 26 26 26 26 26 29 30 28 27 28 29 31 33 33 33 33 35 36 37 37 36 36 38 39 39 38 37 37 38 38 37 37 37 38 37 36 34 33 32 32 31 31 30 29 28 26 26 27 28 29 31 33 33 30 28 27 25 24 25 26 27 27 27 28 28 30 30 29 28 27 28
22 22 22 22 22 22 21 21 21 21 21 22 22 22 23 23 23 23 24 24 25 25 25 26 26 25 26 26 26 26 29 31 30 29 29 31 33 36 36 36 37 38 39 40 39 38 38 38 39 39 38 37 38 40 41 40 38 38 39 39 38 36 33 31 30 30 30 30 28 25 24 25 27 28 30 32 34 32 29 27 26 24 25 26 27 28 29 30 30 31 31 30 28 27 27 27
22 22 22 22 22 22 21 21 21 21 21 22 22 22 23 23 22 23 23 24 25 25 25 26 26 25 25 26 26 27 30 32 31 30 31 33 35 38 40 40 41 42 42 41 40 39 39 38 38 38 37 37 39 42 44 42 40 39 40 40 38 36 34 32 31 30 29 29 27 27 27 27 27 29 31 32 33 31 28 26 24 24 24 26 27 28 29 29 29 30 31 30 28 26 26 27
22 21 21 22 22 22 21 21 21 21 21 22 22 23 22 22 22 23 23 24 24 24 25 25 25 25 26 26 27 28 31 32 32 31 33 34 37 41 44 44 43 42 42 41 40 39 38 38 37 36 36 37 39 40 42 42 41 40 40 39 38 36 35 33 33 32 30 29 30 30 30 29 28 29 31 32 32 31 28 26 24 23 23 24 25 26 27 28 29 30 32 32 29 27 26 26
22 21 21 21 21 21 21 21 21 21 22 22 23 23 23 22 22 23 23 24 24 24 24 25 25 25 25 26 28 29 31 32 32 32 34 36 40 43 48 45 43 41 40 40 39 38 37 37 35 35 36 37 38 40 41 41 41 40 39 37 37 36 35 34 32 31 29 30 30 30 29 29 29 31 33 33 32 30 28 25 24 23 25 26 27 28 29 28 29 31 32 32 29 28 27 26
22 21 21 21 21 21 21 21 21 22 22 23 23 23 22 22 23 23 23 24 24 24 24 25 26 25 26 27 29 29 30 31 32 33 35 38 41 44 45 44 42 40 39 38 38 37 36 35 35 35 36 37 38 39 41 40 40 39 37 36 36 35 34 32 30 28 27 28 29 29 29 29 31 33 34 33 31 29 27 25 23 23 23 26 28 30 30 28 29 30 33 33 31 29 27 26
22 21 21 21 21 21 21 21 21 22 22 23 22 22 22 22 22 23 23 24 24 24 25 26 27 26 26 27 29 29 30 31 33 34 36 38 41 44 45 45 44 41 40 39 37 36 35 34 34 35 35 37 39 40 40 40 39 38 35 34 34 33 31 30 27 24 27 29 31 32 32 32 32 35 35 33 32 30 28 25 24 23 23 24 26 28 28 28 30 31 34 35 33 31 30 28
22 21 21 21 21 21 21 21 21 22 22 22 22 22 22 22 23 23 23 23 24 24 25 26 26 26 26 28 29 28 29 31 32 35 37 40 41 44 46 47 46 43 41 40 38 35 34 33 33 33 35 37 37 38 39 39 39 37 35 32 32 30 30 30 29 28 29 32 34 35 35 35 35 36 35 33 32 30 28 26 25 25 25 25 27 27 29 30 32 33 34 33 32 31 31 30
