sesion_6_simulaciones/modelos_distribucion_especies/ejemplo/variables/futuro_B2/2060/TMXI.asc
ncols 708
nrows 329
xllcorner -7.525000
yllcorner 35.991667
cellsize 0.008333
NODATA_value -9999
[rows 210 to 251 of 329, columns 570 to 664 of 708]
119 116 112 108 126 112 113 119 115 119 106 116 127 120 127 129 133 142 146 149 147 150 149 153 155 155 152 155 152 157 152 155 153 157 157 156 160 161 158 155 144 139 123 125 121 129 101 118 125 117 108 109 120 107 116 118 125 115 104 113 122 129 122 118 129 120 133 147 135 148 143 135 143 142 148 146 153 153 155 157 157 159 157 157 159 157 158 158 158 158 156 157 155 152 160
98 105 101 116 122 115 106 116 123 102 109 116 103 115 118 106 125 132 143 146 148 142 150 149 147 141 148 144 156 154 157 158 159 158 160 163 156 158 158 157 144 147 135 137 137 131 125 123 122 118 123 114 119 120 128 127 132 136 128 125 121 140 126 139 134 139 125 149 144 145 153 148 149 143 154 155 156 157 156 157 158 160 157 158 159 159 159 159 158 157 156 163 163 164 160
102 101 108 111 111 103 101 107 99 98 104 108 114 103 105 104 102 121 129 135 140 137 134 140 142 145 149 157 147 147 150 155 161 161 160 159 160 159 160 155 158 157 148 146 142 147 143 135 136 121 121 130 115 120 119 114 127 137 140 137 143 142 144 138 146 141 152 148 153 153 150 161 162 151 157 158 158 157 158 159 160 160 160 158 160 161 159 159 158 156 153 161 161 162 163
103 87 105 118 106 119 106 94 96 96 103 106 111 110 110 102 124 121 104 117 121 127 129 144 149 147 146 148 154 143 155 167 148 151 161 162 163 161 159 159 158 160 159 154 155 143 135 131 135 135 129 137 126 135 132 135 126 139 137 147 135 148 151 150 152 149 154 142 156 154 158 159 161 158 159 159 159 159 160 160 160 160 160 161 160 162 160 158 160 159 161 161 161 161 164
86 85 107 102 90 108 108 98 96 98 101 103 112 113 108 106 103 113 107 108 136 138 143 134 125 133 153 143 149 155 149 156 158 154 157 153 162 162 163 162 162 160 155 156 157 154 159 154 141 143 140 146 140 131 141 139 133 147 144 150 139 143 151 142 154 153 157 150 155 158 158 158 160 160 160 160 160 160 160 161 162 161 161 161 161 159 160 161 160 160 160 163 164 165 165
89 110 92 87 89 94 91 106 93 92 94 94 101 112 108 114 114 111 109 128 124 125 113 128 151 141 143 148 145 151 154 154 153 159 157 161 161 158 164 162 161 157 161 158 152 155 158 156 155 152 153 138 145 134 146 146 151 149 148 143 154 152 153 152 150 151 156 158 156 157 158 159 161 160 161 161 161 161 162 162 162 162 161 161 160 161 161 161 160 160 156 153 160 163 167
92 93 85 85 81 87 91 95 92 94 95 104 116 98 101 105 109 112 111 100 115 117 128 135 124 137 143 145 144 152 144 152 153 158 155 160 161 162 163 164 164 162 161 161 158 160 155 159 153 155 154 149 151 156 152 152 156 154 150 149 150 155 154 154 158 156 156 157 160 160 160 160 160 161 162 162 162 162 162 161 160 161 158 159 161 161 159 159 153 155 151 155 154 159 168
85 89 87 89 84 91 87 89 92 91 96 89 95 104 105 113 114 110 108 106 120 121 116 125 139 130 140 148 149 148 144 147 151 150 155 152 158 162 164 165 166 163 164 162 164 161 156 157 157 158 153 149 148 156 155 153 163 153 154 150 156 157 154 157 157 158 158 159 159 160 161 161 161 162 162 162 162 162 161 160 159 160 155 155 159 159 155 165 162 159 152 157 159 162 -9999
93 79 87 85 93 101 92 98 95 100 101 97 101 97 92 112 112 103 112 116 110 119 114 120 127 116 122 138 149 141 128 140 132 146 147 151 148 164 164 165 165 166 164 163 164 161 159 159 158 156 155 156 160 158 160 159 155 160 151 155 158 157 155 159 160 161 160 161 161 162 162 163 162 162 163 162 162 161 161 160 157 154 156 159 159 160 162 163 159 155 161 162 170 161 -9999
82 93 80 97 95 102 96 103 110 102 104 99 107 93 99 109 106 116 115 121 119 121 122 126 132 139 131 138 137 146 132 131 136 140 137 151 147 157 163 166 167 165 164 165 162 162 164 161 161 161 162 154 157 160 161 160 163 158 158 158 159 158 161 159 159 162 161 162 162 163 163 163 163 164 164 163 162 161 161 154 157 158 160 156 148 157 154 160 158 154 159 169 169 174 -9999
76 81 89 82 88 112 94 105 113 115 100 106 106 102 117 108 114 122 128 120 109 114 121 120 119 118 120 134 139 135 130 135 133 146 148 152 143 153 162 163 166 167 164 164 165 166 163 162 164 162 161 160 162 162 164 165 160 163 159 159 162 160 162 163 164 162 165 164 163 163 164 164 164 163 163 161 160 158 159 159 162 162 158 154 157 160 160 157 158 160 167 174 179 181 -9999
75 89 89 89 114 104 102 113 123 113 117 115 127 112 100 112 117 129 117 123 129 133 130 120 110 125 123 134 139 140 143 147 139 150 156 155 138 164 166 166 166 167 166 166 167 165 166 166 164 163 165 166 162 164 163 164 162 163 163 161 165 164 163 162 163 165 164 164 165 165 164 164 164 163 162 159 159 157 160 161 161 163 162 163 161 160 159 161 160 171 174 168 -9999 -9999 -9999
66 77 82 116 106 128 124 122 138 123 130 123 123 125 120 128 121 132 129 131 132 140 139 116 127 119 126 124 141 140 142 150 151 145 151 146 154 150 154 167 168 168 166 165 167 168 167 167 166 167 166 166 166 167 164 166 166 166 165 166 163 164 166 163 164 164 165 165 165 166 165 163 163 162 154 153 163 163 163 165 164 164 163 160 154 163 165 158 159 169 155 171 -9999 -9999 -9999
97 93 105 92 100 106 118 138 136 127 133 132 133 131 133 140 142 133 132 143 144 133 138 136 130 130 128 135 141 140 142 151 146 149 155 150 161 165 167 167 168 168 168 167 167 170 168 169 -9999 -9999 -9999 -9999 168 162 167 169 166 165 167 165 165 165 162 168 168 167 167 166 166 165 163 164 159 156 156 164 163 164 163 163 165 156 159 161 163 161 155 162 157 162 175 183 -9999 -9999 -9999
100 94 93 91 104 118 134 138 137 135 141 137 135 129 136 141 138 142 146 136 151 147 136 140 134 145 137 132 137 136 137 153 152 155 171 159 160 169 168 167 169 169 169 170 170 170 170 170 -9999 -9999 -9999 -9999 173 171 171 169 170 161 169 168 163 167 168 167 166 166 166 167 163 164 163 156 160 164 164 164 163 164 165 161 163 163 161 164 162 148 162 163 176 174 178 176 -9999 -9999 -9999
95 108 101 103 117 120 110 121 124 125 144 143 140 133 135 134 144 141 148 137 136 137 129 134 147 146 138 137 144 140 146 150 160 159 -9999 -9999 -9999 -9999 170 171 171 171 171 172 -9999 -9999 -9999 -9999 -9999 -9999 -9999 -9999 173 172 172 171 171 170 169 167 170 170 168 168 164 166 167 166 166 163 156 165 165 163 165 164 166 164 163 166 151 161 156 162 158 157 163 170 -9999 -9999 -9999 -9999 -9999 -9999 -9999
115 120 124 111 119 114 129 116 146 140 144 151 132 134 135 141 143 138 147 161 156 158 155 149 150 137 151 145 153 166 161 156 164 155 -9999 -9999 -9999 -9999 174 173 171 171 172 173 -9999 -9999 -9999 -9999 -9999 -9999 -9999 -9999 176 175 175 174 173 173 171 170 170 170 169 168 167 167 168 168 167 167 168 166 168 165 164 165 164 162 161 162 160 160 154 152 155 154 156 169 -9999 -9999 -9999 -9999 -9999 -9999 -9999
125 136 137 136 128 128 136 145 141 148 152 140 141 138 140 155 162 150 161 156 162 164 162 156 166 145 149 166 -9999 -9999 -9999 -9999 -9999 -9999 -9999 -9999 -9999 -9999 -9999 -9999 174 173 -9999 -9999 -9999 -9999 -9999 -9999 -9999 -9999 -9999 -9999 -9999 -9999 -9999 -9999 -9999 -9999 173 172 172 171 169 169 169 168 168 170 169 166 167 167 166 165 165 165 164 164 165 161 160 161 160 146 151 154 156 168 -9999 -9999 -9999 -9999 -9999 -9999 -9999
144 134 138 138 133 131 134 146 139 132 146 153 148 159 154 160 140 158 163 141 161 166 167 159 159 158 163 158 -9999 -9999 -9999 -9999 -9999 -9999 -9999 -9999 -9999 -9999 -9999 -9999 175 174 -9999 -9999 -9999 -9999 -9999 -9999 -9999 -9999 -9999 -9999 -9999 -9999 -9999 -9999 -9999 -9999 175 174 173 172 171 171 168 173 171 170 165 166 165 167 165 165 165 164 161 163 161 157 156 156 160 148 169 156 160 171 -9999 -9999 -9999 -9999 -9999 -9999 -9999
148 148 150 156 147 146 152 156 156 159 157 154 161 153 162 159 167 167 157 168 169 169 172 172 -9999 -9999 -9999 -9999 -9999 -9999 -9999 -9999 -9999 -9999 -9999 -9999 -9999 -9999 -9999 -9999 -9999 -9999 -9999 -9999 -9999 -9999 -9999 -9999 -9999 -9999 -9999 -9999 -9999 -9999 -9999 -9999 -9999 -9999 -9999 -9999 173 173 172 171 172 172 170 170 168 169 168 166 167 166 166 165 167 162 163 144 161 169 158 167 -9999 -9999 -9999 -9999 -9999 -9999 -9999 -9999 -9999 -9999 -9999
154 159 155 158 162 161 157 157 155 156 159 159 160 163 164 164 165 168 169 170 171 170 172 175 -9999 -9999 -9999 -9999 -9999 -9999 -9999 -9999 -9999 -9999 -9999 -9999 -9999 -9999 -9999 -9999 -9999 -9999 -9999 -9999 -9999 -9999 -9999 -9999 -9999 -9999 -9999 -9999 -9999 -9999 -9999 -9999 -9999 -9999 -9999 -9999 177 175 174 174 172 171 170 168 168 169 169 166 166 169 164 166 170 166 162 163 168 171 174 163 -9999 -9999 -9999 -9999 -9999 -9999 -9999 -9999 -9999 -9999 -9999
160 160 161 161 161 161 160 160 160 161 160 162 162 163 165 166 167 168 169 171 -9999 -9999 -9999 -9999 -9999 -9999 -9999 -9999 -9999 -9999 -9999 -9999 -9999 -9999 -9999 -9999 -9999 -9999 -9999 -9999 -9999 -9999 -9999 -9999 -9999 -9999 -9999 -9999 -9999 -9999 -9999 -9999 -9999 -9999 -9999 -9999 -9999 -9999 -9999 -9999 -9999 -9999 -9999 -9999 174 172 170 169 170 170 170 167 168 164 162 163 165 165 167 172 170 172 176 174 -9999 -9999 -9999 -9999 -9999 -9999 -9999 -9999 -9999 -9999 -9999
162 165 164 164 163 162 162 162 162 162 163 163 164 165 166 167 168 169 171 173 -9999 -9999 -9999 -9999 -9999 -9999 -9999 -9999 -9999 -9999 -9999 -9999 -9999 -9999 -9999 -9999 -9999 -9999 -9999 -9999 -9999 -9999 -9999 -9999 -9999 -9999 -9999 -9999 -9999 -9999 -9999 -9999 -9999 -9999 -9999 -9999 -9999 -9999 -9999 -9999 -9999 -9999 -9999 -9999 174 174 172 172 170 170 168 167 162 155 153 161 158 162 162 174 169 167 165 169 -9999 -9999 -9999 -9999 -9999 -9999 -9999 -9999 -9999 -9999 -9999
166 166 167 166 165 165 165 163 164 164 164 165 166 166 167 168 170 171 -9999 -9999 -9999 -9999 -9999 -9999 -9999 -9999 -9999 -9999 -9999 -9999 -9999 -9999 -9999 -9999 -9999 -9999 -9999 -9999 -9999 -9999 -9999 -9999 -9999 -9999 -9999 -9999 -9999 -9999 -9999 -9999 -9999 -9999 -9999 -9999 -9999 -9999 -9999 -9999 -9999 -9999 -9999 -9999 -9999 -9999 -9999 -9999 174 172 170 170 169 167 165 165 156 163 155 165 164 173 170 163 -9999 -9999 -9999 -9999 -9999 -9999 -9999 -9999 -9999 -9999 -9999 -9999 -9999
168 168 168 167 167 167 166 165 166 166 166 166 167 167 169 170 171 172 -9999 -9999 -9999 -9999 -9999 -9999 -9999 -9999 -9999 -9999 -9999 -9999 -9999 -9999 -9999 -9999 -9999 -9999 -9999 -9999 -9999 -9999 -9999 -9999 -9999 -9999 -9999 -9999 -9999 -9999 -9999 -9999 -9999 -9999 -9999 -9999 -9999 -9999 -9999 -9999 -9999 -9999 -9999 -9999 -9999 -9999 -9999 -9999 174 173 172 170 166 165 147 163 149 153 160 168 168 174 173 174 -9999 -9999 -9999 -9999 -9999 -9999 -9999 -9999 -9999 -9999 -9999 -9999 -9999
169 169 169 168 168 167 167 167 167 167 168 168 169 169 170 171 172 173 -9999 -9999 -9999 -9999 -9999 -9999 -9999 -9999 -9999 -9999 -9999 -9999 -9999 -9999 -9999 -9999 -9999 -9999 -9999 -9999 -9999 -9999 -9999 -9999 -9999 -9999 -9999 -9999 -9999 -9999 -9999 -9999 -9999 -9999 -9999 -9999 -9999 -9999 -9999 -9999 -9999 -9999 -9999 -9999 -9999 -9999 -9999 -9999 175 174 172 169 171 166 150 148 155 149 158 164 169 175 -9999 -9999 -9999 -9999 -9999 -9999 -9999 -9999 -9999 -9999 -9999 -9999 -9999 -9999 -9999
168 168 168 169 169 169 168 168 169 168 169 169 170 169 169 170 171 171 -9999 -9999 -9999 -9999 -9999 -9999 -9999 -9999 -9999 -9999 -9999 -9999 -9999 -9999 -9999 -9999 -9999 -9999 -9999 -9999 -9999 -9999 -9999 -9999 -9999 -9999 -9999 -9999 -9999 -9999 -9999 -9999 -9999 -9999 -9999 -9999 -9999 -9999 -9999 -9999 -9999 -9999 -9999 -9999 -9999 -9999 -9999 -9999 177 175 173 166 156 165 150 151 157 172 171 163 178 175 -9999 -9999 -9999 -9999 -9999 -9999 -9999 -9999 -9999 -9999 -9999 -9999 -9999 -9999 -9999
169 168 168 168 167 167 165 168 168 168 168 168 169 170 170 170 171 172 -9999 -9999 -9999 -9999 -9999 -9999 -9999 -9999 -9999 -9999 -9999 -9999 -9999 -9999 -9999 -9999 -9999 -9999 -9999 -9999 -9999 -9999 -9999 -9999 -9999 -9999 -9999 -9999 -9999 -9999 -9999 -9999 -9999 -9999 -9999 -9999 -9999 -9999 -9999 -9999 -9999 -9999 -9999 -9999 -9999 -9999 -9999 -9999 -9999 -9999 174 154 161 163 145 160 160 170 172 176 -9999 -9999 -9999 -9999 -9999 -9999 -9999 -9999 -9999 -9999 -9999 -9999 -9999 -9999 -9999 -9999 -9999
168 169 168 166 167 167 167 166 167 166 169 170 170 170 170 171 172 172 -9999 -9999 -9999 -9999 -9999 -9999 -9999 -9999 -9999 -9999 -9999 -9999 -9999 -9999 -9999 -9999 -9999 -9999 -9999 -9999 -9999 -9999 -9999 -9999 -9999 -9999 -9999 -9999 -9999 -9999 -9999 -9999 -9999 -9999 -9999 -9999 -9999 -9999 -9999 -9999 -9999 -9999 -9999 -9999 -9999 -9999 -9999 -9999 -9999 -9999 175 181 167 158 163 169 174 168 172 179 -9999 -9999 -9999 -9999 -9999 -9999 -9999 -9999 -9999 -9999 -9999 -9999 -9999 -9999 -9999 -9999 -9999
168 167 167 167 167 167 168 168 168 168 169 167 169 170 171 173 -9999 -9999 -9999 -9999 -9999 -9999 -9999 -9999 -9999 -9999 -9999 -9999 -9999 -9999 -9999 -9999 -9999 -9999 -9999 -9999 -9999 -9999 -9999 -9999 -9999 -9999 -9999 -9999 -9999 -9999 -9999 -9999 -9999 -9999 -9999 -9999 -9999 -9999 -9999 -9999 -9999 -9999 -9999 -9999 -9999 -9999 -9999 -9999 -9999 -9999 -9999 -9999 -9999 -9999 173 154 156 167 -9999 -9999 -9999 -9999 -9999 -9999 -9999 -9999 -9999 -9999 -9999 -9999 -9999 -9999 -9999 -9999 -9999 -9999 -9999 -9999 -9999
168 168 171 169 169 169 169 170 169 170 170 170 170 168 174 174 -9999 -9999 -9999 -9999 -9999 -9999 -9999 -9999 -9999 -9999 -9999 -9999 -9999 -9999 -9999 -9999 -9999 -9999 -9999 -9999 -9999 -9999 -9999 -9999 -9999 -9999 -9999 -9999 -9999 -9999 -9999 -9999 -9999 -9999 -9999 -9999 -9999 -9999 -9999 -9999 -9999 -9999 -9999 -9999 -9999 -9999 -9999 -9999 -9999 -9999 -9999 -9999 -9999 -9999 167 176 162 184 -9999 -9999 -9999 -9999 -9999 -9999 -9999 -9999 -9999 -9999 -9999 -9999 -9999 -9999 -9999 -9999 -9999 -9999 -9999 -9999 -9999
169 169 171 170 171 173 171 171 171 171 171 171 -9999 -9999 -9999 -9999 -9999 -9999 -9999 -9999 -9999 -9999 -9999 -9999 -9999 -9999 -9999 -9999 -9999 -9999 -9999 -9999 -9999 -9999 -9999 -9999 -9999 -9999 -9999 -9999 -9999 -9999 -9999 -9999 -9999 -9999 -9999 -9999 -9999 -9999 -9999 -9999 -9999 -9999 -9999 -9999 -9999 -9999 -9999 -9999 -9999 -9999 -9999 -9999 -9999 -9999 -9999 -9999 -9999 -9999 -9999 -9999 -9999 -9999 -9999 -9999 -9999 -9999 -9999 -9999 -9999 -9999 -9999 -9999 -9999 -9999 -9999 -9999 -9999 -9999 -9999 -9999 -9999 -9999 -9999
170 170 170 172 172 172 171 172 172 173 174 174 -9999 -9999 -9999 -9999 -9999 -9999 -9999 -9999 -9999 -9999 -9999 -9999 -9999 -9999 -9999 -9999 -9999 -9999 -9999 -9999 -9999 -9999 -9999 -9999 -9999 -9999 -9999 -9999 -9999 -9999 -9999 -9999 -9999 -9999 -9999 -9999 -9999 -9999 -9999 -9999 -9999 -9999 -9999 -9999 -9999 -9999 -9999 -9999 -9999 -9999 -9999 -9999 -9999 -9999 -9999 -9999 -9999 -9999 -9999 -9999 -9999 -9999 -9999 -9999 -9999 -9999 -9999 -9999 -9999 -9999 -9999 -9999 -9999 -9999 -9999 -9999 -9999 -9999 -9999 -9999 -9999 -9999 -9999
-9999 -9999 -9999 -9999 -9999 -9999 -9999 -9999 -9999 -9999 -9999 -9999 -9999 -9999 -9999 -9999 -9999 -9999 -9999 -9999 -9999 -9999 -9999 -9999 -9999 -9999 -9999 -9999 -9999 -9999 -9999 -9999 -9999 -9999 -9999 -9999 -9999 -9999 -9999 -9999 -9999 -9999 -9999 -9999 -9999 -9999 -9999 -9999 -9999 -9999 -9999 -9999 -9999 -9999 -9999 -9999 -9999 -9999 -9999 -9999 -9999 -9999 -9999 -9999 -9999 -9999 -9999 -9999 -9999 -9999 -9999 -9999 -9999 -9999 -9999 -9999 -9999 -9999 -9999 -9999 -9999 -9999 -9999 -9999 -9999 -9999 -9999 -9999 -9999 -9999 -9999 -9999 -9999 -9999 -9999
-9999 -9999 -9999 -9999 -9999 -9999 -9999 -9999 -9999 -9999 -9999 -9999 -9999 -9999 -9999 -9999 -9999 -9999 -9999 -9999 -9999 -9999 -9999 -9999 -9999 -9999 -9999 -9999 -9999 -9999 -9999 -9999 -9999 -9999 -9999 -9999 -9999 -9999 -9999 -9999 -9999 -9999 -9999 -9999 -9999 -9999 -9999 -9999 -9999 -9999 -9999 -9999 -9999 -9999 -9999 -9999 -9999 -9999 -9999 -9999 -9999 -9999 -9999 -9999 -9999 -9999 -9999 -9999 -9999 -9999 -9999 -9999 -9999 -9999 -9999 -9999 -9999 -9999 -9999 -9999 -9999 -9999 -9999 -9999 -9999 -9999 -9999 -9999 -9999 -9999 -9999 -9999 -9999 -9999 -9999
-9999 -9999 -9999 -9999 -9999 -9999 -9999 -9999 -9999 -9999 -9999 -9999 -9999 -9999 -9999 -9999 -9999 -9999 -9999 -9999 -9999 -9999 -9999 -9999 -9999 -9999 -9999 -9999 -9999 -9999 -9999 -9999 -9999 -9999 -9999 -9999 -9999 -9999 -9999 -9999 -9999 -9999 -9999 -9999 -9999 -9999 -9999 -9999 -9999 -9999 -9999 -9999 -9999 -9999 -9999 -9999 -9999 -9999 -9999 -9999 -9999 -9999 -9999 -9999 -9999 -9999 -9999 -9999 -9999 -9999 -9999 -9999 -9999 -9999 -9999 -9999 -9999 -9999 -9999 -9999 -9999 -9999 -9999 -9999 -9999 -9999 -9999 -9999 -9999 -9999 -9999 -9999 -9999 -9999 -9999
-9999 -9999 -9999 -9999 -9999 -9999 -9999 -9999 -9999 -9999 -9999 -9999 -9999 -9999 -9999 -9999 -9999 -9999 -9999 -9999 -9999 -9999 -9999 -9999 -9999 -9999 -9999 -9999 -9999 -9999 -9999 -9999 -9999 -9999 -9999 -9999 -9999 -9999 -9999 -9999 -9999 -9999 -9999 -9999 -9999 -9999 -9999 -9999 -9999 -9999 -9999 -9999 -9999 -9999 -9999 -9999 -9999 -9999 -9999 -9999 -9999 -9999 -9999 -9999 -9999 -9999 -9999 -9999 -9999 -9999 -9999 -9999 -9999 -9999 -9999 -9999 -9999 -9999 -9999 -9999 -9999 -9999 -9999 -9999 -9999 -9999 -9999 -9999 -9999 -9999 -9999 -9999 -9999 -9999 -9999
-9999 -9999 -9999 -9999 -9999 -9999 -9999 -9999 -9999 -9999 -9999 -9999 -9999 -9999 -9999 -9999 -9999 -9999 -9999 -9999 -9999 -9999 -9999 -9999 -9999 -9999 -9999 -9999 -9999 -9999 -9999 -9999 -9999 -9999 -9999 -9999 -9999 -9999 -9999 -9999 -9999 -9999 -9999 -9999 -9999 -9999 -9999 -9999 -9999 -9999 -9999 -9999 -9999 -9999 -9999 -9999 -9999 -9999 -9999 -9999 -9999 -9999 -9999 -9999 -9999 -9999 -9999 -9999 -9999 -9999 -9999 -9999 -9999 -9999 -9999 -9999 -9999 -9999 -9999 -9999 -9999 -9999 -9999 -9999 -9999 -9999 -9999 -9999 -9999 -9999 -9999 -9999 -9999 -9999 -9999
-9999 -9999 -9999 -9999 -9999 -9999 -9999 -9999 -9999 -9999 -9999 -9999 -9999 -9999 -9999 -9999 -9999 -9999 -9999 -9999 -9999 -9999 -9999 -9999 -9999 -9999 -9999 -9999 -9999 -9999 -9999 -9999 -9999 -9999 -9999 -9999 -9999 -9999 -9999 -9999 -9999 -9999 -9999 -9999 -9999 -9999 -9999 -9999 -9999 -9999 -9999 -9999 -9999 -9999 -9999 -9999 -9999 -9999 -9999 -9999 -9999 -9999 -9999 -9999 -9999 -9999 -9999 -9999 -9999 -9999 -9999 -9999 -9999 -9999 -9999 -9999 -9999 -9999 -9999 -9999 -9999 -9999 -9999 -9999 -9999 -9999 -9999 -9999 -9999 -9999 -9999 -9999 -9999 -9999 -9999
-9999 -9999 -9999 -9999 -9999 -9999 -9999 -9999 -9999 -9999 -9999 -9999 -9999 -9999 -9999 -9999 -9999 -9999 -9999 -9999 -9999 -9999 -9999 -9999 -9999 -9999 -9999 -9999 -9999 -9999 -9999 -9999 -9999 -9999 -9999 -9999 -9999 -9999 -9999 -9999 -9999 -9999 -9999 -9999 -9999 -9999 -9999 -9999 -9999 -9999 -9999 -9999 -9999 -9999 -9999 -9999 -9999 -9999 -9999 -9999 -9999 -9999 -9999 -9999 -9999 -9999 -9999 -9999 -9999 -9999 -9999 -9999 -9999 -9999 -9999 -9999 -9999 -9999 -9999 -9999 -9999 -9999 -9999 -9999 -9999 -9999 -9999 -9999 -9999 -9999 -9999 -9999 -9999 -9999 -9999
-9999 -9999 -9999 -9999 -9999 -9999 -9999 -9999 -9999 -9999 -9999 -9999 -9999 -9999 -9999 -9999 -9999 -9999 -9999 -9999 -9999 -9999 -9999 -9999 -9999 -9999 -9999 -9999 -9999 -9999 -9999 -9999 -9999 -9999 -9999 -9999 -9999 -9999 -9999 -9999 -9999 -9999 -9999 -9999 -9999 -9999 -9999 -9999 -9999 -9999 -9999 -9999 -9999 -9999 -9999 -9999 -9999 -9999 -9999 -9999 -9999 -9999 -9999 -9999 -9999 -9999 -9999 -9999 -9999 -9999 -9999 -9999 -9999 -9999 -9999 -9999 -9999 -9999 -9999 -9999 -9999 -9999 -9999 -9999 -9999 -9999 -9999 -9999 -9999 -9999 -9999 -9999 -9999 -9999 -9999
-9999 -9999 -9999 -9999 -9999 -9999 -9999 -9999 -9999 -9999 -9999 -9999 -9999 -9999 -9999 -9999 -9999 -9999 -9999 -9999 -9999 -9999 -9999 -9999 -9999 -9999 -9999 -9999 -9999 -9999 -9999 -9999 -9999 -9999 -9999 -9999 -9999 -9999 -9999 -9999 -9999 -9999 -9999 -9999 -9999 -9999 -9999 -9999 -9999 -9999 -9999 -9999 -9999 -9999 -9999 -9999 -9999 -9999 -9999 -9999 -9999 -9999 -9999 -9999 -9999 -9999 -9999 -9999 -9999 -9999 -9999 -9999 -9999 -9999 -9999 -9999 -9999 -9999 -9999 -9999 -9999 -9999 -9999 -9999 -9999 -9999 -9999 -9999 -9999 -9999 -9999 -9999 -9999 -9999 -9999
