sesion_6_simulaciones/modelos_distribucion_especies/ejemplo/variables/futuro_B2/2060/TMXI.asc
ncols 708
nrows 329
xllcorner -7.525000
yllcorner 35.991667
cellsize 0.008333
NODATA_value -9999
[rows 168 to 209 of 329, columns 380 to 474 of 708]
131 126 124 130 132 121 120 128 133 134 127 111 122 118 117 130 129 117 130 134 131 134 133 132 128 137 121 112 114 112 123 120 120 123 117 125 128 128 126 127 124 117 122 113 116 109 119 120 115 110 102 102 94 97 108 100 99 103 112 113 118 121 118 113 103 96 116 116 126 126 128 131 128 126 127 126 127 128 130 131 128 128 126 125 126 125 128 125 127 130 132 127 123 118 117
131 135 129 143 134 131 135 138 141 139 126 129 131 131 134 128 124 131 134 141 134 139 136 134 117 128 127 117 109 119 123 126 124 129 127 130 128 129 132 122 110 124 115 108 115 123 123 117 108 106 108 98 85 99 106 112 110 92 108 103 121 124 121 126 125 133 125 127 130 132 132 132 124 130 126 127 128 129 130 127 127 126 126 126 126 130 132 126 127 126 122 125 117 110 111
143 144 145 140 139 138 139 139 132 128 134 127 141 136 132 134 134 132 127 136 132 120 115 118 113 112 109 106 120 122 124 124 129 125 129 129 122 119 114 111 112 117 117 114 118 108 113 105 97 96 89 84 80 97 95 114 111 102 118 116 123 114 129 121 119 124 123 127 130 129 131 127 131 128 129 124 123 128 131 128 126 126 127 128 130 121 127 126 124 121 120 116 123 113 111
138 141 141 128 136 142 128 123 128 129 130 141 127 141 131 126 127 131 121 140 138 133 131 125 122 124 124 116 115 115 120 122 125 130 119 118 111 113 114 110 115 116 101 112 126 127 120 116 116 103 92 91 82 102 106 115 117 115 120 119 124 129 128 126 126 124 120 122 134 131 133 135 124 129 122 125 125 124 124 131 127 127 128 130 130 127 127 126 124 121 118 121 121 114 108
143 143 142 143 147 131 120 123 136 138 136 136 125 127 114 120 122 138 141 140 122 123 124 125 130 128 118 114 120 120 124 131 121 134 130 128 117 119 111 107 110 117 107 103 114 119 120 106 101 111 105 89 99 104 119 119 120 121 119 128 127 125 129 131 123 119 123 122 121 133 134 133 125 132 127 129 127 127 130 130 129 128 129 132 134 132 130 125 123 123 121 114 110 114 106
143 143 144 143 132 132 137 135 142 142 133 124 116 133 115 122 122 113 136 141 139 134 134 134 132 133 135 119 108 128 128 114 131 134 125 115 115 103 112 121 122 116 116 119 121 132 123 126 117 114 102 96 104 113 121 125 133 130 126 121 130 130 122 125 121 119 126 126 124 126 117 134 128 126 122 127 129 130 129 134 129 130 130 131 128 126 122 120 125 127 116 116 115 117 110
143 143 143 137 134 138 134 136 140 122 130 130 126 128 129 128 129 135 130 139 133 138 126 132 135 130 119 128 112 125 127 118 124 136 124 133 117 105 120 124 123 120 114 111 120 128 131 130 121 124 117 113 122 121 127 129 128 130 126 126 129 119 127 120 122 122 120 124 126 128 136 132 129 130 132 132 128 131 131 130 132 132 131 129 127 121 128 117 119 117 115 112 114 110 109
138 143 139 145 138 142 142 146 128 136 123 122 121 127 125 129 127 136 132 141 135 141 134 127 123 121 129 126 127 134 135 130 131 136 132 118 115 121 122 121 120 121 125 120 121 131 133 128 134 124 125 126 127 129 128 128 123 122 131 128 126 121 128 129 131 127 130 129 129 131 131 135 131 134 132 134 132 132 132 131 132 131 132 127 133 128 134 123 120 127 129 116 127 123 103
134 143 137 143 145 149 143 132 141 142 142 140 145 142 141 133 135 129 147 144 145 131 132 127 121 127 133 132 132 135 139 135 136 133 135 123 121 125 116 118 122 127 130 132 129 129 134 130 127 130 128 123 128 130 126 125 132 130 132 115 129 131 133 132 132 132 135 134 136 136 138 135 134 135 137 133 134 133 131 131 132 130 130 129 128 126 120 124 123 124 120 116 114 109 110
136 137 138 143 143 149 143 141 143 144 144 144 144 141 148 149 141 145 136 137 128 127 132 128 119 131 137 135 136 130 129 121 132 137 127 134 135 132 129 130 134 134 136 131 127 128 129 132 131 130 129 129 133 129 132 132 129 133 134 129 139 134 134 135 136 136 136 136 136 135 136 136 135 135 122 111 121 108 123 123 123 127 129 129 128 126 128 127 127 124 123 120 119 112 109
146 131 131 123 129 130 141 143 144 141 137 140 140 143 138 144 144 135 136 135 124 125 117 118 126 127 129 131 130 126 129 124 131 133 139 129 131 126 137 131 134 129 139 131 134 133 133 136 136 136 135 133 136 134 133 132 134 131 129 133 135 135 135 135 135 136 136 136 136 137 136 136 136 135 140 120 123 130 128 122 118 129 130 128 131 129 127 128 124 126 125 120 117 117 118
137 135 136 134 138 130 144 144 134 131 132 131 130 134 129 136 134 141 140 131 120 128 123 118 121 118 121 124 126 131 131 133 134 137 131 134 135 133 131 138 138 136 139 138 138 138 137 135 135 134 131 134 135 131 132 131 130 130 130 130 133 134 134 136 136 136 137 137 137 136 136 136 136 135 135 136 135 126 132 133 115 130 132 131 131 130 130 127 130 127 126 114 122 118 120
127 131 126 134 140 143 139 130 133 129 120 115 132 131 135 136 134 138 143 140 132 131 123 126 119 127 124 124 129 121 131 128 137 134 138 138 136 137 138 135 141 138 138 136 133 138 137 135 132 133 132 130 133 134 132 133 132 134 131 131 134 135 136 136 136 137 137 137 136 136 136 136 136 136 135 135 136 135 137 133 133 133 132 132 131 131 130 129 130 129 127 123 117 124 118
134 137 137 133 131 131 139 134 129 121 123 131 133 135 133 135 135 135 143 140 138 132 130 124 125 125 128 121 125 129 129 135 132 139 139 139 140 141 140 139 136 140 140 143 137 140 136 141 140 134 133 133 133 134 134 134 132 131 135 135 135 136 136 136 137 137 137 137 137 136 136 136 136 136 135 135 135 135 134 135 134 133 133 132 131 131 131 129 129 130 126 127 119 127 114
124 124 123 132 136 135 129 126 126 130 130 131 134 130 135 136 136 138 133 142 144 126 123 129 129 130 126 128 127 119 127 132 136 138 140 140 140 140 140 140 140 140 140 140 143 139 138 133 132 137 133 135 138 135 136 133 135 132 135 135 136 135 137 137 137 137 137 137 137 136 136 136 136 136 135 135 135 135 134 134 134 134 133 132 132 132 130 130 129 128 128 126 117 119 115
118 132 139 139 138 132 130 119 135 131 129 130 130 135 134 135 136 136 137 132 140 137 137 131 134 125 131 123 124 135 128 136 138 140 140 140 140 141 141 140 139 139 140 137 137 136 137 138 142 139 140 135 139 134 135 140 139 138 138 139 139 138 138 138 137 136 136 136 136 136 136 136 136 135 135 135 135 135 134 134 134 134 134 133 132 132 131 131 130 129 128 126 120 122 128
125 132 133 134 127 124 125 131 129 127 129 130 134 134 134 136 133 135 140 145 141 143 140 141 126 117 116 126 128 124 137 132 135 138 140 138 141 141 141 139 137 137 140 138 139 137 137 137 138 136 138 136 133 138 138 138 134 136 135 136 135 137 134 134 136 136 136 136 136 135 136 136 135 135 135 135 135 134 134 134 134 134 133 133 132 132 132 131 130 129 129 124 114 113 118
124 121 134 139 138 129 125 129 128 133 129 132 137 138 143 128 136 135 145 143 138 138 135 139 134 133 130 105 127 133 132 145 140 142 141 141 141 140 139 137 139 134 141 139 136 137 137 138 134 138 136 136 135 135 132 137 136 135 137 136 134 136 135 135 135 135 134 135 135 135 135 135 135 135 134 134 134 134 134 134 134 134 133 133 133 132 132 131 131 130 130 127 124 125 116
125 129 132 131 130 128 135 132 131 131 135 131 132 132 131 129 134 146 135 142 142 143 140 132 139 149 145 146 138 141 141 139 141 139 139 139 134 136 137 132 130 136 136 140 139 136 135 135 134 136 136 135 136 133 137 131 133 134 135 134 134 134 134 135 136 132 133 133 134 133 134 134 134 134 134 134 134 133 133 133 133 133 133 132 133 132 132 131 131 131 129 132 119 109 107
120 127 126 127 129 131 128 133 128 129 132 133 133 134 132 135 134 140 137 138 140 138 135 142 142 142 142 141 141 145 142 141 141 142 137 140 139 130 132 135 139 132 130 140 144 131 140 133 134 134 134 134 135 131 134 131 134 131 134 134 132 132 132 135 134 132 132 133 132 131 130 133 133 132 133 133 133 132 133 133 133 132 132 132 133 133 132 132 132 131 131 130 131 121 123
116 119 127 128 130 129 127 130 130 129 129 134 124 139 127 136 135 140 138 137 136 131 124 126 133 135 133 140 141 141 140 138 137 140 138 136 133 136 137 132 130 134 130 130 135 138 136 135 128 129 129 131 130 128 136 128 132 134 131 132 135 129 130 134 129 130 131 130 129 129 130 133 130 129 129 131 131 131 131 131 133 133 132 132 132 132 132 132 132 131 130 130 129 125 130
130 130 126 129 127 129 130 128 128 133 127 132 123 128 130 132 133 138 143 132 118 110 108 112 112 112 130 137 141 137 132 134 132 138 138 140 137 129 133 131 129 131 129 130 129 127 134 135 129 127 128 130 127 128 133 130 130 132 130 131 133 133 132 130 129 127 127 128 125 125 131 130 128 129 128 131 130 131 130 133 129 131 131 131 131 131 131 131 131 130 130 130 129 128 126
129 126 129 128 128 129 124 127 133 129 125 128 126 134 135 136 137 140 132 117 115 110 103 111 121 121 132 136 138 137 137 136 129 133 136 135 130 130 130 128 131 130 129 128 130 133 132 132 132 135 126 128 127 129 129 130 126 131 131 131 131 131 132 130 128 132 128 127 130 128 125 126 126 125 131 125 127 129 127 131 128 127 131 130 130 130 130 130 130 130 130 129 129 129 128
122 123 129 128 128 126 128 125 129 127 125 126 129 131 131 131 137 131 131 119 116 100 104 112 112 132 131 133 136 131 137 129 132 133 135 137 134 128 129 128 128 127 128 129 129 133 128 129 129 134 131 127 126 125 129 129 129 130 128 131 130 130 130 131 132 129 129 134 127 126 125 125 126 126 126 132 129 130 131 130 129 125 129 130 130 130 129 129 129 129 129 129 129 128 127
131 131 129 128 128 128 128 128 128 120 127 124 129 132 135 132 131 132 127 118 112 103 92 90 111 101 123 127 123 112 117 122 132 134 132 138 138 127 122 124 125 124 126 124 126 131 126 127 125 121 136 126 124 125 127 126 125 127 126 129 128 131 130 130 128 130 130 129 129 122 127 127 124 123 125 129 126 125 128 128 127 129 130 130 131 130 128 128 128 128 128 129 128 128 125
130 131 129 129 128 123 127 127 122 124 122 126 124 138 131 133 133 128 129 117 104 84 97 91 96 105 121 106 97 101 102 129 126 130 129 128 125 132 126 124 121 123 122 123 125 126 126 123 122 132 126 136 135 125 126 127 125 123 126 125 126 127 129 129 129 129 131 129 128 126 124 120 123 122 126 132 123 124 125 122 125 125 126 128 130 129 129 129 126 129 128 128 127 124 121
129 129 127 132 127 127 125 129 121 121 120 122 127 124 131 133 131 127 116 109 97 91 88 90 96 101 109 105 96 94 102 117 118 123 118 133 126 137 129 120 118 120 118 122 126 126 130 121 131 122 130 134 128 125 124 124 127 121 122 125 122 128 123 128 129 129 129 129 130 127 126 126 124 124 122 125 137 121 122 121 121 126 128 129 128 129 128 128 128 125 125 124 122 123 118
125 130 128 127 127 127 125 128 124 116 120 121 123 126 133 128 120 119 106 106 105 104 91 81 93 98 103 96 94 106 95 106 102 107 120 129 132 139 133 128 118 119 121 124 129 121 122 123 121 124 128 126 125 131 122 124 123 122 121 123 120 123 125 128 127 128 127 127 128 127 128 127 128 129 129 131 130 131 129 126 120 126 128 129 128 129 128 127 128 126 124 124 122 120 116
127 129 128 128 129 123 124 124 122 122 127 123 126 127 131 118 113 100 98 102 99 100 96 87 89 88 92 101 101 99 112 118 117 117 114 116 117 128 134 127 127 115 124 122 129 122 122 122 121 123 129 126 123 116 116 124 124 124 120 120 119 113 119 120 124 125 126 127 126 126 126 126 127 127 127 128 128 129 128 127 129 126 120 127 127 126 124 127 125 127 120 122 126 125 114
129 123 132 128 128 129 127 126 122 125 120 123 120 123 123 113 106 101 110 100 91 82 88 89 89 94 92 100 94 93 104 96 99 97 115 113 122 127 131 127 117 118 122 124 129 121 114 117 117 121 127 135 121 121 123 122 123 118 122 116 122 126 125 123 124 124 125 126 125 126 126 125 125 126 126 127 123 128 127 125 123 126 126 126 124 127 124 124 123 124 125 118 116 119 117
126 129 129 129 129 128 129 127 129 124 119 104 92 118 128 114 102 99 101 102 97 96 79 92 88 88 96 96 96 99 99 94 100 101 100 110 127 127 121 114 114 121 126 129 129 128 117 117 117 120 122 131 126 118 117 118 118 119 118 120 121 121 121 120 123 122 124 125 125 125 125 124 125 124 125 125 124 125 128 127 126 126 125 124 125 125 123 123 120 123 120 124 121 119 116
129 129 127 128 129 128 127 126 123 117 95 101 120 124 124 113 90 90 98 102 96 96 91 88 99 98 101 99 97 100 89 95 98 110 124 127 131 123 114 114 119 116 126 123 128 126 123 115 114 117 122 127 130 122 121 122 117 118 114 117 115 121 119 123 122 123 122 124 123 123 123 124 124 123 125 121 126 123 125 127 127 127 126 124 123 120 123 122 121 121 117 116 118 118 118
129 129 128 129 126 122 123 123 116 103 96 98 101 119 123 120 97 91 92 94 99 97 96 96 99 94 105 102 106 106 116 112 104 110 113 105 112 128 120 113 107 113 119 123 123 128 125 113 115 113 115 128 130 131 127 125 116 116 118 117 118 119 118 119 121 121 121 121 119 121 119 120 120 120 118 128 125 124 126 126 124 125 121 123 124 123 120 122 119 119 117 116 115 114 111
125 126 127 129 129 128 128 123 120 118 109 113 126 118 111 103 98 81 75 80 91 86 93 94 98 89 97 99 103 105 103 106 117 114 110 110 118 111 108 111 112 112 112 115 123 129 123 125 113 113 114 117 124 127 125 114 119 115 116 116 114 115 118 120 118 118 118 117 117 121 119 119 117 120 116 119 122 124 121 125 120 122 123 122 123 122 120 114 107 103 104 103 105 105 106
125 119 118 129 127 129 127 126 126 125 123 123 121 115 110 101 95 90 90 83 93 93 94 94 88 99 102 101 98 102 112 117 115 116 120 122 120 122 113 113 114 113 111 119 124 124 126 122 119 111 116 123 129 132 122 112 117 110 115 117 108 114 117 119 117 118 118 118 116 116 117 115 115 118 118 119 117 123 122 117 119 120 122 122 123 124 122 110 104 111 98 97 89 104 93
131 131 133 131 131 123 123 127 125 127 116 113 107 117 112 104 108 95 92 90 95 99 99 101 95 99 87 100 98 100 97 113 116 121 119 119 119 115 119 117 114 117 119 119 121 120 123 122 118 114 112 123 125 121 121 116 109 115 115 116 114 114 115 116 113 110 114 108 115 104 115 112 105 106 107 111 113 118 110 112 114 115 117 121 122 124 124 127 111 103 109 98 95 107 105
130 133 134 131 134 132 130 128 121 105 105 110 115 95 103 109 105 103 93 77 94 93 97 95 105 105 96 101 104 103 104 113 124 120 119 110 122 118 116 119 119 122 123 122 128 126 121 123 116 114 114 114 124 121 119 112 117 107 108 111 113 113 111 112 112 110 109 111 108 106 103 113 110 111 116 114 118 107 112 113 115 119 120 121 126 126 126 123 128 130 119 117 121 120 113
132 131 129 130 122 121 122 122 105 104 100 100 110 115 102 113 105 101 106 103 97 100 101 102 107 109 104 103 105 104 114 116 116 116 110 119 119 120 120 119 117 116 119 125 121 124 117 110 113 112 111 116 121 125 121 117 117 120 112 111 109 111 109 108 108 97 95 100 101 100 102 108 109 109 110 114 111 113 114 114 113 113 118 121 124 124 127 128 129 130 131 135 124 121 122
129 124 123 117 116 106 102 105 118 112 117 115 125 125 125 118 112 111 110 106 108 104 104 103 106 103 110 103 106 114 112 119 115 116 116 119 119 119 118 119 117 120 114 114 124 123 121 115 114 111 110 115 116 118 123 124 120 116 113 109 108 109 109 105 111 108 108 105 102 103 107 107 107 109 110 113 113 114 114 115 115 116 114 119 124 123 123 126 129 129 129 129 129 127 125
123 124 118 117 109 92 97 108 110 124 122 122 122 121 119 119 111 112 113 111 110 114 115 112 105 113 115 105 107 118 118 117 116 114 115 113 109 104 118 116 115 116 116 114 117 122 122 120 114 104 107 107 112 121 123 126 126 123 117 112 110 109 101 100 99 96 105 106 105 107 102 106 103 106 102 111 112 112 114 115 114 112 116 117 125 122 120 122 128 129 129 128 127 127 128
127 121 116 114 106 96 101 108 121 123 124 121 122 121 122 121 112 102 100 107 108 121 117 125 122 122 120 112 113 114 117 117 117 114 115 116 120 115 105 102 114 113 112 117 117 115 117 109 109 109 109 110 107 113 118 125 125 123 124 124 118 113 104 100 97 94 95 102 101 101 100 101 104 107 109 109 108 110 104 105 111 114 120 122 123 131 129 127 122 115 129 128 127 127 127
127 120 116 111 103 93 81 108 118 122 123 106 105 103 112 118 116 105 95 97 117 104 119 121 122 123 122 127 122 124 119 120 114 112 111 114 116 116 114 110 111 111 116 107 120 120 118 119 115 110 110 110 112 112 117 120 125 125 122 111 114 116 114 106 103 104 108 110 104 100 100 97 99 102 103 105 107 106 108 110 110 117 118 120 118 123 125 127 127 128 122 129 127 127 126
