sesion_6_simulaciones/modelos_distribucion_especies/ejemplo/variables/futuro_B2/2060/TMXV.asc
ncols 708
nrows 329
xllcorner -7.525000
yllcorner 35.991667
cellsize 0.008333
NODATA_value -9999
[rows 246 to 286 of 329, columns 188 to 281 of 708]
348 348 348 349 350 351 351 351 352 352 352 351 352 352 353 353 354 354 354 352 350 350 350 352 354 354 355 355 355 354 354 355 355 355 353 352 350 349 347 347 348 350 351 350 347 343 340 338 346 348 350 351 345 343 345 334 331 337 333 340 339 345 331 324 318 321 321 322 326 327 331 327 331 323 315 314 322 323 315 310 325 328 327 317 318 320 319 315 314 319 321 317 312 304
348 348 348 349 350 351 351 351 352 352 351 351 352 352 352 352 353 353 353 353 350 353 354 354 354 352 355 355 355 355 355 354 356 352 354 349 351 352 351 350 348 349 348 346 341 342 341 346 346 349 351 347 348 350 347 344 343 344 344 345 341 337 333 327 320 320 323 318 333 333 327 326 313 307 319 325 322 301 304 314 327 328 326 322 317 311 316 321 320 316 320 298 310 309
348 348 349 349 350 350 350 350 351 349 350 351 351 352 352 352 353 353 351 350 346 353 354 354 354 354 355 354 354 354 353 350 355 351 351 353 352 353 353 350 348 343 351 343 341 340 336 351 351 345 341 336 341 345 345 350 349 344 339 336 343 338 330 323 328 325 328 333 335 330 319 312 316 319 321 316 315 307 304 323 331 333 329 319 316 315 314 311 316 314 317 306 310 308
347 348 349 349 350 350 350 350 350 351 351 351 351 351 351 352 352 352 352 350 349 353 354 354 354 354 355 353 354 354 356 356 356 345 349 351 350 353 353 349 353 344 342 341 340 344 345 343 344 341 343 341 341 341 336 341 344 345 342 345 344 342 334 314 325 331 329 331 327 316 307 317 309 321 313 308 302 318 323 331 339 336 324 319 319 315 320 312 324 316 314 310 313 315
347 348 348 349 349 349 349 349 350 350 350 351 351 351 351 351 351 352 351 351 350 351 353 352 352 353 350 354 355 355 354 354 351 345 353 352 351 352 354 355 348 348 343 350 343 347 347 346 346 341 341 337 340 337 340 335 338 343 346 345 345 344 336 337 337 330 334 333 321 303 315 315 321 311 304 309 318 322 331 335 335 333 326 321 321 318 321 313 308 320 309 318 318 320
347 347 348 349 348 348 349 349 349 349 350 350 350 350 350 351 351 351 351 350 350 352 353 352 350 348 338 344 352 353 353 351 350 350 351 344 352 349 355 352 352 344 348 348 336 339 337 345 346 344 344 335 336 337 337 336 331 344 344 340 341 341 341 342 336 329 329 333 313 311 308 315 315 314 316 318 325 336 339 332 322 316 314 329 329 323 326 317 326 327 314 318 321 322
347 347 348 348 348 348 348 348 349 349 349 349 350 350 350 350 350 350 350 349 351 350 348 349 349 347 350 351 351 351 351 353 351 348 347 349 356 354 355 352 349 351 352 347 345 340 343 349 335 349 347 339 337 336 337 336 334 340 333 340 337 335 333 332 336 330 329 326 314 307 316 312 309 318 326 334 334 337 334 325 319 321 322 324 323 323 325 332 321 315 327 325 316 320
346 347 347 347 347 347 348 348 348 348 349 349 349 349 349 350 349 349 350 349 349 345 344 348 346 343 336 336 337 337 332 338 339 335 341 350 353 353 352 352 348 350 350 344 341 343 342 343 348 346 341 338 337 332 332 334 330 338 336 335 334 334 332 326 321 330 328 328 309 310 317 312 303 320 330 334 335 338 331 327 324 321 323 324 319 320 323 324 322 326 327 325 323 324
346 347 346 346 347 347 347 347 348 348 348 348 349 349 349 349 349 349 349 348 349 342 342 341 343 344 344 345 346 347 345 338 342 336 341 337 351 354 353 339 342 333 343 348 348 341 340 341 344 342 343 337 340 336 333 334 334 336 332 333 332 330 328 330 323 328 330 332 329 313 311 318 324 330 333 335 338 336 331 325 319 310 323 322 320 318 326 325 333 327 331 326 319 317
346 346 346 346 346 346 347 347 347 348 348 348 348 348 348 346 348 347 346 348 348 343 343 340 345 341 346 346 347 347 347 347 347 338 336 338 349 352 349 346 343 342 346 348 350 347 342 342 343 346 342 340 337 334 330 328 336 331 332 333 336 330 332 329 325 329 329 333 330 325 324 323 326 330 331 338 332 331 331 320 317 314 318 316 316 323 330 328 328 328 322 331 328 327
341 343 346 345 346 347 346 347 347 347 347 348 348 347 347 347 346 347 346 331 343 343 347 346 346 348 348 347 346 343 341 346 347 345 333 331 349 347 347 345 344 340 344 348 349 348 342 339 336 344 339 336 333 331 330 332 333 332 332 333 332 328 326 330 328 327 332 334 327 329 330 328 330 330 333 337 335 332 329 324 309 311 321 311 329 325 327 331 323 322 320 322 312 313
344 343 343 346 346 345 346 346 346 347 347 347 347 347 346 345 346 346 342 340 342 342 345 344 345 344 343 339 340 342 343 343 347 346 340 332 342 351 347 350 347 337 346 344 346 335 336 337 333 339 336 335 333 331 332 339 336 334 331 338 332 330 327 326 328 329 333 331 332 333 324 324 330 329 335 336 331 331 329 323 308 319 317 320 323 326 330 325 317 318 313 317 310 317
342 341 345 345 346 346 345 346 345 346 346 346 346 346 345 345 345 345 334 336 338 340 341 340 339 338 340 341 342 343 341 345 343 348 344 333 336 349 348 348 340 338 341 342 334 336 335 326 333 337 332 334 334 333 339 340 337 336 331 333 332 330 321 322 323 327 328 330 332 333 321 320 324 327 331 334 332 329 328 322 310 316 318 319 328 328 324 318 317 319 314 312 309 304
343 343 343 345 346 346 346 345 345 345 345 346 345 346 346 345 344 344 337 343 344 341 343 342 337 341 342 342 336 347 348 347 348 348 343 332 340 343 346 348 342 334 341 332 333 332 330 328 335 329 334 334 334 328 340 337 333 336 333 329 326 326 321 321 321 327 332 332 331 333 329 330 331 328 330 332 333 328 325 319 317 317 321 330 328 331 322 323 318 312 312 314 309 313
343 342 341 341 345 346 346 345 343 345 346 347 347 347 346 344 344 344 342 342 346 346 340 343 343 345 344 343 345 347 346 343 348 348 340 333 344 342 342 345 345 342 341 337 333 327 333 329 332 336 337 333 340 340 339 337 336 332 332 329 325 325 323 324 323 326 329 326 323 321 322 317 320 325 317 328 331 327 323 307 315 314 313 328 328 327 328 324 323 321 318 319 309 315
342 342 342 341 344 345 346 345 345 346 347 347 346 343 342 344 343 342 344 346 346 347 344 340 342 347 344 347 348 348 349 348 342 345 335 341 342 346 345 341 338 332 335 339 339 339 338 338 333 336 336 331 339 341 338 338 337 328 323 320 322 326 324 319 324 325 326 326 330 331 319 320 325 327 328 332 328 319 315 312 312 316 324 329 333 319 316 309 313 302 306 311 311 309
341 342 342 341 342 344 344 346 346 347 346 346 346 344 343 344 343 342 344 347 346 344 346 342 344 344 348 345 345 348 349 344 338 343 343 342 340 344 342 335 332 328 334 338 337 342 340 334 334 334 329 340 343 336 334 335 327 328 324 325 325 322 327 327 324 328 329 332 336 333 327 332 326 322 332 330 324 323 314 313 309 323 330 326 332 322 320 314 309 309 314 316 310 309
341 340 342 342 342 343 344 345 345 346 345 346 346 344 343 343 343 345 346 348 346 347 348 347 339 341 343 339 340 345 347 346 342 346 342 337 338 338 323 325 331 326 330 334 334 337 334 336 337 340 336 339 341 340 340 326 326 325 324 327 322 328 327 329 328 329 336 338 339 339 333 322 322 328 323 324 322 321 317 320 321 312 320 328 324 319 311 315 316 312 315 311 311 308
341 341 341 342 344 340 343 345 345 345 345 345 345 346 345 345 344 344 346 347 345 345 348 347 346 348 346 345 342 345 349 341 344 341 344 344 342 337 317 323 327 325 318 326 334 332 330 333 334 335 337 339 341 342 328 329 327 326 322 319 324 324 324 331 333 336 321 324 332 335 332 322 320 314 316 317 323 317 320 317 317 316 321 323 327 316 327 322 321 316 311 305 303 306
338 340 341 340 342 342 344 343 341 342 344 344 344 345 344 346 345 345 344 348 348 348 349 349 348 348 347 348 346 347 347 341 345 346 346 342 339 339 335 326 320 319 320 320 323 330 330 328 331 337 337 341 342 338 329 334 326 328 324 321 324 324 325 329 334 340 328 321 326 327 326 322 323 316 303 318 322 316 323 317 320 323 335 322 324 315 314 312 311 301 303 305 297 298
340 340 340 341 343 342 344 345 345 345 346 341 344 345 345 344 347 347 347 347 348 348 348 348 345 343 348 350 349 340 345 345 349 340 343 329 341 334 334 322 321 319 311 326 323 322 330 330 332 335 339 341 342 332 334 333 328 321 325 319 320 320 325 326 334 333 335 328 328 330 331 326 316 322 319 319 323 321 327 324 321 326 327 320 319 320 313 310 307 306 300 306 303 301
339 340 340 342 343 342 344 345 345 345 346 346 343 340 346 343 346 347 347 343 347 349 348 349 343 345 347 347 336 340 343 347 344 346 342 337 337 334 325 322 323 320 315 318 329 329 332 331 332 333 335 340 338 339 335 328 326 324 324 320 326 321 329 330 336 334 332 330 329 333 331 326 316 317 318 325 318 326 328 329 328 326 321 321 319 311 315 300 302 297 302 297 298 299
339 340 341 343 343 343 343 344 345 345 345 346 345 345 346 343 343 343 347 347 348 347 349 347 339 342 347 348 343 343 346 349 347 347 346 338 339 334 316 327 327 324 326 320 327 333 334 333 330 337 337 338 337 336 332 329 330 328 325 330 329 331 331 331 330 333 338 338 334 335 331 322 321 310 321 331 329 325 335 332 327 328 320 317 313 306 304 299 291 289 292 293 306 312
339 340 341 342 342 343 344 344 342 342 345 346 345 346 345 346 346 345 346 346 346 348 348 347 346 346 346 348 343 345 345 348 341 338 339 339 341 339 337 334 334 331 326 321 326 322 334 335 335 339 342 338 339 340 335 332 332 323 324 326 338 334 336 331 337 339 340 333 333 335 332 327 325 318 324 331 331 336 331 328 324 310 312 315 311 308 301 296 286 283 287 288 302 308
337 339 340 340 342 343 343 341 343 342 345 344 346 346 346 345 344 345 343 346 346 347 345 347 347 345 346 349 347 348 348 347 345 345 345 343 343 340 341 340 329 328 324 321 324 325 331 331 331 333 335 336 336 338 336 334 335 327 330 325 331 335 337 339 339 341 341 338 336 336 333 332 327 330 331 331 335 328 329 323 315 301 315 312 302 307 289 283 291 286 277 287 295 311
340 341 338 334 339 342 341 341 343 344 344 346 346 346 346 346 346 346 345 345 344 346 344 344 343 343 346 348 349 348 343 346 346 346 347 347 345 340 342 342 338 328 327 324 332 328 335 334 335 337 331 334 338 338 339 341 334 330 330 328 329 337 340 337 340 341 341 334 335 336 334 331 331 331 331 333 329 329 326 321 310 304 312 307 312 306 292 294 296 291 288 295 297 298
340 341 338 335 336 340 340 343 344 343 343 345 346 346 346 347 345 343 346 344 347 346 343 345 346 348 344 345 343 334 341 340 344 348 348 348 346 341 342 330 332 333 331 329 330 333 330 331 338 336 339 334 332 333 336 340 329 333 332 332 334 335 338 339 340 341 339 339 335 337 333 331 330 333 335 331 329 328 327 322 299 306 306 308 315 307 314 308 300 294 294 286 301 304
341 340 340 335 338 341 342 343 344 343 344 345 346 344 346 343 344 346 345 339 341 346 345 345 346 347 345 342 341 339 341 338 342 346 341 341 342 336 342 342 340 326 331 329 326 328 330 333 333 337 335 336 329 332 331 332 333 338 334 336 338 340 338 339 340 340 340 335 334 336 333 329 328 327 334 329 328 329 326 323 308 304 308 314 308 312 312 313 312 307 300 304 306 307
341 341 341 341 340 342 343 343 344 344 344 343 342 344 343 345 343 340 343 344 345 346 346 345 345 347 346 345 346 346 345 345 342 346 343 342 340 341 336 338 344 336 336 335 329 331 337 334 330 335 331 334 329 330 334 330 336 338 335 338 341 341 338 338 340 340 339 334 337 333 330 332 330 327 330 329 332 324 324 319 321 316 314 313 314 315 315 313 315 316 314 313 312 310
341 341 341 342 342 342 341 343 344 343 343 343 343 342 341 344 339 342 343 344 346 343 342 344 346 347 346 346 347 346 346 345 346 347 345 342 341 342 340 340 342 343 332 332 333 337 336 334 331 329 332 327 330 333 331 331 333 336 338 338 338 340 339 338 338 339 339 338 337 332 332 330 327 327 330 333 327 326 324 323 323 322 316 315 312 317 317 313 315 315 308 311 311 310
339 337 340 340 341 342 342 343 343 341 341 339 342 342 340 343 344 343 342 345 345 342 343 343 346 346 346 346 346 347 347 347 347 344 345 345 344 344 345 342 339 337 336 335 331 337 331 334 332 336 333 330 327 324 328 333 333 336 337 338 338 341 339 338 336 336 338 337 335 331 332 328 330 328 330 333 328 327 327 323 320 320 320 316 314 316 314 306 312 311 307 308 307 302
338 338 336 339 341 342 341 338 338 341 338 342 342 342 342 342 344 342 345 345 344 343 342 342 344 343 346 346 346 346 344 346 347 347 347 346 347 345 340 338 332 334 331 334 334 332 334 331 333 336 331 328 327 328 331 328 335 337 333 331 338 341 340 338 334 336 338 336 336 333 332 331 328 328 325 332 331 330 326 322 318 318 319 315 312 313 315 314 311 308 306 301 -9999 -9999
333 334 337 338 339 340 340 340 337 339 342 340 340 339 342 343 341 337 342 344 344 344 343 344 341 343 345 344 345 344 345 346 343 346 347 347 346 344 340 339 337 334 329 337 335 334 331 332 332 332 331 329 325 325 324 328 327 329 330 332 336 339 340 335 336 336 337 337 336 336 334 332 330 326 328 331 329 327 327 323 316 315 314 312 317 313 313 313 310 306 303 295 -9999 -9999
333 335 334 338 339 340 341 342 342 342 342 341 339 339 340 340 341 339 342 344 343 341 341 342 342 342 344 343 345 345 344 346 345 345 346 346 346 344 339 335 339 332 335 333 328 333 330 332 332 335 331 327 326 326 326 325 329 328 332 333 336 337 336 334 337 334 334 333 336 335 335 334 333 329 328 331 330 328 326 322 316 313 310 312 314 310 310 310 -9999 -9999 -9999 -9999 -9999 -9999
334 333 334 336 338 340 340 340 341 342 341 339 338 338 339 341 338 341 342 343 341 340 342 339 339 342 343 343 345 344 345 345 344 344 346 344 345 341 337 338 337 334 335 332 330 332 335 331 329 334 332 332 329 327 327 331 331 329 330 334 335 338 337 337 336 334 334 334 330 334 331 328 329 328 331 326 327 327 324 322 313 314 308 313 314 310 306 306 -9999 -9999 -9999 -9999 -9999 -9999
335 334 336 338 339 339 340 340 341 341 341 336 340 341 340 336 339 342 342 343 342 339 341 342 340 343 343 342 344 344 344 341 341 344 345 345 345 340 331 334 338 335 335 333 331 332 332 331 333 332 328 329 330 331 326 329 332 329 329 327 330 336 338 337 337 336 333 329 330 330 326 328 328 322 327 326 328 327 324 319 314 312 311 314 310 310 304 300 -9999 -9999 -9999 -9999 -9999 -9999
334 334 334 336 338 338 339 339 340 340 340 339 340 340 340 341 341 341 342 342 342 342 341 340 342 343 343 343 344 344 342 342 344 344 344 344 344 341 338 334 333 333 335 331 327 330 325 328 330 328 331 327 332 328 329 332 332 332 333 333 329 335 338 336 336 334 330 333 327 328 325 326 327 325 324 326 327 324 320 313 313 312 309 311 303 306 302 292 -9999 -9999 -9999 -9999 -9999 -9999
333 332 333 337 338 338 337 337 338 340 340 340 340 340 340 341 341 341 341 341 340 339 341 342 342 342 342 343 343 342 339 342 341 342 341 343 344 341 340 339 334 336 334 330 328 327 328 325 326 328 326 329 332 330 332 333 330 331 329 330 329 334 334 334 336 332 327 328 329 326 326 327 325 324 327 326 326 326 322 316 309 311 309 309 305 302 -9999 -9999 -9999 -9999 -9999 -9999 -9999 -9999
333 331 333 336 336 334 336 336 337 338 337 338 338 339 339 339 338 335 339 340 341 341 341 341 341 342 341 342 339 331 331 337 340 341 340 340 339 343 341 337 335 328 331 328 328 324 329 330 329 327 324 328 328 332 332 331 333 331 329 328 333 330 336 336 335 332 328 326 326 328 326 328 325 325 326 325 326 325 317 312 314 312 309 309 304 297 -9999 -9999 -9999 -9999 -9999 -9999 -9999 -9999
334 333 334 335 334 332 333 334 333 336 337 336 336 336 336 335 336 336 336 339 340 340 340 340 341 341 340 338 333 330 336 336 340 338 338 341 338 333 339 341 338 335 332 329 326 325 322 323 326 323 324 324 326 328 330 329 330 332 328 327 332 334 333 335 335 332 328 328 329 327 325 327 321 323 325 325 325 323 318 315 314 312 307 308 304 297 -9999 -9999 -9999 -9999 -9999 -9999 -9999 -9999
331 333 334 334 335 334 330 334 335 336 336 336 335 335 335 335 335 335 338 339 339 339 339 340 337 336 335 335 332 331 335 332 336 332 338 336 337 336 327 336 340 334 326 329 327 321 324 322 325 327 323 326 331 323 331 331 333 329 331 329 329 333 333 334 334 333 330 328 327 326 326 328 324 322 322 324 324 322 312 316 313 310 307 302 297 286 -9999 -9999 -9999 -9999 -9999 -9999 -9999 -9999
