sesion_6_simulaciones/modelos_distribucion_especies/ejemplo/variables/futuro_B2/2050/PA.asc
ncols 708
nrows 329
xllcorner -7.525000
yllcorner 35.991667
cellsize 0.008333
NODATA_value -9999
[rows 41 to 81 of 329, columns 188 to 281 of 708]
-9999 -9999 -9999 -9999 -9999 -9999 -9999 -9999 -9999 -9999 -9999 -9999 -9999 -9999 -9999 -9999 -9999 -9999 -9999 -9999 -9999 -9999 -9999 -9999 -9999 -9999 -9999 -9999 -9999 -9999 -9999 -9999 -9999 -9999 -9999 -9999 -9999 -9999 -9999 -9999 -9999 -9999 -9999 -9999 -9999 -9999 436 440 448 431 441 438 436 435 436 433 430 427 427 426 426 424 425 425 425 424 422 422 422 421 419 418 419 420 428 423 428 421 416 417 415 416 418 423 424 433 430 430 443 432 435 440 442 441
-9999 -9999 -9999 -9999 -9999 -9999 -9999 -9999 -9999 -9999 -9999 -9999 -9999 -9999 -9999 -9999 -9999 -9999 -9999 -9999 -9999 -9999 -9999 -9999 -9999 -9999 -9999 -9999 -9999 -9999 -9999 -9999 -9999 -9999 -9999 -9999 -9999 -9999 -9999 -9999 -9999 -9999 -9999 -9999 -9999 -9999 -9999 -9999 435 436 441 435 441 439 437 433 432 430 428 427 426 425 425 425 424 422 420 418 415 415 414 414 413 418 422 431 430 424 422 419 418 420 421 424 429 429 440 447 438 445 443 441 445 447
-9999 -9999 -9999 -9999 -9999 -9999 -9999 -9999 -9999 -9999 -9999 -9999 -9999 -9999 -9999 -9999 -9999 -9999 -9999 -9999 -9999 -9999 -9999 -9999 -9999 -9999 -9999 -9999 -9999 -9999 -9999 -9999 -9999 -9999 -9999 -9999 -9999 -9999 -9999 -9999 -9999 -9999 -9999 -9999 -9999 -9999 -9999 -9999 430 430 434 437 441 434 439 437 436 432 430 430 429 428 428 427 424 421 419 417 415 414 411 411 409 410 415 424 427 427 415 425 427 424 425 427 430 433 436 445 452 457 451 450 451 451
-9999 -9999 -9999 -9999 -9999 -9999 -9999 -9999 -9999 -9999 -9999 -9999 -9999 -9999 -9999 -9999 -9999 -9999 -9999 -9999 -9999 -9999 -9999 -9999 -9999 -9999 -9999 -9999 -9999 -9999 -9999 -9999 -9999 -9999 -9999 -9999 -9999 -9999 -9999 -9999 -9999 -9999 -9999 -9999 -9999 -9999 -9999 429 431 434 433 436 437 437 438 440 437 437 435 433 432 432 431 428 426 424 421 418 416 414 412 411 409 408 409 411 414 415 418 426 423 429 431 432 433 439 446 453 447 460 457 465 461 455
-9999 -9999 -9999 -9999 -9999 -9999 -9999 -9999 -9999 -9999 -9999 -9999 -9999 -9999 -9999 -9999 -9999 -9999 -9999 -9999 -9999 -9999 -9999 -9999 -9999 -9999 -9999 -9999 -9999 -9999 -9999 -9999 -9999 -9999 -9999 -9999 -9999 -9999 -9999 -9999 -9999 -9999 -9999 -9999 -9999 -9999 -9999 431 435 434 437 439 435 439 439 437 441 441 438 436 435 434 432 428 428 424 421 420 417 414 415 412 411 409 408 407 408 409 410 414 421 429 437 430 439 445 447 442 435 451 456 456 462 459
-9999 -9999 -9999 -9999 -9999 -9999 -9999 -9999 -9999 -9999 -9999 -9999 -9999 -9999 -9999 -9999 -9999 -9999 -9999 -9999 -9999 -9999 -9999 -9999 -9999 -9999 -9999 -9999 -9999 -9999 -9999 -9999 -9999 -9999 -9999 -9999 -9999 -9999 -9999 -9999 -9999 -9999 -9999 -9999 -9999 -9999 -9999 432 434 434 439 440 443 444 445 442 445 444 441 438 436 434 429 428 424 421 421 418 417 413 412 414 415 413 411 406 406 405 409 411 416 427 434 436 439 442 440 444 442 438 439 445 454 453
-9999 -9999 -9999 -9999 -9999 -9999 -9999 -9999 -9999 -9999 -9999 -9999 -9999 -9999 -9999 -9999 -9999 -9999 -9999 -9999 -9999 -9999 -9999 -9999 -9999 -9999 -9999 -9999 -9999 -9999 -9999 -9999 -9999 -9999 -9999 -9999 -9999 -9999 -9999 -9999 -9999 -9999 -9999 -9999 -9999 -9999 432 433 436 437 439 440 443 447 452 453 446 451 442 443 435 432 427 424 419 418 415 413 413 412 414 412 420 416 418 412 406 406 407 414 424 424 430 436 439 439 439 437 437 435 436 438 444 449
-9999 -9999 -9999 -9999 -9999 -9999 -9999 -9999 -9999 -9999 -9999 -9999 -9999 -9999 -9999 -9999 -9999 -9999 -9999 -9999 -9999 -9999 -9999 -9999 -9999 -9999 -9999 -9999 -9999 -9999 -9999 -9999 -9999 -9999 -9999 -9999 -9999 -9999 -9999 -9999 -9999 -9999 -9999 -9999 -9999 -9999 -9999 -9999 438 440 440 441 442 446 450 456 459 453 454 445 436 430 424 421 421 415 414 411 408 408 409 415 413 413 415 410 408 407 409 403 426 424 432 427 438 436 435 437 444 441 435 436 439 441
-9999 -9999 -9999 -9999 -9999 -9999 -9999 -9999 -9999 -9999 -9999 -9999 -9999 -9999 -9999 -9999 -9999 -9999 -9999 -9999 -9999 -9999 -9999 -9999 -9999 -9999 -9999 -9999 -9999 -9999 -9999 -9999 -9999 -9999 -9999 -9999 -9999 -9999 -9999 -9999 -9999 -9999 -9999 -9999 -9999 -9999 -9999 -9999 440 443 443 444 445 448 447 452 458 462 438 443 441 430 423 419 420 415 413 411 408 406 403 405 407 407 407 405 401 404 410 411 420 419 419 418 423 427 443 445 449 448 443 443 437 436
-9999 -9999 -9999 -9999 -9999 -9999 -9999 -9999 -9999 -9999 -9999 -9999 -9999 -9999 -9999 -9999 -9999 -9999 -9999 -9999 -9999 -9999 -9999 -9999 -9999 -9999 -9999 -9999 -9999 -9999 -9999 -9999 -9999 -9999 -9999 -9999 -9999 -9999 -9999 -9999 -9999 -9999 -9999 -9999 -9999 -9999 -9999 -9999 -9999 -9999 444 445 446 446 444 442 444 442 441 439 435 425 419 416 415 414 411 410 405 401 399 398 397 399 399 399 400 400 404 413 414 415 413 413 417 422 429 436 442 451 443 440 433 441
-9999 -9999 -9999 -9999 -9999 -9999 -9999 -9999 -9999 -9999 -9999 -9999 -9999 -9999 -9999 -9999 -9999 -9999 -9999 -9999 -9999 -9999 -9999 -9999 -9999 -9999 -9999 -9999 -9999 -9999 -9999 -9999 -9999 -9999 -9999 -9999 -9999 -9999 -9999 -9999 -9999 -9999 -9999 -9999 -9999 -9999 -9999 -9999 -9999 -9999 448 446 446 444 441 437 433 431 429 425 422 418 415 411 410 407 405 402 400 398 398 395 394 395 396 396 397 393 396 400 401 404 406 407 412 414 424 426 437 434 444 441 448 440
-9999 -9999 -9999 -9999 -9999 -9999 -9999 -9999 -9999 -9999 -9999 -9999 -9999 -9999 -9999 -9999 -9999 -9999 -9999 -9999 -9999 -9999 -9999 -9999 -9999 -9999 -9999 -9999 -9999 -9999 -9999 -9999 -9999 -9999 -9999 -9999 -9999 -9999 -9999 -9999 -9999 -9999 -9999 -9999 -9999 -9999 -9999 -9999 -9999 -9999 447 450 449 447 439 435 434 431 427 425 424 419 414 409 404 403 401 399 398 398 397 395 393 393 395 394 395 390 392 395 396 400 399 402 411 411 417 417 423 430 435 441 443 433
-9999 -9999 -9999 -9999 -9999 -9999 -9999 -9999 -9999 -9999 -9999 -9999 -9999 -9999 -9999 -9999 -9999 -9999 -9999 -9999 -9999 -9999 -9999 -9999 -9999 -9999 -9999 -9999 -9999 -9999 -9999 -9999 -9999 -9999 -9999 -9999 -9999 -9999 -9999 -9999 -9999 -9999 -9999 -9999 -9999 -9999 -9999 -9999 -9999 -9999 452 453 453 450 448 445 438 434 432 426 422 419 407 411 404 401 398 396 396 397 392 394 394 392 392 392 393 392 392 391 393 394 393 397 401 406 409 412 416 422 427 431 433 439
-9999 -9999 -9999 -9999 -9999 -9999 -9999 -9999 -9999 -9999 -9999 -9999 -9999 -9999 -9999 -9999 -9999 -9999 -9999 -9999 -9999 -9999 -9999 -9999 -9999 -9999 -9999 -9999 -9999 -9999 -9999 -9999 -9999 -9999 -9999 -9999 -9999 -9999 -9999 -9999 -9999 -9999 -9999 -9999 -9999 -9999 -9999 -9999 -9999 -9999 -9999 -9999 453 455 455 451 442 442 437 430 421 416 417 411 406 403 398 396 395 395 395 394 392 393 392 393 394 393 391 390 390 390 392 395 400 404 408 408 415 419 420 422 431 435
-9999 -9999 -9999 -9999 -9999 -9999 -9999 -9999 -9999 -9999 -9999 -9999 -9999 -9999 -9999 -9999 -9999 -9999 -9999 -9999 -9999 -9999 -9999 -9999 -9999 -9999 -9999 -9999 -9999 -9999 -9999 -9999 -9999 -9999 -9999 -9999 -9999 -9999 -9999 -9999 -9999 -9999 -9999 -9999 -9999 -9999 -9999 -9999 -9999 -9999 -9999 -9999 456 455 455 452 451 448 439 430 424 419 414 412 411 405 402 398 396 395 395 394 394 394 396 396 398 396 394 391 390 391 391 394 396 401 405 409 413 417 417 421 426 428
-9999 -9999 -9999 -9999 -9999 -9999 -9999 -9999 -9999 -9999 -9999 -9999 -9999 -9999 -9999 -9999 -9999 -9999 -9999 -9999 -9999 -9999 -9999 -9999 -9999 -9999 -9999 -9999 -9999 -9999 -9999 -9999 -9999 -9999 -9999 -9999 -9999 -9999 -9999 -9999 -9999 -9999 -9999 -9999 -9999 -9999 -9999 -9999 -9999 -9999 -9999 -9999 456 455 456 459 455 449 442 435 430 423 422 420 420 415 406 404 402 401 402 401 399 403 408 416 411 417 410 399 396 394 396 396 398 399 402 409 409 412 416 420 424 429
-9999 -9999 -9999 -9999 -9999 -9999 -9999 -9999 -9999 -9999 -9999 -9999 -9999 -9999 -9999 -9999 -9999 -9999 -9999 -9999 -9999 -9999 -9999 -9999 -9999 -9999 -9999 -9999 -9999 -9999 -9999 -9999 -9999 -9999 -9999 -9999 -9999 -9999 -9999 -9999 -9999 -9999 -9999 -9999 -9999 -9999 -9999 -9999 -9999 -9999 -9999 -9999 460 460 458 458 456 451 448 440 435 431 426 425 419 414 415 408 403 405 405 400 400 401 410 424 424 438 424 410 408 405 400 401 404 404 405 407 408 413 417 421 419 437
-9999 -9999 -9999 -9999 -9999 -9999 -9999 -9999 -9999 -9999 -9999 -9999 -9999 -9999 -9999 -9999 -9999 -9999 -9999 -9999 -9999 -9999 -9999 -9999 -9999 -9999 -9999 -9999 -9999 -9999 -9999 -9999 -9999 -9999 -9999 -9999 -9999 -9999 -9999 -9999 -9999 -9999 -9999 -9999 -9999 -9999 -9999 -9999 -9999 -9999 -9999 -9999 465 463 464 462 461 456 453 448 442 437 427 422 421 416 413 410 409 407 405 403 403 405 412 415 432 425 424 429 424 408 416 411 410 408 409 410 414 416 420 426 431 436
-9999 -9999 -9999 -9999 -9999 -9999 -9999 -9999 -9999 -9999 -9999 -9999 -9999 -9999 -9999 -9999 -9999 -9999 -9999 -9999 -9999 -9999 -9999 -9999 -9999 -9999 -9999 -9999 -9999 -9999 -9999 -9999 -9999 -9999 -9999 -9999 -9999 -9999 -9999 -9999 -9999 -9999 -9999 -9999 -9999 -9999 -9999 -9999 -9999 -9999 -9999 -9999 470 472 469 466 462 459 453 446 443 437 430 424 421 418 416 414 414 412 415 407 410 409 410 410 415 422 423 411 411 418 429 421 408 410 413 416 420 426 430 430 436 434
-9999 -9999 -9999 -9999 -9999 -9999 -9999 -9999 -9999 -9999 -9999 -9999 -9999 -9999 -9999 -9999 -9999 -9999 -9999 -9999 -9999 -9999 -9999 -9999 -9999 -9999 -9999 -9999 -9999 -9999 -9999 -9999 -9999 -9999 -9999 -9999 -9999 -9999 -9999 -9999 -9999 -9999 -9999 -9999 -9999 -9999 -9999 -9999 -9999 -9999 -9999 -9999 470 474 474 470 461 457 451 446 442 436 432 428 426 427 428 431 429 428 419 420 422 426 412 422 426 425 421 421 422 424 422 421 410 413 415 421 426 435 443 445 443 446
-9999 -9999 -9999 -9999 -9999 -9999 -9999 -9999 -9999 -9999 -9999 -9999 -9999 -9999 -9999 -9999 -9999 -9999 -9999 -9999 -9999 -9999 -9999 -9999 -9999 -9999 -9999 -9999 -9999 -9999 -9999 -9999 -9999 -9999 -9999 -9999 -9999 -9999 -9999 -9999 -9999 -9999 -9999 -9999 -9999 -9999 -9999 -9999 -9999 -9999 -9999 -9999 466 471 478 469 467 460 454 451 447 440 439 434 435 435 438 444 445 444 434 426 432 430 438 440 434 441 428 422 427 419 414 410 412 416 420 426 436 447 452 456 453 461
-9999 -9999 -9999 -9999 -9999 -9999 -9999 -9999 -9999 -9999 -9999 -9999 -9999 -9999 -9999 -9999 -9999 -9999 -9999 -9999 -9999 -9999 -9999 -9999 -9999 -9999 -9999 -9999 -9999 -9999 -9999 -9999 -9999 -9999 -9999 -9999 -9999 -9999 -9999 -9999 -9999 -9999 -9999 -9999 -9999 -9999 -9999 -9999 -9999 -9999 -9999 -9999 460 462 467 471 471 470 465 456 459 453 452 445 442 442 446 457 456 453 446 443 439 436 445 441 450 447 449 446 431 428 421 422 424 425 429 433 441 453 462 466 462 478
-9999 -9999 -9999 -9999 -9999 -9999 -9999 -9999 -9999 -9999 -9999 -9999 -9999 -9999 -9999 -9999 -9999 -9999 -9999 -9999 -9999 -9999 -9999 -9999 -9999 -9999 -9999 -9999 -9999 -9999 -9999 -9999 -9999 -9999 -9999 -9999 -9999 -9999 -9999 -9999 -9999 -9999 -9999 -9999 -9999 -9999 -9999 -9999 -9999 -9999 -9999 -9999 455 466 468 474 474 473 472 472 468 464 464 460 455 455 455 462 466 467 470 456 455 444 450 443 459 455 455 453 456 440 442 427 448 445 449 445 449 457 471 476 481 492
-9999 -9999 -9999 -9999 -9999 -9999 -9999 -9999 -9999 -9999 -9999 -9999 -9999 -9999 -9999 -9999 -9999 -9999 -9999 -9999 -9999 -9999 -9999 -9999 -9999 -9999 -9999 -9999 -9999 -9999 -9999 -9999 -9999 -9999 -9999 -9999 -9999 -9999 -9999 -9999 -9999 -9999 -9999 -9999 -9999 -9999 -9999 -9999 -9999 -9999 -9999 453 457 465 468 470 476 479 483 485 481 476 468 469 468 465 473 472 470 476 474 474 461 458 452 463 459 459 457 458 451 453 459 455 450 466 452 462 470 474 475 485 494 510
-9999 -9999 -9999 -9999 -9999 -9999 -9999 -9999 -9999 -9999 -9999 -9999 -9999 -9999 -9999 -9999 -9999 -9999 -9999 -9999 -9999 -9999 -9999 -9999 -9999 -9999 -9999 -9999 -9999 -9999 -9999 -9999 -9999 -9999 -9999 -9999 -9999 -9999 -9999 -9999 -9999 -9999 -9999 -9999 -9999 -9999 -9999 -9999 -9999 -9999 460 459 464 462 466 459 466 471 474 479 469 463 462 455 474 461 467 472 478 471 477 470 474 467 468 464 460 454 453 451 454 458 463 464 471 471 473 485 490 481 501 497 508 519
-9999 -9999 -9999 -9999 -9999 -9999 -9999 -9999 -9999 -9999 -9999 -9999 -9999 -9999 -9999 -9999 -9999 -9999 -9999 -9999 -9999 -9999 -9999 -9999 -9999 -9999 486 479 -9999 -9999 -9999 -9999 -9999 -9999 -9999 -9999 -9999 -9999 -9999 -9999 -9999 -9999 -9999 -9999 -9999 -9999 -9999 -9999 -9999 -9999 456 453 461 459 459 454 457 461 450 463 458 455 455 458 450 458 455 459 464 473 476 486 484 476 475 468 465 455 446 441 461 457 472 477 482 487 491 492 502 515 504 513 507 513
-9999 -9999 -9999 -9999 -9999 -9999 -9999 -9999 -9999 -9999 -9999 -9999 -9999 -9999 -9999 -9999 -9999 -9999 -9999 -9999 -9999 -9999 -9999 -9999 -9999 -9999 484 481 -9999 -9999 -9999 -9999 -9999 -9999 -9999 -9999 -9999 -9999 -9999 -9999 -9999 -9999 -9999 -9999 -9999 -9999 -9999 -9999 -9999 -9999 447 450 450 456 447 456 450 453 449 455 451 448 445 448 445 441 459 457 474 477 482 480 481 488 469 460 457 450 448 444 451 466 477 481 488 500 493 502 505 520 515 519 511 526
-9999 -9999 -9999 -9999 -9999 -9999 -9999 -9999 -9999 -9999 -9999 -9999 -9999 -9999 466 463 465 470 467 470 475 471 478 476 476 477 481 489 474 482 -9999 -9999 -9999 -9999 -9999 -9999 -9999 -9999 -9999 -9999 -9999 -9999 -9999 -9999 -9999 -9999 -9999 -9999 -9999 -9999 -9999 441 449 454 449 456 452 445 447 450 446 448 440 440 446 449 442 467 466 472 481 485 490 477 465 449 454 448 445 445 452 457 480 489 495 504 497 506 510 515 523 522 529 541
-9999 -9999 -9999 -9999 -9999 -9999 -9999 -9999 -9999 -9999 -9999 -9999 -9999 -9999 466 465 466 466 469 471 472 470 474 479 474 473 482 484 476 494 -9999 -9999 -9999 -9999 -9999 -9999 -9999 -9999 -9999 -9999 -9999 -9999 -9999 -9999 -9999 -9999 -9999 -9999 -9999 -9999 453 444 447 452 456 446 453 454 448 445 444 446 441 437 455 451 455 458 475 477 475 481 490 471 472 447 458 448 441 446 457 458 478 496 493 496 497 500 510 511 514 516 531 546
-9999 -9999 -9999 -9999 -9999 -9999 -9999 -9999 -9999 -9999 478 476 474 476 469 468 466 465 467 472 472 470 475 474 477 478 478 483 484 496 -9999 -9999 -9999 -9999 -9999 -9999 -9999 -9999 -9999 -9999 -9999 -9999 -9999 -9999 -9999 -9999 503 494 477 486 475 460 451 456 449 453 458 458 444 448 441 436 444 446 444 457 451 456 462 483 474 495 487 475 471 463 453 446 445 446 461 475 476 489 489 497 505 513 511 510 507 511 514 538
-9999 -9999 -9999 -9999 -9999 -9999 -9999 -9999 -9999 -9999 490 485 483 475 473 471 478 468 478 475 480 475 479 481 480 480 481 -9999 493 -9999 -9999 -9999 -9999 -9999 -9999 -9999 -9999 -9999 -9999 -9999 -9999 -9999 -9999 -9999 -9999 -9999 523 514 511 501 482 476 464 459 449 453 453 457 460 461 449 447 440 437 442 445 448 451 469 475 483 488 482 473 464 470 451 448 446 446 457 459 472 477 498 505 514 532 526 512 506 500 507 515
-9999 -9999 -9999 -9999 -9999 -9999 -9999 -9999 -9999 -9999 502 512 494 486 479 478 480 480 479 483 477 487 488 480 -9999 -9999 -9999 -9999 -9999 -9999 -9999 -9999 -9999 -9999 -9999 -9999 -9999 -9999 -9999 -9999 -9999 -9999 -9999 -9999 -9999 -9999 527 526 524 511 504 481 468 457 450 455 469 471 474 460 465 456 447 439 441 444 444 456 461 475 477 483 474 473 471 474 470 458 454 454 449 455 476 484 488 504 507 533 527 530 513 502 500 495
-9999 -9999 -9999 -9999 -9999 -9999 -9999 -9999 -9999 -9999 507 511 499 504 494 488 482 480 478 475 482 485 482 494 -9999 -9999 -9999 -9999 -9999 -9999 -9999 -9999 -9999 -9999 -9999 -9999 -9999 -9999 -9999 -9999 -9999 -9999 -9999 -9999 -9999 -9999 512 523 504 519 491 494 481 464 460 457 477 492 500 489 463 451 456 442 436 436 450 446 474 476 478 475 466 474 473 472 474 473 460 452 450 443 462 465 483 491 503 506 527 526 535 505 498 495
-9999 -9999 -9999 -9999 -9999 -9999 461 475 481 476 494 494 502 489 507 503 494 491 484 478 474 482 489 500 499 500 -9999 -9999 -9999 -9999 -9999 -9999 -9999 -9999 -9999 -9999 528 508 507 503 512 501 501 492 502 496 521 501 496 496 483 481 468 458 463 462 482 496 515 497 491 467 455 449 434 438 435 458 467 469 473 474 460 468 460 467 484 487 497 477 465 447 457 466 472 474 481 487 510 519 538 518 505 496
-9999 -9999 -9999 -9999 -9999 -9999 436 447 454 464 455 457 476 487 497 502 496 495 492 485 481 479 491 502 509 521 -9999 -9999 -9999 -9999 -9999 -9999 -9999 -9999 -9999 -9999 530 533 516 528 520 511 509 501 498 500 496 481 505 504 494 482 471 460 460 465 482 506 511 527 489 469 463 441 443 438 436 448 456 477 471 473 458 455 458 472 481 487 476 476 483 463 457 451 453 463 476 479 497 499 530 521 510 497
-9999 -9999 -9999 -9999 410 412 414 422 431 442 441 448 451 458 466 478 486 494 492 500 498 495 500 511 517 520 -9999 -9999 -9999 -9999 -9999 -9999 -9999 -9999 -9999 -9999 543 548 538 544 529 529 522 504 501 501 498 493 508 518 502 493 489 478 470 468 478 497 521 498 513 496 478 465 440 434 440 445 457 483 478 475 465 457 462 470 478 476 484 498 489 483 473 462 460 465 483 483 490 500 508 527 511 509
-9999 -9999 -9999 -9999 396 396 400 407 412 426 421 438 438 442 452 464 471 479 494 501 502 513 512 518 500 536 -9999 -9999 -9999 -9999 -9999 -9999 -9999 -9999 -9999 -9999 548 572 560 555 547 536 523 533 527 509 505 499 499 509 508 503 497 486 477 474 472 481 491 509 507 509 493 482 462 432 440 447 456 471 472 471 464 461 466 481 472 478 486 498 509 506 494 468 464 449 469 482 496 491 511 514 513 494
-9999 -9999 -9999 -9999 -9999 -9999 389 393 397 413 413 423 427 430 445 453 471 479 486 499 510 514 527 532 541 551 -9999 -9999 -9999 -9999 -9999 -9999 576 577 561 560 571 572 572 586 567 564 544 531 535 530 519 502 500 502 513 514 506 495 469 478 474 460 473 479 487 504 495 496 478 449 438 437 459 465 466 455 467 475 488 477 480 477 481 495 516 511 486 485 461 472 475 476 487 492 490 518 510 501
-9999 -9999 -9999 -9999 -9999 -9999 381 387 397 405 406 406 411 420 431 442 454 472 479 496 506 525 534 529 548 559 -9999 -9999 -9999 -9999 -9999 -9999 587 582 586 571 568 572 583 584 584 585 577 560 532 537 522 508 504 503 507 507 517 491 484 472 476 467 468 465 461 462 483 480 478 466 443 437 449 458 453 455 459 480 488 485 480 477 479 480 503 506 505 483 455 469 477 476 474 505 498 498 501 503
-9999 -9999 -9999 -9999 -9999 -9999 359 385 390 392 401 401 403 409 416 424 433 449 469 489 517 527 536 546 553 557 572 590 602 619 614 615 609 606 604 598 593 589 583 584 587 596 572 578 573 557 533 532 509 515 513 507 496 497 499 484 500 483 474 471 443 461 454 467 471 462 444 448 446 446 444 460 467 482 470 481 475 474 477 497 505 520 503 483 476 464 468 466 474 494 487 500 484 489
-9999 -9999 -9999 -9999 -9999 -9999 376 367 392 389 396 395 399 401 407 411 425 437 458 477 504 514 533 561 567 558 582 599 621 624 635 635 638 629 632 614 619 608 595 590 589 573 578 571 570 552 543 542 529 529 525 528 509 502 508 518 517 497 479 480 461 452 448 459 454 458 456 428 439 449 446 460 454 461 459 471 476 475 475 475 503 505 517 482 470 462 473 472 490 492 477 486 483 492
