sesion_6_simulaciones/modelos_distribucion_especies/ejemplo/variables/futuro_B2/2050/PA.asc
ncols 708
nrows 329
xllcorner -7.525000
yllcorner 35.991667
cellsize 0.008333
NODATA_value -9999
[rows 205 to 245 of 329, columns 470 to 563 of 708]
294 304 308 316 336 330 399 353 411 417 455 462 494 521 568 593 622 642 676 703 715 714 725 729 708 682 622 594 569 605 597 605 539 559 580 633 630 615 564 519 474 409 413 427 509 526 542 500 489 448 446 466 485 475 435 442 440 468 465 437 405 386 347 326 322 329 344 343 333 300 289 276 253 254 283 305 302 284 257 269 272 305 299 320 308 291 295 316 330 325 311 284 293 265
266 272 280 288 291 319 318 379 423 452 467 508 522 536 536 580 618 648 689 710 695 723 709 725 723 690 637 581 557 547 554 533 538 541 585 623 620 587 528 456 413 383 397 445 534 561 534 487 459 427 478 478 496 462 418 422 435 452 427 408 369 351 329 306 317 286 312 310 297 272 279 244 235 238 260 281 282 267 248 257 257 292 307 311 320 305 316 295 334 299 278 263 247 242
264 268 272 276 280 292 324 378 415 459 475 489 500 491 554 551 588 629 672 676 666 691 711 714 696 684 649 596 539 531 491 517 526 557 600 622 615 547 494 430 386 388 411 492 539 564 531 489 444 450 469 492 485 458 414 413 409 424 390 367 335 313 291 284 264 252 268 276 253 247 228 212 211 218 249 262 272 251 253 247 266 286 306 302 309 293 303 302 287 283 262 236 228 225
268 267 270 269 276 289 316 361 400 452 440 445 479 488 523 577 615 633 634 629 636 672 677 673 653 647 648 613 569 510 519 510 531 589 630 620 582 534 463 415 387 387 436 507 546 550 526 490 443 451 435 475 474 436 399 395 398 389 352 332 306 278 269 250 231 229 231 234 223 218 208 178 205 198 216 236 243 267 244 255 269 286 290 292 295 290 280 280 270 264 242 232 208 201
263 270 261 267 276 288 302 337 371 406 423 428 443 513 559 605 622 611 572 581 617 642 654 608 619 609 621 588 542 506 484 506 574 628 639 635 573 503 464 403 387 400 463 498 541 528 518 489 462 422 416 450 449 417 376 359 376 355 335 300 277 253 232 216 200 209 210 218 209 213 191 180 194 196 217 216 223 225 255 245 281 286 290 292 291 290 285 279 267 254 237 225 198 210
263 268 269 262 286 289 298 310 331 353 393 425 475 523 568 609 605 578 555 536 587 604 581 551 558 577 574 535 494 457 479 537 594 633 647 620 574 517 455 397 393 426 483 518 516 507 496 494 467 425 422 411 435 405 364 348 330 341 306 285 258 240 226 216 196 206 201 206 209 187 181 184 175 194 206 197 205 228 253 275 296 295 298 304 304 311 302 285 277 265 253 230 243 209
271 259 261 262 285 301 301 305 320 356 390 427 474 516 559 591 580 524 504 525 545 551 521 498 513 543 538 488 443 436 484 545 595 630 620 612 573 525 469 416 412 453 496 511 496 477 477 476 456 420 412 402 411 395 355 334 301 316 291 269 248 240 224 216 207 199 194 196 194 194 192 189 177 191 201 191 207 227 267 293 311 309 327 329 334 334 320 305 310 299 291 284 283 266
283 280 264 269 292 302 304 308 322 344 396 425 451 499 535 563 526 490 477 510 522 507 471 459 472 501 503 459 419 413 476 541 579 603 590 574 558 517 469 425 423 460 487 492 470 451 460 448 438 411 401 382 384 368 355 332 294 285 274 262 258 245 226 213 215 187 188 193 188 194 181 184 184 185 200 211 208 242 273 311 332 342 345 365 367 359 350 328 331 312 333 310 326 289
296 281 262 283 279 285 290 296 326 347 371 397 435 466 504 506 480 468 474 482 492 468 434 440 442 465 471 437 393 401 449 515 556 555 542 540 519 499 474 427 441 447 472 465 453 439 427 431 408 394 364 361 359 358 337 307 291 266 275 260 255 240 227 219 209 197 193 189 198 188 182 193 202 190 206 212 228 253 273 297 319 343 362 390 385 382 374 364 393 374 365 347 345 341
269 269 259 262 257 269 278 300 299 341 352 375 404 440 461 441 435 431 444 464 445 435 410 405 404 454 449 428 382 402 446 486 527 513 501 496 490 486 459 469 438 459 452 451 437 416 414 397 391 372 361 352 346 339 321 312 289 273 278 253 246 232 224 216 212 200 193 192 182 190 195 230 234 227 234 223 246 260 285 299 323 345 379 398 410 405 395 413 431 428 418 414 385 359
253 252 245 251 252 258 275 284 307 310 339 361 387 416 408 393 388 392 431 417 396 400 364 377 379 399 411 392 362 388 432 475 488 472 471 460 457 463 472 458 453 446 427 414 398 391 387 364 357 353 343 342 348 327 317 295 283 292 268 260 254 241 236 219 206 197 190 187 195 195 218 241 256 263 251 257 252 266 282 303 323 354 384 414 428 432 427 465 444 492 469 461 421 409
257 270 261 260 265 272 253 269 282 292 315 341 356 371 360 353 361 380 395 368 358 358 330 322 336 352 363 349 377 368 445 441 442 437 428 452 467 430 466 464 446 418 394 378 355 361 343 344 344 328 345 337 344 339 327 320 313 299 283 282 265 253 233 231 206 230 214 199 207 203 230 239 261 274 277 262 266 259 260 290 314 341 380 403 436 450 448 479 491 502 504 471 464 424
294 304 303 300 294 281 295 282 270 280 298 319 325 321 322 325 350 351 372 363 344 318 307 304 313 336 332 318 289 370 366 403 418 431 444 451 453 475 428 433 403 391 365 340 357 327 346 319 327 322 336 345 349 350 345 355 342 318 324 308 287 264 241 233 230 231 255 232 197 209 204 241 251 261 269 254 246 252 264 278 284 312 343 389 405 443 447 460 482 484 504 489 472 445
360 347 352 350 346 337 319 297 293 273 291 289 302 299 319 303 319 351 348 338 335 308 287 315 290 337 316 297 287 307 342 404 416 430 457 475 455 418 399 366 347 362 327 319 311 320 312 327 316 341 347 355 354 357 354 355 351 350 338 317 304 276 262 249 276 273 268 254 218 208 208 235 259 270 255 255 244 235 238 248 266 291 326 357 386 422 442 462 480 475 504 517 502 505
428 423 418 410 422 361 352 315 293 278 271 286 296 304 294 322 333 340 343 336 323 305 298 301 304 306 325 292 297 298 351 374 430 433 429 413 402 368 354 348 346 346 335 334 316 313 330 336 321 360 358 366 354 358 354 359 357 348 334 327 312 299 267 273 278 297 275 252 229 200 217 245 265 269 260 248 231 222 229 234 243 266 296 311 358 391 437 445 469 463 499 511 523 515
482 491 479 449 428 399 370 338 317 298 286 294 268 274 301 324 328 341 341 328 324 311 302 292 289 292 302 296 289 292 353 348 365 383 356 373 363 368 346 351 361 365 356 353 335 346 337 364 348 348 356 365 359 363 356 354 357 340 340 338 327 321 308 299 273 237 245 236 208 206 201 226 261 259 259 248 221 215 203 216 234 237 251 309 310 348 401 441 448 456 482 490 506 516
501 496 480 443 421 413 392 393 364 338 327 316 288 290 298 317 320 329 342 326 330 313 310 311 303 293 293 303 310 347 363 358 348 353 357 347 357 356 358 390 394 381 391 396 364 360 346 341 359 360 360 357 357 346 344 340 354 382 393 378 354 331 300 281 255 242 231 225 208 197 210 232 241 245 241 239 225 203 221 222 218 220 236 246 298 330 384 422 442 450 454 479 473 486
487 498 491 489 470 482 448 426 400 373 369 364 330 292 298 302 308 309 335 337 340 337 346 333 347 337 338 343 359 374 387 364 326 358 355 358 362 364 369 387 361 405 400 386 364 345 358 357 332 342 348 350 361 339 349 361 378 398 404 370 328 302 299 257 263 262 249 246 227 218 221 232 246 249 237 257 244 222 230 226 198 197 213 224 274 316 371 403 440 451 458 446 471 466
456 466 479 503 500 494 467 448 398 371 375 367 331 297 304 308 310 344 377 359 388 414 397 379 405 388 382 379 405 398 413 378 354 374 392 384 375 373 358 378 372 370 382 358 342 334 332 320 311 313 318 310 316 337 337 349 379 387 389 355 307 275 269 280 274 278 275 284 244 244 239 257 267 256 246 247 221 225 240 220 209 179 194 211 250 282 332 376 419 454 446 426 440 441
420 434 447 459 476 463 448 402 387 377 350 331 291 292 301 333 355 407 424 441 497 468 470 421 428 444 448 420 413 405 411 367 360 373 402 422 380 361 369 355 366 338 326 326 320 309 300 299 279 293 267 271 292 332 352 353 380 379 377 355 314 304 296 291 288 304 298 284 265 225 243 274 283 296 275 246 234 220 219 218 205 192 193 191 210 243 276 323 373 422 411 404 392 407
393 393 396 397 406 395 383 349 330 336 311 295 289 280 313 351 404 413 465 487 539 545 512 505 499 514 499 454 445 424 400 359 347 363 401 403 370 346 340 356 368 323 305 286 271 270 265 252 267 216 247 254 279 317 334 324 360 347 356 331 336 330 318 307 315 319 313 306 292 266 239 263 281 290 291 264 252 234 227 219 208 201 185 199 214 221 230 265 308 332 358 347 348 362
382 374 358 327 341 339 327 297 291 286 275 269 260 295 327 384 428 450 502 537 542 578 532 575 540 548 521 472 453 411 407 360 344 362 399 393 375 350 345 337 319 296 278 246 245 243 225 259 259 232 236 248 272 270 288 321 339 349 352 347 357 338 330 315 310 323 343 342 323 259 292 254 285 256 258 249 249 247 244 229 235 211 213 213 207 208 211 221 246 264 290 308 316 338
404 340 325 312 294 281 259 272 249 249 239 237 261 302 346 416 448 485 501 548 558 584 585 605 580 586 536 467 421 406 368 350 360 366 410 412 366 360 319 321 299 278 249 211 217 212 229 247 244 246 212 222 246 295 308 325 347 357 361 373 373 354 336 296 310 301 319 326 323 275 289 246 271 261 261 256 255 261 252 244 239 237 227 245 239 227 209 202 210 222 229 274 297 315
421 383 323 283 259 228 244 232 210 210 218 241 271 308 365 415 444 486 531 541 586 595 615 605 623 593 504 422 372 376 381 364 352 387 404 399 363 358 314 283 259 226 239 205 174 206 230 248 248 228 223 245 263 278 317 322 351 358 345 371 394 379 335 317 281 280 293 267 269 245 242 243 258 265 270 269 268 273 269 261 254 256 248 259 254 241 230 212 199 201 219 246 265 282
436 396 345 295 251 221 184 184 188 199 206 230 281 305 384 436 452 501 509 534 554 577 601 585 568 523 443 380 344 332 348 355 349 365 375 390 360 319 285 258 216 222 209 204 199 205 226 234 245 242 237 251 276 304 297 313 301 304 340 373 391 355 342 321 284 291 264 262 256 226 217 260 277 268 281 279 295 296 299 294 293 298 291 290 283 254 231 209 199 201 204 221 229 242
418 355 359 312 264 205 185 173 171 207 220 249 262 301 349 383 429 434 468 510 510 523 537 542 504 470 424 326 303 296 314 323 320 343 346 336 328 308 283 233 223 213 238 213 189 177 229 227 240 246 270 280 294 302 306 293 287 319 331 335 347 352 323 306 302 280 294 292 259 244 240 238 282 281 296 299 320 332 347 341 337 319 325 315 300 277 255 233 212 198 198 198 198 191
344 334 318 308 270 231 196 153 202 241 260 255 250 272 300 332 351 386 398 439 426 463 465 442 415 398 349 318 297 283 276 303 277 309 291 296 293 286 281 266 257 240 245 224 196 204 204 225 249 258 295 315 314 317 319 303 274 304 314 296 323 315 317 275 286 291 291 274 275 225 248 261 280 268 302 332 325 348 354 367 361 355 323 320 335 320 287 251 230 211 191 185 179 170
281 288 258 257 249 235 214 183 260 235 257 258 253 268 275 305 330 319 342 361 372 405 404 370 357 329 295 277 251 268 272 272 250 277 242 253 246 250 252 260 252 250 240 220 243 236 248 236 247 263 279 301 328 322 309 280 285 298 309 302 305 276 266 270 272 291 289 305 281 284 256 262 252 287 313 327 343 344 351 362 376 357 346 308 325 321 312 289 232 209 187 175 165 148
247 237 245 223 239 225 219 223 206 244 244 253 257 272 272 290 305 306 321 326 339 358 370 341 301 289 248 248 239 226 257 237 239 236 200 240 195 215 220 251 236 220 229 247 273 295 301 276 272 267 282 305 328 325 292 280 286 297 306 300 269 261 236 246 257 280 303 301 289 275 284 261 246 275 302 332 326 338 348 349 372 341 324 293 306 309 288 257 230 202 182 170 157 145
235 225 236 216 233 226 211 209 213 239 259 249 266 258 282 286 288 286 296 311 328 362 362 321 277 251 216 216 223 216 217 229 229 209 220 199 184 228 201 229 229 219 249 238 268 333 319 316 287 284 286 290 291 304 270 286 263 297 297 289 251 247 228 233 228 237 275 284 280 271 267 246 251 265 289 304 304 311 325 351 341 327 301 280 272 261 240 221 205 185 179 167 157 148
241 230 229 226 223 218 223 232 255 236 268 256 253 232 260 267 261 270 276 283 289 329 310 296 265 239 213 198 203 193 201 225 219 211 186 211 168 218 189 181 207 243 219 250 244 305 304 311 320 290 290 270 298 281 287 249 262 280 265 268 250 226 218 204 221 218 222 218 259 233 244 238 237 254 273 277 285 295 297 307 298 303 269 261 243 231 218 200 187 176 170 162 155 147
247 244 235 236 235 236 251 261 260 269 252 227 236 227 252 253 261 253 254 269 279 298 311 323 275 246 213 200 176 198 199 220 204 185 165 171 165 202 166 171 214 190 199 208 224 264 273 297 299 281 277 276 286 278 262 249 243 251 235 224 211 202 210 158 162 158 171 196 189 201 219 222 223 241 254 266 273 274 271 266 268 261 249 236 225 213 200 189 178 169 164 157 152 145
-9999 -9999 249 250 250 256 263 268 269 259 248 237 232 238 239 251 240 248 256 264 276 322 324 327 303 266 226 199 182 178 -9999 -9999 -9999 -9999 -9999 -9999 -9999 -9999 -9999 -9999 -9999 -9999 -9999 -9999 -9999 -9999 -9999 -9999 -9999 -9999 -9999 -9999 -9999 -9999 -9999 -9999 -9999 -9999 -9999 -9999 -9999 -9999 -9999 -9999 -9999 -9999 -9999 -9999 -9999 -9999 -9999 -9999 -9999 -9999 -9999 -9999 -9999 -9999 -9999 -9999 -9999 -9999 -9999 -9999 -9999 -9999 191 181 173 165 161 155 150 142
-9999 -9999 255 262 265 268 275 261 266 257 246 239 229 231 230 236 244 239 246 261 289 311 336 338 313 257 229 206 174 168 -9999 -9999 -9999 -9999 -9999 -9999 -9999 -9999 -9999 -9999 -9999 -9999 -9999 -9999 -9999 -9999 -9999 -9999 -9999 -9999 -9999 -9999 -9999 -9999 -9999 -9999 -9999 -9999 -9999 -9999 -9999 -9999 -9999 -9999 -9999 -9999 -9999 -9999 -9999 -9999 -9999 -9999 -9999 -9999 -9999 -9999 -9999 -9999 -9999 -9999 -9999 -9999 -9999 -9999 -9999 -9999 180 175 168 163 157 154 150 145
-9999 -9999 -9999 -9999 275 275 273 269 262 254 247 240 234 231 229 231 233 233 248 264 291 321 328 326 298 259 236 212 -9999 -9999 -9999 -9999 -9999 -9999 -9999 -9999 -9999 -9999 -9999 -9999 -9999 -9999 -9999 -9999 -9999 -9999 -9999 -9999 -9999 -9999 -9999 -9999 -9999 -9999 -9999 -9999 -9999 -9999 -9999 -9999 -9999 -9999 -9999 -9999 -9999 -9999 -9999 -9999 -9999 -9999 -9999 -9999 -9999 -9999 -9999 -9999 -9999 -9999 -9999 -9999 -9999 -9999 -9999 -9999 -9999 -9999 -9999 -9999 162 158 154 150 149 146
-9999 -9999 -9999 -9999 281 281 279 272 265 257 249 242 235 231 229 226 228 233 253 270 267 295 299 300 287 257 246 228 -9999 -9999 -9999 -9999 -9999 -9999 -9999 -9999 -9999 -9999 -9999 -9999 -9999 -9999 -9999 -9999 -9999 -9999 -9999 -9999 -9999 -9999 -9999 -9999 -9999 -9999 -9999 -9999 -9999 -9999 -9999 -9999 -9999 -9999 -9999 -9999 -9999 -9999 -9999 -9999 -9999 -9999 -9999 -9999 -9999 -9999 -9999 -9999 -9999 -9999 -9999 -9999 -9999 -9999 -9999 -9999 -9999 -9999 -9999 -9999 154 153 151 149 146 144
-9999 -9999 -9999 -9999 -9999 -9999 -9999 -9999 -9999 -9999 -9999 -9999 -9999 -9999 -9999 -9999 236 243 245 250 254 240 -9999 -9999 -9999 -9999 -9999 -9999 -9999 -9999 -9999 -9999 -9999 -9999 -9999 -9999 -9999 -9999 -9999 -9999 -9999 -9999 -9999 -9999 -9999 -9999 -9999 -9999 -9999 -9999 -9999 -9999 -9999 -9999 -9999 -9999 -9999 -9999 -9999 -9999 -9999 -9999 -9999 -9999 -9999 -9999 -9999 -9999 -9999 -9999 -9999 -9999 -9999 -9999 -9999 -9999 -9999 -9999 -9999 -9999 -9999 -9999 -9999 -9999 -9999 -9999 -9999 -9999 -9999 -9999 -9999 -9999 -9999 -9999
-9999 -9999 -9999 -9999 -9999 -9999 -9999 -9999 -9999 -9999 -9999 -9999 -9999 -9999 -9999 -9999 255 243 234 228 203 226 -9999 -9999 -9999 -9999 -9999 -9999 -9999 -9999 -9999 -9999 -9999 -9999 -9999 -9999 -9999 -9999 -9999 -9999 -9999 -9999 -9999 -9999 -9999 -9999 -9999 -9999 -9999 -9999 -9999 -9999 -9999 -9999 -9999 -9999 -9999 -9999 -9999 -9999 -9999 -9999 -9999 -9999 -9999 -9999 -9999 -9999 -9999 -9999 -9999 -9999 -9999 -9999 -9999 -9999 -9999 -9999 -9999 -9999 -9999 -9999 -9999 -9999 -9999 -9999 -9999 -9999 -9999 -9999 -9999 -9999 -9999 -9999
-9999 -9999 -9999 -9999 -9999 -9999 -9999 -9999 -9999 -9999 -9999 -9999 -9999 -9999 -9999 -9999 -9999 -9999 -9999 -9999 -9999 -9999 -9999 -9999 -9999 -9999 -9999 -9999 -9999 -9999 -9999 -9999 -9999 -9999 -9999 -9999 -9999 -9999 -9999 -9999 -9999 -9999 -9999 -9999 -9999 -9999 -9999 -9999 -9999 -9999 -9999 -9999 -9999 -9999 -9999 -9999 -9999 -9999 -9999 -9999 -9999 -9999 -9999 -9999 -9999 -9999 -9999 -9999 -9999 -9999 -9999 -9999 -9999 -9999 -9999 -9999 -9999 -9999 -9999 -9999 -9999 -9999 -9999 -9999 -9999 -9999 -9999 -9999 -9999 -9999 -9999 -9999 -9999 -9999
-9999 -9999 -9999 -9999 -9999 -9999 -9999 -9999 -9999 -9999 -9999 -9999 -9999 -9999 -9999 -9999 -9999 -9999 -9999 -9999 -9999 -9999 -9999 -9999 -9999 -9999 -9999 -9999 -9999 -9999 -9999 -9999 -9999 -9999 -9999 -9999 -9999 -9999 -9999 -9999 -9999 -9999 -9999 -9999 -9999 -9999 -9999 -9999 -9999 -9999 -9999 -9999 -9999 -9999 -9999 -9999 -9999 -9999 -9999 -9999 -9999 -9999 -9999 -9999 -9999 -9999 -9999 -9999 -9999 -9999 -9999 -9999 -9999 -9999 -9999 -9999 -9999 -9999 -9999 -9999 -9999 -9999 -9999 -9999 -9999 -9999 -9999 -9999 -9999 -9999 -9999 -9999 -9999 -9999
-9999 -9999 -9999 -9999 -9999 -9999 -9999 -9999 -9999 -9999 -9999 -9999 -9999 -9999 -9999 -9999 -9999 -9999 -9999 -9999 -9999 -9999 -9999 -9999 -9999 -9999 -9999 -9999 -9999 -9999 -9999 -9999 -9999 -9999 -9999 -9999 -9999 -9999 -9999 -9999 -9999 -9999 -9999 -9999 -9999 -9999 -9999 -9999 -9999 -9999 -9999 -9999 -9999 -9999 -9999 -9999 -9999 -9999 -9999 -9999 -9999 -9999 -9999 -9999 -9999 -9999 -9999 -9999 -9999 -9999 -9999 -9999 -9999 -9999 -9999 -9999 -9999 -9999 -9999 -9999 -9999 -9999 -9999 -9999 -9999 -9999 -9999 -9999 -9999 -9999 -9999 -9999 -9999 -9999
