sesion_6_simulaciones/modelos_distribucion_especies/ejemplo/variables/futuro_B2/2050/TMNV.asc
ncols 708
nrows 329
xllcorner -7.525000
yllcorner 35.991667
cellsize 0.008333
NODATA_value -9999
[rows 123 to 163 of 329, columns 564 to 657 of 708]
188 190 192 191 189 188 188 188 188 188 188 188 189 189 190 190 191 191 191 191 191 191 191 190 189 189 188 188 187 187 188 188 188 188 188 188 188 187 187 186 184 186 186 186 185 184 183 184 186 187 187 187 187 187 187 187 187 187 187 187 187 186 186 186 186 186 185 185 185 184 183 183 183 183 182 181 182 182 182 182 182 183 183 183 185 185 184 187 188 188 190 191 191 190
189 189 192 193 191 191 190 188 188 189 189 189 189 189 190 190 191 191 191 192 192 191 191 189 189 189 188 188 187 188 188 188 188 188 188 188 187 187 187 187 186 186 185 185 183 184 184 181 184 185 187 187 186 186 187 187 187 187 187 187 187 187 186 186 186 186 185 185 184 184 183 182 182 181 181 180 181 181 181 180 180 181 179 181 183 183 184 186 187 189 190 191 192 192
189 190 192 193 192 192 191 190 189 189 189 190 190 190 190 190 191 191 191 192 191 190 190 190 190 189 188 188 188 187 188 188 188 188 188 187 187 187 187 186 186 185 184 183 181 183 182 184 185 186 186 186 186 186 186 187 187 187 187 187 187 187 187 186 186 185 185 183 183 183 182 181 180 174 178 176 176 178 176 174 174 177 180 182 183 184 184 185 189 190 191 192 192 193
189 190 191 192 193 192 192 191 190 190 190 190 191 191 191 191 191 192 192 191 192 192 191 190 189 190 189 188 188 188 188 188 188 188 187 187 187 187 186 186 185 185 184 179 181 183 184 184 184 185 184 186 186 186 186 186 186 186 186 186 186 186 186 186 186 185 183 182 181 180 177 179 179 175 170 170 169 170 169 171 177 178 178 178 181 183 183 186 187 188 190 192 192 193
188 189 191 192 193 193 193 192 191 191 191 191 191 191 191 192 192 192 193 191 192 191 190 190 190 189 189 188 189 188 188 188 188 188 187 186 185 182 182 183 183 183 183 181 182 182 184 184 184 184 185 185 185 184 183 184 186 186 186 186 185 183 181 178 181 182 178 176 175 173 173 171 172 169 167 168 174 174 178 180 182 181 177 177 177 177 176 186 188 190 191 192 192 193
189 189 191 193 192 193 193 191 191 192 192 191 191 191 192 192 192 192 193 192 191 191 190 190 190 190 189 189 189 189 189 188 188 188 187 186 183 181 179 177 178 178 180 180 180 183 183 183 183 183 184 183 184 184 185 185 185 185 183 185 184 182 182 182 181 180 178 176 174 173 173 173 172 176 176 176 177 182 183 183 184 183 180 180 182 183 186 187 189 190 191 192 193 193
190 191 191 192 192 193 193 193 192 192 191 191 192 192 192 192 192 193 193 192 191 191 190 190 191 190 190 189 190 189 189 188 188 188 187 186 185 181 178 177 175 175 177 177 178 181 181 181 180 181 180 180 183 182 181 184 182 178 180 183 183 184 183 181 178 180 174 171 170 170 172 175 179 181 181 182 183 184 185 186 186 186 185 185 187 187 189 190 191 192 192 192 193 193
190 190 191 192 192 194 193 193 192 192 192 192 192 192 192 192 193 193 192 191 191 190 191 191 191 191 191 190 190 190 189 189 188 188 187 186 185 184 181 176 177 176 175 176 177 179 178 175 180 174 177 179 180 182 181 183 183 182 179 181 182 181 181 176 178 180 177 170 167 170 177 179 181 183 184 184 185 186 186 187 187 188 188 189 190 190 191 191 191 192 192 193 194 194
190 191 191 193 193 194 193 192 192 192 192 192 192 192 192 193 193 192 192 191 192 192 191 190 190 190 190 190 190 189 190 189 188 188 187 187 186 185 183 179 177 179 177 180 180 180 179 176 175 175 171 173 177 178 180 179 179 177 177 179 179 178 175 174 177 181 179 173 177 179 182 179 178 183 185 186 187 187 187 188 189 189 189 190 191 191 192 192 191 190 193 193 193 193
191 191 191 192 193 194 193 193 192 192 192 193 193 192 192 193 192 192 192 192 192 191 191 190 190 189 189 189 189 189 189 189 188 188 188 187 187 186 186 183 180 181 182 182 182 181 177 176 174 171 174 177 176 174 178 179 176 172 172 176 174 174 177 174 176 181 182 182 182 183 183 184 185 185 187 187 187 187 188 189 189 190 190 190 191 190 189 190 192 192 191 190 191 192
192 193 193 192 194 194 193 192 192 193 193 193 193 193 192 193 193 192 192 191 191 191 190 191 190 189 189 189 189 188 189 188 188 188 188 187 187 187 186 185 185 184 184 183 183 183 181 181 179 176 177 180 181 180 178 176 178 177 174 174 174 174 179 182 183 184 184 184 184 185 185 186 186 187 187 188 188 189 189 189 190 189 188 190 190 190 191 191 192 191 191 190 191 192
194 193 193 194 194 193 193 193 193 193 194 194 194 193 194 193 192 192 192 191 191 191 190 190 190 190 190 190 189 189 188 188 188 188 188 187 187 187 186 185 182 182 185 184 184 184 183 183 182 182 182 182 182 181 182 182 182 181 179 177 181 182 184 184 185 185 185 185 185 185 186 186 187 187 188 189 189 188 187 188 188 189 189 189 190 190 190 191 191 191 190 190 191 191
194 195 194 194 194 194 194 194 194 194 193 193 193 193 193 193 193 193 192 191 191 191 190 190 189 189 190 189 189 188 188 187 187 187 187 187 186 184 185 186 185 185 185 185 185 184 184 184 184 184 184 184 184 184 184 184 183 183 183 183 184 185 185 185 185 186 186 186 186 186 187 187 188 188 188 186 187 188 186 187 187 188 189 189 189 190 190 191 190 190 190 189 190 189
195 193 190 192 193 194 194 194 194 194 193 193 193 193 193 193 192 192 192 192 191 191 190 190 190 189 190 189 189 189 188 188 188 188 187 187 187 187 186 186 186 186 186 185 185 185 185 185 185 185 185 185 185 185 184 184 184 185 185 185 185 186 186 186 186 186 187 187 187 187 187 188 188 188 187 187 186 187 187 186 186 187 188 189 189 190 190 189 188 186 187 187 188 188
192 187 186 190 192 193 193 194 194 194 194 193 193 193 193 193 192 192 192 191 191 191 191 190 191 190 190 190 189 189 188 188 188 188 187 187 187 187 187 187 186 186 186 186 185 186 186 186 185 185 185 185 185 184 184 185 185 185 185 185 185 186 186 186 186 186 186 187 187 187 187 186 187 186 187 186 185 185 185 185 186 187 188 189 190 188 185 185 184 180 180 185 187 188
185 183 183 187 191 192 192 193 194 194 194 193 193 193 193 193 192 192 192 191 191 191 190 191 190 190 190 190 189 189 189 189 188 187 187 187 187 188 187 187 187 187 186 186 186 186 186 185 185 185 184 184 184 184 184 184 184 185 185 185 185 185 186 186 186 186 186 187 187 187 187 186 185 185 186 185 185 185 185 185 186 188 188 188 186 183 184 184 184 185 186 187 188 187
179 178 184 189 191 192 193 193 193 194 194 193 193 193 193 192 192 192 192 191 191 190 191 190 190 189 189 189 188 188 188 188 188 189 188 188 187 187 187 187 187 186 186 186 186 186 185 184 184 184 183 183 183 183 183 183 184 184 184 185 185 185 185 185 183 186 186 186 187 187 187 187 186 186 186 185 185 185 185 185 185 187 186 184 186 186 186 187 187 187 186 187 189 188
177 182 182 190 192 192 193 193 193 193 194 193 193 193 193 193 192 192 191 191 191 191 190 190 190 189 189 188 188 188 188 187 187 187 187 187 187 187 187 187 186 187 186 186 186 185 185 184 184 183 183 182 182 182 182 183 183 184 184 184 185 185 184 185 184 186 186 186 186 186 186 186 186 186 186 186 186 186 186 186 185 184 182 185 187 185 186 187 188 188 188 186 187 188
182 186 187 190 192 192 192 193 193 193 193 193 193 193 193 193 192 192 192 191 191 190 190 189 189 189 189 188 188 188 187 187 187 187 187 186 186 187 187 187 186 186 186 186 186 185 185 185 184 183 183 182 182 182 182 182 183 183 183 184 184 185 185 185 185 185 185 185 185 185 186 186 186 186 186 186 186 186 186 185 184 183 184 186 186 187 187 187 188 189 188 188 187 189
190 188 190 191 192 192 192 192 193 193 193 193 193 193 193 193 192 192 192 191 191 190 189 189 189 189 189 188 188 188 188 187 187 187 186 186 186 186 186 186 186 186 186 186 186 185 185 185 185 184 183 183 183 183 183 183 183 183 183 184 185 185 186 185 186 186 186 186 186 186 186 186 186 186 185 186 186 187 186 184 179 185 186 187 187 188 188 188 188 189 190 189 188 189
190 188 189 190 191 192 192 192 192 192 192 192 193 192 193 192 192 192 191 191 190 190 189 189 189 188 188 188 188 187 187 187 186 185 185 185 185 186 186 186 186 185 185 186 185 185 185 185 185 185 184 184 184 184 184 183 184 184 185 184 185 186 186 187 187 186 187 187 187 187 187 187 187 186 186 187 186 187 184 179 185 187 188 187 186 186 187 188 187 189 190 189 188 189
189 188 188 189 190 190 191 191 191 191 191 191 191 191 191 191 190 190 190 190 189 188 188 188 188 187 187 186 186 185 185 183 182 182 181 183 184 183 183 184 184 184 184 184 184 184 183 184 183 183 183 182 182 182 182 182 182 183 183 184 185 185 186 186 186 186 187 187 186 187 187 186 186 186 186 185 185 186 184 185 187 188 188 187 187 187 188 189 186 190 191 190 189 190
187 188 188 189 190 190 190 191 191 191 191 191 191 191 191 191 190 190 189 189 188 188 188 188 187 187 187 186 185 185 184 183 182 178 179 183 184 183 183 182 183 183 182 183 184 183 182 182 183 181 182 182 180 180 181 180 178 180 181 183 183 184 185 185 186 186 187 187 188 188 187 186 186 186 187 187 184 187 188 190 189 188 188 188 188 188 188 190 187 189 190 192 190 191
187 187 187 187 189 190 190 190 191 191 191 191 191 190 191 190 190 189 189 189 189 188 188 187 187 187 186 186 184 185 183 183 182 182 181 182 183 183 183 183 183 181 182 182 182 182 182 181 182 183 183 182 182 182 180 181 181 180 180 180 181 183 181 182 183 183 182 183 188 188 184 185 183 182 188 186 185 185 186 190 190 189 189 189 187 188 188 191 189 190 190 193 191 191
186 186 186 187 188 190 190 191 191 191 191 191 191 190 190 190 190 189 189 189 189 188 188 187 187 186 186 186 185 185 184 184 184 183 182 182 182 182 183 182 182 182 182 181 182 182 182 182 184 183 183 184 183 181 181 181 180 181 180 180 181 182 183 181 181 181 184 186 190 188 186 184 184 186 185 189 189 189 190 190 191 191 190 189 189 189 189 191 191 192 191 193 193 192
186 186 186 186 188 189 190 190 191 191 191 191 191 191 190 190 190 189 189 188 188 188 187 187 187 186 186 186 185 185 184 184 183 182 182 181 181 182 181 179 181 182 181 180 181 182 183 184 184 185 185 184 184 184 184 181 181 181 181 183 181 184 184 184 186 184 185 187 188 191 188 186 189 187 190 190 188 189 190 191 191 192 192 191 190 191 188 188 193 191 192 193 195 194
185 185 185 186 187 189 189 190 190 190 190 191 191 190 190 190 190 189 189 189 188 188 187 187 187 186 186 186 185 185 184 184 183 183 182 181 180 179 179 180 181 181 181 179 177 182 183 183 184 184 185 185 186 185 185 183 181 180 182 182 184 186 186 186 187 186 186 187 188 190 191 191 189 191 191 190 191 191 192 192 193 193 192 192 190 192 191 192 193 193 194 194 195 195
184 184 182 184 185 188 189 190 190 190 190 190 190 190 190 189 190 189 189 188 188 188 187 187 187 186 186 186 185 185 184 184 180 179 181 180 180 177 180 180 180 180 180 180 178 179 182 183 184 184 185 186 186 186 186 185 185 184 185 186 186 188 188 188 189 189 189 189 189 190 191 192 193 192 192 192 193 193 193 192 193 194 193 193 193 193 193 193 194 194 195 195 196 197
182 183 182 183 184 188 189 189 189 190 190 190 190 190 189 189 189 189 189 188 188 188 187 187 187 186 186 186 185 185 184 183 182 181 179 181 180 180 180 180 180 180 179 178 178 178 179 180 183 184 185 185 186 186 187 187 187 186 186 187 188 188 189 189 189 190 190 190 190 191 191 192 194 194 193 194 193 194 193 194 194 194 194 194 194 194 194 194 194 195 196 196 197 197
180 182 183 184 185 188 188 188 189 189 190 190 190 190 189 189 189 189 188 188 188 188 187 187 187 186 186 186 185 185 185 183 183 183 182 182 178 181 181 180 181 179 175 177 176 175 177 181 182 183 183 183 185 184 186 187 187 187 187 187 188 188 188 189 190 190 190 190 191 191 192 192 194 194 195 194 194 195 195 195 195 195 195 195 195 195 194 194 195 196 196 197 198 198
182 182 184 184 186 187 187 188 188 189 189 190 190 189 189 189 189 188 188 188 188 188 187 187 187 186 186 185 185 185 184 184 183 183 183 180 181 182 181 181 181 179 173 174 178 177 179 181 181 181 183 182 183 183 185 187 188 188 188 188 188 188 188 189 190 191 191 191 192 192 192 193 192 193 195 194 195 195 196 196 196 196 196 196 196 196 195 195 195 196 197 198 198 199
182 183 184 185 185 186 187 187 188 188 189 190 190 189 189 189 189 188 188 188 188 188 187 187 187 186 186 185 185 185 184 184 184 184 184 183 184 182 182 181 182 180 178 176 180 180 182 182 183 182 183 184 185 184 186 187 187 186 188 188 189 189 189 190 191 192 191 192 192 193 193 194 193 193 195 197 196 197 196 197 197 197 197 197 197 197 197 196 196 197 197 196 198 199
181 182 183 184 185 186 186 187 187 188 188 189 189 189 189 188 189 188 188 188 188 188 187 187 187 186 186 185 185 184 184 184 184 183 184 185 185 184 183 183 182 184 183 182 181 182 183 184 183 183 184 185 185 185 186 187 188 188 188 189 189 189 189 190 190 192 193 193 193 194 194 194 194 194 195 196 197 197 198 198 198 197 198 198 198 198 197 196 196 196 197 198 198 200
180 180 182 183 184 185 186 186 187 187 187 189 188 188 189 188 188 188 188 187 187 187 187 187 187 186 186 185 185 184 185 185 184 184 184 185 185 184 185 185 185 184 183 182 179 182 182 185 185 185 185 184 185 184 185 187 187 189 187 187 189 191 189 190 192 192 192 193 194 196 195 195 195 195 196 197 197 198 198 198 198 198 199 198 198 197 196 197 196 197 197 196 198 199
178 181 182 183 183 184 184 185 187 187 187 187 187 187 188 188 187 187 188 187 187 187 187 187 187 187 186 186 186 185 185 185 185 185 185 186 186 186 186 186 185 185 184 184 183 183 183 186 186 186 188 185 186 187 187 187 186 186 188 186 186 188 191 190 189 188 191 192 192 195 196 196 197 197 197 197 198 198 198 199 199 199 199 199 199 199 199 199 196 197 198 200 198 200
178 177 180 181 182 182 182 183 185 186 186 188 186 187 187 188 187 187 187 187 187 187 187 187 187 187 187 186 187 186 185 185 187 185 183 186 186 186 187 187 186 186 185 187 186 186 185 188 188 189 189 186 187 187 189 185 186 186 190 186 187 186 187 193 187 189 190 193 194 196 197 197 198 198 198 199 199 199 199 200 199 200 200 200 200 200 200 200 199 199 200 201 202 203
173 174 177 179 180 181 182 182 182 185 185 186 186 186 187 187 187 187 187 187 187 187 187 187 187 187 187 187 187 186 185 186 186 187 185 185 187 187 187 187 188 186 188 188 188 189 189 188 189 189 190 189 189 189 191 190 187 185 187 191 190 189 188 191 193 191 192 192 196 197 198 198 199 198 199 199 199 200 199 200 201 201 200 200 201 201 201 200 198 200 200 201 202 203
171 173 174 176 179 180 181 181 182 184 185 185 185 186 186 187 186 186 187 187 186 186 186 187 187 188 187 188 187 187 186 186 186 187 188 187 187 188 188 188 189 188 190 190 190 191 191 191 191 191 192 191 189 191 193 193 193 191 188 189 193 195 194 194 194 194 195 196 197 198 198 199 200 199 199 200 200 200 200 200 201 201 201 201 201 202 201 201 201 201 202 197 202 203
163 168 170 175 178 179 180 181 181 183 186 183 185 185 185 186 185 185 186 187 186 186 186 187 187 188 188 189 188 187 187 187 186 187 189 188 189 188 188 190 190 190 191 191 191 192 192 192 193 192 193 193 193 193 193 194 195 195 194 195 196 196 197 196 197 197 196 196 198 199 199 199 200 200 200 200 200 201 201 201 201 202 202 202 202 202 200 201 200 201 202 202 203 204
166 170 174 177 177 178 179 181 181 184 183 181 184 184 185 187 186 185 186 186 186 186 186 187 187 188 188 189 189 188 187 188 187 188 189 190 188 189 190 190 190 192 191 192 192 192 193 194 193 194 194 194 194 194 195 196 196 196 197 197 197 197 197 197 198 198 198 199 199 199 200 199 200 200 201 201 201 201 200 201 202 202 202 202 203 202 202 201 202 202 203 204 204 205
168 172 175 176 176 178 178 179 180 184 181 183 183 184 186 185 185 185 186 186 185 185 185 186 187 187 188 189 190 189 190 189 189 189 190 190 191 190 191 192 191 192 192 193 193 193 194 194 194 194 194 195 195 195 196 196 196 197 197 198 198 198 199 198 199 199 199 200 200 200 201 201 200 201 202 201 202 201 201 201 202 203 203 203 203 203 203 203 203 202 203 204 205 205
