sesion_6_simulaciones/modelos_distribucion_especies/ejemplo/variables/futuro_B2/2050/TMNV.asc
ncols 708
nrows 329
xllcorner -7.525000
yllcorner 35.991667
cellsize 0.008333
NODATA_value -9999
[rows 205 to 245 of 329, columns 470 to 563 of 708]
194 193 192 191 190 186 192 182 182 178 179 175 173 171 168 162 159 157 156 152 150 151 154 150 146 153 158 164 163 160 158 164 163 164 158 155 151 155 159 163 168 172 178 173 166 158 163 168 173 171 175 173 168 171 175 179 173 170 172 174 178 182 178 182 185 181 180 180 180 182 185 182 185 186 182 181 181 182 185 189 184 182 180 182 181 186 188 181 177 180 184 181 181 181
195 194 194 193 192 194 189 186 185 182 177 174 171 169 165 165 164 159 155 150 150 157 151 147 150 155 160 165 170 165 163 166 171 166 161 156 154 159 166 169 172 176 178 169 162 161 165 169 175 175 178 170 170 173 177 179 173 174 175 176 178 184 183 183 189 184 184 184 184 185 190 187 189 189 185 184 184 184 187 191 187 185 185 183 183 185 189 182 184 184 186 185 183 186
195 195 194 194 194 193 190 185 178 175 174 174 174 172 175 170 166 161 156 153 156 155 149 151 155 156 157 162 168 173 169 174 172 165 160 156 158 160 167 174 178 181 176 169 160 162 166 171 176 181 176 169 171 177 181 182 175 178 180 182 182 186 187 187 190 189 187 189 188 188 190 192 194 192 189 188 189 186 190 192 190 188 189 187 187 187 191 189 186 188 190 189 189 190
195 194 194 194 194 193 190 185 177 177 177 179 181 176 170 166 161 157 157 161 159 153 149 155 160 156 156 161 166 170 177 176 168 164 160 157 162 169 170 172 179 180 173 167 163 165 168 172 176 183 177 174 175 178 183 183 180 183 185 189 190 191 193 193 193 193 191 192 192 192 194 194 196 191 190 192 191 191 192 193 189 190 190 191 191 191 191 191 190 192 192 193 191 190
195 195 194 194 194 194 193 191 187 187 187 184 177 173 168 164 159 159 163 167 162 155 157 159 164 158 160 164 168 173 177 173 167 162 157 159 164 171 178 177 181 179 173 166 167 168 171 173 177 181 182 180 178 181 185 185 184 185 188 190 193 194 195 195 196 197 196 196 196 197 197 197 197 194 194 194 194 194 195 190 191 191 191 192 192 192 193 193 193 194 194 194 193 194
195 195 196 194 195 194 193 192 191 188 185 181 177 171 167 163 160 166 173 167 162 160 163 166 165 161 164 170 175 178 177 171 164 161 161 162 165 170 175 180 182 177 171 169 171 172 173 176 178 180 186 181 181 184 188 190 186 189 190 194 195 196 197 197 197 199 198 198 198 196 197 199 197 196 198 197 196 197 195 192 192 191 191 192 192 192 192 193 193 192 192 190 192 190
194 194 196 194 193 194 193 193 191 188 184 179 176 173 169 164 165 171 174 169 164 165 168 172 169 165 168 173 179 182 176 170 166 165 166 168 169 173 177 182 184 177 172 172 175 176 177 178 180 183 188 184 182 185 189 193 191 194 194 194 194 195 197 197 197 199 200 199 198 198 200 201 197 197 199 197 198 196 194 190 189 189 192 191 189 190 192 191 190 188 190 188 186 188
193 194 196 195 194 193 193 194 193 188 186 182 179 176 171 168 168 176 175 170 169 171 173 177 173 169 172 177 183 183 178 174 170 171 171 171 173 176 179 182 184 179 175 176 178 180 182 181 183 187 191 188 187 188 191 195 195 195 195 195 196 196 197 198 200 199 201 200 199 200 201 202 200 199 200 199 197 197 194 191 189 189 189 188 185 188 191 187 185 185 190 184 184 185
194 193 195 199 197 195 195 195 194 190 188 186 184 180 175 172 176 181 176 171 174 174 176 182 178 172 173 178 183 187 181 176 174 175 176 178 177 179 182 184 186 180 180 181 182 184 185 185 185 188 190 192 191 193 194 195 197 195 197 197 198 198 199 199 200 200 202 201 201 201 201 201 200 198 199 199 198 196 193 189 188 189 187 185 183 186 187 184 187 186 184 181 182 186
196 197 197 200 199 198 197 196 191 192 191 189 185 183 180 179 185 182 176 178 178 178 180 186 181 178 175 180 185 190 184 177 178 181 182 183 183 183 185 189 184 184 184 185 185 186 189 189 190 191 193 193 192 192 193 196 197 197 198 197 197 197 199 200 201 201 202 201 200 202 200 198 198 198 199 197 198 196 194 191 190 189 186 183 183 184 182 183 181 178 177 180 180 180
200 201 201 202 200 198 198 197 196 193 194 189 187 188 184 187 189 182 182 185 184 183 184 190 186 181 180 184 189 188 181 181 183 185 187 187 187 188 189 185 183 187 188 187 187 190 193 192 192 193 193 194 194 194 195 195 196 199 198 199 199 199 201 200 199 199 199 202 204 203 200 196 194 195 195 197 195 196 194 192 189 187 183 180 179 179 178 181 171 172 172 176 178 180
199 202 202 202 203 203 200 201 201 198 195 192 192 194 190 191 193 188 187 189 192 189 190 193 192 189 187 190 195 185 187 187 188 189 191 192 192 186 188 187 187 189 193 192 192 194 193 194 195 193 195 194 194 194 193 194 195 195 196 199 200 201 199 201 200 203 202 202 205 204 202 198 196 195 195 195 195 196 194 193 190 187 184 179 179 177 175 179 174 169 169 170 177 177
198 200 200 200 201 201 204 204 203 201 200 198 196 198 198 197 199 193 192 194 197 195 196 198 197 195 193 195 193 197 192 194 195 194 192 187 186 190 188 193 192 194 196 193 197 194 196 194 196 194 194 193 193 193 193 194 195 193 194 195 196 196 197 201 201 198 199 199 201 205 200 200 199 197 197 195 197 198 197 195 191 188 186 183 178 177 174 175 175 170 171 171 171 171
195 196 197 198 197 198 199 201 205 203 203 200 201 201 203 200 199 198 196 197 200 200 199 201 196 197 193 197 200 199 195 195 191 188 188 190 191 192 196 196 196 199 196 196 196 197 196 197 195 194 191 191 191 192 191 191 191 190 189 190 194 196 200 199 198 196 195 197 202 206 201 198 199 198 196 198 200 199 197 195 193 191 189 185 182 178 173 174 176 171 171 170 168 170
190 192 193 192 195 192 197 199 203 205 203 204 204 205 201 203 202 200 201 202 203 203 204 204 204 201 198 198 204 202 199 192 193 193 193 194 195 196 199 200 199 199 198 198 197 196 195 194 192 194 190 190 190 189 189 190 191 192 193 196 198 200 198 197 195 199 199 199 203 205 203 199 198 196 195 199 202 201 201 200 197 194 189 185 186 180 174 173 175 171 172 169 167 167
187 191 194 194 196 198 200 201 202 205 206 207 206 204 203 204 203 202 203 203 205 205 205 206 206 206 206 206 204 201 205 198 196 199 197 200 201 201 198 197 194 194 193 192 192 195 190 192 192 190 187 189 189 191 192 193 194 192 191 192 192 192 194 197 198 199 203 203 203 207 204 202 202 199 199 202 202 203 200 200 199 195 191 194 188 183 176 175 176 174 173 170 170 171
188 190 194 195 196 199 196 197 200 202 203 202 205 208 207 207 205 203 206 205 206 206 207 207 207 207 207 206 204 204 203 204 204 205 204 202 202 196 193 198 196 191 190 190 190 194 191 188 191 190 187 187 189 191 193 192 189 188 188 189 192 194 195 197 199 202 205 206 207 207 207 206 204 202 202 203 204 201 201 201 200 200 198 191 188 183 179 176 175 175 172 174 173 173
193 194 192 193 192 196 192 193 198 200 199 200 204 205 210 210 209 207 209 208 208 206 206 202 205 205 204 201 202 199 197 201 200 201 198 196 200 199 193 196 191 192 189 186 187 189 192 190 187 188 188 189 191 190 192 192 188 185 187 191 194 196 199 199 203 204 201 201 204 207 206 203 203 206 206 206 205 202 202 202 201 202 201 194 189 184 182 177 175 175 175 174 177 174
200 198 196 194 190 190 191 196 198 197 197 201 204 206 211 208 204 204 203 200 203 199 199 200 202 201 198 198 201 193 195 201 200 197 195 192 197 200 193 194 195 192 191 188 188 188 189 189 189 191 191 191 191 190 189 189 189 187 189 192 194 196 199 202 200 200 198 201 202 208 206 203 202 203 206 208 205 207 205 203 204 202 202 199 196 190 186 182 177 175 176 177 177 175
202 203 201 198 196 194 196 197 202 202 198 202 207 211 209 206 201 200 196 193 196 190 197 197 195 194 195 196 198 193 194 199 200 195 192 191 194 199 197 192 195 191 188 191 193 192 192 193 193 196 194 195 195 193 190 189 191 189 190 194 198 200 200 198 195 199 201 201 203 205 208 205 202 202 202 205 209 209 207 206 206 205 206 203 200 197 192 188 182 180 179 182 181 183
203 204 205 203 201 200 201 201 203 204 202 207 212 209 206 202 201 198 195 190 190 188 189 196 192 188 189 191 197 194 194 198 198 195 192 189 192 197 194 190 193 191 191 194 195 195 195 192 196 195 198 195 193 194 194 192 195 192 194 194 198 198 197 195 196 198 198 198 201 208 207 205 204 206 207 207 210 209 209 208 208 208 206 205 204 200 196 195 192 187 186 185 188 188
206 209 209 205 204 205 207 206 207 206 209 212 210 208 204 202 199 197 196 191 187 186 183 194 185 182 184 190 194 190 196 199 198 194 191 189 195 197 193 190 191 191 195 196 198 198 196 195 196 198 201 198 197 195 196 198 194 191 194 195 196 195 197 199 200 198 198 198 199 201 212 206 209 208 210 210 211 210 210 209 209 206 206 204 202 202 204 202 200 194 194 194 192 189
204 205 210 212 210 207 206 210 208 210 213 212 209 207 204 200 194 191 189 189 185 183 183 187 179 179 185 191 194 195 193 196 198 193 190 189 192 195 190 195 197 196 196 196 200 200 198 196 196 200 200 201 200 202 199 197 194 193 194 194 193 194 199 200 204 201 199 198 202 205 212 208 210 210 212 212 212 211 210 211 210 210 208 208 206 206 206 205 205 203 200 198 194 192
201 205 205 209 212 208 212 212 208 212 214 212 209 205 202 196 191 190 188 183 186 183 181 180 180 183 188 193 198 201 196 194 195 194 188 186 189 193 192 196 199 197 200 200 199 200 198 198 200 201 203 204 200 197 198 197 199 200 196 193 194 195 197 202 203 206 210 207 209 212 214 212 212 211 213 213 213 212 212 212 211 211 208 206 203 204 207 207 207 205 203 201 198 198
196 201 205 210 214 214 213 213 212 214 212 208 208 204 203 201 196 195 190 185 182 181 179 178 179 184 192 198 204 202 196 195 194 192 188 190 192 193 196 199 199 203 203 205 206 203 201 201 203 204 205 204 202 202 200 203 201 199 200 197 196 196 200 204 203 208 210 212 213 213 213 214 213 211 214 214 214 211 211 211 212 210 207 205 206 207 208 209 209 209 206 206 204 204
200 197 204 206 209 211 215 215 213 213 210 210 207 206 205 201 197 192 192 194 188 186 186 187 186 190 198 198 206 203 199 201 199 196 194 194 192 194 198 198 201 200 203 204 208 206 207 205 205 205 209 207 203 200 202 205 204 205 203 200 202 202 202 205 206 203 206 210 212 214 216 212 212 212 216 214 211 210 211 208 209 208 208 206 205 208 209 210 210 210 209 208 208 208
206 207 206 207 208 212 214 212 213 210 209 210 209 209 209 206 202 201 198 200 195 196 194 194 194 196 200 207 209 204 201 206 199 198 198 200 197 198 200 202 203 201 203 206 209 213 211 210 209 209 212 209 204 203 207 210 208 208 204 201 207 203 204 205 209 207 205 206 212 211 217 217 215 212 216 213 208 212 211 207 207 209 207 207 206 206 207 207 210 212 212 211 211 212
211 213 211 211 212 213 213 212 216 205 208 212 212 211 209 209 207 204 205 205 202 201 200 200 203 205 207 210 205 204 208 208 203 205 202 206 203 204 202 202 203 205 206 205 209 210 214 214 214 214 211 207 208 208 209 211 212 210 206 205 209 206 205 210 211 208 205 208 210 214 215 219 217 218 216 210 212 214 211 207 209 209 211 209 208 206 209 211 211 212 213 214 214 214
215 216 216 211 212 212 214 217 216 215 212 213 212 211 209 209 208 207 209 205 200 197 201 205 207 210 209 211 208 209 213 207 208 208 203 210 206 208 205 207 208 209 211 209 207 207 210 212 216 217 215 213 213 213 211 214 214 210 208 210 211 212 208 211 211 206 203 204 207 209 215 218 218 219 215 215 216 217 213 210 212 209 210 213 214 212 211 213 215 214 214 215 216 216
218 218 219 215 217 217 217 218 217 215 213 211 213 211 212 211 210 209 210 208 205 202 203 208 211 212 212 212 214 215 212 209 211 211 209 210 209 214 208 212 212 211 218 215 210 211 209 211 213 218 220 218 215 217 215 218 213 214 211 210 210 215 213 214 213 208 209 211 211 214 217 218 221 220 219 219 219 219 217 216 215 216 214 217 218 216 215 216 217 216 217 216 216 217
219 220 221 220 220 220 219 218 217 212 215 216 216 214 215 214 211 212 212 212 210 207 202 207 211 214 215 216 217 215 213 213 214 217 213 216 211 217 213 213 215 216 215 221 215 216 213 215 218 218 222 220 219 217 221 217 217 218 214 214 214 217 217 215 220 217 216 214 218 216 219 220 222 223 222 222 222 223 223 222 220 222 219 221 221 220 220 220 219 218 218 218 217 217
221 223 223 223 222 221 220 217 215 217 218 218 219 217 217 214 214 213 214 213 211 208 205 210 210 213 215 218 218 218 217 216 215 218 218 219 216 221 218 219 225 221 222 224 223 223 220 220 223 223 224 225 223 221 222 223 222 222 219 219 219 220 224 219 222 221 221 222 220 222 224 224 224 225 225 224 225 226 227 228 227 227 227 225 224 223 222 222 221 220 220 219 219 218
-9999 -9999 226 225 223 222 220 218 219 220 221 221 221 220 218 217 214 215 216 214 211 210 205 206 209 211 214 218 221 221 -9999 -9999 -9999 -9999 -9999 -9999 -9999 -9999 -9999 -9999 -9999 -9999 -9999 -9999 -9999 -9999 -9999 -9999 -9999 -9999 -9999 -9999 -9999 -9999 -9999 -9999 -9999 -9999 -9999 -9999 -9999 -9999 -9999 -9999 -9999 -9999 -9999 -9999 -9999 -9999 -9999 -9999 -9999 -9999 -9999 -9999 -9999 -9999 -9999 -9999 -9999 -9999 -9999 -9999 -9999 -9999 224 223 222 222 221 220 220 219
-9999 -9999 230 226 224 223 223 222 223 223 223 223 222 222 220 218 218 217 217 215 213 210 206 206 210 211 216 220 222 224 -9999 -9999 -9999 -9999 -9999 -9999 -9999 -9999 -9999 -9999 -9999 -9999 -9999 -9999 -9999 -9999 -9999 -9999 -9999 -9999 -9999 -9999 -9999 -9999 -9999 -9999 -9999 -9999 -9999 -9999 -9999 -9999 -9999 -9999 -9999 -9999 -9999 -9999 -9999 -9999 -9999 -9999 -9999 -9999 -9999 -9999 -9999 -9999 -9999 -9999 -9999 -9999 -9999 -9999 -9999 -9999 227 225 223 223 221 220 221 221
-9999 -9999 -9999 -9999 226 225 225 226 227 227 226 226 225 224 222 221 220 219 218 217 215 212 208 208 212 215 218 221 -9999 -9999 -9999 -9999 -9999 -9999 -9999 -9999 -9999 -9999 -9999 -9999 -9999 -9999 -9999 -9999 -9999 -9999 -9999 -9999 -9999 -9999 -9999 -9999 -9999 -9999 -9999 -9999 -9999 -9999 -9999 -9999 -9999 -9999 -9999 -9999 -9999 -9999 -9999 -9999 -9999 -9999 -9999 -9999 -9999 -9999 -9999 -9999 -9999 -9999 -9999 -9999 -9999 -9999 -9999 -9999 -9999 -9999 -9999 -9999 225 224 222 221 222 222
-9999 -9999 -9999 -9999 231 228 228 230 230 233 231 230 228 225 224 222 221 221 219 217 215 216 213 212 215 215 216 221 -9999 -9999 -9999 -9999 -9999 -9999 -9999 -9999 -9999 -9999 -9999 -9999 -9999 -9999 -9999 -9999 -9999 -9999 -9999 -9999 -9999 -9999 -9999 -9999 -9999 -9999 -9999 -9999 -9999 -9999 -9999 -9999 -9999 -9999 -9999 -9999 -9999 -9999 -9999 -9999 -9999 -9999 -9999 -9999 -9999 -9999 -9999 -9999 -9999 -9999 -9999 -9999 -9999 -9999 -9999 -9999 -9999 -9999 -9999 -9999 228 226 224 223 224 224
-9999 -9999 -9999 -9999 -9999 -9999 -9999 -9999 -9999 -9999 -9999 -9999 -9999 -9999 -9999 -9999 222 223 221 220 221 220 -9999 -9999 -9999 -9999 -9999 -9999 -9999 -9999 -9999 -9999 -9999 -9999 -9999 -9999 -9999 -9999 -9999 -9999 -9999 -9999 -9999 -9999 -9999 -9999 -9999 -9999 -9999 -9999 -9999 -9999 -9999 -9999 -9999 -9999 -9999 -9999 -9999 -9999 -9999 -9999 -9999 -9999 -9999 -9999 -9999 -9999 -9999 -9999 -9999 -9999 -9999 -9999 -9999 -9999 -9999 -9999 -9999 -9999 -9999 -9999 -9999 -9999 -9999 -9999 -9999 -9999 -9999 -9999 -9999 -9999 -9999 -9999
-9999 -9999 -9999 -9999 -9999 -9999 -9999 -9999 -9999 -9999 -9999 -9999 -9999 -9999 -9999 -9999 222 222 225 227 223 226 -9999 -9999 -9999 -9999 -9999 -9999 -9999 -9999 -9999 -9999 -9999 -9999 -9999 -9999 -9999 -9999 -9999 -9999 -9999 -9999 -9999 -9999 -9999 -9999 -9999 -9999 -9999 -9999 -9999 -9999 -9999 -9999 -9999 -9999 -9999 -9999 -9999 -9999 -9999 -9999 -9999 -9999 -9999 -9999 -9999 -9999 -9999 -9999 -9999 -9999 -9999 -9999 -9999 -9999 -9999 -9999 -9999 -9999 -9999 -9999 -9999 -9999 -9999 -9999 -9999 -9999 -9999 -9999 -9999 -9999 -9999 -9999
-9999 -9999 -9999 -9999 -9999 -9999 -9999 -9999 -9999 -9999 -9999 -9999 -9999 -9999 -9999 -9999 -9999 -9999 -9999 -9999 -9999 -9999 -9999 -9999 -9999 -9999 -9999 -9999 -9999 -9999 -9999 -9999 -9999 -9999 -9999 -9999 -9999 -9999 -9999 -9999 -9999 -9999 -9999 -9999 -9999 -9999 -9999 -9999 -9999 -9999 -9999 -9999 -9999 -9999 -9999 -9999 -9999 -9999 -9999 -9999 -9999 -9999 -9999 -9999 -9999 -9999 -9999 -9999 -9999 -9999 -9999 -9999 -9999 -9999 -9999 -9999 -9999 -9999 -9999 -9999 -9999 -9999 -9999 -9999 -9999 -9999 -9999 -9999 -9999 -9999 -9999 -9999 -9999 -9999
-9999 -9999 -9999 -9999 -9999 -9999 -9999 -9999 -9999 -9999 -9999 -9999 -9999 -9999 -9999 -9999 -9999 -9999 -9999 -9999 -9999 -9999 -9999 -9999 -9999 -9999 -9999 -9999 -9999 -9999 -9999 -9999 -9999 -9999 -9999 -9999 -9999 -9999 -9999 -9999 -9999 -9999 -9999 -9999 -9999 -9999 -9999 -9999 -9999 -9999 -9999 -9999 -9999 -9999 -9999 -9999 -9999 -9999 -9999 -9999 -9999 -9999 -9999 -9999 -9999 -9999 -9999 -9999 -9999 -9999 -9999 -9999 -9999 -9999 -9999 -9999 -9999 -9999 -9999 -9999 -9999 -9999 -9999 -9999 -9999 -9999 -9999 -9999 -9999 -9999 -9999 -9999 -9999 -9999
-9999 -9999 -9999 -9999 -9999 -9999 -9999 -9999 -9999 -9999 -9999 -9999 -9999 -9999 -9999 -9999 -9999 -9999 -9999 -9999 -9999 -9999 -9999 -9999 -9999 -9999 -9999 -9999 -9999 -9999 -9999 -9999 -9999 -9999 -9999 -9999 -9999 -9999 -9999 -9999 -9999 -9999 -9999 -9999 -9999 -9999 -9999 -9999 -9999 -9999 -9999 -9999 -9999 -9999 -9999 -9999 -9999 -9999 -9999 -9999 -9999 -9999 -9999 -9999 -9999 -9999 -9999 -9999 -9999 -9999 -9999 -9999 -9999 -9999 -9999 -9999 -9999 -9999 -9999 -9999 -9999 -9999 -9999 -9999 -9999 -9999 -9999 -9999 -9999 -9999 -9999 -9999 -9999 -9999
