sesion_6_simulaciones/modelos_distribucion_especies/ejemplo/variables/futuro_B2/2050/TMXI.asc
ncols 708
nrows 329
xllcorner -7.525000
yllcorner 35.991667
cellsize 0.008333
NODATA_value -9999
[rows 210 to 251 of 329, columns 475 to 569 of 708]
126 123 120 122 111 113 98 77 67 58 51 48 62 72 63 50 53 54 69 53 51 55 74 82 90 77 58 47 49 50 52 57 60 78 88 83 79 63 67 71 78 76 86 86 92 105 89 95 101 116 120 110 114 116 120 133 122 128 133 133 135 133 131 132 131 132 135 119 131 132 126 124 132 117 127 119 116 117 119 118 117 117 118 118 118 114 109 106 119 130 124 123 124 111 122
121 120 122 120 121 99 90 81 71 68 57 62 79 80 67 52 61 68 72 69 60 67 77 88 91 76 67 61 60 63 67 64 80 84 98 99 84 72 72 84 83 86 90 90 100 109 97 103 104 103 119 125 120 122 127 122 111 123 139 134 133 138 136 131 132 136 137 133 131 130 133 132 126 118 114 107 97 113 112 102 115 117 111 107 97 115 109 104 101 107 110 106 111 118 102
120 122 126 123 111 108 98 95 81 73 65 66 87 82 70 71 70 77 89 78 70 73 81 102 93 93 80 68 75 63 77 79 78 90 93 100 91 82 87 89 91 100 95 104 104 118 117 112 101 119 109 123 121 132 128 127 130 133 124 138 128 139 136 133 136 138 142 139 135 134 138 127 128 126 118 108 116 103 100 97 98 113 93 90 106 112 99 91 95 112 96 94 93 104 98
132 133 128 127 118 110 117 104 93 87 77 92 97 81 77 82 81 87 97 88 76 74 84 99 113 98 83 69 86 90 90 89 85 96 101 99 87 95 99 96 97 107 108 101 114 118 117 122 126 128 129 127 122 133 130 132 131 135 135 138 129 140 141 134 142 137 123 136 124 132 134 125 128 115 103 105 112 106 98 96 100 93 90 97 87 90 86 87 94 107 91 85 85 100 90
133 130 130 116 123 124 111 104 101 95 97 114 95 87 92 92 90 96 107 93 89 83 91 103 114 96 80 93 97 103 103 102 98 102 104 90 103 101 104 101 103 112 118 113 110 120 121 114 117 123 121 131 128 132 129 125 121 127 137 135 141 137 145 135 142 133 129 126 125 128 130 125 128 124 105 107 107 106 84 87 91 84 91 79 68 72 83 81 75 93 92 83 101 79 103
132 135 138 133 129 121 113 112 111 106 116 118 101 102 111 106 105 108 119 103 99 98 106 113 101 81 95 102 105 103 108 105 115 109 93 97 100 109 108 115 118 119 104 124 116 121 117 120 123 124 124 132 130 137 139 133 139 138 125 129 130 139 144 143 140 131 118 122 121 121 123 121 125 127 114 106 102 84 87 81 70 68 84 65 55 62 69 77 90 74 85 74 73 80 78
144 141 142 142 132 130 123 119 125 120 118 119 120 116 118 127 118 118 123 124 118 114 118 117 114 109 113 115 116 117 118 122 106 99 111 109 99 125 113 111 108 121 119 119 122 125 119 114 114 112 112 113 124 133 138 134 130 121 130 138 139 125 131 138 153 137 134 132 130 125 116 124 124 118 120 112 107 99 91 84 84 74 78 71 57 53 50 77 76 86 77 80 87 78 78
125 138 146 141 144 139 133 132 135 136 139 135 125 119 128 128 130 128 135 139 131 120 133 128 144 120 131 129 127 103 89 94 112 117 122 127 117 133 122 127 121 131 124 131 119 128 123 116 115 111 128 109 107 114 114 118 115 135 134 127 119 135 119 143 148 146 127 133 132 134 126 127 129 130 117 107 93 89 84 80 80 69 65 76 56 59 53 62 60 68 85 80 73 79 88
125 131 135 151 143 137 138 142 137 140 125 140 138 131 136 138 143 141 144 135 132 114 132 132 134 112 117 115 98 115 116 123 119 134 127 132 134 130 129 123 126 130 120 122 108 108 110 112 110 107 105 105 101 99 113 128 132 139 128 118 127 119 130 127 147 137 128 128 126 127 136 128 128 132 126 120 116 117 101 94 79 67 68 71 56 57 58 52 58 59 78 59 76 71 83
107 131 127 135 150 140 149 139 151 135 143 139 133 131 142 143 143 144 145 143 140 134 132 141 145 131 118 126 125 122 125 127 130 142 122 126 126 117 118 115 114 114 114 111 115 111 115 108 102 113 111 115 122 125 127 130 123 116 122 119 135 139 135 147 147 143 132 129 127 123 127 139 138 138 133 126 124 99 104 99 92 76 68 75 66 71 67 56 48 65 67 57 62 56 61
136 135 126 125 139 157 141 151 151 140 151 144 143 145 143 147 148 148 148 148 151 159 156 137 127 130 141 131 134 138 143 142 125 120 121 109 106 110 106 106 117 106 106 114 101 95 99 106 119 119 118 112 116 102 103 103 106 115 121 135 130 146 140 138 149 137 144 143 133 136 140 137 139 130 122 126 127 115 123 112 87 80 77 74 73 70 68 63 65 67 61 65 59 69 65
128 117 117 121 136 131 133 139 155 152 147 145 142 147 144 149 149 153 150 149 149 146 139 129 141 127 133 144 146 132 125 130 126 107 126 114 101 100 100 107 112 117 104 98 104 96 103 110 119 101 114 99 94 91 113 121 126 129 128 133 138 151 152 151 148 146 151 129 137 140 142 140 134 141 139 137 134 125 111 105 88 94 73 71 70 66 72 72 69 63 66 61 69 69 74
109 115 107 120 131 129 134 131 135 155 159 160 153 153 155 152 133 135 127 133 134 133 127 135 123 114 130 119 127 117 113 122 125 112 119 104 99 98 94 98 95 107 94 92 95 97 108 108 96 114 116 108 107 109 112 117 114 116 138 140 135 128 125 134 147 140 137 140 148 153 148 144 144 132 133 136 138 134 124 105 94 89 78 70 73 78 68 81 71 76 74 63 63 66 67
105 112 129 129 131 123 137 150 153 157 151 132 128 126 123 132 120 124 131 127 128 120 125 128 112 112 130 126 121 108 106 112 128 113 111 126 112 115 89 104 109 92 108 110 114 109 114 116 114 107 102 112 103 95 112 127 116 118 132 123 131 129 133 141 146 144 132 128 131 141 156 157 141 149 139 146 131 142 139 131 110 104 90 87 67 63 82 81 73 84 83 71 67 85 87
119 127 129 140 144 126 143 150 160 153 147 132 120 112 122 109 95 117 121 109 103 107 113 118 121 117 128 134 124 113 102 106 123 109 110 111 113 103 114 118 114 112 108 112 123 122 126 114 122 109 112 105 106 105 121 125 121 126 117 113 120 132 135 141 134 147 139 130 136 132 143 152 151 147 149 148 142 146 135 135 131 114 107 96 95 93 79 100 98 96 87 94 78 91 98
138 138 139 142 141 140 153 162 152 137 136 124 129 123 107 110 92 92 115 101 98 94 104 118 110 118 128 118 124 105 98 106 113 112 95 105 99 110 121 112 115 125 111 127 119 129 109 119 123 120 108 117 109 119 121 117 119 125 114 121 125 125 122 120 148 149 142 142 149 158 151 143 153 151 150 147 148 143 145 135 138 131 126 117 104 100 100 94 98 91 93 93 103 86 101
147 149 153 149 146 160 161 155 148 139 122 128 111 108 106 96 84 81 105 83 78 87 105 112 106 126 132 126 121 96 110 120 116 108 106 113 116 104 116 125 116 117 116 111 126 128 116 120 115 124 129 103 100 104 113 111 108 131 133 127 124 114 119 130 131 152 146 155 153 157 155 155 154 150 148 148 134 143 129 140 134 146 141 135 127 122 123 112 109 103 115 112 104 110 102
152 144 154 146 152 160 157 140 145 142 131 112 106 103 112 86 86 79 89 73 85 94 110 123 122 112 120 118 108 94 92 99 108 103 114 124 116 124 115 130 135 123 113 113 133 136 133 129 130 119 117 109 115 116 113 107 109 124 127 137 134 127 124 123 144 154 153 156 153 158 157 156 156 151 154 154 152 153 148 134 136 142 144 143 143 134 134 117 117 118 119 121 124 110 137
149 163 157 150 158 161 152 152 142 129 116 118 105 101 88 86 98 82 72 79 88 94 114 127 133 116 104 108 116 97 99 104 105 108 118 132 121 132 120 123 114 128 123 128 127 139 127 126 121 128 121 127 125 120 98 112 115 108 133 128 128 150 152 158 162 163 153 155 151 158 159 153 157 156 154 153 151 139 135 135 141 143 145 145 141 139 135 129 132 129 130 139 142 133 140
166 158 161 165 162 155 148 140 140 123 121 115 114 101 99 84 85 86 77 73 103 98 130 139 135 117 124 117 112 96 97 108 108 124 125 125 138 141 122 144 139 131 128 133 142 136 139 135 138 129 136 131 118 125 120 118 117 137 133 128 140 139 142 150 148 154 159 156 152 155 160 153 138 139 148 146 145 130 141 140 149 143 149 149 149 148 149 145 146 141 139 149 142 153 146
153 162 163 151 147 143 150 146 151 145 142 134 120 107 120 99 105 103 107 103 105 128 126 143 131 126 134 129 123 117 118 108 105 107 114 119 115 121 133 131 138 142 145 127 123 153 127 122 128 137 138 133 140 126 132 135 131 123 133 138 131 132 149 147 163 159 145 158 153 158 161 148 149 148 142 137 142 141 141 134 135 144 148 152 152 145 153 151 146 153 150 157 151 149 155
150 153 150 156 142 140 155 153 143 145 146 139 139 133 132 128 117 123 119 124 127 129 143 148 122 132 138 118 128 120 127 128 125 115 133 124 121 132 141 131 154 157 153 147 151 149 141 135 130 137 141 150 131 136 127 133 135 139 140 133 146 139 141 153 151 161 164 158 153 165 153 136 156 151 139 139 144 138 135 137 129 143 126 137 154 153 156 159 162 164 161 161 164 160 160
151 162 144 153 146 148 157 153 157 152 148 146 138 146 143 141 138 129 132 135 143 148 156 128 142 144 143 138 145 134 137 130 135 123 119 131 138 142 123 131 130 149 160 154 158 142 136 147 145 150 139 141 139 137 139 145 142 124 148 149 147 130 131 143 146 156 166 162 164 159 141 149 158 149 141 146 141 140 144 131 140 132 158 153 158 155 160 165 169 163 163 165 164 163 161
152 154 163 173 169 158 156 154 146 143 142 141 140 151 146 119 109 125 144 147 145 150 154 153 147 151 142 139 138 128 142 139 142 130 143 145 135 136 148 139 126 147 155 145 162 153 155 150 153 148 159 154 148 146 148 153 153 143 147 146 136 127 131 132 142 155 159 165 160 156 162 161 160 149 143 140 146 151 155 156 153 156 161 156 158 159 161 161 162 164 165 165 166 166 165
169 172 167 166 155 152 149 160 155 151 153 149 148 147 146 148 123 130 135 157 158 151 150 152 152 159 140 148 139 142 138 150 150 144 147 149 128 151 156 134 148 142 146 138 148 166 167 155 165 160 160 141 151 137 136 140 152 152 148 155 146 146 142 150 155 162 163 165 169 165 166 161 159 165 154 158 157 149 157 161 156 164 165 163 162 163 163 163 163 165 165 166 166 166 167
168 166 159 159 145 156 165 161 154 164 161 150 159 160 151 154 141 130 141 160 162 165 160 165 145 144 153 147 157 148 153 146 155 143 146 143 150 136 161 150 155 135 134 164 163 170 160 163 151 164 148 158 148 151 151 150 143 162 147 156 150 156 145 158 158 159 161 169 171 171 169 168 171 169 168 173 168 158 167 164 165 164 165 165 165 165 165 165 165 165 167 166 167 167 167
170 168 154 157 165 165 167 162 161 164 157 156 162 156 150 137 131 130 134 143 148 147 155 161 161 158 148 155 160 158 155 156 163 159 164 165 154 162 157 167 154 160 162 158 165 153 171 166 160 163 166 154 156 158 157 162 164 162 157 163 167 156 162 165 168 169 170 173 171 169 171 172 173 174 175 175 171 171 169 168 169 167 167 167 167 166 167 166 166 166 167 166 168 167 167
169 169 154 164 162 168 167 169 168 157 162 151 165 160 150 156 141 133 127 141 141 157 160 168 167 -9999 -9999 -9999 -9999 -9999 -9999 -9999 -9999 -9999 -9999 -9999 -9999 -9999 -9999 -9999 -9999 -9999 -9999 -9999 -9999 -9999 -9999 -9999 -9999 -9999 -9999 -9999 -9999 -9999 -9999 -9999 -9999 -9999 -9999 -9999 -9999 -9999 -9999 -9999 -9999 -9999 -9999 -9999 -9999 -9999 -9999 -9999 -9999 -9999 -9999 -9999 -9999 -9999 -9999 -9999 -9999 169 168 168 168 167 166 168 166 167 169 166 168 167 166
172 173 170 171 172 171 171 171 169 167 157 163 165 162 161 146 145 138 132 149 149 154 159 167 172 -9999 -9999 -9999 -9999 -9999 -9999 -9999 -9999 -9999 -9999 -9999 -9999 -9999 -9999 -9999 -9999 -9999 -9999 -9999 -9999 -9999 -9999 -9999 -9999 -9999 -9999 -9999 -9999 -9999 -9999 -9999 -9999 -9999 -9999 -9999 -9999 -9999 -9999 -9999 -9999 -9999 -9999 -9999 -9999 -9999 -9999 -9999 -9999 -9999 -9999 -9999 -9999 -9999 -9999 -9999 -9999 173 170 169 169 167 167 168 167 167 165 167 167 169 168
172 172 173 173 174 173 173 173 172 171 169 168 165 160 163 157 135 140 143 146 152 151 157 -9999 -9999 -9999 -9999 -9999 -9999 -9999 -9999 -9999 -9999 -9999 -9999 -9999 -9999 -9999 -9999 -9999 -9999 -9999 -9999 -9999 -9999 -9999 -9999 -9999 -9999 -9999 -9999 -9999 -9999 -9999 -9999 -9999 -9999 -9999 -9999 -9999 -9999 -9999 -9999 -9999 -9999 -9999 -9999 -9999 -9999 -9999 -9999 -9999 -9999 -9999 -9999 -9999 -9999 -9999 -9999 -9999 -9999 -9999 -9999 171 170 171 168 168 167 169 168 168 170 169 167
175 174 175 176 178 176 176 174 172 171 169 169 165 164 159 161 162 147 148 155 153 148 167 -9999 -9999 -9999 -9999 -9999 -9999 -9999 -9999 -9999 -9999 -9999 -9999 -9999 -9999 -9999 -9999 -9999 -9999 -9999 -9999 -9999 -9999 -9999 -9999 -9999 -9999 -9999 -9999 -9999 -9999 -9999 -9999 -9999 -9999 -9999 -9999 -9999 -9999 -9999 -9999 -9999 -9999 -9999 -9999 -9999 -9999 -9999 -9999 -9999 -9999 -9999 -9999 -9999 -9999 -9999 -9999 -9999 -9999 -9999 -9999 169 171 170 169 169 170 170 168 168 168 168 168
-9999 -9999 -9999 -9999 -9999 -9999 -9999 -9999 -9999 -9999 -9999 166 169 161 168 169 163 -9999 -9999 -9999 -9999 -9999 -9999 -9999 -9999 -9999 -9999 -9999 -9999 -9999 -9999 -9999 -9999 -9999 -9999 -9999 -9999 -9999 -9999 -9999 -9999 -9999 -9999 -9999 -9999 -9999 -9999 -9999 -9999 -9999 -9999 -9999 -9999 -9999 -9999 -9999 -9999 -9999 -9999 -9999 -9999 -9999 -9999 -9999 -9999 -9999 -9999 -9999 -9999 -9999 -9999 -9999 -9999 -9999 -9999 -9999 -9999 -9999 -9999 -9999 -9999 -9999 -9999 -9999 -9999 -9999 -9999 -9999 -9999 -9999 -9999 -9999 -9999 169 169
-9999 -9999 -9999 -9999 -9999 -9999 -9999 -9999 -9999 -9999 -9999 165 155 171 174 163 173 -9999 -9999 -9999 -9999 -9999 -9999 -9999 -9999 -9999 -9999 -9999 -9999 -9999 -9999 -9999 -9999 -9999 -9999 -9999 -9999 -9999 -9999 -9999 -9999 -9999 -9999 -9999 -9999 -9999 -9999 -9999 -9999 -9999 -9999 -9999 -9999 -9999 -9999 -9999 -9999 -9999 -9999 -9999 -9999 -9999 -9999 -9999 -9999 -9999 -9999 -9999 -9999 -9999 -9999 -9999 -9999 -9999 -9999 -9999 -9999 -9999 -9999 -9999 -9999 -9999 -9999 -9999 -9999 -9999 -9999 -9999 -9999 -9999 -9999 -9999 -9999 170 169
-9999 -9999 -9999 -9999 -9999 -9999 -9999 -9999 -9999 -9999 -9999 -9999 -9999 -9999 -9999 -9999 -9999 -9999 -9999 -9999 -9999 -9999 -9999 -9999 -9999 -9999 -9999 -9999 -9999 -9999 -9999 -9999 -9999 -9999 -9999 -9999 -9999 -9999 -9999 -9999 -9999 -9999 -9999 -9999 -9999 -9999 -9999 -9999 -9999 -9999 -9999 -9999 -9999 -9999 -9999 -9999 -9999 -9999 -9999 -9999 -9999 -9999 -9999 -9999 -9999 -9999 -9999 -9999 -9999 -9999 -9999 -9999 -9999 -9999 -9999 -9999 -9999 -9999 -9999 -9999 -9999 -9999 -9999 -9999 -9999 -9999 -9999 -9999 -9999 -9999 -9999 -9999 -9999 -9999 -9999
-9999 -9999 -9999 -9999 -9999 -9999 -9999 -9999 -9999 -9999 -9999 -9999 -9999 -9999 -9999 -9999 -9999 -9999 -9999 -9999 -9999 -9999 -9999 -9999 -9999 -9999 -9999 -9999 -9999 -9999 -9999 -9999 -9999 -9999 -9999 -9999 -9999 -9999 -9999 -9999 -9999 -9999 -9999 -9999 -9999 -9999 -9999 -9999 -9999 -9999 -9999 -9999 -9999 -9999 -9999 -9999 -9999 -9999 -9999 -9999 -9999 -9999 -9999 -9999 -9999 -9999 -9999 -9999 -9999 -9999 -9999 -9999 -9999 -9999 -9999 -9999 -9999 -9999 -9999 -9999 -9999 -9999 -9999 -9999 -9999 -9999 -9999 -9999 -9999 -9999 -9999 -9999 -9999 -9999 -9999
-9999 -9999 -9999 -9999 -9999 -9999 -9999 -9999 -9999 -9999 -9999 -9999 -9999 -9999 -9999 -9999 -9999 -9999 -9999 -9999 -9999 -9999 -9999 -9999 -9999 -9999 -9999 -9999 -9999 -9999 -9999 -9999 -9999 -9999 -9999 -9999 -9999 -9999 -9999 -9999 -9999 -9999 -9999 -9999 -9999 -9999 -9999 -9999 -9999 -9999 -9999 -9999 -9999 -9999 -9999 -9999 -9999 -9999 -9999 -9999 -9999 -9999 -9999 -9999 -9999 -9999 -9999 -9999 -9999 -9999 -9999 -9999 -9999 -9999 -9999 -9999 -9999 -9999 -9999 -9999 -9999 -9999 -9999 -9999 -9999 -9999 -9999 -9999 -9999 -9999 -9999 -9999 -9999 -9999 -9999
-9999 -9999 -9999 -9999 -9999 -9999 -9999 -9999 -9999 -9999 -9999 -9999 -9999 -9999 -9999 -9999 -9999 -9999 -9999 -9999 -9999 -9999 -9999 -9999 -9999 -9999 -9999 -9999 -9999 -9999 -9999 -9999 -9999 -9999 -9999 -9999 -9999 -9999 -9999 -9999 -9999 -9999 -9999 -9999 -9999 -9999 -9999 -9999 -9999 -9999 -9999 -9999 -9999 -9999 -9999 -9999 -9999 -9999 -9999 -9999 -9999 -9999 -9999 -9999 -9999 -9999 -9999 -9999 -9999 -9999 -9999 -9999 -9999 -9999 -9999 -9999 -9999 -9999 -9999 -9999 -9999 -9999 -9999 -9999 -9999 -9999 -9999 -9999 -9999 -9999 -9999 -9999 -9999 -9999 -9999
-9999 -9999 -9999 -9999 -9999 -9999 -9999 -9999 -9999 -9999 -9999 -9999 -9999 -9999 -9999 -9999 -9999 -9999 -9999 -9999 -9999 -9999 -9999 -9999 -9999 -9999 -9999 -9999 -9999 -9999 -9999 -9999 -9999 -9999 -9999 -9999 -9999 -9999 -9999 -9999 -9999 -9999 -9999 -9999 -9999 -9999 -9999 -9999 -9999 -9999 -9999 -9999 -9999 -9999 -9999 -9999 -9999 -9999 -9999 -9999 -9999 -9999 -9999 -9999 -9999 -9999 -9999 -9999 -9999 -9999 -9999 -9999 -9999 -9999 -9999 -9999 -9999 -9999 -9999 -9999 -9999 -9999 -9999 -9999 -9999 -9999 -9999 -9999 -9999 -9999 -9999 -9999 -9999 -9999 -9999
-9999 -9999 -9999 -9999 -9999 -9999 -9999 -9999 -9999 -9999 -9999 -9999 -9999 -9999 -9999 -9999 -9999 -9999 -9999 -9999 -9999 -9999 -9999 -9999 -9999 -9999 -9999 -9999 -9999 -9999 -9999 -9999 -9999 -9999 -9999 -9999 -9999 -9999 -9999 -9999 -9999 -9999 -9999 -9999 -9999 -9999 -9999 -9999 -9999 -9999 -9999 -9999 -9999 -9999 -9999 -9999 -9999 -9999 -9999 -9999 -9999 -9999 -9999 -9999 -9999 -9999 -9999 -9999 -9999 -9999 -9999 -9999 -9999 -9999 -9999 -9999 -9999 -9999 -9999 -9999 -9999 -9999 -9999 -9999 -9999 -9999 -9999 -9999 -9999 -9999 -9999 -9999 -9999 -9999 -9999
-9999 -9999 -9999 -9999 -9999 -9999 -9999 -9999 -9999 -9999 -9999 -9999 -9999 -9999 -9999 -9999 -9999 -9999 -9999 -9999 -9999 -9999 -9999 -9999 -9999 -9999 -9999 -9999 -9999 -9999 -9999 -9999 -9999 -9999 -9999 -9999 -9999 -9999 -9999 -9999 -9999 -9999 -9999 -9999 -9999 -9999 -9999 -9999 -9999 -9999 -9999 -9999 -9999 -9999 -9999 -9999 -9999 -9999 -9999 -9999 -9999 -9999 -9999 -9999 -9999 -9999 -9999 -9999 -9999 -9999 -9999 -9999 -9999 -9999 -9999 -9999 -9999 -9999 -9999 -9999 -9999 -9999 -9999 -9999 -9999 -9999 -9999 -9999 -9999 -9999 -9999 -9999 -9999 -9999 -9999
-9999 -9999 -9999 -9999 -9999 -9999 -9999 -9999 -9999 -9999 -9999 -9999 -9999 -9999 -9999 -9999 -9999 -9999 -9999 -9999 -9999 -9999 -9999 -9999 -9999 -9999 -9999 -9999 -9999 -9999 -9999 -9999 -9999 -9999 -9999 -9999 -9999 -9999 -9999 -9999 -9999 -9999 -9999 -9999 -9999 -9999 -9999 -9999 -9999 -9999 -9999 -9999 -9999 -9999 -9999 -9999 -9999 -9999 -9999 -9999 -9999 -9999 -9999 -9999 -9999 -9999 -9999 -9999 -9999 -9999 -9999 -9999 -9999 -9999 -9999 -9999 -9999 -9999 -9999 -9999 -9999 -9999 -9999 -9999 -9999 -9999 -9999 -9999 -9999 -9999 -9999 -9999 -9999 -9999 -9999
-9999 -9999 -9999 -9999 -9999 -9999 -9999 -9999 -9999 -9999 -9999 -9999 -9999 -9999 -9999 -9999 -9999 -9999 -9999 -9999 -9999 -9999 -9999 -9999 -9999 -9999 -9999 -9999 -9999 -9999 -9999 -9999 -9999 -9999 -9999 -9999 -9999 -9999 -9999 -9999 -9999 -9999 -9999 -9999 -9999 -9999 -9999 -9999 -9999 -9999 -9999 -9999 -9999 -9999 -9999 -9999 -9999 -9999 -9999 -9999 -9999 -9999 -9999 -9999 -9999 -9999 -9999 -9999 -9999 -9999 -9999 -9999 -9999 -9999 -9999 -9999 -9999 -9999 -9999 -9999 -9999 -9999 -9999 -9999 -9999 -9999 -9999 -9999 -9999 -9999 -9999 -9999 -9999 -9999 -9999
