sesion_6_simulaciones/modelos_distribucion_especies/ejemplo/variables/futuro_B2/2050/TMXV.asc
ncols 708
nrows 329
xllcorner -7.525000
yllcorner 35.991667
cellsize 0.008333
NODATA_value -9999
[rows 205 to 245 of 329, columns 94 to 187 of 708]
-9999 -9999 -9999 -9999 -9999 -9999 -9999 -9999 -9999 -9999 -9999 -9999 -9999 -9999 -9999 -9999 -9999 -9999 -9999 -9999 -9999 -9999 312 315 317 319 321 323 324 325 327 328 329 330 331 332 333 334 335 336 337 337 338 339 339 340 340 341 341 342 342 343 343 344 344 345 345 346 346 347 347 347 348 348 349 349 349 350 -9999 -9999 -9999 -9999 351 352 352 352 352 352 353 353 353 353 353 354 354 354 354 355 355 355 355 355 356 356
-9999 -9999 -9999 -9999 -9999 -9999 -9999 -9999 -9999 -9999 -9999 -9999 -9999 -9999 -9999 -9999 -9999 -9999 -9999 -9999 -9999 -9999 306 310 312 316 318 320 321 323 325 326 328 329 330 331 332 333 334 335 336 337 337 338 339 339 340 340 341 341 342 342 343 343 344 344 345 345 346 346 347 347 347 348 348 348 349 349 -9999 -9999 -9999 -9999 351 351 351 352 352 352 352 352 353 353 353 353 354 354 354 354 354 355 355 355 355 356
-9999 -9999 -9999 -9999 -9999 -9999 -9999 -9999 -9999 -9999 -9999 -9999 -9999 -9999 -9999 -9999 -9999 -9999 -9999 -9999 -9999 -9999 -9999 -9999 -9999 -9999 314 317 319 321 322 324 326 327 329 330 331 332 333 334 335 336 337 337 338 338 339 340 340 341 341 342 343 343 344 344 345 345 345 346 346 347 347 347 348 348 349 349 -9999 -9999 350 350 350 351 351 351 351 352 352 352 352 353 353 353 353 353 354 354 354 354 355 355 354 354
-9999 -9999 -9999 -9999 -9999 -9999 -9999 -9999 -9999 -9999 -9999 -9999 -9999 -9999 -9999 -9999 -9999 -9999 -9999 -9999 -9999 -9999 -9999 -9999 -9999 -9999 309 312 316 317 320 322 324 325 327 328 330 331 332 333 334 335 335 336 337 338 338 339 340 340 341 342 342 343 343 344 344 345 345 345 346 346 347 347 348 348 348 349 -9999 -9999 349 350 350 350 350 351 351 351 351 352 352 352 352 353 353 353 353 354 354 354 354 354 354 355
-9999 -9999 -9999 -9999 -9999 -9999 -9999 -9999 -9999 -9999 -9999 -9999 -9999 -9999 -9999 -9999 -9999 -9999 -9999 -9999 -9999 -9999 -9999 -9999 -9999 -9999 300 307 311 315 317 320 322 324 325 327 328 330 331 332 333 334 334 335 336 337 338 338 339 340 340 341 342 342 343 343 344 344 345 345 346 346 346 347 347 348 348 348 -9999 -9999 349 349 349 350 350 350 350 351 351 351 352 352 352 352 353 353 353 353 353 353 354 354 354 354
-9999 -9999 -9999 -9999 -9999 -9999 -9999 -9999 -9999 -9999 -9999 -9999 -9999 -9999 -9999 -9999 -9999 -9999 -9999 -9999 -9999 -9999 -9999 -9999 -9999 -9999 280 298 305 310 314 317 319 321 323 325 327 328 330 331 332 333 334 334 335 336 337 338 338 339 340 340 341 342 342 343 343 344 344 345 345 346 346 347 347 347 348 348 -9999 -9999 348 349 349 349 349 349 350 350 350 351 351 351 352 352 352 353 353 353 353 353 352 352 354 354
-9999 -9999 -9999 -9999 -9999 -9999 -9999 -9999 -9999 -9999 -9999 -9999 -9999 -9999 -9999 -9999 -9999 -9999 -9999 -9999 -9999 -9999 -9999 -9999 -9999 -9999 -9999 -9999 -9999 -9999 -9999 -9999 316 319 322 323 325 327 328 329 330 331 332 334 335 335 336 337 338 339 339 340 341 341 342 342 343 343 344 344 345 345 346 346 347 347 -9999 -9999 348 348 348 348 348 349 349 349 349 350 350 350 351 351 351 352 352 352 352 353 353 353 353 353 353 354
-9999 -9999 -9999 -9999 -9999 -9999 -9999 -9999 -9999 -9999 -9999 -9999 -9999 -9999 -9999 -9999 -9999 -9999 -9999 -9999 -9999 -9999 -9999 -9999 -9999 -9999 -9999 -9999 -9999 -9999 -9999 -9999 313 316 319 322 324 325 326 328 329 330 332 333 334 335 336 336 337 338 339 339 340 341 341 342 343 343 344 344 345 345 346 346 346 346 -9999 -9999 347 347 347 348 348 348 348 349 349 349 350 350 350 351 351 351 352 351 351 352 352 353 353 353 354 354
-9999 -9999 -9999 -9999 -9999 -9999 -9999 -9999 -9999 -9999 -9999 -9999 -9999 -9999 -9999 -9999 -9999 -9999 -9999 -9999 -9999 -9999 -9999 -9999 -9999 -9999 -9999 -9999 -9999 -9999 -9999 -9999 309 313 316 319 321 323 325 326 328 329 331 332 333 334 335 336 337 337 338 339 340 340 341 342 342 343 343 344 344 345 345 345 345 346 -9999 -9999 347 347 347 347 348 348 348 349 349 349 350 350 350 350 350 351 351 350 352 352 352 353 353 353 353 353
-9999 -9999 -9999 -9999 -9999 -9999 -9999 -9999 -9999 -9999 -9999 -9999 -9999 -9999 -9999 -9999 -9999 -9999 -9999 -9999 -9999 -9999 -9999 -9999 -9999 -9999 -9999 -9999 -9999 -9999 -9999 -9999 303 309 313 316 318 321 323 325 327 328 330 331 332 333 334 335 336 337 338 338 339 340 341 341 342 342 343 343 344 344 344 345 345 345 -9999 -9999 346 346 347 347 347 348 348 348 349 349 348 349 349 350 350 351 351 351 352 352 352 352 351 352 353 353
-9999 -9999 -9999 -9999 -9999 -9999 -9999 -9999 -9999 -9999 -9999 -9999 -9999 -9999 -9999 -9999 -9999 -9999 -9999 -9999 -9999 -9999 -9999 -9999 -9999 -9999 -9999 -9999 -9999 -9999 -9999 -9999 -9999 -9999 307 312 316 318 321 323 325 327 328 330 331 332 333 334 335 336 337 338 339 339 340 341 -9999 -9999 342 343 343 343 344 344 -9999 -9999 -9999 -9999 346 346 346 347 347 347 348 348 348 349 349 348 348 348 349 350 349 349 350 351 352 352 352 352 353 352
-9999 -9999 -9999 -9999 -9999 -9999 -9999 -9999 -9999 -9999 -9999 -9999 -9999 -9999 -9999 -9999 -9999 -9999 -9999 -9999 -9999 -9999 -9999 -9999 -9999 -9999 -9999 -9999 -9999 -9999 -9999 -9999 -9999 -9999 301 308 313 316 319 322 324 326 328 329 330 332 333 334 335 336 337 337 338 339 340 340 -9999 -9999 342 342 342 343 343 343 -9999 -9999 -9999 -9999 345 346 346 346 347 347 347 348 348 348 348 348 348 349 350 350 349 350 350 351 351 351 352 352 352 352
-9999 -9999 -9999 -9999 -9999 -9999 -9999 -9999 -9999 -9999 -9999 -9999 -9999 -9999 -9999 -9999 -9999 -9999 -9999 -9999 -9999 -9999 -9999 -9999 -9999 -9999 -9999 -9999 -9999 -9999 -9999 -9999 -9999 -9999 -9999 -9999 310 314 316 320 322 324 326 327 329 331 332 333 -9999 -9999 -9999 -9999 -9999 -9999 -9999 -9999 -9999 -9999 -9999 -9999 342 342 -9999 -9999 -9999 -9999 344 344 345 345 345 346 346 347 347 347 346 346 348 348 348 348 349 349 350 350 350 351 351 351 351 352 352 352
-9999 -9999 -9999 -9999 -9999 -9999 -9999 -9999 -9999 -9999 -9999 -9999 -9999 -9999 -9999 -9999 -9999 -9999 -9999 -9999 -9999 -9999 -9999 -9999 -9999 -9999 -9999 -9999 -9999 -9999 -9999 -9999 -9999 -9999 -9999 -9999 305 310 314 318 321 323 325 327 328 330 331 333 -9999 -9999 -9999 -9999 -9999 -9999 -9999 -9999 -9999 -9999 -9999 -9999 341 341 -9999 -9999 -9999 -9999 343 344 344 345 345 345 346 346 346 347 347 347 348 348 348 348 348 349 350 350 350 350 351 350 351 351 352 352
-9999 -9999 -9999 -9999 -9999 -9999 -9999 -9999 -9999 -9999 -9999 -9999 -9999 -9999 -9999 -9999 -9999 -9999 -9999 -9999 -9999 -9999 -9999 -9999 -9999 -9999 -9999 -9999 -9999 -9999 -9999 -9999 -9999 -9999 -9999 -9999 299 307 312 316 319 322 324 326 327 329 -9999 -9999 -9999 -9999 -9999 -9999 -9999 -9999 -9999 -9999 -9999 -9999 -9999 -9999 -9999 -9999 -9999 -9999 342 342 343 343 344 344 344 345 345 346 346 346 347 347 348 347 348 348 348 349 349 349 350 350 350 350 351 351 351 352
-9999 -9999 -9999 -9999 -9999 -9999 -9999 -9999 -9999 -9999 -9999 -9999 -9999 -9999 -9999 -9999 -9999 -9999 -9999 -9999 -9999 -9999 -9999 -9999 -9999 -9999 -9999 -9999 -9999 -9999 -9999 -9999 -9999 -9999 -9999 -9999 289 303 309 314 317 320 322 325 326 328 -9999 -9999 -9999 -9999 -9999 -9999 -9999 -9999 -9999 -9999 -9999 -9999 -9999 -9999 -9999 -9999 -9999 -9999 341 342 342 342 342 342 344 344 345 345 346 346 346 347 347 347 347 347 348 348 348 348 349 349 349 350 350 351 351 351
-9999 -9999 -9999 -9999 -9999 -9999 -9999 -9999 -9999 -9999 -9999 -9999 -9999 -9999 -9999 -9999 -9999 -9999 -9999 -9999 -9999 -9999 -9999 -9999 -9999 -9999 -9999 -9999 -9999 -9999 -9999 -9999 -9999 -9999 -9999 -9999 -9999 -9999 306 312 316 318 321 323 325 327 -9999 -9999 331 332 333 334 335 335 335 336 336 337 337 338 339 339 340 340 341 339 339 339 341 342 343 344 344 345 345 343 345 346 345 347 347 347 348 347 348 349 349 349 349 350 350 350 350 349
-9999 -9999 -9999 -9999 -9999 -9999 -9999 -9999 -9999 -9999 -9999 -9999 -9999 -9999 -9999 -9999 -9999 -9999 -9999 -9999 -9999 -9999 -9999 -9999 -9999 -9999 -9999 -9999 -9999 -9999 -9999 -9999 -9999 -9999 -9999 -9999 -9999 -9999 301 309 312 316 320 322 324 326 -9999 -9999 331 332 333 333 333 334 334 335 335 336 337 337 338 338 339 338 339 338 339 339 340 341 343 344 344 345 345 345 345 346 346 346 347 346 347 348 347 348 349 349 349 349 349 349 349 347
-9999 -9999 -9999 -9999 -9999 -9999 -9999 -9999 -9999 -9999 -9999 -9999 -9999 -9999 -9999 -9999 -9999 -9999 -9999 -9999 -9999 -9999 -9999 -9999 -9999 -9999 -9999 -9999 -9999 -9999 -9999 -9999 -9999 -9999 -9999 -9999 -9999 -9999 -9999 -9999 311 316 319 321 324 326 -9999 -9999 330 331 331 331 332 332 333 334 334 335 336 336 336 337 338 339 338 338 338 339 340 341 342 343 344 344 345 344 345 346 345 346 346 346 346 347 347 348 348 348 348 349 349 349 348 347
-9999 -9999 -9999 -9999 -9999 -9999 -9999 -9999 -9999 -9999 -9999 -9999 -9999 -9999 -9999 -9999 -9999 -9999 -9999 -9999 -9999 -9999 -9999 -9999 -9999 -9999 -9999 -9999 -9999 -9999 -9999 -9999 -9999 -9999 -9999 -9999 -9999 -9999 -9999 -9999 308 313 316 320 322 324 -9999 -9999 329 329 329 330 330 331 332 332 333 334 335 336 336 337 338 338 339 337 339 340 340 340 342 342 343 344 343 345 345 346 346 346 347 346 346 346 347 347 347 348 348 348 348 347 348 348
-9999 -9999 -9999 -9999 -9999 -9999 -9999 -9999 -9999 -9999 -9999 -9999 -9999 -9999 -9999 -9999 -9999 -9999 -9999 -9999 -9999 -9999 -9999 -9999 -9999 -9999 -9999 -9999 -9999 -9999 -9999 -9999 -9999 -9999 -9999 -9999 -9999 -9999 -9999 -9999 -9999 -9999 316 318 321 323 -9999 -9999 327 327 327 328 329 330 331 331 332 333 334 335 336 336 337 337 338 339 338 338 340 341 342 342 343 343 343 343 345 345 346 346 346 346 346 346 346 346 347 347 348 347 346 346 347 345
-9999 -9999 -9999 -9999 -9999 -9999 -9999 -9999 -9999 -9999 -9999 -9999 -9999 -9999 -9999 -9999 -9999 -9999 -9999 -9999 -9999 -9999 -9999 -9999 -9999 -9999 -9999 -9999 -9999 -9999 -9999 -9999 -9999 -9999 -9999 -9999 -9999 -9999 -9999 -9999 -9999 -9999 313 316 320 322 -9999 -9999 324 325 325 326 326 328 329 330 331 332 333 334 335 336 337 337 338 338 339 339 340 341 340 342 343 342 343 342 343 345 345 346 346 346 346 347 346 346 347 347 346 346 345 343 346 342
-9999 -9999 -9999 -9999 -9999 -9999 -9999 -9999 -9999 -9999 -9999 -9999 -9999 -9999 -9999 -9999 -9999 -9999 -9999 -9999 -9999 -9999 -9999 -9999 -9999 -9999 -9999 -9999 -9999 -9999 -9999 -9999 -9999 -9999 -9999 -9999 -9999 -9999 -9999 -9999 -9999 -9999 311 315 318 321 -9999 -9999 -9999 -9999 323 324 325 326 328 329 330 331 332 333 332 335 336 337 338 338 339 339 340 339 340 340 342 341 342 344 343 345 345 346 346 346 346 346 347 346 347 347 345 343 346 344 342 341
-9999 -9999 -9999 -9999 -9999 -9999 -9999 -9999 -9999 -9999 -9999 -9999 -9999 -9999 -9999 -9999 -9999 -9999 -9999 -9999 -9999 -9999 -9999 -9999 -9999 -9999 -9999 -9999 -9999 -9999 -9999 -9999 -9999 -9999 -9999 -9999 -9999 -9999 -9999 -9999 -9999 -9999 308 313 316 318 -9999 -9999 -9999 -9999 320 322 324 325 326 328 329 330 332 333 332 331 335 334 337 337 338 338 339 340 341 342 342 343 342 343 343 344 345 345 346 345 347 347 345 346 346 346 347 346 345 342 338 339
-9999 -9999 -9999 -9999 -9999 -9999 -9999 -9999 -9999 -9999 -9999 -9999 -9999 -9999 -9999 -9999 -9999 -9999 -9999 -9999 -9999 -9999 -9999 -9999 -9999 -9999 -9999 -9999 -9999 -9999 -9999 -9999 -9999 -9999 -9999 -9999 -9999 -9999 -9999 -9999 -9999 -9999 304 310 313 314 -9999 -9999 -9999 -9999 317 320 322 324 325 327 328 330 331 331 332 334 332 335 337 337 337 339 339 339 340 341 342 342 342 343 344 344 344 344 344 342 346 345 347 346 346 346 347 346 346 343 341 339
-9999 -9999 -9999 -9999 -9999 -9999 -9999 -9999 -9999 -9999 -9999 -9999 -9999 -9999 -9999 -9999 -9999 -9999 -9999 -9999 -9999 -9999 -9999 -9999 -9999 -9999 -9999 -9999 -9999 -9999 -9999 -9999 -9999 -9999 -9999 -9999 -9999 -9999 -9999 -9999 -9999 -9999 297 305 307 307 -9999 -9999 -9999 -9999 314 317 320 322 324 326 328 329 330 331 332 333 334 335 336 336 338 339 339 340 340 341 342 342 342 342 342 344 343 343 342 343 343 347 346 345 346 346 347 347 346 346 346 345
-9999 -9999 -9999 -9999 -9999 -9999 -9999 -9999 -9999 -9999 -9999 -9999 -9999 -9999 -9999 -9999 -9999 -9999 -9999 -9999 -9999 -9999 -9999 -9999 -9999 -9999 -9999 -9999 -9999 -9999 -9999 -9999 -9999 -9999 -9999 -9999 -9999 -9999 -9999 -9999 -9999 -9999 -9999 -9999 -9999 -9999 -9999 -9999 -9999 -9999 311 315 318 321 323 325 327 329 330 331 331 332 334 335 336 337 338 338 339 339 340 341 342 341 341 342 342 343 342 342 343 343 344 346 346 346 346 347 346 347 346 346 346 346
-9999 -9999 -9999 -9999 -9999 -9999 -9999 -9999 -9999 -9999 -9999 -9999 -9999 -9999 -9999 -9999 -9999 -9999 -9999 -9999 -9999 -9999 -9999 -9999 -9999 -9999 -9999 -9999 -9999 -9999 -9999 -9999 -9999 -9999 -9999 -9999 -9999 -9999 -9999 -9999 -9999 -9999 -9999 -9999 -9999 -9999 -9999 -9999 -9999 -9999 309 315 318 321 323 325 327 328 330 331 331 331 334 333 336 336 337 338 337 339 340 341 341 342 341 343 343 343 344 344 342 344 344 346 346 346 346 347 347 347 346 347 347 347
-9999 -9999 -9999 -9999 -9999 -9999 -9999 -9999 -9999 -9999 -9999 -9999 -9999 -9999 -9999 -9999 -9999 -9999 -9999 -9999 -9999 -9999 -9999 -9999 -9999 -9999 -9999 -9999 -9999 -9999 -9999 -9999 -9999 -9999 -9999 -9999 -9999 -9999 -9999 -9999 -9999 -9999 -9999 -9999 -9999 -9999 281 295 300 305 310 315 318 320 323 325 327 328 330 330 330 333 334 332 336 336 337 335 338 339 340 341 341 340 339 343 343 343 344 344 344 345 345 346 345 346 346 347 346 346 347 347 347 347
-9999 -9999 -9999 -9999 -9999 -9999 -9999 -9999 -9999 -9999 -9999 -9999 -9999 -9999 -9999 -9999 -9999 -9999 -9999 -9999 -9999 -9999 -9999 -9999 -9999 -9999 -9999 -9999 -9999 -9999 -9999 -9999 -9999 -9999 -9999 -9999 -9999 -9999 -9999 -9999 -9999 -9999 -9999 -9999 -9999 -9999 300 305 308 310 312 317 320 321 323 326 327 328 330 329 331 332 333 333 336 336 337 337 339 340 340 341 341 340 339 342 342 343 342 343 344 344 345 346 346 345 347 346 347 346 346 347 347 347
-9999 -9999 -9999 -9999 -9999 -9999 -9999 -9999 -9999 -9999 -9999 -9999 -9999 -9999 -9999 -9999 -9999 -9999 -9999 -9999 -9999 -9999 -9999 -9999 -9999 -9999 -9999 -9999 -9999 -9999 -9999 -9999 -9999 -9999 -9999 -9999 -9999 -9999 -9999 -9999 -9999 -9999 -9999 287 298 301 308 311 313 314 317 319 320 323 325 326 327 329 328 329 332 333 334 335 336 337 338 338 339 340 340 341 341 342 342 342 343 341 343 342 344 345 345 346 346 346 346 346 346 346 346 346 346 347
-9999 -9999 -9999 -9999 -9999 -9999 -9999 -9999 -9999 -9999 -9999 -9999 -9999 -9999 -9999 -9999 -9999 -9999 -9999 -9999 -9999 -9999 -9999 -9999 -9999 -9999 -9999 -9999 -9999 -9999 -9999 -9999 -9999 -9999 -9999 -9999 -9999 -9999 -9999 -9999 -9999 -9999 295 301 306 309 311 314 317 317 320 321 323 324 326 327 328 329 330 331 333 333 334 335 336 337 338 338 339 339 340 341 341 342 342 342 343 343 343 344 344 345 345 345 345 346 346 346 346 346 346 345 347 346
-9999 -9999 -9999 -9999 -9999 -9999 -9999 -9999 -9999 -9999 -9999 -9999 -9999 -9999 -9999 -9999 -9999 -9999 -9999 -9999 -9999 -9999 -9999 -9999 -9999 -9999 -9999 -9999 -9999 -9999 -9999 -9999 -9999 -9999 -9999 -9999 -9999 -9999 -9999 -9999 298 301 305 309 311 313 315 317 319 321 321 322 324 324 327 327 329 330 330 332 333 334 335 336 336 337 338 338 337 339 340 341 339 340 339 341 343 343 343 343 344 344 345 345 345 345 346 346 343 346 346 346 346 346
-9999 -9999 -9999 -9999 -9999 -9999 -9999 -9999 -9999 -9999 -9999 -9999 -9999 -9999 -9999 -9999 -9999 -9999 -9999 -9999 -9999 -9999 -9999 -9999 -9999 -9999 -9999 -9999 -9999 -9999 -9999 -9999 -9999 -9999 -9999 -9999 -9999 -9999 -9999 295 304 309 311 313 315 316 318 319 321 322 324 325 326 327 327 328 329 330 331 332 333 334 335 336 336 335 336 337 338 338 337 340 340 339 341 341 342 342 343 343 343 344 344 344 344 345 345 345 345 346 345 343 346 345
-9999 -9999 -9999 -9999 -9999 -9999 -9999 -9999 -9999 -9999 -9999 -9999 -9999 -9999 -9999 -9999 -9999 -9999 -9999 -9999 -9999 -9999 -9999 -9999 -9999 -9999 -9999 -9999 -9999 -9999 -9999 -9999 -9999 -9999 -9999 -9999 -9999 -9999 300 304 308 312 315 317 318 319 320 321 322 324 326 327 327 328 329 329 330 331 332 333 334 335 335 334 335 336 337 336 336 336 340 339 338 338 340 341 341 342 342 342 343 343 344 343 344 344 344 345 343 344 344 343 344 345
-9999 -9999 -9999 -9999 -9999 -9999 -9999 -9999 -9999 -9999 -9999 -9999 -9999 -9999 -9999 -9999 -9999 -9999 -9999 -9999 -9999 -9999 -9999 -9999 -9999 -9999 -9999 -9999 -9999 -9999 -9999 -9999 -9999 -9999 -9999 -9999 -9999 -9999 308 311 313 315 318 320 320 321 322 323 324 325 327 328 329 329 329 330 331 332 333 334 335 335 336 336 337 337 338 337 337 338 339 340 337 339 338 340 341 341 342 342 342 343 343 343 344 344 343 341 343 344 344 342 341 341
-9999 -9999 -9999 -9999 -9999 -9999 -9999 -9999 -9999 -9999 -9999 -9999 -9999 -9999 -9999 -9999 -9999 -9999 -9999 -9999 -9999 -9999 -9999 -9999 -9999 -9999 -9999 -9999 -9999 -9999 -9999 -9999 -9999 -9999 -9999 -9999 -9999 -9999 307 311 315 318 320 321 322 323 324 325 326 327 328 329 330 330 330 331 331 333 334 334 335 334 334 334 334 335 335 337 336 338 339 339 338 337 339 340 340 341 341 341 342 342 343 343 343 343 342 343 342 343 344 342 343 339
-9999 -9999 -9999 -9999 -9999 -9999 -9999 -9999 -9999 -9999 -9999 -9999 -9999 -9999 -9999 -9999 -9999 -9999 -9999 -9999 -9999 -9999 -9999 -9999 -9999 -9999 -9999 -9999 -9999 -9999 -9999 -9999 -9999 -9999 -9999 -9999 -9999 -9999 302 308 313 316 318 319 322 323 325 326 328 329 330 330 331 331 332 332 332 332 332 333 334 334 334 334 334 334 336 336 336 338 338 337 337 337 338 338 339 340 340 341 341 342 342 342 342 340 342 341 341 342 343 343 343 344
-9999 -9999 -9999 -9999 -9999 -9999 -9999 -9999 -9999 -9999 -9999 -9999 -9999 -9999 -9999 -9999 -9999 -9999 -9999 -9999 -9999 -9999 -9999 -9999 -9999 -9999 -9999 -9999 -9999 -9999 -9999 -9999 -9999 -9999 -9999 -9999 -9999 -9999 295 305 310 313 316 319 321 322 324 326 327 328 329 330 330 330 329 330 331 331 331 332 332 332 332 333 334 333 332 334 336 337 337 336 336 336 337 338 339 339 340 340 341 341 341 341 338 341 341 340 340 340 342 341 342 344
-9999 -9999 -9999 -9999 -9999 -9999 -9999 -9999 -9999 -9999 -9999 -9999 -9999 -9999 -9999 -9999 -9999 -9999 -9999 -9999 -9999 -9999 -9999 -9999 -9999 -9999 -9999 -9999 -9999 -9999 -9999 -9999 -9999 -9999 -9999 -9999 -9999 -9999 287 298 306 310 314 317 320 322 323 324 326 327 328 328 328 328 329 329 329 330 330 331 331 331 331 332 333 333 333 335 334 336 335 335 336 336 337 337 338 339 339 340 340 340 340 340 340 339 339 340 340 341 340 341 341 342
-9999 -9999 -9999 -9999 -9999 -9999 -9999 -9999 -9999 -9999 -9999 -9999 -9999 -9999 -9999 -9999 -9999 -9999 -9999 -9999 -9999 -9999 -9999 -9999 -9999 -9999 -9999 -9999 -9999 -9999 -9999 -9999 -9999 -9999 -9999 -9999 -9999 -9999 -9999 -9999 303 309 313 316 318 319 322 323 325 326 326 326 327 327 328 328 328 329 329 329 330 330 330 332 332 333 333 333 333 335 334 335 335 335 336 337 337 338 339 339 340 339 339 339 339 339 338 340 340 340 340 340 341 343
