sesion_6_simulaciones/modelos_distribucion_especies/ejemplo/variables/futuro_B2/2050/TMXV.asc
ncols 708
nrows 329
xllcorner -7.525000
yllcorner 35.991667
cellsize 0.008333
NODATA_value -9999
[rows 41 to 81 of 329, columns 188 to 281 of 708]
-9999 -9999 -9999 -9999 -9999 -9999 -9999 -9999 -9999 -9999 -9999 -9999 -9999 -9999 -9999 -9999 -9999 -9999 -9999 -9999 -9999 -9999 -9999 -9999 -9999 -9999 -9999 -9999 -9999 -9999 -9999 -9999 -9999 -9999 -9999 -9999 -9999 -9999 -9999 -9999 -9999 -9999 -9999 -9999 -9999 -9999 351 350 349 344 349 350 350 350 350 351 351 352 352 352 352 352 353 353 353 354 354 355 355 355 355 355 356 356 356 353 356 358 358 359 359 359 359 359 359 359 354 355 358 359 359 360 360 359
-9999 -9999 -9999 -9999 -9999 -9999 -9999 -9999 -9999 -9999 -9999 -9999 -9999 -9999 -9999 -9999 -9999 -9999 -9999 -9999 -9999 -9999 -9999 -9999 -9999 -9999 -9999 -9999 -9999 -9999 -9999 -9999 -9999 -9999 -9999 -9999 -9999 -9999 -9999 -9999 -9999 -9999 -9999 -9999 -9999 -9999 -9999 -9999 350 350 349 348 349 349 350 350 350 351 351 351 352 352 352 353 353 354 354 355 355 356 356 357 357 357 356 355 355 354 358 358 358 358 358 359 358 357 358 357 355 358 359 358 360 359
-9999 -9999 -9999 -9999 -9999 -9999 -9999 -9999 -9999 -9999 -9999 -9999 -9999 -9999 -9999 -9999 -9999 -9999 -9999 -9999 -9999 -9999 -9999 -9999 -9999 -9999 -9999 -9999 -9999 -9999 -9999 -9999 -9999 -9999 -9999 -9999 -9999 -9999 -9999 -9999 -9999 -9999 -9999 -9999 -9999 -9999 -9999 -9999 350 350 348 349 349 348 349 349 350 350 351 351 351 351 351 352 353 353 354 354 355 355 356 357 357 357 357 357 355 357 354 355 358 358 358 358 358 358 356 356 355 357 357 358 358 358
-9999 -9999 -9999 -9999 -9999 -9999 -9999 -9999 -9999 -9999 -9999 -9999 -9999 -9999 -9999 -9999 -9999 -9999 -9999 -9999 -9999 -9999 -9999 -9999 -9999 -9999 -9999 -9999 -9999 -9999 -9999 -9999 -9999 -9999 -9999 -9999 -9999 -9999 -9999 -9999 -9999 -9999 -9999 -9999 -9999 -9999 -9999 348 348 349 349 348 349 349 349 349 349 349 350 350 350 351 351 351 352 353 354 354 355 355 356 356 357 357 358 358 357 358 358 358 355 357 357 358 357 358 357 357 354 357 355 356 357 357
-9999 -9999 -9999 -9999 -9999 -9999 -9999 -9999 -9999 -9999 -9999 -9999 -9999 -9999 -9999 -9999 -9999 -9999 -9999 -9999 -9999 -9999 -9999 -9999 -9999 -9999 -9999 -9999 -9999 -9999 -9999 -9999 -9999 -9999 -9999 -9999 -9999 -9999 -9999 -9999 -9999 -9999 -9999 -9999 -9999 -9999 -9999 349 349 348 348 348 347 348 349 348 348 349 349 349 350 350 350 351 352 352 353 354 354 355 356 356 356 357 358 358 358 359 359 359 358 358 357 354 354 353 356 352 354 358 358 355 357 357
-9999 -9999 -9999 -9999 -9999 -9999 -9999 -9999 -9999 -9999 -9999 -9999 -9999 -9999 -9999 -9999 -9999 -9999 -9999 -9999 -9999 -9999 -9999 -9999 -9999 -9999 -9999 -9999 -9999 -9999 -9999 -9999 -9999 -9999 -9999 -9999 -9999 -9999 -9999 -9999 -9999 -9999 -9999 -9999 -9999 -9999 -9999 349 348 348 348 348 348 348 347 345 348 349 349 349 349 350 350 351 352 352 353 353 354 355 355 355 355 356 357 357 358 359 359 357 356 358 358 358 357 358 358 358 359 359 359 359 358 356
-9999 -9999 -9999 -9999 -9999 -9999 -9999 -9999 -9999 -9999 -9999 -9999 -9999 -9999 -9999 -9999 -9999 -9999 -9999 -9999 -9999 -9999 -9999 -9999 -9999 -9999 -9999 -9999 -9999 -9999 -9999 -9999 -9999 -9999 -9999 -9999 -9999 -9999 -9999 -9999 -9999 -9999 -9999 -9999 -9999 -9999 349 349 348 348 348 348 348 347 347 345 345 347 346 349 349 350 351 352 352 353 353 354 354 355 355 353 354 355 354 356 358 358 358 358 356 356 357 357 357 357 358 359 359 359 360 360 360 359
-9999 -9999 -9999 -9999 -9999 -9999 -9999 -9999 -9999 -9999 -9999 -9999 -9999 -9999 -9999 -9999 -9999 -9999 -9999 -9999 -9999 -9999 -9999 -9999 -9999 -9999 -9999 -9999 -9999 -9999 -9999 -9999 -9999 -9999 -9999 -9999 -9999 -9999 -9999 -9999 -9999 -9999 -9999 -9999 -9999 -9999 -9999 -9999 348 348 348 348 348 348 347 347 345 344 348 349 349 350 351 351 351 350 353 354 355 355 355 355 354 354 356 356 358 358 357 352 357 357 358 356 356 355 356 355 356 358 359 359 360 360
-9999 -9999 -9999 -9999 -9999 -9999 -9999 -9999 -9999 -9999 -9999 -9999 -9999 -9999 -9999 -9999 -9999 -9999 -9999 -9999 -9999 -9999 -9999 -9999 -9999 -9999 -9999 -9999 -9999 -9999 -9999 -9999 -9999 -9999 -9999 -9999 -9999 -9999 -9999 -9999 -9999 -9999 -9999 -9999 -9999 -9999 -9999 -9999 347 348 348 348 348 348 347 347 344 339 343 343 348 350 351 351 352 352 352 353 353 355 356 356 356 356 357 357 357 358 358 352 352 357 359 359 359 358 356 354 356 355 357 359 360 360
-9999 -9999 -9999 -9999 -9999 -9999 -9999 -9999 -9999 -9999 -9999 -9999 -9999 -9999 -9999 -9999 -9999 -9999 -9999 -9999 -9999 -9999 -9999 -9999 -9999 -9999 -9999 -9999 -9999 -9999 -9999 -9999 -9999 -9999 -9999 -9999 -9999 -9999 -9999 -9999 -9999 -9999 -9999 -9999 -9999 -9999 -9999 -9999 -9999 -9999 348 348 348 347 347 347 348 348 349 349 350 350 351 352 352 352 353 354 354 355 356 356 357 357 358 358 358 359 358 358 357 359 359 359 360 359 358 357 356 358 357 359 357 361
-9999 -9999 -9999 -9999 -9999 -9999 -9999 -9999 -9999 -9999 -9999 -9999 -9999 -9999 -9999 -9999 -9999 -9999 -9999 -9999 -9999 -9999 -9999 -9999 -9999 -9999 -9999 -9999 -9999 -9999 -9999 -9999 -9999 -9999 -9999 -9999 -9999 -9999 -9999 -9999 -9999 -9999 -9999 -9999 -9999 -9999 -9999 -9999 -9999 -9999 348 348 348 348 349 349 349 350 350 350 351 351 352 352 353 353 353 353 355 355 356 356 357 357 358 358 358 357 359 359 359 359 359 359 359 359 359 359 358 358 358 357 358 359
-9999 -9999 -9999 -9999 -9999 -9999 -9999 -9999 -9999 -9999 -9999 -9999 -9999 -9999 -9999 -9999 -9999 -9999 -9999 -9999 -9999 -9999 -9999 -9999 -9999 -9999 -9999 -9999 -9999 -9999 -9999 -9999 -9999 -9999 -9999 -9999 -9999 -9999 -9999 -9999 -9999 -9999 -9999 -9999 -9999 -9999 -9999 -9999 -9999 -9999 347 348 348 348 348 349 349 350 351 351 351 352 352 352 352 353 354 354 355 355 356 356 357 357 358 358 359 359 359 359 359 360 360 360 360 360 360 359 360 360 356 359 359 359
-9999 -9999 -9999 -9999 -9999 -9999 -9999 -9999 -9999 -9999 -9999 -9999 -9999 -9999 -9999 -9999 -9999 -9999 -9999 -9999 -9999 -9999 -9999 -9999 -9999 -9999 -9999 -9999 -9999 -9999 -9999 -9999 -9999 -9999 -9999 -9999 -9999 -9999 -9999 -9999 -9999 -9999 -9999 -9999 -9999 -9999 -9999 -9999 -9999 -9999 348 348 347 347 347 349 349 349 350 350 350 351 347 352 353 354 354 355 355 355 353 356 357 357 357 358 358 358 360 359 360 360 360 361 360 360 361 361 361 361 361 361 360 360
-9999 -9999 -9999 -9999 -9999 -9999 -9999 -9999 -9999 -9999 -9999 -9999 -9999 -9999 -9999 -9999 -9999 -9999 -9999 -9999 -9999 -9999 -9999 -9999 -9999 -9999 -9999 -9999 -9999 -9999 -9999 -9999 -9999 -9999 -9999 -9999 -9999 -9999 -9999 -9999 -9999 -9999 -9999 -9999 -9999 -9999 -9999 -9999 -9999 -9999 -9999 -9999 347 347 347 348 348 348 349 350 350 351 352 353 352 353 354 355 355 356 356 356 356 357 357 358 358 358 359 360 360 360 361 361 361 361 361 361 362 362 361 361 362 361
-9999 -9999 -9999 -9999 -9999 -9999 -9999 -9999 -9999 -9999 -9999 -9999 -9999 -9999 -9999 -9999 -9999 -9999 -9999 -9999 -9999 -9999 -9999 -9999 -9999 -9999 -9999 -9999 -9999 -9999 -9999 -9999 -9999 -9999 -9999 -9999 -9999 -9999 -9999 -9999 -9999 -9999 -9999 -9999 -9999 -9999 -9999 -9999 -9999 -9999 -9999 -9999 348 348 347 346 347 347 348 348 351 352 351 351 351 352 354 354 355 355 356 356 357 357 357 357 357 357 358 359 360 360 360 361 361 361 361 357 362 362 362 362 362 362
-9999 -9999 -9999 -9999 -9999 -9999 -9999 -9999 -9999 -9999 -9999 -9999 -9999 -9999 -9999 -9999 -9999 -9999 -9999 -9999 -9999 -9999 -9999 -9999 -9999 -9999 -9999 -9999 -9999 -9999 -9999 -9999 -9999 -9999 -9999 -9999 -9999 -9999 -9999 -9999 -9999 -9999 -9999 -9999 -9999 -9999 -9999 -9999 -9999 -9999 -9999 -9999 348 348 347 348 348 348 349 349 350 349 350 351 351 353 353 354 354 355 355 356 356 356 356 354 350 354 357 358 359 359 360 360 361 361 361 362 361 362 363 363 363 362
-9999 -9999 -9999 -9999 -9999 -9999 -9999 -9999 -9999 -9999 -9999 -9999 -9999 -9999 -9999 -9999 -9999 -9999 -9999 -9999 -9999 -9999 -9999 -9999 -9999 -9999 -9999 -9999 -9999 -9999 -9999 -9999 -9999 -9999 -9999 -9999 -9999 -9999 -9999 -9999 -9999 -9999 -9999 -9999 -9999 -9999 -9999 -9999 -9999 -9999 -9999 -9999 348 348 348 347 348 348 349 349 349 350 351 352 351 351 353 353 351 354 355 354 353 349 349 347 347 347 349 353 356 358 358 360 360 361 361 362 361 362 363 363 355 361
-9999 -9999 -9999 -9999 -9999 -9999 -9999 -9999 -9999 -9999 -9999 -9999 -9999 -9999 -9999 -9999 -9999 -9999 -9999 -9999 -9999 -9999 -9999 -9999 -9999 -9999 -9999 -9999 -9999 -9999 -9999 -9999 -9999 -9999 -9999 -9999 -9999 -9999 -9999 -9999 -9999 -9999 -9999 -9999 -9999 -9999 -9999 -9999 -9999 -9999 -9999 -9999 348 348 348 348 348 348 348 349 349 351 351 351 353 353 353 354 354 355 355 356 356 356 355 352 352 349 348 356 357 349 350 354 358 359 360 361 362 361 362 363 363 362
-9999 -9999 -9999 -9999 -9999 -9999 -9999 -9999 -9999 -9999 -9999 -9999 -9999 -9999 -9999 -9999 -9999 -9999 -9999 -9999 -9999 -9999 -9999 -9999 -9999 -9999 -9999 -9999 -9999 -9999 -9999 -9999 -9999 -9999 -9999 -9999 -9999 -9999 -9999 -9999 -9999 -9999 -9999 -9999 -9999 -9999 -9999 -9999 -9999 -9999 -9999 -9999 348 347 347 348 348 348 348 348 349 351 351 352 353 353 354 354 354 353 354 351 355 356 356 356 355 354 352 351 350 350 353 354 357 359 361 361 361 361 362 361 362 362
-9999 -9999 -9999 -9999 -9999 -9999 -9999 -9999 -9999 -9999 -9999 -9999 -9999 -9999 -9999 -9999 -9999 -9999 -9999 -9999 -9999 -9999 -9999 -9999 -9999 -9999 -9999 -9999 -9999 -9999 -9999 -9999 -9999 -9999 -9999 -9999 -9999 -9999 -9999 -9999 -9999 -9999 -9999 -9999 -9999 -9999 -9999 -9999 -9999 -9999 -9999 -9999 348 347 346 347 349 350 350 350 351 352 352 353 353 351 351 353 352 352 352 353 354 353 353 354 353 353 355 356 357 357 355 357 357 361 361 361 357 357 360 361 362 362
-9999 -9999 -9999 -9999 -9999 -9999 -9999 -9999 -9999 -9999 -9999 -9999 -9999 -9999 -9999 -9999 -9999 -9999 -9999 -9999 -9999 -9999 -9999 -9999 -9999 -9999 -9999 -9999 -9999 -9999 -9999 -9999 -9999 -9999 -9999 -9999 -9999 -9999 -9999 -9999 -9999 -9999 -9999 -9999 -9999 -9999 -9999 -9999 -9999 -9999 -9999 -9999 350 348 347 348 348 350 351 351 351 351 352 352 352 352 351 350 350 353 354 353 354 352 354 350 350 352 352 351 356 357 358 359 359 359 360 361 360 358 357 359 358 360
-9999 -9999 -9999 -9999 -9999 -9999 -9999 -9999 -9999 -9999 -9999 -9999 -9999 -9999 -9999 -9999 -9999 -9999 -9999 -9999 -9999 -9999 -9999 -9999 -9999 -9999 -9999 -9999 -9999 -9999 -9999 -9999 -9999 -9999 -9999 -9999 -9999 -9999 -9999 -9999 -9999 -9999 -9999 -9999 -9999 -9999 -9999 -9999 -9999 -9999 -9999 -9999 350 350 351 348 348 349 349 349 351 350 352 351 352 352 352 351 350 349 350 352 354 352 351 351 351 351 352 353 352 354 351 358 358 359 360 360 360 359 359 360 358 360
-9999 -9999 -9999 -9999 -9999 -9999 -9999 -9999 -9999 -9999 -9999 -9999 -9999 -9999 -9999 -9999 -9999 -9999 -9999 -9999 -9999 -9999 -9999 -9999 -9999 -9999 -9999 -9999 -9999 -9999 -9999 -9999 -9999 -9999 -9999 -9999 -9999 -9999 -9999 -9999 -9999 -9999 -9999 -9999 -9999 -9999 -9999 -9999 -9999 -9999 -9999 -9999 348 351 351 351 350 349 349 348 349 349 349 351 351 350 350 350 350 349 349 348 349 352 354 351 352 351 351 351 353 353 354 349 356 357 357 359 360 359 357 359 359 359
-9999 -9999 -9999 -9999 -9999 -9999 -9999 -9999 -9999 -9999 -9999 -9999 -9999 -9999 -9999 -9999 -9999 -9999 -9999 -9999 -9999 -9999 -9999 -9999 -9999 -9999 -9999 -9999 -9999 -9999 -9999 -9999 -9999 -9999 -9999 -9999 -9999 -9999 -9999 -9999 -9999 -9999 -9999 -9999 -9999 -9999 -9999 -9999 -9999 -9999 -9999 351 351 351 350 350 350 349 349 348 348 348 348 349 350 348 350 349 349 349 349 350 350 352 352 353 352 352 349 352 350 352 355 352 353 355 354 347 357 359 358 356 356 356
-9999 -9999 -9999 -9999 -9999 -9999 -9999 -9999 -9999 -9999 -9999 -9999 -9999 -9999 -9999 -9999 -9999 -9999 -9999 -9999 -9999 -9999 -9999 -9999 -9999 -9999 -9999 -9999 -9999 -9999 -9999 -9999 -9999 -9999 -9999 -9999 -9999 -9999 -9999 -9999 -9999 -9999 -9999 -9999 -9999 -9999 -9999 -9999 -9999 -9999 352 350 354 352 351 350 349 349 346 349 347 346 348 349 352 350 347 349 351 349 350 349 351 350 351 351 351 351 354 352 353 353 354 354 354 352 353 355 354 352 356 358 356 355
-9999 -9999 -9999 -9999 -9999 -9999 -9999 -9999 -9999 -9999 -9999 -9999 -9999 -9999 -9999 -9999 -9999 -9999 -9999 -9999 -9999 -9999 -9999 -9999 -9999 -9999 347 349 -9999 -9999 -9999 -9999 -9999 -9999 -9999 -9999 -9999 -9999 -9999 -9999 -9999 -9999 -9999 -9999 -9999 -9999 -9999 -9999 -9999 -9999 354 351 351 350 354 351 353 354 350 351 350 354 353 354 350 354 347 350 352 353 351 351 349 350 352 353 354 353 356 352 353 354 354 353 353 353 354 354 354 354 353 356 358 355
-9999 -9999 -9999 -9999 -9999 -9999 -9999 -9999 -9999 -9999 -9999 -9999 -9999 -9999 -9999 -9999 -9999 -9999 -9999 -9999 -9999 -9999 -9999 -9999 -9999 -9999 350 350 -9999 -9999 -9999 -9999 -9999 -9999 -9999 -9999 -9999 -9999 -9999 -9999 -9999 -9999 -9999 -9999 -9999 -9999 -9999 -9999 -9999 -9999 357 357 354 355 352 355 355 356 355 353 353 353 356 356 354 354 355 354 352 350 349 349 349 350 351 352 355 355 357 358 357 354 355 352 353 354 353 355 353 355 352 353 356 353
-9999 -9999 -9999 -9999 -9999 -9999 -9999 -9999 -9999 -9999 -9999 -9999 -9999 -9999 352 352 352 352 351 348 350 351 351 352 353 353 352 350 350 352 -9999 -9999 -9999 -9999 -9999 -9999 -9999 -9999 -9999 -9999 -9999 -9999 -9999 -9999 -9999 -9999 -9999 -9999 -9999 -9999 -9999 356 353 357 354 355 356 357 357 356 353 354 357 357 356 354 348 354 351 352 353 351 351 350 352 352 355 357 357 359 358 351 355 354 354 353 352 355 356 354 355 355 353 353
-9999 -9999 -9999 -9999 -9999 -9999 -9999 -9999 -9999 -9999 -9999 -9999 -9999 -9999 352 352 352 352 352 352 352 352 353 353 350 345 354 353 349 350 -9999 -9999 -9999 -9999 -9999 -9999 -9999 -9999 -9999 -9999 -9999 -9999 -9999 -9999 -9999 -9999 -9999 -9999 -9999 -9999 357 356 356 357 355 347 354 356 358 358 357 358 355 352 356 357 357 355 356 353 350 350 350 345 350 347 355 359 359 359 356 354 354 354 354 350 354 353 355 355 356 356 353 352
-9999 -9999 -9999 -9999 -9999 -9999 -9999 -9999 -9999 -9999 349 349 350 351 349 351 352 351 352 352 352 352 353 352 353 352 352 352 350 351 -9999 -9999 -9999 -9999 -9999 -9999 -9999 -9999 -9999 -9999 -9999 -9999 -9999 -9999 -9999 -9999 342 349 348 348 351 356 357 353 357 358 358 353 355 358 359 355 359 355 348 356 358 352 353 353 348 350 355 356 357 358 358 359 355 360 357 350 356 354 349 348 351 354 354 358 358 357 353 355
-9999 -9999 -9999 -9999 -9999 -9999 -9999 -9999 -9999 -9999 347 346 349 350 350 349 352 350 352 350 351 349 353 353 353 353 353 -9999 349 -9999 -9999 -9999 -9999 -9999 -9999 -9999 -9999 -9999 -9999 -9999 -9999 -9999 -9999 -9999 -9999 -9999 348 350 349 347 351 354 357 358 360 359 357 352 354 358 353 359 360 359 356 353 358 358 352 353 352 352 352 356 353 357 352 356 361 360 359 353 357 357 358 354 352 352 347 353 359 358 357 357
-9999 -9999 -9999 -9999 -9999 -9999 -9999 -9999 -9999 -9999 334 346 345 348 349 349 349 350 348 349 348 350 350 348 -9999 -9999 -9999 -9999 -9999 -9999 -9999 -9999 -9999 -9999 -9999 -9999 -9999 -9999 -9999 -9999 -9999 -9999 -9999 -9999 -9999 -9999 347 348 350 350 344 353 353 348 359 359 357 358 357 352 355 359 358 358 361 360 351 357 348 354 353 354 352 355 356 356 353 357 358 362 362 361 358 356 354 354 350 350 348 348 352 360 360 357
-9999 -9999 -9999 -9999 -9999 -9999 -9999 -9999 -9999 -9999 342 337 335 343 347 349 349 349 349 349 351 352 347 347 -9999 -9999 -9999 -9999 -9999 -9999 -9999 -9999 -9999 -9999 -9999 -9999 -9999 -9999 -9999 -9999 -9999 -9999 -9999 -9999 -9999 -9999 347 345 348 355 352 353 354 356 359 358 346 345 346 356 355 357 360 360 360 358 355 351 354 353 356 356 356 358 358 353 355 350 355 357 358 362 360 348 354 351 357 351 352 353 347 356 360 361
-9999 -9999 -9999 -9999 -9999 -9999 342 345 343 342 348 347 341 341 341 343 347 348 350 349 350 349 350 348 350 348 -9999 -9999 -9999 -9999 -9999 -9999 -9999 -9999 -9999 -9999 348 349 354 356 352 350 352 355 353 352 352 353 350 353 354 357 359 358 360 356 352 350 348 350 354 358 360 362 361 362 360 360 360 352 353 356 358 360 354 355 356 352 356 358 360 360 363 362 361 361 359 352 358 351 353 355 360 360
-9999 -9999 -9999 -9999 -9999 -9999 352 351 350 349 339 346 345 348 346 342 344 346 344 348 349 349 350 349 349 344 -9999 -9999 -9999 -9999 -9999 -9999 -9999 -9999 -9999 -9999 350 350 348 354 350 349 349 355 358 357 344 350 349 353 356 358 355 357 358 357 356 349 346 352 348 349 358 358 363 360 359 361 360 356 352 359 359 361 360 359 357 355 355 355 360 362 363 363 361 363 362 361 359 354 354 348 358 358
-9999 -9999 -9999 -9999 355 355 354 354 354 350 347 350 351 350 347 348 348 346 343 343 348 349 348 349 349 349 -9999 -9999 -9999 -9999 -9999 -9999 -9999 -9999 -9999 -9999 346 345 344 350 350 354 355 351 353 358 359 356 351 352 352 349 359 359 360 359 355 352 353 347 352 350 350 360 361 362 362 361 355 357 355 354 350 362 358 357 359 359 360 358 349 351 360 363 365 359 362 360 361 358 348 355 356 360
-9999 -9999 -9999 -9999 356 356 356 356 353 351 348 352 350 352 351 349 349 349 348 346 344 347 346 343 343 348 -9999 -9999 -9999 -9999 -9999 -9999 -9999 -9999 -9999 -9999 351 347 347 345 349 350 353 356 348 347 349 360 358 348 347 348 355 359 355 360 355 355 355 354 349 347 349 355 362 360 361 362 357 359 359 360 358 361 355 358 359 359 354 351 353 354 357 356 364 360 357 359 360 357 349 350 359 362
-9999 -9999 -9999 -9999 -9999 -9999 356 355 354 355 353 354 354 352 352 342 342 345 344 348 347 345 343 345 346 347 -9999 -9999 -9999 -9999 -9999 -9999 351 352 350 352 353 351 348 345 347 350 344 347 353 357 358 353 359 358 354 354 354 358 357 356 363 357 359 359 359 353 344 350 354 359 364 361 361 357 362 360 362 360 359 357 360 358 358 359 353 351 345 361 362 365 355 361 362 357 352 357 360 359
-9999 -9999 -9999 -9999 -9999 -9999 355 355 356 356 355 355 355 354 352 349 350 350 343 346 344 346 346 344 347 347 -9999 -9999 -9999 -9999 -9999 -9999 351 351 352 351 349 352 352 348 346 345 348 351 351 355 354 354 355 357 360 354 355 358 360 354 358 360 362 361 361 355 360 348 353 362 358 363 362 361 360 362 355 359 358 357 360 361 360 357 357 355 356 358 362 346 362 362 361 361 356 355 359 359
-9999 -9999 -9999 -9999 -9999 -9999 351 354 354 351 354 355 355 355 355 353 354 351 351 345 342 341 344 348 349 348 348 348 345 346 345 347 344 344 350 352 352 351 351 351 351 349 345 350 351 354 351 357 351 357 356 358 354 361 354 353 355 358 362 357 358 362 361 363 361 356 361 365 364 363 359 364 359 360 359 360 359 360 360 358 356 355 352 361 362 362 363 361 357 361 357 361 357 358
-9999 -9999 -9999 -9999 -9999 -9999 357 346 352 353 355 355 356 356 356 355 355 352 350 349 348 340 340 341 345 345 348 347 348 346 347 347 342 343 345 345 348 352 351 347 352 352 348 346 349 353 355 355 354 349 352 358 357 357 359 352 354 357 354 358 359 361 361 362 363 354 364 357 363 364 361 360 358 361 360 362 362 360 359 355 356 352 358 351 357 359 357 359 357 360 359 364 361 364
