sesion_6_simulaciones/modelos_distribucion_especies/ejemplo/variables/futuro_B2/2090/PA.asc
ncols 708
nrows 329
xllcorner -7.525000
yllcorner 35.991667
cellsize 0.008333
NODATA_value -9999
[rows 168 to 209 of 329, columns 564 to 657 of 708]
406 369 348 311 315 299 318 296 270 261 238 240 224 233 219 220 213 205 202 212 222 224 214 214 203 184 192 202 211 198 202 217 214 232 235 241 237 260 228 235 252 249 234 235 226 221 222 223 232 229 216 230 254 270 261 249 263 251 252 254 251 240 238 256 272 275 279 274 284 294 293 282 258 267 247 248 252 230 221 214 196 200 197 214 200 193 187 189 188 177 177 158 173 170
391 353 329 314 320 322 310 317 272 269 255 270 227 238 231 230 218 217 216 212 214 225 228 230 187 225 206 219 217 204 194 207 235 232 252 267 270 276 267 290 275 288 287 270 243 240 244 245 271 261 271 268 271 303 304 301 293 305 287 275 270 252 271 279 298 307 309 293 305 308 306 301 281 280 257 252 258 233 225 210 201 202 195 209 208 215 206 208 195 179 189 187 189 186
341 328 328 325 330 349 334 310 271 271 275 252 255 241 252 250 236 219 231 214 221 219 225 215 198 195 224 224 222 194 200 244 258 260 252 279 293 297 290 310 308 300 298 292 273 244 258 284 316 320 288 282 291 343 325 332 331 324 313 256 303 254 295 296 311 328 309 326 325 325 311 310 279 261 246 246 230 224 215 191 192 204 219 220 222 224 229 205 206 203 199 199 205 206
333 322 328 336 364 362 335 298 282 271 279 250 243 242 253 244 251 240 223 240 234 225 233 209 208 203 230 215 194 196 206 250 265 279 273 290 320 321 318 332 339 330 321 310 286 266 266 327 333 347 324 294 300 337 368 359 353 340 325 294 271 303 264 319 315 325 318 328 310 312 297 268 256 244 230 229 209 214 201 205 207 213 229 242 229 234 211 212 202 225 209 224 215 204
327 339 348 364 369 365 326 294 296 291 282 258 245 255 258 250 237 242 233 245 238 225 223 193 210 217 227 205 188 193 212 240 265 275 291 302 323 348 368 360 359 356 338 316 288 261 291 327 357 359 337 306 297 359 371 390 395 340 332 327 278 299 277 309 314 336 313 309 310 280 263 252 236 222 225 211 207 199 217 221 220 236 231 235 222 211 221 211 227 237 225 232 225 218
345 360 361 366 379 358 319 322 313 310 291 253 267 273 269 257 240 243 250 257 245 241 222 207 212 240 242 220 230 184 214 237 249 284 298 321 315 350 353 393 369 400 349 334 285 287 315 361 393 371 357 316 325 361 415 400 375 344 322 300 305 270 298 296 300 328 305 295 295 270 271 269 236 246 220 222 207 210 222 236 241 236 235 228 240 239 232 231 233 236 239 230 230 211
358 359 355 366 379 352 332 313 327 315 301 263 285 273 289 270 245 249 266 256 263 239 228 238 241 256 243 223 214 202 227 251 272 291 323 351 341 332 366 404 410 402 383 341 296 305 325 381 396 403 381 330 343 356 394 392 367 340 328 319 334 301 273 303 306 295 298 282 297 286 283 267 267 232 230 230 216 223 231 236 257 249 244 245 239 244 242 225 230 218 213 215 218 218
354 361 361 375 364 361 348 328 329 333 306 286 284 300 301 302 266 267 273 278 258 242 251 251 271 267 232 242 213 214 222 254 283 308 331 361 363 351 382 383 388 376 358 321 288 300 365 394 424 411 395 357 357 354 388 385 370 335 326 314 293 320 318 330 317 284 280 271 262 283 291 284 250 249 249 228 235 233 253 255 270 245 243 257 256 247 231 223 224 219 206 211 210 204
344 349 359 362 374 371 350 333 341 338 331 304 307 319 323 306 291 275 284 283 266 259 260 277 277 260 258 230 231 231 243 264 298 319 328 375 373 388 357 354 347 340 322 284 295 304 343 418 427 452 416 377 355 368 384 394 373 340 319 315 289 307 310 308 335 306 276 269 277 285 271 261 255 269 253 255 257 254 273 282 260 262 255 246 262 250 239 230 216 223 216 212 195 195
319 342 341 357 370 383 360 349 337 353 343 325 318 325 334 328 293 299 303 306 281 276 290 294 280 269 260 265 252 241 243 253 284 307 325 362 375 379 379 358 340 318 312 301 297 336 360 417 433 441 436 391 388 380 400 387 371 348 325 315 291 293 281 307 287 296 276 265 269 265 256 257 262 265 237 275 260 287 300 284 279 281 256 248 260 254 244 224 228 226 225 207 190 185
307 319 333 340 359 363 361 354 341 348 356 349 325 340 338 347 327 321 320 318 314 302 305 289 277 275 288 286 262 254 263 265 285 298 319 340 369 373 359 354 333 325 325 341 350 364 383 405 452 458 424 400 378 407 410 404 383 342 321 305 287 284 277 280 274 261 270 259 276 277 244 277 244 258 270 260 290 296 305 291 283 278 273 271 261 259 255 220 217 202 206 192 175 171
263 274 289 310 332 336 343 344 346 345 343 345 346 340 342 344 343 329 329 334 330 322 313 289 290 301 308 310 281 313 312 311 334 338 352 352 360 370 355 342 323 318 331 356 373 389 403 436 439 442 415 411 403 422 428 417 378 349 346 299 290 277 262 252 225 223 240 262 264 250 264 261 265 271 272 281 284 290 302 299 302 296 301 267 266 265 242 224 199 189 197 189 163 164
238 263 259 281 301 313 313 320 338 332 338 337 340 336 349 350 347 344 346 341 340 325 308 311 316 317 327 309 320 341 343 370 374 387 397 382 374 368 354 340 333 335 351 369 386 418 429 443 435 444 428 423 426 436 428 428 389 362 344 298 295 267 268 239 221 218 220 221 230 239 233 238 262 272 304 303 300 299 295 306 295 296 302 285 275 271 255 235 212 202 187 175 167 155
224 240 256 264 276 268 294 308 301 316 304 286 326 318 336 351 370 370 358 357 347 337 337 334 337 340 337 334 340 348 368 384 391 398 395 391 393 363 365 366 341 382 382 395 405 396 406 415 431 417 400 423 403 416 419 413 368 365 345 328 301 273 278 233 236 219 221 218 214 225 227 228 249 303 306 314 311 315 317 307 332 324 299 298 282 270 241 220 228 190 176 160 163 158
223 239 238 231 228 238 240 263 267 262 279 253 273 293 307 336 351 349 366 355 357 353 350 349 343 342 347 348 337 350 342 337 355 368 360 367 370 352 355 367 360 362 380 382 367 354 346 362 369 360 379 362 381 390 371 360 325 325 303 297 266 278 248 252 230 220 231 231 205 220 233 243 275 294 300 307 297 296 303 312 296 305 287 287 271 255 232 226 195 185 164 159 163 162
201 201 200 190 184 204 197 235 229 242 231 228 228 262 282 294 314 310 336 327 356 345 336 331 325 343 333 329 320 303 279 283 293 296 309 310 319 301 331 326 331 323 315 308 322 297 293 298 289 276 323 305 322 293 316 291 257 260 250 236 226 229 235 226 237 210 205 192 206 196 204 218 231 275 278 257 277 281 263 280 255 270 280 256 250 230 220 200 194 176 174 173 178 196
170 173 174 165 159 173 174 187 184 206 201 184 209 231 251 268 274 287 276 304 322 333 304 291 283 321 297 313 294 284 265 255 257 242 261 260 258 235 229 257 252 252 257 254 262 249 266 243 250 265 251 262 274 265 259 252 246 210 206 201 201 199 208 204 209 172 173 187 169 170 184 192 190 219 220 233 241 241 247 239 237 238 251 262 228 207 205 219 202 214 204 197 193 210
150 141 145 148 150 150 150 149 162 164 160 187 181 202 203 218 226 244 234 273 306 271 247 245 254 269 272 281 280 274 253 221 215 216 223 236 235 195 182 211 204 196 218 232 223 213 228 230 248 221 236 247 260 250 236 226 227 212 193 185 164 185 192 184 200 169 164 163 145 169 154 179 186 197 204 208 215 220 226 224 220 223 243 238 215 203 201 210 203 215 215 193 204 192
139 139 138 134 135 132 131 129 132 132 149 130 167 166 170 182 190 179 219 213 243 226 227 232 231 247 254 264 252 269 258 231 217 210 191 220 197 190 168 171 170 175 197 200 223 188 196 202 194 205 220 256 245 239 218 224 224 198 186 178 165 174 187 167 192 163 162 153 157 159 163 176 183 195 193 200 204 207 213 212 212 212 222 214 203 195 195 209 195 197 188 180 192 166
138 134 132 130 127 122 122 117 115 126 123 127 139 160 151 154 151 175 183 187 223 219 207 226 193 218 225 211 235 258 272 240 218 209 188 205 208 199 175 146 164 154 170 195 203 174 172 175 177 196 227 235 252 230 213 209 221 220 193 174 171 159 173 171 174 156 167 156 151 162 161 169 180 194 196 196 199 202 203 204 207 204 207 203 196 192 193 195 193 177 181 175 183 172
144 138 132 126 123 118 113 111 106 118 108 114 120 128 133 136 140 146 160 177 185 195 193 190 189 211 230 220 213 227 252 237 218 202 185 190 186 201 185 180 177 162 169 202 214 173 171 172 182 195 203 253 239 247 218 214 209 207 189 177 163 171 178 172 177 165 158 170 158 170 156 176 178 188 198 201 198 197 198 197 200 200 200 194 194 190 195 188 188 177 175 166 180 158
159 147 139 131 123 117 112 105 109 96 101 105 103 111 113 114 121 128 144 163 172 176 197 181 190 197 218 200 194 184 214 213 210 191 160 172 202 204 199 198 168 178 183 189 191 175 145 159 172 181 209 214 227 243 196 216 217 193 181 170 183 197 184 192 193 175 177 171 175 173 164 181 182 188 193 198 199 198 189 193 194 194 193 193 195 185 185 186 168 179 166 178 169 156
176 162 150 142 134 124 110 114 104 100 101 87 87 95 88 100 96 120 126 145 142 153 160 157 179 163 200 194 182 176 193 201 205 193 182 198 198 197 203 189 176 170 176 174 196 184 171 150 162 162 191 203 203 209 205 195 188 188 170 180 193 193 199 181 187 175 172 185 168 166 176 176 183 186 189 192 195 192 192 189 188 190 186 184 183 187 194 178 170 162 157 163 155 153
198 184 172 159 153 150 137 124 111 103 94 79 72 75 77 88 101 109 113 129 135 144 143 160 159 167 173 174 176 170 192 192 199 197 207 197 216 196 193 186 168 156 164 183 188 191 172 156 155 163 181 177 192 194 186 189 170 168 169 178 209 196 173 174 184 174 174 171 170 170 172 175 180 182 183 190 189 193 191 186 182 185 178 177 180 180 179 168 169 163 159 158 158 161
220 204 185 191 185 180 169 156 132 109 106 83 81 75 80 84 81 100 109 115 121 137 143 155 154 158 162 168 169 168 185 192 196 181 218 189 194 190 192 176 168 149 157 163 184 191 175 168 157 161 156 168 160 168 181 166 170 152 169 183 204 176 174 164 165 168 166 164 164 166 170 173 176 178 180 184 181 185 181 183 180 175 173 169 171 175 169 171 167 164 166 165 165 162
238 226 226 224 214 206 211 186 188 154 125 120 111 125 105 91 100 97 95 119 114 131 136 150 156 156 162 164 169 174 178 179 180 183 192 182 189 185 187 179 165 156 160 163 194 191 187 173 159 154 132 160 169 167 159 166 151 149 162 168 173 174 158 150 157 158 160 161 165 168 170 172 172 177 174 178 177 177 176 173 169 173 169 164 170 169 168 163 157 161 164 166 168 156
234 236 238 235 236 236 226 216 198 192 156 150 145 151 146 120 84 104 110 109 105 128 150 157 151 158 155 164 169 174 176 175 171 169 169 178 187 186 182 188 179 157 158 169 187 193 179 167 151 150 143 141 147 156 156 153 146 144 149 160 165 160 152 145 152 152 157 158 163 167 165 163 164 169 171 171 171 167 168 166 168 165 165 160 157 160 158 147 156 157 155 160 161 163
258 253 287 293 271 265 234 209 191 172 150 139 145 158 160 152 124 131 126 123 123 123 138 148 164 160 161 163 166 171 177 183 175 163 168 178 188 188 181 180 174 150 164 161 177 169 169 165 153 144 139 140 142 146 141 140 138 138 140 148 154 150 142 143 141 146 153 154 157 159 163 163 163 163 164 165 160 167 169 164 165 157 155 160 162 156 145 147 147 154 159 155 158 138
329 317 328 322 309 304 255 218 182 164 145 127 139 150 184 183 170 166 174 159 142 123 141 150 172 166 160 165 163 166 168 178 169 174 165 183 188 184 182 170 165 153 158 155 166 166 162 147 143 138 133 138 136 136 135 135 136 136 136 134 136 135 135 136 140 146 151 150 154 155 153 156 154 159 161 160 164 163 158 162 162 161 160 158 156 151 154 153 147 152 142 158 136 143
426 379 389 361 330 304 260 232 199 173 146 154 167 181 206 213 226 212 204 184 150 117 146 155 169 172 168 169 167 166 162 162 164 165 158 175 177 169 161 161 159 151 145 156 165 157 152 147 140 137 136 131 132 132 132 131 134 133 133 132 133 134 135 138 142 147 148 151 151 151 153 155 156 155 158 159 161 162 159 158 161 164 169 159 156 149 158 157 154 151 158 154 146 156
440 412 386 362 346 310 285 248 224 196 168 172 198 233 258 264 258 233 212 184 154 125 133 137 161 170 170 168 173 170 162 156 148 153 143 157 157 151 154 152 146 146 150 160 161 156 144 140 135 132 129 131 132 129 131 131 132 131 131 133 134 135 140 136 144 146 152 154 152 153 153 155 156 156 159 158 158 159 163 161 166 171 168 173 169 170 167 169 169 161 151 153 157 166
402 375 342 327 321 300 286 253 232 195 166 173 209 265 280 287 271 248 210 166 156 145 105 137 167 168 163 167 156 161 153 147 148 132 137 147 147 142 133 137 139 155 139 157 156 150 144 140 128 124 127 126 130 129 132 132 133 132 133 135 137 139 141 145 147 143 148 149 156 154 156 164 161 164 160 162 164 162 160 173 175 170 169 180 183 178 180 177 185 177 171 158 151 157
364 350 294 282 262 255 247 250 223 209 181 177 204 255 281 285 263 243 193 188 168 147 127 112 145 173 165 155 149 144 150 149 135 125 120 138 135 133 133 133 123 134 127 137 146 139 135 124 125 119 118 120 125 131 134 136 138 139 142 144 148 150 151 142 144 146 150 155 155 154 160 162 158 152 155 158 149 170 172 174 192 191 193 187 189 188 191 186 164 191 172 154 148 152
347 329 307 277 268 258 242 216 214 204 199 189 205 237 262 265 257 245 232 200 181 171 131 138 135 170 144 151 132 133 143 138 136 115 118 117 124 131 133 131 119 112 125 121 124 133 127 119 113 116 114 124 125 131 128 149 154 153 163 161 172 157 165 158 158 158 160 160 160 163 164 161 155 153 154 149 150 158 157 165 174 185 190 203 199 218 198 188 176 161 154 153 143 146
315 320 309 292 278 260 231 190 196 214 218 206 186 220 246 244 244 232 215 198 178 165 138 118 101 127 137 125 121 127 131 151 135 118 109 110 120 133 128 133 121 112 102 112 116 123 118 107 111 115 114 124 116 137 144 158 165 168 175 176 180 179 165 165 162 165 170 169 172 173 173 169 161 154 155 147 148 143 142 148 151 160 172 189 213 202 198 182 190 179 167 175 162 164
307 285 298 284 264 253 232 206 184 201 211 203 216 209 230 216 214 208 204 169 159 148 138 115 72 90 99 110 114 119 142 151 120 113 104 98 124 137 132 124 115 107 106 106 109 109 109 113 110 117 118 135 129 143 145 158 163 167 172 177 177 179 177 179 178 187 196 196 198 194 196 193 188 187 189 179 161 155 148 148 149 152 159 178 172 187 189 196 190 177 184 173 168 159
271 287 259 254 239 236 230 214 192 215 212 216 190 206 217 216 205 193 178 159 149 129 111 96 87 85 93 92 101 127 123 149 130 108 103 108 130 132 127 122 106 116 104 104 95 107 100 108 113 125 135 137 137 147 157 161 167 172 185 203 194 213 205 210 215 226 230 244 240 242 240 243 232 235 235 210 188 172 171 171 154 159 162 166 168 150 165 164 168 162 167 157 159 142
228 253 216 220 206 209 215 212 199 194 194 215 210 195 207 208 197 184 171 150 151 136 121 114 89 79 76 85 88 107 131 131 124 101 104 108 115 132 120 108 105 94 98 99 98 93 99 110 120 134 148 156 173 177 190 192 202 212 218 244 241 236 243 250 262 270 286 269 273 263 252 246 242 243 229 222 192 183 164 189 176 166 171 159 163 156 160 163 134 149 144 149 144 143
215 202 189 170 172 182 198 202 193 187 214 209 208 203 210 206 199 175 160 148 128 123 115 108 100 85 76 72 88 101 111 122 123 105 100 101 110 119 105 103 98 92 84 96 94 99 110 120 132 149 170 184 200 208 220 238 230 249 248 267 287 275 285 290 297 305 301 296 278 263 247 246 225 231 223 210 197 194 193 189 189 178 172 170 164 173 155 155 151 149 145 144 139 143
193 181 173 170 158 173 187 188 202 214 207 223 225 221 206 198 190 168 157 134 124 115 113 98 92 81 77 78 82 100 103 115 118 104 99 102 113 103 103 99 95 89 94 95 100 100 130 134 155 187 211 225 239 252 241 266 265 281 286 308 324 325 339 315 304 319 286 280 291 276 258 247 232 220 206 196 193 202 195 179 180 184 172 168 167 162 153 152 151 148 143 145 142 137
187 176 152 156 161 165 177 195 213 237 239 240 256 249 222 227 206 188 157 147 130 112 104 96 78 82 78 72 77 94 103 110 110 103 103 103 106 115 95 109 98 95 85 99 126 133 162 165 199 226 260 280 285 299 299 327 328 323 328 334 336 360 352 345 318 281 284 284 298 282 265 247 234 215 198 207 181 183 181 184 182 169 171 162 165 158 157 149 150 145 147 145 145 143
194 175 153 166 164 176 211 204 233 252 269 298 303 321 295 255 234 212 196 178 149 124 103 91 77 72 74 64 79 80 95 100 101 97 102 111 102 108 104 112 106 97 93 101 126 144 170 179 217 263 295 303 312 323 322 359 356 353 349 352 340 348 320 317 318 281 264 266 286 295 269 243 233 207 214 181 185 166 169 163 158 157 157 151 154 153 150 147 147 146 148 149 150 151
