sesion_6_simulaciones/modelos_distribucion_especies/ejemplo/variables/futuro_B2/2090/PA.asc
ncols 708
nrows 329
xllcorner -7.525000
yllcorner 35.991667
cellsize 0.008333
NODATA_value -9999
[rows 42 to 83 of 329, columns 470 to 563 of 708]
559 557 551 550 543 528 538 528 533 509 498 500 500 521 538 547 552 529 540 544 549 534 525 517 516 518 509 489 487 480 499 498 499 505 508 508 511 493 489 488 458 473 479 477 468 454 483 479 480 486 493 478 490 491 496 521 521 517 501 500 500 498 494 498 505 508 509 511 513 510 507 509 509 514 514 519 522 525 524 527 530 532 511 520 512 516 523 520 531 536 537 540 544 546
534 531 538 536 522 529 519 504 501 493 493 489 490 495 498 502 527 528 523 520 530 515 518 511 496 490 488 495 493 483 488 509 516 522 510 508 499 498 490 469 473 467 488 475 463 453 462 473 482 479 484 483 479 504 509 516 501 507 494 492 490 487 491 493 502 499 504 508 504 504 500 502 506 508 520 518 527 531 533 535 535 525 515 509 511 518 525 529 532 532 535 535 536 539
521 525 526 523 523 514 514 517 507 492 505 498 500 491 494 514 511 519 523 502 525 503 529 517 502 481 501 479 490 501 489 505 509 512 512 499 501 501 483 461 469 475 488 485 476 463 469 465 475 480 462 491 495 510 515 502 500 494 488 485 485 486 486 490 493 497 497 496 494 495 496 497 498 506 512 524 529 529 518 536 508 518 498 506 505 521 533 523 528 521 524 528 531 539
524 523 528 507 521 525 530 518 508 514 521 514 484 486 484 514 508 501 507 483 513 496 515 500 490 487 487 490 495 486 489 499 501 499 490 492 480 492 469 480 489 478 501 503 492 492 481 475 483 484 489 495 503 516 509 496 493 486 481 480 479 477 483 483 485 487 485 487 490 489 489 496 501 509 513 515 526 518 510 504 502 497 510 481 511 516 510 519 511 514 516 525 531 532
517 525 513 521 514 523 526 520 518 517 510 516 508 485 482 480 495 498 495 488 473 478 475 489 479 483 465 478 477 475 476 475 469 474 477 487 477 463 474 472 492 501 490 487 497 503 496 495 489 492 496 495 508 514 498 491 483 472 476 475 474 472 473 481 483 478 481 481 481 484 489 499 489 498 501 501 497 511 498 467 484 490 482 493 500 501 501 506 508 515 522 532 538 543
516 518 515 510 512 518 518 521 518 523 525 508 493 498 472 481 482 480 478 469 469 465 461 478 484 484 489 472 471 462 463 469 459 457 456 457 470 464 438 461 462 477 472 496 476 483 491 477 499 498 500 500 504 508 499 479 472 470 468 468 469 475 476 480 477 481 482 477 477 480 481 483 486 480 480 483 479 482 484 466 464 474 476 479 480 486 492 501 512 531 553 570 581 590
509 507 506 514 514 512 517 516 518 518 521 493 480 471 470 472 467 470 456 468 463 464 462 458 474 475 486 474 465 456 458 459 464 455 446 444 435 446 446 460 473 467 484 467 475 487 491 498 495 497 498 500 498 491 489 475 469 465 464 466 468 475 480 482 488 494 489 490 478 474 472 475 465 468 458 460 459 464 461 464 454 463 468 470 477 483 493 508 534 557 586 606 628 622
506 507 513 499 516 513 509 514 516 508 505 493 475 471 461 454 455 462 471 470 451 459 467 472 451 458 459 455 455 460 460 460 462 459 447 451 438 444 451 467 472 477 471 475 485 492 495 500 498 495 497 489 491 475 478 464 473 463 462 464 465 472 484 493 506 521 510 505 485 466 461 454 454 455 451 449 450 446 448 453 452 456 461 467 476 485 504 527 555 583 604 613 632 641
501 499 494 503 503 491 505 493 508 507 499 493 479 476 460 453 451 450 454 450 458 468 473 466 456 450 451 446 451 454 457 453 453 443 452 429 446 430 437 464 468 464 476 477 480 484 486 486 492 486 495 488 479 470 464 471 464 463 462 465 474 496 502 515 516 528 522 501 472 466 450 444 448 443 446 437 440 440 439 440 445 451 459 466 476 486 506 530 553 584 585 611 604 639
498 483 487 492 489 490 483 492 492 496 490 486 472 458 451 449 449 453 453 457 456 461 456 450 446 446 444 452 451 446 447 449 444 446 435 429 441 432 440 459 465 461 475 482 484 480 483 480 480 474 470 465 462 461 462 460 462 461 464 467 485 493 516 521 506 499 490 482 467 457 446 443 437 435 440 436 431 428 431 434 440 448 456 465 474 486 503 523 546 557 580 596 616 618
467 475 483 482 479 471 477 474 474 474 468 474 465 449 449 451 456 454 462 463 459 454 450 443 439 440 440 444 446 442 441 445 453 446 431 426 441 441 452 461 460 478 472 481 480 482 481 470 472 464 460 461 457 457 460 459 460 460 464 470 491 506 514 502 475 467 461 456 449 444 439 431 436 437 431 431 425 428 427 429 435 443 452 463 482 500 507 519 540 576 589 611 623 634
470 482 475 480 469 468 465 460 452 457 457 460 452 447 439 448 459 467 462 463 459 456 441 436 439 430 434 442 436 434 438 442 450 448 431 437 433 451 450 462 473 470 469 475 469 472 478 459 460 457 461 457 457 457 457 456 457 458 460 469 491 504 510 481 462 446 442 443 439 434 430 418 424 424 426 424 419 416 420 425 429 436 456 473 493 519 528 534 558 564 587 611 614 620
478 476 471 471 467 467 463 464 457 448 443 446 441 443 449 459 457 458 462 458 453 440 440 431 433 438 425 428 425 436 439 442 446 438 436 439 456 454 449 461 464 468 470 455 458 457 457 462 455 461 453 455 455 456 453 454 453 455 458 462 476 478 480 460 447 432 434 426 426 424 418 414 414 416 417 411 408 413 414 418 421 430 443 470 498 522 545 562 556 580 580 596 590 609
470 468 464 459 462 458 460 457 448 449 442 446 447 446 452 458 457 454 455 452 447 442 437 418 427 423 430 419 433 428 440 428 435 424 424 435 455 448 453 464 459 448 451 442 455 448 456 456 460 457 454 452 452 451 450 450 451 454 457 458 464 470 452 447 430 424 417 415 411 412 406 405 409 406 405 404 402 407 411 412 414 422 435 459 475 504 527 539 558 556 571 569 572 593
457 457 457 456 454 452 446 449 436 446 452 456 445 453 450 447 447 447 448 441 443 438 430 419 421 420 419 418 421 422 423 426 417 430 417 427 450 460 452 458 438 436 437 437 447 457 458 459 459 457 454 453 456 462 470 466 466 463 465 470 472 470 459 457 436 424 414 416 424 422 417 403 401 401 401 400 406 409 415 417 410 418 413 428 445 461 482 501 504 522 532 542 558 568
452 450 449 446 451 447 440 428 439 434 442 455 455 448 448 443 441 429 429 433 429 424 418 415 413 403 403 423 410 414 415 403 418 422 435 429 425 440 426 440 451 439 433 444 446 453 461 469 465 462 460 469 473 472 484 481 476 472 474 477 477 476 464 458 447 435 436 438 444 439 432 403 397 398 398 408 405 419 429 426 431 434 413 424 433 449 449 463 484 499 511 519 548 572
442 442 444 442 444 439 428 439 433 444 448 444 447 440 435 431 424 432 417 418 415 408 416 405 412 407 405 415 423 419 427 425 411 423 440 446 421 445 446 427 448 443 436 441 444 450 471 491 477 474 484 478 486 487 480 476 473 470 471 471 476 460 467 465 464 461 446 441 459 453 431 408 399 402 406 410 425 423 446 453 456 444 444 460 445 436 449 461 472 488 535 525 548 580
434 439 439 441 442 423 432 432 440 442 441 442 437 434 432 423 419 415 406 410 406 401 400 409 414 404 420 418 425 430 432 436 425 425 437 444 441 449 456 450 446 446 443 441 446 455 474 492 501 488 486 484 480 479 476 472 475 462 467 470 463 455 454 462 462 451 452 447 446 451 427 410 405 413 426 433 441 458 465 463 466 482 481 484 465 480 484 485 501 521 532 565 557 586
430 437 440 441 434 442 428 440 449 447 439 433 433 432 433 427 417 406 405 399 404 400 406 410 411 412 414 422 418 431 435 440 442 437 427 451 457 458 457 454 448 448 444 444 447 456 480 483 492 478 471 478 475 475 474 474 471 469 464 469 458 464 458 458 457 454 448 452 445 447 430 417 420 435 434 444 453 462 475 482 502 514 514 509 505 511 517 495 514 530 558 587 602 617
432 432 438 433 432 438 434 443 435 442 435 434 434 444 449 445 417 405 403 401 401 405 409 412 416 419 423 418 422 428 435 437 448 453 467 466 451 453 454 448 446 446 448 452 464 457 483 478 480 478 469 475 467 468 471 475 472 461 456 463 459 461 457 457 453 452 452 449 426 436 426 422 432 434 461 454 462 475 484 501 524 554 538 552 534 557 543 557 564 545 585 609 637 658
429 427 427 426 424 407 430 441 442 436 433 436 440 444 449 438 423 407 401 401 398 402 406 409 414 418 421 421 419 428 436 443 452 462 457 454 451 451 449 451 459 463 468 464 472 479 472 466 460 465 460 463 464 461 467 470 469 462 450 459 443 454 453 452 444 455 447 435 440 431 436 449 444 461 469 464 467 480 499 520 540 543 545 553 558 566 563 584 563 588 625 644 651 674
424 426 434 421 425 433 438 435 436 430 427 428 445 417 423 416 410 398 400 397 398 406 409 410 409 411 414 417 423 429 437 441 448 462 450 452 455 462 457 478 461 475 473 476 462 466 464 460 452 454 454 447 450 457 458 456 462 463 463 449 437 452 450 449 441 440 446 449 449 451 461 467 483 474 477 481 492 501 518 543 560 536 537 549 536 543 546 572 558 590 608 644 668 663
415 426 424 404 417 431 426 430 429 424 436 430 416 408 409 402 401 398 398 399 400 402 404 405 407 411 413 414 422 428 433 439 445 438 451 456 452 471 475 479 467 470 457 463 455 455 446 442 443 446 445 447 445 450 450 447 456 458 457 460 460 456 450 445 452 467 476 473 483 474 496 489 495 494 504 501 527 546 542 550 538 530 519 540 520 532 537 545 528 546 589 629 651 645
413 420 416 413 421 419 423 418 412 424 422 421 406 401 401 400 397 397 397 397 397 402 405 410 414 420 420 423 421 416 425 431 436 441 450 459 470 465 471 459 458 456 440 449 444 441 443 438 437 435 442 439 443 445 441 443 441 448 458 455 447 444 446 462 466 494 505 514 512 510 515 501 515 516 526 540 554 567 558 553 533 520 512 509 507 517 533 547 559 526 588 594 597 625
415 419 425 423 429 419 415 409 407 407 412 412 401 399 399 398 397 396 397 396 401 405 419 433 440 445 450 442 433 430 435 442 443 440 459 452 466 457 452 447 451 433 428 433 432 438 427 427 422 431 433 436 438 439 436 438 428 429 444 438 449 453 458 481 491 527 532 539 545 538 528 533 525 537 542 556 576 571 538 516 507 507 513 534 521 553 558 578 597 596 621 594 614 631
414 412 411 411 402 391 400 395 391 402 390 408 400 402 400 398 397 397 397 401 404 417 441 455 464 460 460 456 450 441 450 448 447 440 441 439 450 448 434 439 423 420 425 429 420 420 420 418 427 422 428 431 432 422 425 417 424 431 434 446 447 471 476 493 521 527 548 553 562 557 546 543 541 550 557 563 570 540 535 522 498 524 557 549 579 603 640 644 689 684 676 647 638 635
408 401 400 399 393 383 385 385 377 391 393 402 400 404 402 398 395 399 401 402 407 423 446 458 451 448 441 452 440 439 446 439 439 427 427 433 427 425 421 411 418 412 415 417 411 409 410 408 409 413 411 414 411 421 419 424 426 431 441 456 471 486 496 512 520 538 556 567 581 584 567 562 558 563 567 564 565 540 523 533 539 576 584 615 651 655 677 692 712 730 719 718 677 707
396 397 391 393 385 373 377 377 381 381 387 390 396 394 399 398 406 406 411 414 414 419 423 432 428 419 425 432 442 435 441 429 426 418 418 413 413 407 403 399 402 399 401 403 398 394 392 402 399 397 394 397 406 411 404 409 422 431 434 455 466 482 491 502 515 531 544 563 586 587 572 564 567 557 570 558 539 537 537 573 580 607 630 666 670 719 698 728 749 766 767 726 760 750
386 388 387 380 374 369 368 369 374 375 379 385 388 388 388 394 403 401 416 415 413 400 399 397 397 401 414 431 438 432 427 417 417 405 404 398 393 387 385 386 385 390 388 388 382 382 390 395 395 382 387 391 394 402 409 414 421 433 440 446 456 468 476 487 496 507 528 542 554 559 549 550 552 560 548 548 521 544 545 581 600 599 651 707 718 711 727 738 786 805 818 777 793 807
382 383 370 370 368 365 365 361 366 369 373 378 380 379 383 384 394 395 409 409 390 390 386 383 388 392 404 409 412 407 417 402 406 387 384 378 382 371 372 372 375 375 369 374 374 372 377 378 377 382 382 389 394 398 403 411 414 428 435 442 455 457 468 477 484 498 510 513 513 512 525 525 538 517 534 503 529 522 573 588 618 645 675 713 754 735 752 767 796 825 851 838 828 825
374 374 374 372 365 355 366 359 364 365 367 368 373 377 379 389 388 391 388 384 383 378 379 382 378 384 386 387 390 387 392 377 385 379 379 376 361 367 365 368 364 366 365 374 382 383 383 380 381 372 379 384 390 397 404 407 419 420 435 439 446 458 470 472 487 494 488 485 469 466 497 507 500 502 497 501 525 567 596 647 676 704 708 755 746 797 767 788 837 857 867 893 842 830
374 362 367 364 365 359 353 360 366 363 366 363 374 389 384 390 384 376 382 375 374 375 378 379 375 373 372 373 371 375 382 377 374 387 374 372 373 369 363 364 371 369 364 370 377 379 385 381 379 381 385 387 394 401 405 410 409 426 421 441 449 454 464 469 466 470 462 452 436 445 458 473 489 470 480 498 533 570 637 705 743 757 762 783 776 788 798 807 828 859 876 900 902 858
372 366 366 367 357 348 347 344 359 356 363 367 382 386 397 382 374 373 373 374 378 383 392 393 390 386 387 384 384 388 378 373 379 387 384 384 386 374 370 368 367 367 366 368 377 382 384 386 385 388 389 393 395 405 402 412 419 421 431 442 441 454 457 453 441 424 423 418 412 416 423 443 438 460 462 509 554 598 667 735 763 766 751 775 777 791 821 828 832 834 882 904 886 842
367 360 359 350 346 336 336 341 348 348 353 367 380 385 377 371 366 374 375 386 384 393 405 413 410 415 413 409 401 399 391 391 386 389 388 389 387 383 375 375 370 372 374 380 377 383 385 387 394 388 395 396 395 404 413 410 416 424 428 432 445 445 440 425 412 395 383 387 381 377 386 400 435 456 498 535 567 613 669 727 735 735 726 753 794 774 800 821 819 821 879 910 879 824
364 345 344 336 330 331 330 333 340 344 356 366 360 369 362 363 367 379 390 388 395 393 403 412 419 419 421 418 417 410 402 401 399 402 403 396 394 380 381 381 381 394 393 388 388 386 391 392 395 396 403 402 413 407 422 415 414 423 422 422 434 424 419 404 390 378 365 358 353 352 375 407 437 469 506 543 566 618 643 684 709 723 760 769 805 831 817 865 827 880 880 884 863 788
353 344 330 325 323 325 330 334 341 351 355 357 367 361 364 370 382 393 411 395 414 387 396 401 409 405 413 414 417 422 419 420 424 428 424 415 403 396 383 382 391 407 398 413 410 408 402 402 398 404 410 414 419 412 425 412 412 411 413 407 414 400 394 387 371 367 349 348 337 349 375 413 449 471 493 525 577 611 666 700 778 798 818 841 853 897 901 935 922 923 902 870 789 715
351 337 325 325 319 330 340 342 352 358 361 368 372 368 382 381 399 403 407 405 393 402 417 410 416 420 424 426 431 436 438 447 445 452 447 441 426 409 391 391 393 396 407 415 413 425 432 417 416 411 408 417 410 412 403 408 409 394 399 391 399 386 386 363 365 349 356 338 346 358 374 407 448 482 518 563 612 684 748 775 862 893 896 909 916 942 958 955 950 937 898 851 747 700
352 334 326 324 327 338 346 358 361 369 378 382 387 393 402 409 410 412 416 415 411 408 419 431 439 448 453 457 443 453 454 459 462 467 466 456 434 424 410 399 403 402 408 416 429 434 425 423 409 412 398 403 400 397 396 392 389 384 389 378 389 371 373 367 365 348 350 348 359 379 395 447 456 504 555 626 720 736 818 857 885 941 949 981 967 991 972 968 962 899 862 826 756 674
350 337 328 328 335 348 360 361 377 386 396 392 402 406 419 434 432 440 437 432 430 421 424 439 451 462 473 474 467 467 454 463 470 466 467 463 452 430 422 421 413 428 428 429 437 423 415 407 404 399 397 390 399 394 393 386 387 387 374 383 378 375 372 372 357 352 362 367 379 420 465 476 527 546 599 654 738 797 867 900 933 949 989 1009 1039 996 982 975 926 892 821 782 708 677
351 337 331 335 342 356 366 381 388 400 416 420 420 427 429 437 450 452 459 458 456 445 445 443 461 455 472 476 475 468 470 472 472 470 466 462 458 452 440 435 436 436 436 432 423 406 400 400 396 401 397 395 386 389 383 387 380 382 374 378 376 381 367 366 370 370 378 400 424 454 496 543 585 614 648 696 754 828 855 917 956 1002 1003 1051 1061 1020 993 947 885 829 815 759 718 675
351 339 338 336 353 362 373 391 401 419 435 445 449 450 449 457 461 462 463 465 473 465 469 466 460 470 473 472 473 477 476 478 478 469 465 458 458 454 452 438 439 441 438 435 412 401 393 397 402 398 398 388 388 380 381 387 379 373 371 375 374 373 378 379 384 394 411 440 482 502 560 602 657 699 757 765 814 868 921 955 1004 1032 1082 1105 1098 1079 1009 943 889 843 809 771 745 726
356 347 348 346 354 361 379 395 405 423 447 456 470 467 468 467 471 465 475 470 476 475 473 474 473 469 473 474 475 479 482 480 469 465 459 455 454 452 445 435 434 431 433 412 407 390 390 394 390 397 394 386 380 386 375 373 373 372 376 376 379 383 391 399 410 429 450 486 512 552 603 632 703 762 811 861 899 942 967 986 1062 1103 1133 1152 1146 1112 1066 995 916 869 845 829 815 789
