sesion_6_simulaciones/modelos_distribucion_especies/ejemplo/variables/futuro_B2/2090/PV.asc
ncols 708
nrows 329
xllcorner -7.525000
yllcorner 35.991667
cellsize 0.008333
NODATA_value -9999
[rows 106 to 158 of 329, columns 96 to 191 of 708]
37 37 37 37 38 36 37 36 35 35 35 37 38 37 36 36 35 35 36 36 35 37 37 38 38 40 41 41 41 42 43 44 44 43 45 44 42 42 42 41 41 41 39 38 38 37 37 36 36 35 36 37 37 37 38 38 38 39 39 40 40 41 41 41 41 41 41 42 41 42 42 42 43 43 43 43 44 44 44 45 45 45 45 45 44 43 42 41 41 41 41 41 40 40 40 40
36 36 36 36 36 35 35 34 34 34 35 35 36 35 35 35 34 33 34 34 35 36 36 37 38 39 40 40 40 40 41 42 42 43 43 42 42 41 42 41 41 40 41 40 39 39 38 37 36 36 36 36 36 37 38 38 38 40 41 41 41 42 42 42 42 42 42 42 43 42 42 43 44 44 44 44 44 44 45 45 45 45 46 46 46 44 43 41 41 41 40 40 40 40 39 39
35 35 35 36 35 35 35 34 34 34 34 34 34 34 34 34 33 33 33 35 35 35 35 36 38 38 39 39 39 39 40 40 41 40 41 40 40 40 39 40 38 38 39 39 39 39 38 38 37 36 35 36 36 37 38 37 38 40 41 42 42 43 43 43 43 43 43 43 43 43 42 43 43 45 45 45 45 45 45 45 45 46 46 47 46 45 44 43 42 42 41 41 40 40 40 39
35 35 36 36 35 34 34 34 33 33 34 34 34 33 34 34 34 33 34 34 34 34 35 35 37 37 37 38 39 39 39 39 40 40 40 40 39 39 39 38 38 37 38 38 38 38 38 38 37 37 36 35 37 38 38 39 39 40 41 41 42 43 43 43 43 44 44 44 44 44 44 44 44 45 46 46 46 46 46 46 46 46 47 47 47 47 45 45 43 42 41 41 41 40 40 40
35 35 35 35 34 33 33 33 32 33 33 34 33 34 34 34 34 33 33 33 33 33 34 35 35 36 36 37 38 39 39 39 40 40 39 39 39 39 39 38 38 38 37 37 38 38 38 38 38 37 36 37 37 38 39 40 40 40 41 41 42 43 44 43 44 44 45 45 45 45 45 45 45 46 47 47 47 47 46 46 47 47 47 47 47 47 46 45 45 43 43 42 42 41 41 40
35 35 35 35 34 33 33 32 32 33 32 34 33 32 32 32 32 32 32 32 33 33 33 35 35 36 37 38 38 39 39 40 40 40 40 39 38 39 38 38 38 38 37 37 37 37 37 37 37 37 37 36 37 38 38 40 41 41 42 43 43 44 44 44 44 45 45 45 45 45 45 45 45 47 47 48 48 48 47 48 48 49 48 48 47 46 45 46 45 44 43 43 43 42 42 41
36 35 35 35 34 34 33 32 32 32 32 33 32 32 32 32 32 32 32 32 32 33 33 34 35 37 37 39 39 39 40 40 40 39 39 39 38 38 37 38 37 38 37 37 37 37 36 37 36 37 37 38 36 38 37 38 40 41 42 43 44 45 45 46 46 46 46 46 46 45 46 46 46 47 48 49 49 49 49 50 51 51 49 48 47 48 47 46 46 45 44 44 43 43 42 42
35 34 34 33 33 33 31 31 31 30 30 31 31 30 32 32 32 32 33 34 34 35 34 35 35 36 37 38 39 39 39 39 39 39 39 38 38 38 38 38 38 37 37 37 37 37 38 37 38 38 38 39 38 38 38 39 39 40 41 43 44 45 46 46 47 47 47 46 45 46 46 46 47 48 49 50 50 50 51 52 52 52 51 49 49 48 49 48 46 47 46 46 45 43 43 42
34 33 33 33 31 31 31 30 30 30 30 31 32 32 33 33 32 33 34 34 36 36 37 36 36 36 37 38 39 39 39 39 39 39 38 38 38 38 38 38 38 38 38 39 38 38 39 39 38 39 39 38 37 38 37 39 39 40 41 43 44 45 46 46 47 48 48 47 47 46 47 46 48 49 50 51 51 51 52 52 52 52 51 50 51 50 50 49 49 48 47 47 46 46 45 44
33 32 31 32 31 31 29 30 30 30 31 31 33 33 33 33 34 34 34 35 36 36 37 37 36 36 36 37 38 38 38 39 39 39 39 39 39 39 39 39 39 39 39 39 39 39 39 40 39 38 37 38 38 38 39 38 39 40 41 43 44 45 46 47 48 48 48 48 47 47 46 47 48 48 50 51 52 52 52 52 52 52 51 51 51 50 50 50 49 48 48 47 47 46 46 45
32 31 30 29 31 29 29 29 30 31 31 31 32 32 32 34 34 34 35 35 36 36 37 37 37 36 36 37 38 38 38 38 38 38 39 39 40 40 40 40 40 39 39 39 39 39 39 39 39 38 38 38 39 39 40 39 40 40 42 44 46 45 46 47 48 48 48 48 48 47 47 47 48 49 50 50 50 51 52 52 52 52 51 51 50 50 50 49 49 49 48 48 47 47 46 46
31 29 27 26 28 27 28 30 31 31 31 31 32 32 33 33 34 34 34 35 35 36 36 36 35 36 35 36 37 38 38 38 38 38 38 38 39 40 40 40 40 39 39 39 38 38 38 38 38 38 37 37 37 37 39 40 40 42 43 46 45 47 47 47 47 48 48 48 48 48 47 47 48 49 49 50 51 51 51 51 51 51 51 51 50 50 50 50 49 49 48 48 48 47 47 47
30 29 27 26 27 27 27 29 29 30 30 30 30 32 32 32 33 34 34 35 35 34 34 34 35 34 35 36 37 38 38 38 38 38 38 38 38 39 39 39 39 39 38 38 38 37 37 37 37 37 37 35 35 37 38 40 40 42 43 45 46 48 48 49 49 49 49 48 48 48 47 47 48 49 49 50 50 50 50 50 50 50 50 50 50 50 50 50 49 49 48 48 48 48 47 47
30 29 28 27 27 27 28 29 29 29 28 29 29 30 31 31 32 33 34 35 36 35 36 35 35 34 34 35 37 37 38 37 37 37 38 38 39 38 39 39 39 39 38 38 37 37 36 36 36 36 35 32 33 36 38 39 41 42 44 46 49 51 51 51 50 50 49 48 48 48 48 48 49 49 49 50 50 50 50 50 50 49 50 50 50 50 50 50 49 49 49 48 48 48 47 47
30 29 28 28 27 27 28 28 28 27 28 28 29 29 29 30 31 32 33 34 35 35 37 36 36 36 36 35 35 35 36 36 36 37 37 39 39 40 39 39 40 39 39 38 37 37 36 36 36 36 35 33 34 36 38 40 43 44 47 50 52 54 54 52 51 50 50 49 49 49 49 49 49 49 50 50 50 50 50 50 50 50 50 50 50 50 49 49 49 49 48 48 48 48 48 48
30 30 29 30 29 29 29 28 28 28 27 27 29 29 29 30 31 31 32 32 33 34 35 35 34 35 35 35 33 34 34 37 36 36 37 38 40 39 39 39 38 39 39 38 38 37 36 36 36 36 36 36 37 38 40 43 45 47 50 53 56 56 53 52 51 51 50 50 50 49 49 49 49 49 50 50 51 51 51 50 50 49 49 49 49 49 49 49 49 49 48 48 48 48 48 48
30 30 30 31 31 31 30 29 29 27 28 28 28 28 29 30 30 31 31 32 32 32 33 33 33 33 33 34 33 34 35 36 37 37 38 38 39 39 39 38 38 38 39 39 38 37 37 36 36 36 36 38 39 41 43 44 46 48 50 52 53 53 50 52 51 50 50 50 49 49 49 49 49 49 50 51 53 52 51 50 49 49 49 49 48 49 49 49 49 48 48 48 48 48 48 48
30 30 30 30 30 31 31 31 30 30 28 28 27 27 29 28 30 31 31 31 31 32 32 33 32 32 32 32 32 33 34 36 36 37 37 38 38 39 39 38 37 38 37 38 38 37 37 36 36 36 37 38 39 41 42 44 45 47 48 49 50 49 49 49 50 50 49 49 48 49 49 49 49 49 50 51 52 51 50 50 48 49 48 48 48 48 49 49 49 48 48 48 48 48 48 49
29 29 30 30 30 31 32 31 31 31 31 30 29 27 26 29 29 31 31 31 31 32 32 32 32 32 31 32 32 33 34 34 35 36 37 37 37 38 38 37 37 37 37 37 38 38 38 37 37 37 37 38 39 40 41 42 44 45 45 47 47 46 47 47 48 48 48 47 48 47 47 48 49 49 50 50 51 50 49 49 48 48 48 48 48 48 48 48 49 48 48 48 48 48 48 48
28 29 30 30 31 31 32 32 32 32 31 31 30 29 29 30 30 31 31 31 31 31 32 32 31 31 32 32 33 34 34 35 36 37 36 37 37 38 37 37 37 37 37 38 38 39 39 40 38 38 38 38 39 40 41 42 43 44 45 46 46 46 45 45 46 46 46 46 46 46 47 47 48 49 49 49 49 49 49 48 47 48 47 48 48 48 48 48 48 48 48 48 48 48 48 49
29 30 30 31 31 32 33 34 33 33 32 31 31 31 31 31 31 31 31 31 30 31 32 31 32 32 32 32 33 35 35 36 37 37 38 37 38 38 37 37 37 37 37 38 38 39 40 40 40 40 40 40 40 40 41 41 42 43 44 45 46 46 44 44 44 44 44 44 44 45 46 46 47 47 47 48 48 48 48 48 47 46 47 46 47 47 47 48 48 48 48 48 48 48 49 49
28 29 30 30 31 32 33 33 33 32 32 32 31 32 32 33 32 31 30 31 30 30 30 31 30 31 31 31 32 33 35 35 37 37 37 38 38 37 38 37 37 37 37 38 38 39 39 40 40 41 40 41 41 42 41 41 42 42 43 44 45 45 45 44 43 44 43 44 44 44 44 45 45 45 46 47 47 47 48 48 47 46 45 47 48 48 47 47 48 48 49 49 49 49 49 49
28 28 29 29 30 31 31 32 32 32 31 31 31 32 32 32 32 31 31 30 30 30 29 30 31 31 31 32 32 33 34 35 36 36 37 37 37 38 38 38 36 37 37 37 38 38 39 40 40 41 41 42 42 42 42 42 41 42 42 43 44 44 44 44 45 44 43 44 44 44 44 44 45 44 45 46 46 46 46 47 46 45 46 46 47 48 48 48 48 49 49 49 49 49 49 50
27 27 28 29 30 30 31 31 32 31 31 31 30 31 31 31 31 31 31 30 30 29 29 30 31 32 32 31 32 33 34 34 35 36 35 37 38 38 38 38 37 36 37 37 37 38 39 39 40 41 41 42 42 42 42 42 42 41 42 42 42 43 44 45 44 45 44 45 45 44 45 45 44 44 44 45 44 44 46 46 45 46 46 46 47 47 48 48 48 49 49 49 49 49 50 50
27 28 29 30 30 31 31 31 32 32 31 30 31 30 30 30 30 30 30 30 30 29 28 29 31 32 32 32 32 33 33 34 34 35 36 37 37 38 39 39 39 37 38 37 37 38 38 39 40 40 40 41 41 41 42 42 42 42 42 42 42 42 42 42 43 44 44 45 44 44 44 44 43 43 45 44 44 44 44 44 44 45 46 46 47 47 47 48 48 48 49 48 49 49 49 49
28 29 29 30 31 31 31 32 32 32 32 31 31 31 31 30 29 29 28 28 28 29 28 29 31 31 31 32 33 33 34 34 35 35 35 37 37 38 38 39 39 39 38 38 37 38 39 38 39 39 40 41 41 41 41 41 41 42 41 42 41 41 42 42 42 43 43 44 44 44 44 44 44 45 45 45 45 44 44 44 43 46 46 46 46 46 47 47 48 48 48 48 48 48 48 48
29 30 30 30 30 32 32 32 32 32 31 31 31 32 31 31 29 29 28 28 27 27 27 27 30 30 30 32 33 33 33 34 35 35 36 37 37 37 38 39 38 39 39 37 38 38 37 38 39 39 40 41 40 40 40 40 41 41 41 41 41 41 41 41 42 41 42 42 43 44 44 44 45 45 45 45 45 45 45 44 44 44 45 46 46 46 46 47 47 48 48 47 47 46 46 47
31 31 31 31 31 32 32 32 32 32 32 30 31 31 31 31 31 30 29 27 25 25 26 27 29 29 30 31 32 33 34 34 35 36 37 37 38 38 38 38 39 39 39 39 38 37 38 38 39 39 39 40 40 40 40 40 40 40 40 41 40 40 41 41 41 41 40 41 42 43 43 44 44 44 44 44 44 45 45 45 43 43 45 45 45 45 45 46 46 46 47 46 46 46 46 46
31 31 31 32 32 32 32 32 32 32 32 31 30 31 31 31 31 31 29 27 25 22 24 26 28 30 31 32 33 34 35 35 36 37 37 38 38 38 38 39 38 40 40 40 39 39 39 39 37 38 39 39 40 40 40 40 40 40 40 40 40 40 40 40 41 40 40 41 42 42 43 43 43 43 43 44 44 44 44 44 43 43 44 45 45 45 45 44 45 45 45 45 45 45 45 45
31 31 32 31 31 31 32 32 32 32 32 32 31 31 29 29 30 29 29 27 24 22 25 27 29 30 31 33 34 34 35 36 37 38 38 39 39 38 38 39 39 39 39 39 40 40 40 38 38 39 39 38 39 40 40 39 39 40 40 40 40 40 39 40 40 40 40 41 41 41 42 42 43 43 43 43 43 43 43 43 43 44 43 44 45 44 44 44 44 44 44 44 44 44 44 44
31 31 31 31 32 31 32 32 32 33 34 33 32 31 31 30 29 28 29 27 26 25 27 28 29 31 32 33 34 35 36 37 37 38 38 39 38 38 38 39 40 39 39 39 39 40 40 40 40 38 39 38 40 39 39 40 39 40 40 40 40 40 39 40 40 40 40 41 41 41 41 42 42 43 42 42 43 43 43 43 42 43 43 43 44 44 44 44 44 44 44 44 43 43 43 43
32 31 31 31 32 32 32 33 33 34 34 33 33 32 32 30 29 29 27 28 27 27 28 30 32 32 33 35 35 35 36 37 38 39 38 39 38 38 38 38 39 39 39 39 39 39 39 39 39 39 39 38 39 39 39 39 39 40 40 40 40 39 39 39 40 40 40 40 40 40 41 41 41 41 41 41 42 42 42 42 42 42 43 44 44 44 44 44 44 44 44 43 43 42 42 41
32 31 32 31 32 32 32 33 33 33 33 33 32 33 32 32 30 29 30 30 30 30 30 31 32 34 35 36 36 36 37 38 39 38 39 40 39 39 39 38 38 38 38 38 39 39 39 39 39 38 38 40 39 39 39 39 39 39 39 39 39 39 39 40 40 40 39 40 40 40 40 40 40 41 41 41 41 41 41 41 41 42 43 43 43 44 44 44 44 44 44 43 42 42 41 40
32 31 31 31 32 32 32 32 33 33 33 33 33 32 31 32 31 32 32 31 32 31 32 32 35 35 36 36 37 37 38 39 39 40 41 41 41 40 40 39 39 37 38 38 38 38 39 38 38 38 39 38 39 39 39 38 39 39 39 39 40 38 39 39 40 39 39 39 39 39 40 40 40 40 41 40 41 40 41 41 41 41 42 43 43 43 44 44 44 44 44 43 43 42 41 39
32 32 32 32 32 32 32 32 32 32 33 34 33 33 33 31 31 31 32 32 33 34 35 35 35 37 36 37 38 38 39 39 40 41 41 41 42 41 41 40 40 39 39 39 38 38 39 38 38 39 38 38 38 39 39 39 39 38 39 39 38 38 38 38 39 39 39 39 39 39 39 39 39 40 40 40 40 40 40 41 41 41 42 42 43 43 44 44 44 45 44 44 43 42 41 39
33 32 32 31 32 31 31 31 31 32 32 33 34 33 32 33 31 32 32 33 34 35 36 39 39 39 38 38 38 38 39 39 40 40 41 41 41 41 41 41 41 40 40 39 39 38 38 38 39 38 37 38 38 38 39 39 38 38 39 38 38 38 38 38 38 38 38 38 38 39 39 38 39 39 39 39 40 40 40 40 40 41 41 42 43 43 44 45 45 45 46 45 44 43 42 40
33 32 32 32 31 32 32 32 31 32 32 32 32 32 33 32 31 32 32 34 35 36 37 39 41 39 39 39 39 39 39 39 39 40 40 40 40 41 41 41 41 40 40 40 40 39 38 39 39 38 39 38 38 38 39 39 39 38 38 38 38 38 38 38 37 37 37 37 38 38 38 38 38 38 38 39 39 39 39 39 40 40 41 42 43 44 45 46 46 47 47 46 46 44 44 42
33 32 32 32 32 33 33 33 33 32 33 32 32 32 32 33 33 32 32 33 34 36 37 38 38 39 38 39 39 38 39 38 39 39 39 40 40 40 40 40 40 40 40 40 40 39 39 39 39 39 38 38 38 38 39 39 39 38 38 38 38 37 37 37 37 36 36 36 36 37 37 37 37 37 38 38 39 39 39 39 39 40 41 41 43 44 45 47 48 49 49 48 47 46 45 44
32 32 33 33 33 33 34 34 34 34 34 34 33 33 32 32 31 32 33 33 34 35 36 36 37 37 37 37 38 38 37 38 38 39 39 39 39 40 40 40 40 40 41 40 40 40 40 39 39 39 38 38 38 38 39 38 38 38 38 37 37 37 37 36 36 36 35 35 35 35 36 36 37 37 37 38 38 38 39 38 39 39 40 41 42 44 46 48 51 52 52 51 49 48 46 46
32 33 33 34 34 34 35 34 34 34 34 34 34 34 33 32 33 32 32 33 34 35 35 35 35 36 36 36 36 37 37 38 38 38 38 39 40 40 40 40 40 40 40 40 40 40 40 39 39 39 39 39 39 38 38 38 38 37 37 37 37 37 37 36 36 35 35 34 34 35 36 36 36 37 37 37 37 38 38 38 38 38 39 40 41 43 46 50 55 58 56 53 51 49 47 46
31 32 33 34 35 35 35 35 34 34 34 34 34 34 33 33 33 32 31 32 33 34 34 34 35 35 35 35 36 36 37 37 38 38 38 39 39 39 40 40 40 40 40 40 40 40 40 39 39 39 39 39 39 38 38 38 38 37 37 37 37 37 36 36 36 36 35 35 35 35 35 36 36 36 37 37 37 37 37 37 37 37 37 38 39 41 45 50 56 60 58 56 52 49 47 47
32 32 33 34 35 37 36 35 34 34 34 33 33 33 32 32 32 31 30 31 32 33 33 33 34 33 34 34 35 36 36 37 38 38 38 39 39 39 40 40 40 40 40 40 40 40 40 39 39 39 39 39 38 38 38 38 38 37 37 37 37 37 36 36 36 36 36 36 35 36 36 36 36 36 36 36 37 37 37 37 37 36 36 35 34 36 42 48 53 56 55 53 50 48 46 46
31 33 33 34 34 36 35 35 34 34 33 33 33 33 32 32 31 31 30 31 32 32 32 32 33 33 33 33 34 35 36 37 37 37 38 39 39 39 40 40 40 40 40 40 40 40 40 39 39 39 39 39 38 38 38 38 38 37 37 37 37 36 36 36 36 36 36 36 36 36 36 36 36 36 36 36 36 37 36 36 36 36 35 33 28 31 40 48 54 57 53 49 45 44 44 45
31 32 33 33 34 34 34 34 34 33 33 32 32 32 32 32 31 31 32 31 31 31 31 32 32 32 32 32 34 34 36 36 37 38 38 39 39 40 40 40 40 40 40 40 40 40 40 39 39 39 39 39 38 38 38 38 38 38 37 37 37 36 36 36 36 36 36 36 36 36 36 36 36 36 36 36 36 36 36 36 36 36 35 34 34 36 41 48 58 64 52 42 37 40 42 43
32 32 32 33 33 33 33 33 33 33 32 32 32 31 32 31 31 31 31 31 31 31 31 32 32 32 31 31 33 34 35 36 37 38 39 39 39 40 40 40 40 40 40 40 40 40 40 40 39 39 39 39 38 38 38 38 38 38 37 37 37 36 36 36 36 37 36 36 37 36 36 36 36 36 36 36 36 36 36 36 36 36 36 36 36 38 41 44 46 46 45 39 35 38 41 43
32 32 32 32 32 33 33 33 33 32 32 31 32 31 31 31 30 29 30 30 31 30 31 32 32 32 32 33 33 34 35 37 38 38 39 39 40 40 40 41 41 41 41 41 41 41 40 40 40 39 39 39 39 38 38 38 38 38 37 37 37 36 36 36 36 37 37 37 37 37 37 37 37 37 37 37 36 36 36 36 36 36 36 36 37 38 40 41 42 42 41 40 39 40 41 42
33 33 32 32 32 32 33 32 33 32 32 31 31 31 30 30 29 29 28 29 29 30 30 31 32 32 33 33 35 36 36 37 38 39 39 40 40 41 41 41 42 42 42 41 41 41 41 40 40 40 39 39 39 38 38 38 38 38 37 37 37 36 36 36 36 37 37 37 37 37 37 37 37 37 37 37 37 37 36 36 36 36 36 37 37 38 38 39 39 40 41 41 41 41 41 42
32 32 32 32 32 32 32 32 32 32 32 31 31 31 30 30 28 28 27 27 28 29 30 31 32 32 33 34 35 36 37 38 39 39 40 41 41 42 42 42 43 43 42 42 42 42 41 41 40 40 39 39 39 39 39 38 38 37 37 37 37 36 36 36 36 37 37 37 37 37 38 37 37 37 37 37 37 37 37 37 37 37 37 37 37 37 37 37 36 36 38 40 40 41 41 42
31 32 32 32 32 32 32 32 32 32 32 31 31 30 29 29 28 27 25 25 27 28 30 31 32 33 34 35 35 36 37 38 39 40 41 41 42 43 44 44 44 44 44 43 43 42 42 41 41 40 40 39 39 39 39 38 38 38 37 37 36 36 36 36 36 37 37 37 37 38 38 38 37 37 37 37 37 37 37 37 37 37 37 37 37 37 36 36 34 32 35 38 39 40 41 42
31 32 32 32 32 32 32 31 31 31 31 31 31 30 29 28 28 27 25 25 27 28 30 31 32 33 34 35 36 37 38 39 40 41 42 43 44 45 45 46 46 46 45 44 44 43 42 42 41 40 40 39 39 39 39 38 38 37 37 37 36 36 36 36 37 37 37 38 38 38 38 38 38 37 37 37 37 37 37 37 37 37 37 37 36 36 36 36 35 35 36 38 39 40 41 42
32 33 33 33 32 32 32 32 31 31 31 31 30 30 29 29 28 28 27 27 28 29 30 32 33 34 34 35 36 38 39 40 41 42 43 45 46 47 48 49 49 48 47 46 45 44 43 42 41 40 40 39 39 39 38 38 38 37 37 36 36 36 36 36 37 37 38 38 38 38 38 38 38 38 37 37 38 38 38 38 37 37 37 37 37 36 36 36 36 36 37 38 39 40 41 41
33 34 34 33 33 32 32 31 31 31 31 30 30 30 29 29 29 29 29 29 29 30 31 32 33 34 35 36 37 38 40 41 42 43 45 46 48 49 51 53 53 51 49 47 46 45 43 42 42 41 40 39 39 38 38 38 37 37 36 36 36 36 36 37 37 37 38 38 38 38 38 38 38 39 38 38 38 39 39 38 38 38 37 37 37 37 37 37 37 37 38 38 39 40 41 41
33 35 34 33 32 32 31 31 31 31 31 30 30 30 30 30 29 29 29 30 30 31 32 33 34 35 36 37 38 39 41 42 43 44 45 46 48 50 53 58 60 55 51 48 47 45 44 43 42 41 40 39 39 38 38 37 37 37 36 36 36 36 36 36 37 38 38 38 39 39 38 38 38 39 39 39 39 39 39 39 38 37 37 37 37 37 37 37 37 38 38 39 39 40 41 41
