sesion_6_simulaciones/modelos_distribucion_especies/ejemplo/variables/futuro_B2/2090/PV.asc
ncols 708
nrows 329
xllcorner -7.525000
yllcorner 35.991667
cellsize 0.008333
NODATA_value -9999
[rows 106 to 158 of 329, columns 192 to 287 of 708]
42 44 44 45 44 45 45 47 47 47 46 46 46 46 46 47 47 48 48 49 49 49 48 48 49 49 49 49 50 50 50 51 52 52 52 52 52 52 52 51 51 50 50 50 49 49 49 49 49 49 49 49 49 49 49 48 48 47 46 45 45 45 43 43 43 43 42 42 42 42 43 43 44 43 43 45 45 45 45 44 44 44 45 44 45 45 44 45 44 44 45 44 44 44 43 43
41 43 43 43 43 44 46 47 47 47 46 46 46 46 46 47 47 48 48 48 48 48 48 48 48 49 49 49 49 49 49 50 50 51 52 51 51 51 51 51 50 51 50 49 49 48 48 48 48 48 49 48 48 48 48 47 47 47 47 46 46 45 45 44 44 44 44 43 42 43 43 43 43 43 44 45 45 45 44 44 43 44 43 43 44 44 44 45 45 45 45 45 44 44 43 43
41 41 42 43 44 46 46 47 48 48 47 47 46 47 47 47 48 48 48 48 48 48 47 47 48 48 49 49 49 49 49 49 49 50 51 51 51 50 50 50 50 50 50 50 49 47 48 48 48 47 48 47 48 47 47 47 47 46 46 45 45 45 45 45 45 44 44 45 44 44 43 44 44 42 43 44 44 45 44 43 43 42 42 42 43 43 44 45 45 46 45 45 45 44 44 43
40 40 43 44 46 46 47 47 48 48 48 47 47 47 47 48 48 48 48 48 48 47 47 47 48 49 49 49 49 48 49 49 49 50 50 50 50 50 50 50 50 49 49 49 49 48 48 48 48 47 47 47 46 47 46 46 46 45 45 44 44 44 44 44 44 44 45 45 45 44 45 46 44 44 43 42 43 43 42 42 42 41 42 41 42 43 43 44 44 45 45 45 45 44 44 43
40 41 42 44 46 46 46 47 47 48 48 47 47 47 47 48 48 48 48 48 48 48 47 48 48 48 49 48 48 48 49 50 50 50 49 49 50 50 50 50 49 49 48 48 48 48 48 49 48 47 47 46 45 46 45 45 45 45 44 44 43 43 43 43 43 44 44 44 44 44 44 46 45 44 42 42 41 41 41 40 40 40 41 41 42 42 43 43 44 44 44 44 44 44 43 43
41 41 41 43 45 45 46 47 48 48 48 48 47 47 47 48 48 48 48 48 48 49 49 48 48 48 48 48 48 48 49 49 49 49 50 49 49 50 50 50 49 48 48 48 48 48 48 47 48 47 46 45 46 45 45 44 44 44 43 43 43 42 42 42 43 43 43 43 43 44 44 45 45 45 44 42 42 41 40 39 39 39 40 41 42 43 44 44 44 44 44 44 44 43 43 43
41 41 41 42 43 44 45 47 48 49 48 48 48 47 47 48 48 48 48 48 48 49 49 49 48 48 48 47 48 48 49 49 49 49 49 49 49 50 50 50 49 49 48 48 47 48 48 47 47 46 45 45 45 44 43 44 43 43 43 42 42 42 42 42 42 42 42 42 42 43 44 45 45 45 44 44 43 41 40 38 36 37 39 41 42 44 44 45 45 45 44 44 44 43 43 43
42 42 41 42 43 43 44 47 47 48 49 49 48 48 48 48 48 48 48 48 48 49 50 49 49 48 48 48 48 48 48 48 49 48 49 49 49 50 50 49 49 49 47 47 47 47 47 46 46 45 44 44 43 43 43 43 42 42 41 41 41 41 41 41 41 41 42 42 43 43 45 45 45 45 45 45 44 43 41 37 32 35 40 43 44 45 45 46 45 45 45 44 44 43 43 43
43 43 42 42 42 43 44 45 47 48 48 49 49 49 49 49 48 48 48 48 49 49 50 50 50 49 48 48 48 48 49 49 49 49 49 49 49 50 50 50 50 49 48 47 47 47 47 46 45 45 44 43 43 42 42 41 41 41 41 41 41 41 41 41 40 41 42 42 43 44 44 45 44 45 45 45 45 45 43 42 41 42 44 46 47 47 47 47 46 46 45 45 44 44 43 43
44 43 43 42 43 43 43 44 46 47 48 49 48 49 48 49 48 47 48 48 48 49 50 50 50 49 49 49 48 49 49 49 49 49 49 49 49 49 50 49 49 49 49 47 47 46 46 45 45 44 44 43 42 42 41 41 41 41 41 41 41 42 42 42 43 42 43 43 44 44 45 45 45 45 45 46 46 47 47 47 48 49 50 51 50 50 49 48 48 47 46 45 45 44 44 43
45 44 43 43 43 43 43 44 45 47 47 48 48 48 48 48 48 47 48 48 49 49 49 50 49 50 50 50 48 49 49 50 49 49 49 50 50 50 50 49 49 49 49 48 46 46 46 46 45 44 45 44 43 42 42 42 42 42 42 42 43 44 44 44 43 43 43 44 44 44 45 45 45 45 46 47 48 49 51 53 55 57 57 56 54 53 51 50 49 48 47 46 46 45 44 44
46 45 44 43 43 43 43 44 44 46 48 48 48 48 48 47 48 48 48 48 48 49 49 49 49 49 49 49 49 50 50 50 50 49 50 50 51 51 50 50 50 50 49 49 48 47 47 46 45 45 45 43 44 43 43 43 43 42 43 42 41 43 42 42 42 42 42 42 43 44 45 45 46 46 47 48 49 51 54 58 62 67 67 62 58 55 53 51 50 49 48 47 46 46 45 44
46 46 45 44 45 44 44 44 44 45 46 48 48 49 48 48 47 47 48 48 48 48 48 49 49 49 49 48 48 49 50 50 49 49 50 51 51 51 51 51 51 50 50 49 49 48 48 47 47 47 46 45 43 43 42 42 41 41 41 40 40 40 40 40 40 41 41 42 42 43 44 45 45 46 47 48 50 53 56 61 68 80 79 67 61 57 54 52 51 50 49 48 47 46 46 45
47 46 45 44 44 44 44 44 44 44 46 47 48 48 48 48 48 47 48 48 48 47 48 49 49 48 49 48 49 50 50 50 50 50 51 51 51 51 51 51 50 51 50 49 49 49 49 47 47 46 46 44 42 42 41 40 40 39 39 38 38 38 38 39 39 40 41 41 42 43 43 44 45 46 47 49 50 53 56 60 65 71 71 65 60 57 55 53 52 50 49 48 48 47 46 45
47 47 46 45 44 44 44 44 45 45 45 46 47 48 48 48 47 48 47 47 47 47 48 48 49 49 48 47 49 49 49 49 49 50 50 50 50 50 50 50 50 50 50 49 48 48 48 47 46 45 44 43 42 40 39 39 38 38 37 37 37 37 37 38 39 39 40 41 42 42 43 44 45 45 47 48 49 51 53 55 58 61 61 60 58 56 54 53 52 51 50 49 48 47 46 46
48 47 46 46 45 44 44 45 45 45 46 46 47 48 48 48 47 47 47 48 47 47 47 48 49 49 48 48 48 49 48 48 49 50 50 50 50 50 50 50 50 50 49 49 49 48 47 46 46 44 44 42 41 39 38 38 37 36 36 35 35 36 36 37 38 39 40 41 41 42 43 44 44 45 46 47 47 48 49 51 52 54 55 55 55 54 53 53 52 51 50 49 48 47 47 46
48 48 47 46 45 45 45 45 45 45 46 46 47 48 47 49 47 47 47 47 47 47 47 48 49 48 47 47 48 48 49 48 49 50 50 50 50 50 50 50 50 49 49 48 49 48 47 46 45 44 43 42 41 39 38 37 36 35 34 33 33 34 35 37 38 39 40 41 41 42 43 43 44 45 45 45 45 45 46 46 47 49 51 52 52 53 52 52 51 51 50 49 49 48 47 46
49 49 48 47 46 46 45 45 45 45 45 46 46 47 48 48 48 48 48 48 48 48 47 47 48 48 47 48 48 48 48 49 50 50 50 50 50 50 50 50 50 49 49 49 48 48 47 46 45 44 43 42 41 40 38 37 35 33 31 29 30 32 34 36 37 39 40 41 41 42 43 43 44 44 44 44 44 43 42 41 41 44 47 49 50 51 51 51 51 51 50 50 49 48 48 47
49 48 48 47 46 46 46 46 46 45 46 46 47 47 47 48 48 48 47 48 48 48 47 47 47 48 47 48 48 48 49 50 50 50 50 50 51 50 50 51 50 50 50 49 48 48 47 46 45 45 44 43 42 40 39 37 34 31 26 22 25 30 33 35 37 39 40 41 42 42 43 44 44 44 44 44 43 41 38 33 32 39 44 47 49 50 51 51 51 51 51 50 49 49 48 47
49 49 49 49 48 48 47 47 46 46 46 46 47 47 47 48 48 48 48 48 48 48 48 47 47 47 47 48 48 48 49 49 50 50 51 51 51 51 51 50 51 50 50 49 49 48 47 47 46 45 45 44 43 41 40 38 35 31 25 17 23 29 33 36 38 40 41 42 43 43 44 44 44 44 44 44 43 41 38 33 33 39 43 47 49 50 51 52 52 51 51 51 50 49 49 48
49 49 49 50 50 49 49 49 48 48 47 47 47 47 48 47 48 48 48 47 48 48 48 47 47 47 47 48 48 48 49 50 50 50 51 51 51 51 50 50 50 50 50 51 49 49 48 47 47 46 46 45 44 43 41 40 37 35 31 29 30 33 36 38 40 41 42 43 44 44 45 45 45 45 45 45 44 43 41 41 41 43 45 48 50 51 52 52 52 52 52 51 50 50 49 48
49 49 49 50 50 50 51 50 49 48 48 47 47 48 48 48 48 47 48 48 47 47 47 47 46 47 47 48 48 48 49 50 51 51 51 51 51 51 51 51 50 51 50 49 50 49 49 48 48 48 47 46 46 45 44 42 41 39 37 36 37 38 39 41 42 43 44 45 45 46 46 46 46 47 47 46 46 45 45 45 46 47 49 50 51 53 53 54 53 53 52 52 51 50 50 49
50 50 50 50 50 51 51 51 51 50 48 48 48 48 48 48 48 48 47 47 47 47 47 46 46 47 47 48 48 48 49 50 50 51 51 51 51 51 51 51 51 51 50 50 50 50 50 49 49 49 49 48 48 47 46 45 44 43 42 42 42 42 43 44 45 46 46 47 47 47 47 48 48 48 48 48 48 48 48 48 49 50 51 53 54 55 56 55 54 53 53 52 51 51 50 49
50 51 51 51 50 51 51 51 50 50 49 49 49 49 49 49 48 48 48 47 47 47 46 46 46 46 47 47 48 48 49 50 50 50 51 51 51 52 51 52 51 51 51 51 51 51 51 51 51 51 50 50 50 50 49 49 48 47 47 47 47 47 47 48 48 48 49 49 49 49 49 49 49 49 49 50 50 50 50 51 52 53 54 55 56 57 57 56 55 54 53 52 51 50 50 49
49 50 51 51 51 51 51 51 51 50 50 50 50 50 50 49 49 49 48 47 47 46 46 45 46 46 46 46 47 48 48 49 50 50 51 51 52 52 52 52 52 52 51 51 52 52 52 52 52 52 52 52 52 52 52 52 52 52 51 52 51 51 50 51 51 52 51 51 51 50 50 50 51 51 51 51 51 51 52 53 54 55 56 57 58 58 58 57 56 54 53 52 51 50 49 49
48 49 50 50 50 51 51 51 51 51 51 51 52 52 51 50 49 49 48 48 46 45 45 44 44 45 45 46 47 48 49 49 50 50 51 51 52 52 52 52 52 52 52 52 53 53 53 54 54 54 55 55 55 56 56 56 56 57 56 56 56 55 55 54 54 54 54 53 53 52 52 51 52 52 52 52 52 53 53 54 55 57 59 60 61 62 60 59 57 55 53 52 51 50 49 48
47 48 48 49 50 50 51 51 52 52 52 53 53 53 52 51 50 49 48 47 46 45 44 43 43 43 44 45 46 48 49 50 50 51 51 52 52 52 53 52 53 53 53 53 54 54 55 55 55 56 57 57 58 59 59 60 60 61 61 61 60 59 59 58 57 57 56 55 54 54 53 52 52 53 53 53 53 54 54 55 57 58 61 64 67 67 63 60 58 56 54 52 51 50 49 48
46 46 47 48 49 49 50 51 52 54 54 55 55 54 53 52 50 49 48 47 46 45 43 42 41 40 41 44 47 49 50 51 51 51 52 52 52 52 53 53 53 53 54 54 55 55 56 57 57 58 59 60 61 62 63 64 64 65 65 65 65 64 63 62 60 59 58 57 56 55 54 53 53 53 53 53 53 54 55 56 57 59 62 66 73 72 65 61 59 56 55 52 51 49 48 47
45 46 46 47 47 49 50 51 53 55 57 59 58 56 54 52 51 49 48 47 46 44 43 41 38 34 36 44 48 50 51 52 52 52 52 52 53 53 53 53 54 54 55 55 56 57 57 58 59 60 61 62 64 65 66 68 69 70 70 70 70 68 67 65 63 61 60 58 57 56 55 54 53 53 53 53 54 54 55 56 57 59 61 64 66 66 63 60 58 56 54 52 51 50 48 47
44 44 45 46 47 48 50 52 54 56 61 66 63 58 55 53 51 50 48 47 46 44 43 41 39 34 39 49 54 54 54 54 53 53 53 53 53 53 54 54 55 55 56 56 57 58 59 60 61 62 63 65 66 68 70 72 74 75 76 76 75 74 71 68 66 63 61 59 58 57 56 55 54 54 53 53 54 54 55 55 56 57 59 60 61 61 60 58 57 55 53 52 51 50 48 47
43 43 44 45 46 47 49 51 53 56 60 63 61 57 55 53 51 50 48 47 46 45 44 43 43 46 54 66 64 59 56 55 54 54 54 54 54 54 54 55 55 56 57 57 58 59 59 60 62 64 65 67 69 71 74 77 79 82 84 84 82 80 76 72 68 65 62 60 58 57 56 55 54 53 53 53 53 54 54 55 55 56 57 58 58 58 57 56 55 54 53 52 50 49 48 47
41 42 42 43 45 46 48 50 52 54 56 57 57 56 54 52 51 50 48 47 46 44 44 44 45 50 58 68 65 60 57 56 55 55 55 55 55 55 55 55 56 56 57 58 58 59 60 61 63 64 66 68 71 74 77 81 85 90 94 95 92 87 81 75 70 66 63 60 58 57 56 55 54 53 53 52 52 53 53 53 54 54 55 55 55 55 55 54 54 53 52 51 50 49 47 47
39 39 40 41 43 45 47 49 51 52 54 54 54 54 53 52 51 49 48 47 45 44 42 42 43 47 53 57 58 58 57 56 56 55 55 55 55 55 55 56 56 57 57 58 59 60 61 62 63 65 67 69 72 75 80 84 91 99 108 112 107 95 85 76 70 65 62 59 58 56 55 54 53 53 52 52 51 52 52 52 53 53 53 53 53 53 53 53 52 51 51 50 49 48 47 46
36 33 36 40 42 45 47 48 50 51 52 53 53 53 52 51 50 49 48 47 45 43 41 36 36 43 49 53 55 55 56 55 55 56 56 56 55 55 56 56 57 57 58 58 59 60 61 62 64 65 67 69 73 76 80 86 93 105 124 147 126 101 85 75 68 63 60 58 56 55 54 53 53 52 51 51 50 50 50 51 51 51 52 52 52 52 51 51 51 50 49 49 48 47 47 46
35 32 35 39 42 44 46 48 49 50 51 52 52 52 52 51 51 50 49 47 46 44 41 38 38 43 48 51 53 54 55 55 55 56 56 56 56 56 56 56 57 58 58 59 59 60 61 62 64 65 67 69 72 75 80 85 92 101 116 128 114 93 78 68 62 58 56 55 54 53 53 52 51 51 50 50 49 49 49 50 50 50 50 50 50 50 50 50 49 49 48 48 47 47 46 45
39 38 39 41 43 45 46 48 49 50 51 52 52 52 52 51 51 50 49 48 47 46 45 44 44 46 48 51 52 53 54 55 55 56 56 56 56 56 56 56 57 58 58 59 59 60 61 62 63 65 66 68 71 73 77 81 86 91 96 97 89 77 63 53 51 51 52 52 52 51 51 50 50 50 49 48 47 47 48 48 48 48 49 49 49 49 49 48 48 48 47 47 47 46 46 45
42 41 42 43 44 46 47 48 49 50 51 52 52 52 52 52 51 51 50 49 49 48 47 47 47 48 50 51 52 54 54 55 55 56 56 56 57 56 56 56 57 57 58 59 59 60 60 61 62 64 65 66 68 71 73 75 78 80 81 79 73 63 46 31 39 45 48 49 49 49 49 49 49 48 47 47 46 46 46 46 47 47 47 47 47 47 47 47 47 47 47 46 46 46 45 44
44 44 44 44 45 46 47 49 50 51 51 52 52 52 52 52 52 52 51 51 50 50 49 49 50 50 51 52 53 54 55 55 56 56 56 57 57 57 56 56 56 57 57 58 59 59 60 60 61 62 63 64 66 67 69 70 71 72 71 69 64 56 46 38 40 44 46 47 48 48 48 47 47 47 46 45 45 44 45 45 45 45 45 46 46 46 46 46 46 46 46 46 46 45 45 44
45 45 45 46 46 47 48 49 50 51 52 52 53 53 53 53 53 53 52 52 51 51 51 51 51 52 52 53 54 54 55 56 56 56 57 57 57 57 57 56 56 56 57 57 58 58 59 59 60 61 61 62 63 64 64 65 65 65 64 62 58 54 49 45 44 45 46 46 47 47 46 46 46 45 44 43 43 42 42 43 43 44 44 44 45 45 45 45 45 45 45 45 45 45 45 44
46 46 46 46 47 48 49 50 51 52 53 53 54 54 55 54 54 54 53 53 53 52 52 52 52 53 53 54 55 55 56 56 57 57 57 58 58 57 57 56 56 56 56 56 56 57 57 58 58 59 59 60 60 60 60 60 60 60 59 57 55 52 50 47 46 46 46 46 46 46 45 45 44 44 43 42 41 40 40 41 41 42 43 43 44 44 44 45 45 45 45 45 45 45 45 45
46 46 46 47 48 48 49 50 51 52 53 55 55 56 56 56 55 55 54 54 54 53 53 53 53 54 54 55 55 56 57 57 58 58 58 58 58 58 57 56 56 55 55 55 56 56 57 57 57 57 57 57 57 57 56 56 56 56 55 54 53 51 49 48 47 46 46 46 45 45 45 44 43 42 41 40 38 37 37 38 39 40 41 42 43 43 43 44 44 44 45 45 45 45 45 45
46 46 47 47 48 49 50 51 52 53 54 56 57 59 58 57 56 56 55 55 54 54 54 54 54 54 55 55 56 57 57 58 59 59 59 59 59 58 57 56 55 55 54 54 55 55 55 55 55 55 55 55 54 53 53 52 52 52 52 51 50 49 48 48 47 46 46 45 45 44 44 43 42 41 40 38 36 33 32 35 38 39 40 41 42 43 43 43 44 44 44 45 45 45 45 44
45 46 46 47 48 49 50 51 52 54 55 57 60 63 61 59 57 56 56 55 55 55 55 55 55 55 55 56 57 57 58 60 60 61 61 60 59 58 56 55 55 54 54 53 54 54 54 54 54 54 53 52 51 50 49 48 48 48 49 49 49 48 48 47 46 46 46 45 45 44 43 43 42 41 39 38 35 32 30 34 37 39 40 41 42 42 43 43 43 44 44 44 45 45 44 44
44 45 46 47 48 49 50 51 52 54 55 57 59 61 60 59 58 57 56 56 55 55 55 55 55 55 56 56 57 58 59 61 63 64 63 61 59 57 56 54 54 53 53 53 53 53 53 52 52 52 51 50 49 47 44 41 43 45 46 47 47 47 47 46 46 46 45 45 44 44 43 42 41 40 39 38 37 35 35 36 38 39 39 40 42 42 43 43 43 44 44 44 44 44 44 44
44 45 46 47 48 49 50 51 52 54 55 56 58 58 58 58 57 57 56 56 55 55 55 55 55 55 56 56 57 58 60 62 65 68 68 63 59 56 55 53 53 52 52 51 51 51 51 51 51 50 50 48 47 45 42 38 40 43 44 45 46 46 46 46 46 45 45 45 44 43 43 42 41 40 39 38 38 37 37 38 38 39 40 41 41 42 43 43 43 44 44 44 44 44 44 43
44 45 46 47 48 49 50 51 52 53 54 55 56 57 57 57 57 56 56 56 55 55 55 55 55 55 56 56 57 58 60 63 67 76 73 63 58 55 53 52 51 51 51 50 50 50 50 49 49 49 48 47 46 44 43 42 42 43 43 44 45 45 45 45 45 45 45 44 44 43 43 42 41 41 40 39 39 38 39 39 39 39 40 40 41 42 43 43 44 44 44 44 44 44 44 44
43 44 45 46 47 49 50 51 52 53 54 55 56 56 57 57 57 56 56 56 55 55 55 55 55 55 55 56 56 57 58 60 62 64 62 56 53 51 50 50 50 49 49 49 49 49 49 48 48 48 47 46 45 44 44 43 43 43 43 44 44 44 44 44 44 44 44 44 43 43 42 42 41 41 40 40 39 39 39 39 39 40 40 41 41 42 43 43 44 44 44 44 44 44 44 44
43 44 45 46 47 48 50 51 52 53 54 55 56 56 56 57 57 56 56 56 55 55 55 55 55 55 55 55 55 55 56 56 54 52 48 45 46 47 47 48 48 48 48 48 48 48 48 48 47 47 46 46 45 44 44 43 43 43 43 43 43 44 44 44 44 44 44 43 43 42 42 42 41 41 40 40 40 40 40 40 40 40 40 41 42 42 43 43 44 44 44 45 45 44 44 44
43 44 44 46 47 48 49 51 52 53 54 55 56 56 57 57 57 56 56 56 55 55 55 54 54 54 54 54 54 53 53 51 48 43 34 31 38 43 45 46 47 47 47 47 48 47 47 47 47 46 46 45 45 44 44 44 43 43 43 43 43 44 44 44 44 43 43 43 42 42 42 42 41 41 41 40 40 40 40 40 40 40 41 41 41 42 43 43 44 44 44 44 44 44 43 43
42 43 44 45 46 48 49 51 52 54 55 55 56 57 57 57 57 57 56 56 56 55 55 54 54 53 53 53 53 52 51 48 45 40 34 32 37 41 43 45 46 46 47 47 47 47 47 46 46 46 45 45 45 44 44 44 43 43 43 43 43 44 44 44 43 43 43 42 42 42 42 42 41 41 41 41 40 40 40 40 40 40 41 41 41 42 42 43 43 44 44 44 43 43 43 43
42 42 43 44 46 48 49 51 53 54 55 56 57 57 58 58 57 57 57 56 56 55 54 54 53 53 53 52 52 50 49 47 45 42 40 39 40 42 43 45 45 46 46 47 47 47 46 46 46 46 45 45 45 44 44 44 43 43 43 43 43 43 43 43 43 43 42 42 42 42 42 41 41 41 41 41 41 41 41 41 40 41 41 41 41 41 42 42 42 43 43 43 43 42 42 42
42 42 42 42 45 48 50 52 53 55 56 57 58 58 59 58 58 58 57 57 56 55 54 53 52 52 52 51 50 49 48 47 45 44 43 42 43 43 44 45 46 46 46 46 46 46 46 46 46 45 45 45 44 44 44 43 43 43 43 43 43 43 43 43 43 42 42 42 42 42 42 42 41 41 41 41 41 41 41 41 41 41 41 41 41 41 41 42 42 42 43 42 42 42 42 42
42 42 43 44 46 48 51 53 54 56 58 59 60 60 60 60 59 59 58 57 56 55 53 52 51 51 50 50 49 49 48 47 46 45 45 45 45 45 45 46 46 46 47 47 47 47 46 46 46 45 45 45 44 44 44 43 43 43 43 43 42 42 42 42 42 42 42 42 42 42 42 42 41 41 41 41 41 41 41 41 41 41 41 41 41 41 41 41 42 42 42 42 42 42 42 42
