sesion_6_simulaciones/modelos_distribucion_especies/ejemplo/variables/futuro_B2/2090/TMNV.asc
ncols 708
nrows 329
xllcorner -7.525000
yllcorner 35.991667
cellsize 0.008333
NODATA_value -9999
[rows 246 to 286 of 329, columns 188 to 281 of 708]
203 203 203 203 204 204 204 204 204 204 204 204 203 204 204 204 204 204 204 203 203 203 202 203 203 204 204 204 204 203 203 203 203 204 203 204 201 200 199 201 200 201 202 202 200 199 198 200 200 201 203 203 203 202 202 198 197 198 200 202 200 202 198 192 187 188 187 188 192 195 194 192 194 192 191 187 190 190 185 185 193 197 202 198 196 195 194 191 189 191 191 192 188 188
203 203 203 204 204 204 204 204 204 204 204 204 204 204 204 204 204 204 204 204 203 204 204 204 204 203 204 204 204 204 203 203 204 203 203 202 201 202 202 201 201 202 201 200 198 198 200 200 200 203 203 203 203 203 203 201 202 203 202 203 201 201 197 191 189 187 191 192 197 196 194 193 190 188 188 190 190 184 184 192 196 200 198 193 189 190 193 191 193 193 191 187 184 184
203 203 204 204 204 204 204 204 204 203 203 204 203 204 204 204 204 204 203 202 202 204 204 204 204 204 204 204 204 203 204 203 204 203 204 203 203 202 203 201 201 201 203 199 196 196 200 203 203 203 201 197 199 201 203 203 203 202 199 199 202 201 194 190 191 191 193 196 197 195 191 190 190 187 191 190 189 186 189 195 200 203 199 195 189 187 190 192 194 194 190 185 184 185
203 203 204 204 204 204 204 204 204 204 203 203 203 203 203 204 204 203 203 202 203 204 204 204 204 204 204 204 204 204 204 204 204 202 203 202 203 203 203 202 203 202 202 200 200 199 202 203 199 200 199 199 198 198 199 201 201 202 202 202 202 201 199 195 191 194 196 196 195 191 188 188 186 190 189 187 183 191 195 201 203 201 198 194 192 189 193 196 196 195 191 187 190 190
203 204 204 204 204 204 203 203 203 203 203 203 203 203 203 203 203 203 203 203 202 203 204 203 204 203 203 204 204 204 203 203 203 202 204 202 202 203 203 204 202 202 202 203 204 204 204 202 202 200 199 200 198 197 198 196 198 200 203 202 202 202 200 199 198 196 197 198 192 187 186 188 189 185 186 187 192 195 201 202 201 200 196 195 195 193 194 198 200 196 191 192 193 193
203 203 204 204 203 203 203 203 203 203 203 203 203 203 203 203 203 203 203 202 202 203 203 203 202 202 199 200 203 203 203 202 202 202 203 203 202 203 204 203 204 202 202 202 199 200 202 203 201 200 200 197 196 196 196 197 198 201 202 201 200 200 200 201 199 198 197 197 194 189 185 186 186 190 192 195 198 201 203 201 198 198 197 198 197 198 200 200 200 198 195 196 193 195
203 204 204 204 203 203 203 203 203 203 203 203 203 203 203 203 203 202 202 202 203 202 201 202 201 200 201 202 202 202 202 203 202 200 202 203 204 204 204 204 201 203 203 203 201 198 200 203 202 202 202 198 197 195 196 196 198 201 199 199 199 198 197 198 198 195 194 194 188 184 186 185 187 193 196 198 201 202 201 198 197 194 196 195 197 198 199 203 202 200 200 199 195 197
203 204 204 203 203 203 203 203 203 203 203 203 202 202 202 202 202 202 202 202 201 200 200 201 200 198 197 197 196 196 196 201 197 197 199 202 203 203 203 203 203 203 203 201 198 199 198 201 202 202 200 199 196 194 194 195 196 199 197 195 196 196 194 194 196 195 196 195 190 185 187 187 190 194 197 199 201 202 201 200 197 193 195 198 196 198 201 201 200 199 200 201 199 198
204 204 203 203 203 203 203 203 203 202 202 202 202 202 202 202 202 201 202 201 201 199 198 200 199 198 198 199 198 199 199 200 197 194 196 198 202 203 203 200 198 199 200 203 201 200 197 201 201 199 199 198 198 197 193 195 196 198 196 196 196 195 194 194 193 194 197 196 196 192 189 193 196 199 199 201 202 202 200 199 196 191 197 201 199 201 201 201 204 204 203 200 200 200
203 203 203 203 202 203 203 203 202 202 202 202 202 202 202 201 201 201 201 201 201 200 198 199 199 200 199 199 199 199 199 199 199 197 192 197 201 203 202 202 199 197 201 203 203 201 199 200 201 201 200 199 197 195 194 195 197 195 194 196 198 197 196 195 192 194 196 198 196 194 193 194 196 198 201 202 201 200 200 196 193 189 195 198 198 203 205 204 201 202 201 204 204 203
201 203 203 202 203 203 202 202 202 202 202 202 202 202 201 201 200 200 200 197 199 200 201 199 199 200 200 200 199 198 198 199 199 199 194 196 202 202 200 200 201 198 201 202 202 202 199 200 198 201 198 196 196 193 194 197 197 194 196 197 198 196 194 194 193 195 197 198 195 196 196 196 197 198 201 203 201 200 198 196 192 191 195 196 203 202 204 203 199 201 202 198 196 196
202 202 202 203 203 202 202 202 202 202 202 202 201 201 201 201 201 200 199 196 199 200 199 199 199 198 198 196 196 197 197 197 199 200 197 192 199 202 202 202 201 198 200 201 201 200 196 197 197 199 198 197 194 194 196 200 198 198 198 199 197 194 193 192 195 196 198 199 197 198 195 196 198 198 201 203 202 201 199 196 190 195 199 198 200 203 205 201 201 199 199 197 198 197
202 202 203 203 203 203 202 202 202 201 201 201 201 201 200 200 200 199 197 196 199 197 196 197 196 196 196 196 197 197 197 199 199 200 198 192 199 202 202 202 199 195 199 199 199 195 196 195 196 197 195 195 197 195 198 201 199 197 196 195 197 197 194 192 192 195 197 199 200 201 196 198 200 198 203 202 202 200 199 196 191 194 199 203 205 205 203 198 199 199 195 194 193 193
202 202 202 203 203 203 202 202 201 201 201 202 201 201 201 201 200 199 197 198 199 198 198 197 197 197 197 197 197 199 199 200 200 200 198 192 198 199 200 202 199 196 197 195 194 193 191 191 194 192 195 196 197 196 200 199 197 198 196 193 195 195 192 190 192 196 198 199 199 200 201 201 199 200 200 200 201 199 197 195 192 197 201 203 203 206 202 200 199 196 195 198 193 196
202 201 202 202 203 203 202 202 201 201 202 202 202 202 201 200 200 199 199 199 200 200 197 199 197 199 199 197 199 200 199 199 201 200 197 192 199 200 200 200 199 198 197 196 193 192 195 193 195 196 196 197 200 200 199 198 198 197 197 195 193 192 191 194 191 194 197 196 196 196 201 196 197 195 197 200 201 200 199 197 193 198 201 201 202 206 207 204 204 203 201 201 198 196
202 202 202 201 202 202 203 202 202 202 202 202 202 200 200 199 199 198 200 200 200 200 200 198 198 200 198 199 200 200 200 200 198 199 196 197 198 200 199 197 197 193 195 196 197 197 197 197 194 197 199 196 199 201 200 199 199 195 194 193 191 194 193 195 192 194 194 196 198 199 201 198 198 199 199 202 200 198 197 196 196 201 204 206 207 204 203 201 198 199 198 196 198 197
201 201 201 201 201 202 202 202 202 202 202 202 201 201 200 199 199 198 199 201 200 199 200 199 199 199 200 200 198 200 201 198 197 198 199 197 196 199 198 194 192 191 194 196 197 198 198 197 196 196 198 201 202 199 199 197 195 194 191 191 191 192 196 198 194 196 199 200 202 202 201 204 203 199 203 202 200 200 196 195 200 202 204 206 207 204 202 199 200 194 198 201 198 197
201 201 201 201 201 201 202 202 201 202 202 202 201 200 200 199 199 200 200 201 200 201 201 200 198 199 200 198 196 199 200 199 197 199 197 197 196 196 193 195 192 190 192 193 195 197 196 197 198 200 200 200 200 200 200 195 193 191 191 193 194 195 196 199 195 199 201 204 204 204 203 198 196 200 199 200 199 199 196 196 199 201 203 206 206 205 203 200 198 198 202 199 199 197
201 201 201 201 202 201 201 202 201 201 201 201 201 201 201 200 200 200 200 201 199 200 201 200 200 200 199 199 198 200 201 197 198 197 199 199 197 194 190 191 192 189 186 192 194 194 193 194 195 198 201 201 201 201 198 194 196 194 193 191 192 192 197 200 200 202 203 202 202 202 201 197 197 196 198 197 200 195 198 200 198 201 203 207 206 204 206 203 205 203 202 198 196 195
200 200 201 200 201 201 202 201 200 201 201 200 200 200 200 200 200 200 200 201 201 201 201 201 201 200 200 201 199 201 199 198 199 200 199 196 196 195 193 189 187 185 186 189 191 191 191 192 196 199 199 201 202 200 196 197 197 196 194 191 193 194 197 200 202 205 199 197 196 201 199 198 197 195 191 197 198 199 201 202 204 207 208 208 206 202 203 203 198 202 202 198 191 192
200 200 201 200 201 201 202 202 202 201 201 200 200 200 200 200 201 201 201 201 201 201 201 201 200 200 201 201 201 198 199 200 201 200 199 196 196 194 192 189 186 184 185 189 187 188 191 193 194 196 199 202 202 198 200 199 197 192 193 192 191 192 195 197 201 206 202 200 199 201 201 201 196 198 198 199 200 200 203 203 203 209 207 208 203 202 202 199 201 196 198 200 196 196
200 200 200 201 201 201 202 202 202 201 201 201 200 200 201 200 201 201 201 200 201 201 201 201 199 199 200 200 197 197 199 200 200 199 197 195 195 192 189 186 187 185 188 186 190 192 193 193 194 195 197 200 202 201 199 197 193 193 193 195 195 194 198 199 202 205 204 202 202 202 203 200 199 198 202 202 202 205 206 208 208 207 205 207 205 202 203 197 195 195 196 198 196 197
201 200 201 201 201 201 201 201 201 201 201 201 201 200 201 200 199 199 200 201 201 201 201 201 198 197 200 200 199 197 200 201 200 200 199 196 194 193 191 191 189 186 189 189 191 194 194 194 195 197 197 200 201 200 198 196 196 195 194 198 197 198 198 199 201 205 206 205 205 204 202 199 197 198 201 206 205 205 208 207 207 208 206 202 204 203 198 198 189 190 193 192 199 202
200 200 201 201 201 201 201 201 199 200 201 201 201 201 200 200 200 200 200 201 200 201 201 200 200 200 200 201 200 199 200 201 199 195 196 196 196 195 194 195 193 191 190 188 189 190 195 196 199 200 201 201 202 202 198 198 198 195 195 199 202 201 202 200 204 205 207 205 202 205 203 202 200 202 202 205 208 209 207 206 204 203 201 201 201 202 197 193 191 188 187 192 198 202
199 200 200 200 200 200 200 200 200 200 201 200 201 201 201 200 200 200 199 200 200 201 200 201 201 200 200 201 200 201 201 201 199 199 199 198 198 196 196 196 193 190 187 188 189 192 195 193 197 197 200 198 199 201 200 200 200 195 196 195 199 202 205 204 205 206 207 206 205 205 204 204 202 204 206 207 208 207 205 204 202 198 201 199 200 200 194 192 196 190 189 194 202 207
200 200 199 197 199 200 199 199 200 200 200 201 201 201 201 201 200 200 200 199 200 201 201 201 200 199 201 201 201 201 199 200 200 200 201 200 200 198 198 198 196 192 191 191 193 192 196 196 198 198 197 199 201 201 202 203 201 198 196 197 198 202 204 204 205 206 207 205 205 206 206 205 204 205 206 208 207 206 205 203 200 198 200 202 203 202 197 200 199 197 198 198 204 205
200 200 199 197 198 199 199 200 200 200 200 201 201 201 201 201 200 200 200 200 201 201 200 200 201 201 201 200 199 198 199 199 200 201 201 201 201 200 199 196 196 194 195 195 193 196 195 197 199 198 201 201 199 197 201 203 200 200 199 200 201 202 204 205 206 206 206 206 206 206 204 205 204 206 208 208 206 207 206 204 198 200 201 203 206 206 206 206 203 205 200 201 208 211
200 200 200 197 198 199 200 200 200 200 200 201 201 200 201 200 200 201 200 200 201 201 201 200 201 201 200 200 199 199 199 197 199 201 201 199 198 197 199 199 199 196 194 193 193 194 195 195 198 200 199 199 195 198 198 200 203 203 199 202 203 205 204 205 206 206 206 206 206 207 206 205 204 206 208 207 208 207 207 206 201 203 200 205 204 207 208 209 209 209 207 208 213 214
200 200 200 200 199 200 200 200 200 200 200 200 199 200 200 201 201 200 199 200 201 200 200 200 200 201 201 201 201 201 200 200 199 201 200 199 198 199 196 199 200 198 197 196 194 195 197 196 196 196 197 198 194 196 198 199 201 204 203 203 205 205 204 205 206 206 206 205 207 206 206 205 205 206 208 208 209 206 206 205 205 205 204 205 206 209 209 211 212 213 214 215 216 217
200 200 200 200 200 200 200 200 200 200 200 200 199 199 199 200 200 200 200 201 201 201 200 200 201 201 201 201 201 201 201 200 201 201 201 200 199 199 199 200 201 201 197 197 195 197 197 197 194 195 195 196 196 198 199 199 201 202 204 205 204 205 204 205 205 206 206 207 207 205 206 205 204 206 207 209 208 207 207 206 208 208 207 207 207 209 211 212 213 214 213 217 218 219
199 199 199 199 200 200 200 200 200 199 199 198 199 199 198 200 200 200 200 201 201 200 200 199 201 201 201 201 201 201 201 201 201 201 201 201 200 200 201 201 201 199 197 197 194 197 195 196 196 198 197 195 195 193 196 198 200 201 203 205 205 205 205 205 204 206 206 207 206 205 206 205 206 206 208 209 209 208 209 208 206 208 209 208 208 210 210 211 215 214 217 218 221 221
199 199 198 199 200 200 200 198 198 199 198 199 199 200 200 200 201 200 201 201 201 200 199 199 200 200 201 201 201 201 200 201 202 202 202 201 202 201 201 199 199 198 198 195 198 195 196 194 197 198 196 194 193 194 198 199 202 203 202 201 204 205 205 205 204 206 206 206 207 206 207 206 205 206 208 209 210 210 210 209 207 208 210 209 210 210 213 214 215 217 218 221 -9999 -9999
198 197 198 199 199 200 200 199 198 199 200 199 199 199 200 200 199 199 201 201 201 200 200 200 199 200 201 201 201 200 201 201 201 201 201 202 202 201 201 199 199 198 199 198 198 197 195 197 195 198 198 195 193 194 194 196 199 200 200 201 203 205 205 204 204 205 206 207 207 207 208 207 207 205 208 210 210 210 210 210 207 207 210 210 212 212 214 216 216 219 221 224 -9999 -9999
197 199 198 199 199 200 200 200 200 200 200 200 198 199 199 199 200 198 200 201 201 200 199 200 200 200 200 201 201 201 201 201 201 201 201 201 201 201 200 198 198 197 197 198 195 196 195 197 197 198 197 195 195 195 195 195 196 198 199 201 203 205 205 204 205 205 205 205 207 207 208 208 208 208 208 210 210 211 211 210 209 207 209 212 213 213 214 216 -9999 -9999 -9999 -9999 -9999 -9999
198 197 198 199 199 200 200 200 200 200 200 199 198 199 198 200 199 200 200 201 200 200 200 199 200 200 201 201 201 201 201 201 201 201 201 201 201 200 200 199 197 195 197 196 193 196 197 196 196 199 196 197 195 197 195 199 198 198 199 202 204 205 205 205 205 205 205 206 205 207 206 206 207 208 209 208 210 211 210 211 208 208 209 214 215 215 216 219 -9999 -9999 -9999 -9999 -9999 -9999
198 197 198 199 199 200 200 200 200 200 200 199 200 200 199 199 199 200 201 201 201 199 200 200 200 200 201 200 201 201 201 200 201 201 201 201 201 200 197 198 199 198 197 196 194 196 196 197 198 198 198 198 197 197 195 198 199 198 197 199 203 204 205 205 206 206 205 204 205 206 204 206 208 206 208 209 210 211 210 210 208 209 210 214 216 217 219 221 -9999 -9999 -9999 -9999 -9999 -9999
198 198 198 199 199 199 199 199 200 200 200 199 200 200 200 200 200 200 200 201 200 200 200 200 200 201 201 201 201 201 201 201 201 201 201 201 201 200 200 198 198 196 199 196 193 195 196 197 196 197 198 200 198 200 197 199 199 200 201 201 202 204 205 205 206 206 205 206 204 205 202 205 206 207 208 209 210 210 211 208 208 208 210 213 215 217 221 224 -9999 -9999 -9999 -9999 -9999 -9999
198 198 198 199 199 199 199 198 199 200 200 200 200 200 200 200 200 200 200 200 200 199 200 201 201 201 201 201 201 201 200 201 200 201 200 201 201 201 200 200 198 200 197 196 196 195 194 195 194 196 198 197 198 199 200 200 200 199 199 199 201 204 204 205 206 205 204 204 204 204 204 206 206 207 208 209 210 211 211 211 208 210 212 214 216 218 -9999 -9999 -9999 -9999 -9999 -9999 -9999 -9999
198 197 198 199 199 198 198 198 199 199 199 199 199 200 200 200 200 199 200 200 200 201 201 201 201 201 201 201 199 197 197 199 201 200 200 199 200 201 201 199 198 196 196 195 194 193 195 196 197 197 195 196 196 199 200 199 200 199 200 200 203 203 205 206 206 205 205 204 205 205 205 207 206 207 209 209 210 211 209 209 210 211 212 216 217 219 -9999 -9999 -9999 -9999 -9999 -9999 -9999 -9999
199 198 199 199 198 196 197 197 197 199 199 198 198 198 198 198 198 198 199 200 200 200 200 200 200 200 200 200 196 195 198 198 200 199 199 200 199 198 201 201 200 198 198 196 194 193 193 194 194 194 195 196 198 200 201 200 200 201 200 200 203 204 204 205 206 206 204 205 206 205 206 208 207 206 209 210 210 210 210 209 210 212 213 216 218 221 -9999 -9999 -9999 -9999 -9999 -9999 -9999 -9999
198 199 198 199 199 198 197 198 198 199 199 199 198 198 198 198 198 198 200 200 200 200 200 200 199 198 199 198 195 195 197 195 199 197 198 198 199 198 198 200 201 200 197 196 194 194 193 193 194 196 196 198 200 198 201 201 202 202 202 200 202 204 204 205 206 206 206 206 206 207 206 208 207 208 208 210 211 211 210 211 210 211 214 215 218 222 -9999 -9999 -9999 -9999 -9999 -9999 -9999 -9999
