sesion_6_simulaciones/modelos_distribucion_especies/ejemplo/variables/futuro_B2/2090/TMNV.asc
ncols 708
nrows 329
xllcorner -7.525000
yllcorner 35.991667
cellsize 0.008333
NODATA_value -9999
[rows 287 to 327 of 329, columns 188 to 281 of 708]
198 199 199 199 198 199 199 198 199 199 199 199 199 198 198 198 198 199 200 200 200 200 200 200 199 197 199 199 194 197 197 195 196 197 196 198 196 197 200 201 200 199 198 196 195 196 196 193 192 193 195 197 198 198 200 200 199 200 202 203 201 204 205 205 206 206 206 206 205 206 208 208 208 208 210 210 211 212 212 211 211 212 214 216 220 224 -9999 -9999 -9999 -9999 -9999 -9999 -9999 -9999
199 199 199 199 199 199 199 199 199 199 199 199 199 199 199 199 200 200 200 200 200 200 200 200 200 198 197 197 194 198 197 195 197 197 197 197 198 196 197 199 200 199 199 198 196 196 196 197 195 193 197 198 200 200 200 199 198 202 203 202 201 203 203 205 205 206 206 207 207 208 208 209 208 210 210 211 211 212 211 213 214 214 214 216 219 225 -9999 -9999 -9999 -9999 -9999 -9999 -9999 -9999
199 199 199 199 199 199 199 199 199 199 199 200 200 200 200 200 200 200 200 200 200 200 200 200 199 200 198 198 196 198 198 198 198 198 199 199 199 198 197 196 196 197 197 199 199 200 199 198 197 194 195 196 197 199 201 199 199 201 203 203 201 204 203 203 203 205 206 206 207 206 207 208 209 209 209 211 212 213 213 214 215 216 -9999 -9999 -9999 -9999 -9999 -9999 -9999 -9999 -9999 -9999 -9999 -9999
199 199 198 198 198 198 199 199 199 199 199 200 200 200 200 200 200 200 200 200 199 198 200 200 200 200 200 200 199 197 199 198 198 198 199 199 199 199 199 199 198 198 199 198 200 198 199 199 199 199 198 195 197 201 201 201 201 201 203 203 203 204 203 204 203 204 205 206 206 206 207 207 208 209 210 209 210 212 214 215 215 218 -9999 -9999 -9999 -9999 -9999 -9999 -9999 -9999 -9999 -9999 -9999 -9999
198 197 198 198 198 199 199 199 199 199 199 200 200 200 200 200 200 200 200 200 200 199 200 200 200 200 199 199 200 200 200 199 198 198 199 199 197 197 197 198 199 199 200 199 199 198 197 197 198 197 197 198 198 200 202 201 203 202 203 203 203 204 204 205 205 205 205 205 205 205 206 207 207 206 206 210 211 212 215 216 -9999 -9999 -9999 -9999 -9999 -9999 -9999 -9999 -9999 -9999 -9999 -9999 -9999 -9999
198 199 199 199 199 199 199 198 199 199 199 200 200 200 200 200 200 199 200 200 200 200 198 198 199 199 197 197 198 200 199 197 198 198 197 198 197 196 194 195 197 199 200 200 199 198 198 197 197 199 200 200 199 201 202 203 202 203 201 202 205 203 204 205 205 205 206 205 205 206 206 205 207 207 209 210 212 213 214 217 -9999 -9999 -9999 -9999 -9999 -9999 -9999 -9999 -9999 -9999 -9999 -9999 -9999 -9999
198 198 199 199 199 199 199 199 199 199 199 199 199 199 200 200 199 199 199 200 199 199 199 196 196 199 198 196 197 199 198 197 194 196 195 196 197 196 195 197 199 200 200 201 200 198 196 197 198 199 200 200 201 201 202 200 202 200 199 199 202 205 205 205 206 206 205 205 205 206 206 206 208 209 210 210 212 214 216 218 -9999 -9999 -9999 -9999 -9999 -9999 -9999 -9999 -9999 -9999 -9999 -9999 -9999 -9999
197 199 199 199 199 199 199 199 199 199 199 199 199 199 199 199 199 199 199 199 199 199 199 199 198 196 197 197 195 197 199 198 195 193 196 194 194 194 197 198 199 199 199 198 201 199 196 194 194 195 197 199 199 198 200 200 200 200 198 201 203 205 206 206 205 205 206 205 206 206 206 207 208 209 210 212 213 214 216 219 -9999 -9999 -9999 -9999 -9999 -9999 -9999 -9999 -9999 -9999 -9999 -9999 -9999 -9999
197 199 199 199 199 199 199 199 199 199 199 199 199 199 199 199 199 199 199 199 199 199 199 199 199 198 195 195 196 198 197 198 197 194 191 194 193 192 193 194 196 196 197 199 201 200 199 197 197 196 196 195 195 198 201 201 200 199 200 201 203 204 206 206 206 206 205 205 206 206 207 207 208 209 210 212 214 215 217 221 -9999 -9999 -9999 -9999 -9999 -9999 -9999 -9999 -9999 -9999 -9999 -9999 -9999 -9999
199 199 199 199 199 199 199 199 199 199 199 199 199 199 199 199 199 199 199 199 199 199 199 199 198 198 197 195 195 197 195 197 197 197 194 190 191 192 196 197 198 199 201 201 201 202 201 201 200 199 200 200 196 197 198 199 198 199 202 203 202 204 206 206 206 206 205 205 205 206 207 206 209 210 211 213 215 217 220 227 -9999 -9999 -9999 -9999 -9999 -9999 -9999 -9999 -9999 -9999 -9999 -9999 -9999 -9999
198 198 199 199 199 198 198 199 199 199 199 199 199 199 199 199 199 199 199 199 199 199 199 199 199 198 198 199 198 194 194 195 197 196 195 193 190 190 193 195 197 199 200 201 201 202 202 202 202 201 202 200 198 199 200 199 200 200 202 204 205 206 207 207 206 206 206 207 207 208 208 207 207 209 211 214 -9999 -9999 -9999 -9999 -9999 -9999 -9999 -9999 -9999 -9999 -9999 -9999 -9999 -9999 -9999 -9999 -9999 -9999
199 199 198 198 199 198 198 198 198 199 199 199 199 199 199 199 199 199 199 199 199 199 199 199 200 199 199 197 197 194 194 195 195 195 194 192 193 195 194 196 198 199 199 200 200 199 199 199 200 203 203 202 202 202 202 200 202 204 205 204 206 207 207 207 206 206 207 207 207 208 208 209 209 210 213 215 -9999 -9999 -9999 -9999 -9999 -9999 -9999 -9999 -9999 -9999 -9999 -9999 -9999 -9999 -9999 -9999 -9999 -9999
199 199 199 199 199 198 198 198 199 199 199 199 199 199 199 199 199 199 199 199 199 199 199 199 199 200 199 198 196 197 196 195 197 197 197 196 197 197 195 196 198 196 197 199 200 200 200 200 199 202 201 202 203 201 202 202 204 204 204 205 206 207 208 208 207 207 208 208 208 208 208 209 210 211 213 217 -9999 -9999 -9999 -9999 -9999 -9999 -9999 -9999 -9999 -9999 -9999 -9999 -9999 -9999 -9999 -9999 -9999 -9999
198 199 199 199 199 199 199 198 199 199 199 199 199 199 199 199 199 199 199 199 199 199 199 199 200 199 199 199 199 198 195 193 196 198 197 198 196 194 196 198 199 199 200 199 200 200 201 201 200 203 201 203 202 204 204 204 202 204 205 206 207 208 209 209 208 208 208 209 208 208 208 209 210 211 214 218 -9999 -9999 -9999 -9999 -9999 -9999 -9999 -9999 -9999 -9999 -9999 -9999 -9999 -9999 -9999 -9999 -9999 -9999
198 199 199 199 199 199 199 199 199 199 199 199 199 198 199 199 199 199 199 199 199 199 199 199 199 199 198 198 199 199 197 195 196 199 198 195 195 195 193 196 196 197 195 197 199 200 202 203 202 203 204 203 204 205 205 205 205 205 207 207 208 209 209 210 209 209 210 210 210 209 209 208 -9999 -9999 -9999 -9999 -9999 -9999 -9999 -9999 -9999 -9999 -9999 -9999 -9999 -9999 -9999 -9999 -9999 -9999 -9999 -9999 -9999 -9999
198 199 199 199 199 199 199 199 199 199 199 199 198 198 198 197 197 197 197 198 199 199 199 199 200 200 199 199 199 199 199 199 199 198 197 193 194 195 194 194 193 194 197 200 201 202 203 203 203 203 204 204 205 205 205 205 205 206 208 207 209 210 210 211 211 211 211 211 211 210 209 208 -9999 -9999 -9999 -9999 -9999 -9999 -9999 -9999 -9999 -9999 -9999 -9999 -9999 -9999 -9999 -9999 -9999 -9999 -9999 -9999 -9999 -9999
-9999 -9999 -9999 -9999 199 199 199 199 199 199 199 198 199 198 198 196 196 197 198 199 199 199 199 199 199 200 200 200 199 199 199 199 195 197 197 192 193 196 195 196 197 197 197 198 199 201 201 202 201 203 205 205 205 206 206 205 205 206 209 210 209 210 211 212 213 213 213 212 212 213 211 208 212 216 -9999 -9999 -9999 -9999 -9999 -9999 -9999 -9999 -9999 -9999 -9999 -9999 -9999 -9999 -9999 -9999 -9999 -9999 -9999 -9999
-9999 -9999 -9999 -9999 199 199 199 199 199 199 199 198 197 197 195 194 195 196 198 199 199 199 199 200 200 200 200 200 200 200 199 199 197 196 198 198 196 194 192 191 194 195 197 194 194 195 196 201 202 204 205 205 206 206 207 206 207 207 208 209 211 212 213 214 215 215 215 215 215 214 213 210 213 218 -9999 -9999 -9999 -9999 -9999 -9999 -9999 -9999 -9999 -9999 -9999 -9999 -9999 -9999 -9999 -9999 -9999 -9999 -9999 -9999
-9999 -9999 -9999 -9999 -9999 -9999 199 199 199 199 198 198 197 194 194 194 196 198 198 199 199 199 199 200 200 200 200 200 200 200 200 200 199 198 198 199 198 197 194 191 189 191 195 194 193 195 200 203 203 202 204 205 206 206 207 207 208 208 209 210 213 214 -9999 -9999 -9999 -9999 -9999 -9999 -9999 -9999 215 213 -9999 -9999 -9999 -9999 -9999 -9999 -9999 -9999 -9999 -9999 -9999 -9999 -9999 -9999 -9999 -9999 -9999 -9999 -9999 -9999 -9999 -9999
-9999 -9999 -9999 -9999 -9999 -9999 -9999 199 199 198 198 198 195 193 193 196 197 198 199 199 199 199 199 199 199 200 200 200 200 200 200 200 200 200 200 199 197 195 193 191 191 188 188 190 196 199 201 202 202 199 202 203 205 206 207 208 209 209 211 212 214 217 -9999 -9999 -9999 -9999 -9999 -9999 -9999 -9999 217 216 -9999 -9999 -9999 -9999 -9999 -9999 -9999 -9999 -9999 -9999 -9999 -9999 -9999 -9999 -9999 -9999 -9999 -9999 -9999 -9999 -9999 -9999
-9999 -9999 -9999 -9999 -9999 -9999 -9999 -9999 -9999 -9999 -9999 -9999 195 194 194 197 198 198 198 199 199 199 199 199 199 200 199 200 200 200 200 200 200 200 200 200 199 197 198 195 193 191 191 194 197 200 201 198 201 199 200 202 205 206 207 208 209 210 212 213 -9999 -9999 -9999 -9999 -9999 -9999 -9999 -9999 -9999 -9999 -9999 -9999 -9999 -9999 -9999 -9999 -9999 -9999 -9999 -9999 -9999 -9999 -9999 -9999 -9999 -9999 -9999 -9999 -9999 -9999 -9999 -9999 -9999 -9999
-9999 -9999 -9999 -9999 -9999 -9999 -9999 -9999 -9999 -9999 -9999 -9999 194 194 196 198 198 198 199 198 199 199 199 199 199 199 199 200 200 200 200 200 200 200 200 200 199 200 199 198 196 194 192 196 199 199 196 196 196 198 200 202 204 206 206 208 209 211 212 214 -9999 -9999 -9999 -9999 -9999 -9999 -9999 -9999 -9999 -9999 -9999 -9999 -9999 -9999 -9999 -9999 -9999 -9999 -9999 -9999 -9999 -9999 -9999 -9999 -9999 -9999 -9999 -9999 -9999 -9999 -9999 -9999 -9999 -9999
-9999 -9999 -9999 -9999 -9999 -9999 -9999 -9999 -9999 -9999 -9999 -9999 -9999 -9999 198 199 199 199 198 198 197 198 198 198 198 199 199 199 200 200 200 200 200 200 200 200 200 199 199 198 197 196 195 195 197 200 198 197 195 195 196 199 203 204 206 208 209 211 212 215 -9999 -9999 -9999 -9999 -9999 -9999 -9999 -9999 -9999 -9999 -9999 -9999 -9999 -9999 -9999 -9999 -9999 -9999 -9999 -9999 -9999 -9999 -9999 -9999 -9999 -9999 -9999 -9999 -9999 -9999 -9999 -9999 -9999 -9999
-9999 -9999 -9999 -9999 -9999 -9999 -9999 -9999 -9999 -9999 -9999 -9999 -9999 -9999 199 199 198 199 199 199 197 198 198 198 199 198 199 199 199 200 200 199 199 199 200 200 199 197 198 199 199 198 197 197 198 199 199 197 194 193 195 200 203 205 206 208 209 211 211 213 -9999 -9999 -9999 -9999 -9999 -9999 -9999 -9999 -9999 -9999 -9999 -9999 -9999 -9999 -9999 -9999 -9999 -9999 -9999 -9999 -9999 -9999 -9999 -9999 -9999 -9999 -9999 -9999 -9999 -9999 -9999 -9999 -9999 -9999
-9999 -9999 -9999 -9999 -9999 -9999 -9999 -9999 -9999 -9999 -9999 -9999 -9999 -9999 199 199 199 198 198 198 199 199 198 197 198 198 198 198 198 200 198 196 196 197 198 198 200 198 195 196 197 197 196 197 199 199 199 199 198 197 195 197 199 204 206 208 208 210 212 214 -9999 -9999 -9999 -9999 -9999 -9999 -9999 -9999 -9999 -9999 -9999 -9999 -9999 -9999 -9999 -9999 -9999 -9999 -9999 -9999 -9999 -9999 -9999 -9999 -9999 -9999 -9999 -9999 -9999 -9999 -9999 -9999 -9999 -9999
-9999 -9999 -9999 -9999 -9999 -9999 -9999 -9999 -9999 -9999 -9999 -9999 -9999 -9999 199 199 199 199 199 199 199 198 196 195 195 196 196 198 198 199 199 198 195 192 194 197 198 199 197 196 193 191 194 196 197 198 199 196 197 197 195 198 201 200 204 205 209 209 212 214 -9999 -9999 -9999 -9999 -9999 -9999 -9999 -9999 -9999 -9999 -9999 -9999 -9999 -9999 -9999 -9999 -9999 -9999 -9999 -9999 -9999 -9999 -9999 -9999 -9999 -9999 -9999 -9999 -9999 -9999 -9999 -9999 -9999 -9999
-9999 -9999 -9999 -9999 -9999 -9999 -9999 -9999 -9999 -9999 -9999 -9999 -9999 -9999 -9999 -9999 198 198 199 199 197 196 194 194 197 196 196 198 199 199 200 199 198 195 190 192 196 199 200 198 196 193 191 190 193 194 196 196 192 193 195 197 195 199 200 201 206 209 210 213 -9999 -9999 -9999 -9999 -9999 -9999 -9999 -9999 -9999 -9999 -9999 -9999 -9999 -9999 -9999 -9999 -9999 -9999 -9999 -9999 -9999 -9999 -9999 -9999 -9999 -9999 -9999 -9999 -9999 -9999 -9999 -9999 -9999 -9999
-9999 -9999 -9999 -9999 -9999 -9999 -9999 -9999 -9999 -9999 -9999 -9999 -9999 -9999 -9999 -9999 199 198 196 195 193 191 194 196 197 196 196 198 200 200 200 199 198 195 190 191 196 199 201 200 199 197 195 192 193 191 192 191 191 191 193 196 196 200 202 205 207 208 210 212 -9999 -9999 -9999 -9999 -9999 -9999 -9999 -9999 -9999 -9999 -9999 -9999 -9999 -9999 -9999 -9999 -9999 -9999 -9999 -9999 -9999 -9999 -9999 -9999 -9999 -9999 -9999 -9999 -9999 -9999 -9999 -9999 -9999 -9999
-9999 -9999 -9999 -9999 -9999 -9999 -9999 -9999 -9999 -9999 -9999 -9999 -9999 -9999 -9999 -9999 -9999 -9999 -9999 -9999 -9999 -9999 -9999 -9999 198 198 197 198 200 200 201 200 198 196 194 190 196 197 200 201 201 200 199 198 195 197 196 194 192 191 192 194 198 200 198 201 205 206 210 212 -9999 -9999 -9999 -9999 -9999 -9999 -9999 -9999 -9999 -9999 -9999 -9999 -9999 -9999 -9999 -9999 -9999 -9999 -9999 -9999 -9999 -9999 -9999 -9999 -9999 -9999 -9999 -9999 -9999 -9999 -9999 -9999 -9999 -9999
-9999 -9999 -9999 -9999 -9999 -9999 -9999 -9999 -9999 -9999 -9999 -9999 -9999 -9999 -9999 -9999 -9999 -9999 -9999 -9999 -9999 -9999 -9999 -9999 199 199 197 196 197 199 200 200 199 198 195 194 193 197 201 202 202 202 202 202 201 200 198 197 194 192 192 194 193 196 196 200 205 209 210 214 -9999 -9999 -9999 -9999 -9999 -9999 -9999 -9999 -9999 -9999 -9999 -9999 -9999 -9999 -9999 -9999 -9999 -9999 -9999 -9999 -9999 -9999 -9999 -9999 -9999 -9999 -9999 -9999 -9999 -9999 -9999 -9999 -9999 -9999
-9999 -9999 -9999 -9999 -9999 -9999 -9999 -9999 -9999 -9999 -9999 -9999 -9999 -9999 -9999 -9999 -9999 -9999 -9999 -9999 -9999 -9999 -9999 -9999 199 198 197 194 195 198 199 201 201 200 199 194 193 198 201 203 202 203 202 201 201 201 200 198 197 195 197 198 195 198 202 204 206 209 211 211 -9999 -9999 -9999 -9999 -9999 -9999 -9999 -9999 -9999 -9999 -9999 -9999 -9999 -9999 -9999 -9999 -9999 -9999 -9999 -9999 -9999 -9999 -9999 -9999 -9999 -9999 -9999 -9999 -9999 -9999 -9999 -9999 -9999 -9999
-9999 -9999 -9999 -9999 -9999 -9999 -9999 -9999 -9999 -9999 -9999 -9999 -9999 -9999 -9999 -9999 -9999 -9999 -9999 -9999 -9999 -9999 -9999 -9999 200 199 198 196 196 198 200 201 201 200 199 195 195 200 203 203 204 203 202 198 197 198 201 202 201 199 200 199 198 202 205 207 209 208 208 210 -9999 -9999 -9999 -9999 -9999 -9999 -9999 -9999 -9999 -9999 -9999 -9999 -9999 -9999 -9999 -9999 -9999 -9999 -9999 -9999 -9999 -9999 -9999 -9999 -9999 -9999 -9999 -9999 -9999 -9999 -9999 -9999 -9999 -9999
-9999 -9999 -9999 -9999 -9999 -9999 -9999 -9999 -9999 -9999 -9999 -9999 -9999 -9999 -9999 -9999 -9999 -9999 -9999 -9999 -9999 -9999 -9999 -9999 -9999 -9999 -9999 -9999 -9999 -9999 -9999 -9999 -9999 -9999 -9999 -9999 198 202 203 203 204 204 204 203 202 201 202 204 202 199 201 203 205 204 -9999 -9999 -9999 -9999 -9999 -9999 -9999 -9999 -9999 -9999 -9999 -9999 -9999 -9999 -9999 -9999 -9999 -9999 -9999 -9999 -9999 -9999 -9999 -9999 -9999 -9999 -9999 -9999 -9999 -9999 -9999 -9999 -9999 -9999 -9999 -9999 -9999 -9999 -9999 -9999
-9999 -9999 -9999 -9999 -9999 -9999 -9999 -9999 -9999 -9999 -9999 -9999 -9999 -9999 -9999 -9999 -9999 -9999 -9999 -9999 -9999 -9999 -9999 -9999 -9999 -9999 -9999 -9999 -9999 -9999 -9999 -9999 -9999 -9999 -9999 -9999 202 203 204 204 204 204 204 204 204 204 206 203 202 200 204 206 206 206 -9999 -9999 -9999 -9999 -9999 -9999 -9999 -9999 -9999 -9999 -9999 -9999 -9999 -9999 -9999 -9999 -9999 -9999 -9999 -9999 -9999 -9999 -9999 -9999 -9999 -9999 -9999 -9999 -9999 -9999 -9999 -9999 -9999 -9999 -9999 -9999 -9999 -9999 -9999 -9999
-9999 -9999 -9999 -9999 -9999 -9999 -9999 -9999 -9999 -9999 -9999 -9999 -9999 -9999 -9999 -9999 -9999 -9999 -9999 -9999 -9999 -9999 -9999 -9999 -9999 -9999 -9999 -9999 -9999 -9999 -9999 -9999 -9999 -9999 -9999 -9999 -9999 -9999 204 204 204 205 204 204 203 206 206 206 204 206 208 209 -9999 -9999 -9999 -9999 -9999 -9999 -9999 -9999 -9999 -9999 -9999 -9999 -9999 -9999 -9999 -9999 -9999 -9999 -9999 -9999 -9999 -9999 -9999 -9999 -9999 -9999 -9999 -9999 -9999 -9999 -9999 -9999 -9999 -9999 -9999 -9999 -9999 -9999 -9999 -9999 -9999 -9999
-9999 -9999 -9999 -9999 -9999 -9999 -9999 -9999 -9999 -9999 -9999 -9999 -9999 -9999 -9999 -9999 -9999 -9999 -9999 -9999 -9999 -9999 -9999 -9999 -9999 -9999 -9999 -9999 -9999 -9999 -9999 -9999 -9999 -9999 -9999 -9999 -9999 -9999 204 205 205 205 206 206 205 206 207 206 209 211 212 213 -9999 -9999 -9999 -9999 -9999 -9999 -9999 -9999 -9999 -9999 -9999 -9999 -9999 -9999 -9999 -9999 -9999 -9999 -9999 -9999 -9999 -9999 -9999 -9999 -9999 -9999 -9999 -9999 -9999 -9999 -9999 -9999 -9999 -9999 -9999 -9999 -9999 -9999 -9999 -9999 -9999 -9999
-9999 -9999 -9999 -9999 -9999 -9999 -9999 -9999 -9999 -9999 -9999 -9999 -9999 -9999 -9999 -9999 -9999 -9999 -9999 -9999 -9999 -9999 -9999 -9999 -9999 -9999 -9999 -9999 -9999 -9999 -9999 -9999 -9999 -9999 -9999 -9999 -9999 -9999 -9999 -9999 -9999 -9999 206 206 207 207 -9999 -9999 -9999 -9999 -9999 -9999 -9999 -9999 -9999 -9999 -9999 -9999 -9999 -9999 -9999 -9999 -9999 -9999 -9999 -9999 -9999 -9999 -9999 -9999 -9999 -9999 -9999 -9999 -9999 -9999 -9999 -9999 -9999 -9999 -9999 -9999 -9999 -9999 -9999 -9999 -9999 -9999 -9999 -9999 -9999 -9999 -9999 -9999
-9999 -9999 -9999 -9999 -9999 -9999 -9999 -9999 -9999 -9999 -9999 -9999 -9999 -9999 -9999 -9999 -9999 -9999 -9999 -9999 -9999 -9999 -9999 -9999 -9999 -9999 -9999 -9999 -9999 -9999 -9999 -9999 -9999 -9999 -9999 -9999 -9999 -9999 -9999 -9999 -9999 -9999 207 207 207 207 -9999 -9999 -9999 -9999 -9999 -9999 -9999 -9999 -9999 -9999 -9999 -9999 -9999 -9999 -9999 -9999 -9999 -9999 -9999 -9999 -9999 -9999 -9999 -9999 -9999 -9999 -9999 -9999 -9999 -9999 -9999 -9999 -9999 -9999 -9999 -9999 -9999 -9999 -9999 -9999 -9999 -9999 -9999 -9999 -9999 -9999 -9999 -9999
-9999 -9999 -9999 -9999 -9999 -9999 -9999 -9999 -9999 -9999 -9999 -9999 -9999 -9999 -9999 -9999 -9999 -9999 -9999 -9999 -9999 -9999 -9999 -9999 -9999 -9999 -9999 -9999 -9999 -9999 -9999 -9999 -9999 -9999 -9999 -9999 -9999 -9999 -9999 -9999 -9999 -9999 -9999 -9999 -9999 -9999 -9999 -9999 -9999 -9999 -9999 -9999 -9999 -9999 -9999 -9999 -9999 -9999 -9999 -9999 -9999 -9999 -9999 -9999 -9999 -9999 -9999 -9999 -9999 -9999 -9999 -9999 -9999 -9999 -9999 -9999 -9999 -9999 -9999 -9999 -9999 -9999 -9999 -9999 -9999 -9999 -9999 -9999 -9999 -9999 -9999 -9999 -9999 -9999
-9999 -9999 -9999 -9999 -9999 -9999 -9999 -9999 -9999 -9999 -9999 -9999 -9999 -9999 -9999 -9999 -9999 -9999 -9999 -9999 -9999 -9999 -9999 -9999 -9999 -9999 -9999 -9999 -9999 -9999 -9999 -9999 -9999 -9999 -9999 -9999 -9999 -9999 -9999 -9999 -9999 -9999 -9999 -9999 -9999 -9999 -9999 -9999 -9999 -9999 -9999 -9999 -9999 -9999 -9999 -9999 -9999 -9999 -9999 -9999 -9999 -9999 -9999 -9999 -9999 -9999 -9999 -9999 -9999 -9999 -9999 -9999 -9999 -9999 -9999 -9999 -9999 -9999 -9999 -9999 -9999 -9999 -9999 -9999 -9999 -9999 -9999 -9999 -9999 -9999 -9999 -9999 -9999 -9999
-9999 -9999 -9999 -9999 -9999 -9999 -9999 -9999 -9999 -9999 -9999 -9999 -9999 -9999 -9999 -9999 -9999 -9999 -9999 -9999 -9999 -9999 -9999 -9999 -9999 -9999 -9999 -9999 -9999 -9999 -9999 -9999 -9999 -9999 -9999 -9999 -9999 -9999 -9999 -9999 -9999 -9999 -9999 -9999 -9999 -9999 -9999 -9999 -9999 -9999 -9999 -9999 -9999 -9999 -9999 -9999 -9999 -9999 -9999 -9999 -9999 -9999 -9999 -9999 -9999 -9999 -9999 -9999 -9999 -9999 -9999 -9999 -9999 -9999 -9999 -9999 -9999 -9999 -9999 -9999 -9999 -9999 -9999 -9999 -9999 -9999 -9999 -9999 -9999 -9999 -9999 -9999 -9999 -9999
