sesion_6_simulaciones/modelos_distribucion_especies/ejemplo/variables/futuro_B2/2090/TMXI.asc
ncols 708
nrows 329
xllcorner -7.525000
yllcorner 35.991667
cellsize 0.008333
NODATA_value -9999
[rows 84 to 125 of 329, columns 188 to 281 of 708]
-9999 -9999 -9999 -9999 149 151 148 143 128 141 131 133 144 145 145 147 145 144 144 144 141 129 138 140 137 141 131 132 134 133 132 135 126 135 133 133 137 133 135 136 137 131 134 134 124 132 144 140 140 138 135 138 131 139 152 134 143 145 146 142 147 145 140 144 151 140 146 149 143 153 160 150 156 160 152 140 147 149 145 142 147 131 142 154 141 151 151 135 140 148 153 152 159 146
-9999 -9999 -9999 -9999 146 147 147 136 141 140 134 135 138 143 142 144 140 143 145 147 142 140 137 136 140 137 136 136 131 133 135 126 130 134 132 136 133 136 135 135 135 135 136 135 133 131 128 133 128 134 126 142 148 136 141 144 141 136 147 149 149 150 150 151 144 153 154 148 148 146 146 150 161 155 161 146 151 148 144 149 141 148 162 158 148 154 144 139 151 140 140 138 129 136
-9999 -9999 145 144 137 143 146 142 131 142 129 130 135 136 136 140 141 141 144 145 141 141 140 138 137 133 139 140 135 134 134 130 131 129 135 132 136 136 136 135 135 135 135 134 139 134 133 136 138 138 129 125 127 142 132 134 140 142 147 148 144 139 148 149 153 152 153 150 144 154 156 148 158 140 156 150 143 150 145 157 153 147 152 149 145 149 149 147 136 139 141 138 137 136
-9999 -9999 150 147 142 141 131 140 135 140 144 136 133 134 134 135 137 143 138 141 143 142 142 141 133 136 136 138 145 134 130 132 129 136 135 132 134 136 135 136 138 135 134 133 132 131 134 129 140 139 136 133 123 137 131 132 133 133 138 136 137 138 142 143 150 148 141 140 156 153 156 147 153 149 150 152 146 157 153 142 161 157 149 153 156 142 158 153 154 152 143 141 142 144
149 149 150 144 153 145 129 138 125 130 134 135 138 134 128 133 138 135 132 138 140 141 142 130 141 135 135 140 137 140 132 132 133 133 142 141 136 132 131 135 138 134 134 133 135 135 136 132 132 127 133 141 128 139 142 138 143 126 129 128 132 136 130 128 131 143 143 143 141 154 155 145 144 143 164 154 153 141 154 155 160 163 162 157 146 151 149 156 140 150 152 146 142 146
149 141 149 150 150 154 131 146 138 130 127 135 135 134 129 132 132 133 131 138 136 130 145 136 139 140 139 139 141 137 141 137 137 138 142 136 131 136 137 136 136 134 134 135 133 133 133 132 133 131 134 141 140 139 126 137 130 142 138 141 126 131 142 134 139 146 137 138 138 145 139 155 146 153 153 151 157 155 157 161 154 143 153 147 144 139 161 155 155 151 152 149 151 143
152 148 140 149 149 151 148 149 151 147 143 137 139 141 140 135 132 132 129 130 132 135 132 130 138 142 142 145 139 138 139 140 134 140 145 129 134 127 135 135 134 133 133 133 133 134 134 131 136 134 138 136 129 132 139 137 133 136 144 132 145 145 141 133 131 143 138 140 142 140 133 140 140 140 136 137 139 147 157 157 158 154 156 153 152 153 147 158 143 159 158 148 152 141
149 151 147 142 149 147 145 140 146 149 143 142 140 138 136 135 135 137 135 136 130 134 133 133 135 135 137 136 144 146 143 129 135 137 129 142 134 135 135 134 134 134 136 133 130 132 135 129 132 126 134 135 145 132 136 140 130 142 140 147 145 145 147 146 138 139 140 132 130 142 143 137 140 145 157 158 157 143 146 144 141 144 151 157 156 158 165 160 143 165 153 163 146 145
141 143 153 151 149 133 138 144 139 133 135 147 153 150 141 134 145 136 139 137 136 137 134 133 135 136 137 141 145 144 144 143 141 137 142 138 141 131 132 134 133 131 133 133 134 132 132 135 136 139 134 130 133 136 137 134 150 144 132 146 135 150 146 148 139 141 148 135 138 140 134 142 143 136 151 146 153 142 155 154 156 163 139 151 154 158 161 154 159 161 138 140 146 145
135 148 144 146 144 139 145 137 142 136 124 133 136 142 144 143 137 138 142 139 136 137 137 134 135 138 136 132 140 143 138 141 145 129 138 136 134 132 131 133 132 130 130 130 134 134 135 133 132 137 128 145 135 142 130 138 141 140 145 148 145 145 138 148 139 147 137 139 141 142 143 142 143 144 141 147 142 135 142 146 148 149 146 147 141 139 154 158 156 137 145 143 149 146
142 152 143 147 146 139 147 142 137 145 138 136 134 125 139 141 143 138 142 135 129 139 136 136 136 142 142 141 144 146 137 148 142 145 144 135 135 133 128 134 138 136 129 132 131 131 131 135 130 137 138 144 142 134 143 128 143 143 145 143 147 145 141 147 143 149 146 143 145 141 144 134 133 150 140 143 145 137 146 144 135 142 156 161 150 150 157 152 152 146 148 150 148 143
149 144 149 155 148 145 147 147 148 139 142 135 138 137 136 139 128 141 141 139 137 142 138 134 136 134 132 132 146 145 148 148 144 145 144 141 141 130 137 132 120 125 128 127 127 130 131 127 128 131 143 143 140 147 145 138 145 147 144 146 146 147 146 148 149 148 139 136 148 143 146 146 150 140 139 144 150 143 141 142 138 142 144 143 140 162 155 148 149 152 152 153 151 149
152 155 145 152 151 144 150 135 149 146 149 141 138 139 136 137 137 141 138 137 136 141 145 140 139 139 141 144 146 148 140 149 142 137 137 146 146 128 134 139 137 131 124 124 125 125 132 133 130 139 136 141 135 133 140 136 142 145 146 144 147 146 146 149 149 149 145 141 144 139 142 145 151 150 148 148 150 139 143 143 143 140 142 141 152 157 156 154 153 154 156 155 149 154
142 156 142 154 150 154 154 152 143 140 135 141 140 137 137 139 137 141 140 138 144 141 130 136 136 130 138 136 135 146 145 139 143 140 134 136 134 139 133 130 136 138 135 127 120 133 127 137 134 139 132 137 135 134 136 137 147 149 145 142 146 143 147 141 146 152 148 147 146 146 139 141 148 145 150 154 150 152 145 145 147 140 146 146 134 153 157 158 149 156 150 156 153 156
154 165 146 137 145 137 149 150 150 153 135 141 139 140 143 143 138 138 141 143 142 139 137 124 144 126 135 144 151 133 128 137 137 139 141 139 136 136 137 136 131 134 133 131 134 134 130 134 132 143 139 139 140 136 137 143 145 145 150 140 145 147 148 146 143 147 150 151 153 148 147 149 142 146 137 146 149 150 144 150 148 150 143 146 150 145 139 156 157 157 158 150 158 151
157 148 157 140 146 143 145 146 140 145 142 144 142 142 142 142 136 141 127 134 146 141 138 140 145 143 147 142 150 146 141 137 134 131 137 138 139 141 138 137 137 132 135 134 132 134 133 135 136 136 139 141 137 142 137 142 141 142 146 150 145 147 138 144 153 154 150 148 147 153 152 153 151 146 146 147 149 149 144 146 149 150 139 148 152 156 146 154 155 161 147 160 152 157
156 155 144 142 141 144 146 148 146 144 140 147 145 144 145 145 138 139 148 147 138 141 141 150 137 140 149 147 142 131 129 129 136 136 136 134 134 128 136 137 135 139 132 136 134 133 133 136 139 134 141 144 134 142 137 138 140 143 142 139 141 152 149 145 155 147 149 151 157 150 154 151 158 150 152 144 152 150 144 146 146 154 151 154 150 148 160 154 157 163 141 138 148 158
151 148 143 140 148 147 144 145 145 145 144 144 146 144 143 142 142 142 139 148 148 149 143 144 147 139 148 149 148 147 141 139 137 136 139 130 134 137 135 131 130 133 136 139 136 141 139 140 140 131 143 137 142 145 148 142 136 144 140 152 144 144 144 141 145 151 150 155 152 154 155 150 155 146 150 152 153 149 156 145 145 151 148 154 152 155 150 158 146 159 145 157 162 156
159 158 156 147 156 151 144 148 140 146 144 146 146 145 145 144 143 145 142 147 150 151 148 148 151 153 152 149 132 145 142 141 141 135 135 139 139 135 126 135 140 135 131 129 132 130 135 143 140 142 145 135 142 143 143 150 150 143 147 144 148 137 143 145 153 149 156 156 151 158 158 161 156 155 156 152 150 155 147 150 149 147 153 158 149 154 156 154 162 159 155 156 160 155
137 144 163 147 150 145 142 147 149 144 148 142 145 144 145 141 146 141 145 140 138 142 147 152 151 151 144 149 136 143 137 144 143 140 139 140 137 142 142 139 141 131 141 141 132 132 132 135 139 143 145 144 144 142 150 144 142 135 136 145 136 155 144 155 156 151 157 157 158 158 157 155 159 156 156 151 145 156 155 153 154 153 151 152 151 145 146 148 165 165 154 155 155 152
157 150 140 153 154 145 140 138 144 146 152 149 142 141 146 145 148 144 147 147 143 140 135 140 146 152 152 146 141 144 144 146 145 137 143 143 136 137 143 144 144 146 143 142 138 143 142 145 139 140 142 145 144 143 137 139 142 141 139 133 143 154 151 151 155 154 152 157 156 159 157 155 156 159 154 156 150 145 142 154 154 153 151 153 152 156 151 154 153 158 156 162 151 151
147 166 164 155 146 141 144 143 150 149 148 142 141 143 142 148 149 147 148 150 146 143 147 143 130 142 147 151 149 147 153 146 143 147 147 146 144 138 144 142 139 138 143 146 148 148 144 147 140 144 144 146 146 140 142 135 141 139 142 138 147 148 140 156 158 156 161 157 157 157 157 159 157 159 160 153 155 151 155 148 154 151 154 154 155 149 159 145 151 151 156 159 161 155
152 151 158 162 157 149 145 154 150 151 139 140 143 145 148 148 150 149 149 147 147 147 147 147 140 138 142 152 148 147 150 149 148 148 151 150 139 147 141 147 142 143 146 144 145 145 138 147 148 146 148 148 145 147 139 143 145 143 144 147 146 142 144 148 140 145 146 151 161 152 157 157 157 157 158 155 162 154 148 151 151 151 152 152 156 156 160 154 155 161 165 160 160 158
162 163 152 160 157 156 150 153 152 149 144 143 144 148 149 150 150 149 149 150 148 147 149 148 147 151 150 153 148 154 147 148 148 150 151 147 147 146 145 138 149 145 147 145 144 146 144 142 145 149 153 153 148 146 147 146 142 143 148 148 147 149 148 143 149 145 147 156 146 151 148 144 147 157 159 156 155 164 146 149 151 154 152 157 156 157 155 158 157 166 155 155 155 152
161 161 162 155 164 164 162 143 141 147 156 139 145 141 141 149 150 150 147 145 146 149 149 149 150 151 153 156 152 144 148 146 150 151 151 151 145 149 149 149 147 148 146 146 146 148 149 146 140 147 150 149 150 143 145 144 152 146 148 149 150 146 154 153 151 150 149 149 150 151 152 144 147 162 142 145 154 157 155 154 155 155 154 159 160 159 161 161 159 159 160 160 154 156
161 159 162 158 163 157 164 149 148 146 150 146 145 144 143 143 149 150 147 148 148 148 147 150 148 152 155 152 148 145 145 151 148 150 147 149 148 150 150 149 148 149 147 147 150 148 147 145 153 142 143 144 152 153 139 154 146 147 147 152 153 152 155 153 155 155 152 153 147 150 150 150 152 162 141 150 151 152 162 162 159 160 158 158 162 159 161 162 163 162 162 163 161 163
156 160 161 161 163 162 165 160 147 147 146 146 149 146 149 144 148 150 150 149 150 149 149 149 150 151 143 152 150 149 153 152 153 153 143 147 148 149 151 151 150 148 148 147 144 149 145 156 150 146 150 149 145 146 149 153 143 156 140 161 144 154 153 155 154 157 154 156 153 154 154 155 157 147 153 150 152 151 152 163 159 161 161 162 162 161 162 163 163 163 162 162 162 160
161 156 158 162 163 163 163 166 156 147 146 151 141 145 147 151 150 151 150 149 150 150 150 148 148 146 152 148 149 154 153 152 153 150 143 147 140 138 146 150 149 147 146 147 147 149 153 159 150 146 148 148 151 149 152 135 146 152 154 158 155 157 153 153 155 157 155 154 155 155 156 157 154 159 143 151 152 154 154 151 162 163 162 162 162 162 163 164 164 161 161 163 162 162
155 164 158 159 160 163 163 157 157 161 152 146 150 146 148 144 151 151 152 151 151 151 152 151 149 149 151 149 148 155 152 155 153 155 154 152 150 153 152 146 148 147 148 148 148 148 147 153 153 149 154 152 153 154 157 158 158 158 156 146 155 154 161 156 158 157 156 155 156 157 157 158 166 154 156 152 156 155 156 157 159 157 160 162 164 162 163 164 164 164 161 162 164 162
161 150 155 154 164 163 163 163 162 167 159 158 147 148 147 146 145 147 147 149 151 149 152 150 151 149 151 146 147 151 156 149 155 154 149 150 150 152 150 156 151 149 148 147 150 148 152 144 151 150 156 155 154 156 156 158 157 157 157 157 156 161 163 159 160 156 156 157 156 158 157 157 156 154 149 167 155 156 156 158 157 159 159 162 162 163 164 164 164 164 164 164 164 164
151 157 145 148 157 156 162 164 163 162 163 161 151 149 148 147 150 148 149 143 151 155 152 147 150 150 139 148 149 149 145 156 151 157 154 149 151 150 151 151 151 148 149 148 150 152 153 157 155 154 149 148 155 155 158 156 157 158 158 159 161 157 156 163 159 160 153 157 153 153 155 154 156 153 154 161 166 162 159 158 157 161 162 163 163 163 163 163 164 164 163 165 164 164
150 152 153 157 164 156 162 163 165 161 163 162 161 150 153 150 146 152 150 148 157 154 157 153 143 152 149 150 150 148 148 158 149 145 150 152 152 151 151 151 151 151 151 148 150 148 149 155 149 156 152 146 153 158 155 159 152 159 160 162 160 161 160 150 145 147 148 151 154 151 151 153 152 156 152 152 169 164 161 161 162 162 163 163 163 164 163 163 164 164 164 164 164 164
144 153 150 154 159 154 160 162 164 166 163 162 159 152 156 153 151 152 152 150 146 155 153 155 153 151 152 151 150 152 151 145 145 148 148 150 150 154 151 149 150 150 149 150 150 152 154 160 160 149 156 154 148 157 161 147 156 163 154 148 148 151 155 152 149 147 145 153 156 158 157 158 156 156 158 158 158 158 159 161 162 162 163 163 163 164 164 164 165 164 164 164 165 164
152 151 148 148 154 158 157 160 164 162 162 161 159 158 159 151 153 145 147 157 157 154 152 155 154 156 153 152 151 152 152 151 155 155 142 146 153 154 150 149 147 144 147 147 147 147 149 152 149 150 141 148 154 145 144 145 163 151 153 153 155 146 157 148 147 158 156 159 156 158 158 162 157 157 158 156 158 166 162 163 162 162 160 159 161 163 164 164 164 164 164 164 164 164
152 152 153 152 158 153 157 159 166 164 163 163 161 160 160 157 151 155 156 153 153 161 147 156 154 158 156 150 150 150 151 159 152 155 151 153 154 152 154 147 146 146 150 149 148 150 148 148 147 152 148 150 152 153 160 154 157 159 159 157 153 156 159 160 159 162 161 160 162 163 162 162 157 158 160 163 164 162 162 164 162 157 158 161 163 162 164 164 164 164 164 164 162 165
152 154 153 148 155 152 163 165 160 164 158 163 164 160 161 158 153 150 153 155 147 144 155 157 157 149 160 158 154 152 157 166 157 151 150 158 156 150 150 148 153 152 151 151 149 146 149 153 154 150 154 154 152 156 154 153 160 160 161 159 160 163 160 160 161 163 161 162 162 162 162 163 165 164 162 163 163 163 164 162 156 162 162 162 163 164 164 164 164 164 164 163 162 161
153 152 152 152 151 153 162 156 161 164 164 161 163 163 156 161 159 160 152 160 154 162 161 153 158 158 157 156 151 153 155 151 153 157 151 161 160 152 150 151 153 151 151 155 152 154 155 150 155 153 156 154 157 158 156 157 161 161 164 162 164 162 162 161 162 161 162 162 162 163 164 164 163 162 162 163 163 163 160 163 166 165 167 167 165 164 164 164 163 162 162 163 161 160
152 152 152 153 153 163 164 168 165 163 164 163 164 164 161 160 161 151 159 161 154 164 159 159 155 161 156 155 152 152 151 153 155 154 157 164 154 152 154 155 152 153 152 158 151 157 157 152 149 157 155 160 160 157 156 162 163 165 164 165 163 162 162 162 162 162 162 163 163 163 164 164 164 164 163 161 160 166 163 164 164 164 164 164 164 165 164 164 164 161 161 162 164 161
152 152 152 149 148 148 146 152 157 162 164 164 164 164 161 160 161 160 149 158 158 161 161 155 156 162 159 156 161 157 164 153 154 159 159 151 151 154 155 153 151 153 155 153 155 155 160 158 156 155 161 161 162 160 163 162 160 164 164 164 163 163 163 163 163 164 163 164 164 164 164 164 164 164 164 164 165 165 165 164 164 164 164 164 164 162 164 160 161 161 161 161 161 161
153 154 154 155 148 154 155 161 162 161 161 165 163 164 164 164 161 163 161 149 159 158 162 159 159 154 164 163 162 156 160 163 159 161 158 154 159 155 154 155 156 156 156 155 155 155 157 155 156 161 161 163 163 163 163 163 163 164 165 164 164 163 163 163 164 164 164 164 164 165 165 166 167 165 165 165 164 164 164 164 164 164 164 164 164 163 165 164 162 161 161 161 161 161
151 154 153 153 152 155 160 152 161 152 157 160 165 164 165 164 165 164 163 162 160 162 164 162 159 157 163 161 163 162 162 150 159 161 157 160 159 155 156 155 158 155 153 156 154 155 161 158 155 161 162 163 163 163 163 165 164 164 165 164 164 164 164 165 164 164 164 165 165 165 165 165 165 165 165 165 164 164 164 164 164 164 164 164 164 164 170 161 161 160 161 161 161 161
151 153 153 153 154 149 148 149 164 156 152 159 161 165 166 165 165 155 164 162 162 160 162 161 160 161 166 162 163 163 166 155 157 158 157 158 157 157 155 154 152 157 159 155 159 159 151 156 154 165 165 163 163 164 164 164 165 165 164 164 164 164 164 165 165 165 165 165 165 165 165 165 164 164 164 164 164 164 164 164 164 164 163 164 164 164 164 165 162 162 164 161 160 160
