sesion_6_simulaciones/modelos_distribucion_especies/ejemplo/variables/futuro_B2/2090/TMXI.asc
ncols 708
nrows 329
xllcorner -7.525000
yllcorner 35.991667
cellsize 0.008333
NODATA_value -9999
[rows 84 to 125 of 329, columns 282 to 375 of 708]
137 144 144 134 135 126 132 138 142 141 144 140 139 138 140 142 145 146 143 141 142 142 142 139 145 147 145 144 137 141 138 143 135 139 139 146 153 149 142 139 140 140 144 141 144 143 145 141 144 139 150 150 146 148 146 149 150 155 159 147 159 162 148 145 138 158 158 150 152 141 153 149 152 153 155 153 152 156 155 156 154 154 153 157 156 154 154 157 156 157 153 157 154 156
133 131 137 139 134 131 141 143 135 134 148 148 140 142 140 141 144 144 143 138 133 143 142 142 147 145 145 146 141 137 146 149 138 143 138 144 144 145 142 138 139 146 146 143 144 138 144 143 146 150 149 151 148 152 147 156 151 160 156 162 163 162 149 145 149 149 146 151 158 140 155 152 151 156 154 155 157 156 155 155 156 154 156 157 153 156 155 154 154 156 151 154 156 157
137 142 140 141 139 142 141 133 136 140 139 142 142 144 142 141 140 145 144 147 144 142 145 142 145 148 151 142 141 138 148 140 132 146 144 145 145 149 147 149 132 132 144 147 146 144 144 144 143 146 150 151 150 157 158 156 149 156 152 160 158 159 159 152 149 153 156 156 160 152 155 154 147 158 149 157 154 154 160 156 158 155 155 156 157 157 157 158 157 156 153 155 155 153
141 147 141 144 145 146 140 139 139 143 143 141 144 137 148 139 135 138 146 151 148 144 142 147 148 148 146 146 135 147 153 145 135 140 142 146 148 150 148 146 139 140 148 146 148 145 145 142 143 141 153 150 151 146 160 160 156 160 158 151 159 159 160 160 163 161 162 161 150 147 154 145 148 143 152 149 150 158 157 157 156 159 157 156 157 157 157 157 157 156 154 153 153 153
147 142 144 145 136 147 148 137 144 142 138 138 143 152 136 140 142 140 144 140 144 144 144 152 147 151 138 139 152 149 139 140 137 146 147 141 151 158 138 140 143 152 144 147 140 138 139 142 141 138 139 140 139 146 154 158 150 157 160 159 160 158 159 154 160 161 160 159 158 156 163 153 153 152 150 148 147 155 162 155 157 154 159 160 158 160 158 158 158 158 153 153 152 152
155 149 148 145 149 139 147 143 143 145 143 144 141 143 139 140 148 145 133 142 134 147 143 145 140 139 144 150 152 148 155 141 142 139 147 133 156 152 147 154 142 152 147 138 133 134 144 138 140 146 148 150 148 149 150 151 153 154 158 160 155 159 161 161 160 157 161 163 159 156 157 159 158 152 152 152 154 151 147 153 164 161 158 156 157 157 158 158 158 157 156 151 150 149
140 142 142 149 152 160 153 158 150 141 150 138 139 149 147 148 155 138 146 134 142 151 153 139 145 152 147 136 145 145 158 137 140 147 137 144 146 144 147 143 141 147 143 141 146 144 145 141 149 145 151 155 147 154 154 146 156 154 145 140 139 156 161 160 155 154 161 163 161 158 162 158 158 156 158 160 159 148 157 156 157 159 155 155 156 157 157 155 156 157 156 155 155 152
143 143 142 143 146 138 145 145 145 142 145 144 149 144 155 147 141 145 149 155 152 159 154 152 147 147 143 150 141 152 144 132 135 143 146 152 149 146 141 141 145 149 141 138 144 138 154 153 149 149 150 153 158 156 146 151 146 157 144 143 144 153 153 153 154 150 163 157 158 159 159 159 157 157 158 160 158 154 158 160 158 155 155 160 160 158 156 157 155 156 155 156 155 155
143 145 148 147 144 145 145 141 144 137 145 140 140 139 143 141 156 154 148 138 161 157 152 148 147 147 157 160 160 146 146 145 146 144 147 151 147 147 148 143 140 141 142 141 148 150 143 157 150 154 150 155 152 145 146 144 147 147 153 151 157 155 152 152 156 156 161 159 162 159 159 161 160 160 159 160 159 159 159 159 159 159 159 158 159 158 158 159 158 157 157 155 156 155
145 142 142 146 142 148 142 145 144 142 142 140 141 145 137 154 154 159 150 154 154 144 150 158 161 158 150 151 140 149 158 153 150 155 152 153 149 148 149 139 147 143 138 141 144 155 148 148 154 147 157 151 155 147 154 155 155 159 157 160 158 160 162 161 160 152 158 159 161 158 161 160 160 161 161 160 159 159 159 158 159 159 159 159 159 159 157 156 154 157 159 156 156 155
148 147 147 139 148 153 146 140 140 134 137 145 143 143 144 138 137 157 144 145 156 159 158 158 146 153 135 137 145 137 137 137 153 145 152 151 148 142 140 146 141 140 133 142 149 149 149 158 152 161 154 154 158 156 155 162 160 163 161 160 160 162 162 162 162 161 160 160 162 160 161 161 161 161 161 159 158 156 156 156 157 159 159 159 159 158 159 158 157 154 156 156 152 153
149 148 152 147 144 148 151 138 141 146 138 145 142 140 144 150 157 151 148 152 160 159 140 156 141 137 145 132 141 144 150 149 146 150 146 147 146 142 141 142 137 139 146 146 150 155 155 152 159 158 157 155 159 161 160 160 160 161 161 163 162 162 162 161 161 161 162 160 161 161 162 160 160 161 159 159 157 156 156 155 158 158 158 159 158 158 157 154 155 156 156 155 148 152
145 137 149 141 144 145 136 141 148 145 150 143 144 148 138 149 147 162 157 139 136 151 162 156 145 143 144 143 143 145 142 145 150 150 147 146 149 141 142 137 137 141 140 151 154 155 159 155 169 158 160 159 161 162 160 162 161 163 162 162 162 162 162 162 161 161 161 161 161 161 160 159 159 157 158 157 158 156 158 159 158 158 158 156 158 158 157 158 155 156 150 152 148 150
144 152 152 143 151 151 154 147 148 146 150 150 150 148 149 147 158 149 142 148 143 153 156 146 147 145 149 148 149 147 149 149 147 148 148 147 145 143 146 140 147 139 151 150 155 155 157 161 161 159 159 158 161 161 160 164 162 162 162 161 160 158 161 161 161 161 161 161 161 161 161 158 159 159 159 159 158 158 157 159 157 157 160 155 156 158 159 155 158 154 154 150 157 153
154 146 151 150 154 157 148 150 146 151 151 150 153 142 150 156 151 153 154 149 154 149 150 148 141 147 149 150 154 149 149 150 147 149 150 147 142 142 144 151 157 154 162 158 159 159 159 160 156 163 157 160 161 162 162 162 162 163 162 160 160 158 159 160 160 160 159 160 161 159 155 155 159 159 157 159 155 156 156 158 157 157 157 156 154 155 154 153 157 158 154 155 149 154
147 155 151 153 149 146 151 152 152 148 154 157 151 145 150 147 147 153 143 145 150 154 159 148 149 153 153 152 151 156 149 146 147 144 143 148 147 148 156 159 161 159 161 161 161 161 162 160 161 161 163 162 162 162 162 162 163 162 162 161 161 160 157 155 156 159 159 157 157 159 161 156 158 159 157 160 156 154 155 153 156 155 156 157 155 152 151 156 154 152 151 155 154 148
154 158 146 156 154 153 150 156 153 150 152 153 145 151 152 145 162 162 159 154 163 140 151 152 153 152 158 152 150 153 149 149 156 150 159 155 153 156 160 161 160 161 161 161 162 162 162 162 162 162 162 163 163 162 162 162 162 163 162 160 160 161 159 157 155 158 159 160 157 158 160 157 154 158 157 157 157 157 155 157 156 157 153 152 153 150 148 153 153 152 152 151 153 152
157 151 156 155 150 149 152 153 149 152 157 154 153 153 147 157 163 155 154 158 159 151 157 151 148 153 155 158 154 154 155 156 152 156 162 156 163 161 160 160 162 161 162 162 162 162 162 162 163 163 163 163 163 163 163 163 163 162 162 161 156 159 160 159 156 156 158 155 156 156 154 158 161 151 158 159 159 156 157 157 157 156 155 157 156 154 156 157 149 151 153 150 153 154
158 156 159 158 154 155 153 154 154 155 156 159 154 155 156 162 162 151 157 161 166 157 157 152 153 154 152 160 152 160 160 160 162 161 161 162 163 161 161 162 162 162 162 162 162 162 163 164 163 163 162 163 161 162 163 163 163 161 160 163 154 157 156 159 158 156 152 157 157 157 158 159 158 156 156 153 154 158 158 159 158 157 159 157 157 157 157 154 155 151 153 149 146 150
154 157 153 155 155 157 151 161 161 154 152 158 151 151 158 163 161 160 160 160 151 154 155 154 158 155 160 150 160 160 162 161 161 161 162 162 162 162 162 162 163 163 163 163 162 162 163 163 163 163 163 163 160 160 160 160 162 162 159 153 157 155 154 152 157 160 159 157 159 153 156 153 156 156 157 158 158 154 156 157 158 156 156 157 157 156 153 153 153 151 153 152 152 150
157 154 154 155 151 156 159 160 157 157 155 155 151 164 166 162 161 161 163 160 152 155 155 156 158 160 161 158 163 163 163 162 162 162 162 162 162 162 163 163 163 163 163 163 163 163 163 163 161 160 159 159 161 161 158 161 159 161 161 156 159 158 158 155 151 158 154 159 159 158 159 152 153 151 156 156 154 157 153 154 156 153 156 158 157 156 157 154 152 153 154 153 147 150
156 156 156 156 157 159 161 161 158 156 155 156 155 157 161 162 163 161 158 156 156 158 158 158 161 155 163 163 163 163 163 163 163 163 163 163 163 163 163 163 164 164 163 163 163 163 162 159 160 163 160 156 157 158 160 158 153 159 159 161 161 157 155 154 155 152 155 157 152 155 157 156 155 157 153 151 155 151 153 153 155 152 154 157 156 156 156 149 157 155 149 151 147 149
156 157 157 158 158 158 154 161 161 162 157 157 147 160 162 163 159 155 157 160 159 160 160 161 160 162 163 163 163 163 163 164 164 163 163 164 163 164 164 164 164 163 162 162 163 162 161 159 159 158 160 159 162 153 154 156 153 158 157 159 158 153 154 156 155 152 154 155 156 159 153 157 158 157 155 156 153 155 155 154 148 154 154 151 158 153 156 156 155 156 155 155 155 152
154 154 157 159 159 158 160 159 159 158 162 156 160 154 162 162 164 160 159 160 160 162 161 163 164 163 164 165 164 164 164 164 164 164 164 164 163 164 163 164 163 162 159 158 156 155 160 159 159 155 157 156 157 159 158 158 155 154 155 155 152 157 156 152 153 151 157 157 159 150 153 156 152 157 158 157 157 155 156 156 155 151 155 153 147 155 153 155 153 154 154 151 155 152
157 155 153 149 153 159 160 160 161 162 162 164 165 158 158 160 157 159 159 161 160 164 164 163 164 164 164 164 164 164 164 164 164 164 164 162 163 163 162 162 163 162 161 161 162 163 162 160 155 154 159 156 156 158 155 156 153 154 156 151 152 153 153 154 150 148 154 157 153 157 155 152 153 154 153 151 151 153 155 154 154 154 153 152 153 153 154 151 155 154 153 154 149 150
162 160 161 161 162 159 156 162 163 163 163 162 163 160 163 161 161 160 161 163 165 164 164 164 164 164 164 163 162 164 164 164 163 162 163 163 160 161 163 164 163 163 162 163 163 162 163 160 161 161 158 155 155 154 153 153 158 157 153 152 152 154 150 152 155 155 153 154 155 157 157 156 156 154 154 154 154 154 152 155 152 152 149 150 153 154 151 154 149 154 153 154 148 153
161 160 160 160 162 162 163 164 163 156 163 164 164 165 165 163 163 160 163 164 164 165 164 165 164 164 163 162 161 162 161 158 155 159 159 158 161 161 161 159 162 161 162 161 162 162 162 161 161 159 160 159 161 160 161 160 161 151 153 152 157 157 155 151 150 153 150 154 153 154 155 155 152 153 153 155 154 155 152 153 152 154 154 154 155 153 155 155 151 149 152 152 151 149
163 162 164 164 163 165 165 164 164 164 164 164 164 164 164 164 164 166 164 164 164 164 164 164 164 162 162 158 161 158 159 161 161 161 161 156 154 161 157 158 160 161 161 163 160 159 161 162 162 161 161 161 162 161 160 157 160 158 159 160 151 152 147 144 155 151 156 154 153 150 148 154 155 153 156 155 151 153 153 152 153 153 154 155 156 152 156 156 153 153 152 153 150 153
164 166 164 165 164 164 164 164 164 164 164 164 163 164 164 164 164 164 164 163 163 163 163 162 162 161 160 163 162 161 158 157 159 159 159 157 156 159 159 157 156 153 160 161 159 157 161 162 162 162 162 162 161 161 160 160 162 160 160 158 151 156 157 156 149 154 157 148 149 151 152 151 156 152 157 151 153 156 155 152 153 153 154 158 157 157 151 151 154 152 151 153 153 151
164 165 165 165 165 164 164 164 164 163 164 164 164 162 163 163 164 163 163 163 162 162 162 162 159 161 158 161 161 162 163 161 160 157 159 160 158 158 156 152 157 158 162 160 159 160 160 160 158 159 161 161 157 164 161 161 162 161 156 160 158 159 158 158 155 157 152 153 148 155 155 156 156 157 154 151 150 154 150 151 156 157 155 156 152 151 153 154 156 154 150 154 149 146
164 164 164 164 165 165 164 164 163 163 161 162 163 163 163 163 164 160 161 162 162 163 163 162 159 159 157 159 160 161 160 158 159 156 153 158 157 156 154 156 154 158 159 154 157 159 160 160 161 161 161 162 162 160 159 160 160 161 162 160 161 159 160 157 150 149 153 155 155 155 155 155 155 155 151 152 154 155 156 158 156 153 159 157 155 158 158 154 156 157 148 149 150 152
164 164 165 164 163 165 165 159 162 160 160 163 162 162 162 162 163 163 162 161 161 161 162 160 162 161 160 158 159 156 161 161 161 159 159 161 157 155 154 152 153 154 154 155 152 157 158 159 157 157 161 158 159 160 160 160 160 158 161 159 161 159 159 156 158 149 156 150 152 150 156 156 157 153 153 153 156 155 154 152 158 154 158 154 154 155 158 161 157 154 154 145 143 147
164 164 164 163 161 161 164 162 162 162 162 161 161 161 161 161 160 162 163 160 161 160 161 160 160 162 160 164 164 160 157 154 159 155 156 157 156 155 157 153 155 155 151 155 152 155 158 151 160 162 159 159 159 153 154 154 154 155 160 161 161 162 159 160 155 158 156 157 157 157 154 154 155 150 154 160 159 159 160 160 159 160 159 152 155 156 149 152 156 155 154 151 146 147
162 161 161 162 161 162 162 162 159 162 162 158 161 160 161 160 161 160 161 163 162 160 160 159 156 159 160 163 159 158 156 159 156 158 158 155 157 155 154 154 155 156 153 153 152 150 151 155 156 158 157 159 157 159 158 156 153 150 157 156 160 161 158 157 157 159 156 158 156 160 158 158 158 153 156 161 159 156 157 157 157 160 156 156 160 153 157 153 151 152 148 146 148 149
166 165 163 162 161 161 162 161 161 161 161 161 161 161 161 161 160 160 160 162 163 163 158 159 161 159 159 161 160 159 158 157 156 158 155 155 158 153 156 154 157 158 158 157 155 152 157 149 150 151 156 155 146 152 151 154 152 151 154 160 159 161 162 157 151 153 158 156 157 157 159 158 161 159 159 159 161 155 158 157 158 158 153 157 150 155 158 157 154 156 151 150 151 144
164 161 160 161 162 161 160 160 161 161 161 160 160 160 159 160 160 160 161 160 161 162 160 161 159 157 159 159 159 161 160 158 158 158 158 159 159 157 160 159 157 158 156 158 157 156 156 156 152 154 154 155 155 155 148 154 156 157 160 161 160 160 160 160 158 159 158 159 159 159 159 159 157 157 157 158 158 158 158 157 156 149 153 151 156 156 157 153 152 155 156 155 148 154
163 161 164 161 161 161 160 160 160 160 161 160 160 160 160 160 160 160 160 160 161 161 162 159 160 158 157 159 160 157 157 161 160 159 160 158 158 157 157 155 157 158 156 154 154 154 155 157 152 155 154 153 152 154 154 156 159 157 153 154 159 159 159 160 160 160 160 162 158 159 158 159 155 149 156 157 157 157 159 159 159 151 148 149 153 151 154 151 151 154 151 153 156 158
160 160 162 162 163 160 159 160 160 160 160 160 160 160 160 160 160 159 159 160 157 161 161 163 159 159 159 159 159 158 156 156 154 157 153 159 157 153 152 152 155 151 156 149 153 156 153 152 153 155 153 152 155 155 155 157 158 156 157 157 156 159 156 159 159 158 159 158 160 158 149 157 157 156 153 152 159 157 158 154 153 158 151 154 155 155 147 146 156 152 149 153 152 144
161 161 162 162 161 161 161 159 159 160 160 160 159 159 159 159 159 159 159 159 158 159 159 161 161 161 159 159 158 157 157 158 156 156 157 156 155 156 155 154 155 153 152 150 154 155 151 153 155 154 151 158 157 157 157 158 158 159 159 158 160 159 158 159 158 159 162 159 159 160 158 157 157 153 156 158 155 158 158 156 158 152 154 156 153 147 145 156 148 153 155 152 147 140
161 161 161 161 161 161 160 160 160 160 160 159 159 159 159 159 158 159 159 159 159 160 160 159 161 159 160 161 161 161 159 160 157 156 155 156 155 156 154 153 156 154 154 154 154 153 155 154 153 155 152 151 158 157 158 157 153 157 159 159 159 158 159 160 158 156 159 159 159 154 159 158 155 153 154 147 154 152 155 157 149 153 153 154 152 149 154 153 151 155 154 152 151 150
160 160 160 160 161 161 160 161 160 160 159 159 159 159 159 159 159 159 159 159 159 160 161 160 159 161 163 159 158 158 158 157 157 157 157 158 156 158 158 158 157 157 157 156 151 156 155 154 152 155 157 156 156 157 157 156 152 158 158 156 158 162 159 159 155 157 159 157 159 159 155 152 157 155 154 153 150 148 153 157 158 159 157 156 156 155 154 155 154 149 152 152 155 151
160 160 160 160 160 160 160 160 161 159 159 159 159 159 159 159 158 159 159 159 159 159 160 159 159 158 160 160 160 160 159 159 160 158 155 156 157 156 155 153 152 154 154 155 155 154 150 153 155 158 157 157 157 155 156 156 157 156 153 157 158 156 159 156 152 161 158 158 161 158 159 157 159 151 150 155 148 152 153 159 153 155 157 157 157 157 157 157 158 158 155 154 151 149
