sesion_6_simulaciones/modelos_distribucion_especies/ejemplo/variables/futuro_B2/2090/TMXV.asc
ncols 708
nrows 329
xllcorner -7.525000
yllcorner 35.991667
cellsize 0.008333
NODATA_value -9999
[rows 287 to 327 of 329, columns 188 to 281 of 708]
332 335 336 336 335 336 336 335 336 336 337 337 336 336 336 336 336 338 339 340 338 339 340 340 337 335 336 338 330 336 333 332 332 337 333 335 331 333 339 341 338 335 334 329 329 328 322 322 321 324 322 323 329 329 329 329 323 330 332 335 331 334 334 335 335 334 332 331 328 328 328 328 323 322 325 325 323 322 320 314 313 311 308 304 298 289 -9999 -9999 -9999 -9999 -9999 -9999 -9999 -9999
335 335 336 335 336 336 336 336 336 336 336 336 336 336 336 336 338 339 339 339 338 339 339 339 337 333 335 331 329 333 335 332 334 334 336 333 336 332 333 337 337 336 334 334 330 328 329 326 325 324 323 325 330 331 331 329 327 330 335 333 329 332 330 332 329 333 332 332 331 330 329 328 325 326 325 323 322 319 314 314 310 306 304 301 291 279 -9999 -9999 -9999 -9999 -9999 -9999 -9999 -9999
334 334 335 335 335 335 335 335 335 335 335 336 336 336 337 337 337 338 338 338 337 337 338 339 337 338 334 335 330 333 336 336 336 336 339 339 338 336 334 332 332 331 333 334 334 335 332 329 327 322 320 325 322 327 333 329 328 328 334 333 328 329 330 328 326 328 330 328 323 327 325 326 326 321 319 321 320 318 316 314 311 303 -9999 -9999 -9999 -9999 -9999 -9999 -9999 -9999 -9999 -9999 -9999 -9999
332 333 333 332 333 333 333 334 334 334 334 335 336 336 336 336 337 337 337 337 335 335 338 336 339 339 338 339 337 330 336 334 337 337 339 338 338 338 337 336 333 329 333 331 335 331 331 332 331 330 326 322 327 329 329 332 327 329 333 331 328 331 331 329 328 327 329 329 328 326 325 323 320 321 318 315 313 312 314 311 305 301 -9999 -9999 -9999 -9999 -9999 -9999 -9999 -9999 -9999 -9999 -9999 -9999
331 329 330 331 332 332 332 333 333 333 333 334 335 335 335 335 336 336 336 336 336 335 337 337 337 337 336 336 339 338 338 337 335 335 338 338 335 333 333 334 334 335 336 333 328 330 329 328 328 323 325 324 325 326 330 328 332 327 330 326 330 332 332 331 329 328 329 327 322 323 321 321 319 315 309 314 314 311 312 308 -9999 -9999 -9999 -9999 -9999 -9999 -9999 -9999 -9999 -9999 -9999 -9999 -9999 -9999
330 331 331 331 331 332 331 331 332 332 332 333 334 334 334 335 335 331 335 336 336 336 331 333 336 333 333 328 332 338 336 331 333 334 334 336 333 331 327 327 330 333 336 335 331 328 329 327 327 323 329 324 325 323 330 329 327 321 322 326 330 327 330 331 330 327 327 324 324 323 322 319 318 315 315 311 313 310 306 306 -9999 -9999 -9999 -9999 -9999 -9999 -9999 -9999 -9999 -9999 -9999 -9999 -9999 -9999
330 327 331 331 331 331 331 330 330 331 332 332 332 333 333 334 333 334 334 335 334 334 335 328 329 330 333 327 324 332 335 333 325 331 331 331 334 331 327 329 334 335 335 335 333 329 323 326 326 328 329 329 329 328 328 323 321 322 316 319 325 327 330 330 330 328 324 322 323 322 321 319 318 318 317 314 313 310 307 301 -9999 -9999 -9999 -9999 -9999 -9999 -9999 -9999 -9999 -9999 -9999 -9999 -9999 -9999
326 329 330 330 330 330 330 329 329 330 331 331 331 332 332 332 333 332 332 334 334 334 333 332 326 323 329 331 328 329 335 334 329 327 330 327 326 326 331 327 334 332 330 328 329 328 323 318 314 310 319 320 324 322 325 316 320 320 319 322 319 325 330 330 328 326 323 323 322 321 318 316 318 315 314 311 310 308 303 297 -9999 -9999 -9999 -9999 -9999 -9999 -9999 -9999 -9999 -9999 -9999 -9999 -9999 -9999
323 324 328 328 328 328 327 328 329 329 329 330 330 331 331 331 332 331 331 333 334 333 332 332 333 326 328 329 330 329 331 334 332 327 322 319 324 322 324 324 326 325 323 327 333 330 326 322 320 317 315 316 317 317 323 324 321 316 314 320 322 324 328 327 327 327 322 322 321 318 318 317 314 312 313 311 309 304 299 292 -9999 -9999 -9999 -9999 -9999 -9999 -9999 -9999 -9999 -9999 -9999 -9999 -9999 -9999
327 327 326 326 326 325 325 325 326 328 328 328 329 329 330 330 331 331 332 333 333 333 332 331 330 330 328 326 327 328 327 329 332 332 323 320 319 319 329 326 326 332 333 333 333 333 331 328 325 324 321 319 315 318 318 317 318 314 319 315 317 319 326 326 326 324 321 321 318 317 316 310 307 312 310 308 305 303 296 275 -9999 -9999 -9999 -9999 -9999 -9999 -9999 -9999 -9999 -9999 -9999 -9999 -9999 -9999
322 319 324 324 324 323 324 324 325 326 326 327 327 328 329 329 330 330 331 331 332 332 332 333 332 329 327 333 324 321 324 326 328 327 323 317 316 318 318 324 326 327 331 331 330 330 331 332 329 327 325 319 318 319 320 316 318 315 310 318 322 324 324 324 323 323 323 322 320 319 315 309 308 307 306 305 -9999 -9999 -9999 -9999 -9999 -9999 -9999 -9999 -9999 -9999 -9999 -9999 -9999 -9999 -9999 -9999 -9999 -9999
321 323 321 322 322 321 321 322 323 324 325 325 326 327 327 328 329 329 330 330 331 332 332 332 333 333 327 326 327 323 324 325 325 325 326 322 319 325 326 328 330 330 328 328 325 328 327 324 318 326 328 324 324 322 321 317 320 321 322 318 322 323 323 323 321 321 322 322 320 318 315 313 307 306 304 299 -9999 -9999 -9999 -9999 -9999 -9999 -9999 -9999 -9999 -9999 -9999 -9999 -9999 -9999 -9999 -9999 -9999 -9999
318 320 320 319 320 319 319 320 320 322 323 324 325 325 326 327 328 328 329 329 330 330 331 332 332 333 331 328 327 324 326 324 328 331 330 328 330 329 323 322 328 325 324 326 327 327 326 322 320 323 321 323 321 318 320 317 321 318 319 318 318 320 321 320 318 319 319 320 319 317 314 311 307 305 299 292 -9999 -9999 -9999 -9999 -9999 -9999 -9999 -9999 -9999 -9999 -9999 -9999 -9999 -9999 -9999 -9999 -9999 -9999
316 318 317 318 318 318 318 317 318 320 320 322 323 322 324 325 326 327 328 328 329 330 330 331 332 331 332 332 332 326 324 325 328 328 330 330 326 321 323 329 331 331 329 327 328 323 324 323 320 317 321 323 322 321 321 320 316 315 314 314 316 319 319 317 317 315 314 316 316 316 311 307 305 300 296 284 -9999 -9999 -9999 -9999 -9999 -9999 -9999 -9999 -9999 -9999 -9999 -9999 -9999 -9999 -9999 -9999 -9999 -9999
312 314 314 314 314 314 315 314 316 317 319 320 321 320 322 323 324 324 326 327 328 329 330 330 330 330 329 330 331 330 324 323 326 330 329 320 323 320 321 321 324 322 323 319 326 325 325 326 326 325 324 324 323 321 321 319 316 314 317 315 316 317 317 315 312 312 315 314 315 314 312 305 -9999 -9999 -9999 -9999 -9999 -9999 -9999 -9999 -9999 -9999 -9999 -9999 -9999 -9999 -9999 -9999 -9999 -9999 -9999 -9999 -9999 -9999
307 310 310 310 310 310 311 313 314 315 316 317 317 319 318 318 317 319 320 322 327 328 329 329 330 330 330 331 330 331 330 321 327 330 324 320 319 324 317 320 317 314 318 327 329 329 329 328 326 326 324 325 323 322 320 319 317 313 312 314 311 314 314 312 306 311 312 310 310 310 306 302 -9999 -9999 -9999 -9999 -9999 -9999 -9999 -9999 -9999 -9999 -9999 -9999 -9999 -9999 -9999 -9999 -9999 -9999 -9999 -9999 -9999 -9999
-9999 -9999 -9999 -9999 305 306 306 309 310 312 315 314 317 317 313 309 313 319 322 325 326 327 328 328 328 330 330 331 331 331 331 330 322 326 325 315 315 325 320 323 325 325 316 315 323 327 325 323 320 325 326 325 324 323 320 317 315 305 313 313 309 302 307 309 307 307 307 304 305 307 306 301 299 298 -9999 -9999 -9999 -9999 -9999 -9999 -9999 -9999 -9999 -9999 -9999 -9999 -9999 -9999 -9999 -9999 -9999 -9999 -9999 -9999
-9999 -9999 -9999 -9999 294 296 300 304 307 310 311 311 312 312 305 310 312 315 320 324 325 326 327 327 328 329 330 330 330 330 330 329 321 323 325 327 322 316 316 311 312 320 323 317 315 311 315 320 324 325 325 321 323 322 321 317 313 311 310 306 307 306 304 304 300 301 298 298 300 301 301 298 295 295 -9999 -9999 -9999 -9999 -9999 -9999 -9999 -9999 -9999 -9999 -9999 -9999 -9999 -9999 -9999 -9999 -9999 -9999 -9999 -9999
-9999 -9999 -9999 -9999 -9999 -9999 289 296 302 305 307 308 305 306 306 307 310 317 320 322 323 325 326 327 327 328 329 329 329 329 330 330 327 324 324 325 325 322 316 309 308 310 309 313 314 312 322 325 322 316 318 322 322 321 319 318 316 308 309 306 304 300 -9999 -9999 -9999 -9999 -9999 -9999 -9999 -9999 298 302 -9999 -9999 -9999 -9999 -9999 -9999 -9999 -9999 -9999 -9999 -9999 -9999 -9999 -9999 -9999 -9999 -9999 -9999 -9999 -9999 -9999 -9999
-9999 -9999 -9999 -9999 -9999 -9999 -9999 284 296 299 302 304 300 303 306 309 314 317 319 321 322 323 324 325 326 327 328 328 328 328 329 329 328 328 328 327 321 314 309 310 307 307 305 303 317 323 323 319 321 312 318 317 318 318 317 317 313 310 310 304 302 294 -9999 -9999 -9999 -9999 -9999 -9999 -9999 -9999 295 297 -9999 -9999 -9999 -9999 -9999 -9999 -9999 -9999 -9999 -9999 -9999 -9999 -9999 -9999 -9999 -9999 -9999 -9999 -9999 -9999 -9999 -9999
-9999 -9999 -9999 -9999 -9999 -9999 -9999 -9999 -9999 -9999 -9999 -9999 298 300 302 309 313 315 316 319 321 321 323 323 325 326 325 327 327 327 328 327 327 327 327 326 325 317 319 313 309 307 309 306 321 323 309 309 320 315 307 315 318 318 315 316 313 310 307 303 -9999 -9999 -9999 -9999 -9999 -9999 -9999 -9999 -9999 -9999 -9999 -9999 -9999 -9999 -9999 -9999 -9999 -9999 -9999 -9999 -9999 -9999 -9999 -9999 -9999 -9999 -9999 -9999 -9999 -9999 -9999 -9999 -9999 -9999
-9999 -9999 -9999 -9999 -9999 -9999 -9999 -9999 -9999 -9999 -9999 -9999 293 295 304 309 312 311 316 317 318 320 320 322 323 323 324 325 325 326 327 326 326 324 326 325 322 324 323 322 320 313 308 318 322 314 302 308 309 310 311 315 315 314 313 312 311 308 303 300 -9999 -9999 -9999 -9999 -9999 -9999 -9999 -9999 -9999 -9999 -9999 -9999 -9999 -9999 -9999 -9999 -9999 -9999 -9999 -9999 -9999 -9999 -9999 -9999 -9999 -9999 -9999 -9999 -9999 -9999 -9999 -9999 -9999 -9999
-9999 -9999 -9999 -9999 -9999 -9999 -9999 -9999 -9999 -9999 -9999 -9999 -9999 -9999 302 306 309 312 311 314 315 314 318 320 320 320 322 323 324 325 325 324 324 324 324 324 320 321 323 322 320 317 317 315 317 321 320 310 309 306 307 307 315 313 313 311 312 308 302 297 -9999 -9999 -9999 -9999 -9999 -9999 -9999 -9999 -9999 -9999 -9999 -9999 -9999 -9999 -9999 -9999 -9999 -9999 -9999 -9999 -9999 -9999 -9999 -9999 -9999 -9999 -9999 -9999 -9999 -9999 -9999 -9999 -9999 -9999
-9999 -9999 -9999 -9999 -9999 -9999 -9999 -9999 -9999 -9999 -9999 -9999 -9999 -9999 298 304 304 309 312 314 312 315 315 316 318 318 319 320 321 323 322 319 319 319 322 322 320 316 319 320 322 321 320 319 322 323 319 313 307 307 301 307 309 314 314 311 310 308 301 294 -9999 -9999 -9999 -9999 -9999 -9999 -9999 -9999 -9999 -9999 -9999 -9999 -9999 -9999 -9999 -9999 -9999 -9999 -9999 -9999 -9999 -9999 -9999 -9999 -9999 -9999 -9999 -9999 -9999 -9999 -9999 -9999 -9999 -9999
-9999 -9999 -9999 -9999 -9999 -9999 -9999 -9999 -9999 -9999 -9999 -9999 -9999 -9999 292 299 304 306 309 310 315 316 314 313 314 314 315 316 316 321 318 306 310 312 316 316 318 317 306 300 317 316 317 319 320 321 321 318 315 308 304 303 301 298 308 312 308 305 301 295 -9999 -9999 -9999 -9999 -9999 -9999 -9999 -9999 -9999 -9999 -9999 -9999 -9999 -9999 -9999 -9999 -9999 -9999 -9999 -9999 -9999 -9999 -9999 -9999 -9999 -9999 -9999 -9999 -9999 -9999 -9999 -9999 -9999 -9999
-9999 -9999 -9999 -9999 -9999 -9999 -9999 -9999 -9999 -9999 -9999 -9999 -9999 -9999 282 292 300 304 307 309 313 311 305 303 307 306 310 314 317 317 316 313 306 300 298 306 315 317 314 309 305 307 303 311 316 318 318 311 313 312 307 310 308 304 305 301 308 305 304 299 -9999 -9999 -9999 -9999 -9999 -9999 -9999 -9999 -9999 -9999 -9999 -9999 -9999 -9999 -9999 -9999 -9999 -9999 -9999 -9999 -9999 -9999 -9999 -9999 -9999 -9999 -9999 -9999 -9999 -9999 -9999 -9999 -9999 -9999
-9999 -9999 -9999 -9999 -9999 -9999 -9999 -9999 -9999 -9999 -9999 -9999 -9999 -9999 -9999 -9999 292 300 304 306 304 299 300 298 305 306 307 312 316 316 316 314 311 303 299 293 304 315 315 315 305 305 302 296 301 310 308 310 304 296 307 309 298 298 297 303 306 308 303 296 -9999 -9999 -9999 -9999 -9999 -9999 -9999 -9999 -9999 -9999 -9999 -9999 -9999 -9999 -9999 -9999 -9999 -9999 -9999 -9999 -9999 -9999 -9999 -9999 -9999 -9999 -9999 -9999 -9999 -9999 -9999 -9999 -9999 -9999
-9999 -9999 -9999 -9999 -9999 -9999 -9999 -9999 -9999 -9999 -9999 -9999 -9999 -9999 -9999 -9999 289 293 290 289 295 294 293 302 303 304 303 310 315 315 313 310 308 301 291 295 301 312 314 316 313 310 300 305 301 303 303 300 295 300 298 303 305 300 300 297 308 306 304 297 -9999 -9999 -9999 -9999 -9999 -9999 -9999 -9999 -9999 -9999 -9999 -9999 -9999 -9999 -9999 -9999 -9999 -9999 -9999 -9999 -9999 -9999 -9999 -9999 -9999 -9999 -9999 -9999 -9999 -9999 -9999 -9999 -9999 -9999
-9999 -9999 -9999 -9999 -9999 -9999 -9999 -9999 -9999 -9999 -9999 -9999 -9999 -9999 -9999 -9999 -9999 -9999 -9999 -9999 -9999 -9999 -9999 -9999 301 304 305 308 311 312 311 308 302 297 296 295 303 300 313 315 315 314 313 307 304 303 306 305 300 297 299 294 299 302 297 302 304 301 302 295 -9999 -9999 -9999 -9999 -9999 -9999 -9999 -9999 -9999 -9999 -9999 -9999 -9999 -9999 -9999 -9999 -9999 -9999 -9999 -9999 -9999 -9999 -9999 -9999 -9999 -9999 -9999 -9999 -9999 -9999 -9999 -9999 -9999 -9999
-9999 -9999 -9999 -9999 -9999 -9999 -9999 -9999 -9999 -9999 -9999 -9999 -9999 -9999 -9999 -9999 -9999 -9999 -9999 -9999 -9999 -9999 -9999 -9999 297 301 302 301 304 305 304 305 302 299 295 293 297 296 311 313 315 314 314 314 315 314 305 296 293 292 290 297 290 295 294 297 304 304 300 297 -9999 -9999 -9999 -9999 -9999 -9999 -9999 -9999 -9999 -9999 -9999 -9999 -9999 -9999 -9999 -9999 -9999 -9999 -9999 -9999 -9999 -9999 -9999 -9999 -9999 -9999 -9999 -9999 -9999 -9999 -9999 -9999 -9999 -9999
-9999 -9999 -9999 -9999 -9999 -9999 -9999 -9999 -9999 -9999 -9999 -9999 -9999 -9999 -9999 -9999 -9999 -9999 -9999 -9999 -9999 -9999 -9999 -9999 291 295 297 279 294 300 299 297 298 296 295 292 295 296 308 312 312 314 313 313 311 313 311 304 303 300 291 293 292 294 297 302 305 304 303 289 -9999 -9999 -9999 -9999 -9999 -9999 -9999 -9999 -9999 -9999 -9999 -9999 -9999 -9999 -9999 -9999 -9999 -9999 -9999 -9999 -9999 -9999 -9999 -9999 -9999 -9999 -9999 -9999 -9999 -9999 -9999 -9999 -9999 -9999
-9999 -9999 -9999 -9999 -9999 -9999 -9999 -9999 -9999 -9999 -9999 -9999 -9999 -9999 -9999 -9999 -9999 -9999 -9999 -9999 -9999 -9999 -9999 -9999 278 288 289 290 293 296 292 290 289 292 293 290 291 300 307 309 310 311 308 303 300 301 309 309 307 301 301 293 289 295 300 301 301 300 301 295 -9999 -9999 -9999 -9999 -9999 -9999 -9999 -9999 -9999 -9999 -9999 -9999 -9999 -9999 -9999 -9999 -9999 -9999 -9999 -9999 -9999 -9999 -9999 -9999 -9999 -9999 -9999 -9999 -9999 -9999 -9999 -9999 -9999 -9999
-9999 -9999 -9999 -9999 -9999 -9999 -9999 -9999 -9999 -9999 -9999 -9999 -9999 -9999 -9999 -9999 -9999 -9999 -9999 -9999 -9999 -9999 -9999 -9999 -9999 -9999 -9999 -9999 -9999 -9999 -9999 -9999 -9999 -9999 -9999 -9999 284 298 304 304 306 310 309 307 304 304 307 306 303 293 295 296 298 295 -9999 -9999 -9999 -9999 -9999 -9999 -9999 -9999 -9999 -9999 -9999 -9999 -9999 -9999 -9999 -9999 -9999 -9999 -9999 -9999 -9999 -9999 -9999 -9999 -9999 -9999 -9999 -9999 -9999 -9999 -9999 -9999 -9999 -9999 -9999 -9999 -9999 -9999 -9999 -9999
-9999 -9999 -9999 -9999 -9999 -9999 -9999 -9999 -9999 -9999 -9999 -9999 -9999 -9999 -9999 -9999 -9999 -9999 -9999 -9999 -9999 -9999 -9999 -9999 -9999 -9999 -9999 -9999 -9999 -9999 -9999 -9999 -9999 -9999 -9999 -9999 285 292 298 301 304 302 308 308 308 309 305 299 295 291 297 300 296 289 -9999 -9999 -9999 -9999 -9999 -9999 -9999 -9999 -9999 -9999 -9999 -9999 -9999 -9999 -9999 -9999 -9999 -9999 -9999 -9999 -9999 -9999 -9999 -9999 -9999 -9999 -9999 -9999 -9999 -9999 -9999 -9999 -9999 -9999 -9999 -9999 -9999 -9999 -9999 -9999
-9999 -9999 -9999 -9999 -9999 -9999 -9999 -9999 -9999 -9999 -9999 -9999 -9999 -9999 -9999 -9999 -9999 -9999 -9999 -9999 -9999 -9999 -9999 -9999 -9999 -9999 -9999 -9999 -9999 -9999 -9999 -9999 -9999 -9999 -9999 -9999 -9999 -9999 288 296 299 301 303 302 299 305 302 297 293 295 292 291 -9999 -9999 -9999 -9999 -9999 -9999 -9999 -9999 -9999 -9999 -9999 -9999 -9999 -9999 -9999 -9999 -9999 -9999 -9999 -9999 -9999 -9999 -9999 -9999 -9999 -9999 -9999 -9999 -9999 -9999 -9999 -9999 -9999 -9999 -9999 -9999 -9999 -9999 -9999 -9999 -9999 -9999
-9999 -9999 -9999 -9999 -9999 -9999 -9999 -9999 -9999 -9999 -9999 -9999 -9999 -9999 -9999 -9999 -9999 -9999 -9999 -9999 -9999 -9999 -9999 -9999 -9999 -9999 -9999 -9999 -9999 -9999 -9999 -9999 -9999 -9999 -9999 -9999 -9999 -9999 269 286 293 296 298 297 299 300 297 292 293 294 287 286 -9999 -9999 -9999 -9999 -9999 -9999 -9999 -9999 -9999 -9999 -9999 -9999 -9999 -9999 -9999 -9999 -9999 -9999 -9999 -9999 -9999 -9999 -9999 -9999 -9999 -9999 -9999 -9999 -9999 -9999 -9999 -9999 -9999 -9999 -9999 -9999 -9999 -9999 -9999 -9999 -9999 -9999
-9999 -9999 -9999 -9999 -9999 -9999 -9999 -9999 -9999 -9999 -9999 -9999 -9999 -9999 -9999 -9999 -9999 -9999 -9999 -9999 -9999 -9999 -9999 -9999 -9999 -9999 -9999 -9999 -9999 -9999 -9999 -9999 -9999 -9999 -9999 -9999 -9999 -9999 -9999 -9999 -9999 -9999 295 296 299 297 -9999 -9999 -9999 -9999 -9999 -9999 -9999 -9999 -9999 -9999 -9999 -9999 -9999 -9999 -9999 -9999 -9999 -9999 -9999 -9999 -9999 -9999 -9999 -9999 -9999 -9999 -9999 -9999 -9999 -9999 -9999 -9999 -9999 -9999 -9999 -9999 -9999 -9999 -9999 -9999 -9999 -9999 -9999 -9999 -9999 -9999 -9999 -9999
-9999 -9999 -9999 -9999 -9999 -9999 -9999 -9999 -9999 -9999 -9999 -9999 -9999 -9999 -9999 -9999 -9999 -9999 -9999 -9999 -9999 -9999 -9999 -9999 -9999 -9999 -9999 -9999 -9999 -9999 -9999 -9999 -9999 -9999 -9999 -9999 -9999 -9999 -9999 -9999 -9999 -9999 295 298 296 290 -9999 -9999 -9999 -9999 -9999 -9999 -9999 -9999 -9999 -9999 -9999 -9999 -9999 -9999 -9999 -9999 -9999 -9999 -9999 -9999 -9999 -9999 -9999 -9999 -9999 -9999 -9999 -9999 -9999 -9999 -9999 -9999 -9999 -9999 -9999 -9999 -9999 -9999 -9999 -9999 -9999 -9999 -9999 -9999 -9999 -9999 -9999 -9999
-9999 -9999 -9999 -9999 -9999 -9999 -9999 -9999 -9999 -9999 -9999 -9999 -9999 -9999 -9999 -9999 -9999 -9999 -9999 -9999 -9999 -9999 -9999 -9999 -9999 -9999 -9999 -9999 -9999 -9999 -9999 -9999 -9999 -9999 -9999 -9999 -9999 -9999 -9999 -9999 -9999 -9999 -9999 -9999 -9999 -9999 -9999 -9999 -9999 -9999 -9999 -9999 -9999 -9999 -9999 -9999 -9999 -9999 -9999 -9999 -9999 -9999 -9999 -9999 -9999 -9999 -9999 -9999 -9999 -9999 -9999 -9999 -9999 -9999 -9999 -9999 -9999 -9999 -9999 -9999 -9999 -9999 -9999 -9999 -9999 -9999 -9999 -9999 -9999 -9999 -9999 -9999 -9999 -9999
-9999 -9999 -9999 -9999 -9999 -9999 -9999 -9999 -9999 -9999 -9999 -9999 -9999 -9999 -9999 -9999 -9999 -9999 -9999 -9999 -9999 -9999 -9999 -9999 -9999 -9999 -9999 -9999 -9999 -9999 -9999 -9999 -9999 -9999 -9999 -9999 -9999 -9999 -9999 -9999 -9999 -9999 -9999 -9999 -9999 -9999 -9999 -9999 -9999 -9999 -9999 -9999 -9999 -9999 -9999 -9999 -9999 -9999 -9999 -9999 -9999 -9999 -9999 -9999 -9999 -9999 -9999 -9999 -9999 -9999 -9999 -9999 -9999 -9999 -9999 -9999 -9999 -9999 -9999 -9999 -9999 -9999 -9999 -9999 -9999 -9999 -9999 -9999 -9999 -9999 -9999 -9999 -9999 -9999
-9999 -9999 -9999 -9999 -9999 -9999 -9999 -9999 -9999 -9999 -9999 -9999 -9999 -9999 -9999 -9999 -9999 -9999 -9999 -9999 -9999 -9999 -9999 -9999 -9999 -9999 -9999 -9999 -9999 -9999 -9999 -9999 -9999 -9999 -9999 -9999 -9999 -9999 -9999 -9999 -9999 -9999 -9999 -9999 -9999 -9999 -9999 -9999 -9999 -9999 -9999 -9999 -9999 -9999 -9999 -9999 -9999 -9999 -9999 -9999 -9999 -9999 -9999 -9999 -9999 -9999 -9999 -9999 -9999 -9999 -9999 -9999 -9999 -9999 -9999 -9999 -9999 -9999 -9999 -9999 -9999 -9999 -9999 -9999 -9999 -9999 -9999 -9999 -9999 -9999 -9999 -9999 -9999 -9999
