sesion_7_reto_final/variables/futuro_A2/2030/PA.asc
ncols 708
nrows 329
xllcorner -7.525000
yllcorner 35.991667
cellsize 0.008333
NODATA_value -9999
[rows 82 to 122 of 329, columns 470 to 563 of 708]
400 389 388 385 405 413 424 443 451 469 485 495 498 498 496 507 512 515 519 523 534 528 535 534 529 542 547 547 549 553 552 553 552 540 535 525 523 517 513 495 495 497 493 488 461 449 439 445 451 447 448 437 439 430 432 440 431 426 424 429 427 427 433 434 438 449 467 498 543 563 626 670 730 774 836 842 895 956 1014 1052 1108 1143 1203 1232 1228 1211 1137 1067 1010 963 930 892 869 853
403 394 396 394 402 409 428 444 453 471 497 505 520 515 517 516 523 518 531 528 537 540 540 544 545 542 549 551 553 558 560 558 544 538 529 523 521 517 507 493 492 486 487 464 457 437 437 442 438 447 444 435 429 436 424 423 423 422 427 427 431 436 444 453 464 484 507 546 572 615 670 701 778 841 895 950 991 1038 1064 1086 1175 1224 1261 1285 1283 1249 1200 1122 1037 988 965 952 941 916
409 402 398 398 405 415 427 437 464 480 489 503 518 527 532 545 544 542 536 541 540 545 545 546 547 554 558 562 564 565 566 559 545 530 525 524 517 509 485 482 468 468 461 459 447 449 447 430 441 447 441 434 431 430 424 421 421 426 436 439 438 445 459 477 499 514 542 585 619 655 687 738 808 857 950 996 1030 1070 1102 1177 1219 1291 1299 1322 1322 1289 1227 1144 1060 1026 1022 1026 986 983
399 393 393 400 404 411 424 446 456 474 497 514 532 540 540 553 554 555 556 549 545 545 545 549 547 559 559 563 565 563 558 551 536 517 525 522 519 499 486 463 455 457 446 451 437 449 448 445 436 435 433 436 424 424 420 422 435 449 463 466 465 463 481 494 525 536 573 591 637 680 726 764 828 883 956 1001 1038 1060 1110 1186 1245 1311 1334 1340 1335 1290 1240 1164 1098 1046 1048 1060 1030 1041
401 395 395 391 386 403 413 437 460 480 503 524 535 541 556 559 567 566 565 560 552 541 543 542 547 550 555 558 554 550 546 541 517 514 506 518 501 488 474 459 448 453 453 450 446 439 443 447 435 441 436 428 425 426 420 427 440 471 484 484 483 478 481 505 521 544 573 600 650 684 739 778 832 881 953 987 1031 1064 1114 1220 1254 1319 1375 1372 1338 1293 1223 1173 1111 1066 1033 1045 1047 1008
396 396 380 381 382 391 398 415 443 477 493 520 530 547 553 564 566 566 562 554 546 535 535 534 536 529 538 530 534 524 521 510 505 491 492 487 499 485 477 446 445 449 450 451 435 441 434 441 447 432 437 424 424 420 418 427 440 469 477 486 495 487 490 495 530 550 573 618 647 698 742 787 828 852 925 1009 1018 1086 1142 1219 1304 1354 1367 1368 1316 1252 1223 1191 1151 1121 1058 1038 1051 1030
401 390 390 381 385 390 401 412 431 453 486 498 518 528 540 548 554 551 542 533 520 515 515 498 506 503 506 500 496 481 487 477 490 468 479 474 472 481 463 442 439 438 444 441 434 427 435 428 428 437 419 432 414 417 418 426 444 455 478 485 492 498 502 501 518 545 576 606 647 707 741 770 805 861 937 967 1062 1095 1164 1236 1295 1341 1358 1330 1288 1251 1210 1207 1194 1144 1093 1064 1036 998
396 384 381 378 382 390 390 408 422 442 459 467 487 500 518 521 522 523 511 500 497 484 481 469 476 466 478 478 467 465 463 466 461 464 465 458 465 456 452 444 434 434 443 428 431 437 423 421 433 427 426 418 419 414 420 429 435 443 459 474 489 503 486 505 516 551 579 606 642 692 718 735 786 833 916 987 1039 1083 1138 1211 1310 1336 1339 1298 1281 1238 1255 1239 1205 1175 1128 1071 1051 1019
390 377 375 370 371 377 376 393 398 410 425 439 450 460 475 489 487 486 477 463 468 453 445 445 436 450 453 449 453 453 448 443 441 440 438 442 445 442 436 437 429 422 424 422 423 417 421 425 421 415 418 410 413 414 422 429 432 437 449 461 480 491 500 512 513 534 562 603 640 656 689 721 760 814 872 966 1019 1064 1113 1186 1282 1294 1295 1257 1249 1256 1275 1244 1201 1153 1127 1105 1064 1050
369 368 356 361 349 360 357 364 376 386 394 399 418 430 435 446 452 439 441 440 425 417 416 418 421 420 432 428 429 431 428 425 427 421 423 424 427 429 423 428 410 419 408 423 418 413 408 405 409 413 412 406 406 413 420 426 428 434 442 449 458 478 498 498 512 518 545 587 616 639 662 692 756 813 853 914 972 1018 1083 1157 1222 1261 1239 1210 1215 1258 1260 1229 1202 1170 1117 1145 1097 1071
368 358 350 346 340 345 344 343 349 366 376 383 391 399 407 411 415 414 416 404 399 401 402 394 395 406 403 411 415 413 413 410 411 406 410 408 405 402 409 405 408 412 414 413 409 398 398 397 399 404 403 401 409 407 417 417 422 432 434 448 449 472 484 494 502 507 526 543 576 600 644 693 740 801 840 901 919 994 1074 1158 1177 1207 1181 1175 1223 1257 1277 1240 1180 1168 1172 1169 1148 1105
371 363 357 355 348 343 340 338 343 355 362 366 371 378 382 389 392 394 393 390 386 385 380 383 387 396 404 407 396 402 402 408 403 398 395 393 388 382 386 395 390 396 403 401 394 382 385 387 402 402 404 405 413 416 415 415 424 430 434 441 451 469 482 493 497 495 503 520 547 577 612 669 722 787 831 884 929 994 1046 1098 1142 1146 1122 1155 1194 1274 1258 1182 1150 1198 1158 1167 1137 1080
383 378 376 370 367 363 355 354 352 356 358 361 366 365 370 373 370 372 369 370 369 370 369 370 377 378 389 398 388 394 388 391 398 391 389 383 375 375 372 376 372 385 383 383 378 374 382 395 397 406 404 402 414 410 418 423 426 420 426 431 442 458 481 481 486 478 490 500 518 559 598 643 689 736 806 851 918 971 1041 1110 1112 1092 1102 1155 1175 1219 1211 1187 1172 1171 1175 1171 1113 1071
398 397 391 394 386 382 378 367 368 368 367 370 368 365 363 363 362 363 365 366 361 359 357 364 372 381 380 384 386 383 379 382 384 385 384 372 373 371 370 368 369 371 371 366 366 374 383 388 400 400 398 410 415 428 419 422 426 421 425 428 435 446 456 475 476 492 485 488 509 530 573 618 672 722 772 847 906 991 1075 1077 1075 1078 1082 1138 1173 1171 1174 1148 1164 1157 1159 1114 1105 1038
411 408 406 404 402 401 391 388 391 385 389 385 383 368 375 368 362 362 359 355 355 349 351 358 362 368 367 370 373 376 375 372 376 372 373 370 370 376 385 373 368 361 363 357 359 360 375 378 384 391 394 406 421 421 432 426 417 424 423 426 429 434 448 461 463 470 474 489 491 526 548 595 650 720 779 854 944 1010 1042 1070 1064 1061 1074 1098 1109 1143 1164 1157 1143 1132 1139 1099 1075 1045
422 426 421 419 416 413 407 410 398 409 408 407 403 394 384 379 373 366 365 357 353 352 355 362 361 360 365 365 365 366 366 367 369 372 370 373 387 384 385 375 369 366 362 353 348 353 356 363 372 379 388 395 415 424 424 418 419 425 427 426 436 430 435 446 453 456 461 464 495 523 550 594 654 735 841 900 972 1020 1068 1063 1028 1067 1065 1096 1107 1108 1139 1119 1082 1092 1084 1053 1052 1015
433 436 437 436 432 423 428 417 427 416 423 414 414 407 404 393 388 377 373 367 361 358 357 351 362 361 359 364 367 365 369 374 378 376 378 375 376 383 381 379 383 379 376 363 353 343 351 353 361 373 379 387 390 403 404 412 418 425 432 437 433 435 440 439 443 449 459 475 486 519 562 601 666 777 882 985 1058 1072 1092 1083 1080 1070 1100 1084 1088 1090 1115 1099 1093 1052 1022 1013 983 977
446 446 451 447 442 440 437 432 434 429 426 431 432 424 412 407 395 389 379 381 376 368 359 366 361 364 362 370 379 380 385 388 384 388 386 379 371 367 378 373 374 378 373 352 355 337 338 348 356 365 369 378 383 392 400 408 411 424 433 442 446 443 444 453 451 460 471 488 513 557 589 660 677 805 893 999 1071 1118 1109 1087 1088 1085 1091 1108 1104 1122 1110 1071 1067 1022 997 978 961 979
456 458 454 458 457 450 453 454 442 440 446 440 445 435 429 413 410 401 397 386 387 381 378 375 361 376 379 387 398 397 397 395 398 393 393 381 378 370 364 359 367 365 364 365 343 335 331 334 343 352 356 367 376 384 390 407 412 421 439 452 443 449 465 458 466 476 490 515 543 592 658 716 786 863 963 1072 1084 1107 1086 1109 1106 1113 1151 1153 1118 1119 1093 1041 1022 1005 967 948 972 978
462 463 461 463 461 459 458 458 456 450 454 460 452 445 433 426 416 412 411 413 402 390 392 382 391 392 399 408 414 409 403 404 398 404 400 399 377 379 362 361 352 347 348 348 343 324 327 328 331 348 360 366 378 384 388 403 410 429 435 445 459 460 467 475 486 499 518 542 584 635 707 774 836 973 1041 1100 1126 1109 1131 1137 1129 1166 1162 1193 1170 1113 1066 1013 1003 974 958 947 970 1001
468 465 474 470 467 467 471 469 460 468 467 472 465 462 452 434 424 419 424 414 438 420 404 404 408 414 423 426 421 416 419 414 415 413 411 408 394 388 376 366 346 339 347 343 341 331 325 326 331 350 356 371 363 388 402 402 410 419 429 449 453 461 471 490 507 526 547 572 617 677 740 829 945 1017 1106 1161 1155 1148 1155 1186 1180 1183 1195 1186 1172 1107 1053 984 941 912 951 957 993 999
467 471 474 476 472 475 477 477 477 476 486 479 486 462 456 447 431 428 428 439 440 425 429 416 411 421 436 444 440 431 432 429 427 422 427 439 440 407 401 379 350 349 336 345 344 332 323 322 334 346 364 361 386 405 403 408 415 416 432 436 452 464 481 494 525 550 572 610 660 713 803 877 1011 1080 1144 1152 1159 1201 1196 1239 1228 1190 1165 1192 1140 1086 1014 986 973 946 950 952 952 950
473 473 478 477 480 453 481 487 488 482 487 491 487 474 465 455 437 436 427 430 435 438 422 430 422 435 440 451 467 466 458 445 431 435 447 452 442 449 397 383 356 349 342 344 340 331 322 320 332 343 366 371 396 401 422 419 424 424 440 449 457 461 487 507 538 570 601 641 693 759 839 931 1073 1125 1191 1171 1174 1216 1256 1274 1256 1276 1238 1187 1109 1066 1007 1005 988 976 939 955 902 939
477 476 480 470 484 491 478 491 495 491 506 508 499 481 473 466 455 433 431 424 412 426 425 435 442 454 476 486 509 502 481 456 445 433 446 453 447 423 403 376 361 343 350 343 349 335 338 338 338 346 360 371 393 392 413 409 426 443 456 467 467 489 506 533 543 575 615 683 731 793 871 960 1083 1158 1204 1195 1228 1270 1285 1275 1319 1275 1255 1176 1091 1038 1029 1028 1026 972 905 907 920 892
481 487 486 486 480 485 479 488 501 500 509 519 511 506 489 483 470 454 449 434 421 422 431 442 460 490 536 532 538 506 486 460 450 447 441 423 408 409 388 363 356 347 358 344 349 345 351 339 340 329 351 361 377 377 399 413 425 446 454 473 502 532 554 570 577 604 638 692 753 807 930 1002 1112 1167 1217 1219 1249 1293 1300 1317 1308 1271 1205 1112 1031 1000 1000 1010 982 944 901 889 922 899
485 486 486 488 488 490 488 498 502 506 528 532 555 567 555 533 503 485 461 429 421 422 430 448 490 560 563 544 508 499 474 462 454 448 438 421 410 396 378 369 361 356 355 351 348 334 330 333 329 332 335 347 368 382 393 402 415 447 456 494 529 574 613 651 622 631 665 698 769 844 925 1002 1085 1154 1191 1237 1268 1286 1309 1314 1278 1236 1151 1051 1007 984 997 967 926 886 886 901 924 885
488 490 493 487 492 495 492 496 503 512 539 554 586 605 606 574 529 500 468 442 423 416 425 456 517 552 562 545 499 479 472 466 459 449 434 419 409 395 365 366 354 360 354 352 341 347 323 332 322 326 330 342 350 368 378 397 428 430 457 489 523 561 627 648 668 666 680 715 758 833 910 1005 1070 1154 1198 1243 1261 1264 1302 1273 1227 1140 1083 992 958 922 932 889 857 872 865 901 898 873
492 496 499 495 494 496 492 490 498 521 546 565 621 646 642 603 547 509 473 449 413 414 423 448 500 563 574 523 500 487 495 502 498 462 439 421 408 387 379 373 369 362 358 360 352 355 337 337 329 324 329 333 347 359 371 380 415 438 461 480 511 551 604 669 676 705 699 728 765 821 898 976 1058 1163 1204 1242 1251 1262 1249 1249 1163 1094 999 952 918 868 856 824 804 816 852 890 868 784
497 496 499 501 498 498 500 496 494 526 541 587 624 672 660 665 580 502 461 434 419 412 410 427 463 494 522 507 500 519 531 503 485 471 436 420 394 384 374 370 373 375 369 359 340 340 347 343 336 332 336 333 335 345 363 373 396 415 439 459 495 533 589 661 696 729 716 731 771 837 895 966 1056 1109 1181 1216 1216 1232 1194 1161 1095 1033 950 891 869 818 796 772 760 765 824 827 778 712
495 502 504 507 508 501 499 498 499 509 538 570 599 679 713 643 577 497 449 439 425 420 413 416 425 437 451 459 469 505 513 497 470 448 416 402 385 384 378 385 370 376 368 352 355 354 355 346 330 321 343 337 339 336 346 363 383 400 426 448 477 511 570 642 703 710 744 724 759 815 899 976 1032 1063 1154 1135 1155 1142 1137 1087 998 952 921 836 797 745 746 718 718 720 759 725 696 654
501 504 512 515 519 525 516 516 500 504 517 581 619 621 641 626 557 473 455 451 457 449 432 417 409 426 451 457 467 482 487 468 452 419 402 380 381 372 378 376 376 370 360 336 343 351 352 341 326 338 355 349 336 335 333 345 362 389 405 431 463 503 540 633 697 741 732 745 765 820 876 967 995 1020 1078 1090 1051 1061 1054 1020 958 892 825 792 732 700 692 688 669 672 663 658 622 596
500 515 508 510 518 524 527 529 515 516 527 541 579 592 616 555 501 483 466 487 478 508 467 428 420 462 487 504 502 478 469 468 427 405 382 373 379 379 368 366 374 365 348 353 335 341 339 335 329 337 338 346 337 342 334 334 347 366 389 414 438 473 528 568 683 700 723 760 764 797 825 883 931 949 976 994 981 994 965 955 856 836 769 719 671 651 657 660 649 623 602 586 575 555
508 510 513 522 529 541 536 550 544 520 532 519 526 560 579 613 541 490 497 531 559 521 501 490 441 468 508 527 542 525 504 475 436 404 378 387 396 374 365 366 361 354 340 343 324 335 333 331 327 328 335 334 337 338 337 333 342 348 369 397 418 448 493 562 573 650 715 725 744 749 748 797 819 889 898 900 936 923 931 854 826 740 700 659 630 621 632 641 616 595 566 552 541 533
547 541 542 558 565 566 588 571 576 577 557 531 538 562 606 627 593 511 529 541 551 558 497 476 491 508 541 575 559 533 499 476 437 401 384 406 395 380 370 337 355 347 328 335 332 335 326 325 323 322 327 330 334 331 327 325 335 346 358 371 406 438 459 493 549 614 672 714 720 674 689 734 782 816 817 854 834 884 848 791 732 675 648 614 592 591 594 600 591 559 543 516 515 504
588 603 575 608 615 603 610 595 602 612 583 562 545 561 610 619 607 610 574 545 595 543 546 519 545 577 581 587 582 559 523 488 406 392 392 391 401 390 374 367 351 341 306 308 327 340 340 341 333 325 327 332 326 319 335 325 335 325 336 361 383 409 432 460 508 562 589 615 608 607 629 672 703 723 745 776 810 790 785 746 690 625 610 577 579 571 565 561 550 532 509 498 485 474
595 569 581 588 599 619 608 608 620 626 616 593 574 603 590 660 674 654 661 620 620 602 620 577 570 572 534 543 491 468 457 426 395 379 375 416 411 395 392 371 343 329 308 315 334 324 371 358 348 357 348 328 313 323 311 331 316 320 319 342 363 401 415 436 472 510 524 540 539 523 542 568 628 674 703 732 727 741 699 674 639 612 569 546 536 542 542 532 518 505 494 481 462 468
519 540 530 556 560 593 595 614 649 673 659 632 629 653 701 718 709 723 708 678 672 661 655 607 578 531 467 453 435 413 410 389 371 365 365 385 400 388 369 337 331 304 298 304 317 335 352 377 364 359 335 327 318 317 309 321 326 319 321 334 352 361 386 392 435 458 482 497 494 498 517 518 547 601 653 672 669 665 643 614 599 564 540 506 505 514 510 504 499 492 477 453 456 433
492 480 469 496 514 535 575 646 685 711 704 691 681 696 722 727 753 728 758 747 753 729 653 616 552 527 473 445 413 414 387 399 383 376 358 372 374 363 347 339 321 313 303 292 297 308 318 336 341 335 314 315 296 305 309 318 306 306 331 342 315 342 352 382 384 411 448 452 447 462 481 518 519 533 561 582 601 571 597 572 555 538 518 498 488 491 491 485 484 475 465 449 432 424
429 465 470 476 496 532 622 633 695 723 702 687 650 659 688 722 762 763 786 732 721 692 636 607 551 506 462 435 395 412 413 411 395 399 398 391 381 372 356 341 337 310 327 308 292 308 307 297 311 310 308 294 295 296 300 301 312 309 314 335 347 343 360 361 385 381 393 402 445 443 470 476 477 492 512 509 511 505 510 527 526 514 491 477 462 481 478 474 471 464 453 436 426 403
471 485 491 516 530 536 587 616 641 628 623 597 581 630 671 725 748 737 727 694 694 661 607 565 509 463 428 402 401 408 425 426 452 426 434 434 392 415 376 358 329 325 327 315 327 320 289 298 286 295 290 289 292 305 309 322 317 302 303 328 337 355 360 369 372 371 387 386 409 417 431 434 435 449 462 462 465 472 483 492 488 489 467 454 457 467 467 464 461 452 447 442 432 398
510 521 518 510 522 539 547 551 551 554 530 536 562 606 659 669 692 691 676 677 661 650 593 517 472 429 403 374 385 394 428 441 459 470 480 474 461 434 394 353 337 339 347 364 320 341 300 295 275 286 295 288 284 295 306 322 332 322 304 322 334 361 367 388 382 383 378 393 393 422 418 422 432 432 435 451 453 456 457 462 461 469 455 446 438 459 458 454 449 443 437 430 423 413
