sesion_7_reto_final/variables/futuro_A2/2030/PA.asc
ncols 708
nrows 329
xllcorner -7.525000
yllcorner 35.991667
cellsize 0.008333
NODATA_value -9999
[rows 123 to 163 of 329, columns 376 to 469 of 708]
479 479 482 467 477 474 479 479 469 466 452 451 448 444 442 444 433 433 415 422 426 438 441 444 436 432 445 435 430 435 435 444 438 444 446 448 445 441 452 453 465 480 488 503 508 516 531 541 550 563 573 587 609 638 655 661 682 684 684 671 682 677 681 679 678 693 717 711 683 652 656 656 649 611 570 546 529 514 515 499 486 480 470 457 453 443 434 400 365 347 374 386 427 459
470 461 469 455 461 469 470 474 472 452 448 444 439 436 434 441 431 417 427 428 421 417 430 426 418 424 421 419 427 421 440 435 439 434 431 438 436 448 443 458 459 478 486 494 504 521 528 538 547 564 570 584 598 620 643 668 684 691 704 713 714 712 706 688 684 690 691 688 680 672 685 700 694 642 614 599 560 567 564 534 514 501 491 499 483 493 433 441 406 380 378 390 404 441
458 459 467 456 457 465 459 457 455 456 447 441 438 434 430 428 425 422 421 423 418 415 407 414 408 407 406 410 415 426 428 436 432 428 427 431 439 443 454 457 462 467 485 490 498 514 522 532 544 556 565 578 593 623 628 649 672 701 724 746 776 756 741 712 699 698 695 696 688 687 707 744 716 706 639 633 610 608 613 608 578 551 542 524 526 524 513 506 481 453 401 406 390 417
449 443 455 449 450 457 455 450 452 449 445 452 439 431 446 432 426 417 411 411 407 406 400 400 398 403 397 406 407 416 413 421 419 420 424 430 445 460 463 464 466 475 483 492 498 502 518 528 546 549 561 578 594 608 635 652 678 717 750 782 780 780 751 721 718 713 726 721 719 722 725 758 758 772 711 667 600 609 623 621 640 624 598 582 596 604 588 583 559 504 431 397 365 402
443 447 448 454 459 462 465 463 456 459 463 466 459 462 464 450 446 432 413 405 405 401 398 402 404 395 397 398 394 403 403 404 408 414 423 440 450 465 469 475 476 484 489 497 503 511 528 540 536 561 570 580 599 612 633 665 690 724 748 768 780 779 754 744 743 754 756 765 760 748 740 754 792 783 794 701 657 600 583 649 646 638 654 669 661 664 675 598 556 509 447 409 391 372
444 447 458 464 468 478 469 473 477 481 473 480 487 488 493 477 464 436 420 404 402 402 398 393 398 393 383 387 386 380 391 382 405 413 415 435 447 462 469 478 479 491 497 506 515 535 537 546 556 562 581 591 601 623 639 656 677 702 715 731 765 773 783 778 794 809 802 810 793 781 759 763 780 805 761 742 655 626 638 583 638 634 671 675 667 661 650 619 542 469 436 413 378 397
456 461 468 481 490 497 497 490 498 488 490 491 504 513 505 488 468 439 415 408 403 412 401 389 380 383 392 384 370 369 375 383 400 408 421 426 444 454 459 471 481 491 504 517 537 539 561 558 570 580 576 597 610 624 636 642 668 689 697 703 745 774 793 810 810 825 836 855 863 838 815 799 805 807 822 757 717 654 637 627 637 649 633 634 632 633 631 600 542 491 440 426 410 395
473 468 471 488 505 510 504 510 514 513 502 502 501 516 509 487 457 439 423 415 410 410 404 398 396 401 381 393 375 376 364 377 380 394 409 419 433 445 453 469 475 493 493 514 529 541 551 551 567 547 588 600 610 622 616 642 655 679 696 722 749 782 802 828 826 837 853 883 889 897 877 854 853 824 879 810 785 681 636 645 651 660 635 629 622 612 598 564 536 501 468 438 416 412
480 477 484 486 503 506 518 514 515 517 515 506 504 511 498 483 458 442 430 410 409 407 411 404 418 408 394 395 390 380 378 375 390 403 407 407 421 451 449 473 492 524 541 549 540 554 548 543 557 567 579 594 601 610 620 633 664 670 695 714 774 810 830 830 821 832 848 871 890 902 902 907 919 919 907 872 766 687 631 640 611 641 634 622 610 607 587 575 525 494 458 440 436 409
498 494 494 502 499 498 509 514 511 516 516 509 510 509 490 474 462 443 435 418 416 407 412 415 420 402 389 393 390 384 380 384 382 397 415 425 439 462 493 498 522 561 602 608 636 626 597 583 555 570 584 592 591 615 617 647 656 668 679 720 762 813 815 822 836 827 859 858 853 857 883 901 905 903 887 826 775 687 645 626 624 605 590 608 597 582 600 568 529 521 481 451 446 425
513 518 519 518 507 508 499 506 505 507 505 506 507 494 493 476 474 456 446 433 426 412 410 417 405 395 395 393 403 398 399 395 402 416 429 440 465 493 502 519 528 575 607 648 669 671 632 626 578 598 582 599 607 613 630 643 619 657 666 721 765 800 804 808 825 861 870 842 824 805 810 807 817 818 838 818 765 708 663 660 618 607 585 610 573 619 607 586 559 543 519 485 457 462
538 535 543 532 531 521 519 490 503 497 499 497 495 498 498 495 480 479 459 442 428 419 418 415 404 414 398 402 407 409 414 413 422 436 461 479 507 517 533 536 560 590 616 659 672 663 676 635 622 624 630 638 621 646 626 626 653 657 687 706 748 762 791 809 808 859 875 852 810 779 775 788 796 814 837 847 810 799 775 755 709 658 613 593 603 628 627 605 597 545 545 531 506 472
544 553 559 551 542 536 537 512 503 485 495 488 487 496 488 489 487 489 469 460 436 441 431 427 435 419 415 402 412 419 425 438 457 479 479 506 519 544 559 563 595 633 685 708 695 693 651 636 640 648 652 677 659 649 635 635 639 669 683 703 733 767 766 786 798 825 838 818 800 768 767 788 838 843 880 882 862 835 831 790 749 694 634 596 597 622 627 647 609 595 564 539 555 506
536 551 550 561 558 552 539 512 482 459 473 475 477 479 484 487 493 489 479 462 454 444 452 453 441 430 413 420 423 430 434 452 468 463 508 517 533 553 564 584 611 665 690 704 673 661 649 652 655 680 691 676 683 673 672 644 680 668 685 698 715 716 736 766 745 780 794 789 773 773 797 838 828 874 864 861 858 861 822 788 728 667 635 609 616 623 637 654 629 620 614 600 553 537
545 542 557 566 559 560 534 506 465 457 458 457 459 464 470 482 494 487 479 469 459 460 466 460 455 441 439 439 431 438 449 460 479 494 502 513 533 542 559 586 624 630 651 642 650 614 624 647 650 661 664 671 674 678 669 692 659 666 682 704 713 745 761 769 757 753 756 760 764 784 804 811 857 835 844 857 832 818 787 757 701 654 639 644 626 661 669 658 664 621 617 613 568 515
569 562 562 581 578 538 521 491 459 455 450 445 453 457 469 484 496 490 486 480 478 470 467 462 447 459 449 443 433 449 450 466 472 489 499 511 524 535 549 562 585 593 615 611 606 610 600 609 631 636 637 648 656 645 660 671 658 677 673 723 739 786 809 792 766 750 761 779 793 807 823 847 838 847 837 814 822 796 788 750 701 667 648 685 665 664 655 656 619 615 585 567 541 513
583 569 578 570 583 542 516 489 453 447 444 461 465 475 474 484 494 492 497 495 489 485 475 471 465 458 452 455 438 451 455 469 478 488 496 507 516 524 532 544 558 567 576 574 589 575 583 593 595 599 616 628 639 639 640 646 658 675 682 727 769 796 796 791 778 786 805 802 843 844 847 834 825 806 798 795 785 752 759 745 694 675 699 673 711 638 653 602 601 571 555 518 524 525
597 597 591 605 566 567 516 487 457 458 465 488 477 509 523 521 522 523 516 517 517 506 493 482 470 465 463 459 453 455 459 470 481 483 493 498 506 515 519 532 538 544 550 550 554 556 574 572 581 584 595 617 624 627 643 648 653 668 696 739 767 805 810 815 782 821 835 879 875 885 851 836 803 819 791 770 754 755 721 728 708 703 686 724 731 699 653 609 576 548 534 524 521 542
638 630 618 605 602 557 531 491 474 487 515 527 537 550 542 564 557 562 557 553 551 540 526 495 482 471 471 474 464 458 460 455 477 468 484 488 493 504 522 537 537 535 525 527 532 533 541 552 560 569 592 599 608 630 634 669 668 696 717 753 779 796 801 826 815 828 845 846 860 852 829 821 819 817 792 788 747 722 724 734 713 717 725 739 715 691 666 609 566 546 541 545 572 584
682 674 663 652 631 601 564 534 538 540 579 571 578 572 595 600 587 609 598 610 593 584 562 532 498 493 479 479 474 465 462 471 475 481 473 476 480 488 502 513 526 508 499 500 509 516 527 536 557 570 573 595 606 633 652 657 680 690 713 742 732 778 787 827 838 826 816 811 853 819 827 827 827 813 792 789 736 737 755 732 732 718 716 767 722 684 642 592 568 559 561 570 598 609
738 746 738 739 715 683 642 626 583 607 620 632 634 618 619 626 628 644 644 636 629 605 587 551 506 497 483 481 481 472 475 479 471 471 456 460 472 483 481 494 495 495 494 497 505 506 537 557 573 568 591 584 610 617 652 665 660 683 694 703 750 760 790 843 840 808 826 806 822 837 810 808 807 792 773 777 754 773 780 758 759 731 736 730 702 676 634 601 580 579 589 590 597 601
811 822 827 836 809 762 726 692 687 675 686 690 694 692 693 690 688 674 664 638 609 603 572 538 519 477 475 480 479 480 484 479 476 473 462 451 467 475 481 474 472 476 488 502 519 540 567 574 588 580 582 597 610 630 653 683 681 675 666 690 734 768 784 802 824 839 803 820 804 802 814 801 790 789 765 738 772 775 809 781 727 719 704 705 676 642 623 611 595 583 595 584 602 598
880 896 898 870 837 815 771 746 730 731 748 761 775 765 778 766 739 715 691 642 593 562 538 512 489 471 459 472 484 479 490 488 487 471 461 454 461 470 473 462 467 480 501 518 562 588 596 602 588 591 579 608 629 649 680 686 688 668 682 707 742 770 781 811 815 798 802 806 778 790 762 790 782 754 719 727 737 759 793 760 720 713 678 675 668 662 624 608 602 579 581 576 583 585
925 927 912 886 867 846 831 832 815 807 790 809 806 838 828 818 804 759 708 684 619 555 509 482 472 465 457 470 468 488 496 502 497 477 459 455 457 462 466 475 490 492 503 536 567 581 596 600 585 612 605 632 670 669 674 674 668 669 698 711 736 779 801 797 812 808 781 779 771 745 754 750 745 731 729 725 707 734 756 753 723 708 705 660 662 654 623 601 595 587 584 571 573 567
924 935 924 908 903 894 874 878 878 861 830 802 797 815 820 820 793 749 687 639 616 548 489 467 461 449 453 459 466 478 489 496 485 476 454 459 452 461 473 477 490 505 514 513 530 559 576 577 578 594 610 645 664 685 672 663 662 675 699 728 735 761 770 743 773 764 748 725 749 736 718 756 754 744 732 730 707 694 732 735 717 670 684 666 650 628 610 599 598 586 587 572 570 567
929 955 930 930 913 922 911 937 903 858 799 783 786 791 809 787 749 705 661 613 550 508 463 447 438 460 458 457 472 480 488 481 478 468 453 448 457 464 475 473 474 478 481 487 505 513 548 579 577 588 602 626 644 649 638 635 648 659 679 699 708 715 716 730 722 714 714 701 693 708 720 728 746 749 747 739 689 701 697 707 708 665 654 634 622 611 606 598 583 586 576 568 552 557
940 912 938 934 926 912 911 910 897 862 795 772 780 787 788 742 708 656 606 559 509 479 458 457 458 454 463 477 493 510 494 489 479 476 459 450 472 460 468 470 466 470 466 483 483 505 527 556 590 585 600 596 603 612 612 627 638 651 663 669 683 680 690 687 683 695 682 681 682 696 698 733 728 717 689 704 676 671 657 648 655 626 622 635 625 621 614 604 587 585 563 564 554 548
901 908 907 905 885 891 869 877 851 826 782 767 763 784 764 716 679 623 581 539 509 479 479 468 481 479 485 512 523 547 531 521 502 482 481 456 471 478 471 470 465 459 472 474 499 514 543 563 564 590 584 583 586 586 601 616 625 646 647 658 666 656 651 652 668 654 651 662 679 685 689 693 700 677 684 672 658 657 663 643 625 612 611 619 643 637 618 612 588 584 567 547 557 562
846 856 858 858 848 849 835 834 796 766 765 742 744 735 712 682 638 614 563 543 515 503 505 473 501 503 539 554 578 577 589 568 537 504 484 491 485 470 479 480 471 466 468 488 501 518 528 540 565 559 570 567 574 577 588 603 634 641 646 637 637 629 620 627 632 629 625 642 640 674 669 658 630 678 658 696 691 677 639 621 605 599 603 630 647 634 628 602 589 568 559 559 569 580
807 835 844 850 839 820 807 778 752 771 720 749 727 710 694 672 644 614 582 566 548 535 532 514 510 519 541 574 605 608 606 577 557 530 522 500 492 494 495 503 487 488 466 485 489 512 518 527 536 565 573 570 564 567 581 584 606 610 611 610 610 604 608 606 608 614 602 607 620 628 630 637 645 644 688 688 682 696 636 600 591 596 621 627 629 625 598 582 578 569 569 560 567 561
795 823 832 835 826 806 799 776 783 790 792 778 738 720 691 676 646 625 611 592 582 558 549 538 538 542 573 582 599 599 600 576 559 533 537 528 512 510 511 517 522 490 488 488 487 486 507 528 545 571 575 583 570 568 576 577 581 583 586 587 580 586 580 591 584 590 589 588 610 601 602 614 636 633 656 665 666 663 615 610 601 621 622 619 621 598 580 574 577 563 565 565 567 567
810 820 834 824 820 794 797 775 792 812 813 771 753 724 695 684 670 646 637 613 613 606 587 571 567 567 574 582 586 587 579 578 560 551 547 539 535 527 520 528 526 523 507 497 494 509 522 546 556 575 597 591 569 565 560 560 561 561 562 563 560 561 558 568 570 566 572 563 590 587 599 610 609 634 643 654 648 623 608 610 605 629 614 604 589 574 577 566 559 565 568 567 574 587
778 810 823 793 795 775 759 754 777 767 780 749 737 718 715 710 698 663 665 656 654 639 627 612 600 598 604 610 609 601 593 585 581 578 574 571 564 541 549 535 517 522 527 523 536 548 553 561 564 588 578 593 573 556 551 546 540 539 546 533 540 542 546 548 540 547 552 561 565 569 574 589 596 611 623 631 617 598 585 578 578 592 587 584 571 563 562 570 572 567 583 604 599 585
780 785 776 777 773 741 721 724 713 742 731 730 723 725 730 745 704 712 704 696 690 670 674 642 639 617 619 611 614 615 615 612 627 622 630 584 599 567 576 550 546 536 535 547 557 566 585 590 589 589 588 565 557 538 530 524 531 531 527 519 528 522 526 528 531 531 537 541 544 551 559 568 573 588 605 607 603 578 571 570 560 576 574 566 556 550 572 578 586 599 626 621 615 603
765 756 756 759 756 736 727 717 716 714 700 716 730 750 773 747 741 701 712 695 688 682 670 674 645 634 612 631 618 628 637 651 683 654 659 613 603 592 598 587 559 562 563 550 575 585 607 601 611 598 578 565 545 532 527 525 510 521 511 513 511 511 509 511 518 520 517 523 527 539 548 555 564 569 585 587 574 575 567 549 563 560 566 567 546 570 594 612 625 655 641 680 660 652
735 746 753 758 767 743 715 694 704 706 715 708 735 769 751 747 713 723 708 693 688 677 647 670 655 616 606 622 622 640 657 683 681 675 645 614 606 594 595 595 600 599 579 577 577 585 595 598 583 569 559 554 537 524 516 500 497 502 501 500 496 501 503 500 509 518 512 510 510 518 534 543 556 565 577 584 583 559 565 547 539 559 550 571 573 564 605 619 650 677 701 690 687 676
727 721 755 756 739 717 692 711 706 736 693 712 716 744 738 735 732 723 698 706 681 680 654 644 619 605 613 639 637 653 686 693 693 661 623 610 590 598 615 618 617 617 604 593 579 581 577 566 555 540 543 529 517 509 493 495 487 492 496 499 507 508 502 495 504 504 519 506 501 503 517 542 549 556 575 585 589 600 581 553 546 552 554 551 564 593 594 596 636 663 667 691 683 641
715 718 721 738 722 699 706 708 726 726 728 710 740 752 748 761 719 766 771 729 696 653 625 615 609 610 632 647 694 693 721 688 666 633 610 610 621 617 612 616 618 602 620 603 598 568 560 560 548 533 522 512 506 499 483 490 499 500 494 528 500 498 499 487 488 510 524 522 506 502 503 522 536 554 557 583 595 602 575 564 552 548 560 566 569 579 598 612 617 622 623 625 615 607
690 687 681 696 692 695 683 687 702 701 703 729 767 792 832 762 795 802 772 752 692 628 601 595 605 627 669 680 689 705 677 666 638 617 613 622 623 642 635 640 656 640 616 607 599 578 569 552 539 541 519 512 503 496 476 478 485 510 518 523 516 500 476 476 493 503 504 497 494 494 490 507 526 551 569 581 595 613 618 567 557 531 565 580 577 596 632 609 621 604 589 589 584 571
654 667 670 670 680 684 671 682 663 672 680 729 766 802 787 779 783 786 781 696 660 600 587 582 612 633 649 670 661 670 653 644 617 625 635 623 634 667 646 643 641 654 632 602 592 577 554 561 553 535 521 511 499 497 470 468 485 496 517 512 502 484 483 490 487 488 503 490 492 478 480 490 520 546 557 589 596 615 620 593 561 547 531 541 582 604 623 636 604 575 576 561 560 552
636 647 649 658 675 677 672 653 672 665 681 717 750 763 753 725 689 703 684 649 597 584 576 592 581 609 617 591 596 608 607 610 620 623 645 655 664 649 651 663 653 647 616 599 569 573 548 556 552 543 522 513 498 487 475 471 474 471 497 488 485 483 475 474 484 483 485 466 468 459 467 489 512 529 547 548 588 612 624 582 567 532 536 535 576 606 629 621 597 580 556 551 542 536
