sesion_7_reto_final/variables/futuro_A2/2030/PV.asc
ncols 708
nrows 329
xllcorner -7.525000
yllcorner 35.991667
cellsize 0.008333
NODATA_value -9999
[rows 53 to 105 of 329, columns 480 to 575 of 708]
54 54 54 53 53 54 55 55 55 55 55 55 54 54 54 53 54 54 54 54 54 54 55 55 54 54 54 55 55 56 57 57 57 57 57 57 57 56 56 56 57 57 57 57 58 58 58 59 59 60 63 64 65 63 62 61 61 61 61 61 61 61 62 62 63 63 63 63 64 65 66 67 69 70 72 75 76 77 78 78 79 80 80 80 81 83 83 84 85 85 84 86 87 87 85 86
53 53 53 53 54 55 55 55 55 55 55 54 54 53 53 54 53 53 53 54 54 54 55 54 54 54 55 55 55 56 56 56 56 55 55 55 55 56 55 56 56 56 57 57 57 57 58 58 59 60 61 62 62 61 60 59 60 60 60 60 60 60 61 61 62 62 62 63 64 65 65 67 68 71 73 75 78 79 78 80 79 79 78 79 80 82 82 82 83 83 84 84 85 86 84 83
53 53 53 53 54 55 55 54 55 55 54 54 54 52 53 53 53 52 54 53 54 53 54 53 53 54 55 55 55 56 55 54 55 54 55 54 55 55 55 55 55 55 56 56 57 57 57 58 59 59 60 61 60 60 59 58 58 58 59 59 59 59 60 60 61 61 62 63 64 64 65 66 68 70 72 74 76 77 79 78 78 78 77 78 80 80 82 81 80 82 83 83 85 83 83 81
53 54 53 54 54 54 54 54 54 54 54 54 53 52 52 52 52 52 53 53 53 53 52 53 52 53 55 56 55 55 54 53 53 53 54 54 54 54 54 54 55 55 56 57 58 58 58 58 59 60 60 60 60 60 59 58 57 58 59 59 60 59 59 60 60 61 62 63 64 65 65 66 67 68 70 71 73 75 74 75 76 76 76 76 78 78 79 79 80 81 82 84 84 82 81 81
53 54 54 54 54 54 54 53 53 53 53 53 52 52 52 51 51 53 52 52 52 51 52 53 54 53 53 54 53 54 54 53 53 53 53 53 53 53 53 54 54 56 57 57 59 59 59 59 59 60 60 60 60 59 59 58 58 59 60 60 60 59 59 59 60 61 62 64 65 66 67 68 67 68 69 71 71 72 73 74 74 74 75 76 78 78 78 78 80 81 83 83 84 81 80 79
53 53 53 53 53 53 52 53 52 52 52 51 52 51 52 51 51 52 53 52 53 53 52 53 54 54 52 54 54 53 54 54 53 53 53 53 53 53 53 54 56 56 58 58 58 58 58 58 59 59 60 59 59 59 59 58 57 58 60 61 60 58 58 59 60 61 63 64 66 67 68 68 69 71 70 69 70 71 72 73 76 74 75 77 76 78 78 82 81 83 83 82 82 80 79 78
53 53 53 53 53 52 52 52 51 52 51 51 51 52 52 51 53 52 53 53 53 54 53 53 54 54 54 55 55 54 54 54 53 53 53 53 54 55 56 56 56 57 57 57 57 58 58 57 58 59 58 58 58 58 58 57 57 58 59 60 59 58 58 59 61 62 64 66 67 68 69 71 71 72 71 72 73 73 74 75 75 77 75 77 77 79 79 81 82 83 82 82 79 79 77 77
53 52 53 53 53 53 52 51 51 51 51 51 51 52 52 52 52 53 52 53 54 54 54 54 53 55 55 55 55 55 54 54 54 53 53 54 55 55 56 55 55 56 57 57 57 57 57 58 57 58 57 58 58 58 58 57 57 58 58 59 58 58 58 60 61 62 64 65 67 69 71 73 73 73 74 74 75 73 74 75 76 78 78 78 79 77 80 80 81 83 81 82 78 76 75 75
53 53 53 54 54 54 52 51 51 51 51 51 52 52 52 53 53 52 53 53 54 54 55 55 56 56 55 55 55 54 54 54 54 54 55 54 56 56 56 56 55 56 56 56 57 57 57 57 56 57 57 57 57 57 57 57 57 57 56 57 57 57 58 59 62 62 64 66 67 69 72 75 74 76 75 77 76 77 77 75 77 78 80 81 80 80 80 80 82 81 81 77 76 75 73 74
53 53 54 54 55 54 53 52 51 51 51 51 52 52 52 53 53 53 53 53 54 54 55 56 55 55 55 55 54 55 55 55 56 55 56 56 56 55 55 55 55 55 56 56 56 57 57 56 55 56 55 56 56 56 55 56 56 55 56 56 56 58 58 60 62 62 63 65 67 70 72 73 74 75 75 76 76 77 75 77 79 80 80 81 82 81 81 82 81 81 79 75 72 72 73 74
52 53 54 52 53 53 52 51 51 51 51 52 52 52 52 52 52 52 53 53 54 54 55 56 55 55 55 56 55 57 55 56 56 56 55 55 55 55 54 55 55 54 55 55 56 55 56 56 56 55 54 55 55 55 54 54 55 55 55 56 57 58 60 60 61 63 64 66 68 70 72 71 72 73 72 73 73 75 74 76 77 79 80 79 80 80 81 81 82 81 77 72 71 71 72 73
54 53 53 52 52 52 52 52 52 52 52 52 52 52 52 52 52 52 53 53 54 54 54 54 55 55 55 56 57 57 56 56 55 55 55 55 54 54 54 54 54 54 54 55 55 55 55 55 55 55 55 55 54 54 54 55 56 56 57 56 59 59 60 61 62 63 66 68 69 70 70 69 69 71 70 71 71 72 70 71 74 77 78 77 77 79 77 80 80 78 76 73 72 72 72 74
53 53 52 52 52 52 52 52 52 52 52 52 52 52 53 53 53 53 53 52 53 53 54 54 55 56 56 56 56 55 55 55 54 55 54 54 54 54 54 53 54 54 54 54 54 54 54 54 55 55 54 53 53 54 54 56 57 58 58 58 59 58 60 61 63 65 67 69 69 69 68 68 67 67 67 68 69 70 71 68 73 73 73 74 73 74 76 77 77 75 73 72 72 73 75 78
53 53 53 53 53 53 52 52 52 52 52 52 53 54 55 55 55 55 54 53 54 54 54 54 56 55 56 55 55 54 55 53 53 53 53 54 53 53 53 53 54 54 54 54 54 54 53 53 54 53 54 54 53 55 55 58 58 58 59 59 58 60 60 62 64 66 68 68 67 65 65 66 66 68 67 70 70 72 73 72 74 72 73 74 71 71 74 74 73 73 73 74 74 75 79 80
52 54 54 54 54 53 53 53 52 52 53 53 55 56 57 56 56 56 55 54 55 55 55 54 54 54 55 55 53 54 53 52 53 53 52 53 53 52 53 53 53 54 54 53 53 52 53 53 53 54 53 55 55 55 57 57 58 58 59 59 59 59 60 62 64 66 67 65 66 65 64 66 69 68 71 73 75 75 79 78 77 75 74 73 76 79 73 74 72 73 73 77 77 79 79 81
54 55 55 55 55 54 53 53 53 53 53 54 56 56 56 55 55 55 54 54 55 54 54 53 53 54 53 53 52 52 52 52 52 52 52 52 52 52 52 52 52 52 52 53 53 53 53 53 54 55 55 56 56 57 57 58 58 58 59 59 60 61 62 63 65 65 66 65 64 65 66 69 70 73 75 76 77 78 79 81 79 79 76 78 80 80 78 75 72 73 75 77 79 80 80 82
55 57 57 57 56 55 55 54 54 54 54 54 54 54 54 53 53 54 55 54 54 53 53 52 52 52 52 51 51 51 51 51 51 51 51 51 51 51 51 51 51 51 52 52 52 52 53 53 53 55 55 56 56 57 57 58 58 58 58 59 60 61 63 63 65 65 64 64 65 68 69 71 73 76 76 80 78 80 81 82 82 79 81 80 82 83 78 74 74 73 76 77 79 78 80 83
56 60 61 58 56 55 55 54 55 54 54 52 52 52 52 52 53 54 54 54 53 52 52 51 51 51 50 50 50 50 50 50 50 50 50 50 51 51 51 50 51 51 51 52 52 53 53 54 55 55 55 56 56 57 57 57 58 58 59 59 60 61 62 64 64 64 63 65 65 68 70 70 74 78 79 78 79 80 83 84 85 82 83 84 84 82 78 76 74 73 75 78 77 78 79 82
56 60 62 58 56 55 54 54 54 54 52 52 51 51 51 51 52 52 52 52 52 51 51 50 50 49 49 49 49 49 49 49 49 49 49 49 50 50 50 50 50 51 52 52 52 53 53 54 55 55 56 56 57 57 57 58 59 59 59 59 61 61 63 62 64 62 64 64 68 69 71 73 75 78 81 79 80 81 83 85 87 86 85 85 85 80 79 75 74 73 74 76 77 78 80 84
54 56 56 56 55 55 54 53 53 52 51 51 51 50 50 50 50 50 50 50 50 49 50 49 49 49 48 48 48 48 48 48 48 49 50 50 50 50 50 50 50 51 52 52 53 53 54 54 56 56 57 58 58 59 60 60 60 59 58 58 61 62 62 62 62 62 64 67 70 73 75 77 77 81 80 83 81 82 86 87 88 90 86 85 83 78 77 74 73 72 73 74 77 80 86 88
52 53 54 55 54 54 53 52 52 51 51 50 50 50 50 49 49 49 49 49 49 49 49 50 49 48 49 48 48 48 48 48 48 49 49 50 50 50 50 51 51 51 52 53 53 54 54 56 55 57 58 59 60 60 60 61 60 60 58 59 60 62 63 61 62 63 66 68 73 78 80 81 81 82 81 82 83 83 84 87 88 90 90 87 81 76 74 71 72 73 74 75 78 82 85 91
51 52 53 53 54 53 52 51 51 51 51 51 51 51 51 50 50 50 50 50 49 48 49 49 49 49 49 48 48 48 48 48 48 48 49 50 50 51 51 51 52 52 53 54 54 55 56 56 57 58 59 60 61 61 60 59 60 59 59 59 60 61 61 62 62 65 68 71 75 80 82 81 80 81 81 82 84 84 84 84 88 90 89 86 80 73 72 71 73 73 72 75 77 80 88 91
49 51 52 52 52 51 51 51 51 51 51 51 52 53 52 52 52 51 51 50 50 50 49 49 49 49 49 49 48 48 48 48 49 49 49 50 50 51 52 51 52 53 53 54 55 55 56 57 58 59 60 61 61 60 60 59 58 59 58 58 58 59 62 63 66 68 69 72 75 79 79 78 77 79 82 80 82 83 83 83 88 91 89 85 78 74 71 69 72 73 74 74 79 81 85 89
49 50 50 50 50 50 50 51 52 51 52 51 52 52 52 52 52 52 52 51 50 50 50 50 50 50 50 49 49 49 49 50 50 49 50 50 51 51 52 52 53 53 55 55 56 56 56 58 58 59 60 60 61 60 60 59 58 58 57 56 58 60 63 65 67 69 69 72 73 75 76 77 79 79 82 83 82 86 83 88 88 89 88 83 76 73 70 70 71 73 74 76 78 82 86 89
48 48 49 49 50 50 51 52 53 52 53 50 51 51 51 51 51 51 51 52 51 51 52 52 52 51 50 50 48 48 49 50 49 51 51 51 51 52 52 53 54 54 55 55 57 56 57 57 58 58 60 59 60 60 59 59 58 58 56 55 56 61 64 65 66 67 70 71 74 76 81 82 83 84 85 88 88 91 90 91 90 88 83 78 74 71 70 71 72 74 75 77 83 84 87 89
48 49 49 49 51 51 52 52 52 52 51 51 52 51 52 52 52 52 52 52 53 53 53 54 53 53 52 50 49 49 48 48 49 50 50 52 53 53 53 53 54 55 55 55 55 56 57 56 57 57 59 59 60 59 59 59 59 57 57 55 56 60 63 66 67 69 72 76 80 80 86 88 87 88 88 90 92 92 92 92 90 87 80 77 73 71 72 72 73 73 76 79 82 87 87 89
48 49 50 51 52 52 53 53 53 52 52 51 52 53 53 53 54 54 53 53 53 54 54 55 55 54 52 51 50 49 49 48 47 47 50 52 53 53 53 54 53 54 54 54 55 55 56 56 57 57 58 58 59 59 60 59 59 58 59 59 60 64 64 67 69 73 79 79 84 86 87 90 90 92 91 93 92 92 93 89 87 85 81 76 74 73 73 73 73 72 73 80 85 85 90 90
49 49 50 51 52 54 54 54 54 53 53 52 52 53 53 54 55 55 54 54 53 54 54 54 54 54 53 52 51 51 49 50 48 48 51 51 52 52 52 53 53 53 54 54 55 55 55 56 56 57 58 58 59 59 59 59 60 60 60 63 67 67 70 70 72 74 79 82 86 87 89 89 92 93 96 92 92 92 89 87 83 82 77 77 74 73 75 75 76 73 75 82 84 87 92 94
50 50 51 52 53 54 55 55 55 55 54 53 53 52 54 53 54 54 54 53 54 54 54 54 54 54 54 53 52 52 52 51 51 51 51 51 51 52 52 53 53 53 53 54 54 55 55 56 56 57 57 58 58 58 59 59 60 62 64 66 69 72 74 74 74 76 79 83 84 87 89 92 92 95 96 93 91 89 85 82 82 79 78 76 77 77 76 73 75 74 78 83 85 91 93 96
50 51 52 53 55 56 55 55 54 54 55 54 54 53 53 53 53 53 53 54 54 54 54 54 54 54 54 54 54 52 52 53 52 52 51 51 51 52 53 53 53 53 54 53 54 55 55 55 55 56 57 57 58 59 60 61 62 64 67 68 72 74 77 79 81 80 82 85 87 89 92 93 97 98 98 97 92 87 84 82 81 80 80 80 79 79 75 79 76 80 82 86 90 91 95 96
50 51 52 53 54 54 54 54 54 54 54 54 54 53 53 52 53 53 53 53 54 54 53 53 53 53 54 54 53 53 53 52 53 51 51 50 51 52 52 53 53 53 53 54 53 54 54 55 56 56 57 58 59 60 61 62 64 67 68 71 74 75 79 82 84 86 87 89 90 90 95 98 100 101 101 98 95 90 85 83 83 84 85 85 83 83 80 81 78 83 86 87 91 95 95 96
49 50 51 52 53 54 54 54 54 54 54 54 53 53 53 53 52 52 52 53 53 53 53 53 53 53 53 53 52 52 51 52 51 52 51 52 52 51 52 53 53 53 53 53 53 54 54 55 56 57 57 58 60 61 63 64 66 69 70 72 74 76 80 82 86 88 89 90 91 96 98 103 103 104 104 101 96 91 86 85 87 88 87 89 85 86 85 83 84 86 89 91 94 96 96 97
49 50 51 52 52 54 54 54 54 54 53 53 53 53 52 52 52 51 51 52 52 53 52 52 53 53 54 53 52 51 51 51 51 51 51 52 52 52 52 52 52 53 52 53 53 54 55 57 58 59 59 59 61 62 64 65 67 68 71 73 76 77 80 82 86 87 89 89 91 96 100 105 108 107 105 101 97 92 89 86 88 91 90 93 92 91 91 90 92 96 95 97 96 97 97 98
50 51 51 52 53 54 54 55 55 54 54 53 52 52 52 51 51 50 49 50 51 52 51 52 52 53 53 52 52 51 51 51 51 51 51 51 52 52 52 52 52 52 52 53 53 54 56 58 60 60 60 61 61 63 64 66 67 69 72 73 76 77 80 82 85 86 87 88 91 98 101 107 116 113 106 101 96 92 89 87 87 89 91 91 95 91 94 96 96 98 98 97 98 98 98 98
49 51 52 53 54 54 55 55 54 54 53 52 52 51 51 50 50 49 49 49 50 50 51 51 51 52 53 52 52 51 51 51 52 52 51 51 51 52 52 52 52 52 52 53 53 54 56 58 59 60 61 61 62 62 65 66 67 70 71 74 76 78 79 80 83 87 86 89 92 97 103 108 110 110 104 98 96 94 92 91 88 89 92 92 93 91 97 97 100 98 98 98 99 98 98 97
50 51 52 53 54 54 54 54 53 53 52 51 51 49 50 49 49 48 48 48 49 49 51 50 51 51 52 53 52 51 51 51 51 51 51 50 51 51 51 52 51 52 51 52 53 54 56 57 59 61 61 62 63 63 64 66 68 69 72 75 76 77 78 80 84 84 89 90 93 98 101 105 106 104 101 98 95 95 95 93 91 91 91 90 91 95 96 98 99 99 98 99 99 98 97 97
50 51 52 53 54 53 53 53 52 51 50 49 49 48 48 47 48 48 48 48 49 49 50 50 51 51 52 52 52 51 51 51 52 51 51 51 50 50 51 51 51 51 51 52 53 54 55 57 58 60 62 63 62 64 65 67 69 70 72 75 75 75 77 79 83 86 88 89 92 96 102 104 104 102 102 99 100 99 97 96 94 92 93 92 91 93 97 99 99 100 99 99 98 98 98 97
50 51 51 52 52 53 52 52 51 49 49 47 46 46 46 47 48 48 48 49 49 49 50 50 50 51 51 52 51 52 51 51 51 51 51 50 50 50 50 49 50 50 51 52 53 54 55 57 58 60 62 63 64 65 65 67 68 71 73 73 74 75 77 79 81 86 87 89 91 95 100 101 102 101 104 107 105 101 98 96 95 95 94 95 91 95 97 100 99 100 100 99 98 98 98 98
50 50 51 51 51 51 51 50 49 48 46 44 44 44 45 46 47 48 48 49 49 49 50 50 50 51 51 52 51 52 51 51 50 51 51 50 49 49 48 48 48 49 50 51 53 54 55 57 58 59 61 63 64 65 66 67 68 71 73 73 74 75 78 80 81 83 85 87 90 94 97 100 99 99 103 108 105 102 100 99 96 99 97 97 97 95 98 100 100 100 99 98 98 98 98 98
51 51 51 51 51 51 50 49 49 46 44 42 41 42 44 46 47 48 49 49 50 50 50 50 51 51 51 51 51 51 51 51 51 51 50 49 49 48 47 46 45 47 50 51 53 54 56 57 58 60 61 63 65 66 67 67 69 70 71 72 75 77 78 81 82 84 83 87 91 95 96 98 96 97 101 105 106 103 100 100 101 102 102 101 98 98 97 100 101 99 99 98 98 97 98 99
52 52 52 52 51 51 50 50 48 47 44 39 35 40 44 47 48 50 50 50 51 52 52 51 51 51 51 51 51 51 51 51 51 51 50 49 48 48 48 46 45 48 50 52 53 55 56 58 59 60 62 64 65 67 68 68 69 70 71 73 74 77 79 82 83 85 86 88 90 92 95 95 93 96 99 106 105 100 99 103 101 103 103 100 99 96 98 97 100 99 98 98 98 98 100 99
54 53 53 52 52 52 51 50 49 47 45 43 41 43 46 48 50 51 51 52 52 52 53 52 52 52 51 51 51 51 51 51 51 51 50 49 49 49 49 49 49 50 52 53 54 56 57 58 59 60 62 64 67 67 68 68 69 70 71 74 76 78 79 81 84 84 87 88 91 95 94 92 93 97 99 103 103 102 102 103 104 105 102 101 99 97 99 98 99 97 98 97 98 100 99 100
56 56 55 54 53 53 52 51 51 50 48 47 46 47 49 51 51 52 53 53 53 53 54 54 54 53 53 52 52 52 52 51 51 50 50 50 50 50 51 51 51 52 53 55 56 57 58 59 60 61 63 64 66 68 69 71 71 71 73 74 76 78 81 83 84 86 87 91 94 93 92 92 93 97 101 101 102 101 103 104 105 102 103 99 101 99 99 99 98 99 100 98 99 99 99 98
59 58 57 56 56 55 54 53 53 52 51 50 50 51 52 53 53 54 54 55 55 55 55 55 55 54 54 54 54 53 53 52 51 51 50 50 51 51 51 52 52 53 55 56 57 58 58 60 61 62 63 64 66 68 69 71 71 73 73 75 75 78 82 86 87 89 91 92 92 93 92 91 93 95 97 101 103 103 103 103 105 103 102 101 101 100 101 100 100 100 99 100 98 98 94 97
61 61 60 59 58 57 56 56 55 54 54 54 54 55 55 55 56 56 56 56 56 56 56 56 56 56 57 56 56 55 54 53 52 51 51 51 51 51 52 52 53 54 56 57 58 58 59 61 62 63 64 65 66 68 70 71 72 72 74 75 75 77 83 94 96 93 93 93 94 92 88 91 92 96 98 99 102 102 100 102 102 101 101 100 101 102 102 101 103 100 100 98 98 94 95 95
64 63 62 61 61 60 59 58 58 57 57 57 57 57 58 58 58 59 59 59 59 59 59 59 58 58 57 57 57 56 56 55 54 53 52 51 51 51 52 53 54 55 55 57 58 59 60 61 63 64 65 66 67 68 70 71 72 73 73 74 74 72 71 85 93 96 98 95 94 92 92 92 95 95 97 99 102 102 102 100 99 99 97 98 100 103 104 103 99 101 98 96 95 92 92 96
65 65 64 64 63 62 61 61 60 61 60 60 60 60 60 61 61 62 62 62 62 62 62 62 61 60 59 58 58 57 56 55 54 52 52 50 51 52 52 53 54 55 56 57 58 59 60 62 63 65 66 67 68 70 70 72 73 74 75 76 75 74 68 80 88 94 97 98 94 92 92 93 95 97 99 101 102 100 101 99 98 97 97 99 100 103 102 101 100 97 97 94 90 92 92 97
67 66 66 65 65 64 64 63 63 63 63 63 63 64 63 64 65 65 66 66 66 65 65 64 63 62 61 59 58 57 56 55 54 52 50 50 50 51 52 53 54 55 56 57 58 60 61 62 64 66 66 67 69 70 71 73 74 76 77 78 80 81 83 86 92 98 97 96 93 94 94 95 99 100 100 102 101 99 99 98 96 96 98 99 102 103 101 101 98 96 92 92 88 88 91 97
68 68 68 67 66 66 66 66 66 67 66 66 67 66 68 68 69 70 70 70 69 69 68 67 66 65 62 62 59 58 56 54 52 50 48 48 50 51 52 54 55 56 57 58 59 60 61 63 64 65 67 68 69 71 72 74 75 77 79 81 84 86 88 95 98 100 100 96 97 96 95 99 99 103 103 102 100 98 98 96 96 96 98 101 103 102 100 98 95 94 93 87 87 84 90 93
70 70 69 69 69 68 68 68 69 68 71 70 70 70 71 72 73 74 74 73 73 73 72 70 69 68 65 64 62 60 57 55 53 50 47 49 51 52 53 55 56 57 57 59 60 61 61 63 64 66 67 68 69 71 73 74 76 78 80 83 86 90 96 99 103 104 102 100 99 100 99 100 102 103 104 101 100 96 94 92 96 97 100 101 102 100 100 100 98 96 86 84 83 84 88 93
72 71 72 70 70 70 69 70 70 72 73 73 74 74 74 76 77 78 79 78 78 77 76 74 73 72 70 67 65 62 59 57 55 54 53 52 52 53 54 56 57 57 59 61 61 61 62 62 64 65 66 68 69 70 73 75 76 79 81 84 89 92 100 103 106 104 103 104 102 104 103 101 100 103 101 99 96 95 96 95 96 97 97 98 100 97 96 95 93 89 85 84 81 85 88 89
72 72 72 72 72 72 71 72 72 73 74 76 75 77 78 79 81 82 85 86 86 83 80 78 76 75 72 71 66 64 61 59 57 56 55 55 54 54 55 56 58 58 60 61 62 62 63 63 64 65 66 67 69 70 73 75 77 79 82 86 90 95 104 106 110 108 107 108 108 108 106 108 106 103 99 98 95 96 96 97 95 97 94 98 96 96 91 91 86 86 82 81 85 88 88 87
74 74 74 73 74 75 74 73 74 74 74 76 78 80 81 83 86 88 92 95 96 91 86 81 79 76 74 71 68 65 62 60 59 58 58 57 57 57 57 57 58 59 61 61 62 62 63 64 65 66 67 68 69 71 72 74 76 80 83 86 91 96 104 110 114 114 115 116 113 110 112 108 107 103 98 96 97 98 99 97 93 94 96 95 96 93 93 89 86 80 79 81 84 86 84 83
