sesion_7_reto_final/variables/futuro_A2/2030/PV.asc
ncols 708
nrows 329
xllcorner -7.525000
yllcorner 35.991667
cellsize 0.008333
NODATA_value -9999
[rows 106 to 158 of 329, columns 384 to 479 of 708]
63 64 64 64 64 63 63 62 62 61 61 60 60 60 60 60 61 60 61 60 61 61 61 62 62 63 64 65 66 67 68 70 71 74 75 79 82 84 85 84 81 78 74 72 69 67 66 64 63 61 59 58 57 57 55 54 54 53 53 54 54 55 55 56 57 57 58 58 59 59 61 62 63 64 65 66 68 69 69 70 70 72 73 74 75 75 75 76 75 75 74 74 73 73 74 73
61 62 62 62 62 62 62 60 61 60 60 59 59 59 59 59 60 59 60 60 60 61 61 62 63 63 64 65 66 67 69 71 73 76 78 82 87 93 97 95 87 82 78 73 70 68 66 65 63 61 60 58 57 55 54 53 52 52 53 53 54 55 56 56 57 58 58 59 59 60 61 62 64 65 66 67 68 69 71 72 72 73 74 74 77 76 76 76 76 75 75 74 74 74 74 74
60 60 60 60 60 60 60 59 59 58 58 58 58 58 58 59 59 59 59 60 60 60 61 62 63 64 65 66 67 68 69 71 73 76 80 84 91 100 114 105 91 84 79 75 71 68 66 65 63 62 60 58 56 54 52 50 50 50 52 53 54 55 55 57 57 58 59 59 60 61 62 63 64 66 66 68 69 70 71 73 74 75 76 77 78 77 77 77 77 76 75 75 74 74 73 74
58 59 59 58 59 59 59 58 58 58 57 58 57 57 58 58 59 59 59 60 60 60 61 62 62 64 64 66 67 68 70 71 74 77 80 84 89 95 99 95 89 83 79 75 71 69 67 65 64 62 60 59 57 54 51 46 46 49 51 53 54 55 56 57 58 59 60 60 61 62 63 64 65 66 68 69 69 71 72 73 75 76 77 78 79 80 79 79 78 77 76 75 74 73 73 74
57 58 57 57 57 57 57 57 57 58 58 57 57 57 57 57 57 58 59 60 60 60 60 61 62 64 64 66 67 68 70 71 73 75 78 80 84 86 87 86 83 80 77 73 70 68 67 65 64 63 61 60 58 55 52 48 48 50 52 52 54 55 57 58 60 60 61 61 62 62 64 65 65 66 68 68 70 71 73 74 76 78 79 80 81 81 81 80 80 78 77 76 74 73 72 73
57 56 57 57 57 57 56 56 56 56 57 57 56 56 56 56 57 58 59 59 60 59 60 60 62 62 63 65 66 68 69 70 72 74 76 77 79 80 81 80 79 77 74 71 69 68 67 65 64 63 63 61 59 57 55 52 51 52 52 53 53 55 57 60 61 62 62 62 63 64 65 66 66 67 68 69 71 72 74 74 76 79 81 83 84 85 84 83 81 80 78 76 74 73 71 70
57 56 56 56 56 56 55 55 55 55 55 54 54 54 55 55 56 57 58 59 59 59 59 60 61 62 62 64 65 66 67 68 71 72 74 74 75 75 75 75 74 73 71 69 67 67 65 65 64 64 64 63 61 59 57 55 54 53 52 51 52 54 59 62 63 64 64 64 64 64 66 66 66 67 68 69 70 72 74 75 78 80 83 86 89 90 88 86 83 81 79 78 75 73 70 69
55 55 55 55 55 55 54 54 53 53 53 53 53 53 54 55 56 57 58 58 58 58 59 60 61 62 62 63 63 65 66 67 69 70 72 72 73 72 72 72 70 69 68 67 65 65 64 64 64 65 66 65 64 62 60 58 55 54 52 49 46 50 62 68 67 66 65 65 64 65 65 66 66 67 68 69 70 72 73 75 77 80 83 89 96 100 93 88 84 81 79 78 76 74 71 68
54 54 54 54 54 53 53 53 52 52 51 50 50 51 53 54 56 56 57 57 57 58 59 59 60 61 62 63 64 65 65 66 67 69 70 70 70 70 70 68 68 65 64 63 61 62 63 64 65 68 69 69 68 66 63 62 59 56 52 47 36 28 84 80 72 68 67 66 65 65 65 65 66 67 68 69 69 71 73 74 76 79 83 88 93 96 92 87 84 82 80 79 76 76 73 69
53 53 52 53 53 53 52 52 51 51 51 50 47 48 53 54 55 56 56 56 57 57 58 59 60 61 62 62 63 64 65 65 66 66 67 67 67 67 67 66 65 63 60 57 56 60 62 65 68 70 74 76 72 69 68 64 62 60 57 52 45 44 75 77 73 69 68 66 66 65 66 66 66 66 67 68 69 70 72 73 75 78 82 86 88 90 89 87 84 83 82 80 80 77 76 74
54 53 53 53 53 52 52 52 51 51 51 51 49 51 52 53 54 55 56 56 57 57 58 58 59 60 61 62 63 64 64 64 65 65 65 65 66 66 64 64 63 61 57 50 51 57 62 65 68 71 74 76 73 71 71 68 68 66 64 62 59 62 67 70 69 68 68 66 66 65 66 66 67 66 67 67 68 68 70 72 74 77 81 85 86 89 88 88 85 86 85 82 82 79 78 78
53 53 53 53 53 52 52 51 51 52 51 51 51 51 52 53 54 55 56 56 56 57 57 58 58 59 61 61 62 63 63 64 65 64 65 65 64 64 64 63 62 61 58 56 56 59 62 65 68 71 72 74 73 72 72 71 71 71 70 67 64 64 64 67 68 67 67 66 65 66 67 68 69 69 68 67 67 68 69 73 75 77 79 82 83 84 86 84 83 83 83 83 81 80 80 80
52 53 52 52 52 51 52 52 51 51 51 51 51 51 52 53 53 54 54 55 56 57 57 57 58 59 60 60 61 62 62 63 64 64 64 64 64 64 63 63 62 61 61 60 61 62 63 65 68 70 72 73 73 74 73 75 74 72 72 69 67 66 65 66 67 67 66 65 66 65 68 71 71 72 69 68 67 68 71 74 73 75 76 77 79 80 79 80 79 80 79 81 80 81 83 84
52 52 52 52 52 52 53 52 51 51 51 51 51 51 52 53 53 54 54 55 55 56 57 57 57 58 58 60 60 61 62 62 63 63 63 63 63 63 63 63 63 62 63 63 64 65 66 68 71 71 73 73 75 73 77 76 77 77 77 75 71 68 68 67 68 67 66 65 65 66 68 71 72 71 70 67 66 66 68 72 72 71 71 72 72 75 75 74 73 74 75 76 78 83 85 86
53 53 53 53 53 53 53 52 52 51 51 51 52 52 53 53 53 54 54 55 55 55 56 57 57 57 58 58 59 60 60 61 62 62 63 63 63 64 63 64 64 64 64 65 66 66 68 71 74 75 73 74 74 74 75 76 77 78 81 78 77 73 71 70 70 67 66 65 65 66 68 71 71 69 67 65 64 65 66 67 66 67 67 68 69 69 69 72 72 72 73 75 81 82 86 88
54 54 54 53 53 54 53 52 52 51 51 52 52 53 54 54 54 55 55 55 55 55 56 56 57 57 57 58 58 59 59 61 61 62 62 63 63 64 64 65 65 65 66 66 69 69 69 72 74 74 74 72 72 72 71 73 75 76 78 79 78 75 72 70 70 68 66 65 65 66 67 68 67 67 65 64 63 63 62 62 63 63 63 65 67 68 71 72 72 74 75 75 78 80 82 81
54 53 54 53 53 53 53 53 52 52 52 52 53 53 54 54 55 56 55 56 56 55 56 56 57 57 58 58 58 58 59 60 60 61 62 63 63 64 64 65 65 66 66 68 69 69 71 72 72 72 72 71 70 70 71 72 73 74 75 76 76 73 71 70 69 68 67 65 64 65 66 66 66 65 64 64 63 62 61 61 59 59 59 61 65 68 72 73 73 73 74 75 75 76 76 76
53 53 52 52 52 52 52 53 52 52 51 52 52 53 54 54 54 54 55 55 55 55 56 57 57 57 58 58 58 58 59 59 60 61 62 63 63 63 64 65 65 66 66 67 68 70 71 71 72 72 72 71 71 71 71 71 71 72 74 75 73 72 72 72 72 70 67 66 66 65 66 65 65 65 65 64 64 63 62 59 56 54 56 58 62 66 69 70 69 70 70 71 71 72 72 72
53 52 52 52 52 52 52 52 52 51 52 52 52 52 53 53 53 53 54 54 54 54 56 56 56 56 56 57 57 58 58 59 59 61 61 62 63 64 64 65 65 66 66 67 68 69 70 71 72 72 73 73 73 73 72 71 71 72 73 74 74 74 75 75 74 71 69 69 67 68 68 67 66 65 65 66 65 65 61 61 56 51 50 55 59 63 66 66 68 68 68 68 69 69 70 70
52 52 52 52 52 52 51 52 52 52 52 52 52 52 52 52 52 52 52 53 53 54 55 56 56 56 56 57 57 58 59 59 60 60 61 62 62 63 64 64 65 65 66 67 67 69 69 70 71 73 74 75 77 76 74 73 72 72 73 75 78 78 77 78 75 75 70 70 69 70 71 71 69 68 68 67 67 67 66 64 60 55 50 55 57 61 62 64 65 66 66 66 67 67 68 69
52 52 52 53 52 51 53 52 52 51 51 51 51 51 51 51 51 52 52 52 53 53 53 54 54 55 55 56 58 59 59 60 60 61 61 62 62 62 63 64 65 65 66 67 67 68 70 70 72 74 76 78 77 77 75 73 73 73 75 76 78 79 77 78 78 78 74 72 68 69 70 71 73 72 71 70 71 72 70 69 67 62 57 56 55 60 62 62 64 65 64 66 66 67 67 69
52 53 53 53 53 54 54 53 53 52 51 51 51 51 51 51 51 51 51 51 51 52 52 52 53 54 55 57 58 59 60 60 61 61 62 62 63 63 64 65 64 66 66 67 68 68 70 71 73 75 76 77 77 77 75 74 74 75 76 77 78 77 76 77 79 78 79 73 71 68 67 72 72 72 74 75 75 75 76 70 67 64 60 58 58 57 60 62 63 64 63 65 65 67 66 68
54 54 54 55 55 55 56 55 54 52 51 51 51 51 51 50 51 51 50 50 50 49 50 49 52 53 54 56 57 59 60 61 61 62 62 63 64 65 65 65 66 66 67 68 68 69 70 71 72 73 74 74 76 76 77 76 77 78 78 79 78 77 76 76 77 79 76 76 70 69 70 67 71 71 74 75 75 75 74 72 67 62 60 59 57 59 59 60 63 61 62 63 65 65 66 68
56 55 55 56 56 57 57 56 54 53 51 51 51 51 51 50 49 50 50 49 47 46 46 47 50 51 54 55 57 58 59 60 61 62 63 64 65 65 67 66 67 68 67 68 69 70 70 70 72 73 73 73 75 77 77 78 78 79 80 81 82 80 78 78 78 79 80 76 74 70 70 69 71 72 71 72 72 72 73 71 67 64 61 60 59 59 60 61 62 63 63 63 63 64 66 68
57 57 57 57 56 57 57 56 54 52 52 51 51 51 51 50 50 50 48 49 46 44 41 43 46 49 52 54 56 58 59 60 61 62 62 64 65 66 66 66 67 66 68 69 69 70 69 70 71 72 73 74 75 77 78 79 79 79 80 82 83 83 82 81 81 79 83 79 78 71 69 70 71 72 71 71 71 71 70 68 66 64 62 61 60 60 60 61 61 63 63 62 64 65 64 66
58 59 58 57 57 57 56 55 54 53 52 51 51 51 51 51 51 51 49 48 46 42 36 37 44 49 52 53 55 58 59 61 62 65 66 66 66 67 66 66 67 67 68 69 69 69 70 70 72 72 73 74 77 79 80 79 78 79 80 81 82 83 83 84 85 85 85 83 76 71 68 69 68 70 70 70 70 70 69 68 65 63 61 61 61 59 60 61 63 63 64 64 64 64 64 66
60 60 59 58 58 57 56 55 54 53 52 51 51 50 51 51 51 50 49 48 46 44 41 42 45 49 53 55 57 60 62 63 65 67 70 71 73 72 70 69 67 68 69 69 69 70 70 71 71 72 72 74 76 79 79 79 79 78 80 80 79 80 81 83 83 84 83 79 76 71 69 68 68 67 67 69 68 68 69 67 65 65 63 61 61 60 61 61 63 65 66 66 66 65 65 66
63 61 59 58 58 57 56 55 55 53 53 52 51 51 51 51 50 50 49 49 49 48 47 48 50 53 55 57 60 62 63 65 66 69 71 74 75 75 73 72 69 70 69 70 70 70 71 71 69 71 71 75 77 79 78 78 78 80 81 78 77 76 76 76 77 78 79 78 75 72 69 70 67 67 66 68 66 70 69 68 67 66 65 63 61 62 62 61 64 67 67 68 69 67 69 68
65 61 59 58 57 57 56 56 55 55 53 52 51 51 51 51 50 51 50 50 50 50 51 52 53 56 59 61 64 65 67 67 68 70 72 75 76 75 76 74 73 73 73 73 72 73 71 71 72 72 73 74 76 76 78 78 77 80 81 79 76 73 73 74 75 77 79 80 78 78 77 76 73 70 67 67 68 70 70 69 69 66 66 65 64 62 62 63 66 66 69 69 71 69 71 71
62 59 59 57 56 57 56 55 55 55 54 53 51 52 51 51 52 51 51 50 51 52 53 55 57 60 62 65 67 69 70 69 71 74 77 79 78 78 75 74 74 75 75 76 75 74 73 72 72 73 73 74 75 77 76 77 77 78 78 76 75 72 72 74 78 78 81 82 81 80 80 78 75 72 68 66 67 69 70 71 69 69 67 65 67 64 62 63 66 67 69 70 69 70 72 73
58 56 56 56 55 55 55 55 55 55 54 53 52 52 52 53 52 52 51 52 52 54 54 57 59 60 66 70 73 72 71 72 73 77 78 79 77 76 76 76 76 78 78 77 77 76 76 73 75 74 74 74 75 74 74 75 73 75 75 74 72 72 74 77 77 80 80 80 81 81 79 77 74 70 68 67 68 68 70 71 70 70 70 69 66 65 62 61 64 66 67 68 70 70 71 72
55 54 54 54 54 53 54 54 54 54 53 52 52 52 53 53 53 52 53 53 53 54 56 58 60 63 66 70 74 72 71 72 74 75 76 76 76 74 75 76 77 77 77 78 78 78 76 77 75 74 75 75 75 76 76 76 74 73 72 71 70 72 74 75 79 78 79 80 79 78 76 75 71 69 68 69 68 71 72 71 72 69 69 69 67 63 62 61 63 65 66 67 68 70 69 71
53 53 52 52 52 52 53 53 54 53 53 52 52 52 52 52 52 53 53 53 53 55 56 58 59 62 65 67 69 70 70 71 72 73 74 74 74 74 74 75 76 77 77 77 78 77 77 77 75 76 75 77 77 79 80 78 75 73 73 73 73 74 76 78 77 78 78 77 78 76 76 74 71 69 68 71 70 70 70 70 68 68 67 66 64 63 62 62 63 65 67 69 71 70 70 70
50 50 50 52 52 52 52 52 52 52 52 52 52 52 52 52 53 53 53 54 53 55 56 58 59 61 63 65 67 68 68 69 70 71 72 72 73 73 74 75 75 75 77 77 78 78 77 77 77 77 76 78 80 81 80 78 76 76 77 76 78 78 78 77 77 76 76 76 75 73 74 74 70 70 71 70 73 68 70 66 67 65 64 62 63 63 64 65 67 68 71 71 73 72 70 70
48 48 49 51 51 53 54 53 53 53 52 53 53 53 53 52 52 53 53 53 54 55 56 57 59 60 62 64 65 66 67 68 69 70 71 71 72 72 74 74 75 76 77 78 79 78 79 78 78 77 78 80 80 82 81 80 77 79 79 82 81 81 79 78 76 77 75 74 73 73 71 72 71 71 70 73 74 72 69 66 65 63 62 62 62 64 66 68 69 70 71 71 71 70 69 69
45 46 49 51 52 54 53 54 54 54 54 54 54 54 54 53 53 53 53 54 54 54 55 56 58 59 61 62 64 65 67 69 69 70 70 70 71 72 73 74 75 76 78 79 80 81 81 82 80 81 81 82 82 82 81 82 80 80 81 80 80 80 78 77 77 77 75 75 73 71 72 72 71 72 73 74 72 71 70 66 63 62 62 63 65 66 67 70 69 69 69 69 68 68 68 69
43 41 48 51 53 53 54 55 54 56 55 57 57 57 56 55 54 54 54 54 54 55 55 57 58 59 60 61 63 64 66 68 69 69 69 69 70 71 73 74 76 78 79 81 83 85 85 84 83 82 81 82 80 81 81 82 82 80 79 78 80 78 78 78 78 77 75 75 72 72 73 72 72 71 72 75 72 70 68 64 63 63 63 64 66 67 67 68 68 68 67 67 67 67 67 67
44 44 49 53 54 54 54 55 55 57 57 58 59 58 58 56 54 54 54 54 55 55 56 57 57 59 59 60 62 64 65 67 68 68 69 70 71 72 74 76 78 79 82 84 88 89 90 87 84 83 81 80 81 81 81 84 83 80 80 78 79 79 77 77 77 75 74 74 73 74 75 74 74 72 73 72 71 69 67 65 63 63 64 65 66 66 67 67 67 66 66 66 66 65 66 66
53 52 54 56 57 57 57 57 58 58 58 58 57 58 57 56 56 53 53 54 54 54 56 56 57 59 59 60 62 64 65 66 67 68 69 71 72 74 77 78 80 81 83 87 93 101 96 91 87 83 80 80 81 82 81 81 82 82 79 79 78 77 78 77 76 75 74 72 74 74 77 75 71 71 70 70 68 66 65 65 64 63 64 64 65 65 65 66 66 65 65 64 66 65 65 64
56 57 58 60 61 60 61 61 60 60 60 58 57 57 56 56 55 54 53 53 53 53 55 56 58 58 59 60 62 64 65 65 67 68 70 72 76 78 79 81 81 82 83 87 93 98 96 91 87 83 82 81 82 82 81 82 82 80 79 79 76 77 74 76 75 73 71 71 72 73 75 73 71 70 68 68 68 67 65 64 64 62 63 63 63 64 64 65 65 65 65 64 64 64 63 63
62 61 60 62 62 64 64 64 64 62 61 62 60 58 56 55 55 54 53 52 50 51 54 57 58 59 59 61 62 64 65 67 69 69 70 73 76 78 79 80 80 83 84 87 91 91 90 88 85 83 83 82 82 83 83 81 81 80 78 77 76 74 74 73 73 72 71 71 69 71 73 72 70 69 69 66 67 66 64 63 63 62 62 62 62 62 63 63 63 63 63 63 63 63 62 62
66 65 63 61 61 62 63 64 63 62 61 61 63 60 57 57 56 55 54 52 50 49 52 55 57 59 60 62 63 65 67 68 69 70 70 71 73 76 78 78 79 81 82 85 87 88 87 85 84 84 84 83 82 82 81 78 79 77 76 73 75 73 71 74 73 72 71 71 69 68 71 71 70 66 67 66 65 64 63 62 62 62 62 61 61 61 62 61 62 61 62 62 62 62 62 62
67 64 60 59 60 61 63 63 62 62 62 63 61 61 59 58 57 57 55 53 50 47 50 54 57 59 60 62 64 66 67 68 68 69 68 68 71 73 76 78 78 79 80 82 83 83 82 81 82 84 83 81 80 78 77 77 75 74 73 72 71 71 72 72 73 73 72 71 68 68 68 69 69 66 65 64 63 62 62 62 61 61 61 60 60 60 60 60 60 60 61 61 61 61 62 61
67 65 60 59 60 61 62 61 61 61 61 63 63 63 61 61 60 58 57 56 53 50 51 56 59 61 62 63 66 67 68 69 69 69 68 70 70 72 74 76 79 78 79 78 78 79 78 78 79 80 80 78 77 76 75 74 73 73 71 70 70 70 70 72 71 70 68 69 67 66 65 64 65 63 62 63 62 62 62 61 60 60 59 59 59 59 59 60 60 60 60 60 60 61 61 61
65 63 60 59 59 61 62 60 61 60 61 63 67 66 64 63 63 61 60 60 59 60 60 61 62 63 65 65 68 69 69 70 69 69 70 70 72 73 75 76 76 78 77 76 76 75 75 75 75 76 76 76 75 73 72 71 71 70 69 69 70 69 69 69 69 67 67 66 65 65 65 63 62 61 61 61 63 63 61 61 60 60 59 57 58 59 60 61 60 60 60 59 60 60 60 59
62 60 60 58 58 59 59 59 58 60 60 63 64 65 66 63 65 64 65 65 66 66 67 67 67 67 68 70 71 70 71 71 71 70 70 71 72 73 74 74 76 75 75 74 73 72 72 71 73 74 74 73 72 71 69 69 69 68 67 67 67 69 68 66 64 67 65 67 67 66 63 61 60 60 60 61 63 62 61 60 59 58 57 58 58 59 59 59 60 60 59 59 60 58 59 59
61 62 58 59 58 57 57 58 59 60 61 63 64 65 66 65 65 65 66 67 69 70 71 70 71 72 73 73 74 74 74 74 73 72 70 71 71 72 72 73 73 74 74 73 72 71 70 67 69 70 70 70 70 69 68 67 67 67 65 65 65 65 65 65 65 64 67 66 66 66 62 59 58 59 60 61 61 60 59 58 57 57 57 57 57 57 59 59 59 58 58 58 58 57 57 58
65 65 64 62 59 58 57 58 58 59 61 63 65 65 66 66 66 66 68 68 70 70 72 72 73 75 78 80 79 79 77 76 76 73 72 71 71 70 71 72 73 74 73 73 71 70 69 68 68 68 68 68 67 67 66 66 65 65 64 63 64 63 63 63 64 63 64 64 64 63 60 59 58 60 60 59 59 58 57 56 57 56 56 56 57 57 57 58 58 58 57 57 57 57 57 57
68 68 66 62 59 56 55 57 59 60 62 63 65 67 68 69 69 68 67 68 69 70 71 73 75 78 83 88 88 84 80 78 76 75 73 71 70 71 71 72 73 73 74 73 71 70 68 68 67 67 67 66 66 65 64 64 64 63 63 61 63 62 62 62 61 63 63 63 62 60 59 59 58 59 58 57 56 55 56 55 54 55 55 55 56 57 57 57 56 57 57 57 56 56 57 56
69 66 65 61 59 56 57 59 60 60 62 64 66 68 71 74 72 69 69 69 70 70 72 74 77 81 88 98 98 87 82 78 75 74 73 72 72 73 72 73 72 74 72 73 71 69 68 67 66 65 65 64 64 64 63 63 62 61 61 61 61 60 60 60 60 61 61 61 59 58 56 56 55 56 55 55 54 54 54 54 54 54 55 57 57 56 57 57 57 58 57 57 56 55 56 56
65 65 63 61 60 59 59 62 60 63 64 65 67 68 71 71 71 68 68 68 69 71 72 75 79 82 88 89 90 85 82 78 76 74 73 73 73 73 74 74 73 73 72 70 69 67 66 65 65 65 64 63 63 62 62 61 61 60 60 59 59 59 58 58 58 58 59 59 58 56 55 54 53 54 54 53 52 52 53 54 54 55 57 57 57 56 57 56 58 55 56 55 55 55 54 55
66 64 62 61 61 62 64 62 63 61 63 64 65 66 67 68 67 67 66 68 68 70 73 76 81 81 84 83 83 81 80 78 75 74 73 72 73 73 74 73 74 72 71 70 68 67 66 65 64 64 63 63 62 61 60 60 60 59 58 58 57 57 57 57 57 57 57 57 55 54 53 52 52 52 52 52 51 52 54 55 56 58 57 60 59 59 57 56 56 55 54 54 54 54 54 54
65 64 63 62 63 64 63 63 61 63 63 63 63 63 62 65 65 64 64 66 67 70 73 76 78 80 79 78 78 77 77 76 75 75 73 72 72 72 72 72 71 70 69 68 67 66 65 63 63 63 62 61 61 60 60 59 59 59 57 57 56 56 56 56 56 56 56 56 55 52 52 51 50 51 50 51 51 51 54 55 57 59 60 60 60 59 58 55 54 54 53 53 53 53 53 54
