sesion_7_reto_final/variables/futuro_A2/2030/TMXI.asc
ncols 708
nrows 329
xllcorner -7.525000
yllcorner 35.991667
cellsize 0.008333
NODATA_value -9999
[rows 126 to 167 of 329, columns 570 to 664 of 708]
117 115 115 113 113 111 116 112 115 115 116 117 118 120 122 118 120 109 112 113 110 109 106 109 106 106 106 106 105 105 103 102 100 99 99 98 96 88 94 96 96 99 102 101 107 97 101 101 102 102 101 102 101 101 100 100 98 98 98 95 92 86 81 80 72 77 77 64 48 51 45 47 63 71 69 88 87 88 95 86 81 97 105 108 114 116 116 116 118 119 -9999 -9999 -9999 -9999 -9999
115 109 114 115 116 113 115 112 116 115 118 118 118 118 117 116 115 109 107 116 108 110 107 110 107 107 106 105 105 101 97 82 79 87 89 93 92 95 87 86 96 95 95 95 97 100 98 105 100 96 100 102 100 99 91 83 75 83 93 92 68 64 61 57 55 50 53 49 49 61 84 83 89 97 96 89 66 69 70 64 86 104 110 114 111 115 117 117 114 117 -9999 -9999 -9999 -9999 -9999
119 114 117 121 116 115 115 117 116 117 116 116 115 112 116 111 111 109 111 116 109 113 112 110 109 107 107 106 104 101 105 99 82 71 81 77 81 81 83 92 93 92 92 91 93 84 94 95 97 97 98 94 84 101 99 97 97 92 89 82 90 85 81 76 71 61 68 84 84 88 89 95 99 99 97 98 99 99 99 102 108 106 110 111 113 114 116 117 118 122 -9999 -9999 -9999 -9999 -9999
119 124 114 112 115 115 115 117 117 117 118 120 119 112 112 110 114 115 113 113 113 110 110 104 110 107 107 106 104 103 98 97 68 84 71 68 81 68 80 82 86 86 82 80 75 85 93 90 82 95 94 80 84 93 93 93 93 84 71 80 70 51 49 56 75 85 85 93 93 99 98 100 100 101 101 102 103 100 106 110 104 112 113 114 117 116 120 118 119 119 -9999 -9999 -9999 -9999 -9999
113 120 121 116 116 119 117 118 118 116 119 114 111 118 114 112 115 115 112 112 115 117 112 113 109 109 107 109 105 103 99 99 86 78 73 86 81 71 71 89 74 69 82 66 78 74 81 87 91 92 89 94 82 88 88 80 82 71 78 87 79 49 60 66 86 88 79 87 98 100 100 101 101 105 107 107 109 109 112 114 112 115 105 117 116 117 118 120 115 113 110 111 105 105 -9999
114 115 115 116 117 117 118 115 115 119 118 114 116 116 118 115 112 110 108 110 113 115 110 110 110 109 108 107 106 104 104 99 100 94 90 93 74 90 93 85 89 85 67 74 54 77 66 74 89 84 70 68 81 77 78 82 69 71 88 93 86 80 89 90 93 90 93 95 96 102 102 103 106 105 107 109 108 109 112 111 115 116 99 108 115 115 114 115 116 112 114 109 105 105 -9999
115 119 118 119 119 121 120 117 115 120 119 119 118 116 116 116 112 115 115 108 110 108 109 112 107 109 109 107 106 105 104 104 101 100 94 95 98 99 94 90 93 70 78 71 74 76 90 82 75 77 87 69 66 73 69 64 86 80 76 96 97 96 96 97 96 98 101 101 103 105 105 105 104 105 108 110 111 112 112 106 114 111 115 117 107 108 113 114 112 113 113 112 111 109 -9999
114 119 119 118 119 120 120 119 118 120 120 118 113 118 116 116 119 111 112 111 111 109 107 108 107 107 108 107 106 105 102 103 101 102 102 97 98 96 96 95 80 92 94 89 66 91 90 91 91 84 78 88 84 83 83 81 92 98 97 96 97 97 99 99 100 101 103 102 107 106 108 109 109 109 111 94 93 109 107 108 112 111 110 109 105 110 111 110 111 113 113 111 114 113 -9999
119 119 119 119 123 121 123 122 122 120 114 121 116 111 114 113 107 115 109 110 111 105 109 108 108 107 104 104 106 105 103 102 100 96 101 95 100 99 98 97 96 96 96 95 96 94 97 83 97 97 94 94 82 89 94 95 99 100 99 99 99 100 100 99 103 103 105 106 106 108 107 106 89 101 99 100 102 109 108 108 109 108 111 110 105 108 109 110 108 110 111 114 113 116 -9999
123 122 122 122 119 120 119 120 119 119 119 118 116 111 114 111 110 107 107 108 110 110 110 105 106 106 104 104 104 101 93 108 105 103 102 102 99 99 98 88 99 99 98 98 98 97 98 97 97 98 96 96 97 98 99 100 101 100 100 101 102 102 103 101 105 104 106 106 104 104 107 111 96 94 100 105 100 104 106 107 110 110 107 107 106 105 108 107 107 108 110 111 113 115 -9999
117 121 121 118 117 119 116 119 118 117 114 115 115 114 111 108 110 113 106 110 113 110 111 107 103 107 107 106 109 103 104 105 103 102 102 102 102 98 103 101 100 100 100 100 99 99 98 98 98 98 99 100 100 102 101 101 102 102 102 104 104 105 105 104 104 103 102 103 100 102 100 103 101 96 94 102 107 106 110 109 105 101 102 89 96 93 105 103 106 102 110 114 113 115 113
119 120 121 121 120 119 119 118 115 121 116 116 119 118 116 117 117 118 115 115 114 114 109 105 111 108 106 105 105 104 104 104 105 105 103 105 103 103 96 102 98 99 99 96 98 97 98 97 97 97 97 98 99 99 100 99 101 101 100 101 102 101 101 101 101 101 100 91 101 98 99 97 91 95 101 102 107 105 107 102 85 87 83 74 74 101 102 100 104 106 106 106 107 107 107
120 119 119 119 120 120 118 119 120 115 118 117 113 111 110 111 108 114 114 112 110 104 107 103 108 113 111 105 102 105 107 108 106 105 104 102 102 101 101 101 99 101 102 97 96 96 95 96 94 92 96 96 98 99 99 99 100 100 100 100 101 101 101 103 103 98 105 99 101 103 98 98 98 97 100 105 101 99 94 91 94 97 103 100 99 102 105 103 97 99 107 102 105 105 111
119 119 119 119 120 119 121 120 117 117 115 118 114 113 114 108 114 109 112 112 108 107 106 105 105 106 105 109 113 97 108 107 100 107 101 102 101 100 100 100 96 96 92 94 86 95 92 92 94 91 95 94 94 97 98 98 98 96 83 100 102 101 100 101 102 100 104 99 100 98 98 98 99 97 93 100 98 82 99 106 99 106 103 104 100 102 102 107 111 109 111 106 111 108 112
118 119 118 121 121 119 119 119 121 121 116 117 114 109 115 116 115 112 111 110 108 109 106 107 106 106 103 104 101 102 101 104 103 103 102 99 104 101 99 100 98 98 96 95 94 96 91 92 88 93 98 95 97 98 98 98 97 98 100 99 98 98 97 98 99 99 100 100 101 100 100 100 100 99 96 91 83 97 102 93 101 99 107 102 106 103 94 108 100 110 105 100 109 106 108
116 118 118 119 119 120 120 119 116 118 118 118 118 117 119 112 111 109 110 109 108 107 105 107 105 105 103 102 103 103 102 103 103 103 102 101 101 99 99 99 102 101 98 92 92 94 93 94 93 91 91 92 93 95 97 99 100 98 97 99 101 97 97 99 98 99 99 100 100 100 101 101 100 95 94 93 102 101 100 108 103 102 111 109 112 103 102 106 105 108 106 110 109 109 109
117 117 118 118 119 119 119 118 118 119 118 117 114 117 112 114 110 110 108 108 106 107 104 104 106 105 106 105 102 101 100 102 100 102 101 101 100 100 103 98 98 95 99 99 95 97 96 96 94 93 95 96 95 98 98 99 101 100 101 100 100 101 102 99 101 101 101 100 99 97 98 101 98 88 72 102 103 104 102 108 106 103 103 106 109 109 111 109 110 106 115 112 108 112 114
116 116 117 116 116 116 117 117 115 116 113 113 110 108 112 110 110 109 108 108 107 106 105 104 104 103 97 98 96 97 100 100 101 100 99 99 100 100 95 97 98 100 100 100 95 97 95 93 95 94 96 98 99 99 97 99 100 105 104 101 101 103 103 104 102 102 102 103 101 101 99 101 86 76 101 106 104 107 98 102 103 108 107 108 112 101 105 108 112 109 100 116 116 115 112
116 115 114 115 115 115 116 116 115 112 120 115 106 111 110 112 108 107 108 107 105 104 103 94 100 89 90 89 81 88 96 90 96 95 96 96 96 98 95 95 93 94 91 94 94 90 90 89 90 89 88 92 95 97 97 99 103 103 104 104 103 104 104 105 105 103 103 103 99 100 103 106 103 109 102 108 107 102 105 103 106 108 93 102 113 112 109 108 114 113 104 104 116 117 109
113 114 114 115 115 115 116 116 115 115 111 109 115 111 108 109 107 107 107 105 105 104 107 100 96 101 96 89 90 83 102 84 97 96 95 95 94 93 96 92 93 92 95 95 92 94 96 88 90 85 88 81 88 89 94 96 96 95 98 98 99 91 93 98 102 103 98 95 105 98 90 104 114 110 108 106 104 107 98 105 102 107 108 108 114 115 106 113 114 111 114 114 116 118 120
114 114 115 116 116 115 117 110 111 112 110 114 109 106 112 108 108 110 105 104 103 104 106 101 94 94 102 99 97 95 97 93 95 95 95 92 94 88 88 92 88 87 89 96 97 94 96 90 81 91 92 94 89 84 96 90 81 85 81 87 92 103 108 107 93 95 85 79 102 109 109 110 101 110 113 110 111 109 104 107 106 112 111 114 113 118 109 115 114 116 116 118 118 120 124
114 115 114 114 115 116 116 117 114 112 112 111 110 110 110 108 109 106 105 104 102 102 103 102 102 99 98 95 88 91 94 94 95 91 92 94 93 93 94 97 96 89 96 91 97 99 97 94 95 85 75 87 83 87 90 93 98 100 100 101 104 90 107 110 108 97 98 106 102 109 112 111 113 110 109 113 111 112 110 111 109 108 120 116 114 117 119 115 118 119 124 118 122 124 122
112 114 114 114 115 115 114 113 114 113 112 111 111 110 110 108 106 107 105 104 104 102 101 100 100 94 95 93 92 90 88 92 93 88 87 90 90 83 85 92 91 97 99 100 101 100 100 100 100 88 89 89 91 92 103 104 99 88 102 97 104 105 104 118 101 111 113 104 114 111 107 106 112 117 115 117 112 113 110 104 103 114 116 113 115 117 123 118 123 121 122 125 118 125 126
112 113 113 114 114 114 113 114 111 113 113 111 109 109 108 107 108 106 105 104 105 102 103 101 101 96 90 96 96 93 81 81 87 89 93 91 91 88 83 92 92 95 94 97 100 101 103 101 100 82 98 88 97 92 88 104 103 105 107 105 96 107 109 113 114 116 110 116 116 112 116 115 116 120 119 118 118 117 109 118 115 117 118 118 118 122 119 122 124 124 127 124 126 121 126
112 112 112 113 113 114 115 114 112 111 114 110 110 109 108 109 107 106 105 104 105 103 100 101 100 97 79 85 86 89 86 82 88 88 87 88 86 81 73 72 88 93 96 98 100 101 102 103 102 107 102 105 104 106 109 108 109 109 109 110 107 110 108 112 112 112 120 117 117 117 119 116 117 118 116 119 119 118 118 116 116 119 119 122 122 123 127 127 128 130 135 131 128 129 129
111 110 111 112 112 113 114 111 110 110 111 109 109 109 108 108 107 107 105 104 103 103 102 101 99 97 92 94 96 92 90 90 90 87 89 87 84 89 81 70 81 91 96 94 97 100 100 102 105 104 105 104 103 104 106 107 109 110 111 112 112 112 112 113 115 118 117 122 119 122 118 119 120 118 121 123 119 121 122 117 120 118 119 124 124 127 125 126 130 131 133 130 131 130 129
106 107 110 111 112 112 112 113 110 110 108 108 108 108 106 107 106 105 105 103 104 103 101 102 99 99 98 97 93 95 90 90 89 88 89 85 72 74 79 74 82 93 89 94 93 85 93 92 97 104 104 105 106 105 105 105 101 108 111 113 112 112 116 114 115 116 112 115 125 119 118 121 122 125 121 122 122 121 123 121 119 119 117 123 125 126 129 131 129 130 128 132 132 135 131
106 105 107 109 110 110 112 113 107 112 108 108 107 107 107 106 106 106 105 104 103 101 98 98 100 96 92 95 94 94 94 82 80 85 90 85 71 84 82 90 92 92 91 100 92 93 99 98 97 105 105 105 106 106 107 107 109 110 102 116 116 114 118 112 117 120 113 117 125 120 123 126 127 123 125 124 123 123 126 123 123 122 122 122 126 128 128 129 133 131 132 134 133 135 132
104 105 106 108 109 112 111 111 106 109 108 108 107 107 106 107 106 105 105 105 103 102 102 99 98 98 98 97 98 103 96 95 102 96 95 91 93 89 85 85 96 93 100 91 99 97 100 102 102 101 104 93 104 107 107 107 107 111 107 119 115 115 116 118 117 119 122 118 114 128 120 128 125 127 126 125 126 126 126 125 126 125 123 125 125 121 130 131 134 133 133 134 137 139 133
102 104 106 106 107 109 111 110 108 108 109 108 107 106 106 106 106 104 105 102 103 101 99 97 97 93 100 96 99 101 100 98 96 104 96 104 94 95 96 99 85 97 92 98 93 100 99 97 102 105 107 107 102 108 109 110 109 111 110 108 122 119 121 127 117 123 115 121 122 122 126 128 126 129 127 127 127 128 130 129 126 125 122 124 115 131 134 132 134 134 135 135 140 137 137
102 101 103 104 105 108 107 105 110 106 106 106 108 106 105 106 106 107 105 104 102 101 101 100 100 102 97 99 103 100 100 95 100 106 100 100 101 78 74 88 83 104 100 105 103 94 96 100 97 102 97 107 111 95 107 111 111 112 115 112 117 115 112 117 124 120 122 125 122 127 128 126 130 129 128 128 133 130 130 125 124 124 116 119 133 119 124 130 136 134 134 138 136 139 140
102 98 104 103 106 105 104 105 105 107 105 105 106 104 105 105 107 106 104 104 104 102 104 102 104 102 102 103 101 103 102 104 103 103 101 103 104 106 100 105 102 107 104 109 107 103 95 111 106 101 103 98 103 102 104 95 107 110 105 95 107 117 120 123 126 124 127 128 128 130 129 131 129 131 131 130 131 131 130 133 133 129 125 132 132 130 124 136 136 138 136 138 137 145 137
86 94 101 100 103 102 103 105 105 103 104 105 104 105 104 105 104 105 105 106 105 104 104 103 99 100 104 104 100 99 102 102 106 105 107 106 97 106 107 103 105 103 110 105 107 98 108 110 100 106 100 93 109 110 102 108 101 117 104 99 107 117 131 124 129 127 128 128 131 130 131 133 132 132 133 134 134 132 133 135 133 133 127 135 131 134 137 137 137 137 138 139 139 141 143
84 91 90 99 101 103 103 102 104 109 103 103 103 106 103 103 102 105 106 106 105 104 107 103 100 98 102 103 104 97 112 104 108 101 109 101 112 109 112 110 113 113 113 109 116 107 116 115 119 117 109 107 94 119 115 105 112 116 126 114 119 121 123 126 135 130 134 130 132 132 133 133 130 135 135 134 133 133 135 135 133 134 132 130 128 128 137 138 140 141 143 141 141 142 141
88 91 102 87 102 97 100 101 102 102 102 101 104 102 105 103 103 103 104 106 107 108 106 105 105 102 104 109 108 104 109 102 108 112 110 108 113 114 112 114 115 117 115 117 116 119 116 115 126 120 122 123 114 102 119 124 124 127 123 128 126 118 131 129 131 132 132 132 133 133 133 133 129 133 129 135 134 135 133 137 133 134 135 133 135 125 136 143 140 142 143 144 145 143 143
86 96 95 93 101 90 96 100 101 102 102 101 102 104 104 103 105 104 105 107 108 109 107 102 107 103 101 103 112 109 109 113 104 113 114 114 115 115 116 117 116 116 118 121 118 120 120 122 126 123 122 127 125 128 130 127 128 132 128 122 131 129 133 133 132 131 135 134 135 134 135 135 135 139 136 137 138 138 136 137 130 130 128 133 133 142 135 140 144 143 144 138 143 145 143
88 93 94 104 90 96 97 100 101 101 100 102 102 100 101 101 102 102 106 109 110 107 108 109 109 108 107 108 113 112 114 111 113 111 115 119 119 118 118 118 120 121 116 121 122 122 121 122 125 124 125 129 132 128 128 128 135 132 132 134 132 133 132 136 135 133 135 135 137 136 135 136 137 137 135 137 138 139 140 140 136 141 137 130 145 143 141 144 144 144 145 143 145 129 144
81 92 94 92 88 95 97 99 100 106 95 100 95 102 96 98 99 102 104 105 111 111 109 110 111 109 109 111 111 114 116 117 117 114 117 116 120 119 119 121 125 122 124 124 123 123 122 125 125 128 127 127 132 129 131 131 131 133 131 131 133 135 134 133 136 135 133 136 137 137 135 136 138 135 137 140 140 139 140 140 140 140 144 137 137 144 145 143 136 146 148 141 147 133 146
82 87 98 80 98 96 96 94 98 99 98 100 99 95 97 98 95 102 108 100 103 110 108 107 113 111 113 114 112 113 120 117 117 118 115 119 119 125 120 122 121 119 123 125 122 125 123 127 127 126 131 130 130 128 129 131 129 133 132 135 134 132 133 136 138 135 138 138 137 136 135 135 138 136 138 139 142 140 142 141 142 142 143 142 145 150 146 144 146 148 145 149 148 149 148
91 99 81 98 85 93 100 96 102 93 94 99 102 101 92 96 94 96 98 99 101 103 108 106 108 113 116 116 112 115 117 120 118 120 117 116 122 122 122 123 123 124 121 123 129 126 120 127 127 134 129 128 127 129 134 133 132 133 134 133 129 135 137 136 132 137 137 135 138 140 139 132 134 134 140 141 140 142 142 143 143 143 143 144 141 143 147 147 148 148 146 148 150 151 150
89 88 82 88 93 84 92 86 93 87 89 94 93 102 92 96 94 94 99 95 102 99 102 112 99 104 111 112 111 108 108 115 116 121 119 120 115 118 116 121 118 115 113 119 113 118 130 123 122 128 130 125 113 125 123 131 128 129 127 128 128 133 127 128 131 130 123 136 131 131 140 139 139 138 141 141 143 142 143 143 143 144 144 145 141 140 143 143 147 147 143 148 148 150 151
80 76 74 86 90 85 93 82 95 89 91 100 87 89 88 88 105 102 99 103 109 104 95 101 105 99 112 102 103 102 106 103 102 107 105 99 108 107 102 110 109 120 111 122 125 122 115 115 117 124 124 115 127 124 125 130 126 115 130 132 129 135 129 133 128 124 133 136 139 132 130 120 137 133 133 134 138 134 136 140 140 143 140 140 143 141 143 144 141 144 145 147 147 149 148
