sesion_6_simulaciones/modelos_distribucion_especies/ejemplo/variables/futuro_A2/2020/PA.asc
ncols 708
nrows 329
xllcorner -7.525000
yllcorner 35.991667
cellsize 0.008333
NODATA_value -9999
[rows 205 to 245 of 329, columns 94 to 187 of 708]
-9999 -9999 -9999 -9999 -9999 -9999 -9999 -9999 -9999 -9999 -9999 -9999 -9999 -9999 -9999 -9999 -9999 -9999 -9999 -9999 -9999 -9999 433 442 451 458 465 469 472 474 474 473 471 469 467 465 462 461 459 458 457 457 457 457 457 457 457 458 458 458 458 459 459 460 461 461 462 463 464 465 466 467 469 470 472 474 475 477 -9999 -9999 -9999 -9999 488 490 492 494 496 499 501 503 504 506 507 508 510 511 512 514 515 516 518 519 522 523
-9999 -9999 -9999 -9999 -9999 -9999 -9999 -9999 -9999 -9999 -9999 -9999 -9999 -9999 -9999 -9999 -9999 -9999 -9999 -9999 -9999 -9999 425 433 440 447 451 455 457 458 458 457 456 455 454 452 451 450 449 449 449 449 450 451 452 452 453 454 455 455 456 457 457 458 459 460 461 461 462 464 465 467 468 470 472 474 476 478 -9999 -9999 -9999 -9999 490 493 495 498 500 502 504 506 508 510 511 512 513 514 515 516 516 517 518 519 519 520
-9999 -9999 -9999 -9999 -9999 -9999 -9999 -9999 -9999 -9999 -9999 -9999 -9999 -9999 -9999 -9999 -9999 -9999 -9999 -9999 -9999 -9999 -9999 -9999 -9999 -9999 439 442 444 444 445 444 443 442 442 441 440 440 440 441 442 443 444 445 447 448 449 450 451 452 454 455 456 456 457 458 459 460 462 463 465 466 468 470 472 474 477 479 -9999 -9999 488 490 493 496 499 501 504 506 508 510 512 513 514 515 516 517 517 518 518 518 518 519 520 517
-9999 -9999 -9999 -9999 -9999 -9999 -9999 -9999 -9999 -9999 -9999 -9999 -9999 -9999 -9999 -9999 -9999 -9999 -9999 -9999 -9999 -9999 -9999 -9999 -9999 -9999 430 432 432 433 433 433 432 432 431 431 431 432 433 434 435 437 439 440 442 444 446 447 449 450 451 452 453 454 456 457 458 459 460 462 463 465 467 469 471 474 477 480 -9999 -9999 490 493 496 499 502 505 508 510 513 515 516 518 519 519 520 520 520 520 518 519 518 519 519 516
-9999 -9999 -9999 -9999 -9999 -9999 -9999 -9999 -9999 -9999 -9999 -9999 -9999 -9999 -9999 -9999 -9999 -9999 -9999 -9999 -9999 -9999 -9999 -9999 -9999 -9999 421 422 424 424 424 424 424 423 423 423 424 425 426 428 430 432 434 436 438 441 443 444 446 447 449 450 451 453 454 455 456 458 459 461 462 464 466 468 471 473 476 480 -9999 -9999 492 496 499 503 507 510 513 516 518 520 522 523 523 523 523 523 522 521 521 520 522 519 516 512
-9999 -9999 -9999 -9999 -9999 -9999 -9999 -9999 -9999 -9999 -9999 -9999 -9999 -9999 -9999 -9999 -9999 -9999 -9999 -9999 -9999 -9999 -9999 -9999 -9999 -9999 414 417 418 419 419 418 418 418 417 418 419 420 422 424 426 428 431 433 435 438 440 442 443 445 447 448 450 451 452 454 455 456 458 459 461 463 465 467 470 473 476 479 -9999 -9999 492 497 502 507 511 515 518 521 524 526 527 528 528 528 527 526 525 523 522 524 519 515 517 511
-9999 -9999 -9999 -9999 -9999 -9999 -9999 -9999 -9999 -9999 -9999 -9999 -9999 -9999 -9999 -9999 -9999 -9999 -9999 -9999 -9999 -9999 -9999 -9999 -9999 -9999 -9999 -9999 -9999 -9999 -9999 -9999 414 414 414 415 415 417 419 421 423 425 428 430 433 435 437 439 441 443 445 446 448 449 450 452 453 455 456 457 459 461 463 466 468 471 -9999 -9999 483 488 493 498 504 509 514 519 523 527 530 532 533 534 534 533 532 530 528 526 523 521 522 519 514 508
-9999 -9999 -9999 -9999 -9999 -9999 -9999 -9999 -9999 -9999 -9999 -9999 -9999 -9999 -9999 -9999 -9999 -9999 -9999 -9999 -9999 -9999 -9999 -9999 -9999 -9999 -9999 -9999 -9999 -9999 -9999 -9999 412 412 411 412 413 415 417 419 421 424 426 428 431 433 435 437 439 441 443 444 446 447 449 450 451 453 454 456 457 459 461 464 466 469 -9999 -9999 482 487 492 498 504 510 516 521 526 531 534 537 538 539 539 538 537 534 527 529 524 521 517 515 510 506
-9999 -9999 -9999 -9999 -9999 -9999 -9999 -9999 -9999 -9999 -9999 -9999 -9999 -9999 -9999 -9999 -9999 -9999 -9999 -9999 -9999 -9999 -9999 -9999 -9999 -9999 -9999 -9999 -9999 -9999 -9999 -9999 411 411 410 412 412 414 416 418 420 422 425 427 429 431 433 436 438 439 441 443 444 446 447 448 450 451 452 454 456 457 459 461 464 467 -9999 -9999 480 485 491 497 504 510 517 523 528 533 537 540 543 545 542 542 541 536 534 530 525 521 517 512 507 503
-9999 -9999 -9999 -9999 -9999 -9999 -9999 -9999 -9999 -9999 -9999 -9999 -9999 -9999 -9999 -9999 -9999 -9999 -9999 -9999 -9999 -9999 -9999 -9999 -9999 -9999 -9999 -9999 -9999 -9999 -9999 -9999 410 411 412 412 413 414 415 417 419 422 424 426 428 430 432 434 436 438 440 441 443 444 446 447 448 449 450 452 453 455 457 459 461 464 -9999 -9999 477 482 489 495 502 509 516 523 529 535 539 548 548 551 545 545 542 539 534 529 525 522 513 511 507 501
-9999 -9999 -9999 -9999 -9999 -9999 -9999 -9999 -9999 -9999 -9999 -9999 -9999 -9999 -9999 -9999 -9999 -9999 -9999 -9999 -9999 -9999 -9999 -9999 -9999 -9999 -9999 -9999 -9999 -9999 -9999 -9999 -9999 -9999 412 413 415 415 416 417 419 422 423 425 427 429 431 433 435 437 439 440 442 443 444 445 -9999 -9999 449 449 451 452 454 456 -9999 -9999 -9999 -9999 473 478 484 491 498 506 514 521 529 535 542 550 554 549 548 548 549 542 540 527 526 520 519 512 507 495
-9999 -9999 -9999 -9999 -9999 -9999 -9999 -9999 -9999 -9999 -9999 -9999 -9999 -9999 -9999 -9999 -9999 -9999 -9999 -9999 -9999 -9999 -9999 -9999 -9999 -9999 -9999 -9999 -9999 -9999 -9999 -9999 -9999 -9999 411 412 415 417 418 419 420 421 424 425 427 429 430 432 434 436 438 439 441 442 443 444 -9999 -9999 447 447 448 449 450 452 -9999 -9999 -9999 -9999 467 473 479 486 494 502 510 518 527 535 543 548 553 555 552 550 548 544 538 530 524 519 514 509 504 497
-9999 -9999 -9999 -9999 -9999 -9999 -9999 -9999 -9999 -9999 -9999 -9999 -9999 -9999 -9999 -9999 -9999 -9999 -9999 -9999 -9999 -9999 -9999 -9999 -9999 -9999 -9999 -9999 -9999 -9999 -9999 -9999 -9999 -9999 -9999 -9999 415 417 418 419 421 422 423 425 427 428 430 432 -9999 -9999 -9999 -9999 -9999 -9999 -9999 -9999 -9999 -9999 -9999 -9999 446 446 -9999 -9999 -9999 -9999 454 457 461 466 472 479 487 495 504 514 520 531 539 543 548 550 549 547 542 537 532 526 521 517 511 506 500 494
-9999 -9999 -9999 -9999 -9999 -9999 -9999 -9999 -9999 -9999 -9999 -9999 -9999 -9999 -9999 -9999 -9999 -9999 -9999 -9999 -9999 -9999 -9999 -9999 -9999 -9999 -9999 -9999 -9999 -9999 -9999 -9999 -9999 -9999 -9999 -9999 414 417 416 419 422 423 424 425 427 428 430 432 -9999 -9999 -9999 -9999 -9999 -9999 -9999 -9999 -9999 -9999 -9999 -9999 444 444 -9999 -9999 -9999 -9999 448 451 455 459 465 471 479 487 496 505 517 523 529 534 543 543 543 540 536 532 528 523 520 513 510 502 496 489
-9999 -9999 -9999 -9999 -9999 -9999 -9999 -9999 -9999 -9999 -9999 -9999 -9999 -9999 -9999 -9999 -9999 -9999 -9999 -9999 -9999 -9999 -9999 -9999 -9999 -9999 -9999 -9999 -9999 -9999 -9999 -9999 -9999 -9999 -9999 -9999 415 418 418 420 422 423 425 425 427 428 -9999 -9999 -9999 -9999 -9999 -9999 -9999 -9999 -9999 -9999 -9999 -9999 -9999 -9999 -9999 -9999 -9999 -9999 441 442 443 445 448 451 456 462 469 477 486 495 503 511 518 524 533 535 535 532 530 529 525 519 516 511 505 498 492 485
-9999 -9999 -9999 -9999 -9999 -9999 -9999 -9999 -9999 -9999 -9999 -9999 -9999 -9999 -9999 -9999 -9999 -9999 -9999 -9999 -9999 -9999 -9999 -9999 -9999 -9999 -9999 -9999 -9999 -9999 -9999 -9999 -9999 -9999 -9999 -9999 413 416 417 419 421 423 424 425 427 429 -9999 -9999 -9999 -9999 -9999 -9999 -9999 -9999 -9999 -9999 -9999 -9999 -9999 -9999 -9999 -9999 -9999 -9999 438 439 443 445 446 447 449 453 459 466 474 484 490 501 507 511 516 521 523 524 524 522 520 515 511 505 500 494 489 485
-9999 -9999 -9999 -9999 -9999 -9999 -9999 -9999 -9999 -9999 -9999 -9999 -9999 -9999 -9999 -9999 -9999 -9999 -9999 -9999 -9999 -9999 -9999 -9999 -9999 -9999 -9999 -9999 -9999 -9999 -9999 -9999 -9999 -9999 -9999 -9999 -9999 -9999 416 419 420 422 423 425 426 428 -9999 -9999 433 435 436 438 440 441 442 443 444 444 444 443 442 441 440 439 440 436 445 445 448 444 442 444 448 455 465 475 481 490 495 502 507 512 515 515 516 514 511 509 505 501 495 491 488 487
-9999 -9999 -9999 -9999 -9999 -9999 -9999 -9999 -9999 -9999 -9999 -9999 -9999 -9999 -9999 -9999 -9999 -9999 -9999 -9999 -9999 -9999 -9999 -9999 -9999 -9999 -9999 -9999 -9999 -9999 -9999 -9999 -9999 -9999 -9999 -9999 -9999 -9999 416 418 419 421 422 424 425 427 -9999 -9999 433 435 437 439 441 442 443 445 445 446 446 445 444 443 443 438 439 444 451 448 445 438 436 435 438 443 452 460 467 475 482 488 497 500 506 507 507 506 504 502 499 496 492 489 490 492
-9999 -9999 -9999 -9999 -9999 -9999 -9999 -9999 -9999 -9999 -9999 -9999 -9999 -9999 -9999 -9999 -9999 -9999 -9999 -9999 -9999 -9999 -9999 -9999 -9999 -9999 -9999 -9999 -9999 -9999 -9999 -9999 -9999 -9999 -9999 -9999 -9999 -9999 -9999 -9999 419 420 422 423 425 427 -9999 -9999 433 435 438 440 442 444 445 446 448 448 448 448 446 446 447 445 443 446 448 448 445 436 430 428 431 434 439 447 454 461 469 471 482 488 496 498 499 498 496 496 494 491 487 486 487 486
-9999 -9999 -9999 -9999 -9999 -9999 -9999 -9999 -9999 -9999 -9999 -9999 -9999 -9999 -9999 -9999 -9999 -9999 -9999 -9999 -9999 -9999 -9999 -9999 -9999 -9999 -9999 -9999 -9999 -9999 -9999 -9999 -9999 -9999 -9999 -9999 -9999 -9999 -9999 -9999 417 419 421 422 424 426 -9999 -9999 433 435 438 441 443 445 447 449 451 452 452 452 451 450 449 447 448 444 446 444 439 430 429 425 426 428 433 439 442 447 455 462 469 478 484 490 492 493 493 492 490 488 487 483 483 480
-9999 -9999 -9999 -9999 -9999 -9999 -9999 -9999 -9999 -9999 -9999 -9999 -9999 -9999 -9999 -9999 -9999 -9999 -9999 -9999 -9999 -9999 -9999 -9999 -9999 -9999 -9999 -9999 -9999 -9999 -9999 -9999 -9999 -9999 -9999 -9999 -9999 -9999 -9999 -9999 -9999 -9999 420 422 423 425 -9999 -9999 433 436 439 442 445 448 450 453 455 456 457 458 457 457 455 454 453 453 445 444 440 433 426 424 423 427 428 431 435 438 444 451 458 466 476 483 487 488 488 488 489 489 493 491 487 473
-9999 -9999 -9999 -9999 -9999 -9999 -9999 -9999 -9999 -9999 -9999 -9999 -9999 -9999 -9999 -9999 -9999 -9999 -9999 -9999 -9999 -9999 -9999 -9999 -9999 -9999 -9999 -9999 -9999 -9999 -9999 -9999 -9999 -9999 -9999 -9999 -9999 -9999 -9999 -9999 -9999 -9999 418 420 422 424 -9999 -9999 432 435 439 443 446 450 453 456 459 462 464 465 466 466 464 462 462 459 458 451 442 442 435 429 426 422 428 428 428 432 438 444 451 460 471 478 480 484 484 485 489 493 495 484 491 486
-9999 -9999 -9999 -9999 -9999 -9999 -9999 -9999 -9999 -9999 -9999 -9999 -9999 -9999 -9999 -9999 -9999 -9999 -9999 -9999 -9999 -9999 -9999 -9999 -9999 -9999 -9999 -9999 -9999 -9999 -9999 -9999 -9999 -9999 -9999 -9999 -9999 -9999 -9999 -9999 -9999 -9999 417 419 420 422 -9999 -9999 -9999 -9999 439 443 448 452 457 460 464 468 471 474 476 478 476 474 473 473 468 462 459 449 439 435 425 421 421 427 423 429 433 439 446 454 460 466 478 476 478 482 488 482 492 488 496 505
-9999 -9999 -9999 -9999 -9999 -9999 -9999 -9999 -9999 -9999 -9999 -9999 -9999 -9999 -9999 -9999 -9999 -9999 -9999 -9999 -9999 -9999 -9999 -9999 -9999 -9999 -9999 -9999 -9999 -9999 -9999 -9999 -9999 -9999 -9999 -9999 -9999 -9999 -9999 -9999 -9999 -9999 415 417 419 421 -9999 -9999 -9999 -9999 438 443 449 454 459 464 469 474 479 487 491 490 490 484 484 483 480 470 462 456 445 434 426 424 422 425 423 425 431 439 446 450 457 465 468 467 472 476 480 480 479 488 487 492
-9999 -9999 -9999 -9999 -9999 -9999 -9999 -9999 -9999 -9999 -9999 -9999 -9999 -9999 -9999 -9999 -9999 -9999 -9999 -9999 -9999 -9999 -9999 -9999 -9999 -9999 -9999 -9999 -9999 -9999 -9999 -9999 -9999 -9999 -9999 -9999 -9999 -9999 -9999 -9999 -9999 -9999 412 414 417 419 -9999 -9999 -9999 -9999 439 444 450 456 462 468 475 480 488 492 500 505 505 501 495 491 479 476 465 455 444 435 429 424 416 423 427 430 433 447 455 455 461 461 469 469 477 474 471 468 470 472 476 474
-9999 -9999 -9999 -9999 -9999 -9999 -9999 -9999 -9999 -9999 -9999 -9999 -9999 -9999 -9999 -9999 -9999 -9999 -9999 -9999 -9999 -9999 -9999 -9999 -9999 -9999 -9999 -9999 -9999 -9999 -9999 -9999 -9999 -9999 -9999 -9999 -9999 -9999 -9999 -9999 -9999 -9999 411 412 415 417 -9999 -9999 -9999 -9999 441 447 453 459 466 473 480 487 494 500 507 511 513 510 503 496 490 481 469 458 446 435 429 423 420 424 426 434 440 453 462 466 468 466 465 469 474 472 466 462 459 455 451 448
-9999 -9999 -9999 -9999 -9999 -9999 -9999 -9999 -9999 -9999 -9999 -9999 -9999 -9999 -9999 -9999 -9999 -9999 -9999 -9999 -9999 -9999 -9999 -9999 -9999 -9999 -9999 -9999 -9999 -9999 -9999 -9999 -9999 -9999 -9999 -9999 -9999 -9999 -9999 -9999 -9999 -9999 -9999 -9999 -9999 -9999 -9999 -9999 -9999 -9999 441 448 455 462 470 477 485 493 501 510 516 521 518 516 510 505 495 483 473 458 445 434 427 422 423 422 427 433 439 452 462 470 468 467 469 474 472 469 459 454 448 443 436 425
-9999 -9999 -9999 -9999 -9999 -9999 -9999 -9999 -9999 -9999 -9999 -9999 -9999 -9999 -9999 -9999 -9999 -9999 -9999 -9999 -9999 -9999 -9999 -9999 -9999 -9999 -9999 -9999 -9999 -9999 -9999 -9999 -9999 -9999 -9999 -9999 -9999 -9999 -9999 -9999 -9999 -9999 -9999 -9999 -9999 -9999 -9999 -9999 -9999 -9999 441 450 458 468 475 482 490 499 509 520 528 531 528 519 518 507 496 487 469 456 440 429 422 423 417 421 423 434 444 452 462 472 473 475 473 475 471 465 458 449 440 432 422 409
-9999 -9999 -9999 -9999 -9999 -9999 -9999 -9999 -9999 -9999 -9999 -9999 -9999 -9999 -9999 -9999 -9999 -9999 -9999 -9999 -9999 -9999 -9999 -9999 -9999 -9999 -9999 -9999 -9999 -9999 -9999 -9999 -9999 -9999 -9999 -9999 -9999 -9999 -9999 -9999 -9999 -9999 -9999 -9999 -9999 -9999 414 421 429 439 442 451 462 469 479 485 495 504 514 523 527 535 533 525 519 506 498 477 466 447 432 422 416 416 416 421 421 433 447 457 465 474 477 481 480 479 474 466 453 445 435 425 409 397
-9999 -9999 -9999 -9999 -9999 -9999 -9999 -9999 -9999 -9999 -9999 -9999 -9999 -9999 -9999 -9999 -9999 -9999 -9999 -9999 -9999 -9999 -9999 -9999 -9999 -9999 -9999 -9999 -9999 -9999 -9999 -9999 -9999 -9999 -9999 -9999 -9999 -9999 -9999 -9999 -9999 -9999 -9999 -9999 -9999 -9999 416 421 431 440 439 452 464 473 481 488 499 508 519 530 537 535 534 523 517 504 492 475 457 438 423 413 407 409 408 415 420 435 444 461 468 475 482 485 488 482 478 462 456 442 429 418 403 388
-9999 -9999 -9999 -9999 -9999 -9999 -9999 -9999 -9999 -9999 -9999 -9999 -9999 -9999 -9999 -9999 -9999 -9999 -9999 -9999 -9999 -9999 -9999 -9999 -9999 -9999 -9999 -9999 -9999 -9999 -9999 -9999 -9999 -9999 -9999 -9999 -9999 -9999 -9999 -9999 -9999 -9999 -9999 407 410 414 420 425 431 437 447 454 462 475 481 491 502 511 520 527 535 535 533 527 516 502 484 466 447 430 416 405 399 400 404 406 419 426 446 459 471 480 486 490 492 490 480 469 459 447 428 416 399 386
-9999 -9999 -9999 -9999 -9999 -9999 -9999 -9999 -9999 -9999 -9999 -9999 -9999 -9999 -9999 -9999 -9999 -9999 -9999 -9999 -9999 -9999 -9999 -9999 -9999 -9999 -9999 -9999 -9999 -9999 -9999 -9999 -9999 -9999 -9999 -9999 -9999 -9999 -9999 -9999 -9999 -9999 405 408 412 417 423 428 433 432 448 455 467 475 481 493 502 513 524 532 533 533 530 523 512 498 479 460 443 426 411 401 395 395 399 406 414 429 443 459 472 484 491 496 497 493 485 474 460 446 431 413 406 387
-9999 -9999 -9999 -9999 -9999 -9999 -9999 -9999 -9999 -9999 -9999 -9999 -9999 -9999 -9999 -9999 -9999 -9999 -9999 -9999 -9999 -9999 -9999 -9999 -9999 -9999 -9999 -9999 -9999 -9999 -9999 -9999 -9999 -9999 -9999 -9999 -9999 -9999 -9999 -9999 405 406 407 410 415 419 427 431 438 444 450 460 465 472 483 492 504 515 522 528 531 529 526 519 508 495 478 461 442 429 414 405 395 403 401 404 416 429 444 461 476 487 496 502 503 499 491 480 462 450 437 424 410 398
-9999 -9999 -9999 -9999 -9999 -9999 -9999 -9999 -9999 -9999 -9999 -9999 -9999 -9999 -9999 -9999 -9999 -9999 -9999 -9999 -9999 -9999 -9999 -9999 -9999 -9999 -9999 -9999 -9999 -9999 -9999 -9999 -9999 -9999 -9999 -9999 -9999 -9999 -9999 407 408 410 411 414 418 421 430 437 441 445 452 459 466 472 483 493 504 512 517 523 525 525 523 516 508 496 480 466 457 434 417 414 414 412 415 413 422 433 449 464 479 490 501 507 509 505 497 487 473 459 446 426 426 414
-9999 -9999 -9999 -9999 -9999 -9999 -9999 -9999 -9999 -9999 -9999 -9999 -9999 -9999 -9999 -9999 -9999 -9999 -9999 -9999 -9999 -9999 -9999 -9999 -9999 -9999 -9999 -9999 -9999 -9999 -9999 -9999 -9999 -9999 -9999 -9999 -9999 -9999 409 410 411 413 415 418 423 429 436 441 444 450 453 459 466 474 485 494 502 508 512 517 519 519 517 513 507 498 487 472 459 444 430 420 419 419 423 423 429 440 453 468 481 493 503 508 511 509 502 493 481 471 462 455 450 435
-9999 -9999 -9999 -9999 -9999 -9999 -9999 -9999 -9999 -9999 -9999 -9999 -9999 -9999 -9999 -9999 -9999 -9999 -9999 -9999 -9999 -9999 -9999 -9999 -9999 -9999 -9999 -9999 -9999 -9999 -9999 -9999 -9999 -9999 -9999 -9999 -9999 -9999 412 413 415 417 420 425 428 433 441 444 449 451 457 460 467 476 486 493 498 503 507 510 513 515 514 515 509 494 482 472 459 445 432 427 423 430 429 430 438 447 459 471 483 494 503 510 512 511 506 502 496 488 476 471 463 451
-9999 -9999 -9999 -9999 -9999 -9999 -9999 -9999 -9999 -9999 -9999 -9999 -9999 -9999 -9999 -9999 -9999 -9999 -9999 -9999 -9999 -9999 -9999 -9999 -9999 -9999 -9999 -9999 -9999 -9999 -9999 -9999 -9999 -9999 -9999 -9999 -9999 -9999 415 416 418 421 424 429 433 437 443 446 450 453 456 461 468 476 483 489 494 500 504 505 508 509 511 510 501 497 475 471 457 448 438 435 437 434 440 442 446 454 464 475 485 495 504 510 513 515 512 512 503 495 488 478 479 476
-9999 -9999 -9999 -9999 -9999 -9999 -9999 -9999 -9999 -9999 -9999 -9999 -9999 -9999 -9999 -9999 -9999 -9999 -9999 -9999 -9999 -9999 -9999 -9999 -9999 -9999 -9999 -9999 -9999 -9999 -9999 -9999 -9999 -9999 -9999 -9999 -9999 -9999 417 419 422 426 429 432 437 440 442 447 449 451 455 459 467 473 480 486 492 495 503 503 502 508 505 504 500 489 480 472 461 453 448 446 448 449 451 449 454 461 469 478 487 496 505 511 516 513 521 518 516 510 502 500 495 489
-9999 -9999 -9999 -9999 -9999 -9999 -9999 -9999 -9999 -9999 -9999 -9999 -9999 -9999 -9999 -9999 -9999 -9999 -9999 -9999 -9999 -9999 -9999 -9999 -9999 -9999 -9999 -9999 -9999 -9999 -9999 -9999 -9999 -9999 -9999 -9999 -9999 -9999 419 421 424 428 431 435 437 440 445 449 449 452 455 460 465 469 478 483 488 491 497 497 497 500 498 499 498 488 483 469 464 458 458 462 460 460 459 461 462 468 474 481 489 498 506 512 511 522 523 523 527 516 517 514 509 505
-9999 -9999 -9999 -9999 -9999 -9999 -9999 -9999 -9999 -9999 -9999 -9999 -9999 -9999 -9999 -9999 -9999 -9999 -9999 -9999 -9999 -9999 -9999 -9999 -9999 -9999 -9999 -9999 -9999 -9999 -9999 -9999 -9999 -9999 -9999 -9999 -9999 -9999 421 423 426 429 433 436 437 442 446 445 449 452 454 458 463 468 475 479 480 485 489 490 492 495 495 493 493 484 483 475 463 461 466 465 466 466 466 466 469 473 478 483 491 498 505 515 520 524 527 523 527 528 524 524 519 513
-9999 -9999 -9999 -9999 -9999 -9999 -9999 -9999 -9999 -9999 -9999 -9999 -9999 -9999 -9999 -9999 -9999 -9999 -9999 -9999 -9999 -9999 -9999 -9999 -9999 -9999 -9999 -9999 -9999 -9999 -9999 -9999 -9999 -9999 -9999 -9999 -9999 -9999 -9999 -9999 426 429 431 436 438 442 445 449 449 451 453 457 461 465 469 472 476 478 481 483 488 492 492 488 482 478 473 468 460 464 466 466 467 468 470 471 472 475 479 485 492 499 507 512 520 526 521 530 526 528 530 528 522 522
