sesion_6_simulaciones/modelos_distribucion_especies/ejemplo/variables/futuro_A2/2020/PA.asc
ncols 708
nrows 329
xllcorner -7.525000
yllcorner 35.991667
cellsize 0.008333
NODATA_value -9999
[rows 41 to 81 of 329, columns 188 to 281 of 708]
-9999 -9999 -9999 -9999 -9999 -9999 -9999 -9999 -9999 -9999 -9999 -9999 -9999 -9999 -9999 -9999 -9999 -9999 -9999 -9999 -9999 -9999 -9999 -9999 -9999 -9999 -9999 -9999 -9999 -9999 -9999 -9999 -9999 -9999 -9999 -9999 -9999 -9999 -9999 -9999 -9999 -9999 -9999 -9999 -9999 -9999 468 473 480 462 472 467 464 462 461 458 454 450 449 448 447 445 446 446 446 445 442 442 441 440 438 437 437 439 447 442 447 439 433 433 431 433 434 440 442 451 450 450 464 452 456 461 464 463
-9999 -9999 -9999 -9999 -9999 -9999 -9999 -9999 -9999 -9999 -9999 -9999 -9999 -9999 -9999 -9999 -9999 -9999 -9999 -9999 -9999 -9999 -9999 -9999 -9999 -9999 -9999 -9999 -9999 -9999 -9999 -9999 -9999 -9999 -9999 -9999 -9999 -9999 -9999 -9999 -9999 -9999 -9999 -9999 -9999 -9999 -9999 -9999 467 467 472 465 470 465 462 457 456 452 450 448 447 446 445 445 444 442 440 437 434 434 432 432 431 435 440 450 448 441 439 435 434 436 437 440 446 446 459 467 459 466 464 463 467 470
-9999 -9999 -9999 -9999 -9999 -9999 -9999 -9999 -9999 -9999 -9999 -9999 -9999 -9999 -9999 -9999 -9999 -9999 -9999 -9999 -9999 -9999 -9999 -9999 -9999 -9999 -9999 -9999 -9999 -9999 -9999 -9999 -9999 -9999 -9999 -9999 -9999 -9999 -9999 -9999 -9999 -9999 -9999 -9999 -9999 -9999 -9999 -9999 463 461 464 466 469 460 464 461 459 454 451 451 449 449 449 447 444 441 438 436 434 432 429 428 426 427 432 440 444 444 431 441 442 440 441 443 447 450 454 465 473 479 472 473 474 474
-9999 -9999 -9999 -9999 -9999 -9999 -9999 -9999 -9999 -9999 -9999 -9999 -9999 -9999 -9999 -9999 -9999 -9999 -9999 -9999 -9999 -9999 -9999 -9999 -9999 -9999 -9999 -9999 -9999 -9999 -9999 -9999 -9999 -9999 -9999 -9999 -9999 -9999 -9999 -9999 -9999 -9999 -9999 -9999 -9999 -9999 -9999 463 465 466 463 464 464 462 462 463 459 458 456 453 452 452 451 448 445 443 440 437 434 432 430 428 425 424 425 426 429 430 433 441 437 444 446 447 449 455 463 472 467 482 480 488 485 479
-9999 -9999 -9999 -9999 -9999 -9999 -9999 -9999 -9999 -9999 -9999 -9999 -9999 -9999 -9999 -9999 -9999 -9999 -9999 -9999 -9999 -9999 -9999 -9999 -9999 -9999 -9999 -9999 -9999 -9999 -9999 -9999 -9999 -9999 -9999 -9999 -9999 -9999 -9999 -9999 -9999 -9999 -9999 -9999 -9999 -9999 -9999 466 468 466 467 467 462 463 462 458 462 462 458 456 455 454 452 448 448 444 440 438 435 432 433 429 427 424 423 422 421 422 423 427 434 443 451 445 455 462 465 460 454 471 477 479 486 484
-9999 -9999 -9999 -9999 -9999 -9999 -9999 -9999 -9999 -9999 -9999 -9999 -9999 -9999 -9999 -9999 -9999 -9999 -9999 -9999 -9999 -9999 -9999 -9999 -9999 -9999 -9999 -9999 -9999 -9999 -9999 -9999 -9999 -9999 -9999 -9999 -9999 -9999 -9999 -9999 -9999 -9999 -9999 -9999 -9999 -9999 -9999 467 467 465 467 466 467 467 467 462 465 463 460 457 455 453 448 447 443 440 439 436 435 431 430 431 432 430 426 420 419 418 421 423 429 439 447 449 454 457 456 460 460 457 459 467 477 477
-9999 -9999 -9999 -9999 -9999 -9999 -9999 -9999 -9999 -9999 -9999 -9999 -9999 -9999 -9999 -9999 -9999 -9999 -9999 -9999 -9999 -9999 -9999 -9999 -9999 -9999 -9999 -9999 -9999 -9999 -9999 -9999 -9999 -9999 -9999 -9999 -9999 -9999 -9999 -9999 -9999 -9999 -9999 -9999 -9999 -9999 468 467 469 467 466 465 466 469 472 472 465 469 460 461 453 450 445 442 438 436 433 431 432 430 432 430 438 433 434 427 419 418 419 426 437 436 442 449 453 453 454 453 454 453 455 458 466 472
-9999 -9999 -9999 -9999 -9999 -9999 -9999 -9999 -9999 -9999 -9999 -9999 -9999 -9999 -9999 -9999 -9999 -9999 -9999 -9999 -9999 -9999 -9999 -9999 -9999 -9999 -9999 -9999 -9999 -9999 -9999 -9999 -9999 -9999 -9999 -9999 -9999 -9999 -9999 -9999 -9999 -9999 -9999 -9999 -9999 -9999 -9999 -9999 469 468 465 464 463 465 468 473 477 471 471 463 453 447 442 439 439 433 432 429 426 425 427 433 431 430 432 425 422 419 421 415 438 435 444 440 451 450 450 454 462 460 455 456 461 463
-9999 -9999 -9999 -9999 -9999 -9999 -9999 -9999 -9999 -9999 -9999 -9999 -9999 -9999 -9999 -9999 -9999 -9999 -9999 -9999 -9999 -9999 -9999 -9999 -9999 -9999 -9999 -9999 -9999 -9999 -9999 -9999 -9999 -9999 -9999 -9999 -9999 -9999 -9999 -9999 -9999 -9999 -9999 -9999 -9999 -9999 -9999 -9999 469 468 466 464 464 465 463 468 474 480 455 460 458 447 440 437 438 434 432 429 426 424 421 423 425 425 423 420 415 417 423 425 434 431 430 429 435 440 459 463 468 468 464 464 458 459
-9999 -9999 -9999 -9999 -9999 -9999 -9999 -9999 -9999 -9999 -9999 -9999 -9999 -9999 -9999 -9999 -9999 -9999 -9999 -9999 -9999 -9999 -9999 -9999 -9999 -9999 -9999 -9999 -9999 -9999 -9999 -9999 -9999 -9999 -9999 -9999 -9999 -9999 -9999 -9999 -9999 -9999 -9999 -9999 -9999 -9999 -9999 -9999 -9999 -9999 465 463 462 461 458 456 458 456 455 454 451 441 435 433 433 432 430 429 424 420 418 417 416 417 417 416 416 414 418 428 428 428 425 425 430 437 445 453 461 471 464 462 454 463
-9999 -9999 -9999 -9999 -9999 -9999 -9999 -9999 -9999 -9999 -9999 -9999 -9999 -9999 -9999 -9999 -9999 -9999 -9999 -9999 -9999 -9999 -9999 -9999 -9999 -9999 -9999 -9999 -9999 -9999 -9999 -9999 -9999 -9999 -9999 -9999 -9999 -9999 -9999 -9999 -9999 -9999 -9999 -9999 -9999 -9999 -9999 -9999 -9999 -9999 467 463 461 457 453 448 445 444 442 440 437 434 431 429 428 426 425 422 420 419 419 416 415 415 415 415 415 410 412 415 416 418 421 422 427 430 441 444 457 455 466 463 471 463
-9999 -9999 -9999 -9999 -9999 -9999 -9999 -9999 -9999 -9999 -9999 -9999 -9999 -9999 -9999 -9999 -9999 -9999 -9999 -9999 -9999 -9999 -9999 -9999 -9999 -9999 -9999 -9999 -9999 -9999 -9999 -9999 -9999 -9999 -9999 -9999 -9999 -9999 -9999 -9999 -9999 -9999 -9999 -9999 -9999 -9999 -9999 -9999 -9999 -9999 464 465 463 460 451 447 446 443 441 440 439 435 431 427 423 422 421 420 420 420 419 417 416 416 417 416 416 410 411 414 415 419 417 419 429 431 437 437 444 452 458 465 467 456
-9999 -9999 -9999 -9999 -9999 -9999 -9999 -9999 -9999 -9999 -9999 -9999 -9999 -9999 -9999 -9999 -9999 -9999 -9999 -9999 -9999 -9999 -9999 -9999 -9999 -9999 -9999 -9999 -9999 -9999 -9999 -9999 -9999 -9999 -9999 -9999 -9999 -9999 -9999 -9999 -9999 -9999 -9999 -9999 -9999 -9999 -9999 -9999 -9999 -9999 469 469 468 464 461 458 451 448 446 442 439 437 426 430 423 421 419 418 419 421 417 419 419 417 418 418 418 416 417 415 417 417 416 419 424 429 432 435 440 446 451 455 457 464
-9999 -9999 -9999 -9999 -9999 -9999 -9999 -9999 -9999 -9999 -9999 -9999 -9999 -9999 -9999 -9999 -9999 -9999 -9999 -9999 -9999 -9999 -9999 -9999 -9999 -9999 -9999 -9999 -9999 -9999 -9999 -9999 -9999 -9999 -9999 -9999 -9999 -9999 -9999 -9999 -9999 -9999 -9999 -9999 -9999 -9999 -9999 -9999 -9999 -9999 -9999 -9999 468 470 469 466 457 458 454 447 439 434 436 432 427 425 421 420 420 421 422 422 421 423 422 423 425 424 421 420 419 419 420 423 428 432 436 435 441 445 445 447 456 460
-9999 -9999 -9999 -9999 -9999 -9999 -9999 -9999 -9999 -9999 -9999 -9999 -9999 -9999 -9999 -9999 -9999 -9999 -9999 -9999 -9999 -9999 -9999 -9999 -9999 -9999 -9999 -9999 -9999 -9999 -9999 -9999 -9999 -9999 -9999 -9999 -9999 -9999 -9999 -9999 -9999 -9999 -9999 -9999 -9999 -9999 -9999 -9999 -9999 -9999 -9999 -9999 473 471 472 469 469 466 457 449 444 439 435 434 435 429 427 425 424 424 425 426 427 427 431 432 434 433 431 428 427 427 427 430 430 435 438 440 443 446 445 447 452 452
-9999 -9999 -9999 -9999 -9999 -9999 -9999 -9999 -9999 -9999 -9999 -9999 -9999 -9999 -9999 -9999 -9999 -9999 -9999 -9999 -9999 -9999 -9999 -9999 -9999 -9999 -9999 -9999 -9999 -9999 -9999 -9999 -9999 -9999 -9999 -9999 -9999 -9999 -9999 -9999 -9999 -9999 -9999 -9999 -9999 -9999 -9999 -9999 -9999 -9999 -9999 -9999 474 473 474 478 475 469 462 456 451 446 445 445 446 442 434 433 432 433 436 436 436 442 449 459 455 462 455 445 441 439 440 439 440 439 441 445 444 444 446 448 450 453
-9999 -9999 -9999 -9999 -9999 -9999 -9999 -9999 -9999 -9999 -9999 -9999 -9999 -9999 -9999 -9999 -9999 -9999 -9999 -9999 -9999 -9999 -9999 -9999 -9999 -9999 -9999 -9999 -9999 -9999 -9999 -9999 -9999 -9999 -9999 -9999 -9999 -9999 -9999 -9999 -9999 -9999 -9999 -9999 -9999 -9999 -9999 -9999 -9999 -9999 -9999 -9999 481 480 479 479 478 474 471 463 459 456 452 452 447 444 445 441 436 441 443 440 442 445 458 475 477 493 479 465 462 458 452 452 453 451 449 448 446 449 449 451 446 463
-9999 -9999 -9999 -9999 -9999 -9999 -9999 -9999 -9999 -9999 -9999 -9999 -9999 -9999 -9999 -9999 -9999 -9999 -9999 -9999 -9999 -9999 -9999 -9999 -9999 -9999 -9999 -9999 -9999 -9999 -9999 -9999 -9999 -9999 -9999 -9999 -9999 -9999 -9999 -9999 -9999 -9999 -9999 -9999 -9999 -9999 -9999 -9999 -9999 -9999 -9999 -9999 488 486 487 486 485 481 479 474 469 465 455 451 451 448 446 445 445 446 445 446 448 453 463 470 490 486 486 491 486 470 477 471 467 461 459 455 456 455 455 457 459 462
-9999 -9999 -9999 -9999 -9999 -9999 -9999 -9999 -9999 -9999 -9999 -9999 -9999 -9999 -9999 -9999 -9999 -9999 -9999 -9999 -9999 -9999 -9999 -9999 -9999 -9999 -9999 -9999 -9999 -9999 -9999 -9999 -9999 -9999 -9999 -9999 -9999 -9999 -9999 -9999 -9999 -9999 -9999 -9999 -9999 -9999 -9999 -9999 -9999 -9999 -9999 -9999 495 498 495 493 489 486 481 474 472 466 461 455 453 452 452 451 453 454 459 454 460 461 465 468 476 487 491 479 481 488 498 487 470 468 467 465 466 468 467 463 465 459
-9999 -9999 -9999 -9999 -9999 -9999 -9999 -9999 -9999 -9999 -9999 -9999 -9999 -9999 -9999 -9999 -9999 -9999 -9999 -9999 -9999 -9999 -9999 -9999 -9999 -9999 -9999 -9999 -9999 -9999 -9999 -9999 -9999 -9999 -9999 -9999 -9999 -9999 -9999 -9999 -9999 -9999 -9999 -9999 -9999 -9999 -9999 -9999 -9999 -9999 -9999 -9999 497 502 503 499 489 486 480 477 472 467 465 461 461 464 467 472 473 474 467 471 475 483 472 485 493 494 493 493 495 497 495 491 476 475 472 474 475 479 482 479 472 471
-9999 -9999 -9999 -9999 -9999 -9999 -9999 -9999 -9999 -9999 -9999 -9999 -9999 -9999 -9999 -9999 -9999 -9999 -9999 -9999 -9999 -9999 -9999 -9999 -9999 -9999 -9999 -9999 -9999 -9999 -9999 -9999 -9999 -9999 -9999 -9999 -9999 -9999 -9999 -9999 -9999 -9999 -9999 -9999 -9999 -9999 -9999 -9999 -9999 -9999 -9999 -9999 495 501 509 500 499 491 485 483 480 474 474 470 473 475 480 489 492 493 485 479 488 491 502 507 505 516 504 499 505 496 489 483 481 481 481 481 487 493 492 492 483 486
-9999 -9999 -9999 -9999 -9999 -9999 -9999 -9999 -9999 -9999 -9999 -9999 -9999 -9999 -9999 -9999 -9999 -9999 -9999 -9999 -9999 -9999 -9999 -9999 -9999 -9999 -9999 -9999 -9999 -9999 -9999 -9999 -9999 -9999 -9999 -9999 -9999 -9999 -9999 -9999 -9999 -9999 -9999 -9999 -9999 -9999 -9999 -9999 -9999 -9999 -9999 -9999 490 493 498 504 504 504 499 491 495 490 490 483 482 484 490 505 506 506 501 500 499 499 512 511 525 524 528 526 512 507 498 496 496 493 491 490 492 499 504 502 493 504
-9999 -9999 -9999 -9999 -9999 -9999 -9999 -9999 -9999 -9999 -9999 -9999 -9999 -9999 -9999 -9999 -9999 -9999 -9999 -9999 -9999 -9999 -9999 -9999 -9999 -9999 -9999 -9999 -9999 -9999 -9999 -9999 -9999 -9999 -9999 -9999 -9999 -9999 -9999 -9999 -9999 -9999 -9999 -9999 -9999 -9999 -9999 -9999 -9999 -9999 -9999 -9999 487 498 501 508 509 510 510 510 507 503 505 502 498 500 502 511 518 523 527 515 517 508 517 514 534 533 536 534 538 520 521 503 521 514 512 503 501 504 513 513 513 519
-9999 -9999 -9999 -9999 -9999 -9999 -9999 -9999 -9999 -9999 -9999 -9999 -9999 -9999 -9999 -9999 -9999 -9999 -9999 -9999 -9999 -9999 -9999 -9999 -9999 -9999 -9999 -9999 -9999 -9999 -9999 -9999 -9999 -9999 -9999 -9999 -9999 -9999 -9999 -9999 -9999 -9999 -9999 -9999 -9999 -9999 -9999 -9999 -9999 -9999 -9999 485 490 499 503 506 513 517 522 526 523 519 511 514 514 512 522 523 524 532 533 536 525 523 521 534 534 536 536 538 532 534 538 531 523 535 516 520 523 521 517 523 528 539
-9999 -9999 -9999 -9999 -9999 -9999 -9999 -9999 -9999 -9999 -9999 -9999 -9999 -9999 -9999 -9999 -9999 -9999 -9999 -9999 -9999 -9999 -9999 -9999 -9999 -9999 -9999 -9999 -9999 -9999 -9999 -9999 -9999 -9999 -9999 -9999 -9999 -9999 -9999 -9999 -9999 -9999 -9999 -9999 -9999 -9999 -9999 -9999 -9999 -9999 492 492 498 496 501 495 503 510 514 520 511 506 506 501 521 509 517 524 532 528 536 532 538 533 537 535 534 529 529 528 532 537 541 539 543 539 538 544 545 530 544 535 542 551
-9999 -9999 -9999 -9999 -9999 -9999 -9999 -9999 -9999 -9999 -9999 -9999 -9999 -9999 -9999 -9999 -9999 -9999 -9999 -9999 -9999 -9999 -9999 -9999 -9999 -9999 504 498 -9999 -9999 -9999 -9999 -9999 -9999 -9999 -9999 -9999 -9999 -9999 -9999 -9999 -9999 -9999 -9999 -9999 -9999 -9999 -9999 -9999 -9999 489 487 496 494 495 490 494 499 489 504 500 497 499 503 496 506 505 511 518 529 536 548 549 543 544 538 537 528 519 515 536 533 547 550 553 555 554 551 557 566 550 552 541 545
-9999 -9999 -9999 -9999 -9999 -9999 -9999 -9999 -9999 -9999 -9999 -9999 -9999 -9999 -9999 -9999 -9999 -9999 -9999 -9999 -9999 -9999 -9999 -9999 -9999 -9999 502 500 -9999 -9999 -9999 -9999 -9999 -9999 -9999 -9999 -9999 -9999 -9999 -9999 -9999 -9999 -9999 -9999 -9999 -9999 -9999 -9999 -9999 -9999 481 484 486 492 484 494 488 492 489 497 493 491 488 493 491 488 509 509 529 535 542 542 546 554 536 528 526 520 519 514 522 538 549 553 557 566 555 560 560 571 561 560 548 560
-9999 -9999 -9999 -9999 -9999 -9999 -9999 -9999 -9999 -9999 -9999 -9999 -9999 -9999 472 469 472 477 475 478 485 481 489 488 489 491 498 508 493 502 -9999 -9999 -9999 -9999 -9999 -9999 -9999 -9999 -9999 -9999 -9999 -9999 -9999 -9999 -9999 -9999 -9999 -9999 -9999 -9999 -9999 476 485 491 487 495 491 485 487 492 488 492 484 485 492 498 492 520 522 529 540 547 554 542 530 514 520 515 512 512 520 526 550 558 562 569 558 564 564 567 570 565 570 580
-9999 -9999 -9999 -9999 -9999 -9999 -9999 -9999 -9999 -9999 -9999 -9999 -9999 -9999 471 470 470 471 475 478 479 478 483 490 486 486 497 501 495 515 -9999 -9999 -9999 -9999 -9999 -9999 -9999 -9999 -9999 -9999 -9999 -9999 -9999 -9999 -9999 -9999 -9999 -9999 -9999 -9999 489 480 484 491 495 486 494 495 489 487 487 489 486 483 503 500 506 511 530 534 535 543 554 535 536 511 522 512 505 511 523 525 545 562 557 558 556 558 564 562 561 560 574 587
-9999 -9999 -9999 -9999 -9999 -9999 -9999 -9999 -9999 -9999 484 481 478 481 473 471 470 469 471 477 477 476 483 483 488 491 493 500 503 518 -9999 -9999 -9999 -9999 -9999 -9999 -9999 -9999 -9999 -9999 -9999 -9999 -9999 -9999 -9999 -9999 543 534 517 526 514 498 489 495 489 494 500 500 487 491 484 480 489 493 492 507 502 509 517 540 533 556 548 536 533 525 516 508 508 509 525 541 540 552 552 558 565 571 566 561 554 556 557 581
-9999 -9999 -9999 -9999 -9999 -9999 -9999 -9999 -9999 -9999 496 490 487 478 475 473 480 470 480 479 484 481 485 489 490 492 495 -9999 513 -9999 -9999 -9999 -9999 -9999 -9999 -9999 -9999 -9999 -9999 -9999 -9999 -9999 -9999 -9999 -9999 -9999 567 557 555 545 525 517 505 499 489 493 495 501 504 506 493 492 485 483 490 495 498 502 523 532 541 549 543 533 525 532 512 509 507 507 518 521 535 538 558 565 573 591 583 564 554 545 551 557
-9999 -9999 -9999 -9999 -9999 -9999 -9999 -9999 -9999 -9999 509 518 498 488 480 478 481 481 480 484 479 490 493 488 -9999 -9999 -9999 -9999 -9999 -9999 -9999 -9999 -9999 -9999 -9999 -9999 -9999 -9999 -9999 -9999 -9999 -9999 -9999 -9999 -9999 -9999 573 572 570 556 549 525 511 500 491 496 512 516 520 507 512 502 494 486 488 493 494 508 515 532 535 542 533 533 531 536 532 518 514 513 508 514 536 544 549 564 566 592 585 585 564 550 546 539
-9999 -9999 -9999 -9999 -9999 -9999 -9999 -9999 -9999 -9999 512 517 503 506 495 487 481 478 477 474 481 485 485 500 -9999 -9999 -9999 -9999 -9999 -9999 -9999 -9999 -9999 -9999 -9999 -9999 -9999 -9999 -9999 -9999 -9999 -9999 -9999 -9999 -9999 -9999 557 569 549 564 537 539 525 507 502 500 523 540 549 537 511 498 503 489 483 485 500 499 529 532 535 532 524 533 532 532 535 534 521 511 508 500 520 525 543 550 561 563 584 581 590 555 545 540
-9999 -9999 -9999 -9999 -9999 -9999 465 479 485 478 496 495 504 490 507 502 492 487 480 474 471 480 490 505 506 510 -9999 -9999 -9999 -9999 -9999 -9999 -9999 -9999 -9999 -9999 569 548 547 543 554 543 543 534 545 540 567 546 541 541 528 525 512 502 506 507 529 546 567 548 541 516 503 497 482 487 485 510 520 524 530 530 516 525 518 526 544 548 558 536 524 504 514 523 529 529 536 543 565 574 594 571 554 543
-9999 -9999 -9999 -9999 -9999 -9999 437 447 454 463 454 455 474 484 493 498 491 490 486 479 475 474 490 505 516 531 -9999 -9999 -9999 -9999 -9999 -9999 -9999 -9999 -9999 -9999 572 575 559 573 566 556 554 545 541 545 542 527 551 550 540 527 516 505 504 510 529 556 564 580 540 519 512 489 492 486 485 499 508 532 527 529 514 510 514 530 540 547 537 536 542 520 513 506 509 517 531 534 551 554 586 576 562 546
-9999 -9999 -9999 -9999 409 411 412 420 428 440 437 443 445 451 458 470 477 485 484 492 490 488 496 511 522 531 -9999 -9999 -9999 -9999 -9999 -9999 -9999 -9999 -9999 -9999 588 595 586 593 577 576 569 551 547 546 544 539 556 567 552 541 535 525 516 515 526 548 575 552 566 548 529 514 488 483 490 495 510 538 535 531 521 512 518 527 536 535 544 559 550 542 530 518 515 520 539 539 544 556 564 583 564 560
-9999 -9999 -9999 -9999 395 394 397 404 408 422 416 431 430 432 441 452 459 466 482 491 493 506 509 518 504 547 -9999 -9999 -9999 -9999 -9999 -9999 -9999 -9999 -9999 -9999 597 624 613 606 598 586 573 583 577 558 553 546 546 558 558 552 545 534 523 521 519 530 542 561 561 564 547 534 512 480 489 498 509 526 527 527 519 516 522 539 530 537 545 559 572 568 553 525 519 504 525 538 552 547 568 572 568 545
-9999 -9999 -9999 -9999 -9999 -9999 385 388 391 407 406 415 417 419 432 440 458 465 472 486 499 507 524 532 548 564 -9999 -9999 -9999 -9999 -9999 -9999 623 627 612 612 624 626 628 642 623 619 598 583 586 581 569 551 548 551 564 565 556 544 517 525 522 508 522 529 537 557 550 550 530 499 487 487 512 519 520 509 522 531 546 535 538 536 540 554 578 573 547 543 516 527 531 533 543 548 548 576 565 554
-9999 -9999 -9999 -9999 -9999 -9999 377 383 391 399 398 396 400 407 417 427 438 456 463 482 495 517 530 531 557 574 -9999 -9999 -9999 -9999 -9999 -9999 640 637 642 627 625 630 641 643 643 645 635 615 587 591 574 559 554 553 557 558 569 541 533 521 524 515 517 514 509 512 535 533 531 517 492 486 500 511 506 508 514 537 547 543 538 535 537 539 563 568 566 541 511 526 535 533 530 563 556 555 558 558
-9999 -9999 -9999 -9999 -9999 -9999 355 381 385 386 393 391 391 395 401 407 415 431 452 474 507 521 534 549 563 574 597 624 644 668 668 672 668 667 665 660 654 651 644 644 648 657 633 638 631 613 587 585 562 567 564 558 546 547 549 535 551 534 523 521 492 510 503 517 523 513 494 498 497 498 496 513 522 538 527 539 533 531 535 557 566 583 564 542 533 521 525 523 531 553 545 558 541 545
-9999 -9999 -9999 -9999 -9999 -9999 374 364 388 384 389 386 388 388 393 395 408 420 442 463 494 510 535 570 582 580 612 638 668 678 694 698 704 697 701 682 686 674 659 653 651 633 639 633 631 609 598 597 583 584 580 581 561 554 560 572 571 550 530 531 510 501 497 509 504 509 506 478 490 500 498 513 508 516 514 528 533 533 533 534 565 567 579 543 528 520 532 531 550 551 535 544 540 549
