sesion_6_simulaciones/modelos_distribucion_especies/ejemplo/variables/futuro_A2/2020/PV.asc
ncols 708
nrows 329
xllcorner -7.525000
yllcorner 35.991667
cellsize 0.008333
NODATA_value -9999
[rows 106 to 158 of 329, columns 192 to 287 of 708]
46 47 48 48 48 49 49 51 51 52 51 51 51 51 51 52 52 53 54 54 54 54 53 53 54 54 55 55 55 55 56 57 58 59 58 59 58 58 58 57 56 56 55 55 54 54 53 53 53 53 53 53 53 53 52 52 51 51 49 48 48 47 46 46 46 45 45 45 45 45 46 46 46 46 46 48 49 49 49 48 49 49 50 49 50 50 49 50 49 49 49 49 48 48 47 47
45 47 47 47 47 48 50 51 52 51 51 50 51 51 51 52 52 53 53 53 53 53 53 53 53 54 54 54 54 55 55 55 56 57 58 57 57 57 57 57 56 56 55 54 54 53 52 52 52 52 52 52 52 52 52 51 51 50 50 49 49 48 48 47 46 46 46 45 45 46 45 46 45 46 47 48 49 49 48 48 47 48 47 47 49 49 48 50 49 50 50 49 48 48 47 47
44 44 45 46 48 50 50 52 52 52 51 51 51 51 51 52 52 52 52 53 52 52 52 52 53 53 54 54 54 54 54 55 55 56 56 56 56 56 56 56 55 55 55 54 53 52 52 52 52 51 51 51 52 50 50 50 50 49 49 48 48 47 48 47 47 47 47 47 47 46 45 47 46 45 46 47 48 48 47 47 46 46 46 46 47 47 48 49 49 50 49 49 49 48 48 47
43 43 46 47 50 50 51 51 52 52 52 52 51 51 52 52 53 53 52 53 52 52 52 52 53 54 54 54 53 53 54 54 54 55 55 55 55 55 55 55 55 54 54 53 53 52 51 52 51 51 50 51 49 51 49 48 49 48 47 47 47 47 47 47 46 47 47 47 47 46 47 48 47 46 45 45 46 46 45 45 45 45 45 45 46 46 47 47 48 48 48 48 48 48 48 47
43 44 45 48 49 50 50 51 51 53 52 52 51 51 51 52 52 53 53 52 52 52 52 53 52 53 53 53 53 53 54 55 55 54 54 54 54 54 55 54 54 54 52 52 52 52 52 52 51 51 51 50 48 49 48 48 48 48 46 46 46 46 46 46 46 46 47 47 46 47 47 48 48 47 45 44 44 44 44 43 43 43 44 44 45 46 46 47 47 47 47 47 47 47 46 46
44 44 45 46 48 48 49 51 52 52 52 52 51 51 51 52 52 52 52 52 53 53 53 52 52 52 52 53 53 53 53 54 54 54 54 54 54 54 54 54 54 53 52 52 51 52 51 51 51 51 49 48 49 48 48 47 46 46 46 45 45 45 44 45 45 45 45 45 45 46 46 48 48 47 46 45 45 43 43 42 42 42 43 44 45 45 46 47 47 47 47 47 46 46 46 46
44 44 45 45 46 47 48 51 52 53 53 52 52 51 52 52 52 52 52 52 53 53 53 53 53 52 53 52 53 53 53 53 54 53 53 53 54 54 54 54 53 52 52 51 51 51 51 50 50 49 48 48 48 47 46 46 46 46 45 44 44 44 44 44 44 44 44 44 44 45 46 47 47 47 47 46 45 44 42 40 39 40 42 43 45 46 47 47 47 47 47 46 46 46 45 45
45 45 44 45 46 46 48 51 51 52 53 53 52 52 52 52 52 52 52 52 53 53 54 54 53 52 53 52 52 52 52 52 53 52 53 53 53 54 54 53 53 52 51 50 50 51 51 49 49 48 47 46 46 46 45 45 45 44 43 43 43 43 43 43 43 43 44 44 45 45 47 47 47 47 47 47 46 45 43 40 35 38 42 45 46 47 47 47 47 47 47 46 46 46 45 45
46 46 45 45 46 46 47 48 50 52 52 53 53 53 53 52 52 52 52 52 53 53 54 54 54 53 52 51 51 52 53 53 53 53 53 53 53 53 53 53 53 53 51 51 50 50 50 49 48 47 46 46 45 45 44 43 43 43 43 43 43 43 43 43 42 43 44 44 45 46 46 47 46 47 46 47 47 46 45 44 42 44 46 47 48 48 48 48 48 47 47 46 46 46 45 45
48 46 46 46 46 46 46 47 49 51 52 53 52 53 52 52 52 51 52 52 52 53 54 54 54 53 53 53 52 53 53 53 53 53 53 53 53 53 53 53 53 52 52 50 50 49 49 48 48 47 46 45 44 44 43 43 42 43 43 43 43 44 44 45 45 44 44 45 45 46 46 46 46 46 46 47 47 48 48 48 49 50 51 51 51 50 50 49 49 48 47 47 46 46 45 45
48 47 46 46 46 46 46 47 48 50 51 51 52 51 51 52 52 51 52 52 52 52 53 53 53 53 53 54 52 53 53 53 53 53 53 53 53 53 53 53 53 52 52 51 49 48 48 48 47 46 47 46 45 44 44 44 44 44 43 44 45 45 46 45 44 45 44 45 46 45 46 46 46 46 47 48 48 50 51 53 55 56 57 56 54 53 52 50 50 49 48 47 47 46 46 45
49 48 48 46 46 46 46 47 48 49 51 51 52 51 52 51 51 51 51 52 52 52 52 53 53 53 53 53 52 54 53 54 53 52 53 54 54 54 54 53 53 53 52 51 50 50 49 48 47 47 47 45 46 45 45 45 45 43 45 44 43 44 44 44 43 43 43 44 44 45 45 46 46 47 48 48 50 51 54 57 61 65 65 61 58 55 53 52 51 50 49 48 47 47 46 45
50 49 48 47 48 46 47 47 47 48 49 51 51 52 51 51 51 50 51 51 51 52 51 52 53 52 52 52 52 52 54 53 52 52 54 54 54 54 54 54 54 53 53 52 51 51 51 49 49 48 48 47 44 44 44 43 43 42 42 42 41 41 42 41 41 41 42 43 43 44 45 45 46 46 47 49 50 53 55 60 66 77 75 65 60 56 54 52 51 50 49 49 48 47 47 46
50 49 48 47 47 47 46 47 47 47 49 50 51 51 51 51 52 50 51 51 51 50 52 52 53 51 52 52 52 53 53 53 53 53 54 54 54 54 53 53 53 53 53 52 51 51 51 49 49 47 47 46 44 43 42 41 41 40 40 39 39 39 39 40 40 40 41 42 42 43 44 44 45 46 47 48 50 52 55 58 63 68 68 63 59 56 54 53 52 50 50 49 48 48 47 46
50 50 49 48 47 47 47 47 47 48 48 49 50 51 51 52 50 51 50 50 51 50 51 52 52 52 51 50 52 53 52 52 52 53 53 53 53 53 53 53 53 52 52 51 50 50 50 49 47 47 46 44 43 41 40 40 39 38 38 37 37 37 38 38 39 40 40 41 42 43 43 44 45 45 46 47 49 50 52 54 57 59 59 58 56 55 54 53 52 51 50 49 48 48 47 46
51 51 50 49 48 47 47 48 47 48 48 49 50 51 51 50 50 50 50 51 50 50 50 51 52 52 50 51 51 51 51 51 52 53 52 52 53 52 52 52 52 52 51 51 50 50 49 48 47 45 45 43 41 40 39 38 37 37 36 36 36 36 37 38 38 39 40 41 41 42 43 44 44 45 46 46 47 47 48 50 51 53 53 54 54 53 53 52 51 51 50 49 49 48 47 47
52 51 50 49 48 48 47 47 48 48 48 48 49 51 50 51 50 50 50 50 50 50 50 50 52 51 50 49 50 50 51 51 52 52 53 52 52 52 52 52 52 51 50 50 50 50 48 47 46 45 44 43 41 40 38 37 36 35 34 33 33 34 35 36 38 39 39 40 41 42 43 43 44 44 45 45 45 45 45 45 46 48 50 51 52 52 52 52 51 51 50 50 49 48 47 47
52 53 51 50 49 48 48 48 48 48 48 49 49 50 51 51 51 50 50 50 51 50 50 50 50 51 50 51 50 51 51 52 52 52 52 53 53 52 52 52 52 51 51 50 50 49 48 47 46 45 44 43 41 40 38 37 35 33 31 29 30 32 34 35 37 38 39 40 41 42 42 43 43 44 44 44 43 42 41 40 41 43 46 48 49 50 51 51 51 51 50 50 49 48 48 47
52 52 51 50 49 49 48 49 48 48 48 48 49 49 50 51 51 51 50 50 51 50 50 50 50 50 50 50 51 51 51 52 53 53 53 53 53 52 52 52 52 52 51 50 49 49 47 47 46 45 44 43 42 40 38 36 34 31 26 22 25 29 32 35 37 38 39 40 41 42 42 43 43 43 43 43 42 40 37 32 32 39 43 46 48 50 50 51 51 51 50 50 50 49 48 48
52 52 52 52 51 51 50 50 49 49 48 48 49 49 50 50 50 50 50 50 51 50 50 49 49 49 50 50 50 51 51 52 52 53 53 53 53 53 52 52 52 52 51 50 50 49 48 47 46 46 45 44 42 41 39 37 34 31 24 16 22 29 33 35 37 39 40 41 42 42 43 43 44 44 44 43 42 41 38 33 33 38 43 46 48 50 51 51 51 51 51 50 50 49 49 48
52 52 52 53 53 52 52 51 51 50 49 49 49 49 50 49 50 50 50 50 50 50 50 49 49 49 50 50 51 50 52 52 52 53 53 53 53 53 52 52 52 51 51 52 50 49 48 48 47 46 45 44 43 42 40 39 36 34 30 28 29 32 35 37 38 40 41 42 43 43 44 44 44 44 44 44 43 43 41 40 40 42 45 47 49 50 51 51 51 52 51 51 50 50 49 49
52 53 52 53 53 53 53 52 51 50 50 49 49 49 50 50 50 50 50 50 50 50 49 49 49 50 50 51 50 50 52 52 53 53 53 53 53 53 52 52 52 52 51 50 50 49 49 48 48 47 46 46 45 44 42 41 39 37 36 35 35 36 38 39 41 42 42 43 44 44 45 45 45 46 46 46 45 44 44 45 45 46 48 49 50 51 52 53 52 52 52 52 51 50 50 49
54 53 54 53 53 54 54 53 53 52 50 50 50 50 50 50 50 50 49 49 49 49 49 48 48 49 50 50 50 51 51 52 52 53 53 53 53 53 52 52 52 51 51 50 50 50 49 49 49 48 48 47 46 46 45 44 43 41 41 40 40 40 41 42 43 44 44 45 45 46 46 46 47 47 47 47 47 47 47 48 48 49 51 52 53 53 54 53 53 53 52 52 51 51 50 49
54 54 54 54 53 53 53 54 52 51 51 50 50 51 50 50 50 50 50 49 49 49 48 48 48 49 49 49 50 50 51 52 52 52 52 53 53 53 52 53 52 52 51 51 51 50 50 50 50 50 49 49 48 48 47 47 46 45 45 44 44 44 44 45 46 46 47 47 47 47 48 48 48 48 48 49 49 49 50 50 51 52 53 54 55 56 56 55 54 53 53 52 51 51 50 49
53 53 53 54 53 53 53 53 52 52 51 51 51 52 51 51 50 51 50 49 49 48 48 48 48 48 48 49 50 50 51 51 52 52 53 53 53 53 53 53 52 52 52 52 51 51 51 51 51 51 51 51 51 50 50 50 49 49 49 49 48 48 48 48 49 49 49 49 49 48 48 48 49 49 50 50 50 51 51 52 53 55 56 57 58 58 58 56 55 54 53 52 51 50 49 49
51 52 53 53 53 54 53 53 52 52 52 52 53 53 52 51 51 50 50 49 48 47 47 47 47 47 47 48 49 50 51 51 52 52 53 53 53 53 53 53 52 53 52 52 52 52 52 52 52 53 53 53 53 53 53 53 53 53 53 53 53 52 52 51 51 51 51 51 50 50 50 50 50 51 51 51 51 52 53 54 55 57 59 60 62 62 60 59 57 55 53 52 51 50 50 49
50 51 51 51 52 52 53 53 53 53 53 53 53 53 53 52 51 50 50 49 48 47 46 46 45 45 46 48 49 50 51 52 52 53 53 53 54 53 53 53 53 53 53 53 53 53 54 54 54 54 55 55 55 56 56 57 57 57 57 57 56 56 55 54 54 53 53 52 52 51 51 50 51 51 51 52 52 53 54 55 56 58 61 64 68 67 64 61 58 56 54 53 51 50 49 48
49 49 49 50 51 51 52 52 53 54 54 55 55 54 54 52 51 51 50 49 47 47 46 44 43 43 44 47 49 51 52 53 53 53 53 53 53 53 53 53 53 54 54 54 54 54 55 55 56 56 56 57 58 58 59 60 60 60 61 61 60 59 58 57 56 55 55 54 53 52 52 51 51 52 52 52 52 53 54 55 57 59 62 67 74 74 66 62 59 57 55 52 51 50 49 48
48 48 48 49 50 51 52 52 54 55 56 57 57 56 54 53 52 50 49 49 48 46 45 44 41 37 40 47 51 53 54 54 54 54 54 54 54 54 54 54 54 54 54 55 55 56 56 56 57 58 59 59 60 61 62 63 64 64 65 64 64 63 62 60 58 57 56 55 54 53 52 52 51 51 52 52 53 53 54 55 57 59 61 64 67 67 64 61 58 57 54 53 51 50 49 48
47 47 48 48 49 50 51 53 54 56 59 62 60 57 55 53 52 51 50 49 48 47 46 44 42 37 42 52 56 57 56 56 55 55 55 54 54 54 54 55 55 55 55 56 56 57 57 58 59 60 60 61 63 64 66 67 68 69 70 70 69 67 65 63 61 59 57 56 55 54 53 52 52 52 51 52 53 53 54 55 56 58 59 61 62 62 60 59 57 56 54 53 51 51 49 48
46 47 47 48 48 49 51 52 54 56 58 60 59 57 55 53 52 51 50 49 48 47 46 46 46 49 57 69 66 61 59 57 56 56 55 55 55 55 55 55 56 56 56 57 57 58 58 59 60 61 62 63 65 67 69 71 72 75 76 76 75 72 69 66 63 60 58 56 55 54 53 52 52 51 51 52 52 53 53 54 55 56 57 58 58 58 58 57 56 55 53 52 51 50 49 48
45 45 46 47 48 49 50 52 53 54 56 57 56 55 54 53 52 51 50 49 48 47 46 46 48 53 61 71 68 62 60 58 57 57 56 56 56 56 56 56 56 56 57 57 58 58 59 59 60 61 63 64 66 69 71 74 77 81 84 85 83 78 73 68 64 61 58 56 55 54 53 52 52 51 51 51 51 52 52 53 54 54 55 56 56 56 55 55 54 53 52 52 51 50 48 47
43 43 44 45 47 48 50 51 52 53 54 55 55 54 54 53 52 51 50 49 48 46 45 44 46 50 56 60 61 60 59 58 58 57 57 57 56 56 56 57 57 57 57 58 58 59 59 60 61 62 63 65 67 70 73 77 82 89 96 99 95 85 76 69 64 60 57 55 54 53 52 52 51 51 50 50 50 51 51 52 52 53 53 54 54 54 53 53 53 52 51 51 50 49 48 47
41 39 41 44 46 48 49 51 52 53 54 54 54 54 54 53 52 51 50 49 48 46 43 39 39 46 52 55 57 58 58 58 57 58 57 57 57 56 57 57 57 57 58 58 58 59 60 60 61 63 64 66 68 71 74 78 84 94 109 128 110 89 76 67 61 58 55 54 53 52 51 51 50 50 50 49 49 49 50 50 51 51 52 52 52 52 52 51 51 51 50 50 49 48 48 47
41 38 40 44 46 48 49 51 52 53 53 54 54 54 54 53 53 52 51 50 48 47 44 41 41 46 51 54 56 57 57 57 57 57 57 57 57 57 57 57 57 58 58 58 59 59 60 60 61 63 64 66 68 70 73 77 83 90 102 112 100 82 70 61 56 53 52 51 51 50 50 50 49 49 49 48 48 48 48 49 49 50 50 50 50 50 50 50 50 49 49 49 48 48 47 46
44 43 44 45 47 48 50 51 52 53 53 54 54 54 54 54 53 53 52 51 50 49 48 47 47 49 51 53 55 56 57 57 57 58 58 58 57 57 57 57 57 58 58 59 59 59 59 60 61 62 63 65 67 69 71 74 78 82 86 86 79 69 56 48 46 47 48 48 49 49 48 48 48 48 47 47 46 47 47 47 48 48 48 49 49 49 49 49 49 48 48 48 47 47 46 46
46 46 46 47 48 49 50 51 52 53 54 54 55 55 55 54 54 54 53 52 51 51 50 50 50 51 53 54 55 56 57 57 57 58 58 58 58 58 57 57 57 58 58 58 59 59 59 60 60 62 63 64 65 66 68 70 72 73 74 71 66 56 41 27 35 42 45 46 47 47 47 47 47 46 46 45 45 45 45 46 46 47 47 47 47 48 48 48 48 47 47 47 47 46 46 45
48 48 48 49 49 50 51 52 53 54 54 55 55 55 55 55 55 55 54 54 53 53 52 52 53 53 54 55 56 56 57 57 58 58 58 58 58 58 58 57 57 57 58 58 59 59 59 59 60 61 61 62 63 64 65 65 66 66 65 63 58 51 42 34 37 41 43 44 45 46 46 46 45 45 45 44 44 44 44 44 44 45 45 46 46 46 46 47 47 47 47 46 46 46 46 45
49 49 49 50 50 51 52 53 54 55 55 56 56 57 57 57 56 56 55 55 55 54 54 54 54 55 55 56 57 57 58 58 58 59 59 59 59 58 58 57 57 57 57 57 58 58 58 58 59 59 60 60 61 61 61 61 61 61 60 58 54 50 45 42 41 42 43 44 44 45 45 45 44 44 43 42 42 42 42 42 43 43 44 44 45 45 45 46 46 46 46 46 46 46 45 45
50 50 50 50 51 52 52 53 54 55 56 57 58 58 58 58 58 57 57 56 56 56 55 55 56 56 56 57 57 58 58 59 59 60 60 60 60 59 58 58 57 57 57 57 57 57 57 58 58 58 58 58 58 58 58 58 58 57 56 54 52 49 47 45 44 43 44 44 44 44 44 44 43 43 42 41 40 40 40 40 41 42 43 43 44 44 45 45 45 45 45 46 45 45 45 45
50 50 51 51 52 52 53 54 55 56 57 59 60 60 60 60 59 58 58 57 57 57 57 56 57 57 57 58 58 59 59 60 60 60 61 61 60 60 59 58 57 57 56 56 56 56 57 57 57 57 57 56 56 56 55 55 54 54 53 52 50 49 47 46 45 44 44 44 44 44 43 43 42 42 41 39 38 37 37 38 39 40 41 42 43 43 44 44 45 45 45 45 45 45 45 45
50 50 51 51 52 53 54 55 56 57 59 60 62 63 63 62 61 60 59 58 58 58 57 57 57 58 58 58 59 60 60 61 62 62 62 62 61 60 59 58 57 56 55 55 55 56 56 56 55 55 55 55 54 53 52 52 51 51 50 50 49 48 47 46 45 45 44 44 44 43 43 42 42 41 39 38 36 33 32 35 38 39 41 42 42 43 43 44 44 44 45 45 45 45 45 44
50 50 51 51 52 53 54 55 56 58 59 62 65 69 66 63 62 60 60 59 59 58 58 58 58 58 59 59 60 61 62 63 63 64 64 63 62 60 59 57 56 55 55 55 55 55 55 55 54 54 53 53 52 50 49 48 48 48 48 48 48 47 47 46 45 45 44 44 44 43 42 42 41 40 39 37 35 32 30 34 37 39 40 41 42 42 43 43 44 44 44 45 45 45 44 44
49 50 50 51 52 53 54 55 56 58 59 62 64 67 66 63 62 61 60 59 59 59 58 58 58 59 59 60 60 61 63 64 66 67 66 64 62 60 58 57 55 55 54 54 54 54 54 53 53 53 52 51 50 48 46 43 44 45 46 47 47 47 46 46 45 45 45 44 44 43 42 42 41 40 39 38 36 35 35 36 38 39 40 41 42 43 43 43 44 44 44 44 45 45 44 44
48 49 50 51 52 53 54 55 56 58 59 61 62 63 63 62 61 61 60 59 59 59 58 58 58 59 59 60 61 62 63 66 69 72 71 66 62 59 57 56 55 54 53 53 53 52 52 52 52 51 51 49 48 46 44 41 42 44 45 46 46 46 46 45 45 45 45 44 44 43 42 42 41 40 39 38 38 38 38 38 39 39 40 41 42 43 43 44 44 44 44 44 44 44 44 44
48 49 49 50 51 52 54 55 56 57 58 60 61 61 61 61 61 60 60 59 59 59 58 58 58 59 59 60 60 62 63 66 71 80 77 67 61 57 56 54 53 53 52 52 52 51 51 51 50 50 50 48 47 46 45 44 43 44 44 45 45 45 45 45 45 45 44 44 44 43 43 42 41 41 40 39 39 39 39 39 39 40 40 41 42 43 44 44 44 45 45 45 45 45 44 44
47 48 49 50 51 52 53 54 56 57 58 59 60 60 61 61 60 60 60 59 59 59 58 58 58 58 59 59 60 60 62 63 66 68 66 60 56 54 53 52 52 52 51 51 51 51 50 50 50 49 48 48 47 46 45 45 44 44 44 44 44 44 44 44 44 44 44 44 43 43 42 42 41 41 40 40 39 39 39 40 40 40 40 41 42 43 43 44 45 45 45 45 45 45 45 44
47 47 48 49 50 52 53 54 55 57 58 58 59 60 60 60 60 60 60 59 59 59 58 58 58 58 58 58 59 59 59 59 58 56 52 49 49 50 50 51 51 51 50 50 50 50 50 49 49 48 48 47 46 46 45 45 44 44 44 44 44 44 44 44 44 44 44 43 43 43 42 42 42 41 41 40 40 40 40 40 40 40 41 41 42 43 43 44 45 45 45 45 46 45 44 44
46 47 47 48 50 51 52 54 55 56 58 59 59 60 60 60 60 60 60 59 59 59 58 58 58 58 58 57 57 57 57 54 52 47 38 35 42 46 48 49 49 50 50 50 50 49 49 49 48 48 48 47 46 46 45 45 45 44 44 44 44 45 45 44 44 44 43 43 43 43 42 42 42 41 41 41 40 40 40 40 40 41 41 42 42 43 43 44 44 45 45 45 45 45 44 44
45 46 46 47 49 50 52 54 55 57 58 59 60 60 60 60 60 60 60 59 59 58 58 58 57 57 57 57 56 56 54 52 49 44 38 36 41 44 47 48 49 49 49 49 49 49 49 48 48 48 47 47 46 46 45 45 45 45 45 44 44 45 44 44 44 44 43 43 43 43 42 42 42 41 41 41 41 41 41 41 41 41 41 41 42 42 43 43 44 44 44 44 44 44 43 44
45 45 45 45 48 50 52 54 56 57 58 59 60 61 61 61 61 61 60 60 59 58 58 57 57 56 56 56 55 54 52 50 48 46 44 43 44 45 47 48 48 49 49 49 49 49 49 48 48 47 47 47 46 46 45 45 45 44 44 44 44 44 44 44 44 43 43 43 42 43 42 42 42 42 41 41 41 41 41 41 41 41 41 42 42 42 43 43 43 44 44 44 44 43 43 43
44 44 43 42 47 50 52 54 56 58 59 60 61 62 62 62 61 61 61 60 59 58 57 56 56 56 55 55 54 53 51 50 49 47 46 46 46 47 47 48 48 49 49 49 49 49 48 48 48 47 47 47 46 46 45 45 45 45 44 44 44 44 44 43 43 43 43 43 43 43 43 42 42 42 42 41 41 42 42 41 41 41 41 42 42 42 42 42 43 43 44 43 43 43 43 43
45 45 44 45 48 51 53 55 57 59 61 62 63 63 63 63 63 62 61 60 59 58 57 56 55 54 54 54 53 52 51 50 49 49 48 48 48 48 48 48 49 49 49 49 49 49 49 48 48 48 47 47 46 46 45 45 45 44 44 44 44 44 43 43 43 43 43 43 43 43 43 42 42 42 42 42 42 42 42 42 41 41 42 42 42 42 42 42 43 43 43 43 43 43 43 43
