sesion_6_simulaciones/modelos_distribucion_especies/ejemplo/variables/futuro_A2/2020/TMNV.asc
ncols 708
nrows 329
xllcorner -7.525000
yllcorner 35.991667
cellsize 0.008333
NODATA_value -9999
[rows 41 to 81 of 329, columns 282 to 375 of 708]
184 184 184 185 185 185 186 186 186 186 186 186 185 185 186 186 185 185 185 186 186 186 187 187 188 188 189 190 192 193 195 196 197 198 199 200 200 200 200 200 199 199 198 198 197 196 196 196 195 195 194 193 193 193 192 192 191 190 188 187 185 184 183 182 180 179 178 178 177 177 178 178 177 178 178 177 178 178 179 179 180 179 179 179 -9999 -9999 -9999 -9999 -9999 -9999 -9999 -9999 -9999 -9999
183 183 185 185 185 185 186 186 186 186 186 186 185 186 186 186 186 185 186 187 187 187 187 187 188 189 190 191 193 193 195 196 197 198 199 200 200 200 200 200 199 199 198 198 197 196 196 195 195 194 193 193 192 192 191 190 189 187 186 184 183 182 181 179 177 176 176 175 175 176 175 175 176 176 176 176 177 178 178 178 178 179 178 179 179 180 180 179 179 179 -9999 -9999 -9999 -9999
184 184 185 185 185 185 185 186 186 186 186 186 186 186 186 186 186 186 186 187 187 187 188 188 189 190 190 192 193 194 194 195 197 198 199 200 201 201 201 200 199 199 198 197 196 196 195 194 194 193 192 192 191 191 189 188 186 185 183 182 181 179 178 177 175 174 174 173 173 173 173 174 174 175 175 175 176 176 177 177 177 178 178 178 179 180 179 179 178 179 -9999 -9999 -9999 -9999
183 184 184 184 184 185 185 185 185 186 186 186 186 186 186 186 186 187 187 187 187 188 189 189 190 190 191 192 193 194 194 195 196 196 199 199 200 200 200 200 199 198 198 197 196 195 194 193 192 192 192 191 190 189 187 186 184 182 181 179 178 176 175 173 172 172 171 171 170 170 171 172 172 172 173 173 175 175 176 176 177 178 178 178 179 179 179 178 178 178 178 179 179 179
184 184 183 183 184 185 185 185 186 186 186 186 186 186 186 186 187 187 187 188 188 189 189 190 190 191 191 192 193 194 195 196 196 197 197 198 199 199 199 198 197 197 197 196 195 194 193 193 192 191 191 190 189 188 186 183 182 180 178 177 175 173 172 171 169 169 168 169 169 169 170 171 171 171 171 173 174 175 175 175 176 177 178 178 178 178 178 178 177 177 177 179 178 178
183 184 184 184 183 183 185 185 185 186 186 186 186 186 186 186 187 187 188 188 189 187 189 190 191 192 192 193 193 194 195 196 197 197 197 197 198 198 198 197 196 196 196 195 194 193 193 192 191 190 190 189 188 186 184 182 180 177 176 175 172 171 169 167 166 166 166 166 167 167 169 169 170 170 171 172 173 174 174 175 175 177 177 177 177 177 178 177 177 177 177 178 178 177
184 184 183 184 184 184 184 184 184 185 186 186 186 186 186 187 187 188 188 189 189 189 189 191 192 192 193 193 194 194 194 195 197 197 197 196 197 197 197 196 196 195 194 194 193 192 192 191 191 190 188 187 186 184 183 180 178 176 174 172 170 169 167 166 165 164 164 164 165 166 167 168 169 169 170 171 172 174 175 175 176 176 177 176 177 176 176 177 177 177 177 177 177 177
185 185 186 184 186 184 184 184 184 185 185 185 186 186 186 187 187 188 188 189 189 190 191 191 192 192 193 193 194 194 194 195 196 197 197 196 195 195 195 195 194 194 193 193 192 192 191 190 190 189 187 186 184 183 181 179 178 175 173 171 169 167 165 164 164 163 163 164 164 165 166 167 168 169 170 171 172 173 174 174 175 175 176 176 176 176 176 176 176 176 177 177 176 176
185 185 186 186 185 183 185 184 183 183 183 185 185 186 186 186 187 188 188 189 189 190 190 191 191 192 193 193 193 193 193 194 196 197 196 196 194 194 194 193 193 193 192 192 191 190 190 189 188 187 186 184 183 182 180 179 177 174 172 170 168 166 165 164 164 163 163 164 164 165 166 167 168 169 169 171 172 172 173 174 174 174 175 175 174 176 175 176 176 175 176 176 175 175
186 185 185 186 186 186 185 185 185 184 184 184 183 185 185 186 187 188 188 188 189 190 190 190 191 192 193 193 193 194 193 193 194 196 196 195 195 194 193 192 192 192 191 191 190 190 188 187 187 186 185 183 182 181 180 178 176 174 172 170 168 166 165 164 164 164 164 164 165 166 167 167 168 168 169 170 171 172 173 173 173 174 174 175 175 174 175 175 175 175 175 175 175 174
186 187 187 186 184 186 183 184 183 182 182 183 183 182 184 184 185 187 188 188 189 189 190 191 191 192 193 193 194 193 193 194 194 196 195 195 193 194 193 192 191 191 191 191 190 189 188 187 187 186 185 184 182 180 179 178 176 173 171 170 168 167 166 166 166 165 165 165 165 166 167 168 169 168 169 169 170 172 173 173 173 173 173 174 174 174 174 174 174 174 175 175 174 174
186 187 187 186 186 186 186 186 185 183 183 183 183 181 183 182 185 186 185 186 188 189 189 190 191 191 191 193 194 193 193 193 194 195 195 193 193 193 192 192 191 189 189 190 189 188 187 187 186 186 185 183 182 180 179 178 176 174 172 171 169 167 167 166 167 166 166 167 167 167 167 169 169 169 169 169 170 171 172 172 172 173 173 173 173 173 173 173 173 174 174 174 174 173
186 187 187 187 186 185 186 184 183 184 183 182 182 182 184 183 184 185 185 184 187 188 189 189 190 191 191 191 191 194 194 194 194 194 193 194 193 192 191 192 192 191 190 189 189 188 187 186 186 185 185 184 182 181 179 178 177 175 173 171 169 168 167 167 168 168 168 168 168 168 169 170 170 170 170 171 170 171 172 172 172 172 172 173 173 173 173 173 173 173 173 172 173 173
186 187 186 183 183 186 184 181 181 183 184 184 183 182 183 182 182 183 184 184 185 186 188 189 189 190 191 191 192 192 193 194 194 194 193 192 191 191 190 189 191 191 190 189 188 187 186 186 185 185 184 184 183 181 180 178 177 175 174 172 171 169 169 168 168 169 169 169 170 170 171 171 171 170 171 172 171 172 172 172 172 172 172 173 173 173 173 173 174 173 173 173 172 173
187 188 187 184 183 182 185 185 185 183 183 181 184 184 184 184 184 185 183 184 183 183 186 187 189 190 190 191 191 192 192 192 193 193 193 192 191 191 191 191 189 191 190 189 189 188 186 185 183 183 183 183 182 181 180 179 177 176 175 173 172 170 170 170 170 169 170 170 171 171 171 172 172 172 172 172 172 172 173 172 172 172 173 173 173 173 173 173 174 173 173 173 173 172
188 188 187 187 187 185 184 184 185 185 186 184 181 183 185 185 186 185 186 185 183 186 186 186 187 188 187 190 191 191 190 192 192 193 193 192 193 192 191 191 191 190 189 190 189 188 186 183 183 182 182 182 181 180 179 179 178 177 175 174 173 171 170 170 170 170 171 172 172 172 172 173 173 173 173 173 173 173 173 172 172 172 172 173 173 173 173 173 173 173 173 173 172 172
188 188 188 188 188 187 187 187 185 184 185 188 187 185 183 185 186 186 185 185 185 186 186 186 186 187 186 187 189 190 190 190 193 193 193 193 192 193 193 192 191 191 191 189 187 189 185 183 183 182 182 181 180 180 179 178 178 178 176 174 173 172 171 171 171 170 171 172 172 172 173 173 174 174 174 173 174 174 173 173 172 172 172 172 173 173 173 173 173 173 173 173 172 172
188 188 188 188 188 189 189 189 188 186 184 186 189 188 188 185 184 185 186 187 187 187 187 186 186 186 186 186 187 188 190 191 191 191 193 193 192 190 190 192 191 191 192 188 187 188 187 184 182 182 181 181 181 178 178 179 177 175 174 175 174 173 172 171 171 171 171 172 171 172 172 173 174 174 174 173 174 175 174 172 172 172 172 172 173 173 172 172 173 173 173 173 172 173
188 188 189 189 189 189 189 189 189 187 186 184 184 188 189 189 188 188 186 186 187 187 188 186 188 188 187 186 185 186 188 189 191 190 191 190 191 191 191 193 189 190 190 188 187 186 189 185 183 182 181 182 182 182 182 181 180 177 175 174 174 173 172 172 171 171 171 172 172 171 172 172 173 175 175 175 175 174 174 173 172 171 172 172 172 173 173 173 172 172 173 173 172 173
187 188 188 189 189 189 190 190 189 189 189 187 184 186 188 189 189 189 187 184 186 187 188 188 187 186 186 186 185 184 188 186 188 190 189 190 190 191 192 193 193 190 192 188 188 187 189 185 184 183 182 181 182 182 181 179 179 177 177 175 174 173 173 172 172 172 172 172 171 171 171 172 173 175 175 175 175 175 173 172 171 171 171 171 171 172 173 173 172 172 172 172 173 173
187 186 187 188 188 189 189 189 190 190 189 189 189 188 186 190 187 185 185 186 186 186 187 188 188 187 186 183 185 185 186 187 185 188 188 189 189 189 188 190 190 191 191 189 188 188 190 186 183 184 182 184 182 183 182 180 179 176 176 176 176 175 173 173 173 173 173 173 172 172 172 172 173 173 175 175 174 176 173 172 171 171 171 171 171 171 171 173 173 172 171 171 173 175
183 184 187 188 188 189 188 188 189 189 190 190 190 189 187 188 186 186 185 186 186 187 186 188 188 186 187 186 186 182 182 182 183 184 186 187 187 187 188 189 188 190 191 189 187 190 189 188 185 183 184 184 184 185 181 180 178 178 177 176 177 176 175 174 174 173 173 174 174 173 173 172 174 175 176 175 175 176 174 173 172 172 171 172 171 171 171 171 172 173 172 171 173 174
183 183 186 185 187 188 188 188 189 189 189 190 190 190 190 190 189 187 186 185 186 186 186 187 189 187 187 188 187 186 182 180 183 186 186 185 183 183 185 185 188 187 188 190 189 190 189 187 185 187 185 185 187 183 181 182 180 179 178 177 177 177 176 176 176 174 175 174 174 173 174 173 172 175 176 176 176 176 175 176 174 173 173 172 172 171 171 172 172 173 172 172 173 177
182 184 186 186 184 186 187 188 187 188 187 188 190 190 190 190 190 189 188 184 184 185 186 187 188 188 188 188 188 189 187 187 187 185 189 187 183 184 186 183 181 183 186 188 190 189 190 190 188 184 184 186 187 184 184 182 181 182 178 177 177 176 177 177 176 176 176 176 175 175 174 173 173 172 174 176 177 175 175 176 177 176 175 172 171 172 171 173 173 173 175 174 176 172
180 181 183 184 183 185 185 184 185 188 189 189 189 189 190 190 190 189 189 188 185 187 184 185 185 187 190 190 189 188 189 189 189 189 190 186 188 185 187 186 186 184 182 181 181 182 183 185 190 188 184 186 188 185 186 183 181 179 178 178 177 178 177 178 176 176 177 176 176 176 176 175 174 173 174 176 175 173 172 175 177 178 176 174 174 172 172 174 175 173 176 176 175 172
183 182 181 181 181 182 182 185 186 184 186 188 187 188 190 190 187 189 188 189 187 186 186 184 184 185 185 186 189 188 189 188 190 189 190 190 188 188 187 188 188 185 185 184 184 184 185 182 187 186 185 184 188 183 184 183 181 180 179 179 178 179 178 177 178 177 176 175 176 177 177 176 175 175 176 176 175 174 173 172 171 174 177 177 174 171 174 175 175 174 174 175 176 174
181 181 182 183 184 184 183 184 185 186 186 185 186 186 187 190 187 185 187 187 187 188 187 186 186 185 185 185 186 185 187 187 185 186 189 190 190 188 188 186 185 186 185 184 187 185 185 188 187 189 180 183 188 184 180 179 179 179 180 179 179 179 179 178 178 178 177 177 176 176 177 176 175 174 175 177 175 173 174 174 174 174 171 177 173 171 173 176 175 171 172 176 176 171
180 181 179 180 181 182 182 184 185 186 186 184 185 187 188 190 190 188 188 187 184 188 189 189 189 188 188 187 187 186 185 184 185 187 188 187 186 187 187 187 186 185 185 182 185 187 187 189 187 184 183 182 188 185 183 181 179 179 180 179 179 179 179 179 179 178 178 178 177 176 178 177 176 176 177 176 174 173 173 174 176 176 176 178 174 172 173 176 173 171 174 174 171 169
179 179 180 181 183 184 183 184 187 186 187 187 187 189 189 185 187 190 190 190 189 189 188 190 189 189 189 188 187 184 185 185 184 184 184 186 187 189 190 189 186 187 186 183 183 184 187 188 191 188 187 185 188 186 182 179 178 178 179 177 179 179 179 179 179 179 179 178 177 177 177 177 176 175 177 174 175 174 173 173 173 176 177 178 175 176 174 172 175 175 176 174 169 170
181 179 179 180 183 184 185 184 183 185 187 186 188 187 186 185 185 187 187 190 190 190 189 190 190 188 186 188 187 187 187 185 184 185 187 185 186 186 189 190 188 187 187 184 184 184 183 185 184 185 189 184 188 183 180 179 177 178 178 178 177 178 177 176 176 178 178 179 179 179 178 178 177 177 176 176 176 175 173 172 173 173 173 176 177 176 176 175 174 175 175 172 171 171
183 182 181 181 180 181 184 183 182 185 184 185 185 184 184 185 186 187 186 188 190 190 190 190 189 189 189 188 188 188 189 187 187 186 184 185 188 189 190 188 186 183 184 182 183 184 184 184 185 185 187 189 189 186 183 180 181 179 178 178 178 178 175 175 175 175 174 175 176 174 178 178 178 176 176 174 173 175 175 173 173 173 176 174 173 174 177 176 176 174 171 171 170 171
184 184 181 182 182 180 182 183 184 184 185 183 182 183 183 183 184 186 189 186 189 189 190 190 190 189 187 188 189 189 189 189 188 188 186 185 186 185 187 190 188 185 182 182 180 180 181 183 184 185 184 183 184 189 185 184 183 185 178 179 179 178 178 177 176 175 174 174 173 173 173 176 177 177 175 173 173 173 174 175 173 173 170 174 176 174 174 175 175 174 170 171 170 170
184 182 182 183 183 182 180 181 181 181 182 182 182 183 183 183 183 183 187 185 186 187 189 189 189 189 189 189 187 186 185 185 187 187 187 186 188 185 186 184 188 190 184 182 186 183 180 180 182 185 185 185 184 186 189 189 187 186 184 180 181 180 179 177 178 177 177 175 174 173 173 177 178 174 172 173 173 173 172 174 175 174 173 172 172 172 174 174 173 170 171 169 170 170
185 183 183 183 185 183 183 184 183 184 183 182 183 182 182 184 183 183 185 186 187 189 186 185 189 189 189 189 189 188 187 185 184 184 185 184 189 190 191 188 190 186 184 184 184 185 184 184 182 180 182 186 188 186 184 181 186 189 183 178 184 181 178 177 179 181 179 175 175 175 177 179 178 177 173 173 172 173 172 172 171 174 174 172 174 174 173 174 170 172 170 170 169 169
184 184 185 185 183 185 184 184 185 184 181 181 180 183 184 185 184 184 185 183 187 189 186 184 184 187 189 189 189 189 188 188 187 185 183 184 183 184 186 187 191 187 188 186 186 186 188 187 184 184 186 186 187 185 183 183 186 189 183 183 182 178 178 177 181 180 177 176 178 178 179 180 174 173 173 173 173 173 173 173 172 171 173 173 173 172 170 173 172 169 168 168 168 168
185 186 185 186 185 184 185 183 180 181 181 182 180 179 182 185 185 184 186 187 187 186 188 186 187 187 188 189 189 188 188 188 188 188 187 184 183 182 182 184 189 190 189 189 189 189 188 187 185 186 187 185 189 189 186 185 186 188 188 186 183 182 184 184 179 178 180 183 181 181 178 174 172 172 172 172 172 172 169 171 171 171 172 171 172 173 171 172 171 169 168 167 167 167
187 186 185 187 185 185 184 182 183 182 180 181 182 180 181 182 184 183 183 182 184 183 184 186 186 187 188 186 187 188 188 187 187 187 187 187 186 183 183 183 185 189 190 188 189 190 189 188 189 189 189 189 187 186 185 189 182 183 186 183 185 185 180 184 181 183 183 176 176 177 176 174 173 173 172 174 173 173 170 171 171 172 171 170 170 170 171 171 171 170 168 168 168 168
187 187 187 183 182 186 184 184 184 181 180 180 179 180 179 181 181 182 181 181 181 181 185 186 186 186 186 188 188 189 188 187 182 184 183 183 183 183 183 183 183 183 182 182 183 188 187 189 189 190 189 188 189 189 187 188 186 187 186 185 180 184 186 184 184 183 181 179 176 177 176 175 174 173 174 175 173 173 171 170 171 171 171 171 170 170 169 169 170 168 166 168 167 168
186 187 186 183 181 186 186 185 184 182 181 181 179 180 179 179 180 180 182 182 181 182 183 183 184 183 186 188 184 188 187 183 187 184 187 185 185 183 183 183 183 183 183 183 182 181 182 185 181 183 185 184 186 187 188 189 188 188 187 186 182 183 181 179 178 178 176 176 176 178 177 177 175 175 174 174 173 172 172 171 170 170 171 171 170 169 170 168 171 169 165 166 169 168
188 189 187 185 185 184 182 182 181 183 183 182 180 180 181 183 182 182 181 180 181 180 180 182 182 182 185 186 182 188 189 187 185 188 188 187 186 187 184 182 183 183 183 183 183 183 182 182 181 181 179 179 179 181 184 186 186 187 187 187 187 185 182 178 180 177 178 178 177 178 178 176 176 174 174 173 175 172 171 173 172 172 172 169 170 170 168 169 167 169 166 169 167 165
189 186 183 184 188 187 183 182 182 183 183 183 183 183 184 184 184 183 184 184 183 181 178 181 183 183 180 181 183 183 188 189 189 188 188 188 188 185 181 182 182 183 183 183 183 184 183 183 183 182 182 181 180 179 179 180 184 187 187 187 184 185 185 184 183 180 178 180 179 177 178 177 176 175 176 174 174 172 173 171 173 171 171 170 170 170 169 168 169 168 169 168 167 165
