sesion_6_simulaciones/modelos_distribucion_especies/ejemplo/variables/futuro_A2/2020/TMNV.asc
ncols 708
nrows 329
xllcorner -7.525000
yllcorner 35.991667
cellsize 0.008333
NODATA_value -9999
[rows 246 to 286 of 329, columns 188 to 281 of 708]
191 191 190 191 192 192 192 192 192 192 192 192 191 192 192 192 192 192 192 191 190 191 189 190 191 191 192 191 191 191 190 191 191 191 190 191 188 187 185 187 186 188 189 188 186 184 184 185 186 188 190 190 189 188 188 183 181 183 185 188 185 187 183 174 169 169 168 170 175 179 178 175 177 175 173 168 173 172 166 166 175 180 187 181 179 178 176 173 170 173 173 174 169 169
191 191 191 191 192 192 192 192 192 192 191 191 191 191 192 192 192 192 192 192 191 192 191 191 192 190 191 192 191 191 191 190 191 190 190 189 188 188 188 188 187 188 188 186 184 184 185 186 186 189 190 189 189 190 190 187 188 190 189 189 186 186 181 174 171 169 174 175 181 181 177 176 172 169 170 172 172 164 164 174 180 185 182 175 170 172 175 173 175 175 172 167 164 163
191 191 191 192 192 192 192 192 192 191 191 191 191 191 191 191 191 191 191 189 190 192 192 192 192 192 192 191 191 191 192 190 192 190 191 191 190 189 190 187 187 188 189 185 181 181 186 189 189 189 187 182 184 187 189 190 190 188 184 184 188 186 178 173 174 174 177 180 181 179 173 172 172 169 173 172 171 167 171 178 185 188 184 178 171 167 171 174 176 176 172 165 164 165
191 191 192 192 192 192 192 191 192 191 191 191 191 191 191 191 191 191 191 190 190 191 191 192 192 192 192 191 192 191 192 192 192 189 190 189 190 190 190 189 191 189 188 186 186 185 188 189 185 186 185 185 184 184 184 187 187 188 188 188 188 187 184 178 174 178 180 180 179 173 169 170 167 172 171 168 163 173 178 186 188 186 182 177 174 171 175 179 180 177 172 168 171 171
191 191 192 192 192 192 191 191 191 191 191 191 191 191 191 191 191 191 190 190 189 190 191 191 191 191 190 192 192 192 191 191 191 190 192 189 189 191 190 192 189 189 189 191 191 191 191 188 189 186 184 185 183 182 183 180 184 186 190 188 188 188 185 184 183 180 181 182 175 168 167 170 171 166 167 168 174 179 185 187 186 185 180 178 178 176 176 182 184 178 172 174 174 175
191 191 192 192 191 191 191 191 191 191 191 191 191 191 191 191 191 190 190 189 190 191 191 191 189 189 185 186 190 191 190 189 189 189 190 191 189 191 191 191 191 189 188 189 185 186 188 190 188 187 186 182 181 180 181 182 184 187 188 187 185 186 186 187 185 183 182 181 177 171 167 167 167 172 175 178 182 186 188 186 182 182 181 182 181 181 184 184 184 181 178 178 175 177
191 192 192 192 191 191 191 191 191 191 191 190 190 190 190 190 190 190 190 190 190 190 189 189 189 187 189 189 189 189 189 190 189 187 189 190 192 191 191 191 188 190 191 190 188 184 186 190 189 189 189 184 182 180 180 181 184 186 184 184 184 183 182 183 182 179 177 178 171 164 167 166 168 176 180 183 186 188 186 182 181 177 180 178 180 182 183 188 187 184 184 182 178 180
191 192 192 191 191 191 191 191 190 191 190 190 190 190 190 190 190 190 190 189 189 187 187 188 187 184 183 183 182 182 182 188 184 183 185 189 191 191 190 191 190 190 190 188 183 185 184 188 189 188 186 185 181 178 178 180 181 184 183 180 181 180 179 178 181 179 180 179 172 166 169 169 172 177 182 184 186 188 186 185 181 176 178 182 180 182 186 186 184 183 184 185 183 181
192 192 191 191 191 191 191 190 190 190 190 190 190 190 190 189 189 189 189 188 189 186 184 186 186 185 185 185 185 186 185 187 183 179 181 185 189 191 191 186 184 185 187 190 188 187 183 188 187 186 185 183 184 182 178 180 181 183 181 180 181 180 177 178 177 178 181 181 180 176 171 176 179 183 184 186 188 187 185 183 179 173 180 185 184 185 185 186 189 189 188 184 184 184
192 192 191 191 190 190 191 191 190 190 190 190 190 190 189 189 189 188 188 188 189 187 185 186 186 187 185 186 186 186 186 186 186 183 177 184 188 191 189 189 186 183 187 190 190 188 186 186 187 188 186 185 182 180 178 180 182 180 179 181 183 182 181 179 176 178 180 182 180 177 176 177 180 183 187 188 187 185 184 179 175 170 179 181 181 188 190 189 185 187 185 189 189 188
189 191 191 190 191 191 190 190 190 190 190 190 190 189 189 189 188 188 187 183 187 187 188 186 186 187 187 187 185 184 184 186 186 185 180 182 189 189 187 187 187 184 187 189 189 189 185 186 183 187 184 181 181 177 178 182 182 178 181 182 183 180 178 178 177 179 182 183 179 180 180 181 182 182 186 188 187 184 182 179 174 173 179 180 188 187 190 188 183 186 187 182 179 179
190 190 190 191 191 190 190 190 190 190 190 190 189 189 189 188 188 187 185 182 186 187 186 186 186 185 185 183 182 183 183 183 186 186 183 177 186 190 189 189 188 185 187 187 188 187 181 183 183 185 184 183 179 178 181 186 183 183 183 184 182 179 177 176 179 180 183 184 182 183 179 181 183 182 187 189 188 186 183 180 172 179 184 182 185 189 191 185 186 182 182 180 182 180
190 190 191 191 191 191 190 190 190 189 189 189 189 188 188 187 188 187 184 183 186 184 182 183 182 183 182 182 183 184 183 186 185 187 185 177 186 189 189 189 185 181 185 186 186 181 181 180 181 182 180 180 183 180 184 187 185 183 181 180 182 182 178 175 175 179 182 184 185 186 180 183 185 183 189 188 187 185 183 180 173 178 183 188 191 191 189 182 184 183 178 177 175 174
190 190 190 191 191 191 190 190 189 189 189 190 189 189 189 188 187 186 184 185 186 185 185 184 183 184 183 184 184 187 187 187 187 187 185 177 184 186 187 189 186 182 183 181 180 178 175 176 179 177 180 181 182 181 186 185 182 183 181 178 179 180 176 173 176 180 183 185 184 186 186 187 184 185 185 186 187 184 181 178 174 181 185 188 189 193 187 185 183 180 177 182 175 179
190 189 190 190 191 191 191 190 188 189 190 190 190 190 189 187 187 186 186 187 187 187 184 186 184 186 186 184 186 188 186 186 188 187 183 177 186 187 188 187 186 184 183 181 178 177 180 178 180 182 182 183 186 186 186 184 184 182 182 179 177 176 175 178 175 178 182 181 181 181 187 181 182 179 182 185 187 185 184 181 176 182 185 186 187 192 193 190 189 188 186 185 181 179
190 190 190 189 191 191 191 190 190 190 190 190 190 188 188 187 186 185 187 188 187 187 187 185 185 187 185 187 187 188 188 188 185 187 182 183 184 187 185 183 184 179 181 182 183 183 183 182 179 183 185 182 185 187 187 185 185 180 178 177 175 178 177 180 176 179 179 181 182 184 187 183 183 184 185 188 185 182 181 179 180 186 190 192 194 190 188 185 182 183 182 179 181 180
189 189 189 189 188 190 191 191 191 191 190 190 189 188 187 187 187 185 186 188 187 187 187 186 186 187 188 187 185 188 189 184 184 184 186 184 182 186 185 180 178 176 179 182 184 184 185 183 182 182 184 188 189 185 185 183 180 179 175 175 175 176 181 183 178 181 184 185 188 188 187 191 189 184 189 188 185 185 180 179 184 187 189 192 193 189 187 183 184 177 181 185 181 180
189 189 189 189 189 190 190 190 190 190 190 190 190 188 187 186 187 188 188 189 188 189 188 188 185 186 187 185 182 187 188 186 183 186 183 184 182 182 179 180 177 174 177 179 181 183 182 183 184 187 186 187 187 187 187 181 177 175 175 178 178 180 181 185 180 184 188 191 191 191 189 183 181 185 184 185 184 184 180 180 183 186 188 193 192 191 188 184 182 182 186 183 182 180
189 189 189 190 190 189 189 190 189 189 189 189 189 189 189 188 187 187 188 189 187 187 189 188 188 188 187 186 186 187 188 184 185 184 186 186 183 180 175 177 178 173 170 176 180 179 178 180 181 184 188 189 188 188 184 180 181 179 177 175 176 177 182 187 186 189 190 188 188 189 187 182 182 180 182 181 185 179 183 185 183 186 188 193 192 189 192 188 191 188 186 182 178 178
188 188 189 188 189 189 190 190 188 189 189 188 188 188 188 188 188 188 188 189 189 189 189 189 189 188 188 189 187 189 187 185 187 188 187 183 182 182 179 174 171 168 169 173 176 175 176 177 182 186 186 188 189 187 182 184 183 181 178 175 177 179 182 186 189 192 185 182 181 187 184 183 182 179 173 181 182 184 186 188 190 194 195 195 192 187 188 189 182 186 186 181 172 174
188 188 189 188 190 190 190 190 190 190 190 188 188 188 188 188 189 189 189 189 189 189 189 189 188 188 189 189 189 185 186 187 188 187 187 182 182 180 177 173 170 167 168 173 171 173 176 178 179 183 186 189 190 184 187 186 183 176 178 176 175 177 180 183 187 193 189 186 184 187 187 187 181 183 182 183 185 186 189 189 189 196 193 195 188 187 186 183 185 178 181 184 178 178
188 188 189 189 189 190 190 190 190 190 190 190 189 188 189 188 189 189 189 188 189 189 189 189 187 186 188 188 184 184 186 188 188 187 184 182 181 178 173 170 171 169 172 169 175 177 178 178 180 181 183 187 189 188 186 182 178 178 178 180 180 179 184 185 189 193 192 188 189 189 190 186 184 183 188 188 188 192 193 195 195 194 191 193 190 187 188 180 178 178 179 181 179 179
189 188 189 189 190 189 189 190 190 190 190 190 189 189 189 188 187 187 189 189 189 189 189 189 186 184 188 189 186 185 188 189 188 188 187 182 181 179 176 176 174 170 173 173 176 179 180 180 181 184 184 188 188 187 184 182 182 181 179 185 183 184 184 185 187 192 194 193 193 191 188 184 181 184 186 192 191 191 196 194 194 195 193 188 190 188 182 181 170 170 175 174 182 186
188 188 189 189 189 189 189 189 187 188 189 190 189 189 189 189 188 188 189 189 188 190 189 189 188 188 188 189 188 187 188 189 186 182 183 183 183 182 180 181 179 177 174 173 174 175 181 182 186 187 188 189 190 189 185 185 184 181 180 185 189 188 189 187 191 193 195 193 189 192 189 188 186 188 188 192 195 196 194 192 190 189 186 186 186 186 180 175 172 169 167 173 181 186
187 188 188 188 189 189 189 188 188 189 189 188 189 189 189 189 188 188 187 188 188 190 188 189 189 188 189 190 189 189 189 189 187 187 187 186 185 183 183 183 179 176 172 173 174 177 181 179 184 184 187 185 186 189 187 187 187 181 182 180 185 189 192 192 193 194 195 193 193 193 191 191 188 190 193 195 196 194 191 189 187 182 186 183 184 184 176 174 178 171 170 175 186 192
189 188 187 184 187 188 187 188 189 189 189 190 189 190 189 189 189 189 188 188 189 190 189 189 188 186 189 189 190 190 187 188 188 188 189 188 187 186 186 185 183 177 176 176 179 178 183 183 185 185 184 186 189 189 190 191 188 184 182 183 185 190 192 192 193 195 195 192 192 193 193 192 191 192 193 195 194 192 191 189 185 181 184 187 188 187 180 183 183 179 180 181 188 189
189 189 187 184 186 187 187 189 189 188 188 189 190 190 189 189 189 188 188 188 190 189 188 188 189 190 190 188 187 186 187 187 188 190 190 190 189 189 187 183 183 180 182 181 179 182 182 184 186 185 188 188 186 184 188 191 188 187 185 187 188 190 192 193 194 195 194 194 193 194 192 192 191 193 196 195 193 195 193 190 182 184 186 188 192 192 191 191 187 189 183 184 192 196
189 188 188 185 186 188 188 189 189 188 189 189 189 189 190 189 189 189 188 189 190 189 189 189 189 190 189 188 188 187 187 184 188 189 189 187 186 184 187 187 187 183 180 179 179 180 181 182 185 187 186 186 181 184 185 187 191 191 186 189 191 193 192 193 194 195 195 194 193 194 193 192 191 194 196 195 195 194 194 192 185 188 185 190 189 193 193 195 195 195 192 193 199 200
189 189 189 188 187 188 188 189 189 189 189 188 188 188 189 190 189 188 188 188 190 189 189 189 189 190 190 189 189 189 188 189 187 190 188 187 186 187 183 187 188 185 184 183 181 181 183 182 183 183 184 185 180 182 185 186 189 192 191 191 193 193 192 193 194 194 195 193 195 194 193 193 192 193 196 196 197 193 193 191 191 191 190 190 192 196 195 197 198 199 200 201 203 203
189 189 188 188 189 188 188 189 189 188 189 188 188 187 187 189 188 188 189 189 190 189 189 189 189 190 190 190 190 190 189 189 190 190 189 188 187 187 187 188 189 189 185 184 182 184 184 184 180 182 181 183 183 185 186 186 189 190 192 193 192 194 192 193 193 194 195 195 195 193 193 193 191 193 195 197 195 194 193 193 194 195 193 193 193 195 198 198 199 201 199 203 205 205
188 187 188 188 188 189 189 189 189 188 188 186 187 188 186 188 189 189 189 190 190 189 188 188 190 190 190 190 190 190 190 190 190 190 190 189 188 189 190 189 189 187 184 184 180 184 182 182 183 185 184 182 181 179 182 185 187 189 191 193 193 194 193 193 192 194 195 195 194 193 193 192 193 194 196 197 197 196 196 195 193 195 196 195 194 196 196 197 202 200 204 205 207 207
187 187 186 188 188 189 189 187 186 187 187 188 187 188 188 189 190 189 190 190 189 189 188 187 189 189 190 190 190 190 189 190 191 190 190 190 190 190 190 187 187 186 186 182 185 182 183 181 184 185 183 181 178 181 185 186 190 191 190 189 192 194 194 193 192 194 195 194 195 194 195 194 192 193 195 197 198 198 198 196 193 194 197 195 196 197 200 201 201 204 205 208 -9999 -9999
187 185 186 187 187 188 188 187 186 187 188 187 187 188 189 189 188 187 190 190 190 189 189 189 188 188 190 190 190 189 189 190 190 190 190 190 190 190 189 187 187 186 187 186 186 184 181 184 182 186 185 182 179 180 180 183 186 187 187 188 191 193 194 192 193 193 194 195 195 196 196 195 195 193 196 198 198 197 198 197 193 194 197 196 199 199 201 203 203 205 208 211 -9999 -9999
185 187 186 188 188 189 189 189 189 189 189 188 186 187 187 188 188 187 189 190 190 188 188 189 189 188 189 189 190 190 190 190 190 190 190 190 190 189 189 186 186 184 185 185 182 183 182 184 185 185 185 182 182 182 182 181 183 185 187 188 191 193 193 192 193 193 192 193 195 196 196 196 197 196 195 198 198 198 199 197 195 193 195 200 200 200 200 203 -9999 -9999 -9999 -9999 -9999 -9999
187 185 186 187 188 189 189 189 189 189 189 188 186 187 187 188 188 189 189 190 189 189 189 188 188 189 190 190 190 190 190 190 190 189 190 190 190 189 189 188 185 182 185 183 180 183 184 183 183 186 183 184 181 184 182 186 185 185 186 189 192 194 193 194 193 193 193 194 193 195 195 194 195 196 197 196 198 199 198 198 195 195 195 201 202 202 203 206 -9999 -9999 -9999 -9999 -9999 -9999
187 185 187 188 188 188 189 189 189 189 189 188 189 189 188 188 188 189 190 190 190 188 189 189 189 189 189 189 190 190 190 189 190 190 190 190 190 189 184 186 187 186 185 183 181 183 183 185 185 185 185 185 184 184 182 185 186 185 184 186 191 192 194 194 194 194 194 192 193 194 192 194 196 193 196 196 198 199 197 197 195 195 196 201 203 204 206 208 -9999 -9999 -9999 -9999 -9999 -9999
187 186 187 187 188 188 188 188 189 189 189 188 189 189 189 189 189 189 190 190 190 189 189 189 189 190 190 190 190 190 190 190 190 190 190 190 190 189 189 186 186 184 187 184 180 183 184 185 183 184 185 188 185 188 184 187 187 187 189 189 190 193 194 194 194 194 193 194 192 192 189 192 193 195 196 196 198 198 199 195 194 194 197 200 202 204 208 210 -9999 -9999 -9999 -9999 -9999 -9999
187 186 186 188 188 188 188 187 188 189 189 189 189 189 189 189 190 190 190 190 189 188 189 190 190 190 190 190 190 190 189 190 189 190 188 190 190 190 189 189 186 188 184 184 183 182 181 182 180 183 186 184 185 187 188 187 188 187 187 186 189 192 193 193 194 193 192 191 192 191 191 194 194 195 196 197 198 199 199 198 194 197 198 201 203 204 -9999 -9999 -9999 -9999 -9999 -9999 -9999 -9999
187 185 187 188 188 187 187 186 187 188 188 188 188 189 189 189 189 188 189 190 190 190 190 190 190 190 190 190 188 185 185 187 190 189 188 188 189 190 190 188 186 183 184 182 180 179 183 184 184 184 182 183 183 187 188 187 188 187 188 188 191 191 193 194 194 194 193 192 193 193 193 195 194 195 197 196 198 199 197 196 197 198 199 203 203 206 -9999 -9999 -9999 -9999 -9999 -9999 -9999 -9999
187 187 187 188 187 184 185 186 186 188 188 187 187 187 187 187 187 187 188 189 190 190 189 189 190 190 189 189 184 182 186 187 189 188 187 189 188 187 189 190 188 186 185 184 180 179 180 181 181 181 182 183 185 188 189 188 187 189 187 188 191 192 192 194 195 194 192 193 194 193 193 196 195 194 197 198 199 198 198 196 197 199 200 203 206 208 -9999 -9999 -9999 -9999 -9999 -9999 -9999 -9999
186 188 187 188 188 187 186 187 187 188 188 188 187 187 187 187 187 187 189 190 190 189 189 189 187 187 188 187 183 183 185 183 187 185 186 186 187 187 186 188 190 189 185 184 181 181 179 179 181 184 183 185 188 186 189 189 191 190 191 188 191 192 193 194 194 195 194 194 195 195 195 196 195 195 196 198 199 199 198 199 197 198 201 202 205 208 -9999 -9999 -9999 -9999 -9999 -9999 -9999 -9999
