sesion_6_simulaciones/modelos_distribucion_especies/ejemplo/variables/futuro_A2/2020/TMXV.asc
ncols 708
nrows 329
xllcorner -7.525000
yllcorner 35.991667
cellsize 0.008333
NODATA_value -9999
[rows 164 to 204 of 329, columns 564 to 657 of 708]
286 287 293 298 303 306 308 309 313 294 316 320 319 316 322 317 320 321 321 319 318 321 318 322 322 322 325 326 327 327 328 328 327 327 329 329 329 332 332 332 331 330 333 334 334 334 334 334 335 336 335 336 336 334 337 336 335 337 336 336 337 338 337 338 337 338 338 337 338 339 339 338 338 338 335 336 332 337 338 334 334 336 338 337 337 337 337 336 336 333 337 331 336 336
286 288 296 304 302 304 311 316 308 311 313 318 314 318 317 315 318 320 322 317 317 319 318 320 321 321 323 323 326 325 327 329 329 328 329 330 331 332 333 332 332 332 333 335 335 335 335 336 334 336 335 334 333 337 337 333 336 336 337 338 337 338 338 338 339 338 337 339 339 338 337 339 339 336 339 337 337 333 335 333 333 331 337 338 338 338 337 336 338 338 337 337 338 337
288 302 306 307 306 309 314 313 310 311 313 313 315 313 311 312 314 317 318 319 316 318 317 318 320 318 323 321 322 327 319 324 328 329 328 325 324 327 332 333 331 334 331 333 331 334 333 332 329 332 327 331 332 334 333 337 338 334 327 330 332 334 336 334 333 333 332 334 334 334 336 333 329 334 334 330 337 339 338 338 335 339 339 338 338 338 338 337 337 337 336 334 331 336
292 294 297 303 302 303 305 307 301 312 312 312 311 308 315 313 314 313 311 314 313 312 317 317 319 320 322 322 319 320 318 320 322 324 320 319 321 323 321 327 323 317 325 322 321 325 327 328 326 326 333 335 330 326 330 332 332 329 331 334 335 335 328 326 335 330 334 333 334 327 331 328 334 333 334 335 332 320 333 329 334 334 329 333 334 335 336 337 335 335 336 333 333 335
291 294 298 301 299 303 303 301 299 308 308 309 311 313 311 314 314 312 313 311 309 311 312 305 315 314 319 315 318 308 314 324 317 319 321 314 316 314 312 314 315 318 318 319 323 321 329 327 325 327 323 324 321 325 323 328 324 325 327 327 331 330 330 331 327 324 321 329 328 330 329 332 322 326 332 330 327 328 325 331 327 334 332 331 331 332 332 333 335 333 334 329 334 334
290 294 303 295 291 295 294 301 302 295 301 302 298 308 304 309 305 308 311 311 308 306 308 308 306 307 311 313 313 315 315 314 309 310 316 317 307 315 311 310 310 309 317 314 305 313 318 316 314 315 316 320 313 308 315 320 318 319 316 319 321 324 327 323 324 311 324 324 320 324 325 320 314 325 325 323 326 324 329 332 331 336 329 321 331 333 329 330 330 330 331 332 331 325
297 300 304 297 287 285 290 295 296 298 299 298 307 299 303 307 304 304 311 308 309 310 309 308 315 308 313 308 313 308 311 310 311 309 309 310 305 301 304 302 308 305 302 301 312 317 317 314 310 311 312 312 317 313 309 312 315 315 317 317 321 319 314 319 319 321 319 317 321 324 322 322 323 324 323 328 327 331 332 331 333 334 333 330 326 325 328 328 333 333 329 330 329 327
294 298 289 295 293 293 293 298 301 296 304 299 304 301 305 304 306 296 298 303 308 304 306 308 310 306 306 310 312 315 313 306 308 308 309 302 305 304 298 299 307 302 304 303 313 314 314 310 303 306 311 316 315 312 309 304 305 313 311 316 320 324 321 319 319 318 319 320 318 319 318 322 327 329 327 331 326 331 331 333 332 330 320 325 322 326 325 332 328 328 322 328 328 328
297 296 292 291 291 292 289 296 293 296 302 304 304 304 303 305 304 301 301 301 303 302 301 305 304 302 303 306 308 307 311 302 305 308 309 304 303 295 293 295 299 298 304 306 308 312 307 299 305 300 312 315 311 306 304 296 300 304 317 323 310 317 317 315 315 317 316 319 324 322 324 325 328 324 332 332 327 327 331 322 327 326 322 327 326 327 330 328 326 320 317 317 324 328
296 295 292 292 292 288 296 291 296 298 300 299 299 300 303 298 295 301 296 300 301 298 300 300 299 298 300 300 304 303 303 303 303 302 300 301 298 301 290 287 290 293 288 307 307 304 302 300 303 300 307 313 307 302 305 302 307 313 301 306 315 316 321 311 315 320 314 316 320 314 321 322 324 331 329 333 333 331 328 324 328 323 326 323 327 326 323 323 323 325 325 321 320 321
289 296 295 294 291 288 293 292 288 290 300 300 295 295 298 299 298 303 295 297 299 300 302 292 293 298 297 301 292 305 298 301 305 300 296 286 296 296 292 289 287 286 287 287 304 305 299 301 298 292 292 304 311 305 302 301 307 308 310 309 315 315 311 312 316 315 315 319 324 317 313 318 324 323 320 333 333 328 323 324 323 321 322 321 322 323 326 325 327 326 323 326 326 326
287 287 284 289 285 285 291 289 291 289 291 299 293 291 289 295 299 300 297 292 295 299 288 290 295 298 297 299 300 305 292 295 302 297 283 294 290 292 287 294 293 285 292 293 297 291 297 288 293 293 297 306 307 304 296 301 306 308 308 309 309 312 310 306 309 315 322 324 316 318 319 321 317 324 323 324 322 324 323 324 316 314 322 326 320 321 323 326 326 326 324 328 323 321
298 294 291 290 288 287 287 293 291 288 287 286 292 283 289 291 295 295 292 291 295 297 288 290 293 293 298 286 296 296 295 293 294 295 285 290 290 290 289 291 297 304 304 307 307 300 293 292 285 289 294 302 302 299 298 305 306 307 310 313 312 316 311 306 308 310 317 320 314 320 318 313 314 324 310 314 321 314 319 320 310 321 316 313 312 315 319 325 324 321 311 316 326 326
294 291 286 288 286 285 284 290 289 287 286 289 288 289 288 291 289 292 283 290 287 286 287 288 294 296 286 291 297 285 295 291 292 293 292 290 282 283 292 294 296 298 299 305 302 298 298 293 287 272 291 298 303 300 299 298 304 303 311 315 312 315 311 312 305 308 316 308 310 313 317 324 317 320 313 318 319 304 310 314 319 321 312 316 321 318 320 319 323 324 323 322 325 327
299 295 291 290 287 287 287 289 290 287 288 289 290 288 287 288 288 285 287 289 289 283 287 289 294 285 288 289 293 286 294 298 291 292 290 290 289 287 291 289 294 291 297 298 294 296 296 283 282 289 293 299 291 297 296 298 303 304 310 313 314 313 310 312 316 314 317 302 308 311 314 313 321 326 315 317 320 311 314 320 311 314 313 317 319 314 319 318 320 320 321 315 319 322
295 295 297 292 291 290 288 288 290 290 289 289 289 285 289 288 289 288 289 287 288 288 289 289 288 288 289 291 292 285 285 282 287 280 286 286 287 289 291 294 296 297 294 292 292 292 292 294 289 292 294 300 296 293 293 288 298 299 307 306 310 311 311 311 315 317 316 315 313 308 316 318 315 312 313 311 308 313 318 317 315 312 312 315 317 317 318 310 315 321 327 325 314 325
305 302 293 295 292 291 289 287 291 291 290 289 289 287 290 289 288 289 289 288 289 287 289 287 288 286 288 289 288 287 281 278 276 280 279 282 283 286 288 291 291 286 291 291 290 291 288 287 287 290 291 296 294 295 292 293 295 299 300 298 309 306 310 311 317 318 314 315 316 320 318 318 314 309 315 314 315 310 317 315 314 310 314 317 313 315 316 321 315 322 322 326 326 326
299 306 300 298 300 296 291 289 290 291 292 286 288 287 286 285 285 284 284 288 288 290 290 288 286 288 287 287 283 285 280 281 279 278 280 281 285 285 291 292 287 285 284 288 288 289 286 286 289 285 284 287 290 290 292 295 295 300 297 303 309 304 309 311 313 311 315 319 315 318 320 315 314 311 309 311 315 315 317 310 308 315 312 316 311 316 306 317 318 321 323 324 327 327
306 300 303 303 299 300 300 299 296 297 300 295 296 294 290 286 284 284 281 285 287 286 286 287 284 286 288 288 285 282 283 283 278 282 283 280 282 284 285 281 284 282 284 287 281 293 294 291 297 300 299 297 297 289 285 300 295 300 300 303 300 305 302 306 303 307 307 314 313 314 316 317 311 309 300 306 314 314 315 310 308 308 310 309 310 316 316 317 321 324 324 327 328 319
310 308 308 310 310 305 302 296 302 302 296 301 297 297 291 293 292 288 289 289 288 285 287 286 286 288 288 289 288 291 292 297 291 288 290 290 286 287 287 280 287 292 292 296 301 295 303 307 306 297 302 296 306 300 307 307 311 310 314 310 309 311 315 303 311 313 309 308 313 312 311 311 310 315 311 311 314 321 312 323 316 317 310 309 315 323 320 314 322 323 325 325 315 318
317 315 312 313 314 312 306 301 301 305 301 302 300 300 301 295 295 295 294 278 285 291 294 296 288 289 291 295 297 300 301 296 297 299 286 293 295 300 296 294 298 300 300 298 304 309 310 305 308 317 312 315 314 312 318 316 312 314 322 319 315 319 314 306 318 320 322 320 317 319 321 324 323 326 323 322 326 324 321 321 326 324 315 319 324 321 321 323 315 319 315 313 316 319
321 319 319 317 311 316 315 308 314 313 311 310 306 306 307 304 295 299 300 295 291 294 300 298 302 301 296 295 298 298 301 304 300 304 302 301 307 309 304 303 303 304 299 305 308 306 313 308 318 317 321 316 314 318 322 321 321 320 325 324 318 324 315 310 314 311 324 323 317 323 320 323 324 329 328 329 330 329 329 326 328 327 322 321 325 325 325 322 317 319 319 317 321 321
323 323 321 320 321 319 319 316 319 317 318 315 314 308 313 311 308 310 307 304 303 302 304 301 303 301 302 297 294 294 299 302 302 308 305 306 304 305 311 311 304 310 311 306 312 315 317 313 314 318 317 317 314 317 315 320 320 317 321 326 319 324 322 314 319 317 322 325 326 326 327 328 324 329 329 331 331 330 330 329 329 327 320 320 326 326 326 324 320 321 324 323 321 316
325 324 324 323 323 321 322 320 320 321 321 320 317 314 318 317 313 315 311 309 308 309 305 314 310 309 308 309 302 302 301 303 300 309 309 307 310 307 309 309 314 312 308 306 308 316 316 313 316 321 317 308 314 319 318 319 319 321 321 325 325 323 325 321 321 320 322 318 320 325 330 329 329 330 329 328 331 331 331 330 330 328 327 327 328 326 326 322 319 321 325 325 322 313
325 326 325 324 323 324 323 324 323 324 323 324 321 314 321 322 318 320 319 313 310 309 311 314 313 307 307 315 312 306 299 305 309 295 311 312 305 309 310 302 311 305 310 309 311 312 317 322 321 322 311 316 313 319 317 320 314 316 318 325 322 323 321 320 320 319 322 327 319 326 324 328 330 330 329 330 330 330 331 331 330 329 326 326 326 328 327 325 325 326 324 319 324 321
324 324 325 326 326 325 325 326 326 322 323 321 325 323 323 325 321 322 322 317 318 318 315 309 320 310 313 315 318 313 309 313 309 313 310 313 309 311 311 311 311 314 312 311 311 315 319 323 325 319 322 313 312 316 314 323 316 317 317 324 327 320 315 320 322 318 313 322 326 328 325 328 328 328 330 330 331 331 330 331 330 330 329 329 325 326 324 326 324 328 324 324 327 327
322 322 324 324 324 324 323 323 324 318 322 325 323 327 325 326 321 325 325 322 320 319 317 316 319 304 317 317 319 316 318 313 314 317 320 312 310 309 314 310 311 314 312 314 315 315 321 321 325 318 322 321 313 316 321 318 319 326 325 325 321 313 321 322 316 323 319 325 325 327 329 329 330 329 330 329 330 328 330 331 331 331 329 330 329 329 325 327 331 330 328 330 326 330
316 319 321 322 314 322 320 322 323 322 327 325 326 329 329 326 327 327 327 325 325 325 320 324 323 323 322 318 313 319 321 314 313 311 317 295 312 314 318 314 312 316 312 314 317 318 317 325 328 322 325 325 324 320 319 317 319 326 323 311 315 318 322 319 324 325 326 326 328 329 329 330 330 330 330 329 329 330 330 330 329 328 330 330 330 328 328 327 328 328 330 329 329 327
310 305 311 310 311 314 311 313 314 313 320 324 325 322 329 328 324 322 327 326 324 323 321 324 325 324 324 324 321 320 322 316 313 317 320 310 311 310 316 314 317 319 321 320 319 312 314 324 327 320 317 327 317 320 326 313 323 323 327 317 318 320 315 327 323 324 327 329 329 330 330 330 330 330 330 331 330 330 330 330 330 331 332 330 330 330 329 328 329 327 329 328 327 327
311 313 302 308 310 307 304 305 302 303 310 317 308 313 319 315 328 322 323 328 321 323 325 325 325 325 325 325 324 324 324 324 323 323 321 319 322 321 321 318 317 321 323 317 318 316 319 323 325 328 321 327 325 318 319 329 329 329 323 320 320 326 329 330 327 329 329 329 329 329 330 331 330 330 330 330 330 331 331 331 330 330 331 331 329 331 330 328 329 328 329 328 328 326
308 306 305 303 305 305 308 307 304 303 305 316 312 304 312 317 318 318 328 326 323 326 326 326 325 324 322 325 324 324 324 323 323 326 325 323 320 318 321 321 319 310 319 321 318 320 321 320 320 328 329 327 329 328 326 329 330 330 330 329 328 328 328 326 330 329 329 329 328 328 329 330 330 330 330 330 331 330 331 330 327 331 331 331 331 328 329 327 332 330 328 328 326 328
301 298 295 292 295 300 304 307 307 305 308 311 310 309 310 311 318 319 318 320 325 329 322 320 324 325 325 325 324 324 322 324 322 324 325 322 320 317 318 322 319 318 322 319 320 315 319 325 325 329 330 330 330 327 330 331 330 330 330 330 327 328 322 331 330 329 329 329 329 328 330 331 331 331 330 330 330 331 331 331 331 331 331 332 332 331 328 333 332 332 330 328 329 327
287 283 290 283 287 291 294 301 305 311 314 315 316 312 309 303 310 313 310 315 316 323 322 319 322 324 323 325 326 325 322 324 321 321 318 321 320 318 323 321 320 317 324 322 322 323 325 326 328 329 329 330 329 331 331 331 331 330 331 331 331 331 331 331 331 329 330 329 330 329 329 329 330 331 331 331 331 330 330 331 332 332 331 329 329 331 333 332 330 324 329 330 325 325
268 273 283 285 289 290 293 294 297 303 304 304 302 304 304 299 302 304 308 312 317 321 320 321 321 322 322 323 324 325 325 324 325 324 319 323 323 322 325 326 323 324 327 324 324 325 325 328 328 328 331 330 331 331 331 331 331 331 331 331 331 331 331 331 330 329 329 329 330 330 330 330 331 330 330 330 330 331 329 325 328 330 328 326 326 327 328 329 329 325 329 326 326 322
272 271 273 278 283 285 290 291 293 302 305 304 299 292 287 299 301 301 308 313 312 325 325 324 322 322 321 322 322 322 321 326 326 326 325 326 326 326 326 326 327 324 325 322 325 324 328 328 328 330 332 331 331 331 332 331 331 331 331 331 331 330 330 329 330 329 328 328 328 329 329 329 329 329 330 329 329 329 329 329 329 328 324 327 323 328 323 326 322 325 324 324 328 324
280 280 286 284 284 285 285 289 294 302 305 308 305 297 291 291 293 302 311 315 321 313 316 319 322 320 319 324 322 322 317 321 324 329 327 327 327 327 327 328 327 325 323 324 324 325 328 330 328 331 333 331 331 331 331 330 331 331 331 330 330 330 330 330 329 323 322 323 327 326 328 329 327 328 328 328 326 327 327 328 326 327 320 323 325 325 327 324 323 318 323 327 327 328
283 285 285 293 294 294 294 295 293 301 307 306 302 299 296 298 299 302 306 305 313 317 322 321 316 316 321 323 325 323 323 321 323 327 328 327 326 325 329 329 328 325 326 324 326 327 330 329 332 333 333 330 331 331 331 331 331 330 329 329 329 329 329 324 320 319 325 327 327 326 327 327 323 322 326 323 323 324 325 322 324 325 324 320 322 322 324 322 319 321 324 325 327 329
285 284 287 287 285 292 298 300 300 297 300 304 305 299 301 302 302 307 313 313 310 315 322 327 315 317 319 324 326 327 324 322 326 326 331 329 327 323 326 327 328 330 330 330 327 329 330 331 325 333 333 323 332 329 324 329 327 325 324 319 317 316 326 328 327 327 326 326 326 326 326 327 327 328 329 329 328 329 328 327 322 316 321 321 315 320 325 328 327 328 327 328 327 328
280 289 292 293 294 297 298 306 309 302 303 310 304 304 304 309 306 307 310 318 312 316 319 319 318 321 325 322 328 323 320 321 323 327 330 331 327 327 324 328 329 326 329 322 332 332 331 329 334 334 333 327 326 329 328 327 324 322 323 323 324 325 326 326 326 326 325 325 325 324 324 323 325 326 328 328 329 329 329 330 329 329 327 324 317 317 320 313 325 327 315 324 318 321
289 290 290 292 289 293 301 307 305 313 308 310 306 310 312 314 309 312 314 317 318 319 325 332 316 327 323 324 324 322 322 317 321 325 331 326 326 326 323 326 325 329 326 331 326 328 332 334 334 329 324 331 324 330 329 327 324 326 325 325 324 324 322 321 323 322 320 322 321 320 321 320 322 317 310 320 319 323 327 329 328 321 322 321 317 322 321 318 318 322 324 323 324 323
292 294 293 293 296 300 302 310 313 314 311 314 319 319 319 319 317 319 322 322 323 320 318 321 328 333 331 330 326 325 321 321 320 325 330 329 324 322 319 328 329 328 328 332 328 334 330 334 332 331 330 329 327 327 327 325 323 320 318 317 310 321 318 319 312 312 310 312 304 309 311 307 311 311 310 313 318 323 321 324 324 328 329 330 329 324 326 326 324 326 326 326 327 326
