sesion_6_simulaciones/modelos_distribucion_especies/ejemplo/variables/futuro_A2/2020/TMXV.asc
ncols 708
nrows 329
xllcorner -7.525000
yllcorner 35.991667
cellsize 0.008333
NODATA_value -9999
[rows 164 to 204 of 329, columns 470 to 563 of 708]
332 331 330 329 331 332 335 331 327 328 327 325 324 324 309 325 321 324 321 323 324 320 318 303 303 299 302 305 307 308 308 309 306 309 317 320 321 322 323 324 324 327 324 325 324 327 326 326 326 321 333 332 332 330 331 329 329 329 327 326 325 324 324 323 322 321 320 317 317 315 314 307 313 313 313 312 303 307 311 307 306 298 304 298 286 285 291 285 283 281 288 287 284 287
331 330 328 329 331 330 332 327 327 325 322 323 322 322 319 322 317 321 322 315 319 312 310 299 302 289 299 291 305 311 316 317 317 319 315 311 316 321 323 324 323 325 325 325 325 325 326 326 326 330 332 332 332 331 330 330 326 327 325 325 325 324 324 323 322 321 321 319 315 317 315 308 312 310 311 308 300 291 308 313 311 307 305 294 293 288 291 294 288 288 298 296 288 289
333 332 332 331 331 321 327 325 325 314 313 316 316 315 313 313 312 311 301 297 287 284 277 292 290 303 312 314 315 317 317 310 317 319 318 315 317 321 323 323 324 324 325 325 325 325 326 326 326 330 332 332 332 331 330 328 328 325 325 324 324 324 323 323 321 321 320 318 312 311 315 313 310 311 305 302 298 304 296 305 309 306 309 299 284 270 289 291 290 300 298 285 286 294
332 331 334 335 325 328 326 323 313 306 297 290 301 293 292 297 285 281 290 297 299 301 304 308 311 298 306 308 314 315 312 310 309 313 317 318 321 322 322 323 324 325 325 325 321 324 326 325 326 331 331 331 331 331 331 330 324 327 324 325 324 323 323 321 320 321 320 319 314 311 311 300 310 309 304 297 295 304 304 304 310 302 304 307 301 302 296 289 295 280 291 279 285 291
337 336 333 329 325 325 317 296 300 300 291 283 292 284 285 295 297 301 302 305 307 305 304 302 307 306 308 309 314 313 311 312 312 316 316 320 321 322 322 323 324 324 324 323 326 327 328 331 331 329 329 330 330 331 331 330 328 326 324 324 324 323 321 322 321 320 320 319 317 315 310 308 307 308 300 303 300 300 299 304 299 303 299 295 304 305 300 298 296 292 281 282 281 283
333 331 330 325 324 322 305 304 299 293 296 293 287 298 294 298 285 306 311 304 303 295 296 306 309 306 313 299 309 312 307 315 317 318 319 320 321 322 322 323 323 324 323 326 329 326 326 328 330 328 328 325 328 328 329 330 329 328 324 323 323 323 322 321 321 320 318 319 317 316 314 313 306 304 291 301 297 301 298 300 297 299 297 293 296 292 291 293 293 289 292 287 283 283
331 328 330 326 317 319 308 300 301 301 305 304 305 294 296 291 301 310 308 309 316 313 311 312 314 290 299 314 314 314 316 316 318 319 320 321 322 322 322 319 318 323 310 327 324 326 323 327 327 330 328 326 323 327 329 329 329 328 327 323 323 323 322 321 321 320 319 316 318 316 316 314 311 298 297 298 298 300 299 297 300 299 297 300 296 295 292 292 292 290 284 290 290 297
329 329 327 325 322 317 311 298 304 308 307 299 295 292 299 309 313 309 313 314 310 317 310 306 308 308 308 313 317 316 318 316 316 319 319 324 326 324 324 320 312 322 322 324 325 325 325 327 323 329 325 323 325 327 327 328 328 328 328 326 322 322 322 321 320 320 318 318 317 317 316 315 313 311 304 297 299 297 301 303 303 299 300 300 294 299 295 292 294 295 296 293 297 302
332 324 321 325 320 320 319 309 310 300 303 302 305 304 307 311 307 312 313 301 306 311 313 313 315 315 314 315 315 314 311 314 317 314 322 323 321 321 321 322 314 322 322 323 323 324 326 321 326 325 323 324 323 326 326 326 325 327 328 326 325 321 322 321 321 320 319 319 319 318 317 316 315 314 310 311 310 311 308 306 302 298 302 296 300 297 296 298 296 296 296 293 296 299
328 328 326 325 323 315 298 301 308 310 314 307 302 308 296 307 312 312 311 304 303 306 306 306 311 309 313 308 307 316 316 314 313 312 317 321 320 320 321 325 317 316 316 321 320 321 321 323 322 325 323 323 324 324 325 321 325 325 327 326 323 325 321 322 320 320 320 320 319 319 317 316 316 314 314 312 312 311 311 310 306 304 302 305 302 299 296 298 296 296 295 295 294 296
328 325 325 323 320 315 313 309 315 317 315 309 309 302 306 301 303 303 305 308 311 311 309 310 307 308 307 311 313 315 313 302 309 316 318 322 323 324 325 317 321 321 321 320 320 318 322 320 326 322 321 323 322 322 323 324 323 323 325 326 322 322 324 322 321 321 320 320 320 319 318 317 317 316 315 314 312 309 312 312 309 306 305 308 307 304 301 299 298 296 299 296 295 293
328 327 323 324 315 319 303 310 305 303 309 301 295 309 303 303 303 297 301 309 308 309 299 298 297 307 304 294 304 306 312 313 316 316 316 317 316 322 321 315 320 316 319 319 318 320 317 323 321 321 321 322 324 323 322 323 322 321 319 326 324 322 321 322 322 322 321 320 320 319 319 319 318 317 316 315 313 310 312 312 313 311 310 310 308 304 305 304 304 302 301 299 295 294
329 327 324 323 319 297 308 309 301 302 302 307 309 309 311 310 305 300 300 306 307 309 307 308 309 308 309 309 310 313 316 311 299 302 313 314 315 320 318 318 318 313 316 317 319 316 314 318 320 321 320 322 322 321 322 322 322 322 321 323 325 321 321 321 322 322 321 321 320 320 320 319 318 318 317 316 315 314 315 314 314 313 313 311 311 310 307 305 304 303 299 301 300 298
329 326 322 322 320 315 303 304 298 301 301 313 313 314 313 309 302 308 299 300 304 304 308 308 306 310 305 313 313 306 302 302 299 302 306 308 316 312 314 313 317 317 316 316 318 317 319 319 319 320 318 320 321 321 321 322 321 321 321 320 323 321 321 321 321 321 320 321 320 320 320 319 319 318 317 317 317 317 317 316 315 314 314 313 311 309 310 304 302 300 301 301 296 290
329 326 325 323 324 320 319 306 301 295 307 307 302 305 309 304 304 304 298 297 300 306 308 311 309 310 311 311 312 300 299 301 299 298 302 308 312 313 309 312 315 316 316 317 314 312 310 313 318 318 319 319 320 320 320 321 321 321 321 320 321 322 321 321 321 321 321 321 321 320 320 319 319 319 318 319 318 318 317 317 316 315 315 314 313 313 312 308 304 304 302 305 302 298
328 325 324 326 325 324 318 312 314 315 306 300 312 316 307 307 309 314 309 308 307 308 306 307 309 310 313 310 314 310 305 304 303 300 303 301 304 306 305 312 313 314 315 315 312 315 315 312 313 316 317 318 318 319 320 320 320 320 320 322 317 321 320 320 320 320 320 320 320 320 320 319 319 319 319 319 318 318 318 317 317 316 316 316 314 314 313 312 308 301 313 309 307 304
332 329 326 326 326 321 318 313 314 318 318 308 320 318 317 314 310 310 301 305 303 307 303 312 311 301 303 304 302 303 302 311 305 302 297 298 291 297 300 306 309 311 314 312 313 314 314 311 301 309 313 317 317 318 319 319 319 319 317 322 320 321 320 320 320 320 320 320 320 320 320 319 319 319 319 319 318 318 318 318 317 317 317 317 316 315 314 311 309 309 304 310 303 302
332 331 327 326 323 322 320 318 316 317 319 321 318 317 319 320 317 315 310 310 308 314 313 299 287 308 301 299 298 299 310 307 293 290 288 295 296 299 298 297 302 308 310 309 313 314 312 308 300 304 307 315 316 317 318 318 317 319 318 319 319 320 319 319 319 319 319 319 319 319 319 319 319 319 319 319 319 319 318 318 318 318 318 317 317 316 315 315 314 313 312 311 307 310
332 331 326 326 324 323 322 316 316 315 312 321 319 319 318 314 318 313 316 316 307 299 301 310 311 306 305 305 304 305 294 292 285 292 289 297 293 291 292 292 295 295 308 307 305 308 308 306 302 300 304 311 315 316 316 316 317 317 318 318 319 319 319 319 319 319 319 319 319 319 319 318 318 318 318 318 318 318 318 318 318 318 318 318 318 318 317 317 316 316 316 316 313 309
332 331 327 326 324 323 316 321 318 319 324 312 316 316 319 319 320 319 315 319 317 305 303 298 307 307 297 308 302 306 301 294 289 297 293 294 290 285 285 287 292 302 299 303 305 300 302 304 295 297 296 309 312 308 315 316 316 312 317 318 318 318 318 318 318 318 318 318 318 318 318 318 317 318 318 318 318 318 318 318 318 318 318 319 319 319 319 318 318 319 317 317 316 309
332 328 323 322 323 322 324 322 320 323 320 316 319 319 323 321 320 318 326 320 313 313 300 302 309 298 291 295 295 300 300 301 298 297 291 288 288 290 285 286 282 295 294 299 295 294 296 299 296 297 302 307 310 314 314 315 311 316 316 316 317 318 318 317 317 317 317 316 315 315 316 317 316 317 317 317 317 317 317 317 317 317 318 317 320 320 319 321 320 321 321 320 317 318
333 330 325 318 319 317 320 320 322 324 321 323 320 320 324 325 317 319 318 319 320 315 311 307 300 291 290 287 281 295 290 295 285 283 273 290 281 278 280 276 281 291 295 294 291 289 289 289 296 302 307 311 312 314 314 315 314 315 315 316 316 317 317 316 316 316 306 314 315 308 314 315 315 315 315 316 316 313 316 316 317 317 318 319 320 320 316 322 322 323 323 324 323 322
333 331 327 310 306 302 327 327 324 320 316 319 321 317 321 312 312 309 298 313 301 309 304 290 291 292 294 283 282 289 288 287 282 281 278 278 275 278 278 278 281 289 291 289 289 291 293 298 302 295 300 305 308 312 313 313 314 314 314 315 315 315 315 315 315 313 310 307 314 313 313 314 314 314 314 311 313 311 314 317 317 317 315 316 318 319 319 318 314 319 321 323 324 324
333 333 330 327 326 315 318 319 323 318 320 320 319 317 314 310 304 305 299 309 296 287 291 289 292 298 293 288 289 289 287 287 285 281 280 285 280 277 275 269 280 286 283 286 282 286 282 288 292 297 301 305 305 310 305 310 312 312 308 306 311 312 310 314 311 310 309 307 311 304 309 305 309 312 311 311 306 311 314 314 311 315 315 316 316 317 318 316 318 320 320 321 324 325
333 333 332 330 332 331 330 329 326 327 328 328 328 322 321 313 310 311 318 315 311 299 299 302 296 300 293 296 298 290 290 289 292 287 286 287 285 283 275 278 279 281 281 280 278 280 281 287 295 300 300 298 305 297 306 308 308 307 302 301 299 300 309 311 309 303 300 301 309 305 296 302 309 308 305 302 298 308 312 306 302 307 307 310 315 316 310 313 313 315 318 322 324 324
332 332 332 331 329 326 325 326 329 323 316 313 319 315 313 309 319 311 304 307 318 313 307 305 310 298 295 287 287 290 291 287 277 279 273 280 275 283 278 283 279 277 270 271 271 271 287 287 292 299 292 301 296 300 304 300 302 298 300 292 295 301 306 303 307 296 296 296 298 293 295 297 298 299 294 300 299 308 310 309 305 302 307 305 313 308 306 307 312 309 314 320 322 323
332 332 331 331 330 328 324 322 320 313 310 310 308 310 311 305 302 297 298 301 304 304 308 305 298 289 290 286 284 270 274 280 273 279 278 275 269 274 275 271 273 269 261 265 270 269 283 289 287 290 299 293 292 296 297 293 297 294 294 292 296 301 296 301 301 297 289 294 299 291 289 291 293 291 286 292 295 303 298 301 290 289 300 307 309 300 298 299 301 306 306 312 318 321
331 331 331 330 330 327 329 322 318 312 307 311 304 299 305 302 303 302 284 298 298 295 297 290 303 299 286 286 288 286 279 276 273 271 268 270 271 268 268 268 271 262 257 261 268 278 279 289 283 291 297 289 286 287 289 291 293 292 286 289 295 291 293 295 297 293 286 287 289 283 289 286 289 288 287 293 292 301 301 291 289 290 299 298 298 298 298 298 298 302 302 305 306 313
330 331 330 330 328 324 322 319 324 322 319 316 299 296 285 302 306 297 296 292 286 286 280 291 288 294 300 285 287 298 289 288 279 277 270 269 263 267 261 264 264 253 250 254 259 273 272 276 286 288 283 289 281 281 288 288 289 280 284 288 284 288 287 293 294 282 283 279 275 281 282 283 285 281 282 278 292 291 285 288 293 290 296 300 284 287 288 287 295 298 302 307 307 310
326 326 326 327 326 323 320 318 312 318 308 290 291 292 294 289 301 300 291 284 278 276 272 273 279 284 291 286 271 276 279 285 282 279 278 274 254 265 256 248 255 246 242 252 265 261 268 276 284 282 286 280 275 284 282 282 278 282 278 279 280 285 286 291 288 285 278 281 280 280 278 281 273 277 284 283 287 291 289 291 293 292 297 292 294 290 290 292 292 294 291 295 296 305
324 324 322 322 320 318 316 314 314 301 300 293 297 287 264 298 288 301 292 286 286 281 277 273 271 268 276 262 271 275 281 278 283 281 266 266 261 256 254 241 244 241 237 248 251 258 261 270 274 276 276 270 269 273 276 275 279 275 268 274 279 280 282 277 287 275 282 277 276 282 279 273 274 275 274 277 286 282 283 281 287 291 289 292 290 282 286 289 284 290 296 300 295 300
323 322 321 319 315 314 313 311 298 299 297 287 284 288 288 292 295 295 303 293 289 285 283 278 272 248 269 271 272 272 274 282 270 281 270 258 250 233 229 232 249 243 241 245 254 252 253 261 265 262 269 264 269 264 265 266 269 268 263 265 255 265 269 268 279 276 271 270 272 275 277 272 268 268 271 271 270 277 274 279 284 283 283 286 283 280 282 283 285 290 299 286 297 297
321 321 319 317 314 312 310 306 304 304 295 289 290 281 286 278 285 282 284 283 281 277 274 266 276 270 265 261 264 259 269 264 264 275 269 261 252 251 240 247 250 245 245 245 256 250 252 245 248 254 251 256 258 256 256 262 261 260 248 253 262 269 265 252 256 258 258 266 272 275 274 270 258 263 266 265 269 273 269 272 268 265 256 269 251 266 261 262 280 268 285 285 294 285
322 318 317 317 315 312 307 305 304 299 299 284 283 293 294 285 285 281 280 273 272 273 268 263 268 267 260 250 257 247 264 259 258 274 279 268 264 255 246 249 255 248 248 251 252 252 254 252 250 250 249 254 257 259 260 263 266 264 257 258 264 271 266 260 259 264 267 267 269 275 283 276 262 269 266 268 269 273 276 280 276 265 268 263 268 267 267 267 256 261 251 263 269 273
318 319 319 317 313 302 303 299 294 298 300 292 292 281 282 279 284 268 271 267 264 261 265 260 262 251 254 254 251 243 249 246 249 243 264 253 248 238 239 229 247 255 255 251 260 255 254 251 253 252 254 258 264 260 262 265 271 268 260 260 269 272 273 267 262 268 270 270 271 278 282 276 273 274 273 273 277 282 282 275 279 273 270 268 274 273 273 277 272 271 268 268 266 270
318 317 318 317 315 304 300 301 299 290 300 287 294 288 287 283 276 272 272 261 266 260 265 259 255 247 254 245 235 246 237 239 259 247 238 237 203 242 232 249 259 258 257 268 256 257 248 251 256 256 261 263 260 260 260 270 274 271 267 266 272 275 277 266 268 269 271 278 275 274 281 285 280 282 272 274 278 280 284 283 282 276 278 280 276 276 280 282 278 276 272 270 271 275
317 316 316 315 313 312 298 294 291 290 283 281 292 287 287 275 270 272 274 268 265 263 252 258 254 254 244 244 230 231 230 238 238 225 237 225 217 238 231 247 248 257 261 262 262 256 249 251 250 257 262 261 260 260 264 269 265 271 271 267 271 275 280 278 277 275 270 274 282 279 286 286 285 285 282 277 280 287 285 289 284 278 278 283 284 283 287 286 282 279 277 276 277 277
308 308 310 308 306 302 306 296 283 284 284 267 269 274 283 271 275 269 267 264 254 251 251 257 254 252 246 239 231 231 232 238 232 241 232 202 223 244 243 254 253 252 265 267 257 261 252 258 261 268 268 264 262 260 264 266 273 275 268 278 283 286 288 288 283 281 276 276 279 284 286 284 293 291 286 280 282 284 286 291 290 284 280 286 288 289 292 292 288 284 283 283 284 282
301 301 296 297 300 301 283 295 290 287 284 282 268 283 283 273 269 268 263 264 260 258 250 241 241 232 228 228 236 244 236 236 231 241 230 229 235 243 250 257 262 258 266 273 263 260 257 262 260 267 275 275 269 267 267 273 272 274 275 278 284 282 286 284 287 281 283 279 288 291 288 286 295 295 289 285 284 287 284 292 293 287 284 290 293 295 299 293 274 285 290 289 287 282
293 296 293 296 297 290 289 295 289 288 277 288 287 279 289 268 281 270 257 258 255 249 244 238 240 220 241 247 242 230 245 241 239 245 243 235 239 244 250 257 265 265 273 272 266 262 256 269 269 274 281 279 272 274 271 281 283 270 276 274 287 285 289 292 291 288 286 286 286 284 292 293 285 300 295 292 290 293 298 296 295 292 290 294 298 299 299 291 289 289 285 285 281 287
299 301 301 300 297 293 291 286 276 264 281 288 291 284 275 276 270 268 262 257 249 242 240 238 236 244 253 251 252 249 240 244 258 259 251 248 244 248 249 250 262 267 280 274 263 255 260 268 260 280 286 280 275 278 282 285 285 273 278 282 281 284 287 296 296 288 291 290 291 295 295 295 297 298 295 293 292 295 300 302 301 295 297 295 300 299 303 298 290 295 298 293 293 296
