sesion_6_simulaciones/modelos_distribucion_especies/ejemplo/variables/futuro_A2/2010/PA.asc
ncols 708
nrows 329
xllcorner -7.525000
yllcorner 35.991667
cellsize 0.008333
NODATA_value -9999
[rows 82 to 122 of 329, columns 282 to 375 of 708]
594 588 591 588 591 623 637 650 644 646 644 649 647 651 649 651 647 646 641 653 654 664 684 659 651 663 668 655 666 632 604 591 586 577 562 544 539 541 584 591 575 565 553 551 546 546 541 529 534 545 550 574 585 587 608 607 598 580 576 566 565 569 596 592 576 589 577 569 574 560 566 554 562 557 558 562 555 551 564 549 559 560 542 549 552 554 555 559 552 553 546 559 563 558
580 580 590 600 601 625 650 640 648 644 637 651 653 651 646 642 635 646 641 645 651 646 650 653 646 635 636 660 646 640 637 615 609 597 571 570 554 553 571 568 578 574 564 548 550 545 551 539 528 539 545 547 560 571 588 587 578 574 609 543 574 579 586 608 607 597 583 575 560 568 555 556 549 551 546 552 541 543 542 555 552 553 548 552 553 553 553 557 548 559 558 555 548 545
570 602 585 612 636 640 657 662 643 632 634 656 647 638 638 643 638 636 636 641 647 643 632 627 625 629 633 631 634 637 636 619 617 619 615 595 565 555 570 579 578 574 558 549 553 550 553 552 549 539 541 541 552 557 559 550 570 575 578 561 575 587 609 629 623 590 563 582 579 567 569 554 552 543 546 543 543 542 542 557 551 554 551 547 549 553 554 556 556 548 551 554 540 531
629 626 642 646 646 633 654 648 631 628 635 641 645 637 640 639 632 625 637 622 635 640 632 624 620 611 615 624 629 628 614 624 625 612 612 594 568 555 558 584 574 574 553 550 543 546 551 550 548 541 545 544 548 543 538 574 560 558 558 563 564 576 586 608 601 589 576 590 571 566 571 556 552 546 547 551 548 548 544 545 552 551 555 555 554 553 551 546 541 559 547 540 541 532
635 643 642 651 642 636 646 640 631 631 620 620 618 625 621 616 623 627 630 632 633 626 627 617 609 606 607 618 608 620 594 611 620 627 619 600 587 557 588 579 589 569 569 557 553 554 553 558 550 561 543 550 541 533 539 560 546 555 550 546 539 564 585 571 575 592 579 550 561 562 565 572 546 558 549 558 551 548 553 546 550 554 551 559 555 553 553 548 553 549 557 555 540 536
634 632 629 631 632 632 626 636 653 637 619 630 621 619 624 615 631 634 641 627 614 620 628 629 603 608 608 605 612 595 614 643 635 630 600 577 578 569 588 577 598 591 571 570 565 565 569 573 572 565 564 560 552 544 534 541 543 548 550 542 551 552 541 553 550 534 539 531 538 540 571 558 568 560 565 555 564 553 557 562 556 556 554 553 555 552 550 546 548 554 558 554 550 544
622 623 616 618 624 615 639 627 642 642 637 639 640 627 605 623 643 643 642 615 623 607 616 606 613 603 626 615 615 596 623 631 646 627 628 612 596 582 572 583 578 610 595 579 582 598 595 598 598 595 582 581 573 576 558 557 536 542 536 535 536 536 531 531 523 515 519 514 528 536 543 567 569 583 573 576 566 578 564 565 574 558 562 553 550 552 546 545 546 550 556 561 556 549
595 602 597 596 603 629 634 631 633 631 632 627 613 621 625 618 633 626 634 638 623 619 598 600 612 623 626 629 611 609 621 615 647 649 632 618 601 579 604 600 600 597 612 612 625 623 632 624 613 612 606 596 599 590 577 563 557 569 552 554 541 527 526 524 526 517 516 517 520 543 546 548 570 575 582 588 600 584 590 585 568 569 561 554 554 546 543 540 540 544 555 562 565 565
602 613 612 619 624 622 619 626 630 628 629 621 605 611 613 596 623 616 632 611 637 611 608 591 614 623 639 622 605 600 613 630 643 654 644 634 612 607 618 615 623 638 647 652 652 643 638 621 615 615 598 608 594 585 580 574 576 574 575 569 562 557 533 532 528 506 516 517 522 542 542 540 560 568 581 598 595 607 603 596 591 558 560 558 548 543 537 537 535 538 550 559 568 564
611 614 619 621 631 621 618 621 619 617 629 634 632 603 601 599 606 619 611 607 611 598 603 617 603 622 611 624 603 610 607 626 644 660 650 632 613 626 647 650 668 666 682 688 682 648 628 614 604 608 599 587 582 584 576 575 563 569 575 584 573 563 545 537 516 524 514 518 520 533 531 548 559 570 579 580 591 591 595 587 576 563 556 547 535 527 529 524 531 536 538 552 559 569
625 631 627 628 628 633 626 619 633 636 646 646 642 630 629 596 627 608 623 610 585 600 592 593 599 611 585 595 610 591 605 644 655 655 637 628 635 649 663 671 679 692 692 700 682 656 640 611 607 620 594 589 602 579 599 600 586 561 567 560 567 560 553 539 545 516 522 507 519 529 535 544 557 567 576 583 587 589 587 580 570 557 544 524 514 509 503 510 515 523 533 541 549 558
631 625 621 629 633 628 634 634 636 639 647 647 648 651 656 620 606 590 599 603 604 585 580 594 591 609 588 608 615 615 640 605 628 647 633 634 649 660 675 687 698 710 714 708 695 666 643 625 628 598 601 587 601 589 588 586 570 545 549 546 541 543 538 529 514 517 509 518 521 523 535 541 553 564 575 583 591 593 590 579 563 544 525 507 493 485 480 486 496 505 519 535 545 555
630 620 615 629 633 628 625 639 659 645 655 648 647 645 636 623 594 610 611 600 602 582 561 589 604 616 615 654 656 648 628 619 641 623 645 643 660 679 688 708 719 725 719 726 691 660 640 635 634 613 611 582 598 579 584 557 558 547 545 531 523 520 516 512 508 506 511 511 518 524 533 543 552 565 578 588 596 596 589 576 557 534 509 488 472 464 463 470 481 491 515 532 536 555
622 610 620 634 621 638 632 643 647 646 636 651 644 639 624 612 583 585 593 592 595 586 567 601 615 651 664 668 667 664 654 651 634 649 654 662 681 690 699 725 732 735 729 713 688 671 648 624 629 608 599 587 575 568 561 553 544 539 530 524 517 513 508 505 503 503 505 506 513 525 534 546 554 568 578 591 596 597 588 569 547 520 494 473 456 446 446 451 463 486 505 526 538 553
598 607 621 624 615 611 627 635 643 636 631 636 631 632 621 606 564 588 600 602 600 607 577 599 623 644 645 664 654 654 655 659 655 653 660 673 689 700 711 729 732 739 727 706 677 657 643 634 627 605 596 584 572 568 557 551 541 532 528 522 520 517 510 506 504 504 505 508 513 521 532 543 558 564 578 586 593 587 575 556 531 507 483 460 444 431 430 438 452 478 489 516 533 553
620 628 616 615 626 622 620 636 625 631 615 622 614 617 618 588 576 577 597 614 607 596 592 599 622 639 644 641 639 650 656 646 652 659 666 679 692 713 717 720 728 724 708 685 662 646 634 621 617 604 593 582 570 563 553 549 536 530 526 525 525 518 516 511 508 507 507 509 513 519 532 540 555 562 575 579 581 575 560 540 516 496 474 450 438 426 424 424 443 470 483 508 531 541
620 621 626 621 598 612 620 620 618 627 617 609 597 602 605 593 559 593 594 613 611 573 588 610 630 627 630 628 624 632 635 647 644 659 669 681 691 705 705 706 696 693 668 661 643 633 626 616 604 602 593 579 569 560 552 544 535 529 526 526 527 528 523 519 515 512 511 513 516 524 534 544 553 560 565 569 569 562 545 529 508 487 463 448 432 424 419 425 441 459 473 497 512 535
607 626 609 594 605 595 613 617 619 604 606 593 580 592 599 575 569 577 602 599 599 573 613 603 626 623 617 604 604 626 639 637 654 650 661 676 688 671 684 660 645 638 634 629 625 619 613 604 600 591 584 573 565 556 549 542 536 528 526 524 526 530 524 526 521 521 518 516 521 529 534 548 546 551 558 556 557 552 541 516 504 483 463 446 431 426 432 438 443 460 476 494 506 517
604 600 596 598 597 608 607 603 600 596 595 583 585 591 585 573 560 566 577 594 593 571 588 599 607 608 607 590 603 615 629 637 648 649 660 663 649 647 630 623 619 617 615 614 611 607 602 597 589 582 574 566 559 552 546 540 533 528 525 527 525 523 524 531 531 531 526 526 529 528 535 542 545 545 541 537 545 542 532 510 496 482 467 446 443 437 441 442 450 467 473 492 492 512
588 584 592 594 596 592 591 592 586 578 582 586 576 585 570 566 554 556 571 572 554 563 591 591 598 599 601 589 598 602 602 607 609 614 611 607 616 615 606 603 603 604 603 602 601 598 593 587 581 574 568 560 554 548 542 536 530 527 526 529 522 527 525 527 530 531 533 534 531 524 527 536 539 530 534 531 528 521 511 502 493 477 465 454 449 440 446 451 453 464 483 490 494 494
584 586 584 595 593 597 583 590 569 568 572 578 573 577 571 549 561 552 570 559 555 551 588 588 592 598 587 597 581 581 583 583 581 585 583 583 585 588 589 590 591 592 592 591 591 587 584 579 573 567 561 557 551 547 540 534 531 529 530 535 532 537 533 528 527 534 533 544 544 532 528 532 532 530 529 520 518 511 501 493 482 471 460 455 451 449 446 449 456 462 480 488 485 492
589 589 590 592 592 581 579 581 572 567 570 580 573 564 554 545 543 552 540 549 547 556 573 578 589 581 579 573 564 560 558 560 561 564 566 569 572 575 577 578 579 580 580 581 580 578 574 570 567 563 558 558 552 550 545 537 531 532 537 536 543 546 540 527 527 524 532 537 540 525 540 533 524 525 524 520 514 504 503 491 480 470 464 456 452 449 453 454 464 466 469 476 483 486
597 593 592 589 591 585 570 568 563 575 573 567 562 546 544 536 533 526 529 537 549 561 564 565 560 568 558 546 545 543 545 548 551 554 556 558 561 564 566 567 568 568 569 570 569 569 565 565 565 561 559 558 553 549 541 544 536 533 534 533 543 537 545 538 531 527 522 518 525 524 526 531 527 517 520 519 512 513 503 491 482 472 467 460 456 455 458 457 460 461 469 474 469 474
594 589 590 589 589 575 571 561 556 573 571 568 570 541 540 533 532 534 538 530 539 553 549 554 550 547 539 533 532 535 538 540 543 545 547 549 552 553 555 556 556 558 560 559 561 559 560 558 565 565 557 559 550 551 546 547 534 536 534 534 536 534 530 546 538 531 520 512 519 521 517 515 518 520 518 516 516 510 501 498 487 482 478 470 464 457 456 458 462 466 459 463 469 472
594 590 586 586 580 580 569 564 561 563 561 559 553 540 535 526 537 539 536 538 539 535 534 534 532 530 525 525 526 529 531 534 535 537 537 539 542 544 546 546 548 550 555 556 558 556 561 565 560 558 560 554 551 545 553 547 554 538 533 532 536 525 537 539 542 537 527 510 524 518 512 510 505 509 508 506 505 503 502 493 484 484 488 475 469 458 458 457 457 459 461 466 468 465
603 595 590 583 581 577 572 565 560 547 559 546 551 531 534 521 532 535 535 529 525 522 519 520 522 519 518 519 519 523 524 527 528 529 530 532 532 535 536 540 541 548 553 557 551 558 556 560 570 561 555 552 548 548 546 548 545 544 534 536 534 541 534 536 541 532 519 514 514 517 512 514 496 506 500 499 498 494 494 494 491 484 487 484 473 467 462 460 457 464 457 467 462 467
595 598 593 593 592 577 571 562 561 552 547 539 541 527 528 531 520 533 523 518 509 510 508 509 511 511 512 514 516 517 518 520 522 524 527 529 531 531 531 535 537 540 544 545 556 551 556 561 557 564 560 557 547 547 543 540 548 547 539 535 548 536 535 537 536 525 517 511 507 507 515 513 513 510 501 496 494 492 492 492 488 487 488 482 482 472 467 462 464 469 470 467 469 463
584 587 589 590 586 573 581 570 557 547 538 529 531 528 522 519 528 525 515 510 503 502 502 503 506 507 509 513 511 517 515 518 522 524 527 530 531 530 533 534 530 531 533 536 540 537 538 541 547 548 551 543 550 538 541 542 538 544 542 535 535 530 529 534 535 522 519 509 502 509 507 510 507 503 502 496 495 492 492 492 488 489 482 479 480 473 472 468 466 467 469 472 471 470
571 573 577 574 570 572 573 564 553 536 534 527 521 516 516 514 518 509 508 499 496 497 498 499 502 505 511 514 517 520 515 523 523 534 532 531 535 535 536 527 529 526 525 527 526 525 525 527 528 530 532 535 534 536 532 536 535 531 533 526 527 525 523 523 525 525 519 523 511 496 507 504 499 501 494 492 491 493 491 488 487 481 481 474 471 469 470 471 467 465 469 476 475 470
564 563 564 564 561 558 556 551 546 539 531 523 517 511 507 506 502 505 503 495 495 496 497 499 504 508 513 517 528 529 527 532 535 534 534 532 540 543 540 531 538 529 522 522 523 520 519 518 517 518 520 515 515 514 514 513 521 518 519 518 513 514 515 523 530 523 529 517 505 514 503 503 497 498 488 488 486 486 488 482 480 475 473 470 468 463 464 461 463 467 474 475 468 473
556 557 556 555 553 551 548 545 540 534 529 522 517 510 506 502 497 496 495 496 497 498 502 503 508 512 517 521 524 530 526 527 529 532 532 540 542 543 542 540 540 532 526 522 522 518 516 513 510 509 508 508 505 504 504 503 503 503 503 497 501 508 515 510 511 515 509 505 513 516 505 501 492 481 489 480 486 488 479 476 470 474 470 462 456 464 459 460 465 467 463 468 469 467
551 550 550 549 548 546 545 541 537 533 527 522 518 511 508 503 500 498 499 499 499 501 505 510 513 519 522 522 522 520 527 531 528 530 531 537 541 540 535 543 536 534 524 521 520 520 507 509 508 507 505 507 503 499 497 493 491 492 488 493 498 498 497 499 498 501 494 505 510 509 505 488 483 476 478 484 480 479 471 468 461 459 457 460 450 453 458 459 462 453 458 465 475 474
548 547 546 545 543 542 539 538 536 533 529 525 519 515 511 506 505 499 505 503 507 508 510 507 519 523 525 526 527 521 524 528 531 526 531 534 538 538 541 547 532 527 522 518 514 519 511 519 507 506 501 503 501 503 494 486 487 482 482 484 488 487 491 495 491 493 501 505 496 498 483 478 472 476 476 478 473 470 458 456 449 448 446 445 443 454 452 459 454 457 450 457 471 480
546 544 543 542 540 537 537 534 534 532 528 525 520 515 511 508 505 505 504 510 512 514 514 513 515 520 524 525 526 522 523 527 529 531 530 533 531 533 540 540 543 533 523 524 519 522 515 502 505 502 503 496 496 496 494 493 488 474 475 474 476 481 480 487 496 496 494 488 491 482 472 462 468 467 467 465 453 456 445 440 439 438 438 433 439 434 441 440 441 444 455 463 481 492
544 542 541 541 540 536 536 533 532 530 527 524 519 515 512 511 508 505 507 507 518 519 523 521 518 517 514 520 516 521 523 518 521 519 524 530 529 533 534 534 540 538 535 535 535 531 520 514 503 501 504 496 504 497 503 497 490 487 475 471 470 468 473 483 484 489 487 485 479 470 461 460 466 455 458 448 443 435 437 430 427 427 427 427 430 438 440 441 438 443 456 470 482 492
544 543 538 541 539 534 533 527 524 527 522 521 517 516 513 512 511 509 508 512 512 519 525 527 525 523 518 514 516 518 519 523 523 523 529 529 530 528 525 534 534 539 535 532 532 535 527 518 505 505 499 500 503 510 505 506 496 491 485 474 467 467 467 468 474 477 469 471 468 461 451 459 452 449 434 434 430 430 427 421 417 418 416 420 424 424 433 430 440 441 452 461 464 485
536 540 537 535 534 531 528 526 525 521 522 517 516 515 514 515 514 516 513 513 515 518 526 527 533 524 522 518 516 519 520 519 518 523 523 521 523 520 525 523 523 526 527 531 529 526 525 519 510 502 507 509 504 516 517 513 500 499 485 475 465 462 463 464 470 461 469 457 457 449 442 437 439 431 426 423 420 419 420 417 411 414 413 418 396 417 413 420 427 430 438 445 460 442
533 525 527 528 528 525 523 523 521 518 516 517 514 515 514 515 518 520 521 521 518 520 524 527 525 524 521 516 515 513 512 516 511 517 511 515 511 511 510 514 511 512 514 515 513 513 515 518 512 518 512 521 514 518 516 504 500 490 479 467 459 455 455 458 464 461 452 449 445 439 433 431 428 427 425 419 415 415 413 408 412 399 414 407 414 414 406 408 414 424 426 430 433 438
525 523 519 518 518 518 519 517 516 515 518 515 515 514 515 517 520 522 528 524 525 522 525 521 523 522 520 519 515 508 510 509 503 502 503 503 504 505 506 505 505 509 511 510 507 507 513 511 509 511 512 513 507 508 498 498 486 483 472 463 459 454 454 452 448 445 445 445 438 433 433 431 432 423 424 423 415 408 400 396 409 411 413 420 415 409 414 416 412 417 417 422 423 430
516 510 511 507 509 510 510 512 512 511 512 513 513 514 515 518 523 525 528 530 528 528 524 524 524 523 520 517 515 512 509 505 501 497 499 500 501 505 505 512 511 503 510 509 509 508 510 508 507 503 505 503 498 497 491 488 478 476 471 466 454 457 451 457 449 440 433 431 438 432 421 433 435 423 431 413 413 400 395 389 393 412 408 409 406 413 405 412 414 417 424 426 428 430
504 502 498 498 496 498 502 504 506 507 509 511 512 514 517 521 523 527 529 531 533 528 522 519 519 514 511 511 508 506 504 505 501 500 502 502 503 503 507 506 507 512 513 509 509 509 511 510 505 504 502 495 491 485 480 474 471 466 466 458 455 452 453 456 449 439 434 436 434 429 429 428 425 430 421 425 412 404 393 389 397 396 395 399 397 400 401 414 409 417 411 430 438 446
