sesion_6_simulaciones/modelos_distribucion_especies/ejemplo/variables/futuro_A2/2010/PA.asc
ncols 708
nrows 329
xllcorner -7.525000
yllcorner 35.991667
cellsize 0.008333
NODATA_value -9999
[rows 0 to 40 of 329, columns 282 to 375 of 708]
-9999 -9999 -9999 -9999 -9999 -9999 -9999 -9999 -9999 -9999 -9999 -9999 -9999 -9999 -9999 -9999 -9999 -9999 -9999 -9999 -9999 -9999 -9999 -9999 -9999 -9999 -9999 -9999 -9999 -9999 -9999 -9999 -9999 -9999 -9999 -9999 -9999 -9999 -9999 -9999 -9999 -9999 -9999 -9999 -9999 -9999 -9999 -9999 -9999 -9999 -9999 -9999 -9999 -9999 -9999 -9999 -9999 -9999 -9999 -9999 -9999 -9999 -9999 -9999 -9999 -9999 -9999 -9999 -9999 -9999 -9999 -9999 -9999 -9999 -9999 -9999 -9999 -9999 -9999 -9999 -9999 -9999 -9999 -9999 -9999 -9999 -9999 -9999 -9999 -9999 -9999 -9999 -9999 -9999
-9999 -9999 -9999 -9999 -9999 -9999 -9999 -9999 -9999 -9999 -9999 -9999 -9999 -9999 -9999 -9999 -9999 -9999 -9999 -9999 -9999 -9999 -9999 -9999 -9999 -9999 -9999 -9999 -9999 -9999 -9999 -9999 -9999 -9999 -9999 -9999 -9999 -9999 -9999 -9999 -9999 -9999 -9999 -9999 -9999 -9999 -9999 -9999 -9999 -9999 -9999 -9999 -9999 -9999 -9999 -9999 -9999 -9999 -9999 -9999 -9999 -9999 -9999 -9999 -9999 -9999 -9999 -9999 -9999 -9999 -9999 -9999 -9999 -9999 -9999 -9999 -9999 -9999 -9999 -9999 -9999 -9999 -9999 -9999 -9999 -9999 -9999 -9999 -9999 -9999 -9999 -9999 -9999 -9999
-9999 441 458 454 -9999 433 -9999 -9999 -9999 -9999 -9999 439 433 436 434 431 437 443 -9999 -9999 -9999 -9999 -9999 -9999 -9999 -9999 -9999 -9999 -9999 -9999 -9999 -9999 -9999 -9999 -9999 -9999 -9999 -9999 -9999 -9999 -9999 -9999 -9999 -9999 -9999 -9999 -9999 -9999 -9999 -9999 -9999 -9999 -9999 -9999 -9999 -9999 -9999 -9999 -9999 -9999 -9999 -9999 -9999 -9999 -9999 -9999 -9999 -9999 -9999 -9999 -9999 -9999 -9999 -9999 -9999 -9999 -9999 -9999 -9999 -9999 -9999 -9999 -9999 -9999 -9999 -9999 -9999 -9999 -9999 -9999 -9999 -9999 -9999 -9999
447 457 454 448 443 435 -9999 -9999 -9999 -9999 431 440 443 443 437 434 433 437 -9999 -9999 -9999 -9999 -9999 -9999 -9999 -9999 -9999 -9999 -9999 -9999 -9999 -9999 -9999 -9999 -9999 -9999 -9999 -9999 -9999 -9999 -9999 -9999 -9999 -9999 -9999 -9999 -9999 -9999 -9999 -9999 -9999 -9999 -9999 -9999 -9999 -9999 -9999 -9999 -9999 -9999 -9999 -9999 -9999 -9999 -9999 -9999 -9999 -9999 -9999 -9999 -9999 -9999 -9999 -9999 -9999 -9999 -9999 -9999 -9999 -9999 -9999 -9999 -9999 -9999 -9999 -9999 -9999 -9999 -9999 -9999 -9999 -9999 -9999 -9999
466 449 449 435 443 438 431 423 417 421 432 435 437 444 437 438 433 435 439 447 -9999 -9999 -9999 -9999 -9999 -9999 -9999 -9999 -9999 -9999 -9999 -9999 -9999 -9999 -9999 -9999 -9999 -9999 -9999 -9999 -9999 -9999 -9999 -9999 -9999 -9999 -9999 -9999 -9999 -9999 -9999 -9999 -9999 -9999 -9999 -9999 -9999 -9999 -9999 -9999 -9999 -9999 -9999 -9999 -9999 -9999 -9999 -9999 -9999 -9999 -9999 -9999 -9999 -9999 -9999 -9999 -9999 -9999 -9999 -9999 -9999 -9999 -9999 -9999 -9999 -9999 -9999 -9999 -9999 -9999 -9999 -9999 -9999 -9999
438 425 427 432 433 425 430 406 418 411 416 440 444 437 436 437 441 446 450 456 -9999 -9999 -9999 -9999 -9999 -9999 -9999 -9999 -9999 -9999 -9999 -9999 -9999 -9999 -9999 -9999 -9999 -9999 -9999 -9999 -9999 -9999 -9999 -9999 -9999 -9999 -9999 -9999 -9999 -9999 -9999 -9999 -9999 -9999 -9999 -9999 -9999 -9999 -9999 -9999 -9999 -9999 -9999 -9999 -9999 -9999 -9999 -9999 -9999 -9999 -9999 -9999 -9999 -9999 -9999 -9999 -9999 -9999 -9999 -9999 -9999 -9999 -9999 -9999 -9999 -9999 -9999 -9999 -9999 -9999 -9999 -9999 -9999 -9999
-9999 408 410 409 409 407 410 404 408 412 431 425 429 438 439 443 443 457 450 468 481 481 -9999 -9999 -9999 -9999 -9999 -9999 -9999 -9999 -9999 -9999 -9999 -9999 -9999 -9999 -9999 -9999 -9999 -9999 -9999 -9999 -9999 -9999 -9999 -9999 -9999 -9999 -9999 -9999 -9999 -9999 -9999 -9999 -9999 -9999 -9999 -9999 -9999 -9999 -9999 -9999 -9999 -9999 -9999 -9999 -9999 -9999 -9999 -9999 -9999 -9999 -9999 -9999 -9999 -9999 -9999 -9999 -9999 -9999 -9999 -9999 -9999 -9999 -9999 -9999 -9999 -9999 -9999 -9999 -9999 -9999 -9999 -9999
401 402 404 401 399 406 406 409 407 409 414 420 432 437 437 431 439 448 455 466 471 474 -9999 -9999 -9999 -9999 -9999 -9999 -9999 -9999 -9999 -9999 -9999 -9999 -9999 -9999 -9999 -9999 -9999 -9999 -9999 -9999 -9999 -9999 -9999 -9999 -9999 -9999 -9999 -9999 -9999 -9999 -9999 -9999 -9999 -9999 -9999 -9999 -9999 -9999 -9999 -9999 -9999 -9999 -9999 -9999 -9999 -9999 -9999 -9999 -9999 -9999 -9999 -9999 -9999 -9999 -9999 -9999 -9999 -9999 -9999 -9999 -9999 -9999 -9999 -9999 -9999 -9999 -9999 -9999 -9999 -9999 -9999 -9999
397 401 403 403 408 407 408 407 396 408 408 418 423 428 434 434 436 439 447 455 465 470 483 491 489 503 502 489 490 486 476 475 476 475 473 466 -9999 -9999 -9999 -9999 -9999 -9999 -9999 -9999 -9999 -9999 -9999 -9999 -9999 -9999 -9999 -9999 -9999 -9999 -9999 -9999 -9999 -9999 -9999 -9999 -9999 -9999 -9999 -9999 -9999 -9999 -9999 -9999 -9999 -9999 -9999 -9999 -9999 -9999 -9999 -9999 -9999 -9999 -9999 -9999 -9999 -9999 -9999 -9999 -9999 -9999 -9999 -9999 -9999 -9999 -9999 -9999 -9999 -9999
398 398 400 406 403 406 402 401 396 402 406 411 416 423 427 428 429 438 445 453 454 466 476 487 492 497 501 507 487 503 487 475 478 476 465 489 -9999 -9999 -9999 -9999 -9999 -9999 -9999 -9999 -9999 -9999 -9999 -9999 -9999 -9999 -9999 -9999 -9999 -9999 -9999 -9999 -9999 -9999 -9999 -9999 -9999 -9999 -9999 -9999 -9999 -9999 -9999 -9999 -9999 -9999 -9999 -9999 -9999 -9999 -9999 -9999 -9999 -9999 -9999 -9999 -9999 -9999 -9999 -9999 -9999 -9999 -9999 -9999 -9999 -9999 -9999 -9999 -9999 -9999
395 390 398 396 398 396 393 388 395 395 399 404 410 415 418 424 427 431 441 441 452 459 465 468 481 487 509 514 507 505 490 484 494 490 489 481 -9999 -9999 -9999 -9999 -9999 -9999 -9999 -9999 -9999 -9999 -9999 -9999 -9999 -9999 -9999 -9999 -9999 -9999 -9999 -9999 -9999 -9999 -9999 -9999 -9999 -9999 -9999 -9999 -9999 -9999 -9999 -9999 -9999 -9999 -9999 -9999 -9999 -9999 -9999 -9999 -9999 -9999 -9999 -9999 -9999 -9999 -9999 -9999 -9999 -9999 -9999 -9999 -9999 -9999 -9999 -9999 -9999 -9999
393 396 397 391 392 391 385 388 390 391 395 404 404 411 416 416 420 424 431 440 449 463 464 468 485 486 518 517 513 507 502 509 505 506 493 490 -9999 -9999 -9999 -9999 -9999 -9999 -9999 -9999 -9999 -9999 -9999 -9999 -9999 -9999 -9999 -9999 -9999 -9999 -9999 -9999 -9999 -9999 -9999 -9999 -9999 -9999 -9999 -9999 -9999 -9999 -9999 -9999 -9999 -9999 -9999 -9999 -9999 -9999 -9999 -9999 -9999 -9999 -9999 -9999 -9999 -9999 -9999 -9999 -9999 -9999 -9999 -9999 -9999 -9999 -9999 -9999 -9999 -9999
388 392 393 392 393 389 385 381 384 390 395 396 399 400 407 405 410 413 418 428 443 443 458 465 485 486 504 521 512 527 518 516 512 499 495 491 -9999 -9999 -9999 -9999 -9999 -9999 -9999 -9999 -9999 -9999 -9999 -9999 -9999 -9999 -9999 -9999 -9999 -9999 -9999 -9999 -9999 -9999 -9999 -9999 -9999 -9999 -9999 -9999 -9999 -9999 -9999 -9999 -9999 -9999 -9999 -9999 -9999 -9999 -9999 -9999 -9999 -9999 -9999 -9999 -9999 -9999 -9999 -9999 -9999 -9999 -9999 -9999 -9999 -9999 -9999 -9999 -9999 -9999
390 387 397 392 392 389 382 379 380 384 391 391 392 393 395 396 401 403 410 416 426 437 444 455 463 467 486 512 527 549 544 526 515 513 506 492 -9999 -9999 -9999 -9999 -9999 -9999 -9999 -9999 -9999 -9999 -9999 -9999 -9999 -9999 -9999 -9999 -9999 -9999 -9999 -9999 -9999 -9999 -9999 -9999 -9999 -9999 -9999 -9999 -9999 -9999 -9999 -9999 -9999 -9999 -9999 -9999 -9999 -9999 -9999 -9999 -9999 -9999 -9999 -9999 -9999 -9999 -9999 -9999 -9999 -9999 -9999 -9999 -9999 -9999 -9999 -9999 -9999 -9999
383 387 389 392 388 385 382 379 374 376 379 379 378 380 384 387 391 397 402 406 413 421 429 441 451 464 477 496 523 530 536 539 528 507 503 494 -9999 -9999 -9999 -9999 -9999 -9999 -9999 -9999 -9999 -9999 -9999 -9999 -9999 -9999 -9999 -9999 -9999 -9999 -9999 -9999 -9999 -9999 -9999 -9999 -9999 -9999 -9999 -9999 -9999 -9999 -9999 -9999 -9999 -9999 -9999 -9999 -9999 -9999 -9999 -9999 -9999 -9999 -9999 -9999 -9999 -9999 -9999 -9999 -9999 -9999 -9999 -9999 -9999 -9999 -9999 -9999 -9999 -9999
372 375 383 385 385 381 379 378 375 368 372 374 374 375 379 384 386 394 394 401 403 406 413 422 430 445 457 464 490 503 519 524 513 506 502 500 -9999 -9999 -9999 -9999 -9999 -9999 -9999 -9999 -9999 -9999 -9999 -9999 -9999 -9999 -9999 -9999 -9999 -9999 -9999 -9999 -9999 -9999 -9999 -9999 -9999 -9999 -9999 -9999 -9999 -9999 -9999 -9999 -9999 -9999 -9999 -9999 -9999 -9999 -9999 -9999 -9999 -9999 -9999 -9999 -9999 -9999 -9999 -9999 -9999 -9999 -9999 -9999 -9999 -9999 -9999 -9999 -9999 -9999
367 369 372 377 381 381 383 380 375 372 374 371 375 374 382 381 387 383 388 392 394 395 400 405 414 422 435 448 457 469 480 496 486 487 483 483 470 475 471 468 -9999 -9999 -9999 -9999 -9999 -9999 -9999 -9999 -9999 -9999 -9999 -9999 -9999 -9999 -9999 -9999 -9999 -9999 -9999 -9999 -9999 -9999 -9999 -9999 -9999 -9999 -9999 -9999 -9999 -9999 -9999 -9999 -9999 -9999 -9999 -9999 -9999 -9999 -9999 -9999 -9999 -9999 -9999 -9999 -9999 -9999 -9999 -9999 -9999 -9999 -9999 -9999 -9999 -9999
366 368 372 377 379 378 376 377 374 375 374 371 376 381 379 384 373 382 384 383 385 385 387 389 394 399 408 416 425 435 451 459 458 462 459 459 458 455 456 459 -9999 -9999 -9999 -9999 -9999 -9999 -9999 -9999 -9999 -9999 -9999 -9999 -9999 -9999 -9999 -9999 -9999 -9999 -9999 -9999 -9999 -9999 -9999 -9999 -9999 -9999 -9999 -9999 -9999 -9999 -9999 -9999 -9999 -9999 -9999 -9999 -9999 -9999 -9999 -9999 -9999 -9999 -9999 -9999 -9999 -9999 -9999 -9999 -9999 -9999 -9999 -9999 -9999 -9999
365 372 375 379 379 382 379 379 378 377 377 371 378 381 383 385 377 375 374 375 376 375 377 377 379 381 385 390 398 407 414 423 432 434 438 441 441 439 448 449 449 449 445 447 442 444 441 446 450 450 -9999 -9999 -9999 -9999 -9999 -9999 -9999 -9999 -9999 -9999 -9999 -9999 -9999 -9999 -9999 -9999 -9999 -9999 -9999 -9999 -9999 -9999 -9999 -9999 -9999 -9999 -9999 -9999 -9999 -9999 -9999 -9999 -9999 -9999 -9999 -9999 -9999 -9999 -9999 -9999 -9999 -9999 -9999 -9999
369 370 374 377 380 382 384 382 383 383 379 381 380 382 384 382 374 368 362 366 363 366 361 368 364 366 365 367 375 381 387 394 402 408 416 423 427 430 438 438 441 442 443 439 442 441 442 443 444 444 -9999 -9999 -9999 -9999 -9999 -9999 -9999 -9999 -9999 -9999 -9999 -9999 -9999 -9999 -9999 -9999 -9999 -9999 -9999 -9999 -9999 -9999 -9999 -9999 -9999 -9999 -9999 -9999 -9999 -9999 -9999 -9999 -9999 -9999 -9999 -9999 -9999 -9999 -9999 -9999 -9999 -9999 -9999 -9999
370 372 372 379 381 383 383 387 386 387 387 382 382 384 386 384 377 358 358 348 350 349 348 350 352 349 346 347 351 354 359 368 377 386 397 404 413 418 424 427 435 433 438 434 433 438 436 440 438 440 442 445 446 456 -9999 -9999 -9999 -9999 -9999 -9999 -9999 -9999 -9999 -9999 -9999 -9999 -9999 -9999 -9999 -9999 -9999 -9999 -9999 -9999 -9999 -9999 -9999 -9999 -9999 -9999 -9999 -9999 -9999 -9999 -9999 -9999 -9999 -9999 -9999 -9999 -9999 -9999 -9999 -9999
372 375 378 381 384 386 387 389 388 389 388 384 382 382 384 384 377 365 355 353 337 344 338 339 335 333 329 328 331 335 341 347 358 370 382 393 398 407 413 423 426 427 430 429 429 429 435 437 437 439 437 437 442 446 -9999 -9999 -9999 -9999 -9999 -9999 -9999 -9999 -9999 -9999 -9999 -9999 -9999 -9999 -9999 -9999 -9999 -9999 -9999 -9999 -9999 -9999 -9999 -9999 -9999 -9999 -9999 -9999 -9999 -9999 -9999 -9999 -9999 -9999 -9999 -9999 -9999 -9999 -9999 -9999
378 377 379 380 384 385 389 392 389 390 387 385 382 384 382 381 373 367 358 350 346 344 337 334 329 326 321 316 316 319 327 338 348 358 368 378 389 395 405 412 416 422 427 425 428 430 433 435 434 437 435 436 443 443 -9999 -9999 -9999 -9999 -9999 -9999 -9999 -9999 -9999 -9999 -9999 -9999 -9999 -9999 -9999 -9999 -9999 -9999 -9999 -9999 -9999 -9999 -9999 -9999 -9999 -9999 -9999 -9999 -9999 -9999 -9999 -9999 -9999 -9999 -9999 -9999 -9999 -9999 -9999 -9999
384 385 385 382 384 386 390 393 393 392 390 388 387 387 384 383 374 370 363 352 340 344 341 335 329 324 317 314 314 316 321 330 342 356 363 372 385 393 392 402 406 412 420 423 423 428 429 433 429 435 437 437 437 438 -9999 -9999 -9999 -9999 -9999 -9999 -9999 -9999 -9999 -9999 -9999 -9999 -9999 -9999 -9999 -9999 -9999 -9999 -9999 -9999 -9999 -9999 -9999 -9999 -9999 -9999 -9999 -9999 -9999 -9999 -9999 -9999 -9999 -9999 -9999 -9999 -9999 -9999 -9999 -9999
390 391 390 389 390 389 394 397 400 396 394 392 392 391 389 385 381 377 369 356 353 346 348 339 340 333 326 324 319 321 326 335 343 355 363 372 378 391 394 395 402 408 412 419 425 425 430 433 431 438 436 435 436 440 444 446 449 451 452 452 456 453 453 449 -9999 -9999 -9999 -9999 -9999 -9999 -9999 -9999 -9999 -9999 -9999 -9999 -9999 -9999 -9999 -9999 -9999 -9999 -9999 -9999 -9999 -9999 -9999 -9999 -9999 -9999 -9999 -9999 -9999 -9999
399 400 397 396 395 396 397 400 401 400 399 398 397 396 393 391 388 385 379 369 366 360 358 357 348 352 344 341 338 335 338 339 351 363 370 376 384 386 392 398 400 408 413 421 423 425 428 429 433 434 429 436 439 440 443 449 448 450 452 455 455 456 458 457 -9999 -9999 -9999 -9999 -9999 -9999 -9999 -9999 -9999 -9999 -9999 -9999 -9999 -9999 -9999 -9999 -9999 -9999 -9999 -9999 -9999 -9999 -9999 -9999 -9999 -9999 -9999 -9999 -9999 -9999
406 406 406 403 401 402 403 405 406 404 404 403 402 401 398 398 396 395 391 383 381 379 381 379 377 373 370 367 363 357 358 357 364 372 375 378 380 385 391 399 404 408 418 421 425 429 430 431 434 434 439 429 438 442 448 448 450 453 456 458 456 459 455 455 453 450 -9999 -9999 -9999 -9999 -9999 -9999 -9999 -9999 -9999 -9999 -9999 -9999 -9999 -9999 -9999 -9999 -9999 -9999 -9999 -9999 -9999 -9999 -9999 -9999 -9999 -9999 -9999 -9999
413 413 412 411 407 407 409 410 409 408 408 407 406 406 406 407 405 404 402 395 396 400 403 407 404 404 399 391 390 383 378 373 374 379 381 382 386 391 395 403 409 412 419 423 429 428 436 435 436 434 433 443 446 446 450 454 457 457 461 458 461 461 459 456 458 452 -9999 -9999 -9999 -9999 -9999 -9999 -9999 -9999 -9999 -9999 -9999 -9999 -9999 -9999 -9999 -9999 -9999 -9999 -9999 -9999 -9999 -9999 -9999 -9999 -9999 -9999 -9999 -9999
416 417 417 416 414 414 414 414 414 414 413 412 411 412 413 414 413 412 407 408 411 415 424 426 429 429 426 419 412 406 403 392 390 386 388 390 393 396 400 406 412 416 417 422 431 434 440 434 438 435 441 446 449 452 455 458 458 462 460 465 462 461 460 455 453 457 457 455 -9999 -9999 -9999 -9999 -9999 -9999 -9999 -9999 -9999 -9999 -9999 -9999 -9999 -9999 -9999 -9999 -9999 -9999 -9999 -9999 -9999 -9999 -9999 -9999 -9999 -9999
420 421 423 423 420 419 419 420 420 420 419 419 418 418 418 418 419 414 414 416 422 432 436 443 446 448 446 440 433 427 419 408 401 398 398 398 400 402 406 408 413 418 421 424 430 439 439 438 436 436 439 448 457 461 459 460 459 462 466 465 464 463 462 464 459 457 465 457 -9999 -9999 -9999 -9999 -9999 -9999 -9999 -9999 -9999 -9999 -9999 -9999 -9999 -9999 -9999 -9999 -9999 -9999 -9999 -9999 -9999 -9999 -9999 -9999 -9999 -9999
424 425 428 430 427 425 425 427 427 426 425 424 425 423 422 419 418 413 418 422 431 436 446 453 456 459 458 453 447 439 432 422 414 406 402 403 404 405 409 413 417 420 423 428 433 440 438 439 439 435 440 450 457 463 464 466 463 463 464 469 469 469 468 463 458 461 458 453 456 450 455 456 -9999 -9999 -9999 -9999 -9999 -9999 -9999 -9999 -9999 -9999 -9999 -9999 -9999 -9999 -9999 -9999 -9999 -9999 -9999 -9999 -9999 -9999
429 431 434 433 434 432 432 433 432 432 431 431 429 427 424 421 418 415 418 422 437 440 447 454 459 463 462 458 451 445 437 428 419 412 406 406 407 411 414 419 420 427 427 431 432 437 439 439 440 438 442 446 457 465 466 464 463 465 466 471 471 471 472 468 461 460 453 459 457 455 457 456 -9999 -9999 -9999 -9999 -9999 -9999 -9999 -9999 -9999 -9999 -9999 -9999 -9999 -9999 -9999 -9999 -9999 -9999 -9999 -9999 -9999 -9999
437 436 438 440 439 437 439 441 439 439 436 434 432 428 424 420 413 413 415 422 430 437 443 451 454 458 459 456 451 446 440 434 425 418 411 408 409 412 416 420 423 429 432 432 438 437 441 443 442 442 443 451 456 464 466 466 465 466 469 473 475 474 473 473 463 460 456 461 463 458 460 457 459 462 461 468 -9999 -9999 -9999 -9999 -9999 -9999 -9999 -9999 -9999 -9999 -9999 -9999 -9999 -9999 -9999 -9999 -9999 -9999
441 442 443 446 445 446 443 444 444 443 440 437 433 429 424 418 413 413 415 420 424 429 434 443 448 451 452 448 446 444 442 437 430 422 416 413 413 413 415 420 427 430 434 438 441 443 446 445 445 445 445 450 452 465 465 467 467 469 472 476 474 475 472 468 463 460 455 461 464 461 468 461 461 464 468 469 -9999 -9999 -9999 -9999 -9999 -9999 -9999 -9999 -9999 -9999 -9999 -9999 -9999 -9999 -9999 -9999 -9999 -9999
445 447 448 451 450 450 450 450 449 445 444 440 435 430 427 418 412 412 411 413 415 417 424 429 436 441 443 442 440 440 440 439 432 427 423 420 417 416 418 421 425 432 437 440 443 445 448 444 443 442 450 451 455 462 464 469 469 472 474 476 471 469 465 464 457 459 459 461 465 470 464 469 472 476 477 480 477 475 483 482 -9999 -9999 -9999 -9999 -9999 -9999 -9999 -9999 -9999 -9999 -9999 -9999 -9999 -9999
449 452 453 454 458 456 455 454 454 449 450 441 438 433 431 425 418 412 409 407 407 407 410 417 424 430 434 436 436 437 438 439 436 431 429 428 425 423 422 421 425 432 437 443 444 445 447 444 448 452 453 456 460 461 469 472 473 474 475 473 469 464 458 458 454 462 461 468 468 474 473 472 479 480 481 483 481 483 483 487 -9999 -9999 -9999 -9999 -9999 -9999 -9999 -9999 -9999 -9999 -9999 -9999 -9999 -9999
453 455 458 459 461 461 459 458 457 455 453 450 441 440 436 428 423 414 408 404 400 400 402 406 414 421 428 434 431 435 437 439 440 435 434 434 434 432 427 426 428 435 439 444 445 445 443 447 452 453 459 456 467 468 474 476 478 477 476 473 465 460 458 457 460 459 469 472 477 475 477 477 480 484 483 484 484 488 490 493 491 496 -9999 -9999 -9999 -9999 -9999 -9999 -9999 -9999 -9999 -9999 -9999 -9999
455 459 462 464 464 464 464 462 460 459 456 453 450 446 440 435 424 418 410 406 401 398 397 400 406 415 423 428 430 434 437 440 443 442 437 437 437 434 433 430 435 437 441 443 443 446 444 452 460 462 468 468 473 476 478 483 482 481 475 470 466 462 463 460 462 460 465 469 478 481 483 481 486 481 483 483 490 495 499 498 497 499 -9999 -9999 -9999 -9999 -9999 -9999 -9999 -9999 -9999 -9999 -9999 -9999
457 463 465 467 465 469 467 465 465 461 457 455 453 450 447 438 430 420 413 408 403 399 397 398 403 411 418 424 427 431 438 443 446 447 442 441 439 438 436 435 434 438 441 442 444 447 450 455 463 468 473 476 480 479 483 483 483 478 474 465 455 466 459 464 453 455 463 471 476 479 481 482 479 481 483 485 498 500 503 502 496 502 505 513 -9999 -9999 -9999 -9999 -9999 -9999 -9999 -9999 -9999 -9999
460 465 471 469 468 467 467 465 465 463 459 458 454 453 449 442 432 424 416 410 407 403 400 399 405 410 416 422 425 433 438 443 447 448 445 445 441 441 440 441 441 440 441 440 445 448 452 457 464 473 476 481 483 484 481 483 477 476 470 466 461 465 462 460 456 464 465 469 474 480 479 476 474 477 479 490 498 505 503 501 500 502 512 513 -9999 -9999 -9999 -9999 -9999 -9999 -9999 -9999 -9999 -9999
465 469 471 470 468 466 464 465 464 460 459 461 461 457 452 439 432 430 421 415 410 405 404 405 407 411 416 421 426 431 437 440 445 445 445 442 441 441 441 442 442 442 439 442 447 451 457 460 467 474 481 485 481 482 481 477 476 468 471 467 469 466 462 460 459 466 467 470 475 475 474 474 470 472 480 494 499 502 498 501 501 506 513 519 -9999 -9999 -9999 -9999 -9999 -9999 -9999 -9999 -9999 -9999
