sesion_6_simulaciones/modelos_distribucion_especies/ejemplo/variables/futuro_A2/2010/sol_rad_sum.asc
ncols 708
nrows 329
xllcorner -7.525000
yllcorner 35.991667
cellsize 0.008333
NODATA_value -9999
[rows 156 to 181 of 329, columns 513 to 569 of 708]
1853958.4 1845893.35 1877284.68 1912509.91 1932383.8 1936372.55 1918900.73 1915855.12 1923566.36 1915440.76 1898485.15 1895603.95 1915459.7 1927558.46 1918111.62 1903019.13 1900090.67 1899024.03 1899893.24 1910153.74 1913171.69 1913362.5 1913022.05 1913164.88 1911389.19 1904122.54 1896107.03 1899655.38 1909250.72 1910171.07 1902934.99 1901343.32 1893038.85 1877788.45 1868380.67 1880564.97 1890798.7 1892174.09 1893595.73 1883217.15 1850436.13 1828292.62 1825968.43 1797036.14 1758361.3 1802486.46 1899481.72 1950398.67 1935233.84 1913431.56 1886887.42 1866723.32 1871787.43 1883586.35 1891605.05 1888457.32 1871015.2
1872014.45 1901809.28 1922778.21 1926552.28 1938919.72 1938774.86 1925745.61 1920488.1 1915326.1 1906095.97 1905522.43 1907129.75 1903805.35 1909639.45 1910550.63 1900725.48 1897416.41 1909362.99 1908712.78 1908846.79 1912234.52 1914075.19 1915836.43 1916582.92 1915505.37 1914128.51 1913066.55 1908113.5 1905036.02 1907594.52 1904670.7 1902571.8 1896537.2 1885074.55 1878542.66 1882908.34 1894954.67 1901978.85 1900877.73 1890191.71 1858623.43 1820881.46 1775856.47 1732880.59 1725947.57 1759430.76 1803788.68 1857006.3 1868051.12 1829227.37 1805800.87 1815469.22 1835310.4 1851082.28 1858555.94 1865542.87 1864602.14
1904619.41 1919276.57 1921845.8 1929776.14 1930664.61 1919855.56 1913698.05 1913811.54 1909963.38 1902238.02 1891581.99 1886671.6 1893023.05 1905599.9 1916641 1924692.9 1912004.21 1911720.25 1916787.19 1914363.41 1913233.18 1913742.38 1917241.11 1919556.27 1921165.33 1926540.86 1927442.7 1918096.28 1918554.91 1924717.16 1917063.73 1912625.44 1915287.05 1918859.32 1923690.35 1922529.91 1922943.37 1917074.99 1910243.27 1913514.22 1912358.96 1878995.69 1786135.8 1716741.76 1746000.75 1773128.36 1764827.75 1763511.17 1775870.63 1731519.75 1703542.07 1732273.85 1758206.38 1776005.07 1812180 1841782.54 1856277.56
1912422.58 1916486.53 1918965 1915023.77 1900103.17 1895021.76 1903868.47 1916672.67 1918205.91 1905577.26 1890039.85 1886391.87 1900793.98 1918286.53 1930237.42 1932421.64 1922919.23 1914305.55 1916942.56 1915077.98 1913536.78 1912824.15 1913818.72 1914937.81 1916473.64 1919082.64 1922431.91 1920911.77 1925739.96 1929380.5 1920276.75 1921732.22 1943410 1957808.31 1958220.69 1945741.04 1928206.06 1911391.49 1897706.02 1885339.12 1906854.66 1952220.61 1958383.37 1994340.55 2038721.81 2026246.77 1948965.27 1849989.39 1795938.4 1788393.97 1798542.74 1819569.06 1829363.51 1806165.48 1797994.71 1828618.15 1854570.35
1909737.31 1911639.38 1914538.6 1910200.96 1913875.38 1927375.21 1926319.44 1920670.74 1913391.97 1901395 1896997.59 1899465.94 1898407.1 1897144.19 1911006.3 1928274.44 1937841.72 1928291.25 1918313.68 1916424.79 1916383.41 1916168.85 1913655.95 1913466.78 1914833.06 1914358.79 1911221.28 1904706.23 1892464.14 1885780.23 1912841.51 1931460.26 1931479.14 1938627.59 1944492.54 1928041.29 1901898.43 1884115.74 1868270.3 1849587.02 1860289.04 1912675.78 1990647.87 2091805.76 2061259.88 1926001.31 1836671.21 1825175.3 1739564.35 1684460.91 1693576.94 1685169.44 1698901.23 1740349.27 1780169.01 1833196.13 1870176.71
1917559.8 1927134.28 1943850.97 1958557.8 1966944.19 1936390.53 1892145.57 1892465.9 1898839.24 1888484.56 1897424.29 1907402.19 1906573.41 1894977.5 1893569.95 1910941.06 1929358.08 1927933.64 1921439.26 1922700.71 1922370.46 1918982.53 1915570 1916237.47 1912550.18 1904818.62 1899070.98 1898535.82 1891077.85 1888932.81 1923377.73 1958170.08 1960863.79 1942365.45 1928009.14 1912624.83 1896304.52 1880183.93 1851657.62 1808652.02 1745456.13 1726894.37 1800706.32 1817515.38 1693009.27 1633691.34 1704924.53 1727106.68 1660906.69 1665278.98 1702788.78 1717848.87 1751096.15 1824065.74 1881783.03 1905754.11 1898545.58
1947967.18 1942072.59 1925943.74 1931014.1 1918215.1 1868776.32 1863985.53 1885579.38 1901511.15 1893979.56 1900938.01 1910043.06 1916005.55 1917957.43 1908793.8 1902318.71 1912652.85 1927201.95 1925408.48 1920588.1 1917309.85 1913944.47 1909824.62 1907074.37 1903412.29 1889862.33 1872487.63 1876226.35 1890514.55 1898320.7 1897018.64 1904365.55 1937088.39 1961481.1 1954140.8 1933135.57 1907762.05 1884365.03 1865515.41 1800247.54 1689728.11 1647465.43 1707289.43 1782426.05 1799352.27 1849475.39 1847611.81 1827602.26 1908479.68 1995073.85 2023737.44 2046062.93 2066091.67 2044187.32 1979296.34 1923657.55 1884888.99
1918984.7 1919075.18 1906026.78 1882017.95 1863665.34 1871955.86 1895534.49 1896022.13 1904552.46 1903623.1 1905611.59 1911293.54 1917015.98 1923219.89 1931052.72 1927938.72 1921356.48 1919946.82 1920749.88 1920166.32 1918998.24 1917903.69 1915724.61 1907400.71 1897127.05 1888222.33 1886671.67 1875000.87 1862429.67 1879077.34 1877742.11 1842456.84 1818387.36 1824818.17 1879759.13 1918103.07 1905436.26 1881587.19 1887822.32 1886889.75 1875454.87 1842218.06 1788367.89 1825079.38 1885717.23 1906424.72 1913655.16 1985958.97 2048197.87 2032332.86 1997288.18 1960552.72 1963710.13 1939152.87 1875807.43 1864453.3 1883025.8
1896546.14 1899887.53 1905411.48 1898592.19 1895176.05 1938729.45 1961649.59 1925367.82 1904945.95 1907717.36 1905524.54 1904219.85 1906997.18 1909294.22 1909263.23 1913161.75 1916546.66 1920878.77 1927403.77 1927976.15 1925802.18 1929308.73 1933831.9 1930555.31 1920559.46 1924577.72 1941843.25 1930340.04 1901550.45 1880007.51 1877094.83 1846822.16 1770638.16 1711293.71 1754420.4 1882382.66 1955365.9 1970713.58 1979163.46 1968375.23 1984570.8 2008613.07 1948533.67 1922563.78 1971429.71 2057494.32 2144932.33 2152564.11 2136025.81 2105218.39 2056909.41 1936372.68 1838681.78 1868911.39 1900658.15 1900548.57 1948851.47
1919607.78 1911943.94 1910047 1915076.16 1926448.77 1956408.48 1957351.9 1929530.6 1904974.87 1909284.38 1912396.89 1910608.2 1903932.29 1896268.17 1888828.81 1894574.83 1911585.03 1925862.44 1932255.02 1934074.55 1935743.34 1937689.98 1942881.33 1936499.12 1915627.49 1913333.52 1928682.98 1944873.17 1947856.92 1912779.1 1878879.27 1850119.09 1819039.4 1850234.5 1875891.86 1902978.26 1962977.46 2010231.5 2032346.91 2031481.92 2039484.49 2054667.73 2063772.59 2074128.74 2121066.82 2190364.14 2219645.99 2165619.18 2093066.29 2109600.98 2149395.15 2156041.37 2113938.03 2090538.57 2106628.37 2070828.59 2048262.09
1927862.91 1934147.93 1944917.77 1953300.97 1957160.04 1947554.52 1921890.92 1902461.39 1904812.44 1916358.47 1928079.66 1931492.71 1925942.08 1914384.88 1909688.96 1909167.75 1912186.75 1917054.03 1920533.39 1926070.77 1930786.39 1934351.47 1936351.37 1937072.34 1941669.96 1934513.08 1914911.96 1908202.41 1917866.99 1922943.7 1891521.45 1844353.92 1866745.63 1943583.86 1943361.79 1888066.47 1882950.88 1929336.72 1962645.21 2013269.02 2080331.14 2165153.09 2205390.3 2151360.01 2110198.01 2065408.2 1987806.58 1895133.46 1832168.85 1890237.64 1991676.2 2071318.64 2055578.61 1992784.12 2011695.41 2057072.4 2016753.97
1941435.74 1974773.98 2006542.16 2012295.22 2011467.52 1962292.92 1917693.71 1896748.32 1896587.26 1903716.89 1916679.33 1928524.38 1936501 1939115.64 1930951.44 1925858.26 1921674.53 1922416.52 1921699.28 1921027.08 1922805.78 1927518.51 1927856.31 1935073.62 1964105.71 1980612.86 1956162.51 1906777.13 1900211.58 1909558.44 1892667.43 1877841.88 1914180.65 1926441.78 1882527.34 1850608.77 1851905.44 1869549.35 1860217.18 1877584.51 1988619.71 2124278.65 2127932.96 2048479.56 1996319.01 1947913.62 1847711.4 1756532.2 1761589.66 1806425.13 1808010.47 1830053.79 1833490.37 1857900.7 1905532.99 1888161.64 1805681.18
1973648.82 1985423.98 1974737.37 1966222.89 1964556.1 1934153.07 1893494.53 1867171.24 1860836.02 1875644.82 1895218.28 1913520.04 1931833 1945879.26 1950834.11 1949020.4 1944967.59 1939966.09 1935178.3 1933793.19 1936398.05 1937030.08 1935501.12 1938870.18 1948445.9 1968770.94 1988563.08 2004152 2003412.94 1959308.17 1900545.16 1904399.13 1934496.43 1927109.91 1881092.14 1871802.3 1875148.07 1835421.82 1783852.14 1774100.75 1804738.24 1862138.22 1873310.73 1878995.79 1899221.54 1902302.82 1915882.68 1945422.47 1986974.38 1988527.72 1919646.56 1936690.71 2005309.21 2017247.95 1966536.18 1833521.52 1757273.42
1999268.24 1956133.97 1897814.57 1871069.51 1882782.91 1892221.53 1894122.93 1881463.13 1867755.23 1859942.94 1875358.21 1894738.24 1914611.15 1933840.01 1951280.25 1958813.3 1948877.46 1935209.89 1931393.85 1934728.83 1936349.34 1938845.24 1942975.02 1946720.76 1949558.18 1955624.63 1981353.31 2024159.17 2034286.71 1994324.79 1927705.04 1933982.26 1984265.72 1993984.97 1950127.09 1911879.12 1882263.1 1870986.37 1884067.37 1896753.32 1857650.79 1795313.84 1830978.09 1934412.54 1948214.22 1898006.84 1928507.32 2022087.76 2117109.64 2177973.97 2150868.53 2102630.2 2066528.14 1999337.5 1874960.09 1789704.56 1811293.98
1891346.46 1871570.33 1871108.47 1866324.56 1866891.24 1885086.73 1883354.08 1869744.62 1869647.31 1869960.59 1880424.46 1891332.92 1897377.58 1918292.07 1940970.81 1955546.74 1951838.65 1936680.3 1928959.67 1929465 1933001.19 1938966.33 1943577.63 1947170.54 1952012.71 1955637.41 1965172.36 1977538.45 1995678.45 2019698.26 2053935.35 2076927.18 2045037.59 2050454.53 2055957.12 2025270.39 1990637.12 2000286.04 2022673.35 2035631.72 2019821.65 1978901.63 1965787.83 1961816.03 1957952.92 1985047.85 2050419.53 2108935.88 2171794.48 2187286.29 2178942.9 2126275.27 2036518.95 1918327.47 1812064.67 1787568.67 1830982.99
1836801.18 1839421.15 1871698.27 1889128.57 1887060.84 1892027.26 1878629.11 1867369.68 1879918.59 1900510.89 1900245.86 1891951.57 1885291.75 1893572.4 1918663.12 1937965.23 1951179.38 1961842.79 1953125.69 1945173.43 1943889.74 1944891.6 1946268.76 1950845.91 1956689.05 1963003.36 1970512.24 1977849.33 1986617.62 2015088.33 2077084.59 2117218.12 2120948.72 2090409.01 2099845.62 2103634.83 2065299.64 2000890.78 1980089.47 2025240.96 2064592.12 2088136.22 2059411.53 1994854.23 2003725.3 2070076.23 2109740.09 2097482 2065997.5 2027167.22 2012127.01 1969085.19 1889853.28 1838924.4 1816435.67 1849055.25 1924742.9
1887320.38 1882180.14 1893576.08 1904306.47 1903696.86 1891575.69 1882528.3 1902185.54 1919719.99 1919109.58 1897051.13 1874332.1 1870673.99 1876880.08 1891235.24 1906703.32 1920269.32 1943373.06 1963596.17 1964097.28 1956492.55 1950935.37 1951374.21 1955391.53 1960956.64 1966011.75 1970589.22 1972699.39 1974675.21 1987092.95 2007258.22 2051631.25 2091235.28 2073554.93 2058005.65 2068458.8 2056346.36 2031677.43 2022902.76 2039993.57 2066232.59 2073734.99 2032372.35 2017472.27 2046054.21 2058046.6 2025447.54 1974600.93 1924399.44 1876022.83 1877665.34 1872151.01 1833579.25 1808107.28 1845238.84 1933899.96 1984871.35
1886936.11 1883267 1880458.36 1885151.88 1893734.37 1883539.76 1869273.14 1904835.27 1926818.49 1908995.71 1893088.62 1889301.18 1879764.24 1859810.95 1868593.02 1897948.2 1919454.98 1922286.78 1935409.82 1956858.44 1959787.54 1958127.13 1960236.6 1963242.15 1965181.92 1967547.03 1968776.72 1969202.76 1975353.59 1985761.71 1993563.82 2002815.08 2008429.37 2004392.71 2009941.04 2026272.54 2049573.3 2068460.61 2084863.29 2072928.52 2051322.86 2036591.85 2021843.59 2040620.94 2049614.51 2034453.92 2026605.85 2037888.35 2026206.31 1949844.35 1865941.13 1887853.29 1936900.1 1953964.07 1968138.66 1981154.92 1964561.99
1893286.6 1888185.51 1888487.82 1893185.36 1898451.08 1881534.47 1892304.82 1916960.8 1920230.97 1910325.21 1898296.91 1899241.93 1902314.7 1882270.58 1865285.17 1883892.55 1916481.78 1919379.31 1906066.66 1916587.6 1943347.5 1956841.39 1959970.02 1961435.66 1963321.52 1963531.69 1963084.98 1965278.21 1972157.63 1976656.13 1981587.71 1993159.8 1999720.68 1988534.49 1983709.25 1997318.26 2018221.52 2046794.72 2087241.54 2085843.6 2043652.72 2025792.01 2036293.41 2064318.66 2065125.08 2064426.12 2085886.01 2086061.37 2063193.8 2033915.54 1971508.02 1920318.76 1913098.01 1946394.61 1970518.34 1949139.54 1915010.34
1903092.83 1900518.07 1909906.87 1907837.78 1872622.11 1856760.26 1888825.49 1912607.07 1909083.28 1904671.43 1897739.72 1893753.47 1904594.84 1912934.62 1890026.41 1874437.6 1899506.62 1923497.49 1917966.9 1909764.66 1927360.48 1950008.91 1959547.39 1957773.81 1955778.33 1959992.67 1965207.76 1971860.61 1975669.82 1979686.77 1983952.63 1987246.51 1988956.51 1994633.57 2007317.61 2007758.49 2016292.36 2035619.68 2054686.17 2059547.96 2033477.62 2022889.43 2047900.12 2062808.1 2064408.09 2069486.23 2080711.23 2090305.24 2105302.19 2107214.97 2096906.09 2057877.9 1981298.6 1930152.6 1932181.85 1954909.5 1926457.78
1919166.72 1917587.65 1913666.15 1895201.9 1871309.24 1877278.21 1894584.92 1903104.79 1900183.68 1894237.31 1902783.55 1907777.6 1906609.92 1915375.06 1913875.33 1897026.02 1898225.25 1930273.18 1948778.05 1937342.61 1927361.85 1930044.95 1938289.58 1947181.75 1952550.77 1959386.48 1968002.55 1973243.05 1974060.21 1977033.97 1982137.07 1985297.73 1988232.95 2010138.92 2030638.47 2021550.27 2007929.46 2001448.4 2001220.94 2011719.12 2015198.15 2020949.89 2035963 2041442.75 2044501.51 2040556.43 2055053.44 2060162.31 2034946.94 2027894.16 2023333.99 2019336.19 2022659.95 2015890.41 1983840.11 1964903.34 1937765.73
1916569.26 1926725.22 1906440.44 1863086.89 1872878.02 1905152.4 1908372.74 1904029.61 1902709.73 1902450.52 1910537.91 1918261.46 1918951.63 1921783.17 1924792.26 1909429.71 1884147.64 1902461.8 1932846.57 1938027.36 1927849.4 1921763.08 1923300.64 1935256.47 1946583.65 1952582.51 1958164.5 1961603.83 1965441.78 1969037.72 1973386.03 1980820.73 1987975.32 1994891.41 1996907.43 1992750.87 1985206.73 1986861.96 1994070.27 1998576.41 2003385.58 2009764.91 2016976.72 2024799.49 2020444.47 1981035.48 1993689.21 2031040.77 2013624.87 1992051.33 1994682.87 2007525.35 2016525.39 2018696.39 2013343.59 2008758.13 1995068.06
1912646.84 1920519.49 1905536.38 1879464.64 1863040.83 1870181.14 1890520.93 1907201.3 1912520.87 1910963.05 1911163.79 1914507.08 1919507.15 1921651.12 1922215.82 1925233.09 1910488.46 1888270.4 1901762 1926569.1 1930779.73 1930325.28 1931315.49 1933521.1 1936946.36 1942087.78 1947275.38 1951657.61 1957951.31 1963145.56 1968472.74 1973013.57 1973424.4 1969845.51 1968723.52 1969748.81 1971744.85 1974889.27 1979884.65 1987311.74 1991502.32 1996031.79 2007784.47 2024028.98 2033358.81 2023454.68 2004262.04 2045726.85 2081980.14 2103813.43 2121318.72 2119970.36 2098277.07 2100243.39 2114636.5 2109472.34 2091473.61
1917893.31 1908881.44 1910399.73 1916954.04 1900747.83 1879240.08 1876528.68 1885683.93 1901802.9 1912466.7 1914556.02 1913800.1 1915800.47 1918769.59 1930484.63 1955160.82 1948723.45 1915772.39 1908347.79 1929931.97 1934452.11 1931183.37 1930856.02 1930874.97 1931513.29 1933900.54 1937868.98 1942094.2 1947837.61 1954520.7 1961267.01 1964030.13 1962981.66 1960422.74 1961390.91 1964299.85 1967387.94 1972845.35 1978349.15 1982773.09 1986080.5 1986844.81 1992352.07 2009275.14 2032960.15 2046457.25 2014362.98 1998554.89 2054935.31 2102486.16 2113444.19 2109727.24 2127349.63 2141538.81 2113667.57 2095178.6 2102430.65
1903071.58 1902657.5 1903665.19 1905191.12 1877906.9 1816097.94 1804295.2 1847889.64 1892032.38 1911773.96 1918026.28 1918746.08 1918225.77 1920656.06 1921367.07 1909230.97 1903633.52 1917925.92 1926517.67 1930445.98 1931854.94 1929808.27 1929002.26 1928652.04 1928414.17 1929220.91 1930815.3 1933976.16 1937468.74 1941926.93 1946530.74 1949940.91 1953571.91 1956750.37 1961451.86 1964715.74 1967081.39 1971852.41 1977772.07 1980733 1981590.06 1984931.04 1989193.3 2000552.82 2018875.66 2043524.72 2041222.22 2012727.85 2032617.72 2050752.75 2047203.28 2052645.83 2069837.2 2070669.22 2068730.7 2110557.74 2140182.39
1863528.33 1857404.98 1864311.11 1880774.92 1844437 1801408.09 1804946.22 1843342.5 1886551.28 1910567.55 1916709.98 1919830.47 1921326.36 1922880.59 1918637.98 1900165.89 1894683.92 1914879.98 1924366.2 1923086.56 1924341.61 1924922.72 1924943.05 1924012.34 1922759.01 1924347.94 1925681.02 1926673.08 1928877.65 1930605.51 1931925.24 1935775.23 1942660.79 1950098.99 1955078.97 1957356.09 1962694.64 1969088.71 1972897.86 1977435.05 1981829.19 1987815.02 1994835.96 2001336.11 2019414.42 2054548.67 2075748.4 2061647.64 2018491.71 1994015.56 1994681.57 1986106.92 1975331.67 2016338.63 2104892.86 2153282.44 2156279.99
