sesion_6_simulaciones/modelos_distribucion_especies/ejemplo/variables/futuro_A2/2010/sol_rad_sum.asc
ncols 708
nrows 329
xllcorner -7.525000
yllcorner 35.991667
cellsize 0.008333
NODATA_value -9999
[rows 130 to 155 of 329, columns 342 to 398 of 708]
1842315.1 1840046.83 1846229.22 1850540.16 1848120.52 1842523.91 1841261.67 1844480.6 1848686.23 1859397.91 1864584.64 1856523.36 1854225.29 1857963.99 1863495.07 1868080.58 1874939.1 1881232.44 1884044.91 1884614.03 1880834.71 1870144.18 1862557.73 1867815.84 1869441.15 1856278.52 1818995.42 1805566.64 1827567.21 1841348.83 1849569.67 1858874.65 1845973.55 1851300.08 1856819.21 1849214.17 1853685.65 1861543.37 1861388.2 1854327.79 1842908.89 1829833.23 1830798.56 1837755.92 1840097.23 1849302.14 1873187.99 1912150.85 1913835.87 1898034.31 1885825.82 1881597.57 1862414.9 1850743.69 1868270.96 1896539.84 1885655.75
1878778.77 1869091.09 1864028.85 1859578.39 1849894.59 1844199.88 1846970.38 1843074.37 1843800.78 1849246.76 1852627.52 1854064.35 1850769.98 1850115.51 1856213.82 1863777.5 1872699.76 1882693.39 1888734.81 1889972.77 1884679.8 1874668.18 1863416.92 1862141.9 1881755.02 1882691.29 1852259.04 1843717.72 1858617.1 1870690.26 1850378.27 1814397.25 1803138.18 1820427.01 1829626.13 1817069.76 1821592.54 1866278.26 1894424.93 1897773.99 1897925.72 1891925.07 1888169.25 1872443.58 1841406.52 1821374.94 1847902.12 1899371.59 1902040.96 1893146.25 1895193.77 1863125.37 1818079.9 1823150.23 1872394.52 1879710.03 1822980.45
1856140.28 1825551.12 1813133.79 1825937.94 1838652.24 1845428.5 1849169.26 1851842.68 1857862.71 1860842.45 1865760.96 1872261 1874174.43 1871964.78 1867502.18 1866515.67 1867288.06 1869167.37 1870505.01 1870641.12 1870519.51 1866838.16 1855948.79 1846689.95 1843252.31 1855482.29 1883986.56 1906368.74 1896787.04 1876003.52 1845872.16 1816890.98 1818529.42 1818768.87 1816069.4 1809552.97 1813008.25 1831343.22 1860512.53 1881451.82 1889638.74 1897341.62 1906372.26 1903617.29 1890868.65 1880471.32 1878076.64 1884669.91 1891303.64 1883968.79 1863445.01 1828446.59 1805986.21 1827724.39 1855819.49 1853401.44 1865574.56
1800412.73 1801793.11 1816450.07 1832707.08 1837802.57 1833378.13 1839456.17 1850216.86 1854732.91 1851409.82 1851143.58 1857497.07 1872876.12 1879806.39 1877202.83 1873368.49 1873579.9 1874269.33 1872527.83 1872229.73 1874595.84 1874060.71 1869091.08 1853336.17 1837676.3 1852430.95 1897646.69 1898764.32 1879391.55 1873162.85 1870388.76 1858805.1 1844874.22 1815375.01 1791456.42 1787165.22 1794061.23 1792270.92 1806439.93 1844590.24 1877579.87 1886759.96 1894726.73 1909601.75 1918203.3 1918263.99 1909682.39 1887825.29 1861783.93 1839868.74 1822570.46 1836474.13 1855886.41 1850129.25 1844090.09 1873832.03 1927665.2
1843130.78 1858529.23 1855538.76 1837061.93 1827339.96 1831352.63 1837482.97 1839245.35 1841226.47 1842330.39 1841244.53 1844342.91 1846039.95 1852885.57 1859285.66 1862997.3 1866119.32 1869361.29 1870963.67 1867754.49 1865111.63 1870997.06 1864847.11 1860148.91 1859956.09 1873823.18 1884720.48 1862710.04 1840108.23 1847502.91 1870583.76 1879615.24 1871288.91 1844254.82 1804598.06 1783526.64 1766271.02 1765116.8 1772425.47 1776162.03 1785352.18 1830793.26 1868560.28 1872456.94 1862682.04 1857524.12 1862826.29 1861878.04 1835996.79 1804601.56 1803999.69 1827559.73 1862977.76 1861095.07 1852669.32 1873047.74 1880109.49
1859557.95 1861490.16 1859940.73 1843650.67 1828346.3 1830725.08 1827660.37 1820292.36 1825742.37 1837244.81 1838806.21 1841853.11 1839100.82 1837118.79 1836773.78 1837133.55 1836210.5 1832872.59 1824272.58 1814253.77 1829173.41 1863981.43 1899289.29 1921592.88 1925319.53 1898929.75 1849140.7 1838853.73 1852895.26 1847789.17 1857494.64 1887463.82 1899060.86 1889701.98 1880454 1878496.27 1860446.42 1828162.39 1777782.89 1707463.44 1697559.09 1756947.03 1818142.96 1856990.46 1865222.1 1862848.43 1865067.89 1871265.7 1869875.74 1866368.84 1864409.86 1856518.9 1851086.03 1859948.68 1858303.62 1832379.48 1802783.66
1860838.74 1859681.62 1854719.96 1838397.18 1826419.36 1830847.1 1834986.87 1825095.07 1810822.77 1811300.01 1821446.97 1830992.33 1839999.85 1836367.48 1821297.86 1810457.48 1808161.94 1800736.18 1780202.05 1773528.72 1801994.49 1839635.03 1877040.46 1918946.87 1941264.84 1924521.63 1878304.22 1853397.81 1848581.18 1843403.44 1841390.01 1856039.45 1883162.02 1906201.87 1917744.18 1914092.14 1902721.2 1859886.11 1796204.81 1801422.94 1847077.36 1853564.75 1861176.19 1890283.52 1908529.68 1915548.56 1918517.69 1922584.84 1931970.29 1932050.43 1899118.03 1869268.85 1862883.66 1872244.2 1865606.74 1841451.91 1835824.84
1887077.72 1869122.1 1837428.99 1823963.92 1841643.94 1845598.87 1845356.29 1837836.36 1818962 1802977.04 1801905.02 1812912.13 1811046.84 1789700.95 1772242.74 1763187.96 1771887.9 1788627.29 1772674.61 1761039.83 1768321.75 1784858.46 1806614.19 1829025.69 1860029.09 1888787.63 1895823.2 1870272.92 1819822.86 1800315.2 1803768.38 1787806.83 1779084.67 1823248.7 1879867.09 1889720.89 1863271.15 1834959.42 1866602.74 1925316.71 1940693.65 1915397.65 1887443.14 1868521.22 1855959.56 1875932.59 1900880.94 1908104.93 1910282.24 1904104.68 1882580.68 1856909.65 1849526.34 1868306.72 1876578.84 1889852.67 1911800.84
1891484.13 1878466.11 1864013.77 1872441.75 1881341.28 1877889.21 1883017.94 1883008.75 1871397.92 1854014.8 1833248.6 1806549.54 1781770.53 1759992.38 1754496.21 1760857.13 1769280.26 1784356.16 1808441.09 1812538.31 1763429 1716432.87 1718053.3 1763124.66 1791093.78 1804862.47 1848791.36 1876253.19 1859718.32 1833376.77 1813545.14 1797070.36 1786659.85 1798755.62 1843472.13 1869266.84 1866160.87 1886414.14 1919658.99 1897312.66 1859647.22 1844675.08 1842390.04 1844819.06 1841889 1838068.92 1846704.99 1864856.07 1875507.8 1887302.33 1912723.87 1936585.07 1909685.58 1878405.57 1866367.65 1881506.97 1901881.73
1883099.9 1881606.5 1886891.2 1895843.85 1900576.55 1895275.17 1889602.07 1896941.15 1904602.17 1900167.64 1878273.78 1838429.82 1813717.6 1823745.12 1859084.12 1878847.64 1860049.94 1828026.85 1832392.4 1858222.34 1847694.12 1794438.76 1748702.27 1740444.19 1739122.43 1756698.16 1804393.12 1846916.17 1854997.27 1848150.88 1830720.57 1845994.44 1895723.83 1893106.35 1870222.04 1863600.28 1872670.21 1879237.35 1855682.4 1835633.89 1830225.43 1852884.94 1863166.84 1859256.5 1858848.17 1818645.99 1759224.32 1763404.68 1814881.08 1852206.3 1891085.07 1927178.75 1911239.54 1872005.54 1856708.94 1851489.98 1861351.63
1881088.72 1887991.93 1894985.13 1899972.4 1899381.2 1898375.37 1890672.6 1888232.73 1890358.48 1898792.06 1898697.34 1895566.86 1907041 1936833.6 1941578.47 1915905.51 1884504.56 1877142.23 1897079.57 1933659.5 1952465.42 1929389.09 1901246.9 1874861.46 1884295.78 1895444.89 1834695.14 1777261.9 1761379.32 1763356.24 1795284.22 1850801.45 1889041.38 1889695.35 1874200.06 1878976.37 1899550.62 1910910.17 1901034.37 1884513.49 1902642.89 1902213.34 1865979.18 1790364.25 1715798.93 1701885.49 1744465.76 1760451.04 1743069.68 1760387.79 1778394.88 1790143.44 1806849.22 1814106.45 1803206.9 1798383.63 1823951.17
1888661.09 1897491.3 1904726.63 1899191.13 1892259.64 1892959.4 1891929.24 1878472.82 1876419.21 1887933.18 1895480.67 1910753.35 1933941.15 1926693.83 1892817.49 1886420.12 1924979.97 1953047.55 1958352.75 1960994.76 1960067.89 1962988.09 1988025.95 1985156.48 1990449.78 1982030.38 1936604.5 1894664.18 1885141.96 1882943.87 1883752.4 1890413.05 1877381.27 1853370.03 1837390.68 1837337.24 1869937.48 1911397.03 1933699.93 1944277.58 1924888.13 1894880.49 1833080.21 1746269.72 1674334.7 1711555.26 1811613.14 1857534.92 1844377.58 1832289.89 1821699.39 1791425.32 1774706.64 1779012.75 1770408.35 1760177.88 1764197.31
1867662.45 1877377.98 1890865.91 1889548.3 1888659.8 1884336.08 1871670.29 1871102.33 1881851.42 1887331.16 1891592.1 1898028.04 1891981.14 1880594.65 1893218.1 1932633.83 1956671.46 1939293.07 1902013.89 1878220.58 1898115.36 1937710.49 1966430.67 1953753.97 1930056.38 1928542.9 1952776.9 1976126.71 1984402.19 1984898.71 1964305.33 1932328.95 1897125.92 1856190.26 1804067.32 1775191.56 1764281.36 1701823.49 1696788.39 1763975.27 1758028.57 1707516.78 1698904.71 1708823.31 1767803.51 1838988.65 1839524.14 1856506.82 1879019.25 1890581.7 1871300.5 1812927.43 1752193.84 1732816.4 1747259.98 1755680.34 1744960.1
1870139.43 1888256.77 1883241.17 1863984.7 1854432.89 1857207.15 1869934.11 1883722.02 1883136.19 1884291.19 1892545.1 1892136.2 1890659.64 1910987.97 1939695.25 1943320.97 1911232.96 1891524.74 1898750.76 1907107.51 1908153.26 1912657.8 1913101.13 1917112.57 1919856.2 1914013.76 1916768.82 1931360.54 1939847.59 1941391.4 1935944.27 1909514.08 1872600.27 1831893.94 1746998.13 1638910 1565269.57 1554566.85 1588889.78 1589966.64 1593430.97 1607971.92 1668726.3 1747336.18 1830667.88 1838567.81 1800132.51 1814365.1 1842275.04 1855634.41 1858431.12 1868949.15 1881607.45 1866538.13 1879866.74 1883651.05 1860120.44
1885586.54 1849696.93 1819991.46 1812110.13 1815454.68 1827918.78 1843256.83 1861167.42 1888561.92 1900893.3 1896573.46 1899268.03 1916297.24 1923884.62 1918147.87 1906321.42 1897433.05 1903735.67 1933244.32 1954761.49 1947069.22 1944326.23 1946142.27 1932594.48 1922816.67 1914544.03 1909209.66 1913905.43 1916131.19 1914008.29 1896530.39 1867804.7 1820498.56 1723969.9 1608554.04 1580829.29 1639286.53 1760505.87 1824148.68 1792711.71 1791301.88 1828756.34 1843914.65 1841237.61 1849424.04 1814772.38 1732545.39 1685104.75 1700577.26 1707103.15 1710797.28 1824445.88 1951041.41 2003715.4 2015009.88 2018559.15 1991903.67
1837592.09 1816370.96 1802880.2 1813283.82 1819363.28 1821411.55 1819523.16 1828188.07 1853726.32 1883164.09 1896028.4 1905321.6 1913481.81 1905993.15 1893100.91 1891534.76 1898547.87 1908731.16 1923577.76 1931416.69 1934990.07 1938718.61 1942527.47 1929123.88 1909084.17 1901584.41 1900454.91 1892096.44 1877215.15 1865420.24 1857615.11 1853766.69 1803332.19 1687810.78 1667889.2 1816913.53 1929624.72 1972445.34 1980963.37 1952058.72 1913088.47 1865147.74 1823690.61 1804872.76 1804256.81 1794774.62 1763032.19 1693618.18 1623306.54 1616166.51 1660238.82 1681076.74 1721893.93 1823171.82 1889203.32 1908188.03 1932908.19
1842128.57 1865674.37 1868002.95 1860624.48 1849465.56 1843442.12 1851018.97 1866011.76 1868793.71 1863275.49 1867343.5 1875237.82 1882728.7 1883627.71 1884021.72 1891157.98 1903916.76 1916693.99 1919100.12 1917564.59 1918932.01 1916947.95 1908411.2 1903130.24 1900140.94 1892427.17 1888384.35 1881844.73 1879284.23 1881359.78 1879952.48 1870059.37 1824090.76 1797156.1 1899044.11 1973080.08 1973344.89 1944242.88 1926784.69 1874980.03 1766645.27 1695672.97 1706131.31 1790984.44 1911246.24 1994169.78 2033354.68 1984805.69 1888710.99 1846124.73 1888839.5 1860495.91 1741533.97 1680783.92 1738884.21 1846199.7 1906147.83
1851815.28 1866760.93 1866905.4 1861422.2 1864619.28 1877449.27 1894941.1 1903758.47 1894868.28 1877774.51 1875649.48 1885306.39 1888444.18 1886306.19 1891639.01 1901182.29 1908729.77 1912662.67 1915472.22 1912262.23 1912042.81 1915727.85 1915217.5 1899242.96 1887794.31 1886315.54 1877001.85 1867971.37 1876597.37 1881902.88 1876197.12 1867452.37 1849848.68 1888409.84 1987363.38 1985776.45 1948471.79 1913616.91 1887141.47 1837418.43 1780059.26 1779756.48 1795245.8 1878274.99 2019533.12 2110021.06 2119037.41 2101707.49 2099728.75 2050840.64 2001218.36 1999064.51 2022409.04 1996199.58 1947874.78 1947172.42 1943705.27
1845324.65 1843304.87 1840598.92 1844500.1 1866946.19 1885733.92 1888296.56 1874952.95 1865675.36 1871009.71 1883464.26 1887106.33 1884943.57 1890349.23 1895930.67 1904785.75 1910478.47 1911472.26 1912131.53 1910084.74 1900482.93 1890310.99 1884589.29 1883694.56 1873322.89 1868357.32 1861047.97 1854677.82 1857550.88 1851988.02 1845206.44 1838959.23 1830972.13 1870467.7 1921011.65 1904444.25 1912710.51 1927043.67 1929653.53 1913735.08 1931746.48 1935390.29 1946703.49 1971331.13 1995028.1 2028092.54 1986011.79 1943156.79 2002227.57 2048798.52 2061863.75 2082970.55 2096658.39 2080844.92 2037012.05 1958722.05 1884666.27
1859445.61 1853094.36 1859508.22 1878957.13 1893193.26 1887760.11 1865004.15 1847591.47 1842490.41 1856110.47 1868986.24 1870214.67 1871308.64 1882556.71 1889362.31 1891944.59 1895868.51 1903500.98 1898617.88 1888319.52 1884501.02 1884609.35 1884459.45 1889218.52 1879408.44 1867096.76 1875613.99 1900826.58 1908475.87 1899634.8 1873287.58 1835891.84 1833523.13 1886447.65 1926750.74 1930393.28 1906166.63 1899134.35 1922974.77 1973138.74 2042169.89 2081641.47 2099343.64 2039239.65 1988073.3 1953218.81 1880309.75 1884933.28 1940842.13 1996155.56 2029801.2 2037901.65 1998754.55 1960549.28 1940208.18 1895908.9 1835491.9
1868337.38 1876154.48 1897409.73 1917808.4 1913099.01 1888710.8 1864890.26 1851014.63 1845477.82 1847105.31 1852412.84 1861460.16 1876960.96 1884385.2 1884439.78 1877932.12 1867223.36 1863514.49 1860543.38 1859011.6 1870010.63 1885464.69 1891524.79 1894855.12 1900673.12 1903294.44 1908652.2 1921956.45 1930084.8 1923585.19 1905095.9 1901544.82 1932495.47 1981976.54 2031868.47 2042540.76 2004977.76 1991835.75 2011074.13 2020117.36 2070865.83 2120600.49 2124146.47 2042738.14 1982099.62 1952784.1 1967352.7 2052597.52 2086534.23 2048616.44 1970799.5 1933270.27 1921059.36 1914768.38 1884789.01 1852121.74 1820058.57
1872490.39 1891608.6 1908109.56 1912179.61 1896230.9 1878404.08 1869374.72 1865900.02 1860308.37 1848057.28 1842976.94 1846596.13 1857429.67 1867648.43 1873117.52 1877423.2 1880313.69 1876259.36 1873119.88 1878250.88 1874051.27 1866856.19 1862938.56 1868158.99 1883056.29 1902450.45 1904327.86 1897192.63 1897265.81 1899716.79 1914172.74 1947239.63 1990872.56 2024671.58 2052988.59 2047597.19 2045623.54 2045481.19 2048428.25 2061929.64 2083753.95 2053391.34 2041784.74 1992196.4 1914280.32 1943571.76 2011737.02 2044943.98 2045818.34 2016778.86 1966842.94 1931661.27 1903789.59 1869247.13 1853064.22 1841048.77 1841390.55
1886015.93 1896729.09 1889995.93 1869945.39 1857930.27 1862311.38 1868098.21 1867937.46 1861786.05 1850237.58 1848205.06 1846475.83 1840156.54 1838530.57 1843951.43 1857069.91 1869001.37 1870065.08 1869688.05 1864016.79 1855097.03 1849678.07 1848183.91 1842070.83 1836129.65 1843772.94 1857253.81 1870075.02 1874744.13 1881984.39 1907738.48 1936070.59 1951787.1 1949895 1925701.85 1891662.97 1875227.53 1856172.32 1847967.64 1912067.46 1989176.08 1996315.41 1957727.5 1901706.65 1858306.55 1856768.73 1896497.47 1904178.79 1889454.13 1899942.8 1907661.81 1887944.58 1853688.03 1835461.24 1838462.57 1857149.87 1902359.5
1881752.98 1871986.17 1857279.84 1846565.34 1844511.18 1846158.62 1849661.53 1849887.72 1850365.29 1846936.17 1839519.26 1834013.14 1828033.77 1827149.32 1829563.42 1831159.76 1829880.55 1830572.35 1827198.32 1816761.37 1821983.66 1842831.68 1852763.57 1848215.16 1839925.3 1833136.04 1835059.21 1849780.71 1867488.13 1874726.5 1883558.82 1887497.68 1881652.83 1864697.96 1837428.08 1832430.76 1828490.17 1833729.32 1840867.82 1804914.57 1797344.7 1799817.7 1747547.46 1718610.95 1728005 1720349.35 1777742.97 1841769.9 1862647.32 1862676.74 1860361.26 1844401.84 1843042.45 1837529.11 1840056.7 1880298.69 1916883.06
1882817.09 1881672.28 1876493.29 1870013.75 1860682.36 1851823.56 1851172.74 1860293.97 1868756.66 1866205.99 1851522.66 1833441.11 1827407.92 1833223.98 1841519.76 1841403.9 1838997.53 1832589.07 1810385.85 1778927.18 1752001.19 1758386.36 1804254.91 1839065.46 1849214.09 1843789.91 1844125.27 1856879.94 1867358.15 1864937.65 1867851.76 1872696.27 1873733.58 1844178.13 1827021.89 1885601.9 1933845.53 1962885.59 1980056.09 1958646.74 1914079.28 1884128.04 1819866.28 1802439.5 1826336.78 1865918.16 1861441 1884377.59 1897922.61 1863877.04 1826023.94 1829728.73 1844115.52 1857239.82 1859131.59 1855813.14 1854144.44
1901733.74 1904069.19 1901864.36 1898903.34 1891327.82 1878327.73 1875371.79 1883826.93 1899413.06 1905036.16 1899071.08 1890887.65 1882644.94 1875397.41 1873310.47 1874241.86 1875698.44 1871482.19 1860995.97 1855416.08 1844255.36 1824922.85 1832373.37 1858272.41 1867055.04 1869391.35 1873648.79 1867456.17 1864391.29 1865928.09 1866966.3 1857419.4 1839311.38 1842193.19 1912631.27 1975561.73 1992752.57 2006999.73 1996386.09 2000827.17 2023380.4 2012024.05 1986779.01 2034822.35 2013867.05 1993643.27 1934612.78 1874034.32 1805471.47 1744584.54 1759742.48 1812230.86 1832994.36 1821690.41 1805843.16 1794123.99 1791297.7
