sesion_6_simulaciones/modelos_distribucion_especies/ejemplo/variables/futuro_A2/2010/TMNV.asc
ncols 708
nrows 329
xllcorner -7.525000
yllcorner 35.991667
cellsize 0.008333
NODATA_value -9999
[rows 205 to 245 of 329, columns 188 to 281 of 708]
192 192 192 192 192 192 192 192 192 192 192 192 192 192 192 191 191 191 191 191 191 191 190 190 190 191 191 190 190 190 191 191 191 191 190 191 191 190 190 190 190 190 190 189 188 187 187 186 186 188 187 187 188 188 189 187 185 185 188 186 185 184 183 186 185 184 184 182 182 182 181 182 185 183 183 183 182 180 180 181 183 182 183 182 183 183 183 182 177 175 171 174 172 169
192 192 192 192 192 192 192 192 192 192 192 192 192 192 191 191 191 191 191 191 191 191 191 190 190 191 189 189 190 190 191 191 191 191 191 191 191 190 190 190 190 191 189 190 189 186 185 184 183 184 186 188 187 187 187 188 187 186 187 186 186 184 183 185 182 183 183 182 182 182 182 182 184 186 183 183 183 182 182 182 184 184 184 184 184 183 182 182 182 179 177 176 170 163
192 191 191 191 192 192 192 192 192 192 192 192 192 191 191 190 189 191 191 190 190 191 191 190 189 191 190 191 190 190 189 191 190 191 191 191 191 191 191 191 190 189 189 189 188 186 184 181 180 179 184 186 186 185 185 185 186 186 185 186 186 185 184 184 184 182 182 184 183 182 184 183 183 186 184 184 183 182 184 183 184 183 184 181 182 178 181 180 178 175 175 176 171 169
192 191 191 191 192 192 192 192 192 192 192 191 191 191 191 190 190 190 190 189 188 191 191 190 189 191 191 191 191 190 190 190 191 191 190 190 191 190 190 190 190 190 189 188 187 186 185 184 183 180 179 181 185 186 184 184 183 184 185 182 185 185 185 184 184 184 183 183 185 185 185 184 185 186 183 184 184 182 184 185 183 182 180 179 179 178 178 179 178 174 172 167 170 168
192 191 191 192 192 191 192 192 192 192 191 191 191 191 191 190 190 188 189 190 189 190 190 189 189 190 191 191 190 190 190 191 190 189 190 189 188 190 191 190 190 190 189 187 188 187 187 186 184 183 185 184 183 184 183 186 183 184 185 183 185 183 184 183 184 181 185 186 185 185 187 186 187 184 183 184 183 184 185 184 182 182 181 179 177 177 178 177 175 176 175 174 175 173
192 191 191 191 191 191 191 192 191 191 191 191 191 189 190 190 190 189 189 188 190 190 190 189 190 190 190 190 190 190 190 190 190 189 188 188 190 188 188 189 190 189 190 189 189 187 187 187 186 185 184 181 181 184 186 186 186 186 185 185 185 183 183 183 183 183 186 182 184 183 180 184 184 183 184 185 184 185 185 183 179 177 176 176 176 180 179 178 177 178 177 177 177 177
191 191 191 191 192 191 191 191 191 191 191 191 190 189 189 189 189 189 188 189 189 188 188 189 190 190 190 190 190 189 189 190 190 189 189 189 189 189 189 189 190 190 189 189 189 188 187 186 184 184 184 185 183 185 186 187 185 186 186 186 184 183 183 184 184 186 187 184 183 185 185 183 184 183 184 183 183 185 183 184 180 179 175 172 177 181 180 178 178 177 179 177 179 177
191 191 191 191 191 191 191 191 191 190 189 189 189 189 189 189 189 189 188 188 188 189 189 190 190 190 190 189 189 189 189 189 189 190 190 188 188 189 189 190 188 189 190 189 188 187 186 185 184 185 187 186 185 186 187 186 184 186 183 187 186 183 184 184 182 180 183 182 183 184 185 183 183 182 183 182 184 185 183 182 183 180 178 174 179 181 180 180 182 180 181 180 179 176
191 192 191 191 191 191 191 191 191 191 190 189 190 189 189 188 188 188 188 189 189 189 190 190 190 189 189 190 187 188 189 187 189 189 188 188 188 188 189 188 188 188 188 188 188 187 187 187 185 186 187 187 188 187 185 187 184 184 186 188 183 188 187 184 182 179 180 182 183 184 183 185 185 183 183 183 183 183 183 183 185 183 183 182 182 183 182 182 180 181 178 177 175 174
191 191 191 191 191 191 191 191 190 190 190 190 189 189 189 188 188 188 188 188 189 189 189 189 189 188 189 189 188 189 189 189 190 188 189 189 188 187 189 188 189 188 188 188 188 188 188 187 186 187 186 187 189 183 188 185 188 188 188 187 183 181 182 182 180 180 182 183 184 184 184 185 185 185 184 183 181 182 181 181 181 180 180 183 183 181 180 179 178 179 177 177 175 173
192 191 191 191 191 191 191 190 191 190 190 189 189 188 189 189 189 188 188 188 188 189 188 188 188 187 188 188 187 189 189 188 190 189 188 187 187 188 188 187 189 189 187 187 186 188 188 187 187 188 186 189 188 186 182 185 184 184 186 188 188 186 184 180 178 178 178 180 183 182 184 184 185 185 185 184 184 182 180 181 181 181 178 179 179 178 177 177 177 178 177 174 171 170
191 191 191 191 191 190 190 190 190 190 190 190 189 189 190 189 189 189 188 188 188 189 188 188 188 187 189 188 188 188 188 188 189 189 188 188 188 187 187 188 188 189 188 188 188 188 188 188 188 189 189 188 186 185 180 179 176 178 184 180 181 187 178 179 177 180 182 180 177 172 180 183 184 184 183 182 181 182 184 183 183 182 179 179 178 179 177 177 178 176 171 169 171 171
191 191 191 191 190 190 189 190 190 190 190 190 190 190 189 189 189 187 186 186 187 189 189 188 187 188 188 188 188 188 188 189 189 189 188 189 188 187 187 188 186 188 188 187 187 188 188 189 189 188 188 187 183 180 176 176 179 181 182 183 186 182 176 178 178 180 179 176 167 170 175 183 184 182 181 181 181 181 180 180 180 183 183 179 179 178 179 179 177 174 171 171 172 174
191 191 191 190 190 190 189 189 189 189 189 190 189 188 187 188 188 188 188 186 186 188 188 188 187 187 188 188 188 189 189 189 189 189 189 189 188 187 188 187 187 187 188 188 189 188 188 188 188 187 186 185 182 180 181 180 180 178 181 184 184 187 182 180 178 176 173 165 165 167 177 181 184 183 182 181 182 180 181 181 181 180 182 182 180 182 182 182 180 176 172 172 173 176
191 191 191 190 189 190 190 190 190 189 189 189 190 189 189 189 188 189 187 187 187 188 188 187 188 188 188 188 188 188 188 189 189 189 189 189 187 189 187 188 188 187 188 189 189 187 187 188 188 187 187 185 184 182 181 182 182 177 182 184 184 184 181 181 178 171 168 164 164 167 177 182 183 183 183 182 181 180 181 179 179 177 179 180 180 179 180 182 180 176 176 175 175 174
191 190 189 190 190 190 190 190 190 189 189 189 189 189 190 188 189 188 187 188 188 188 187 188 187 189 189 189 188 188 188 189 189 189 189 189 188 188 188 188 189 189 189 189 188 187 187 187 188 187 186 185 182 179 182 183 183 183 183 185 187 184 183 180 175 168 172 168 169 177 181 183 183 182 183 182 181 180 179 182 182 181 179 176 176 178 181 182 180 180 176 177 177 176
188 189 190 190 190 190 190 190 190 189 189 189 189 189 188 188 187 187 188 188 189 189 188 189 189 189 189 189 187 188 189 189 189 189 189 188 188 188 189 189 189 188 188 188 187 188 188 187 187 186 186 184 181 182 183 184 184 184 183 180 185 186 183 181 175 172 179 176 179 178 182 183 181 181 183 182 181 179 178 182 179 179 178 177 178 179 181 182 181 182 181 178 176 178
187 188 190 190 190 190 190 189 190 189 189 189 188 187 188 186 188 189 188 189 189 189 189 189 189 189 188 186 188 189 189 189 189 189 188 188 189 189 189 189 189 188 188 187 188 188 188 187 186 187 185 185 183 183 183 185 184 181 181 183 185 186 184 183 182 181 183 184 182 180 180 181 181 183 183 182 181 180 178 180 180 177 177 175 178 180 181 181 178 177 177 180 177 178
188 189 189 189 190 189 190 189 189 189 188 188 188 188 187 187 189 188 189 190 189 190 189 189 189 189 188 185 188 189 189 189 189 189 188 189 189 189 189 188 188 188 188 188 188 188 187 186 182 183 187 186 184 185 185 185 182 183 183 183 181 184 186 185 185 184 184 180 181 180 179 180 181 180 180 179 178 178 175 176 180 179 177 178 179 180 181 179 179 174 174 177 180 177
188 187 188 189 190 190 190 189 189 189 188 188 188 187 187 188 189 189 190 188 189 189 189 188 187 187 186 187 189 189 189 188 188 188 189 189 189 189 188 188 188 188 188 188 188 188 186 185 184 185 185 184 184 184 184 185 184 183 184 182 182 182 184 184 186 185 182 183 183 178 181 182 179 175 176 180 179 176 173 175 176 179 178 177 179 180 179 178 177 173 174 176 176 179
186 186 188 188 189 189 189 190 189 188 188 188 188 187 187 188 189 189 189 186 187 189 186 187 185 185 187 188 189 189 189 188 189 189 189 189 189 188 189 189 188 188 188 188 188 187 187 186 185 182 182 181 181 185 185 184 184 184 184 184 182 184 184 185 185 185 185 183 185 182 182 181 181 177 175 174 176 174 174 170 172 175 178 178 178 177 174 176 174 172 174 177 176 176
183 181 185 188 188 188 189 188 187 188 188 188 189 188 188 189 189 189 189 188 187 188 187 186 185 186 187 189 189 189 189 189 189 189 189 188 188 188 188 188 188 188 188 188 187 187 186 185 183 181 178 179 181 180 184 184 182 183 182 182 182 183 183 183 184 185 185 182 183 185 183 183 182 178 174 167 173 174 172 167 170 174 174 175 174 173 172 172 171 173 175 176 175 174
180 183 184 186 188 188 188 187 187 188 187 188 189 189 189 189 189 189 188 187 187 187 185 186 185 186 188 188 189 189 189 189 189 189 189 188 188 188 188 188 188 188 188 187 186 187 185 184 182 182 180 178 179 177 181 184 183 182 178 176 179 179 179 180 179 181 180 180 180 182 184 183 179 180 174 171 177 175 172 162 170 173 175 173 172 168 168 170 171 174 176 175 172 170
181 183 185 186 188 187 188 187 187 188 188 187 187 188 189 189 189 189 188 188 188 186 185 185 184 186 188 188 189 189 189 189 189 189 188 186 188 188 188 188 188 188 188 187 187 187 185 184 184 183 182 180 178 175 181 183 181 179 173 172 172 179 177 177 178 183 178 176 178 182 184 184 183 181 178 179 179 174 172 169 174 175 176 174 172 169 167 171 173 174 176 174 170 170
185 185 186 187 187 188 187 187 188 188 187 187 187 188 188 189 187 188 188 186 186 185 185 185 184 187 188 189 189 189 189 189 189 188 188 188 189 188 188 188 188 188 188 187 187 186 187 186 185 180 184 179 178 179 182 182 180 174 170 170 169 175 177 175 178 175 176 169 179 182 183 182 183 184 182 182 179 178 177 175 177 177 177 177 175 172 171 171 171 173 174 172 170 169
186 187 187 187 188 188 188 187 188 188 187 185 188 188 189 189 188 187 188 187 188 186 185 185 185 187 189 189 189 189 189 188 189 189 189 188 188 188 188 188 188 188 187 185 184 183 179 182 185 180 182 184 183 181 178 180 178 174 172 168 170 172 170 170 176 171 175 173 178 181 180 177 177 179 182 183 180 181 182 180 180 179 179 176 176 174 170 170 171 174 174 170 170 169
187 187 188 188 188 188 188 189 189 187 187 188 188 188 189 189 189 189 188 188 188 188 188 186 186 189 189 189 189 189 189 189 188 188 189 189 189 188 188 188 188 187 187 185 185 183 179 180 184 182 182 183 183 182 179 181 178 173 166 163 168 166 169 169 169 172 169 174 172 173 174 173 164 175 180 183 182 179 178 177 177 177 176 174 169 169 170 173 174 174 173 171 170 169
188 188 188 188 188 188 189 189 189 187 188 188 189 189 189 189 189 188 189 189 189 189 189 188 188 187 185 186 189 189 189 189 189 189 189 189 189 188 188 188 187 187 187 186 186 184 182 181 183 182 182 182 184 182 181 180 177 174 169 164 164 167 166 165 164 170 171 174 169 167 165 163 166 176 182 181 179 182 177 176 174 171 175 174 174 171 171 171 171 171 173 171 170 170
189 189 189 188 189 188 188 189 188 188 189 189 189 189 189 190 190 190 189 188 188 189 189 188 185 183 183 185 188 189 188 189 188 188 189 189 188 188 188 187 187 187 186 185 183 180 176 180 179 181 182 182 184 183 181 179 179 173 166 165 170 166 159 163 164 172 166 165 158 159 164 171 176 180 181 181 177 178 181 180 178 172 174 174 173 173 175 171 169 170 174 171 171 173
188 189 189 189 189 188 189 189 189 189 189 189 189 189 189 189 189 189 188 188 189 189 189 188 185 182 185 184 187 188 188 188 188 188 188 188 188 187 187 187 187 186 185 184 179 181 181 182 180 177 179 181 184 182 181 181 178 174 169 169 175 167 163 165 169 168 169 166 159 158 167 174 176 177 178 181 177 177 176 175 172 173 172 172 175 174 175 173 174 175 176 175 177 178
189 189 189 189 188 189 189 189 189 189 189 189 189 189 188 189 189 188 188 189 189 189 189 189 186 185 185 184 185 187 186 187 188 188 188 188 187 187 187 187 187 186 184 183 183 182 184 183 182 181 179 178 182 184 183 184 181 181 178 178 176 170 160 154 159 163 165 160 158 163 170 167 170 175 177 175 174 172 171 170 170 171 170 171 172 172 172 175 175 177 179 178 179 180
188 189 189 189 188 189 189 189 189 189 190 190 189 187 187 187 186 187 188 189 189 189 188 188 187 187 184 184 185 185 186 187 187 187 187 188 188 187 187 187 185 185 185 184 184 185 184 185 183 184 182 180 184 183 185 180 174 172 179 176 171 166 160 151 150 150 153 156 161 166 169 171 173 173 173 170 169 169 171 169 170 171 169 170 172 173 172 172 178 180 180 180 180 178
189 189 189 188 188 188 189 189 189 189 189 189 187 186 187 187 186 187 187 189 189 188 188 188 187 185 184 184 184 185 185 186 187 187 186 186 186 188 188 187 186 186 185 186 186 185 184 185 185 185 185 183 185 185 182 178 170 168 171 170 174 170 168 169 167 167 165 160 157 161 162 167 172 170 167 167 171 169 169 172 172 173 174 173 173 174 174 173 177 180 181 180 179 176
189 189 189 189 188 189 189 189 189 189 189 189 189 188 188 187 188 189 189 189 189 188 188 188 187 184 183 183 184 184 184 186 187 186 187 187 187 187 187 187 187 187 186 186 186 185 185 185 184 185 185 185 185 185 184 175 170 171 173 173 171 174 167 173 172 168 161 157 159 157 159 160 169 170 170 170 169 166 169 168 166 170 170 172 174 174 170 176 180 181 179 179 178 179
187 188 189 189 189 189 189 189 189 189 188 187 189 188 187 187 188 189 189 188 188 186 186 186 186 185 184 184 185 186 184 185 186 185 185 186 186 186 186 186 185 183 186 186 185 185 185 183 181 184 186 185 184 184 179 174 180 182 182 179 174 178 176 174 170 163 158 155 152 152 158 162 169 170 169 170 167 164 168 169 166 164 168 167 173 176 172 180 181 180 177 177 178 178
188 188 189 189 189 189 189 189 189 188 188 187 188 189 187 187 188 188 189 189 188 186 186 186 185 184 184 185 186 187 184 184 186 185 185 186 185 185 185 185 184 184 185 183 184 183 183 185 184 184 185 186 185 184 183 182 183 184 182 182 182 178 171 166 163 157 160 160 155 154 159 165 170 169 168 170 168 167 165 167 165 162 168 168 171 177 181 179 177 177 177 179 174 174
187 188 188 189 189 189 189 189 189 188 188 187 188 189 188 188 189 190 189 188 188 188 186 186 185 184 183 186 187 187 186 185 184 184 185 184 186 185 184 185 184 183 182 181 182 184 184 185 185 185 184 185 184 185 185 183 183 184 181 178 181 180 174 167 164 163 161 159 154 154 155 169 169 167 168 169 167 169 165 166 166 165 164 166 177 177 181 177 174 176 176 178 174 173
188 188 188 188 189 189 189 189 189 188 188 188 189 189 189 188 189 190 189 188 188 187 187 185 185 183 186 187 187 186 185 185 186 186 186 186 184 183 182 183 182 185 183 182 183 181 183 186 184 186 186 186 185 184 181 174 178 183 180 177 180 179 176 168 170 163 163 159 160 163 168 168 166 168 170 166 162 166 166 164 165 163 159 171 178 182 176 173 172 170 168 176 174 171
188 188 188 188 188 189 189 189 189 188 189 189 189 189 189 189 189 189 188 188 187 187 186 183 185 186 187 187 186 186 184 184 185 187 186 185 184 185 185 183 185 183 179 180 180 181 184 184 183 186 186 185 185 184 178 171 176 182 181 179 178 177 171 172 167 166 163 156 157 161 166 165 168 169 170 167 163 166 165 168 167 163 166 172 181 177 176 169 169 165 167 171 175 172
188 188 187 187 189 189 189 189 189 188 189 189 189 189 189 188 188 189 187 187 187 186 185 183 185 187 187 188 187 186 183 180 185 186 187 187 186 187 184 185 182 179 181 183 182 183 184 183 183 186 180 186 186 185 182 169 175 175 175 180 180 176 174 173 169 163 156 161 168 168 166 167 170 170 170 167 161 159 164 166 163 169 170 176 182 173 168 166 162 163 167 172 169 171
188 187 187 188 188 189 188 188 189 189 189 189 188 189 189 189 189 189 188 188 187 185 183 183 186 187 188 188 187 186 185 185 184 186 187 187 183 183 182 181 181 183 183 184 181 181 180 183 185 186 186 186 186 186 184 179 170 171 176 179 180 178 176 173 168 170 168 165 163 164 168 168 170 170 168 166 159 160 165 162 158 167 176 181 176 175 167 165 162 161 166 167 165 168
