sesion_6_simulaciones/modelos_distribucion_especies/ejemplo/variables/futuro_A2/2010/TMNV.asc
ncols 708
nrows 329
xllcorner -7.525000
yllcorner 35.991667
cellsize 0.008333
NODATA_value -9999
[rows 123 to 163 of 329, columns 282 to 375 of 708]
190 190 190 190 190 189 190 189 189 189 188 188 188 188 188 188 188 188 188 188 187 188 188 188 188 187 187 187 187 186 186 185 185 184 184 184 184 184 184 183 183 182 181 182 181 181 181 180 181 181 180 180 182 182 182 183 182 183 183 183 183 182 183 182 182 181 182 182 181 180 181 180 180 179 178 176 178 177 179 179 177 177 176 176 177 175 176 176 174 176 175 174 173 173
190 189 189 189 189 189 189 189 189 189 188 188 188 188 188 188 187 188 188 188 188 188 188 188 188 188 187 186 186 186 185 185 185 185 185 184 184 184 184 184 184 183 183 182 182 182 181 180 181 181 182 181 182 182 182 181 180 182 182 183 182 182 182 182 181 180 182 182 182 181 180 179 178 179 177 176 177 176 178 179 179 179 179 177 177 177 177 176 177 176 176 174 174 173
189 189 189 189 189 189 189 189 189 188 188 188 188 188 188 188 188 188 188 187 187 187 188 187 187 187 187 187 187 187 187 186 186 185 185 185 185 184 183 183 183 183 183 182 181 181 180 181 180 182 182 182 183 182 182 182 182 182 181 182 182 182 182 182 180 181 182 181 181 181 180 180 179 178 176 177 177 176 178 178 179 179 179 179 179 179 178 178 178 177 177 177 176 176
189 189 189 189 189 188 188 188 189 188 188 188 188 188 188 187 187 187 188 187 187 187 187 188 187 187 187 186 186 187 187 186 186 185 185 184 184 184 183 183 183 182 182 182 183 182 181 180 180 181 182 182 182 181 181 182 182 181 181 182 182 182 183 182 181 182 182 181 181 181 180 178 176 176 175 175 176 176 177 178 178 177 176 179 178 178 177 178 178 178 178 178 177 177
189 189 189 189 188 188 188 188 188 188 188 188 188 188 188 188 187 187 187 187 187 187 187 187 187 187 187 186 186 186 186 186 186 185 185 184 184 184 184 183 183 183 183 182 182 182 181 180 181 182 182 182 180 180 180 180 180 181 182 182 182 182 182 182 182 182 182 182 181 181 181 180 179 177 178 177 177 177 178 178 177 176 177 176 177 177 177 178 178 178 178 178 178 178
190 189 189 188 188 188 189 188 188 188 188 188 188 188 188 188 187 187 187 187 187 187 187 187 187 187 186 186 186 186 185 185 185 185 185 184 183 183 184 183 184 183 183 183 182 182 182 182 181 183 182 182 179 179 179 179 180 181 182 181 181 181 182 182 183 182 182 182 181 180 180 180 179 179 179 178 177 177 176 176 176 177 176 175 175 175 176 176 176 177 177 177 177 178
190 190 190 189 189 190 189 188 188 188 188 188 188 188 188 188 188 187 187 187 187 187 187 187 187 187 187 187 186 186 186 185 185 185 184 184 183 183 183 183 183 182 182 182 183 183 183 183 184 183 183 182 181 179 178 179 179 179 180 181 181 182 182 183 183 182 182 182 181 180 180 179 179 179 178 178 177 176 176 176 174 175 175 175 172 173 175 176 175 176 177 177 177 177
191 191 190 190 189 190 189 189 188 189 188 188 188 188 188 188 187 187 187 187 187 187 187 187 187 186 187 186 186 186 186 185 184 184 184 183 183 183 182 183 183 183 182 183 184 184 183 183 184 184 183 182 181 180 178 178 178 178 180 180 181 182 182 181 182 182 182 182 182 181 181 180 179 179 179 178 177 177 176 175 175 174 174 173 173 171 174 174 175 175 177 176 178 176
191 191 191 191 191 190 190 189 189 188 188 188 188 188 187 187 187 187 187 187 187 187 187 187 187 186 186 186 186 186 185 185 184 184 183 183 183 183 182 182 182 182 182 182 184 184 184 184 184 184 184 183 181 180 179 178 178 178 179 179 181 181 182 183 181 182 181 182 181 180 181 179 179 179 179 178 178 178 177 176 176 175 175 174 173 172 173 172 175 175 176 177 176 175
191 191 191 191 191 190 190 190 189 189 189 188 188 188 188 187 187 187 187 187 187 187 187 187 186 186 186 186 186 186 186 185 184 184 184 183 183 183 183 183 184 184 183 182 184 185 184 185 184 184 183 182 182 180 179 178 178 178 180 181 181 182 182 182 182 182 182 182 182 181 180 180 179 179 179 178 178 177 177 177 176 175 173 173 174 173 172 172 174 176 177 175 175 175
190 189 191 191 191 191 191 190 190 189 189 188 189 189 188 188 187 187 187 187 187 187 187 186 186 186 186 186 186 186 186 185 185 184 184 184 184 184 184 184 185 184 184 183 183 184 185 185 184 184 183 183 182 181 179 178 178 178 180 181 180 180 179 181 182 181 181 181 181 181 181 180 179 180 179 179 178 178 177 177 176 175 174 173 172 172 172 175 176 176 176 175 174 175
188 190 190 190 190 191 190 190 190 190 189 189 189 188 188 187 187 187 187 187 187 187 187 186 186 186 186 185 185 185 185 185 185 185 185 185 185 184 184 185 185 185 184 184 184 185 185 185 184 184 183 182 182 181 180 179 179 179 179 179 178 179 180 181 181 181 181 181 181 180 180 180 180 180 179 179 179 178 177 177 176 175 174 171 171 171 174 176 175 175 176 175 174 173
188 190 189 190 190 190 190 190 190 190 190 190 189 188 189 188 187 187 187 187 187 187 187 186 186 186 185 185 185 185 185 186 186 185 185 186 186 186 185 185 186 185 185 185 186 186 186 185 185 184 182 180 180 181 180 180 181 180 179 179 179 179 180 180 180 180 181 180 180 179 180 180 179 179 179 178 178 178 177 177 176 176 174 172 172 171 174 174 174 176 177 175 174 173
188 189 189 188 190 190 190 190 190 190 190 190 190 189 188 188 187 187 187 187 187 187 186 186 186 186 185 185 186 186 186 186 186 186 186 186 186 185 186 186 185 186 186 186 186 184 186 185 184 184 183 181 180 182 183 182 183 182 180 179 178 179 179 181 180 179 179 179 179 179 179 180 178 179 178 177 177 177 176 175 175 176 176 175 174 172 172 173 175 176 175 177 175 174
188 188 188 188 188 188 190 189 190 190 190 190 189 189 189 189 188 187 187 187 187 187 186 186 186 186 186 186 187 186 186 187 187 187 187 187 187 186 187 186 185 186 186 186 185 185 186 186 185 185 184 183 181 183 182 184 183 182 180 180 179 179 179 179 178 179 179 179 178 177 178 178 177 177 177 176 175 175 174 171 174 174 174 174 175 175 174 172 174 174 175 174 175 176
188 188 188 188 188 188 189 188 190 190 190 190 190 189 188 189 188 187 187 187 187 187 186 186 185 185 186 186 187 187 187 187 187 187 187 187 187 187 187 187 187 187 187 186 186 186 186 186 185 185 183 183 184 184 183 184 184 183 183 181 180 179 178 178 179 178 178 178 178 177 176 177 176 175 174 173 171 175 172 168 170 171 172 171 173 174 174 172 172 171 173 172 170 173
188 188 188 188 188 188 188 189 189 189 190 190 190 188 189 188 188 187 187 187 187 186 186 187 185 185 186 186 188 187 188 188 187 187 188 187 188 187 185 185 185 187 186 186 186 186 186 186 186 184 184 184 185 185 185 184 183 184 184 182 181 181 179 179 179 179 179 179 178 176 176 176 175 173 171 171 171 171 172 169 165 167 169 169 171 171 173 173 172 173 171 172 170 172
188 188 188 188 188 188 188 188 189 188 190 190 190 188 188 188 188 188 187 188 187 186 187 187 186 186 186 187 187 188 188 188 188 188 188 188 188 187 187 184 184 186 186 186 186 185 186 186 186 186 185 185 185 185 185 182 182 184 184 183 181 180 180 180 180 179 179 180 179 177 177 175 174 173 174 173 172 170 169 169 169 169 167 165 168 167 170 172 171 171 171 171 172 174
188 188 188 188 188 188 188 188 188 188 190 190 190 189 188 188 188 188 188 188 188 188 187 187 187 187 187 187 188 188 188 188 188 188 186 188 187 187 186 186 185 184 186 185 184 184 186 186 185 186 185 185 185 185 185 185 183 184 183 183 182 181 181 181 181 180 181 180 179 178 178 177 176 174 175 173 172 171 172 172 170 170 167 170 171 172 171 169 168 166 167 170 171 172
188 188 188 188 188 188 188 188 189 189 190 190 190 189 188 188 187 188 189 189 188 188 188 188 188 188 187 187 187 188 188 188 188 188 188 188 188 187 187 186 185 185 185 185 185 185 185 186 185 185 184 183 185 185 182 180 182 181 181 182 182 182 182 182 181 182 181 180 179 179 178 177 177 175 174 173 175 175 175 173 172 171 171 172 173 174 172 172 171 171 171 171 172 171
188 188 188 188 188 188 188 188 188 189 190 190 190 189 188 187 187 188 189 189 188 188 188 188 188 188 188 188 188 188 188 188 188 188 187 188 188 187 185 186 186 186 186 185 185 184 184 183 184 185 183 182 183 183 183 182 182 181 181 182 181 181 183 182 183 182 182 182 180 179 179 178 177 176 176 175 176 174 172 171 173 171 172 173 173 173 174 174 172 172 172 173 173 171
188 188 188 188 188 188 187 188 188 189 190 190 190 189 188 188 188 189 189 189 189 188 188 188 188 188 188 188 188 188 188 187 188 188 187 187 188 187 187 187 186 186 185 186 184 184 183 183 184 184 183 182 183 184 184 183 183 182 182 183 182 183 182 182 182 181 182 182 182 180 180 178 177 177 177 177 176 174 173 173 174 172 173 173 174 175 175 174 174 173 173 173 171 170
188 188 188 188 188 188 188 188 188 188 189 190 190 190 189 189 190 190 189 189 189 189 189 189 189 189 189 189 189 188 188 187 187 186 187 187 187 188 187 186 187 185 186 185 185 184 184 184 183 183 184 184 183 184 184 184 184 183 184 183 183 181 181 180 181 180 181 181 181 181 180 179 179 178 178 177 177 175 175 175 175 174 174 174 175 175 176 175 174 173 172 172 170 166
187 187 187 187 187 187 188 188 188 188 189 189 190 190 190 190 190 190 189 189 189 188 189 189 188 187 186 187 189 189 189 188 188 187 187 188 188 188 187 187 186 187 186 186 185 185 184 184 184 184 184 185 184 185 184 183 183 183 183 182 181 180 180 179 179 179 180 180 181 182 181 181 179 179 178 177 177 176 177 176 177 176 176 176 176 176 175 175 172 172 172 172 170 163
187 187 187 187 187 188 188 188 188 189 189 190 189 190 190 190 190 189 189 189 188 187 187 189 188 187 187 188 189 189 187 188 188 188 188 188 187 188 187 187 187 187 186 186 185 185 185 184 185 185 185 185 185 185 184 183 181 181 182 181 181 181 180 180 179 179 180 181 182 181 180 180 180 179 178 178 177 178 177 177 177 177 177 176 176 176 176 175 174 174 173 171 169 164
188 187 187 186 187 189 189 189 189 189 190 189 189 189 190 189 190 189 188 188 188 188 188 187 188 188 188 188 188 188 189 189 188 187 188 187 187 187 188 187 187 186 185 185 185 185 185 186 186 185 186 185 185 184 183 183 181 181 182 180 181 180 180 179 179 180 181 182 182 182 181 181 181 180 179 179 178 178 178 178 178 178 178 177 177 177 176 174 173 173 172 171 169 163
187 187 187 187 187 188 189 190 190 190 190 189 189 189 189 189 189 190 189 189 189 189 188 188 188 189 189 187 188 188 189 189 189 188 187 188 187 186 186 188 187 187 185 186 185 186 186 186 185 184 184 185 185 184 184 184 183 182 182 181 181 180 179 177 179 181 182 181 181 182 181 181 181 181 180 180 180 178 179 178 177 178 177 177 177 176 176 173 174 172 171 169 166 161
187 187 187 187 188 187 187 189 189 190 189 189 189 189 190 189 189 189 189 190 189 189 189 189 189 189 188 188 188 188 188 189 188 188 188 187 187 185 187 186 185 187 186 187 187 186 186 186 184 183 183 184 184 183 184 184 183 183 182 181 180 180 179 179 180 181 181 181 180 182 182 181 181 181 181 181 180 179 179 179 179 179 178 178 177 175 176 174 175 174 172 169 167 165
186 186 186 187 187 187 188 189 189 189 189 189 189 189 189 189 189 189 189 190 189 189 189 189 188 188 187 186 185 187 189 189 189 188 188 187 187 187 188 187 186 187 187 186 185 186 186 186 185 185 185 184 183 183 183 182 182 182 182 181 181 180 180 181 181 182 181 181 181 181 180 181 181 181 181 180 180 180 178 178 178 178 179 178 178 177 177 176 176 175 173 171 168 168
185 186 186 186 186 186 187 188 189 188 187 188 187 189 189 189 189 189 189 189 188 188 189 189 189 188 187 186 186 188 187 188 189 189 188 187 187 188 188 187 187 186 185 185 185 185 186 185 185 185 185 183 184 183 183 183 182 182 181 181 181 180 181 181 181 181 181 181 180 180 180 180 180 181 181 181 180 180 180 180 178 178 177 177 178 177 178 176 176 176 174 171 169 171
185 185 186 186 187 186 187 187 189 188 186 186 186 189 189 189 189 189 189 189 189 189 188 188 188 188 188 188 188 189 189 188 188 189 189 188 189 187 187 187 186 185 186 185 185 185 185 185 185 185 185 184 183 182 182 182 182 182 182 182 182 181 181 181 181 181 181 180 180 180 180 180 180 180 180 180 180 180 180 178 178 177 177 176 176 176 176 177 176 175 174 173 172 172
185 186 186 186 187 188 188 188 187 187 187 187 187 188 189 189 189 189 189 189 189 189 189 187 188 188 188 186 187 188 188 187 187 188 188 188 188 188 187 187 186 187 187 186 185 185 185 185 185 185 184 184 183 183 183 182 182 182 182 182 181 181 181 181 180 180 180 179 179 179 179 179 178 179 179 179 179 179 178 177 176 176 176 176 176 176 175 175 176 175 174 172 169 170
185 187 188 187 187 188 188 188 188 188 188 188 189 188 189 189 189 189 189 188 188 188 188 188 188 188 188 188 186 186 186 188 188 188 189 188 187 186 186 187 187 187 187 187 186 185 185 185 185 184 184 184 183 183 183 183 182 182 182 182 182 182 182 181 181 180 179 180 180 180 179 178 178 178 178 179 178 178 177 174 173 172 174 176 175 174 172 175 175 175 173 173 171 170
186 187 188 188 188 188 188 188 188 188 188 189 189 189 189 189 189 189 188 189 188 188 188 188 188 188 188 188 188 188 188 188 188 188 189 188 187 187 186 188 188 187 187 187 187 186 185 185 185 185 184 184 183 183 183 183 183 182 182 182 183 182 182 182 181 181 180 180 181 181 180 180 179 179 179 179 179 179 178 174 176 175 175 176 176 175 174 174 175 174 173 172 168 168
188 188 188 188 189 189 189 189 189 189 189 189 189 189 189 189 189 189 189 188 188 187 186 187 187 188 188 187 187 188 187 188 188 187 188 189 188 188 188 188 188 188 187 187 187 186 186 186 186 185 185 184 184 184 183 183 182 183 183 183 183 183 183 182 182 182 181 182 182 181 181 181 180 181 180 180 179 179 179 178 177 177 177 177 176 176 175 175 172 174 173 173 170 170
188 188 189 189 189 189 189 189 189 189 189 189 189 189 189 189 188 189 189 188 188 188 188 188 188 188 188 187 187 187 187 186 187 186 188 187 188 189 188 188 186 188 187 188 187 187 187 187 186 186 185 185 185 185 184 183 183 184 184 184 184 184 184 183 183 183 183 183 183 182 182 181 181 181 180 180 178 178 178 179 178 178 178 177 177 177 176 176 174 173 172 171 167 169
189 189 189 189 189 189 189 189 188 189 188 188 188 189 189 189 188 189 189 189 188 189 188 188 187 188 187 187 187 187 186 186 187 188 188 188 188 188 187 187 186 186 187 187 188 188 188 188 187 186 186 186 185 185 185 184 184 184 184 184 184 184 183 184 184 184 184 184 182 181 181 181 180 180 181 180 179 180 179 178 177 177 176 176 176 175 176 175 173 172 172 172 171 172
189 189 189 189 189 189 189 188 189 189 188 188 188 188 189 189 189 189 189 188 188 188 188 188 187 186 186 186 185 186 186 187 188 188 187 187 187 186 186 186 185 186 186 186 186 186 187 188 187 186 186 186 184 183 185 185 184 184 184 184 184 184 184 185 184 182 183 182 183 183 183 182 182 181 180 179 179 179 179 178 177 175 173 174 174 173 174 172 172 174 169 171 172 172
189 189 189 189 189 189 189 189 189 188 188 188 188 188 188 188 188 188 188 188 188 188 187 188 187 187 186 186 186 186 187 187 187 187 187 187 187 187 186 185 185 185 186 186 186 186 186 188 186 187 187 186 184 184 183 184 183 182 184 185 185 184 184 184 184 183 183 182 181 182 182 181 180 181 180 179 177 178 178 177 177 175 172 171 170 170 171 172 174 172 171 173 171 172
189 189 189 189 189 189 189 189 188 188 187 187 187 188 188 188 188 188 188 188 188 188 188 188 188 187 187 187 186 186 187 186 187 186 186 186 187 186 187 185 185 185 185 185 186 186 186 188 188 187 188 186 186 184 182 181 180 181 184 185 185 185 184 183 184 183 182 183 183 183 183 183 182 182 180 180 179 177 177 177 177 176 173 173 171 170 174 175 174 172 173 175 173 173
189 189 189 189 189 189 189 189 188 188 188 187 187 187 187 187 187 187 188 188 188 188 188 188 188 187 187 186 186 186 186 186 187 186 186 186 186 186 186 186 186 186 185 184 186 186 186 186 186 187 188 186 184 185 183 181 183 184 185 186 186 184 184 185 184 183 184 184 185 184 183 184 184 183 182 181 180 178 176 175 176 176 175 173 174 175 175 176 174 174 175 173 174 176
