sesion_6_simulaciones/modelos_distribucion_especies/ejemplo/variables/futuro_A2/2010/TMXI.asc
ncols 708
nrows 329
xllcorner -7.525000
yllcorner 35.991667
cellsize 0.008333
NODATA_value -9999
[rows 168 to 209 of 329, columns 475 to 569 of 708]
106 99 74 97 89 64 54 58 48 53 77 77 75 88 89 82 76 76 72 80 85 82 92 91 87 86 92 90 97 100 99 100 101 102 104 104 106 108 115 112 120 111 114 114 110 111 112 112 113 114 113 110 106 102 105 103 102 98 100 104 99 97 97 96 94 88 93 85 80 72 74 68 71 70 76 69 71 70 63 79 82 72 69 67 61 50 44 40 44 61 68 69 87 87 79
102 86 79 72 60 79 77 75 66 74 80 63 82 91 93 76 91 99 94 99 101 97 95 82 90 95 97 96 97 98 99 101 102 102 102 105 104 111 110 114 105 109 111 113 111 109 105 109 111 111 113 112 110 112 99 110 103 105 99 101 98 95 96 96 92 93 90 78 74 62 73 70 74 76 69 72 68 64 58 62 61 71 75 66 53 59 55 56 67 70 68 79 78 67 71
100 92 71 82 87 84 90 80 67 67 63 72 96 82 86 97 99 84 103 90 75 84 99 97 102 98 108 103 100 99 102 104 103 105 116 122 118 96 109 109 107 104 112 112 113 110 108 104 109 111 112 112 110 111 106 105 104 103 99 100 99 98 94 96 95 92 92 89 84 79 74 79 70 71 76 80 80 69 74 71 62 59 70 64 57 63 69 68 75 74 78 80 76 56 53
95 111 107 103 102 87 77 63 63 83 90 90 83 94 91 100 92 86 77 87 94 98 91 107 106 109 105 108 102 110 109 110 114 106 97 105 103 105 109 109 109 110 109 103 112 108 106 106 110 109 111 110 112 111 109 110 103 103 100 99 100 96 98 99 95 95 94 91 90 89 91 85 85 82 84 80 68 74 79 68 80 73 63 62 66 73 78 66 78 65 73 63 62 69 61
98 96 82 83 76 90 77 78 92 93 93 80 87 86 75 78 85 91 92 95 91 94 97 94 90 93 110 95 91 101 104 101 102 103 114 114 103 104 106 106 108 108 111 110 108 103 106 104 108 108 107 105 109 112 111 110 112 103 104 100 100 100 98 98 97 96 95 94 90 86 92 90 89 88 80 81 71 77 79 84 66 64 66 69 74 66 60 68 69 70 63 57 59 60 67
104 79 92 95 99 94 96 85 81 70 87 87 87 86 84 80 91 78 80 86 86 89 81 85 97 95 93 89 95 99 105 101 104 113 107 96 101 96 102 105 101 107 105 107 106 107 107 105 106 108 105 107 106 109 109 107 107 104 102 104 101 100 100 99 98 96 94 94 94 94 91 93 87 89 86 79 85 80 87 80 74 68 70 74 71 67 71 69 68 63 74 58 62 60 53
93 101 85 95 98 92 83 86 92 83 74 87 88 91 84 87 89 88 87 83 93 86 91 92 94 91 76 101 99 101 106 108 109 110 97 109 104 103 100 102 104 104 100 110 105 102 104 104 108 107 106 106 108 107 110 108 103 107 104 106 102 102 100 100 99 98 98 96 97 94 93 88 90 91 92 91 83 82 91 87 83 80 80 81 68 76 69 63 65 54 65 72 68 66 54
98 82 92 83 83 87 96 86 89 79 80 89 79 73 86 85 85 82 70 67 81 91 69 80 96 88 90 98 93 93 97 94 107 104 98 103 96 100 99 99 101 106 108 101 101 102 104 105 105 102 107 104 101 101 109 107 104 101 103 107 103 101 102 101 101 100 101 98 97 96 95 95 91 92 92 92 94 93 90 86 79 84 78 78 83 78 78 79 70 62 54 50 58 54 50
78 85 89 73 82 84 80 95 99 90 93 93 83 71 80 87 84 80 86 92 91 88 90 88 101 93 88 76 76 92 92 94 102 100 99 97 101 97 100 99 96 101 97 101 104 100 103 104 103 104 103 104 103 104 106 108 106 104 103 104 104 103 101 102 102 101 100 99 99 97 96 95 99 96 95 92 89 95 95 92 93 87 79 87 90 81 88 80 81 77 73 66 62 61 55
100 96 77 70 87 98 97 100 91 94 85 77 88 96 77 78 94 93 88 79 95 92 93 96 83 75 78 77 79 84 89 100 90 96 89 100 104 97 96 97 105 99 101 100 101 98 102 103 103 103 103 103 103 103 105 106 103 103 103 103 102 101 104 102 102 101 100 99 99 99 98 99 99 97 97 95 93 95 92 87 95 91 85 75 85 85 74 69 59 67 59 52 58 50 49
102 102 99 86 72 101 91 77 89 99 80 94 79 93 91 87 87 83 99 90 93 94 97 91 80 86 81 71 76 85 86 90 96 84 92 93 100 97 98 100 92 86 92 98 97 101 102 101 101 101 103 102 102 103 103 106 105 102 102 102 103 102 103 102 102 102 102 101 100 101 100 99 100 99 98 98 97 97 96 94 90 91 86 81 78 92 89 84 77 77 74 64 64 67 58
113 99 92 101 102 103 86 104 103 104 98 101 97 94 94 80 90 100 103 95 97 99 93 92 91 84 92 81 79 82 73 76 82 79 93 92 93 94 95 91 94 101 97 104 97 99 97 100 101 102 102 102 102 103 108 98 105 104 103 103 103 103 102 103 102 102 101 101 101 102 102 99 99 100 100 99 97 97 99 96 94 95 92 95 76 96 89 84 95 69 84 77 81 66 60
102 110 106 99 104 110 111 109 103 99 107 103 96 98 90 75 95 90 93 94 84 84 80 89 78 85 91 82 80 70 75 59 75 75 86 84 93 92 94 91 96 95 87 76 85 94 98 99 100 101 101 101 103 99 106 103 105 103 103 102 102 102 102 102 102 102 102 102 102 102 101 100 101 100 100 99 99 100 98 97 96 94 97 91 93 90 94 95 82 90 89 73 72 73 71
111 103 101 99 100 106 105 107 110 107 103 100 98 104 98 107 108 89 84 74 90 76 71 77 84 89 83 71 69 56 68 67 78 69 72 81 85 87 92 93 94 96 87 77 84 89 94 96 99 99 100 105 101 106 102 102 102 102 101 102 102 102 101 102 101 101 101 101 102 102 101 101 101 101 101 101 100 100 101 99 101 98 98 100 101 98 101 85 98 81 89 74 83 84 80
112 110 104 104 101 99 114 100 99 99 110 105 96 98 112 101 110 106 100 102 87 80 82 86 83 70 63 55 66 72 72 69 60 60 61 67 69 86 86 85 87 86 84 82 79 85 90 96 97 98 98 99 100 100 101 101 102 101 101 101 101 101 101 101 101 101 100 101 101 101 101 101 101 101 101 101 101 102 102 101 101 101 101 97 102 98 98 96 91 95 76 87 92 78 92
113 112 111 107 104 111 93 104 112 112 98 111 109 113 113 104 105 90 73 93 85 78 85 78 93 81 75 70 76 79 65 58 53 52 54 67 85 90 77 85 75 79 89 71 74 71 89 92 87 99 98 99 94 100 102 101 101 101 101 101 101 101 100 100 100 100 100 100 100 100 100 100 101 100 100 101 100 101 104 105 103 104 105 106 104 109 106 102 101 96 96 91 97 93 100
111 110 114 106 108 104 102 106 109 115 113 115 119 116 115 108 98 82 100 90 74 61 66 72 74 75 74 70 78 61 57 56 65 65 56 58 74 79 76 70 66 69 73 67 83 89 94 96 97 95 97 97 97 97 98 100 101 100 100 100 99 99 98 96 98 98 99 99 99 99 100 100 100 100 101 101 99 102 101 104 107 108 107 107 109 109 106 109 101 106 106 104 105 101 102
104 113 116 111 115 110 112 112 120 119 112 106 102 103 103 103 100 92 96 84 86 72 55 56 68 79 71 56 53 54 67 63 60 44 39 58 72 70 72 75 62 58 58 84 91 91 95 98 95 96 98 96 97 97 101 98 99 99 99 98 97 89 94 98 95 96 97 97 97 97 99 98 92 97 98 100 100 104 108 106 105 96 109 110 110 111 111 110 111 110 109 108 108 106 106
101 112 121 116 123 102 113 112 107 107 97 97 89 79 92 83 84 77 70 64 65 75 71 66 61 57 56 50 48 42 41 40 43 43 42 55 60 72 63 59 63 80 88 92 75 77 86 93 101 94 95 96 95 96 96 97 97 98 98 97 96 95 97 95 95 96 95 96 96 96 93 93 93 97 101 99 98 100 99 101 103 103 106 97 111 107 110 113 113 113 114 109 110 109 111
114 116 115 120 118 111 122 104 102 96 90 95 100 97 97 82 58 62 59 82 84 80 78 82 74 71 69 64 69 66 66 61 57 48 35 46 59 64 55 53 71 60 58 69 72 82 87 99 89 83 90 92 93 87 84 92 93 89 96 90 89 89 89 92 83 90 86 90 94 92 91 83 91 97 96 93 98 99 100 98 100 103 108 108 113 115 117 111 114 116 115 115 114 112 115
126 125 124 123 119 125 119 117 109 121 117 114 117 105 100 105 101 91 86 97 99 99 103 96 89 91 87 83 86 86 78 71 65 63 46 49 53 54 46 51 49 51 62 68 82 90 81 84 75 90 95 87 85 78 91 74 79 90 91 91 78 75 80 90 84 70 83 92 88 86 79 79 94 94 90 78 85 85 89 102 108 93 97 96 101 105 108 111 112 113 116 116 116 118 115
113 114 119 117 112 105 97 103 99 96 91 106 100 99 97 105 108 107 105 96 80 71 61 61 66 68 61 54 66 54 48 56 54 48 62 50 43 35 35 35 41 64 62 65 83 72 85 72 84 85 77 82 76 78 66 84 81 89 81 92 74 69 77 89 77 67 74 83 75 79 78 77 88 90 88 84 84 87 99 96 95 84 85 93 89 105 104 108 110 113 113 114 117 118 116
118 113 120 108 99 91 91 87 90 92 92 85 82 78 83 83 82 87 104 97 90 76 57 52 41 43 46 45 57 45 41 37 41 38 43 49 32 21 26 37 40 55 63 63 67 75 67 65 72 75 66 73 76 66 65 83 82 80 84 86 75 64 69 84 91 67 72 77 64 59 70 74 83 85 87 66 67 78 91 92 77 75 81 77 85 89 96 101 108 109 110 113 114 112 113
123 121 116 114 110 116 106 101 75 83 90 80 77 69 86 74 68 72 78 83 91 96 95 84 73 72 75 51 34 31 32 33 31 29 30 35 25 21 28 36 56 57 71 56 67 78 66 55 66 69 65 71 67 56 67 78 67 70 77 80 74 60 58 75 74 78 59 77 62 59 77 84 86 79 67 62 69 82 85 73 78 82 85 76 81 93 85 89 102 101 107 109 111 122 111
112 109 104 113 119 116 110 81 74 63 79 88 83 72 73 56 54 55 62 64 80 83 67 77 89 85 83 73 58 60 53 47 36 22 24 28 16 2 19 27 42 43 45 59 70 64 67 49 65 60 59 69 58 53 62 56 59 61 72 77 59 56 52 51 58 68 52 60 65 51 52 69 77 62 65 77 69 77 87 69 61 69 61 75 93 81 97 91 98 91 89 95 103 97 99
113 108 105 107 104 95 85 90 105 101 99 85 87 69 66 48 42 44 43 49 53 67 69 49 61 66 86 54 52 49 42 36 43 22 3 10 2 2 22 33 26 32 50 57 56 62 50 51 63 53 52 58 65 52 54 51 58 74 70 75 61 48 48 52 49 53 50 56 52 56 60 63 73 78 67 75 89 86 73 88 78 68 67 77 68 68 79 81 105 102 109 94 94 101 95
113 108 105 108 95 79 72 75 79 58 81 81 91 83 77 68 62 53 41 34 43 45 55 47 43 55 74 71 56 29 29 24 25 25 3 6 11 -8 4 8 20 29 41 44 46 43 37 39 41 42 50 46 55 35 43 49 52 53 48 63 55 57 46 49 54 50 39 52 43 62 51 58 53 62 53 69 66 66 69 64 59 59 68 61 63 78 88 81 82 96 92 88 84 88 87
105 103 100 95 95 86 66 63 69 73 73 80 74 87 87 70 66 64 58 43 21 34 40 41 38 51 67 61 60 55 28 15 -2 -6 -1 6 11 -5 3 17 11 18 24 33 32 33 29 35 27 27 29 32 32 32 27 27 32 35 34 46 43 38 45 38 50 56 47 31 34 38 36 37 44 44 51 55 59 57 59 60 59 55 56 61 77 81 67 80 82 85 79 78 74 72 86
104 105 95 94 99 92 75 72 64 67 65 78 58 63 61 63 53 49 46 58 49 36 31 33 35 45 50 47 60 67 53 29 21 4 10 27 13 4 5 27 22 16 4 9 12 10 14 17 16 13 25 33 24 9 11 29 47 33 19 19 19 19 37 61 62 62 53 37 29 29 27 42 47 48 45 37 34 35 42 33 35 32 33 57 53 63 64 69 58 68 65 66 59 64 70
106 100 92 98 85 103 94 85 89 78 89 76 66 55 48 52 52 37 33 37 42 30 19 24 24 47 27 30 55 60 52 37 18 4 19 31 24 19 21 24 24 21 15 11 18 17 29 30 26 36 35 44 37 26 32 38 44 39 32 27 48 50 35 38 53 67 54 45 48 49 44 44 65 60 60 54 42 46 38 46 41 44 49 26 33 38 44 44 43 49 44 53 59 66 79
91 96 83 105 101 93 87 86 83 65 60 66 49 53 34 31 30 33 27 28 20 26 16 15 22 29 17 33 43 45 25 18 7 10 -2 28 42 34 43 41 25 20 11 22 18 27 22 39 26 36 44 48 42 33 33 48 54 55 47 37 45 58 56 43 59 74 54 54 55 64 51 59 64 71 65 58 52 50 60 51 51 54 57 53 46 42 45 42 47 52 58 61 50 58 61
113 105 118 104 84 90 103 99 88 79 64 59 71 50 44 41 35 38 36 30 8 20 12 -3 16 10 8 34 17 27 19 -12 9 2 32 37 29 59 55 41 26 10 24 19 34 29 36 41 26 28 45 57 50 39 43 59 53 71 50 49 44 53 65 55 51 65 73 62 71 61 54 57 54 74 68 62 52 57 69 66 52 63 73 70 55 50 47 58 52 60 76 76 74 74 73
107 94 87 83 93 67 77 73 76 72 71 51 50 46 38 38 30 18 31 41 33 25 3 -8 -4 7 8 9 2 5 -1 10 -1 1 10 11 32 36 60 42 30 20 23 34 35 34 46 31 36 38 39 45 60 45 59 60 65 69 65 65 58 42 61 69 57 70 76 71 78 59 54 59 75 77 80 72 60 54 61 73 67 73 76 73 59 65 58 60 69 67 75 73 83 84 87
94 99 99 76 69 67 57 50 55 67 53 50 44 37 46 49 41 14 23 20 18 13 4 -7 6 15 10 13 6 4 -29 -6 14 11 30 36 48 51 59 51 39 30 31 36 46 58 60 47 44 41 44 52 66 56 60 65 67 82 77 73 61 58 61 81 70 74 83 86 80 72 64 58 61 74 90 81 65 64 71 83 78 82 84 75 72 75 68 69 63 70 62 67 67 72 77
88 75 97 97 88 71 81 82 76 67 62 68 72 50 39 27 27 17 4 6 -4 -9 6 6 29 11 15 13 19 9 -10 -3 8 27 35 49 60 52 72 48 42 40 40 53 56 75 59 51 51 57 55 70 74 57 63 73 66 71 85 82 69 66 60 78 82 78 78 97 88 80 71 71 75 76 95 79 72 73 77 82 89 94 77 67 67 77 75 65 67 64 76 76 81 83 88
78 98 106 91 104 104 101 99 95 87 61 60 65 32 32 29 14 13 -2 16 19 28 23 26 -4 22 17 28 29 19 14 5 12 28 30 41 50 75 68 57 40 34 52 56 60 69 68 62 59 72 68 79 60 57 53 79 72 76 92 85 77 76 74 72 77 90 83 91 95 87 80 77 82 88 97 83 76 83 82 93 99 91 83 70 78 80 81 83 87 84 73 75 80 86 92
94 101 99 74 73 78 75 78 74 51 50 46 40 34 24 17 4 -0 28 6 17 37 43 43 35 17 38 36 43 36 22 15 22 29 44 48 64 73 66 50 35 44 59 65 65 74 72 57 66 70 78 80 56 63 68 78 82 79 95 99 90 83 84 86 92 96 88 98 104 89 85 86 90 97 100 94 90 93 83 89 94 99 91 74 79 92 90 78 92 89 95 94 92 92 89
113 115 90 78 69 80 73 60 59 52 36 29 25 18 13 6 24 18 9 8 28 29 42 58 47 38 54 56 52 40 29 21 31 38 51 63 70 80 57 49 37 51 61 75 66 78 58 64 71 78 87 68 70 73 74 84 99 80 97 104 96 90 88 93 97 103 99 101 106 100 94 95 97 100 112 105 92 87 97 90 96 109 81 79 99 98 96 84 92 101 105 94 98 114 107
124 120 113 86 79 79 67 63 63 51 62 54 42 30 13 14 32 15 16 23 26 31 59 63 58 52 58 68 45 38 26 21 41 63 68 75 72 76 50 34 40 50 59 69 84 68 54 68 76 86 88 74 77 81 84 93 98 101 98 108 103 105 102 102 102 114 108 116 110 102 102 101 103 107 113 113 107 101 97 97 104 106 96 108 92 107 104 104 107 112 113 108 109 120 119
116 111 91 86 79 73 72 82 75 67 50 49 38 27 31 40 28 10 21 37 31 26 42 53 79 69 79 66 53 40 27 35 49 54 63 88 86 60 43 43 43 52 63 77 82 70 65 66 79 87 89 79 87 96 101 100 106 110 111 115 114 112 117 113 112 111 124 123 124 107 115 110 107 117 110 110 109 113 116 117 115 117 113 105 114 115 113 118 109 110 105 113 126 119 125
118 116 108 83 80 92 93 96 69 59 48 39 22 42 49 37 25 17 34 43 35 34 37 45 53 76 64 49 40 32 30 43 69 66 72 83 79 72 62 46 55 56 67 79 92 86 79 73 87 95 97 89 94 98 105 116 115 119 119 117 121 120 123 125 128 122 115 126 121 115 120 118 116 115 112 111 112 114 114 116 115 112 112 115 118 118 117 116 115 117 111 118 116 132 127
120 119 118 114 109 90 97 72 61 53 45 36 41 56 55 44 28 40 43 49 38 44 55 63 76 83 69 49 40 29 38 42 59 83 88 83 87 56 47 58 58 71 68 72 86 102 86 84 93 103 96 94 99 102 108 122 130 122 127 128 130 130 122 121 128 118 132 128 113 121 127 124 120 124 110 114 114 115 116 116 116 117 119 118 121 119 121 111 132 132 119 115 121 130 116
