sesion_6_simulaciones/modelos_distribucion_especies/ejemplo/variables/futuro_A2/2010/TMXI.asc
ncols 708
nrows 329
xllcorner -7.525000
yllcorner 35.991667
cellsize 0.008333
NODATA_value -9999
[rows 168 to 209 of 329, columns 285 to 379 of 708]
150 151 150 150 150 150 150 150 149 149 151 149 147 148 147 146 144 147 146 148 148 148 147 145 145 146 144 143 143 141 140 137 139 143 139 141 142 141 141 142 143 144 144 144 144 147 147 142 141 142 146 143 143 147 140 149 145 154 152 147 146 143 142 137 139 137 135 138 140 140 142 136 137 133 148 141 136 141 143 140 140 139 136 133 139 141 132 138 131 135 130 134 129 123 126
150 150 150 150 150 150 150 149 149 150 147 148 148 147 146 145 145 145 150 147 147 144 144 145 144 145 141 138 142 142 141 134 139 139 140 140 139 140 141 143 143 143 144 144 143 146 145 146 145 144 142 143 142 142 150 144 149 148 142 142 142 144 142 141 141 139 139 136 138 139 138 135 138 144 141 142 142 141 139 140 138 141 139 138 139 140 138 142 139 136 137 130 124 131 123
150 150 150 150 150 149 149 149 149 149 148 148 147 145 143 143 145 147 149 149 145 145 144 142 144 143 142 142 140 135 139 138 135 137 136 137 138 139 141 142 143 143 143 143 143 146 145 145 144 140 141 142 136 140 142 139 150 150 146 149 146 137 137 131 137 138 138 139 138 138 136 134 130 132 142 144 142 135 138 134 134 141 137 131 138 138 134 133 134 133 134 128 124 128 131
150 149 150 149 148 149 149 149 148 148 147 147 146 145 145 142 144 147 148 147 148 146 144 143 141 140 140 136 137 136 137 136 135 136 137 138 135 138 141 142 142 142 143 142 142 142 144 145 143 143 141 142 140 140 144 146 146 147 148 153 143 139 141 140 138 138 139 138 136 136 138 137 139 141 137 134 131 144 139 134 138 139 132 134 136 134 132 133 132 134 128 132 133 134 128
150 150 150 148 149 149 148 148 148 146 145 145 147 144 142 144 146 147 148 147 147 145 142 139 140 139 140 138 132 135 134 134 130 134 135 134 135 137 141 141 142 142 142 142 142 144 147 143 146 140 142 138 137 139 140 143 147 137 148 143 141 135 135 136 138 139 138 139 135 134 137 142 139 138 136 141 138 142 142 143 141 142 136 139 136 135 141 136 136 139 128 136 140 138 137
150 150 150 149 148 148 148 145 147 146 145 146 145 143 144 147 147 148 146 146 146 145 142 144 138 137 137 136 133 126 123 122 132 132 133 132 135 130 136 139 140 140 140 141 141 140 144 144 143 143 140 137 138 140 144 136 135 156 150 135 141 141 139 140 139 138 140 144 144 135 139 139 140 137 133 138 139 139 133 133 137 137 141 139 140 142 144 143 144 143 137 139 138 139 139
149 149 149 148 148 147 147 146 144 147 146 143 143 141 145 146 147 148 147 148 145 140 145 138 137 139 137 130 129 131 125 119 118 116 126 132 131 138 129 138 139 139 140 141 141 142 143 138 140 141 142 143 141 139 145 131 138 139 141 154 142 148 141 139 139 142 147 139 151 133 145 133 134 137 137 139 139 135 134 140 139 142 136 132 145 142 144 143 143 142 144 143 139 139 139
149 149 148 148 147 146 146 145 146 146 145 145 143 139 144 146 146 148 146 145 144 141 141 139 137 137 135 133 129 127 127 121 122 118 122 130 135 134 136 138 137 128 140 141 142 141 139 140 140 140 140 140 140 139 138 139 141 139 142 155 152 142 140 143 133 143 131 144 145 136 139 133 137 138 139 139 134 134 134 137 138 137 143 144 142 139 137 134 140 134 133 130 136 136 132
148 148 148 147 146 146 146 146 145 146 146 144 143 143 145 145 146 148 146 144 144 144 143 140 138 139 136 122 126 130 132 133 121 117 121 128 133 134 135 135 133 121 140 140 141 142 142 138 138 139 139 138 139 139 140 140 140 141 144 145 148 145 146 140 137 144 139 141 147 142 138 140 145 148 141 142 141 136 142 136 138 140 144 143 140 139 139 132 130 132 130 125 124 124 128
148 148 148 147 146 142 142 144 145 145 145 143 143 146 147 144 146 146 146 146 147 143 143 142 141 138 138 138 135 135 130 120 127 125 130 126 131 133 134 132 125 138 137 140 140 140 142 138 137 138 137 138 137 138 138 139 138 145 142 146 151 145 146 147 139 145 141 138 142 147 140 145 136 146 136 143 141 141 140 143 145 144 143 133 133 140 138 137 135 133 117 114 126 132 129
148 148 147 146 146 139 139 141 144 144 144 144 143 141 144 145 145 146 145 143 143 141 141 141 141 137 138 136 136 136 131 135 133 125 127 128 120 130 130 114 127 132 139 140 140 141 141 139 137 136 137 137 137 138 139 138 135 135 140 145 139 141 151 142 137 138 140 137 138 137 128 137 145 145 147 145 148 144 144 145 144 140 143 140 129 123 129 136 127 127 122 125 115 118 134
148 149 147 147 145 144 142 145 143 144 143 143 145 144 142 143 144 145 145 145 143 143 140 137 138 140 139 138 138 135 135 138 132 131 131 128 132 136 133 134 131 139 139 139 139 139 138 139 137 135 138 137 137 137 137 137 137 138 135 145 135 138 139 139 134 147 137 136 138 138 136 140 138 139 141 135 143 137 138 144 141 137 138 132 129 129 116 128 137 136 117 121 116 129 131
147 147 147 147 147 147 146 146 145 145 145 144 143 143 135 140 145 140 145 144 144 143 141 135 143 138 138 138 137 136 136 136 133 133 133 133 133 134 135 134 135 137 138 139 139 140 138 138 139 139 139 138 137 137 137 137 140 139 144 139 135 139 138 137 133 135 138 136 136 136 136 134 135 139 135 138 135 139 140 142 140 134 130 125 128 125 130 120 132 114 115 121 121 122 124
145 147 146 146 145 145 144 144 144 144 144 142 143 143 138 140 140 141 147 144 144 143 143 142 141 140 140 139 138 137 137 138 136 136 134 134 135 135 136 136 137 138 138 139 139 139 139 139 139 139 138 138 137 137 136 136 137 135 144 141 137 142 135 133 137 137 138 137 135 137 133 135 135 137 133 139 137 137 137 138 143 142 130 129 119 121 126 124 122 116 123 123 122 113 124
146 145 146 144 144 142 142 142 143 142 139 143 143 146 138 137 141 147 144 146 141 148 143 143 140 142 143 143 140 137 135 133 132 135 133 133 133 135 136 137 137 137 138 139 139 139 139 138 138 137 139 138 136 136 136 136 135 133 136 137 134 136 131 137 137 136 139 135 137 137 137 138 136 136 134 133 133 137 145 134 141 139 136 126 130 128 127 132 126 128 132 126 132 114 118
146 145 144 143 141 142 140 142 138 140 141 141 142 147 139 141 131 142 136 144 145 143 140 140 135 136 139 135 136 137 136 134 134 135 136 134 135 137 137 137 138 138 138 138 139 139 138 138 137 137 137 135 135 136 136 136 134 118 134 135 134 131 135 137 136 137 136 136 136 133 134 135 136 135 136 138 136 136 136 135 129 138 132 135 133 134 133 129 130 127 118 115 115 112 111
144 144 143 142 141 139 137 141 141 139 137 136 133 139 137 140 140 145 132 135 142 141 142 139 139 140 138 137 137 137 137 132 132 134 132 132 133 135 137 136 138 138 138 138 137 137 137 137 137 136 136 136 136 136 136 136 135 128 134 134 134 137 136 137 136 138 136 137 136 136 136 136 136 136 136 133 134 138 138 138 138 130 140 140 130 136 132 137 125 125 131 126 123 124 119
144 143 142 139 139 136 135 139 138 139 136 137 135 137 138 139 138 138 140 138 145 140 137 142 142 139 139 139 138 135 136 135 134 132 133 132 132 134 135 139 138 138 138 136 137 136 136 136 135 135 137 136 136 136 136 136 125 135 133 133 134 134 135 136 135 135 135 136 136 136 136 136 136 136 136 135 135 136 133 128 133 134 133 133 132 130 127 124 127 125 122 110 111 118 111
144 141 136 132 139 138 134 141 130 128 136 129 134 136 135 143 138 140 140 138 144 140 140 139 139 139 138 133 134 136 133 132 129 129 131 130 123 127 127 130 137 138 137 136 136 136 135 135 135 135 136 137 136 136 137 137 130 114 117 129 131 133 134 134 134 134 134 136 136 137 136 137 136 136 135 135 130 133 132 132 134 134 134 131 130 125 130 125 123 125 125 115 115 103 107
140 140 138 139 136 130 128 130 122 139 126 137 137 136 137 139 143 141 145 137 140 139 139 136 137 136 136 138 135 133 131 127 131 128 127 129 129 134 141 141 138 138 138 137 137 137 137 136 136 136 137 136 136 137 137 136 130 130 128 129 134 133 134 135 135 134 134 136 136 137 137 136 136 133 132 130 131 132 134 134 133 132 131 129 114 123 126 131 128 120 113 115 111 115 109
139 140 138 131 141 131 127 132 130 133 136 136 135 140 139 145 143 136 139 144 141 143 141 138 138 137 136 135 131 129 133 129 128 123 127 133 138 139 137 138 138 137 137 135 137 136 137 138 138 138 139 138 137 137 137 136 136 136 134 131 134 132 133 134 133 134 136 135 136 138 138 136 134 135 133 133 133 132 132 130 128 128 129 127 129 125 114 119 125 113 125 123 122 114 118
131 140 132 141 143 139 136 124 130 129 135 135 134 137 139 137 138 139 140 145 143 145 138 138 136 137 135 135 137 134 131 124 124 125 136 138 138 138 137 137 136 137 137 136 135 139 139 139 138 138 138 138 138 138 138 137 135 136 134 135 135 135 134 133 134 136 136 137 137 138 138 138 135 134 134 134 133 133 129 123 118 126 106 112 120 118 116 116 113 116 133 120 121 120 121
133 133 126 135 136 131 132 133 134 131 134 135 140 136 140 141 139 139 142 143 142 141 138 137 137 137 137 136 135 135 126 134 121 135 136 138 137 137 136 135 135 136 137 136 138 137 139 139 139 138 137 138 137 137 136 137 138 137 135 136 135 134 136 133 135 137 137 137 139 138 139 138 137 138 133 133 133 129 126 121 126 122 120 127 125 127 127 123 126 123 127 126 125 127 123
136 132 122 122 128 134 136 138 127 135 126 135 141 128 134 131 138 140 142 139 140 139 138 137 137 137 137 136 136 136 138 137 141 137 138 137 137 134 135 136 136 136 137 136 137 134 139 140 139 138 137 136 136 137 137 134 134 136 136 136 136 136 137 136 134 136 137 139 138 138 139 138 137 133 135 131 134 130 127 125 125 124 125 125 127 128 123 130 128 121 127 129 130 125 124
134 131 125 123 134 129 131 125 129 133 136 140 140 136 136 139 134 141 143 141 140 140 136 136 136 135 136 137 135 135 136 137 137 137 137 136 136 135 136 137 136 137 136 137 138 139 139 139 139 139 138 137 138 136 134 135 136 135 136 138 136 137 136 137 136 136 138 138 139 139 139 139 135 134 135 134 132 126 127 128 127 128 124 120 129 129 132 131 131 131 131 129 129 122 127
126 127 122 129 127 125 129 128 136 134 131 131 134 142 142 139 141 141 142 142 140 139 137 137 135 134 131 132 132 134 136 135 135 131 131 132 135 135 137 137 138 139 138 139 140 139 139 139 138 139 138 138 136 137 137 136 137 136 137 137 137 138 137 138 137 136 137 137 139 139 138 138 137 135 136 133 133 134 131 132 127 129 129 132 133 131 132 133 132 125 125 126 117 107 123
132 132 136 132 129 133 133 135 135 135 133 136 136 140 133 140 140 141 142 142 142 138 138 139 138 130 130 127 130 130 129 133 134 133 132 129 135 134 134 135 138 138 139 139 139 139 139 139 140 138 137 137 137 136 137 135 136 135 135 137 136 139 138 139 137 138 138 137 139 139 139 139 137 136 136 134 134 130 135 124 125 132 133 134 131 132 133 133 132 132 127 119 119 122 124
133 141 141 127 135 126 133 136 142 138 139 138 136 133 136 137 138 140 141 141 138 142 139 135 133 141 136 137 131 131 133 132 132 134 132 134 136 135 135 135 136 138 139 139 139 139 138 138 138 139 136 128 138 124 125 131 132 134 130 130 139 138 139 139 139 135 139 139 139 139 138 137 138 138 134 137 136 130 131 135 133 135 135 133 126 129 134 134 133 128 126 127 112 122 123
129 131 130 132 138 138 137 135 136 130 131 132 126 127 122 130 140 140 141 140 137 136 127 124 132 126 124 125 128 132 134 135 133 134 135 135 134 136 133 137 137 136 138 139 139 139 139 139 139 139 136 137 138 137 136 137 139 127 138 137 139 139 139 139 139 140 140 139 139 139 138 138 138 137 136 137 136 137 134 131 133 135 135 135 132 135 135 134 133 131 129 128 127 120 127
140 135 141 136 138 136 133 131 128 134 136 138 137 140 142 134 129 133 139 127 136 132 125 134 129 129 130 133 130 133 132 133 134 135 135 136 135 136 136 134 134 137 136 139 139 138 137 138 138 139 138 138 139 138 139 139 138 137 137 138 139 139 139 139 139 140 139 139 139 140 139 138 138 137 137 137 137 135 132 132 137 136 137 132 136 136 135 133 128 127 124 123 125 126 122
137 136 134 130 129 128 133 133 135 135 133 134 134 129 135 129 133 129 132 135 142 128 128 132 127 129 130 129 130 134 134 132 134 134 135 136 136 136 136 137 137 137 137 138 138 138 137 137 138 137 139 139 139 141 141 141 140 140 137 137 139 139 139 139 139 140 139 139 139 139 139 139 138 137 138 138 136 136 131 132 136 135 133 135 135 135 135 134 121 122 121 115 131 123 127
137 136 137 132 128 133 130 129 128 131 132 131 128 127 138 127 129 129 137 130 131 132 128 136 129 131 131 131 130 135 135 134 132 132 135 135 135 136 136 137 136 137 137 137 138 139 139 138 138 137 139 140 140 140 140 140 140 137 136 138 139 140 140 140 140 139 139 139 139 139 139 138 138 138 138 138 137 132 131 129 136 135 124 125 126 135 133 126 135 115 121 128 110 126 123
135 137 139 132 126 129 128 127 129 127 133 137 123 136 133 134 134 127 127 126 125 132 126 129 128 127 129 132 132 133 134 134 134 135 137 135 136 136 135 134 134 136 136 138 138 138 139 139 138 138 139 140 141 141 141 140 140 139 139 139 140 140 140 140 139 139 139 139 139 139 139 139 138 138 139 138 138 138 137 139 127 136 117 123 118 134 130 127 111 117 116 115 124 123 123
129 131 131 135 137 136 138 137 133 130 127 127 133 124 131 125 126 127 127 127 127 127 125 128 127 127 128 129 125 133 131 135 135 133 136 136 135 137 138 135 135 136 138 136 136 137 140 139 138 139 139 141 141 140 141 140 138 139 141 140 140 140 140 140 140 139 139 139 139 139 139 139 139 139 138 138 137 136 135 133 124 124 118 122 122 122 112 123 123 122 121 117 119 123 123
140 135 139 129 139 141 135 133 130 133 124 124 128 128 129 128 128 131 128 128 128 131 129 130 135 130 128 129 127 133 135 135 137 136 137 137 136 135 135 135 136 136 132 135 136 138 140 138 137 140 141 141 142 141 141 141 142 141 140 137 139 139 139 139 139 139 139 139 138 138 138 138 138 138 138 137 137 133 127 128 122 123 124 129 122 128 120 121 120 120 121 122 122 118 116
139 136 129 132 135 137 129 137 137 129 132 132 131 132 130 127 129 128 128 128 129 130 130 130 131 130 129 130 131 135 133 136 136 136 137 139 137 136 131 133 135 137 138 141 140 139 140 138 136 142 141 141 142 142 140 140 139 140 138 139 139 138 137 123 125 127 136 139 138 138 138 138 138 138 137 136 128 125 123 122 124 123 123 119 120 130 119 123 123 121 121 125 126 126 121
137 130 133 144 134 136 133 135 125 125 131 130 128 128 134 132 128 130 127 126 126 128 131 134 129 133 133 131 132 135 134 135 136 133 137 137 137 136 136 138 136 137 137 139 139 142 142 140 141 141 142 142 140 140 140 124 139 139 138 137 138 134 140 132 128 128 121 136 137 137 137 137 137 137 136 132 124 125 123 121 126 123 122 123 126 128 131 123 125 128 127 125 124 127 119
141 132 132 137 144 128 134 133 129 129 130 122 136 134 134 128 134 135 134 133 134 135 130 134 135 132 135 137 137 129 129 131 136 139 137 135 135 134 136 136 136 137 138 138 136 139 143 142 141 144 143 141 141 142 138 137 135 134 134 135 133 133 128 125 127 128 129 133 134 134 136 137 133 126 127 126 122 125 127 125 124 124 124 123 125 123 124 125 120 128 123 128 129 128 129
135 138 135 135 142 134 137 135 127 129 135 131 128 133 131 135 136 134 134 135 136 135 135 135 133 137 137 136 134 138 140 135 138 137 135 136 136 137 136 135 136 136 136 138 139 136 140 139 144 141 140 140 134 134 132 127 129 134 130 124 128 127 118 123 127 132 136 132 116 121 128 128 127 125 123 132 114 123 124 124 124 123 126 129 127 130 124 134 128 129 129 129 129 134 128
132 133 130 133 135 136 134 142 135 135 135 133 133 134 134 134 135 134 128 137 135 136 136 135 135 137 136 138 138 140 138 132 137 134 137 135 135 136 134 135 132 135 134 136 136 138 137 142 142 144 140 143 132 127 127 130 131 130 129 128 131 125 128 125 128 131 127 126 129 126 131 125 128 126 141 130 127 126 125 124 124 128 126 123 130 120 119 122 125 125 128 119 126 126 123
124 131 133 133 133 143 131 136 138 129 126 129 132 131 132 132 126 134 134 133 134 136 135 137 137 135 139 137 136 123 134 136 137 140 140 139 125 138 135 134 133 135 137 136 137 138 136 140 140 142 139 130 131 131 129 132 130 130 130 131 127 130 127 123 128 128 129 123 128 122 126 131 130 130 129 134 128 128 125 131 124 127 126 129 120 101 112 116 119 125 129 127 127 126 126
130 130 124 135 137 135 134 137 132 130 129 125 121 116 117 124 116 132 123 132 133 135 137 136 137 138 138 126 120 138 120 128 135 128 121 120 138 136 140 132 138 138 141 139 134 139 141 138 146 138 132 129 128 134 133 133 133 130 132 130 129 127 121 129 124 125 124 124 123 125 125 131 129 131 131 125 130 125 120 118 116 118 120 126 120 122 114 116 121 125 125 126 121 119 118
