sesion_6_simulaciones/modelos_distribucion_especies/ejemplo/variables/futuro_A2/2010/TMXV.asc
ncols 708
nrows 329
xllcorner -7.525000
yllcorner 35.991667
cellsize 0.008333
NODATA_value -9999
[rows 287 to 327 of 329, columns 188 to 281 of 708]
309 312 314 314 312 313 313 312 313 313 314 314 314 313 313 313 313 315 317 317 315 317 318 318 314 312 313 315 305 312 309 307 307 313 308 311 307 308 316 318 314 312 309 304 303 303 296 295 294 297 296 298 305 304 305 305 299 306 309 312 307 311 312 313 313 312 310 308 305 305 306 306 301 300 304 303 302 300 298 292 291 289 287 283 278 270 -9999 -9999 -9999 -9999 -9999 -9999 -9999 -9999
313 313 314 313 313 313 313 313 313 313 314 314 314 313 313 313 316 316 316 317 316 317 316 316 314 309 311 307 303 309 311 307 310 309 312 308 312 307 309 313 314 312 310 309 305 303 304 301 299 297 298 301 306 307 307 305 302 307 312 310 306 309 307 309 306 311 310 310 309 308 308 307 303 304 303 302 301 298 292 293 289 285 283 280 271 260 -9999 -9999 -9999 -9999 -9999 -9999 -9999 -9999
312 312 313 312 312 312 312 312 312 312 313 314 314 314 315 315 315 315 316 316 315 314 315 316 315 315 310 312 305 309 313 313 312 312 315 316 314 312 310 307 307 306 308 310 310 311 309 305 302 296 295 300 297 303 310 305 303 305 312 311 305 306 307 305 303 305 308 305 301 305 303 305 305 299 297 300 299 297 295 293 290 282 -9999 -9999 -9999 -9999 -9999 -9999 -9999 -9999 -9999 -9999 -9999 -9999
309 311 311 310 310 310 311 312 312 312 311 314 314 314 314 314 315 315 315 315 312 312 315 313 317 316 316 316 314 306 313 311 313 313 315 314 315 314 314 312 309 305 309 307 312 307 307 308 307 306 302 296 302 306 306 308 303 306 311 308 305 308 308 306 305 305 306 307 305 304 303 301 298 300 296 293 291 291 293 290 284 281 -9999 -9999 -9999 -9999 -9999 -9999 -9999 -9999 -9999 -9999 -9999 -9999
309 306 307 309 310 310 310 310 311 311 311 313 313 313 313 314 314 314 314 314 314 313 314 315 315 314 313 314 316 316 315 314 312 311 315 315 310 309 309 310 310 312 312 309 304 306 305 303 303 298 300 299 301 302 307 305 309 304 308 303 308 310 309 309 307 305 306 305 299 300 298 299 296 293 286 292 292 290 291 288 -9999 -9999 -9999 -9999 -9999 -9999 -9999 -9999 -9999 -9999 -9999 -9999 -9999 -9999
308 309 309 309 309 310 309 309 309 310 311 312 312 312 312 313 313 309 313 314 314 314 308 310 313 310 309 304 309 315 313 306 309 310 309 312 308 306 302 302 306 309 312 312 307 304 305 303 302 299 305 301 300 300 307 307 304 299 298 303 308 304 308 309 308 305 305 302 302 301 300 296 295 293 293 289 292 289 285 286 -9999 -9999 -9999 -9999 -9999 -9999 -9999 -9999 -9999 -9999 -9999 -9999 -9999 -9999
308 305 309 309 309 309 309 308 308 309 310 311 311 311 311 312 312 312 312 313 312 312 312 304 305 307 309 303 300 308 312 309 300 307 306 306 310 307 302 305 310 312 312 312 310 305 298 301 302 304 306 305 306 304 305 300 298 298 291 295 301 305 308 309 308 306 302 299 301 299 299 297 296 296 295 293 292 289 287 281 -9999 -9999 -9999 -9999 -9999 -9999 -9999 -9999 -9999 -9999 -9999 -9999 -9999 -9999
303 308 308 308 308 308 308 308 307 308 309 309 310 310 310 311 311 310 310 312 312 312 311 309 303 299 305 308 303 306 312 311 305 301 306 301 301 300 307 303 311 309 306 304 306 304 298 292 288 284 294 296 299 298 301 292 296 296 295 299 296 303 308 308 306 304 301 301 300 299 296 293 296 293 292 290 289 287 283 277 -9999 -9999 -9999 -9999 -9999 -9999 -9999 -9999 -9999 -9999 -9999 -9999 -9999 -9999
300 302 307 307 307 307 306 306 307 308 308 308 309 309 309 310 310 309 309 311 312 311 309 310 310 303 304 305 306 306 308 311 308 302 296 293 298 296 298 298 301 300 299 303 310 307 302 297 295 292 290 291 291 292 300 300 298 291 290 297 300 302 306 306 306 305 299 300 299 295 296 295 292 290 291 290 288 284 279 273 -9999 -9999 -9999 -9999 -9999 -9999 -9999 -9999 -9999 -9999 -9999 -9999 -9999 -9999
305 305 305 305 304 304 304 304 305 306 307 307 307 308 308 309 309 310 310 311 311 311 309 309 308 307 305 302 303 305 302 305 309 308 298 293 292 292 304 302 302 308 310 311 311 310 308 305 302 301 297 295 289 293 293 293 293 289 296 292 294 297 305 304 304 302 299 298 295 295 294 287 285 290 288 287 285 283 276 257 -9999 -9999 -9999 -9999 -9999 -9999 -9999 -9999 -9999 -9999 -9999 -9999 -9999 -9999
301 297 302 303 303 302 302 303 303 305 305 306 306 306 307 308 308 309 309 310 310 310 310 311 309 307 305 311 300 297 300 301 304 303 298 291 289 291 292 299 301 303 309 308 307 307 309 309 306 304 303 295 294 295 296 291 294 291 287 296 300 302 303 302 301 301 301 300 299 297 293 286 286 285 285 284 -9999 -9999 -9999 -9999 -9999 -9999 -9999 -9999 -9999 -9999 -9999 -9999 -9999 -9999 -9999 -9999 -9999 -9999
300 302 299 300 301 300 300 300 301 303 304 304 305 305 306 307 307 308 308 309 309 310 310 311 311 311 305 302 303 299 299 301 300 300 301 296 293 300 300 303 306 307 305 305 302 305 303 301 294 304 305 302 301 299 298 293 297 298 300 296 300 302 302 301 299 299 300 301 298 296 293 291 285 284 282 279 -9999 -9999 -9999 -9999 -9999 -9999 -9999 -9999 -9999 -9999 -9999 -9999 -9999 -9999 -9999 -9999 -9999 -9999
297 299 299 298 299 298 298 299 299 301 302 303 303 304 305 306 306 307 307 308 308 308 309 310 310 311 309 305 304 301 302 300 305 307 306 304 306 305 299 297 304 300 300 303 304 304 302 298 296 300 298 300 298 295 297 294 298 296 297 296 297 298 300 298 296 297 298 298 297 295 292 289 285 283 278 272 -9999 -9999 -9999 -9999 -9999 -9999 -9999 -9999 -9999 -9999 -9999 -9999 -9999 -9999 -9999 -9999 -9999 -9999
295 297 297 297 297 297 297 296 297 299 299 301 302 300 303 304 305 306 306 307 308 308 309 309 310 308 310 310 309 303 300 300 305 304 306 306 302 296 299 306 308 307 306 304 305 300 301 300 296 295 298 300 299 299 299 298 293 292 291 292 294 298 298 296 295 294 292 295 295 294 289 285 283 279 275 264 -9999 -9999 -9999 -9999 -9999 -9999 -9999 -9999 -9999 -9999 -9999 -9999 -9999 -9999 -9999 -9999 -9999 -9999
291 294 294 294 294 294 294 293 296 296 298 299 300 299 301 302 303 303 305 306 307 307 308 309 309 308 307 308 308 308 301 299 302 308 306 295 299 296 296 296 299 298 298 295 303 302 303 304 304 303 302 302 302 300 299 297 294 292 295 293 295 296 296 295 291 291 294 294 295 292 291 283 -9999 -9999 -9999 -9999 -9999 -9999 -9999 -9999 -9999 -9999 -9999 -9999 -9999 -9999 -9999 -9999 -9999 -9999 -9999 -9999 -9999 -9999
287 289 290 290 290 290 291 292 293 295 295 296 295 298 296 297 295 297 298 300 305 307 307 308 308 309 308 309 308 309 308 298 304 307 300 295 294 299 292 295 291 288 294 304 306 306 307 306 304 304 303 303 302 301 298 297 294 291 291 292 290 294 293 292 285 290 291 290 289 289 285 280 -9999 -9999 -9999 -9999 -9999 -9999 -9999 -9999 -9999 -9999 -9999 -9999 -9999 -9999 -9999 -9999 -9999 -9999 -9999 -9999 -9999 -9999
-9999 -9999 -9999 -9999 285 286 286 289 290 292 294 293 296 296 292 286 291 297 300 304 305 306 306 307 306 308 309 309 309 310 309 308 297 303 301 289 289 301 295 298 301 301 292 291 300 304 303 301 297 303 305 304 303 302 298 295 292 283 292 293 287 281 286 288 287 287 287 284 285 287 285 279 278 278 -9999 -9999 -9999 -9999 -9999 -9999 -9999 -9999 -9999 -9999 -9999 -9999 -9999 -9999 -9999 -9999 -9999 -9999 -9999 -9999
-9999 -9999 -9999 -9999 275 277 281 284 287 289 290 290 291 290 283 287 290 293 298 302 303 304 305 306 307 307 308 309 309 309 308 307 298 300 302 304 298 291 290 285 287 295 299 291 290 286 290 297 301 303 303 299 302 301 300 296 291 290 289 285 286 285 284 284 280 281 278 278 280 281 281 276 274 275 -9999 -9999 -9999 -9999 -9999 -9999 -9999 -9999 -9999 -9999 -9999 -9999 -9999 -9999 -9999 -9999 -9999 -9999 -9999 -9999
-9999 -9999 -9999 -9999 -9999 -9999 270 276 282 285 287 288 283 283 283 285 288 296 299 301 302 303 304 305 306 307 307 308 307 308 308 308 305 302 301 303 303 298 291 283 280 283 284 288 288 287 299 303 300 294 297 300 301 300 298 297 295 287 288 285 284 280 -9999 -9999 -9999 -9999 -9999 -9999 -9999 -9999 278 282 -9999 -9999 -9999 -9999 -9999 -9999 -9999 -9999 -9999 -9999 -9999 -9999 -9999 -9999 -9999 -9999 -9999 -9999 -9999 -9999 -9999 -9999
-9999 -9999 -9999 -9999 -9999 -9999 -9999 265 276 279 282 284 278 280 282 287 292 296 298 299 301 302 303 304 305 306 306 307 307 307 307 307 307 306 306 304 298 289 283 283 280 279 277 276 293 299 300 296 298 288 296 295 296 297 296 296 292 290 289 284 282 275 -9999 -9999 -9999 -9999 -9999 -9999 -9999 -9999 276 277 -9999 -9999 -9999 -9999 -9999 -9999 -9999 -9999 -9999 -9999 -9999 -9999 -9999 -9999 -9999 -9999 -9999 -9999 -9999 -9999 -9999 -9999
-9999 -9999 -9999 -9999 -9999 -9999 -9999 -9999 -9999 -9999 -9999 -9999 276 278 279 287 292 294 295 298 299 300 301 302 304 304 304 305 305 306 306 306 305 306 305 304 303 293 296 288 283 280 283 280 297 300 286 285 297 291 284 292 296 297 294 295 293 290 287 283 -9999 -9999 -9999 -9999 -9999 -9999 -9999 -9999 -9999 -9999 -9999 -9999 -9999 -9999 -9999 -9999 -9999 -9999 -9999 -9999 -9999 -9999 -9999 -9999 -9999 -9999 -9999 -9999 -9999 -9999 -9999 -9999 -9999 -9999
-9999 -9999 -9999 -9999 -9999 -9999 -9999 -9999 -9999 -9999 -9999 -9999 271 273 282 288 291 290 295 296 297 299 299 301 302 302 302 303 304 305 305 305 305 302 304 303 299 302 301 300 296 288 282 294 298 290 277 283 284 286 287 292 293 293 292 291 291 288 283 280 -9999 -9999 -9999 -9999 -9999 -9999 -9999 -9999 -9999 -9999 -9999 -9999 -9999 -9999 -9999 -9999 -9999 -9999 -9999 -9999 -9999 -9999 -9999 -9999 -9999 -9999 -9999 -9999 -9999 -9999 -9999 -9999 -9999 -9999
-9999 -9999 -9999 -9999 -9999 -9999 -9999 -9999 -9999 -9999 -9999 -9999 -9999 -9999 281 286 289 292 290 292 293 292 297 298 298 298 300 302 302 304 303 303 303 303 303 302 298 299 301 299 297 292 293 290 293 298 296 285 284 281 282 283 292 291 291 290 291 288 282 278 -9999 -9999 -9999 -9999 -9999 -9999 -9999 -9999 -9999 -9999 -9999 -9999 -9999 -9999 -9999 -9999 -9999 -9999 -9999 -9999 -9999 -9999 -9999 -9999 -9999 -9999 -9999 -9999 -9999 -9999 -9999 -9999 -9999 -9999
-9999 -9999 -9999 -9999 -9999 -9999 -9999 -9999 -9999 -9999 -9999 -9999 -9999 -9999 279 284 283 289 291 293 290 294 293 295 297 296 298 298 300 302 300 297 297 297 300 300 298 293 296 298 300 298 296 295 299 300 296 289 281 281 276 284 286 292 292 290 290 288 280 273 -9999 -9999 -9999 -9999 -9999 -9999 -9999 -9999 -9999 -9999 -9999 -9999 -9999 -9999 -9999 -9999 -9999 -9999 -9999 -9999 -9999 -9999 -9999 -9999 -9999 -9999 -9999 -9999 -9999 -9999 -9999 -9999 -9999 -9999
-9999 -9999 -9999 -9999 -9999 -9999 -9999 -9999 -9999 -9999 -9999 -9999 -9999 -9999 273 280 284 285 288 289 294 294 292 291 292 292 293 294 294 299 296 283 286 289 293 294 296 294 282 275 294 292 293 295 297 297 298 295 291 283 278 278 277 275 286 291 287 285 280 275 -9999 -9999 -9999 -9999 -9999 -9999 -9999 -9999 -9999 -9999 -9999 -9999 -9999 -9999 -9999 -9999 -9999 -9999 -9999 -9999 -9999 -9999 -9999 -9999 -9999 -9999 -9999 -9999 -9999 -9999 -9999 -9999 -9999 -9999
-9999 -9999 -9999 -9999 -9999 -9999 -9999 -9999 -9999 -9999 -9999 -9999 -9999 -9999 263 273 281 284 287 288 292 290 282 280 284 283 288 292 295 295 295 291 283 276 274 283 293 294 291 285 280 280 277 286 293 295 294 287 289 287 281 286 284 280 283 278 287 284 284 280 -9999 -9999 -9999 -9999 -9999 -9999 -9999 -9999 -9999 -9999 -9999 -9999 -9999 -9999 -9999 -9999 -9999 -9999 -9999 -9999 -9999 -9999 -9999 -9999 -9999 -9999 -9999 -9999 -9999 -9999 -9999 -9999 -9999 -9999
-9999 -9999 -9999 -9999 -9999 -9999 -9999 -9999 -9999 -9999 -9999 -9999 -9999 -9999 -9999 -9999 273 280 284 285 283 277 277 275 283 283 285 290 295 294 294 292 289 279 273 268 281 292 293 293 281 280 276 269 275 285 283 285 277 269 282 284 272 274 273 280 285 287 282 276 -9999 -9999 -9999 -9999 -9999 -9999 -9999 -9999 -9999 -9999 -9999 -9999 -9999 -9999 -9999 -9999 -9999 -9999 -9999 -9999 -9999 -9999 -9999 -9999 -9999 -9999 -9999 -9999 -9999 -9999 -9999 -9999 -9999 -9999
-9999 -9999 -9999 -9999 -9999 -9999 -9999 -9999 -9999 -9999 -9999 -9999 -9999 -9999 -9999 -9999 270 273 268 266 272 270 270 281 281 282 281 288 294 294 292 289 286 278 265 270 278 290 292 294 291 286 275 279 275 276 276 273 268 273 271 278 280 276 276 275 286 284 283 277 -9999 -9999 -9999 -9999 -9999 -9999 -9999 -9999 -9999 -9999 -9999 -9999 -9999 -9999 -9999 -9999 -9999 -9999 -9999 -9999 -9999 -9999 -9999 -9999 -9999 -9999 -9999 -9999 -9999 -9999 -9999 -9999 -9999 -9999
-9999 -9999 -9999 -9999 -9999 -9999 -9999 -9999 -9999 -9999 -9999 -9999 -9999 -9999 -9999 -9999 -9999 -9999 -9999 -9999 -9999 -9999 -9999 -9999 280 283 283 287 290 291 291 287 280 274 272 270 280 277 291 293 293 292 290 283 279 278 281 279 273 270 272 268 274 278 272 278 282 279 281 275 -9999 -9999 -9999 -9999 -9999 -9999 -9999 -9999 -9999 -9999 -9999 -9999 -9999 -9999 -9999 -9999 -9999 -9999 -9999 -9999 -9999 -9999 -9999 -9999 -9999 -9999 -9999 -9999 -9999 -9999 -9999 -9999 -9999 -9999
-9999 -9999 -9999 -9999 -9999 -9999 -9999 -9999 -9999 -9999 -9999 -9999 -9999 -9999 -9999 -9999 -9999 -9999 -9999 -9999 -9999 -9999 -9999 -9999 277 281 280 278 283 284 284 285 280 277 271 269 272 272 290 292 293 293 292 292 293 291 280 272 266 265 262 271 263 270 268 273 282 283 279 277 -9999 -9999 -9999 -9999 -9999 -9999 -9999 -9999 -9999 -9999 -9999 -9999 -9999 -9999 -9999 -9999 -9999 -9999 -9999 -9999 -9999 -9999 -9999 -9999 -9999 -9999 -9999 -9999 -9999 -9999 -9999 -9999 -9999 -9999
-9999 -9999 -9999 -9999 -9999 -9999 -9999 -9999 -9999 -9999 -9999 -9999 -9999 -9999 -9999 -9999 -9999 -9999 -9999 -9999 -9999 -9999 -9999 -9999 271 274 276 256 271 279 279 278 278 275 273 268 271 274 287 291 291 293 291 291 288 290 288 280 278 274 266 268 266 269 273 279 283 283 283 268 -9999 -9999 -9999 -9999 -9999 -9999 -9999 -9999 -9999 -9999 -9999 -9999 -9999 -9999 -9999 -9999 -9999 -9999 -9999 -9999 -9999 -9999 -9999 -9999 -9999 -9999 -9999 -9999 -9999 -9999 -9999 -9999 -9999 -9999
-9999 -9999 -9999 -9999 -9999 -9999 -9999 -9999 -9999 -9999 -9999 -9999 -9999 -9999 -9999 -9999 -9999 -9999 -9999 -9999 -9999 -9999 -9999 -9999 259 269 269 268 271 275 272 271 270 272 272 267 268 279 287 288 290 290 286 279 276 277 285 286 283 277 276 268 263 272 278 279 280 279 279 274 -9999 -9999 -9999 -9999 -9999 -9999 -9999 -9999 -9999 -9999 -9999 -9999 -9999 -9999 -9999 -9999 -9999 -9999 -9999 -9999 -9999 -9999 -9999 -9999 -9999 -9999 -9999 -9999 -9999 -9999 -9999 -9999 -9999 -9999
-9999 -9999 -9999 -9999 -9999 -9999 -9999 -9999 -9999 -9999 -9999 -9999 -9999 -9999 -9999 -9999 -9999 -9999 -9999 -9999 -9999 -9999 -9999 -9999 -9999 -9999 -9999 -9999 -9999 -9999 -9999 -9999 -9999 -9999 -9999 -9999 262 278 283 283 286 289 288 286 282 281 285 283 280 268 272 273 276 272 -9999 -9999 -9999 -9999 -9999 -9999 -9999 -9999 -9999 -9999 -9999 -9999 -9999 -9999 -9999 -9999 -9999 -9999 -9999 -9999 -9999 -9999 -9999 -9999 -9999 -9999 -9999 -9999 -9999 -9999 -9999 -9999 -9999 -9999 -9999 -9999 -9999 -9999 -9999 -9999
-9999 -9999 -9999 -9999 -9999 -9999 -9999 -9999 -9999 -9999 -9999 -9999 -9999 -9999 -9999 -9999 -9999 -9999 -9999 -9999 -9999 -9999 -9999 -9999 -9999 -9999 -9999 -9999 -9999 -9999 -9999 -9999 -9999 -9999 -9999 -9999 265 272 278 281 284 281 287 286 287 287 283 276 272 267 275 278 274 266 -9999 -9999 -9999 -9999 -9999 -9999 -9999 -9999 -9999 -9999 -9999 -9999 -9999 -9999 -9999 -9999 -9999 -9999 -9999 -9999 -9999 -9999 -9999 -9999 -9999 -9999 -9999 -9999 -9999 -9999 -9999 -9999 -9999 -9999 -9999 -9999 -9999 -9999 -9999 -9999
-9999 -9999 -9999 -9999 -9999 -9999 -9999 -9999 -9999 -9999 -9999 -9999 -9999 -9999 -9999 -9999 -9999 -9999 -9999 -9999 -9999 -9999 -9999 -9999 -9999 -9999 -9999 -9999 -9999 -9999 -9999 -9999 -9999 -9999 -9999 -9999 -9999 -9999 269 277 279 281 282 280 277 284 280 275 271 273 270 270 -9999 -9999 -9999 -9999 -9999 -9999 -9999 -9999 -9999 -9999 -9999 -9999 -9999 -9999 -9999 -9999 -9999 -9999 -9999 -9999 -9999 -9999 -9999 -9999 -9999 -9999 -9999 -9999 -9999 -9999 -9999 -9999 -9999 -9999 -9999 -9999 -9999 -9999 -9999 -9999 -9999 -9999
-9999 -9999 -9999 -9999 -9999 -9999 -9999 -9999 -9999 -9999 -9999 -9999 -9999 -9999 -9999 -9999 -9999 -9999 -9999 -9999 -9999 -9999 -9999 -9999 -9999 -9999 -9999 -9999 -9999 -9999 -9999 -9999 -9999 -9999 -9999 -9999 -9999 -9999 251 267 273 277 278 276 278 279 276 270 272 273 266 266 -9999 -9999 -9999 -9999 -9999 -9999 -9999 -9999 -9999 -9999 -9999 -9999 -9999 -9999 -9999 -9999 -9999 -9999 -9999 -9999 -9999 -9999 -9999 -9999 -9999 -9999 -9999 -9999 -9999 -9999 -9999 -9999 -9999 -9999 -9999 -9999 -9999 -9999 -9999 -9999 -9999 -9999
-9999 -9999 -9999 -9999 -9999 -9999 -9999 -9999 -9999 -9999 -9999 -9999 -9999 -9999 -9999 -9999 -9999 -9999 -9999 -9999 -9999 -9999 -9999 -9999 -9999 -9999 -9999 -9999 -9999 -9999 -9999 -9999 -9999 -9999 -9999 -9999 -9999 -9999 -9999 -9999 -9999 -9999 275 275 279 276 -9999 -9999 -9999 -9999 -9999 -9999 -9999 -9999 -9999 -9999 -9999 -9999 -9999 -9999 -9999 -9999 -9999 -9999 -9999 -9999 -9999 -9999 -9999 -9999 -9999 -9999 -9999 -9999 -9999 -9999 -9999 -9999 -9999 -9999 -9999 -9999 -9999 -9999 -9999 -9999 -9999 -9999 -9999 -9999 -9999 -9999 -9999 -9999
-9999 -9999 -9999 -9999 -9999 -9999 -9999 -9999 -9999 -9999 -9999 -9999 -9999 -9999 -9999 -9999 -9999 -9999 -9999 -9999 -9999 -9999 -9999 -9999 -9999 -9999 -9999 -9999 -9999 -9999 -9999 -9999 -9999 -9999 -9999 -9999 -9999 -9999 -9999 -9999 -9999 -9999 276 278 276 269 -9999 -9999 -9999 -9999 -9999 -9999 -9999 -9999 -9999 -9999 -9999 -9999 -9999 -9999 -9999 -9999 -9999 -9999 -9999 -9999 -9999 -9999 -9999 -9999 -9999 -9999 -9999 -9999 -9999 -9999 -9999 -9999 -9999 -9999 -9999 -9999 -9999 -9999 -9999 -9999 -9999 -9999 -9999 -9999 -9999 -9999 -9999 -9999
-9999 -9999 -9999 -9999 -9999 -9999 -9999 -9999 -9999 -9999 -9999 -9999 -9999 -9999 -9999 -9999 -9999 -9999 -9999 -9999 -9999 -9999 -9999 -9999 -9999 -9999 -9999 -9999 -9999 -9999 -9999 -9999 -9999 -9999 -9999 -9999 -9999 -9999 -9999 -9999 -9999 -9999 -9999 -9999 -9999 -9999 -9999 -9999 -9999 -9999 -9999 -9999 -9999 -9999 -9999 -9999 -9999 -9999 -9999 -9999 -9999 -9999 -9999 -9999 -9999 -9999 -9999 -9999 -9999 -9999 -9999 -9999 -9999 -9999 -9999 -9999 -9999 -9999 -9999 -9999 -9999 -9999 -9999 -9999 -9999 -9999 -9999 -9999 -9999 -9999 -9999 -9999 -9999 -9999
-9999 -9999 -9999 -9999 -9999 -9999 -9999 -9999 -9999 -9999 -9999 -9999 -9999 -9999 -9999 -9999 -9999 -9999 -9999 -9999 -9999 -9999 -9999 -9999 -9999 -9999 -9999 -9999 -9999 -9999 -9999 -9999 -9999 -9999 -9999 -9999 -9999 -9999 -9999 -9999 -9999 -9999 -9999 -9999 -9999 -9999 -9999 -9999 -9999 -9999 -9999 -9999 -9999 -9999 -9999 -9999 -9999 -9999 -9999 -9999 -9999 -9999 -9999 -9999 -9999 -9999 -9999 -9999 -9999 -9999 -9999 -9999 -9999 -9999 -9999 -9999 -9999 -9999 -9999 -9999 -9999 -9999 -9999 -9999 -9999 -9999 -9999 -9999 -9999 -9999 -9999 -9999 -9999 -9999
-9999 -9999 -9999 -9999 -9999 -9999 -9999 -9999 -9999 -9999 -9999 -9999 -9999 -9999 -9999 -9999 -9999 -9999 -9999 -9999 -9999 -9999 -9999 -9999 -9999 -9999 -9999 -9999 -9999 -9999 -9999 -9999 -9999 -9999 -9999 -9999 -9999 -9999 -9999 -9999 -9999 -9999 -9999 -9999 -9999 -9999 -9999 -9999 -9999 -9999 -9999 -9999 -9999 -9999 -9999 -9999 -9999 -9999 -9999 -9999 -9999 -9999 -9999 -9999 -9999 -9999 -9999 -9999 -9999 -9999 -9999 -9999 -9999 -9999 -9999 -9999 -9999 -9999 -9999 -9999 -9999 -9999 -9999 -9999 -9999 -9999 -9999 -9999 -9999 -9999 -9999 -9999 -9999 -9999
