sesion_6_simulaciones/modelos_distribucion_especies/ejemplo/variables/futuro_A2/2010/TMXV.asc
ncols 708
nrows 329
xllcorner -7.525000
yllcorner 35.991667
cellsize 0.008333
NODATA_value -9999
[rows 82 to 122 of 329, columns 376 to 469 of 708]
352 352 350 349 350 349 351 351 351 351 351 351 352 353 350 353 352 354 347 352 352 353 354 354 354 354 354 354 353 353 353 355 356 356 356 356 356 356 356 355 355 354 355 355 355 355 355 354 355 354 354 354 354 354 354 353 353 355 355 355 356 356 356 356 354 354 354 354 353 353 354 353 353 354 355 356 355 354 354 354 354 353 354 352 351 352 354 353 353 354 351 351 352 354
352 350 352 352 354 352 352 351 351 351 352 353 353 352 351 350 355 350 354 352 354 354 354 354 354 355 355 355 354 354 353 353 354 355 356 356 356 356 356 356 355 355 355 355 355 355 355 355 354 354 354 354 354 354 354 354 354 354 354 356 354 355 356 356 354 355 355 354 354 354 354 355 354 355 356 356 354 353 353 352 349 350 350 351 352 353 351 353 350 351 352 352 351 355
355 356 353 354 353 353 353 352 351 351 355 353 353 355 353 355 353 353 353 354 353 355 355 355 356 356 356 355 355 355 355 352 351 352 352 355 355 356 355 355 355 355 355 355 355 355 355 355 355 355 355 354 354 354 354 354 354 354 354 354 356 354 354 354 355 355 356 356 356 355 355 355 356 356 355 354 352 348 348 350 351 350 349 349 350 353 349 350 349 352 353 354 355 354
351 357 355 352 356 355 353 354 354 354 352 353 354 355 355 353 355 354 353 354 355 356 356 355 355 356 355 353 352 354 354 355 352 352 351 352 352 351 354 354 355 355 353 353 355 355 355 355 355 355 354 355 354 354 354 354 354 354 354 354 354 353 353 354 354 355 355 356 356 356 355 354 354 354 353 351 350 349 348 347 347 349 351 352 354 349 352 353 353 354 354 355 354 353
353 353 354 355 356 356 355 357 356 355 356 355 355 355 355 356 355 355 354 353 355 355 356 356 356 356 355 351 352 353 354 354 354 354 354 355 354 353 350 351 351 354 352 353 352 354 352 352 354 355 354 354 354 354 354 354 354 354 354 354 353 352 353 352 353 354 355 356 356 356 356 353 353 351 352 351 350 349 350 351 352 352 354 350 352 353 353 354 354 354 354 354 353 351
354 355 354 354 355 355 355 356 356 356 356 356 355 355 356 356 355 353 354 353 353 351 355 355 355 355 352 351 352 353 353 352 353 353 354 353 354 355 354 354 353 353 353 352 353 353 353 351 352 353 350 352 354 353 353 353 353 354 353 350 352 352 352 350 353 354 354 355 355 355 356 355 353 351 351 351 350 350 353 355 355 352 352 353 354 354 354 353 352 352 353 351 352 351
354 354 353 354 355 354 355 356 355 356 356 356 356 356 355 355 354 352 352 352 351 352 352 352 351 352 352 351 351 350 353 351 351 352 352 354 353 352 353 354 354 352 350 352 352 353 350 351 353 352 351 352 352 351 351 350 350 351 352 352 352 351 350 348 350 351 352 353 354 354 356 355 352 353 353 353 355 356 357 357 353 353 353 353 353 353 352 352 352 352 351 351 351 350
353 352 353 354 354 355 354 355 356 356 356 356 356 356 356 355 355 353 351 351 351 351 351 351 351 350 351 351 350 351 351 351 351 351 350 351 352 352 351 352 354 353 353 351 350 352 350 350 352 351 350 351 351 352 351 354 351 349 351 351 352 349 349 348 348 348 352 353 353 353 355 354 355 354 355 357 358 358 354 354 354 353 353 353 352 352 352 352 351 351 351 351 350 349
352 352 353 353 353 353 353 354 355 354 352 355 355 355 355 355 355 354 351 351 351 351 351 351 351 350 350 351 350 352 351 350 350 350 349 348 350 351 351 352 353 354 352 352 350 347 348 349 350 350 350 350 350 350 352 350 353 350 353 353 351 350 350 349 348 348 350 352 352 353 355 355 353 357 357 357 356 354 354 353 353 352 351 351 351 351 351 351 351 351 350 350 349 350
350 352 352 352 353 352 353 352 355 352 351 351 351 349 353 353 355 355 352 351 351 351 351 350 350 350 350 350 349 350 350 350 349 348 348 348 348 349 351 350 352 352 352 350 351 349 348 347 348 346 348 348 351 351 351 350 352 350 351 353 353 353 350 349 347 348 349 350 351 351 351 350 353 356 353 353 352 350 352 354 354 354 353 351 351 351 351 351 350 350 350 350 351 350
352 351 351 350 350 352 350 351 354 354 350 351 351 353 352 354 355 354 354 353 352 350 350 351 350 349 349 349 350 350 348 352 348 349 348 346 347 349 350 347 350 351 352 352 350 348 350 349 348 347 350 349 349 349 350 349 351 351 348 348 350 353 350 350 349 348 348 348 349 349 353 355 355 353 351 350 350 351 351 351 351 354 354 353 352 351 350 350 350 351 350 350 349 353
353 351 350 350 350 350 350 351 354 352 350 351 352 349 352 351 354 355 353 352 350 351 351 350 350 349 348 348 350 348 346 348 347 349 349 350 348 348 348 350 350 351 352 353 352 351 350 352 348 348 348 348 348 349 347 348 347 348 348 347 348 350 348 352 354 354 355 355 351 354 354 353 351 352 351 349 350 349 349 349 350 351 349 353 354 353 353 353 353 353 353 353 353 353
353 351 352 350 349 350 350 353 352 350 350 350 350 350 350 351 350 352 355 353 353 352 351 350 350 348 348 348 348 347 348 346 349 348 349 350 348 348 346 350 349 351 352 352 352 353 352 352 353 353 353 352 351 352 349 350 350 348 347 348 350 348 348 347 350 351 354 353 355 355 352 352 351 352 352 351 350 349 349 349 350 350 351 351 351 353 353 353 353 353 352 352 352 352
349 351 352 348 349 350 352 350 351 352 349 349 349 349 349 348 349 349 353 354 354 352 352 351 350 348 349 347 348 347 346 347 347 349 348 349 349 347 346 347 346 346 351 351 352 351 353 353 352 352 352 353 350 351 352 352 352 351 351 352 350 348 347 347 347 349 350 351 352 352 350 351 352 352 351 350 350 350 349 349 349 349 350 351 350 350 351 350 350 350 351 351 350 350
350 350 352 349 349 349 350 351 352 352 351 348 348 349 349 350 351 353 353 354 353 353 352 351 349 350 348 347 347 348 347 347 346 348 349 350 350 348 348 348 350 349 352 352 350 351 353 352 352 352 352 352 352 351 351 350 350 351 346 349 348 349 347 345 347 349 350 351 348 351 350 352 348 352 349 350 348 349 348 348 349 349 348 350 348 349 350 349 349 350 349 349 350 351
349 351 349 348 349 349 350 351 353 352 350 350 349 349 351 352 350 351 353 353 354 352 352 352 349 349 349 348 346 347 347 348 346 347 348 348 345 347 349 349 349 347 349 346 350 351 350 353 351 352 351 352 352 351 351 350 351 348 349 349 347 346 347 349 348 351 350 350 348 350 350 351 351 352 350 347 348 348 347 347 347 349 348 350 348 350 350 349 345 348 349 348 350 350
350 350 349 348 349 349 348 351 352 350 350 348 348 349 350 349 350 350 348 348 354 353 351 351 350 350 350 349 349 348 348 347 348 346 346 349 350 349 349 348 348 347 347 344 348 351 352 352 350 352 352 352 351 349 350 348 349 348 346 347 344 344 344 346 349 349 346 345 348 350 348 350 350 351 349 348 348 347 346 347 347 349 349 350 350 348 349 346 349 349 349 348 350 347
349 349 349 348 346 347 349 351 350 349 348 347 348 346 347 348 349 351 351 350 354 352 351 350 349 349 349 348 348 348 347 347 347 346 347 349 348 348 348 347 347 346 345 346 348 351 350 351 350 352 353 352 351 350 351 346 350 349 350 348 349 346 342 344 346 345 346 348 348 349 350 348 349 351 350 348 347 348 347 346 348 349 349 348 346 346 348 348 348 348 347 348 348 348
348 348 349 348 350 349 350 351 351 348 347 348 347 348 349 351 349 348 347 350 353 353 352 352 351 351 350 346 347 347 348 347 346 346 349 348 346 347 348 348 348 348 349 350 351 345 347 350 350 353 349 350 352 350 345 349 350 349 349 348 349 347 341 341 344 345 347 346 344 347 349 350 348 350 351 349 347 347 345 345 348 347 349 347 348 348 349 348 346 347 346 346 345 346
348 349 349 349 349 350 351 350 348 348 349 347 347 349 346 347 349 347 350 349 349 351 352 347 348 348 347 346 346 345 346 344 343 346 347 344 345 346 348 345 344 342 346 349 347 347 350 350 349 350 348 351 352 351 349 351 348 348 349 347 346 343 344 343 343 346 346 345 346 347 348 349 348 350 350 349 347 348 347 345 345 347 348 348 346 347 347 346 345 346 344 346 345 346
348 348 348 348 350 349 350 349 348 347 346 346 347 348 348 349 350 346 349 350 350 352 350 349 344 346 345 343 344 347 348 347 347 346 348 347 347 345 345 343 347 348 349 349 349 349 350 350 345 342 346 346 351 350 349 348 348 347 346 345 344 346 345 345 346 345 347 346 345 346 346 346 347 349 350 350 346 346 348 347 345 347 347 347 346 346 344 348 345 345 345 345 345 345
347 348 349 350 350 349 349 349 348 348 347 347 348 349 347 349 348 348 348 348 348 350 348 345 343 344 345 344 347 348 347 348 348 348 348 348 346 345 346 345 346 349 346 349 350 348 349 349 347 346 346 345 344 348 345 349 348 349 346 343 343 343 343 343 344 346 347 347 347 348 348 348 349 349 348 349 348 349 349 348 346 347 346 346 345 346 345 344 347 346 344 345 344 344
348 348 348 349 348 349 348 349 348 348 347 346 348 347 348 348 349 349 348 350 348 351 350 348 347 346 347 346 347 349 347 348 348 347 348 348 348 348 347 349 349 350 347 347 350 346 349 346 350 348 347 344 346 347 346 346 346 347 346 344 342 336 338 343 342 345 346 347 347 348 347 346 347 347 348 350 350 348 349 346 347 347 346 345 346 344 344 345 345 345 344 343 342 344
348 347 349 348 348 349 349 347 347 347 347 347 347 348 348 349 350 351 350 351 351 351 350 348 346 347 346 347 348 348 348 349 349 348 348 348 348 348 347 347 349 349 348 348 345 347 348 345 348 349 349 348 347 347 347 347 346 347 346 345 342 339 342 342 343 345 346 346 345 346 346 346 345 349 349 350 350 349 346 348 347 347 345 345 344 344 344 345 343 340 342 342 337 341
349 349 349 348 348 349 348 348 347 347 346 346 348 348 348 348 348 349 351 351 351 350 348 348 349 348 348 348 349 350 348 348 348 348 347 347 348 347 347 346 347 347 346 348 348 346 345 347 343 347 347 349 347 348 347 342 344 347 347 345 343 344 345 346 345 345 346 345 344 346 346 347 348 348 348 349 349 346 347 345 348 347 346 343 344 344 343 344 340 342 342 341 342 342
348 349 348 349 348 349 347 345 346 347 347 348 349 348 348 345 349 349 351 351 351 350 350 349 348 349 349 350 349 349 346 345 347 347 347 347 347 347 347 347 345 347 340 343 342 341 341 346 345 346 347 345 347 347 347 344 343 345 346 346 341 344 345 345 345 347 345 344 344 346 348 348 348 347 347 348 349 349 347 345 346 345 346 345 344 342 342 342 336 336 337 335 338 340
348 349 349 348 348 348 348 349 349 349 348 349 348 348 349 348 349 349 351 350 350 351 350 348 348 350 349 350 349 348 349 346 347 347 346 347 346 346 346 346 345 343 341 342 341 342 343 344 343 343 341 345 345 343 346 344 344 345 346 344 343 343 344 344 344 344 345 345 343 345 346 346 347 348 348 348 349 347 348 346 346 345 344 343 343 342 341 341 341 341 339 339 341 337
347 348 349 347 348 348 348 348 348 350 350 350 350 350 350 349 350 350 349 350 348 348 349 347 347 350 346 345 348 349 349 348 346 345 342 344 344 346 345 345 344 343 344 343 342 342 343 343 345 344 343 344 345 346 343 345 342 341 341 344 342 343 344 343 343 342 343 343 344 345 346 347 347 346 347 348 348 346 346 347 345 343 345 342 343 340 340 339 340 339 339 338 338 339
348 348 347 348 348 348 348 349 349 349 348 350 346 347 350 350 349 347 346 346 348 350 349 348 345 349 347 346 345 349 347 349 347 347 345 346 346 344 343 344 345 344 343 342 343 343 343 341 342 342 342 341 344 339 341 343 342 341 338 341 342 342 343 342 342 343 343 342 343 339 343 344 346 347 347 347 348 345 345 346 343 344 343 341 339 340 341 340 339 339 338 338 337 337
348 348 348 348 348 348 345 347 347 344 349 349 345 348 348 350 345 344 344 345 346 349 349 349 347 347 347 344 347 348 345 345 348 348 349 348 345 346 345 343 341 343 344 343 343 343 344 342 340 339 340 341 337 341 343 338 336 336 338 341 340 342 341 341 342 340 341 342 342 341 341 343 345 346 347 346 347 347 343 344 343 344 344 341 340 342 340 338 339 338 337 337 335 334
347 346 346 347 348 349 347 344 343 347 349 347 346 347 347 350 350 347 344 345 344 349 349 346 348 347 344 344 348 348 348 346 347 349 347 347 347 345 345 343 344 341 341 342 342 342 342 342 339 340 338 338 338 338 337 344 342 341 339 339 339 340 341 341 341 340 339 340 342 342 344 344 344 345 346 346 347 347 346 344 343 344 344 340 341 342 342 337 337 337 336 336 335 333
344 344 347 348 347 348 348 347 344 349 348 344 345 348 350 349 350 349 349 349 349 348 348 347 347 346 342 345 347 348 348 346 346 346 346 346 345 346 346 344 343 339 339 341 341 341 341 337 341 340 338 338 338 338 335 342 340 341 337 338 338 336 337 337 335 339 336 339 338 341 343 344 344 344 345 344 346 346 344 345 344 344 342 339 341 340 339 338 338 337 335 334 332 333
341 342 343 345 347 347 348 349 349 350 347 347 348 350 350 350 349 350 349 347 348 346 347 342 346 343 343 345 348 348 347 347 347 346 346 346 345 347 343 343 343 342 342 342 339 339 339 338 340 337 338 338 337 337 340 339 336 335 336 336 336 332 332 335 337 328 333 336 332 338 341 342 342 341 345 342 345 346 344 341 341 342 342 341 340 340 340 338 338 337 335 334 332 330
340 340 343 341 343 345 348 347 344 347 345 350 349 349 349 350 347 347 346 348 345 342 345 342 345 346 347 347 346 347 348 346 346 346 346 343 344 343 343 346 344 342 343 343 340 339 339 338 338 339 339 338 334 338 334 334 334 336 336 335 333 330 323 321 325 328 330 328 324 328 331 336 339 338 342 342 344 341 343 344 345 345 344 341 340 341 342 339 339 337 334 323 313 326
341 339 344 346 345 346 345 344 348 349 348 349 349 350 350 350 348 347 344 343 346 347 342 344 345 344 345 343 345 347 347 347 346 345 344 343 343 342 343 342 342 345 342 343 343 340 340 338 335 338 337 334 337 336 335 335 333 332 329 332 327 326 319 320 315 317 313 318 316 322 332 336 339 341 342 342 345 339 342 338 341 339 340 344 341 341 340 339 336 330 319 316 318 311
342 338 341 341 344 343 341 345 346 347 347 347 349 350 349 348 348 348 343 345 347 348 345 345 345 344 345 345 344 346 345 344 346 345 345 344 344 343 342 342 341 339 340 340 338 340 341 339 338 336 335 334 335 336 336 335 333 329 321 327 326 320 320 318 313 319 319 310 314 320 318 334 339 334 338 342 344 341 340 335 332 335 337 339 343 341 338 334 329 317 319 316 318 309
346 342 344 344 347 348 348 346 346 349 349 349 348 348 345 344 349 349 348 349 344 346 346 344 345 347 345 348 347 345 344 346 347 346 345 342 344 344 342 341 340 339 340 341 339 340 339 339 339 337 334 335 333 328 332 332 330 331 322 321 321 323 318 318 309 299 300 317 327 333 332 331 337 338 338 340 343 332 338 330 320 317 314 337 340 342 334 307 311 323 327 327 324 320
347 347 347 346 347 348 349 349 348 348 348 349 348 347 349 348 347 348 349 348 349 348 347 349 349 347 345 348 346 345 344 343 343 346 344 344 343 343 342 341 341 341 341 340 339 338 338 337 337 334 335 333 332 333 330 330 325 321 322 321 320 308 315 308 304 288 291 307 318 331 333 324 334 339 341 342 343 338 332 322 323 318 332 335 339 323 318 306 324 329 330 322 320 318
349 349 347 346 348 346 343 345 344 343 345 347 348 346 344 346 348 346 348 347 348 347 344 344 341 343 343 343 345 344 343 343 345 345 346 344 344 344 342 341 342 341 342 340 337 339 335 335 337 334 333 325 327 329 327 322 318 297 314 318 318 322 318 318 313 311 306 298 288 313 326 328 333 334 339 341 342 339 332 326 325 327 337 337 337 337 336 333 334 333 330 331 331 331
347 346 346 345 345 346 342 340 342 342 341 342 344 346 342 345 348 347 348 347 343 344 344 343 338 341 342 344 343 344 344 344 344 342 341 342 345 344 342 343 342 342 339 338 338 337 336 335 336 335 334 303 331 329 319 311 310 314 318 319 321 325 323 318 320 313 311 307 305 307 329 329 332 334 337 342 339 339 329 330 329 336 338 337 336 341 337 337 337 335 333 333 316 322
344 340 343 343 343 345 342 343 345 342 345 342 345 344 344 347 347 348 347 347 344 341 339 340 343 341 339 339 341 342 343 343 341 341 340 339 341 345 344 343 342 341 339 338 337 336 335 335 333 332 333 329 325 324 326 325 323 323 327 326 327 327 330 328 326 319 318 316 317 319 324 331 329 334 338 342 339 339 337 334 336 337 335 337 337 336 334 340 332 339 334 332 322 317
