sesion_6_simulaciones/modelos_distribucion_especies/ejemplo/variables/futuro_A2/2030/TMNV.asc
ncols 708
nrows 329
xllcorner -7.525000
yllcorner 35.991667
cellsize 0.008333
NODATA_value -9999
[rows 123 to 163 of 329, columns 564 to 657 of 708]
178 180 183 182 180 179 178 178 178 178 178 178 179 179 180 181 181 182 182 182 182 182 181 180 179 180 178 178 177 177 178 178 178 178 178 178 178 177 176 176 173 176 176 175 175 174 172 173 176 177 177 177 177 177 177 177 177 177 177 177 176 176 176 176 175 175 175 174 174 174 172 173 172 172 171 170 171 171 171 171 171 172 172 173 175 175 174 176 178 178 180 182 182 180
179 179 182 184 182 181 181 178 178 179 179 179 180 180 180 180 181 181 182 182 183 181 182 179 180 180 178 178 177 178 178 178 178 178 178 178 177 177 177 176 176 176 175 174 172 173 173 170 174 174 177 176 176 176 176 177 177 177 177 177 177 176 176 176 176 175 175 174 174 173 172 171 171 169 170 169 169 170 169 169 168 170 168 170 172 172 173 176 177 179 180 182 183 183
179 181 182 183 183 182 182 180 179 179 180 181 180 180 181 181 181 182 182 183 182 181 180 180 180 179 178 178 178 177 178 178 178 178 178 177 177 177 177 176 176 175 173 172 170 172 171 173 175 175 176 176 176 176 176 176 176 176 176 176 176 177 176 176 176 175 174 173 172 172 171 170 168 162 166 164 164 166 164 162 161 165 168 171 172 173 173 175 179 180 181 182 183 183
179 181 182 183 184 183 182 181 180 180 180 181 181 181 181 181 182 182 183 182 182 182 182 180 180 180 179 179 178 178 178 178 178 178 177 177 177 176 176 175 175 174 173 168 170 172 173 173 174 174 174 175 176 176 176 176 176 176 176 176 176 176 176 175 175 175 172 171 170 169 165 167 167 162 157 157 155 157 156 159 165 166 166 166 170 172 173 176 177 178 180 182 183 183
178 179 181 182 183 184 183 182 181 181 181 181 181 181 182 182 182 183 183 182 182 182 181 180 180 179 179 178 179 178 178 178 178 178 177 176 175 171 171 172 173 173 172 169 171 171 173 173 173 174 174 175 175 174 173 173 175 176 175 175 175 173 170 166 170 171 166 164 163 161 160 158 159 156 154 155 162 162 167 169 170 170 165 165 165 165 164 175 178 180 181 182 183 184
179 180 181 183 182 184 184 182 182 182 183 182 182 182 182 182 183 183 184 183 181 181 180 180 180 180 180 179 179 179 179 178 178 178 177 176 172 170 168 165 167 166 169 168 169 172 172 172 172 172 173 173 174 174 174 174 175 174 173 174 173 172 171 171 170 169 166 164 161 161 160 160 160 164 165 164 165 170 172 173 173 172 168 169 171 172 175 177 179 180 181 182 183 184
180 182 181 183 182 184 184 184 183 182 182 182 182 183 183 183 183 183 183 182 181 181 180 180 181 181 180 180 180 179 179 178 178 178 177 176 174 170 166 165 163 163 166 165 166 169 170 170 169 170 168 169 172 171 170 173 171 166 169 173 172 173 172 170 166 168 162 158 157 157 160 163 167 170 170 171 172 174 174 175 175 175 174 175 176 176 178 180 181 182 183 183 183 184
180 180 182 183 183 184 184 183 183 182 182 183 183 183 183 183 183 184 182 181 181 181 182 182 181 181 181 180 180 180 180 179 178 178 177 176 175 173 170 164 165 164 163 164 166 168 167 163 168 162 165 167 169 170 170 172 172 171 168 170 171 170 170 164 166 168 165 157 154 157 165 167 170 172 173 174 175 175 175 176 177 178 178 179 180 180 181 181 181 183 183 184 184 184
180 182 182 183 183 185 184 183 183 182 183 183 183 183 183 184 184 183 182 182 182 182 181 181 180 180 180 180 180 179 180 179 178 178 177 176 176 175 172 167 166 167 166 169 168 168 168 164 163 162 159 161 166 166 168 168 167 165 165 167 168 166 162 162 165 169 167 160 166 168 170 167 166 172 174 175 176 176 176 178 179 179 179 180 181 181 182 182 181 180 184 184 183 184
181 181 182 183 184 185 184 183 183 183 183 183 183 183 183 184 183 183 183 182 182 182 182 180 181 180 180 179 179 179 179 179 178 178 178 177 176 176 175 172 168 170 171 172 171 170 165 164 162 158 161 165 164 162 166 168 164 159 160 164 162 162 165 162 163 170 171 170 171 172 173 173 174 175 176 176 177 177 177 178 179 180 180 181 181 181 179 180 183 183 181 180 181 182
183 184 184 183 185 185 184 183 183 184 184 184 184 183 183 184 184 183 182 182 182 181 181 181 180 179 179 179 179 178 179 178 179 178 178 177 177 176 176 175 174 173 173 173 172 172 169 170 168 164 165 169 169 169 166 164 166 165 161 161 161 162 168 171 172 173 173 173 173 174 174 175 176 176 177 178 178 179 179 179 180 179 178 180 180 180 181 182 182 181 181 180 181 182
185 184 184 185 185 184 184 184 184 184 185 185 185 184 184 184 183 183 183 182 181 181 181 180 180 180 180 180 179 179 179 178 178 178 178 177 177 176 176 175 171 171 174 174 173 173 172 172 171 171 171 171 171 170 171 171 171 170 168 166 170 171 173 174 174 174 174 174 175 174 176 176 176 177 178 178 179 178 177 177 178 179 178 179 180 180 181 181 181 181 180 180 181 181
185 186 185 185 185 185 185 185 184 185 184 184 184 184 184 184 184 183 183 182 182 181 180 180 180 180 180 179 179 178 178 177 177 177 177 177 176 173 175 175 175 175 174 174 174 173 174 173 173 173 173 173 173 173 173 173 172 172 172 173 173 174 174 175 175 175 175 176 176 176 177 177 178 178 178 175 176 178 176 176 176 178 179 179 179 180 180 181 180 180 180 179 180 179
186 184 180 183 184 184 185 185 185 185 184 184 184 184 184 183 183 183 183 182 182 181 181 181 180 180 180 179 179 179 178 178 178 178 177 177 177 177 176 176 176 175 175 175 174 174 175 175 174 174 174 174 174 174 174 174 174 174 174 175 175 175 176 176 176 176 176 177 177 177 177 178 177 177 177 176 176 177 177 176 175 176 178 179 179 180 180 179 178 176 177 176 178 178
183 177 175 180 182 183 184 184 185 185 184 184 184 183 184 183 183 182 182 182 182 182 181 181 181 180 180 180 180 179 178 178 178 178 177 177 177 177 177 176 176 176 176 176 175 175 175 175 175 174 174 174 174 174 174 174 174 174 174 175 175 175 175 175 175 176 176 176 177 176 177 176 177 175 176 175 175 174 175 175 175 177 178 179 179 178 175 174 173 169 168 174 177 177
174 172 172 177 182 183 183 184 184 185 185 184 184 184 183 183 183 182 182 182 181 182 181 181 181 181 180 180 179 179 180 179 178 177 176 177 177 178 177 177 177 176 176 176 176 176 175 175 174 174 173 174 173 174 173 173 173 174 174 174 175 175 175 175 175 175 176 176 176 176 177 176 174 174 175 175 175 174 174 174 176 177 178 178 176 172 173 173 173 174 175 176 177 177
168 167 174 179 182 183 183 184 184 184 184 184 184 184 183 183 183 182 182 182 181 181 181 180 180 180 179 179 178 178 178 178 178 179 178 177 177 177 177 177 176 176 176 176 175 175 174 174 173 173 172 172 172 172 172 172 173 173 174 174 174 175 175 175 172 175 176 176 176 176 176 176 176 175 175 175 175 175 174 174 175 176 175 173 175 175 175 176 177 176 175 177 179 177
166 171 171 180 182 183 183 183 184 184 184 184 184 184 183 183 183 183 182 181 181 181 181 180 180 180 179 179 178 178 178 177 177 177 177 177 177 177 176 176 176 176 176 175 176 175 174 173 173 172 172 171 171 171 171 172 172 173 173 173 174 174 174 174 173 175 175 175 175 175 176 176 176 176 175 175 175 175 175 175 174 174 170 174 176 174 175 176 177 177 177 175 176 178
171 176 177 180 182 183 183 183 184 184 184 184 184 184 184 184 183 182 182 182 181 180 180 180 180 179 179 178 178 178 177 177 177 176 176 176 176 177 177 176 176 176 176 176 175 175 174 174 173 172 172 171 171 171 171 171 173 172 172 173 174 174 174 174 174 174 175 174 174 175 175 175 175 175 176 176 176 176 175 174 174 172 173 175 176 176 177 176 177 178 178 177 176 178
180 178 180 181 182 183 183 183 183 183 184 184 184 184 184 184 183 183 182 182 181 180 180 179 179 179 179 178 178 178 178 177 177 176 176 176 176 176 176 176 176 176 175 175 175 175 174 174 174 173 172 172 172 172 172 172 172 172 172 173 174 174 175 175 175 175 175 175 175 175 176 175 176 175 175 176 176 176 175 173 167 174 176 176 177 177 178 177 177 179 179 179 178 179
180 178 179 181 182 182 183 183 183 183 183 183 183 183 183 183 182 182 182 181 180 180 180 179 179 178 178 178 177 177 177 176 175 175 175 175 175 175 175 175 175 175 175 175 174 175 175 175 174 174 173 174 173 173 173 172 173 173 174 174 174 175 175 176 176 176 176 176 176 176 177 176 176 176 175 176 176 176 173 168 174 176 177 177 176 176 177 177 177 179 180 178 178 179
179 178 178 180 180 181 181 181 181 181 182 182 182 182 182 181 181 180 180 180 179 178 178 178 178 177 177 176 176 175 175 173 171 171 170 172 173 172 172 173 173 173 174 174 173 173 173 173 172 172 173 171 171 171 171 171 171 172 173 173 174 175 175 176 176 176 176 176 176 177 177 176 176 176 176 174 175 176 174 174 177 178 178 177 176 177 178 179 176 179 181 180 179 179
177 178 178 180 180 180 181 181 181 181 181 181 181 182 182 181 181 180 180 179 178 178 178 178 177 177 176 176 175 175 173 172 171 167 167 172 173 172 172 171 172 172 171 172 173 172 171 171 172 170 171 171 169 169 169 169 167 169 170 172 173 174 174 174 175 176 177 177 177 178 177 176 176 176 176 176 173 176 178 180 179 178 178 178 177 178 178 180 177 178 180 182 180 181
177 177 177 177 179 180 181 181 181 181 182 181 182 181 181 181 181 180 180 179 179 178 178 178 177 176 176 176 174 174 172 173 171 171 170 171 172 172 172 172 172 170 171 172 171 171 171 170 171 172 172 171 171 171 169 170 170 168 168 169 170 172 169 171 172 172 170 172 177 178 173 174 172 171 177 176 174 174 175 180 180 179 179 179 177 177 178 181 178 180 180 183 181 181
176 176 176 177 179 180 181 181 181 181 181 181 182 181 181 180 180 180 179 179 179 178 178 177 177 176 176 175 175 175 174 173 173 172 171 171 171 171 172 171 171 172 171 170 171 171 172 171 173 172 173 173 172 170 170 170 169 169 168 169 170 171 172 170 170 170 173 175 180 178 175 174 174 175 174 179 178 178 180 180 181 182 181 179 179 179 179 181 181 182 181 184 183 183
175 175 175 176 178 180 180 181 181 181 181 181 181 181 181 180 180 180 179 179 178 178 177 177 177 176 176 175 175 174 174 173 173 172 171 170 170 171 170 168 170 171 170 169 170 172 172 173 174 174 174 174 174 174 173 170 170 170 170 173 170 173 174 173 176 173 174 176 178 181 177 176 179 177 180 180 178 179 181 181 181 182 182 181 180 181 178 178 183 182 183 184 185 184
174 174 174 175 177 179 180 180 181 181 181 181 181 181 181 180 180 180 179 179 178 178 177 177 177 176 176 175 175 174 174 173 173 172 171 170 168 168 168 169 170 170 170 168 166 171 172 173 173 174 175 175 175 175 174 172 170 168 171 171 173 176 175 176 177 176 176 177 178 180 181 181 179 181 181 180 181 181 182 182 183 184 182 182 180 182 181 182 184 184 184 185 186 186
173 173 171 174 175 179 180 180 180 180 181 181 181 181 180 180 180 179 179 179 178 178 177 177 177 176 176 175 175 175 174 173 169 168 170 169 168 166 168 168 168 169 169 168 166 168 171 172 173 174 175 175 176 176 175 174 175 173 175 175 175 177 178 178 178 179 178 179 179 181 182 183 184 183 182 182 183 183 183 183 184 184 184 183 183 183 183 183 185 184 185 186 187 188
171 172 171 173 174 178 179 179 180 180 180 180 181 180 179 179 179 179 179 178 178 178 177 177 177 176 176 175 175 175 174 173 171 170 168 170 169 169 169 168 168 168 168 166 167 167 168 169 172 173 174 175 175 176 176 176 176 176 176 176 177 178 179 179 179 180 180 180 180 181 181 182 184 185 183 184 184 184 184 184 185 185 185 184 184 184 184 185 185 186 187 187 188 188
169 171 172 173 174 178 178 179 179 180 180 180 180 180 179 179 179 179 179 178 178 178 177 177 177 176 176 175 175 174 174 172 172 172 171 171 166 170 170 169 169 168 163 165 164 164 166 170 171 172 173 172 174 173 176 177 177 177 177 177 178 178 178 179 181 181 180 180 181 181 182 183 184 185 185 185 185 185 186 186 185 186 186 185 185 186 185 185 186 187 187 188 189 189
171 172 173 174 175 177 177 178 179 179 180 180 180 180 179 179 179 179 178 178 178 178 177 177 177 176 176 175 174 174 173 173 173 172 172 169 171 171 169 169 170 168 160 161 166 165 168 170 170 170 172 171 172 173 175 177 177 177 178 178 178 178 178 179 180 182 181 181 182 182 183 184 183 184 186 185 186 186 187 187 187 187 187 187 186 187 186 186 186 186 187 189 190 190
171 172 173 175 174 176 177 177 178 178 179 180 180 179 179 179 179 178 178 178 178 178 177 177 177 176 176 175 175 174 173 174 173 173 173 173 173 171 171 170 172 168 166 165 169 169 171 171 172 171 173 174 174 174 176 177 177 176 177 178 179 178 179 180 181 183 182 182 183 183 183 184 184 184 186 188 187 188 187 188 188 188 188 188 188 188 187 187 187 188 188 187 190 190
170 172 173 173 174 176 176 177 177 178 178 180 179 180 179 179 179 178 178 178 178 178 177 177 177 176 176 175 174 174 174 174 173 173 174 174 174 173 173 172 171 173 172 171 170 171 172 173 172 172 173 175 175 175 175 177 178 178 178 179 179 179 179 180 180 182 184 184 184 185 184 184 185 185 186 187 188 188 189 189 189 189 189 189 189 189 188 187 187 187 188 189 189 191
169 169 171 173 173 175 175 176 177 177 177 179 178 178 179 178 178 178 178 177 177 177 177 177 177 176 176 175 174 174 174 175 174 174 174 174 174 173 174 174 175 173 172 171 168 171 171 175 174 175 174 174 175 173 175 177 177 179 177 176 179 181 179 181 182 182 182 183 185 187 185 186 186 186 187 188 188 189 190 189 189 189 190 189 189 187 186 188 186 188 188 187 188 190
166 170 171 172 172 173 173 175 176 176 177 177 177 177 178 178 177 177 178 177 177 177 177 177 177 177 176 176 175 175 174 175 175 175 174 176 175 175 176 175 174 175 174 174 172 172 172 176 176 175 177 175 175 177 176 177 176 176 177 175 176 178 181 180 179 178 181 183 182 185 187 187 188 188 188 189 189 190 189 191 191 190 191 191 190 191 191 190 187 188 189 191 189 191
166 166 169 170 171 171 172 172 175 176 176 178 176 177 177 178 177 177 177 177 177 177 177 177 177 177 176 176 176 176 175 175 176 175 173 176 175 175 177 176 176 176 175 177 176 176 174 178 177 179 179 176 177 177 179 175 175 176 180 176 177 176 176 184 176 179 180 184 185 187 188 189 189 189 190 190 190 190 191 191 191 191 191 191 191 192 191 191 190 190 191 192 193 194
161 162 165 168 169 170 171 171 171 174 175 176 176 176 176 177 176 176 177 177 176 177 176 177 177 177 177 177 177 176 175 176 176 177 175 175 177 177 177 177 178 176 178 178 178 179 179 178 179 179 180 179 179 179 181 180 177 175 177 181 181 178 177 182 183 181 182 183 187 188 189 190 190 190 190 191 190 191 191 192 192 192 192 192 192 193 192 192 190 191 192 193 194 195
159 161 162 164 167 169 170 170 171 173 175 175 175 175 176 177 176 176 176 176 176 176 176 177 177 178 177 178 177 177 176 176 176 177 178 177 176 178 179 178 179 178 180 180 180 181 181 181 182 182 182 182 179 181 183 184 183 182 178 180 184 186 184 184 185 185 185 187 189 190 190 190 191 191 191 191 191 192 192 192 192 193 192 192 193 193 192 192 192 192 193 188 193 194
149 154 157 163 166 168 169 170 170 172 176 172 174 175 175 176 175 175 176 177 176 175 176 177 177 178 178 179 178 177 177 177 176 177 179 178 179 178 178 180 180 181 181 181 182 182 182 182 183 183 183 183 183 184 184 185 186 186 185 185 187 187 188 187 188 188 188 187 189 190 190 191 191 191 192 192 192 192 192 193 192 193 193 194 194 193 191 192 192 192 193 194 194 196
152 158 162 165 166 167 167 170 169 173 172 170 173 174 175 177 176 175 176 176 175 175 176 176 177 178 178 179 179 178 177 178 177 178 179 180 178 180 181 180 181 182 182 182 183 183 184 184 184 184 185 185 185 185 186 187 187 187 188 188 188 188 189 188 189 190 190 190 190 191 192 191 192 192 193 192 192 192 192 193 194 194 194 194 195 194 193 193 193 193 195 196 196 197
155 159 163 164 164 167 166 167 169 173 170 172 173 174 175 175 175 175 176 176 174 175 174 176 177 177 178 179 180 179 180 179 179 179 180 180 181 181 181 182 181 183 183 184 184 184 185 185 185 185 185 186 186 186 187 187 187 188 188 189 189 189 190 190 190 190 191 191 192 192 192 192 192 193 193 192 194 193 193 193 194 195 195 195 195 195 195 195 195 194 195 195 197 197
