sesion_6_simulaciones/modelos_distribucion_especies/ejemplo/variables/futuro_A2/2030/TMNV.asc
ncols 708
nrows 329
xllcorner -7.525000
yllcorner 35.991667
cellsize 0.008333
NODATA_value -9999
[rows 41 to 81 of 329, columns 282 to 375 of 708]
186 186 186 186 187 187 187 187 187 188 188 187 187 186 187 187 187 187 187 188 187 188 188 188 189 190 191 192 194 195 196 197 199 200 200 201 202 201 201 201 201 200 200 200 199 198 198 198 198 197 197 196 196 196 195 194 193 192 190 189 187 186 185 184 182 181 180 180 179 179 180 180 179 180 179 179 179 180 181 181 182 181 181 181 -9999 -9999 -9999 -9999 -9999 -9999 -9999 -9999 -9999 -9999
184 185 186 186 187 187 187 187 188 188 188 188 187 187 187 187 187 187 188 188 188 189 189 189 189 190 191 192 194 195 196 198 199 200 201 201 202 202 202 201 201 200 200 199 199 198 198 197 197 196 196 195 195 194 194 192 191 190 188 186 185 184 183 181 179 178 178 177 177 177 177 177 178 178 178 178 179 180 180 180 180 180 180 181 181 182 182 181 181 181 -9999 -9999 -9999 -9999
185 185 186 186 186 187 187 187 187 187 188 188 187 187 187 187 187 188 188 188 188 189 189 190 191 191 192 193 194 195 196 197 198 199 201 201 202 202 202 202 201 200 200 199 198 198 197 196 196 195 195 194 194 193 192 190 188 187 185 184 183 181 180 179 177 176 176 175 175 175 175 176 176 177 177 177 178 178 179 179 179 180 180 180 181 182 181 180 179 181 -9999 -9999 -9999 -9999
185 185 186 186 186 186 187 187 187 187 188 188 187 187 188 187 188 188 188 189 189 190 190 191 191 192 192 193 194 195 196 197 198 198 200 201 201 201 201 201 200 200 199 199 198 197 196 195 195 194 194 193 193 191 189 188 186 184 183 181 180 178 177 175 174 174 173 173 172 172 173 174 174 174 175 175 177 177 178 178 179 180 180 180 181 181 181 180 180 180 180 180 181 181
185 186 185 184 185 186 186 187 187 187 188 188 188 188 188 188 188 189 189 189 190 190 191 192 192 192 193 194 194 195 196 197 198 199 198 199 201 201 200 199 199 199 199 198 197 196 195 195 194 193 193 192 191 190 188 186 184 182 180 179 177 175 174 173 171 171 170 171 171 171 172 173 173 173 173 175 176 177 177 177 178 179 180 180 180 180 180 180 179 179 179 180 180 180
185 185 186 185 184 185 186 187 187 187 188 188 188 188 188 188 189 189 189 190 190 189 190 192 193 193 194 194 194 195 196 197 198 199 198 199 200 200 199 198 198 198 197 197 196 195 194 194 193 193 192 191 190 188 186 184 182 180 178 177 174 173 171 169 169 168 168 168 169 169 171 171 172 172 173 174 175 176 176 177 177 179 179 179 179 179 179 179 179 179 179 180 180 179
186 186 185 185 186 185 186 186 186 187 187 188 188 188 188 188 189 189 190 190 191 190 190 192 193 194 194 195 195 195 196 197 198 198 198 198 198 199 198 198 197 197 196 196 195 194 194 193 193 192 191 189 188 186 185 182 181 178 176 175 172 171 169 168 167 166 166 166 167 168 169 170 171 171 172 173 174 176 177 177 178 178 178 178 179 178 178 178 178 179 179 179 179 179
187 186 187 186 187 186 185 186 186 186 187 187 188 188 188 188 189 190 190 190 191 192 192 193 193 194 194 195 195 195 195 196 198 198 198 198 197 197 197 196 196 195 195 194 194 193 193 192 192 191 189 188 186 185 183 182 180 177 175 173 171 169 167 166 166 165 165 166 166 167 168 169 170 171 172 173 174 175 176 176 177 177 178 178 178 178 178 178 178 178 178 178 178 178
186 187 188 188 186 185 186 186 185 185 185 187 187 187 188 188 189 189 190 190 191 192 192 192 193 194 194 194 195 195 195 195 197 198 198 197 196 196 196 195 195 194 194 193 193 192 192 191 190 189 188 186 185 184 182 181 179 176 174 172 170 168 167 166 166 165 165 166 166 167 168 169 170 171 171 172 174 174 175 176 176 176 177 177 176 177 177 178 178 177 178 178 177 177
187 187 187 188 188 188 187 186 186 186 185 185 184 187 187 188 189 189 190 190 190 191 191 192 193 194 194 195 195 196 195 195 195 198 197 197 197 195 195 194 194 193 193 193 192 192 190 189 189 188 187 185 184 183 182 180 178 176 174 172 170 168 167 166 166 166 166 166 167 168 169 169 170 170 171 172 173 174 175 175 175 176 176 176 176 176 177 177 177 177 177 177 177 176
188 188 188 188 186 188 185 185 185 184 183 184 185 184 186 186 187 188 189 190 190 191 191 192 193 194 194 194 195 195 194 195 195 197 197 196 195 195 195 193 193 193 193 192 192 191 190 189 189 188 187 185 184 182 181 180 178 175 173 172 170 169 168 168 167 167 167 167 167 168 169 170 171 170 171 171 172 174 175 175 175 175 175 176 176 176 175 176 176 176 177 177 176 176
188 188 188 188 187 187 187 187 186 185 185 185 185 183 185 184 186 187 187 188 189 190 191 192 193 193 193 194 195 195 194 195 196 197 196 195 195 195 194 194 193 191 191 192 191 190 189 189 188 188 187 185 184 182 181 180 178 176 174 173 171 169 169 168 169 168 168 169 169 169 169 171 171 171 171 171 172 173 174 174 174 175 175 175 175 175 175 175 175 175 176 176 176 175
188 189 189 188 188 187 187 186 185 186 185 184 184 184 185 185 186 187 187 186 189 190 191 191 192 192 192 193 193 195 196 196 196 196 195 195 194 193 193 193 194 193 191 191 191 190 189 188 188 187 187 186 184 183 181 180 179 177 175 173 171 170 169 169 170 170 170 170 170 170 171 172 172 172 172 173 172 173 174 174 174 174 174 175 175 175 175 175 175 175 175 174 175 175
187 189 188 185 185 188 186 183 183 185 185 186 184 184 184 184 184 185 186 186 187 188 189 190 191 192 192 193 194 194 195 195 196 196 195 194 193 193 192 191 193 193 192 190 190 189 188 188 187 187 186 186 184 183 182 180 179 177 176 174 173 171 171 170 170 171 171 171 172 172 172 173 173 172 173 174 173 174 174 174 174 174 174 175 175 175 175 175 176 175 175 174 174 175
189 189 189 185 185 184 187 187 186 185 185 183 185 186 186 186 186 187 185 186 185 185 188 189 190 191 192 192 193 194 194 193 195 195 194 194 193 192 193 193 191 192 192 191 191 190 188 187 185 185 185 185 184 183 182 181 179 178 177 175 174 172 172 172 172 171 172 172 173 173 173 174 173 174 174 174 174 174 175 174 174 174 174 175 175 175 175 175 176 175 175 175 175 174
189 189 189 188 189 187 186 186 187 187 188 185 183 185 187 187 188 187 187 187 184 187 187 188 189 189 189 191 192 192 192 193 194 195 194 194 194 194 193 193 193 192 191 191 191 190 188 185 185 184 184 184 183 182 181 181 180 179 177 176 174 173 172 172 172 172 173 173 174 174 174 175 175 175 175 175 175 174 175 174 174 174 174 175 175 175 175 175 175 175 175 175 174 174
189 189 189 189 189 189 188 189 187 185 187 189 188 187 185 186 187 188 187 187 187 188 188 188 188 188 188 189 191 191 191 192 194 195 194 194 194 194 195 194 193 192 192 191 189 190 187 185 184 184 184 183 182 182 181 180 180 179 178 176 175 174 173 173 173 172 173 174 174 174 175 175 176 175 176 175 176 176 175 175 174 174 174 174 175 175 175 175 175 175 175 174 174 174
189 189 190 190 190 190 190 190 190 188 186 188 190 190 190 187 185 187 188 189 189 189 188 188 188 187 188 188 189 190 192 193 193 192 195 195 193 191 192 194 193 192 193 190 189 190 189 186 184 184 183 183 183 180 180 181 179 177 176 177 176 175 174 173 173 173 173 174 173 174 174 175 176 176 176 175 176 176 175 174 174 174 174 174 175 175 174 174 175 175 174 174 174 175
189 190 190 190 190 190 191 191 190 188 187 186 186 190 191 190 190 190 188 188 189 189 189 188 189 189 189 188 187 188 189 191 192 192 192 192 192 193 193 194 191 192 191 190 188 188 190 187 185 184 183 183 184 183 184 183 182 179 177 176 176 175 174 174 173 173 173 174 174 173 173 174 175 177 177 176 177 176 176 175 174 173 174 174 174 175 175 175 174 174 175 175 174 175
189 189 189 190 191 191 191 191 191 191 190 189 185 188 190 191 191 191 189 186 188 188 189 189 189 188 188 188 187 186 190 188 190 191 191 191 191 193 193 194 194 192 194 190 190 189 191 187 185 185 184 183 183 184 183 181 181 179 179 177 176 175 175 174 174 174 174 174 173 173 173 174 175 177 177 177 177 177 175 174 173 173 173 173 173 173 174 174 174 174 173 174 175 175
188 188 189 190 189 190 191 191 191 191 191 190 190 190 187 191 189 186 187 187 188 188 189 190 190 189 188 185 187 187 188 188 187 190 190 191 191 191 190 192 192 193 193 190 190 190 192 188 185 186 184 186 184 185 184 182 181 178 178 178 178 177 175 175 175 175 175 175 174 174 174 174 175 175 177 177 176 177 175 174 173 173 173 173 173 173 173 175 174 174 173 173 175 176
184 186 188 189 190 190 190 190 191 191 191 191 191 191 189 190 188 188 186 187 188 189 188 190 189 188 188 188 188 184 184 184 185 186 188 189 189 188 189 190 190 192 193 191 189 191 190 190 187 185 185 186 185 187 183 182 180 180 179 178 178 178 177 176 176 175 175 176 176 175 175 174 176 177 178 177 177 177 176 175 174 173 173 173 173 173 173 173 174 174 173 172 174 176
185 185 187 187 189 189 190 190 191 190 191 192 191 191 191 191 190 189 188 187 187 188 188 189 190 189 188 189 189 187 184 182 185 187 187 187 185 185 187 187 190 189 190 192 190 192 190 189 187 189 187 187 188 185 183 183 182 181 180 179 179 179 178 178 178 176 176 176 176 175 175 175 174 177 178 178 177 177 177 178 175 175 175 174 173 173 173 174 174 175 173 174 175 179
184 185 187 187 186 188 189 189 189 189 189 189 191 192 191 191 191 191 189 186 186 187 188 189 190 190 190 190 189 191 188 189 189 187 191 189 185 186 188 185 183 185 188 190 192 191 192 192 189 186 186 187 189 186 185 184 183 184 180 179 179 178 179 179 178 178 178 177 177 177 176 175 174 174 176 178 178 177 177 178 179 177 177 174 173 173 173 174 175 175 177 175 177 174
182 182 185 186 185 186 186 186 187 190 190 191 191 191 192 192 192 191 191 189 187 189 186 186 187 188 191 191 191 190 191 191 191 191 191 188 189 187 189 188 188 186 183 183 182 183 185 187 191 189 186 187 189 187 188 184 183 181 180 180 179 180 178 180 178 178 178 178 178 178 178 177 176 175 175 178 176 175 174 177 178 180 178 176 175 174 173 176 177 175 177 178 177 174
184 184 183 182 183 183 184 186 188 186 188 189 189 190 192 191 188 191 190 190 189 188 188 186 186 187 187 187 190 190 190 189 192 191 192 192 190 190 189 190 190 187 187 186 185 186 186 184 188 188 187 186 190 185 186 185 183 182 181 181 180 180 180 179 180 179 178 177 178 179 179 177 177 176 178 178 177 176 174 174 173 176 179 178 176 173 176 177 177 175 176 176 178 175
183 183 184 185 186 186 185 186 187 187 188 187 188 188 189 192 189 187 189 188 189 190 189 187 188 187 186 187 187 186 189 188 187 188 191 192 191 190 190 188 187 187 187 186 189 187 187 190 189 191 182 185 190 186 182 181 181 181 181 181 181 181 180 180 179 180 179 179 178 178 179 177 177 176 177 178 177 175 175 175 176 175 173 178 175 172 174 177 177 173 174 178 177 172
182 183 181 182 183 183 184 186 187 188 188 186 187 188 190 191 192 190 189 189 186 190 191 190 191 189 190 189 188 188 187 186 187 189 189 189 188 188 189 189 188 187 186 184 187 188 189 191 189 186 184 184 190 187 185 183 181 181 181 181 181 181 180 181 181 180 180 179 179 178 180 179 177 178 178 178 175 175 175 176 178 177 178 179 176 174 174 177 174 172 175 175 173 171
181 181 181 183 184 186 185 186 188 188 188 189 189 190 191 187 189 191 192 191 190 191 190 191 191 191 191 190 188 186 187 187 186 186 186 187 188 191 191 191 188 188 187 185 185 186 189 190 192 190 189 186 190 187 184 181 180 180 180 179 180 181 180 181 181 180 181 180 179 179 178 179 177 177 178 176 176 176 175 175 175 178 179 180 177 178 176 173 176 176 178 175 171 171
183 181 181 181 185 186 186 185 185 187 189 188 190 189 188 187 187 189 189 191 191 191 191 191 191 190 188 189 189 188 188 187 185 187 188 187 187 188 190 191 189 189 188 186 186 186 185 186 186 187 191 186 190 185 182 181 179 179 179 180 179 179 178 178 178 180 180 181 180 180 180 180 178 178 178 178 178 177 175 174 174 174 175 178 179 178 177 176 176 176 177 174 173 173
185 184 182 183 181 183 185 185 184 187 186 187 187 186 185 186 188 188 188 190 191 191 191 191 190 191 190 189 190 189 190 189 189 187 186 187 190 191 192 190 188 185 186 184 185 185 186 186 187 186 189 191 191 187 185 182 182 181 180 180 179 180 177 177 177 177 176 177 177 176 179 180 179 178 178 176 175 176 176 175 174 175 177 176 175 176 178 177 177 176 172 172 171 173
185 186 183 184 184 182 184 185 185 186 186 185 184 185 184 184 186 188 190 188 190 191 191 191 191 191 189 190 191 190 191 190 190 189 188 187 188 187 189 192 189 187 184 184 182 182 182 185 186 187 186 185 186 191 186 186 185 186 180 181 181 180 180 179 178 177 176 176 175 175 174 178 179 179 176 175 175 175 176 177 175 175 172 176 177 176 175 177 176 175 171 172 172 172
186 183 183 185 185 184 182 182 183 183 184 184 184 185 185 185 185 185 188 187 188 189 191 191 191 191 191 190 189 188 187 187 189 189 188 188 190 187 187 186 189 192 185 184 187 185 182 182 184 186 187 187 186 188 191 190 188 188 186 182 183 182 181 179 180 178 178 177 175 175 175 179 179 176 174 175 175 174 174 175 177 176 174 174 173 173 175 176 174 171 172 170 172 171
186 185 185 185 187 185 185 185 185 185 185 184 185 183 183 185 185 185 186 188 189 191 188 187 191 191 191 191 191 190 189 186 186 186 186 185 190 191 192 190 191 187 185 185 186 187 186 186 183 182 183 188 190 188 186 183 188 190 185 180 185 183 180 179 181 182 180 177 177 177 178 181 179 178 174 175 174 175 173 173 172 176 175 174 175 175 174 175 172 174 172 171 170 170
186 186 186 186 184 186 186 186 186 185 183 183 182 184 185 187 186 186 186 185 189 190 188 186 186 189 190 190 190 190 190 190 188 187 185 186 185 186 188 189 192 189 190 188 187 187 189 188 185 186 188 187 189 187 185 185 187 190 185 184 184 180 180 179 183 182 179 177 179 180 180 181 175 174 175 174 175 175 175 175 173 173 174 175 174 173 171 174 174 170 169 170 170 169
187 187 187 188 186 186 187 184 182 183 183 184 181 181 184 186 186 186 188 189 189 188 189 187 188 189 189 190 190 190 190 190 190 189 188 186 185 184 184 186 191 191 190 191 191 190 190 188 187 187 189 187 191 190 188 186 187 190 189 187 185 183 185 186 181 179 182 185 183 183 180 175 174 173 174 174 174 173 171 172 173 173 173 172 173 174 172 173 172 170 170 169 169 168
189 188 187 188 187 187 186 184 184 184 182 183 183 182 183 184 186 185 185 184 186 185 186 188 187 189 190 187 188 190 189 189 189 189 188 189 188 185 185 184 187 191 192 189 190 191 190 189 190 190 190 190 188 187 187 190 183 184 187 185 187 186 182 186 182 184 185 178 177 179 177 176 175 175 174 176 174 174 171 172 173 173 172 171 171 171 172 172 172 171 169 169 169 169
189 189 189 185 183 187 186 186 186 183 182 181 181 182 181 183 183 183 183 183 183 183 186 188 188 188 188 189 190 191 190 189 183 185 184 185 185 185 185 185 185 184 184 183 185 189 189 190 191 191 191 189 190 190 189 189 188 189 187 187 182 186 187 185 186 184 182 181 178 179 178 177 175 175 175 176 174 175 173 172 172 172 172 172 171 171 170 170 171 169 167 169 168 170
188 189 188 184 183 188 187 186 186 184 183 183 181 182 180 181 182 182 184 183 183 184 185 184 186 185 188 190 185 189 189 185 188 186 189 187 187 185 185 185 185 185 185 184 183 183 183 186 183 185 187 186 187 189 189 190 190 189 189 187 184 185 183 181 180 179 178 177 178 179 179 179 177 177 175 175 175 174 173 172 171 172 173 172 172 170 171 169 172 170 167 168 170 169
190 190 188 187 187 185 184 184 183 185 184 183 182 182 183 185 184 184 182 182 182 182 182 184 184 184 187 188 184 189 190 188 186 190 189 188 187 188 186 184 184 185 185 185 185 184 183 184 183 182 181 181 181 183 186 188 188 189 189 188 188 186 184 180 181 179 180 180 179 180 179 178 177 175 175 174 176 173 172 174 173 173 173 171 172 171 169 170 169 170 167 170 168 166
191 187 185 186 190 189 185 184 184 184 185 185 185 185 185 185 186 185 185 186 185 183 180 182 184 184 182 183 185 185 190 190 190 190 189 189 189 187 183 184 184 184 185 185 185 185 185 185 185 184 184 182 182 181 180 182 185 188 188 188 186 186 186 185 184 181 180 181 181 179 180 178 177 177 177 175 175 173 174 172 174 172 172 171 171 171 170 169 170 170 170 169 168 167
