sesion_6_simulaciones/modelos_distribucion_especies/ejemplo/variables/futuro_A2/2030/TMXV.asc
ncols 708
nrows 329
xllcorner -7.525000
yllcorner 35.991667
cellsize 0.008333
NODATA_value -9999
[rows 41 to 81 of 329, columns 376 to 469 of 708]
-9999 -9999 -9999 -9999 -9999 -9999 -9999 -9999 -9999 -9999 -9999 -9999 -9999 -9999 -9999 -9999 -9999 -9999 -9999 -9999 -9999 -9999 -9999 -9999 -9999 -9999 -9999 -9999 -9999 -9999 -9999 -9999 -9999 -9999 -9999 -9999 -9999 -9999 -9999 -9999 -9999 -9999 -9999 -9999 -9999 -9999 -9999 -9999 -9999 -9999 -9999 -9999 -9999 -9999 -9999 -9999 -9999 -9999 -9999 -9999 -9999 -9999 -9999 -9999 -9999 -9999 -9999 -9999 344 346 348 347 349 345 347 349 348 347 344 346 358 347 349 348 336 337 340 339 -9999 -9999 -9999 -9999 -9999 -9999
-9999 -9999 -9999 -9999 -9999 -9999 -9999 -9999 -9999 -9999 -9999 -9999 -9999 -9999 354 350 354 350 351 347 347 346 346 349 -9999 -9999 -9999 -9999 -9999 -9999 -9999 -9999 -9999 -9999 -9999 -9999 -9999 -9999 -9999 -9999 -9999 -9999 -9999 -9999 -9999 -9999 -9999 -9999 -9999 -9999 -9999 -9999 -9999 -9999 -9999 -9999 -9999 -9999 -9999 -9999 -9999 -9999 -9999 -9999 -9999 -9999 -9999 -9999 348 350 352 353 355 349 350 350 354 354 355 355 338 328 339 336 340 338 340 337 346 344 339 343 343 346
-9999 -9999 -9999 -9999 -9999 -9999 -9999 -9999 -9999 -9999 -9999 -9999 -9999 -9999 354 353 353 354 355 351 355 352 352 351 -9999 -9999 -9999 -9999 -9999 -9999 -9999 -9999 -9999 -9999 -9999 -9999 -9999 -9999 -9999 -9999 -9999 -9999 -9999 -9999 -9999 -9999 -9999 -9999 -9999 -9999 -9999 -9999 -9999 -9999 -9999 -9999 -9999 -9999 -9999 -9999 -9999 -9999 -9999 -9999 -9999 -9999 -9999 -9999 354 350 353 349 356 347 347 348 349 344 338 351 347 347 351 353 352 349 348 348 349 349 351 350 341 352
354 354 354 355 353 354 -9999 -9999 -9999 -9999 -9999 -9999 -9999 -9999 -9999 -9999 354 352 355 356 356 356 352 354 354 352 348 350 353 351 345 350 352 352 352 350 353 352 352 353 353 352 352 351 351 349 346 346 347 347 351 350 345 341 356 351 351 344 346 344 348 345 342 345 345 352 355 357 358 357 354 355 354 355 350 354 348 346 344 346 340 358 357 350 345 354 349 344 348 349 349 348 348 349
353 353 354 354 355 355 -9999 -9999 -9999 -9999 -9999 -9999 -9999 -9999 -9999 -9999 355 353 356 355 357 356 355 353 353 349 354 348 353 353 353 354 352 352 353 353 353 353 353 353 353 353 352 352 352 353 352 351 349 348 352 347 350 350 338 346 348 360 354 355 348 345 351 344 345 349 356 353 356 355 357 359 355 355 356 355 352 352 346 337 353 357 356 349 347 347 347 345 345 349 349 341 345 344
352 351 352 354 355 355 355 354 355 357 -9999 -9999 -9999 -9999 -9999 -9999 354 355 351 357 357 357 350 352 356 352 354 348 352 354 354 352 353 353 353 353 354 353 353 353 351 353 351 353 353 352 352 352 351 352 351 356 355 356 357 355 357 359 359 359 356 351 350 349 354 356 358 357 355 355 354 354 355 354 353 354 352 353 351 345 349 353 347 341 348 346 345 348 349 344 339 346 340 348
352 351 351 351 355 354 354 354 356 356 -9999 -9999 -9999 -9999 -9999 -9999 352 346 352 348 355 356 355 355 350 352 350 352 355 355 354 355 355 354 354 354 353 355 355 355 353 353 352 351 354 353 352 353 352 345 349 348 354 349 349 352 355 361 358 355 358 357 347 354 353 352 352 352 355 360 353 355 354 352 355 354 352 353 347 351 338 356 348 343 344 345 349 350 346 339 342 341 347 349
351 351 351 351 353 353 351 353 354 354 354 354 348 349 351 352 351 351 352 352 346 352 351 347 350 352 355 351 355 356 352 354 352 354 352 353 354 354 354 355 354 353 353 352 352 353 354 353 352 350 351 351 348 350 347 350 352 361 356 343 346 350 352 354 352 353 353 354 351 358 358 360 359 357 355 350 351 352 351 348 353 354 353 339 344 344 348 343 341 343 343 346 354 350
350 351 351 351 351 351 349 351 353 354 351 343 349 346 348 351 350 355 357 352 350 352 352 350 352 353 354 354 351 348 353 353 352 352 351 354 354 353 355 353 354 354 354 350 353 353 350 352 351 347 353 350 350 349 350 358 357 356 350 355 349 349 352 354 350 354 351 353 349 349 356 361 356 355 356 351 353 352 355 351 353 355 352 350 350 343 347 343 347 345 344 351 344 351
350 350 352 352 351 350 350 351 351 349 347 346 348 350 350 349 349 348 347 354 350 352 346 354 355 355 354 347 349 350 352 351 351 351 352 353 352 353 352 355 353 354 354 352 353 352 350 353 350 352 351 351 350 351 353 353 344 360 356 346 350 350 350 349 352 351 351 352 351 352 355 361 357 352 355 348 352 346 354 353 349 355 357 349 346 347 339 347 349 347 351 353 353 350
350 350 351 351 350 350 350 348 347 348 348 348 349 350 349 339 349 347 350 351 348 354 351 354 351 349 352 349 351 348 349 350 350 351 353 352 352 350 352 353 353 353 352 349 353 352 350 353 353 351 349 353 345 352 344 352 361 362 354 352 348 348 347 342 345 353 351 351 350 351 349 352 358 352 352 350 352 350 353 354 354 357 356 353 347 354 354 355 356 353 355 350 355 352
350 351 351 349 348 349 349 348 349 349 349 350 350 350 350 349 348 349 350 337 340 350 351 353 348 351 352 351 349 349 350 350 350 351 352 353 352 351 350 353 353 354 354 354 352 351 353 353 353 349 351 352 349 351 355 351 358 354 352 341 350 349 349 351 347 349 351 351 351 353 354 356 357 354 351 352 355 348 357 351 343 346 351 351 352 350 356 355 357 359 359 360 360 356
349 348 349 349 349 349 348 348 349 348 349 350 350 351 351 350 351 350 352 352 352 357 353 351 349 350 353 350 349 348 348 349 349 350 350 351 353 352 353 353 354 349 354 354 350 350 351 352 352 354 354 352 352 354 360 361 358 353 357 349 353 349 351 350 352 350 347 350 349 352 359 355 355 353 353 352 349 353 348 349 353 355 355 352 352 352 358 360 361 356 358 360 356 356
349 349 349 350 350 350 349 350 349 349 350 350 350 350 352 351 350 352 352 353 354 356 351 354 351 347 348 348 351 349 350 350 352 351 351 353 353 352 353 352 355 354 355 355 354 354 350 352 347 352 353 357 353 356 362 362 355 350 355 351 353 354 350 351 350 350 351 347 343 349 352 356 359 358 351 355 350 346 343 347 353 355 353 347 357 355 361 358 358 358 357 355 357 357
350 351 349 349 350 350 350 350 349 349 348 351 351 351 351 351 352 352 354 352 351 353 357 349 352 351 349 347 348 349 350 352 351 351 351 353 351 351 349 352 351 351 352 353 353 353 352 347 343 349 355 358 355 361 363 350 356 356 354 354 358 353 354 353 350 349 349 345 347 343 357 356 357 354 349 355 351 350 350 346 353 355 360 352 361 363 357 357 356 354 353 357 358 358
349 349 348 350 347 350 349 349 349 349 349 349 350 351 352 351 352 351 353 356 354 352 352 351 351 348 349 349 348 348 348 348 348 353 352 353 354 353 352 352 352 353 352 355 353 353 354 354 349 357 352 356 362 351 362 359 361 353 356 353 357 355 354 351 353 350 349 346 348 347 349 351 356 351 355 354 350 351 351 347 352 360 352 360 362 359 357 357 356 354 357 358 359 358
349 349 348 346 347 349 350 349 349 349 349 349 350 349 350 351 351 350 349 356 356 347 355 350 350 350 352 345 349 350 350 351 352 348 350 348 353 353 352 353 353 353 352 341 353 353 351 352 355 356 354 346 362 360 362 362 357 354 351 348 354 351 355 353 353 352 350 350 348 350 345 345 357 358 354 351 352 352 356 350 357 360 364 360 357 359 358 357 357 360 360 360 361 360
350 350 349 347 350 350 350 349 348 349 349 350 350 350 350 350 350 352 350 357 360 359 354 353 352 351 350 349 350 350 347 351 352 353 352 350 353 351 351 350 353 350 352 348 349 351 352 350 347 352 354 356 353 350 363 356 350 344 355 348 355 355 356 353 350 354 352 349 348 348 349 352 357 356 351 354 354 355 356 363 359 360 355 355 354 358 358 360 361 361 362 362 361 363
351 351 345 349 348 350 349 349 349 349 348 349 349 350 350 349 347 352 349 352 358 354 356 354 350 349 350 348 346 345 351 351 352 353 350 352 353 352 350 351 344 353 355 355 356 353 355 356 350 349 347 349 358 363 364 351 358 351 344 353 353 353 349 349 353 353 352 354 355 351 354 352 358 359 349 352 357 356 359 358 357 358 358 358 359 360 361 361 362 362 362 365 365 363
341 343 350 346 350 350 349 349 349 349 349 349 349 349 349 350 350 346 353 355 352 355 352 360 359 356 359 349 350 350 351 352 352 352 352 356 356 353 352 351 350 348 347 350 350 343 355 358 359 363 363 363 362 351 349 348 351 347 352 354 353 352 352 353 352 352 351 351 353 358 355 350 351 358 356 357 355 361 357 359 358 359 358 359 359 358 362 363 363 363 365 365 364 363
348 351 350 350 348 348 349 349 348 349 349 349 349 349 349 350 350 351 349 350 348 357 352 352 362 358 353 350 351 351 351 352 349 354 355 356 355 354 353 351 351 350 350 352 351 353 355 347 355 360 358 355 357 351 356 351 351 350 346 352 352 352 351 353 351 351 352 356 356 357 358 357 352 363 354 357 355 361 362 362 359 356 361 359 362 364 365 365 364 365 362 362 357 362
352 350 350 349 349 349 349 350 348 349 349 349 349 350 349 350 350 351 348 350 352 352 362 355 357 346 350 352 351 352 350 353 353 355 352 352 355 350 353 351 351 352 352 352 353 356 357 358 360 358 355 354 351 351 352 354 355 354 353 354 354 352 351 351 351 355 355 358 359 357 354 358 359 363 359 355 363 360 361 362 358 360 359 363 365 365 366 365 365 363 362 361 360 362
348 348 349 348 348 348 349 349 349 348 349 349 348 348 350 349 347 349 352 353 356 358 350 355 360 354 349 352 353 351 351 354 355 356 357 356 354 353 351 352 352 355 353 353 353 352 360 365 358 361 361 358 354 352 354 352 350 353 349 353 353 353 351 349 349 345 345 360 358 359 359 359 351 359 357 355 353 358 360 361 361 362 365 366 366 365 366 365 364 363 362 361 362 363
349 349 349 349 350 345 347 347 350 348 342 345 349 349 351 350 350 346 348 349 350 348 349 354 362 354 351 349 352 353 351 353 354 355 356 355 354 354 353 353 354 352 354 355 357 354 354 352 363 360 359 356 348 350 354 354 354 354 354 353 352 350 350 351 351 345 358 357 359 361 360 359 363 356 358 363 357 359 357 361 364 365 365 365 366 366 365 365 364 363 363 361 361 360
349 350 349 349 346 354 349 346 350 347 349 345 349 349 349 351 351 347 343 347 346 341 351 346 354 360 360 350 356 351 353 353 355 356 353 355 355 353 353 353 352 354 354 354 355 354 361 358 365 360 358 357 357 354 354 355 355 355 354 353 354 355 354 359 359 360 359 360 361 363 363 361 362 352 358 356 358 362 364 364 365 365 365 366 365 365 365 364 365 365 363 362 359 363
351 350 350 346 354 351 348 344 349 345 349 350 350 349 349 350 347 352 349 347 347 349 349 342 357 358 361 362 347 353 354 354 354 354 354 355 354 354 354 353 354 352 350 356 356 359 357 355 364 355 358 354 354 350 352 354 349 352 351 352 357 358 359 363 363 363 361 361 357 358 360 360 359 359 359 362 364 365 365 365 365 365 364 365 365 365 365 365 363 365 365 364 360 361
353 353 354 359 359 355 350 349 349 347 353 346 348 350 349 349 346 347 347 350 350 349 348 351 347 357 363 356 348 353 354 357 354 351 353 353 354 356 355 354 357 353 361 361 356 360 360 363 365 363 358 359 354 354 351 352 347 347 352 357 359 359 359 363 364 364 363 363 361 357 363 360 356 360 363 364 364 365 365 365 366 364 364 362 364 365 364 362 354 363 364 360 360 358
354 352 348 358 357 351 350 349 347 349 349 349 349 343 349 348 352 350 349 351 350 349 352 353 349 352 360 361 354 353 355 356 353 356 353 357 355 353 356 353 362 365 352 360 363 360 364 366 357 356 358 356 354 354 354 348 348 347 352 357 359 361 361 361 363 364 364 363 358 359 362 360 359 363 364 364 365 365 366 364 364 365 364 363 365 365 364 363 360 363 363 363 359 362
350 348 353 345 344 350 349 349 347 352 352 354 350 350 352 350 352 349 351 352 351 351 353 352 352 354 358 360 353 355 360 348 355 356 360 357 348 351 362 363 363 365 365 364 366 366 365 366 364 356 355 355 354 353 353 352 352 347 354 357 360 361 362 360 359 363 365 364 366 363 362 360 363 364 364 365 365 365 363 363 364 361 364 363 363 363 364 362 362 362 361 358 358 362
356 355 360 353 353 350 352 351 350 353 351 352 358 353 352 351 355 356 357 355 353 355 349 353 352 354 356 361 360 357 357 355 357 363 365 363 359 360 364 358 356 361 363 363 359 365 362 359 354 361 360 355 354 354 354 355 355 353 352 357 357 358 362 362 364 364 363 360 362 361 362 364 364 364 364 365 363 363 363 363 364 363 366 358 361 362 361 361 361 361 359 359 359 363
355 356 357 357 358 356 356 356 354 353 355 358 353 355 354 354 353 347 353 347 350 358 355 357 358 355 364 350 354 356 351 358 356 364 358 351 351 353 352 354 353 356 352 347 354 357 365 358 359 354 352 356 354 356 354 355 354 359 359 356 358 356 360 360 362 365 365 362 363 363 365 365 364 363 364 363 363 363 363 363 364 364 365 364 362 362 362 360 361 360 359 360 357 363
360 362 359 358 357 359 357 358 361 357 357 359 351 349 347 353 355 354 354 352 348 346 357 358 365 359 350 353 352 347 351 350 352 350 343 365 359 352 354 354 353 350 351 347 348 346 361 353 350 356 356 357 357 356 359 362 362 360 359 361 357 359 361 354 363 364 365 365 364 364 365 364 363 360 359 362 363 363 364 365 364 364 361 361 362 358 360 360 360 360 360 360 359 360
360 362 362 358 359 358 358 357 358 354 355 356 358 358 359 352 354 358 355 355 355 358 364 363 354 351 346 351 349 350 350 350 345 338 345 358 362 357 355 353 352 351 348 350 351 350 357 354 353 353 356 358 358 358 360 362 362 361 358 359 361 361 360 362 363 364 364 364 364 365 365 362 362 360 360 362 363 363 364 364 365 363 363 362 363 361 362 361 361 361 361 361 361 361
360 363 360 362 360 361 360 355 362 356 358 360 358 359 362 359 358 360 358 358 361 363 357 355 352 353 354 350 349 349 350 350 350 348 347 358 363 357 355 351 349 352 351 351 351 352 352 354 353 356 354 358 359 352 360 364 361 361 361 361 362 360 361 362 362 361 362 364 364 363 362 360 361 360 361 363 362 364 364 364 364 365 363 363 363 362 362 362 362 361 361 361 361 361
360 363 358 361 361 359 362 362 361 354 360 361 359 359 359 361 356 363 355 361 361 362 361 358 355 350 356 354 352 351 351 351 351 352 356 365 345 354 354 349 352 352 353 351 349 353 352 353 356 357 357 359 359 360 364 364 364 363 361 362 362 363 363 362 364 360 364 364 364 363 363 360 362 362 363 362 363 364 364 364 365 363 364 363 363 363 363 363 362 362 362 362 362 358
359 358 359 360 361 361 363 361 360 360 359 361 360 361 353 363 359 363 359 361 365 357 359 355 358 357 351 356 354 352 352 349 351 353 361 362 353 352 355 354 356 354 356 357 356 354 354 353 355 358 358 359 355 364 364 364 363 363 362 362 361 361 362 361 363 363 364 363 364 363 362 361 363 363 363 363 362 362 364 365 365 365 364 364 364 364 364 364 363 363 362 362 361 361
364 353 360 358 360 358 358 354 359 358 359 356 359 359 361 358 360 363 356 361 363 359 360 360 359 359 361 359 357 357 359 358 357 355 362 355 357 355 355 358 355 360 357 360 359 357 354 351 356 352 353 356 362 364 364 363 362 362 363 361 361 361 361 360 363 364 364 363 363 363 363 361 363 364 364 362 363 363 364 363 365 366 365 365 364 364 364 364 363 362 361 361 361 362
364 356 358 359 360 361 359 359 361 360 360 359 357 361 361 362 361 360 361 364 358 356 358 361 360 362 362 361 359 357 360 361 362 362 365 356 357 357 360 361 360 359 361 359 358 359 360 358 359 361 357 360 363 363 363 363 361 363 363 363 362 361 360 363 363 366 363 365 363 363 362 361 363 364 364 363 362 364 364 364 366 366 365 365 364 363 362 361 362 361 361 360 362 362
360 360 362 361 361 363 360 362 363 362 359 362 358 361 362 350 361 363 362 363 361 361 361 359 359 363 360 360 362 361 361 363 361 358 365 362 360 362 362 363 362 362 362 361 361 360 360 362 362 359 362 362 362 363 362 362 362 362 362 363 362 361 362 364 365 366 363 363 362 361 361 361 362 363 364 363 362 363 365 365 366 366 365 364 364 364 363 363 363 361 361 361 365 366
361 361 361 360 359 360 359 357 359 358 361 360 361 362 362 360 364 363 365 363 362 363 361 361 363 365 365 365 363 360 365 365 365 365 366 364 364 364 364 364 364 364 364 363 364 363 363 363 363 363 363 362 362 361 361 362 361 361 364 363 364 363 363 364 366 364 364 363 361 362 362 360 362 362 364 363 363 365 366 365 365 365 365 364 364 363 363 363 362 364 362 364 364 362
362 362 361 364 365 361 361 361 361 362 360 359 362 362 362 362 363 363 361 363 363 364 365 365 363 364 364 364 364 364 365 365 365 365 365 365 365 365 365 365 365 364 364 364 364 364 364 364 364 364 363 363 362 362 363 363 363 363 364 364 365 364 364 366 365 363 363 363 363 363 362 363 363 363 365 364 366 365 365 365 365 364 363 363 364 364 362 364 363 363 364 361 361 363
