sesion_6_simulaciones/modelos_distribucion_especies/ejemplo/variables/futuro_A2/2030/TMXV.asc
ncols 708
nrows 329
xllcorner -7.525000
yllcorner 35.991667
cellsize 0.008333
NODATA_value -9999
[rows 287 to 327 of 329, columns 188 to 281 of 708]
316 319 320 321 319 320 320 319 320 320 321 321 320 320 320 320 320 322 323 324 322 323 324 324 320 319 320 322 313 319 316 315 315 320 315 318 314 316 323 324 321 319 317 312 311 311 304 304 303 305 304 306 313 312 313 312 306 313 316 319 314 318 319 320 319 319 317 315 312 312 313 313 308 307 310 310 309 307 305 300 298 296 294 290 285 277 -9999 -9999 -9999 -9999 -9999 -9999 -9999 -9999
319 320 320 320 320 320 320 320 320 320 320 321 320 320 320 320 322 323 323 323 322 324 323 323 321 316 318 315 311 316 318 315 317 317 319 316 319 315 316 320 321 319 318 317 313 310 312 309 307 306 305 308 314 315 315 313 310 314 319 317 313 316 314 316 313 318 317 317 316 315 314 313 310 311 310 309 308 305 300 300 296 292 290 287 278 267 -9999 -9999 -9999 -9999 -9999 -9999 -9999 -9999
318 319 320 319 319 319 319 319 319 319 320 321 321 321 322 322 322 322 323 322 322 321 322 323 322 322 317 319 313 316 320 320 320 319 322 323 321 320 317 315 315 314 316 317 318 319 316 312 310 304 303 308 305 311 317 312 311 312 318 318 312 313 314 312 310 312 315 312 308 312 310 311 311 306 304 307 306 304 302 300 297 289 -9999 -9999 -9999 -9999 -9999 -9999 -9999 -9999 -9999 -9999 -9999 -9999
316 318 317 317 317 317 318 318 319 319 318 320 320 321 321 321 321 321 322 322 319 319 322 320 323 323 323 323 320 314 320 318 320 320 322 321 322 321 321 319 316 312 316 314 319 314 315 315 315 313 309 304 310 313 313 315 311 313 317 315 312 315 315 313 312 312 313 314 312 311 310 308 305 307 303 300 298 298 300 297 291 288 -9999 -9999 -9999 -9999 -9999 -9999 -9999 -9999 -9999 -9999 -9999 -9999
316 313 314 316 317 317 317 317 317 318 318 319 319 320 320 320 320 321 321 321 320 319 321 322 321 321 320 320 323 323 322 321 319 318 322 322 318 316 316 317 318 319 319 317 312 314 313 311 311 306 308 307 308 310 314 312 316 311 315 310 315 317 316 316 314 312 313 312 306 308 305 306 303 300 294 300 299 297 298 295 -9999 -9999 -9999 -9999 -9999 -9999 -9999 -9999 -9999 -9999 -9999 -9999 -9999 -9999
315 315 316 316 316 316 316 316 316 317 317 318 318 319 319 319 320 316 319 321 320 321 315 317 320 317 316 311 316 322 320 314 316 318 317 319 316 314 310 310 313 316 319 319 314 311 313 310 310 307 312 308 308 307 314 313 311 306 306 310 315 311 314 316 315 312 312 309 309 308 307 303 302 300 300 296 299 296 292 293 -9999 -9999 -9999 -9999 -9999 -9999 -9999 -9999 -9999 -9999 -9999 -9999 -9999 -9999
315 312 316 316 316 316 315 315 315 316 317 317 317 318 318 318 318 318 318 319 319 318 319 312 313 314 316 310 307 315 319 317 308 315 314 314 317 314 310 312 317 319 319 319 317 313 306 309 310 312 313 312 313 312 312 307 305 305 299 303 309 311 315 315 315 313 309 306 308 307 306 304 303 303 302 300 299 296 293 288 -9999 -9999 -9999 -9999 -9999 -9999 -9999 -9999 -9999 -9999 -9999 -9999 -9999 -9999
310 314 315 315 315 315 315 314 314 315 316 316 316 317 317 317 317 317 317 319 319 319 318 316 310 307 313 315 311 313 319 318 312 309 313 309 309 308 314 310 318 316 313 311 313 312 306 300 296 292 302 304 307 305 309 299 303 304 302 306 303 309 315 315 313 311 308 308 307 306 303 301 303 300 299 297 296 294 290 284 -9999 -9999 -9999 -9999 -9999 -9999 -9999 -9999 -9999 -9999 -9999 -9999 -9999 -9999
308 309 313 314 313 313 312 313 314 314 314 315 315 316 316 316 317 316 316 318 318 318 316 317 317 310 311 312 313 313 315 318 315 310 304 301 306 304 306 306 309 308 307 311 317 314 309 305 303 300 298 299 299 300 307 308 305 299 298 304 307 309 313 312 312 311 306 307 306 302 303 302 299 298 298 297 295 291 285 280 -9999 -9999 -9999 -9999 -9999 -9999 -9999 -9999 -9999 -9999 -9999 -9999 -9999 -9999
312 312 312 312 311 311 311 310 312 313 313 313 314 314 315 315 316 316 316 317 318 318 316 316 315 314 312 309 310 312 310 312 316 315 306 302 301 301 312 309 309 315 317 318 317 317 315 312 309 308 304 302 297 301 301 300 301 297 303 299 301 304 311 311 311 309 306 305 302 302 301 295 292 297 295 294 291 290 283 264 -9999 -9999 -9999 -9999 -9999 -9999 -9999 -9999 -9999 -9999 -9999 -9999 -9999 -9999
307 304 309 310 309 309 309 309 310 311 312 312 312 313 314 314 315 315 316 316 316 317 317 318 316 313 311 317 307 304 307 309 312 310 306 300 298 300 300 307 309 310 315 315 314 314 316 316 313 311 310 303 302 302 304 299 302 299 294 303 307 309 310 309 308 308 308 307 305 304 300 294 293 292 292 291 -9999 -9999 -9999 -9999 -9999 -9999 -9999 -9999 -9999 -9999 -9999 -9999 -9999 -9999 -9999 -9999 -9999 -9999
307 308 306 307 308 307 307 307 308 310 310 311 311 312 313 313 314 314 315 315 316 316 317 317 318 317 311 309 311 306 307 308 308 308 308 305 301 308 308 311 313 314 312 312 309 312 310 308 301 311 312 309 309 306 305 301 304 305 307 303 307 309 309 308 306 306 307 307 305 303 300 298 292 291 290 286 -9999 -9999 -9999 -9999 -9999 -9999 -9999 -9999 -9999 -9999 -9999 -9999 -9999 -9999 -9999 -9999 -9999 -9999
304 306 306 305 306 305 305 306 306 308 309 309 310 311 312 312 313 313 314 314 315 315 316 316 317 317 315 312 311 308 309 307 312 314 314 312 313 312 306 305 311 308 307 310 311 311 310 306 304 307 305 308 305 302 304 301 305 303 304 303 303 305 307 305 303 304 305 305 304 302 299 296 292 290 285 279 -9999 -9999 -9999 -9999 -9999 -9999 -9999 -9999 -9999 -9999 -9999 -9999 -9999 -9999 -9999 -9999 -9999 -9999
301 303 303 303 303 304 303 303 304 306 306 308 309 307 309 310 311 312 313 313 314 315 315 316 316 315 317 317 316 310 307 308 312 312 313 313 309 304 306 313 315 315 313 311 312 307 308 307 304 302 306 307 306 306 306 304 301 300 298 299 301 305 305 303 302 301 299 302 302 301 296 292 290 286 283 271 -9999 -9999 -9999 -9999 -9999 -9999 -9999 -9999 -9999 -9999 -9999 -9999 -9999 -9999 -9999 -9999 -9999 -9999
298 300 300 300 300 300 301 300 302 303 305 306 307 305 308 309 309 310 311 312 313 314 315 315 315 315 313 315 315 315 308 306 310 315 313 303 306 303 304 304 307 305 306 303 310 309 310 311 311 310 309 309 308 307 306 304 301 299 302 300 301 303 302 301 298 298 301 300 301 299 298 291 -9999 -9999 -9999 -9999 -9999 -9999 -9999 -9999 -9999 -9999 -9999 -9999 -9999 -9999 -9999 -9999 -9999 -9999 -9999 -9999 -9999 -9999
294 296 296 296 297 297 298 299 300 301 302 302 302 304 303 303 302 304 305 307 312 313 314 314 315 315 315 315 314 315 315 305 311 314 307 303 302 307 300 303 299 296 301 311 313 313 314 312 311 311 309 310 308 308 305 304 301 298 298 299 296 300 300 298 292 297 298 296 296 296 292 287 -9999 -9999 -9999 -9999 -9999 -9999 -9999 -9999 -9999 -9999 -9999 -9999 -9999 -9999 -9999 -9999 -9999 -9999 -9999 -9999 -9999 -9999
-9999 -9999 -9999 -9999 291 292 293 295 296 298 301 300 303 302 299 294 298 304 307 310 311 312 313 313 313 315 315 316 315 316 315 314 305 310 308 297 297 308 303 306 309 308 299 298 307 311 310 308 304 309 311 310 309 308 305 302 299 290 298 299 294 288 293 295 293 294 293 291 292 294 292 286 285 285 -9999 -9999 -9999 -9999 -9999 -9999 -9999 -9999 -9999 -9999 -9999 -9999 -9999 -9999 -9999 -9999 -9999 -9999 -9999 -9999
-9999 -9999 -9999 -9999 282 283 287 290 293 296 297 297 298 297 290 294 297 300 305 309 310 311 312 313 313 314 315 315 315 315 314 314 305 307 309 311 305 299 298 293 295 303 306 299 298 294 298 304 308 309 310 306 308 307 306 302 298 297 296 291 293 292 291 290 287 287 285 285 286 287 288 284 281 282 -9999 -9999 -9999 -9999 -9999 -9999 -9999 -9999 -9999 -9999 -9999 -9999 -9999 -9999 -9999 -9999 -9999 -9999 -9999 -9999
-9999 -9999 -9999 -9999 -9999 -9999 276 283 289 291 293 294 290 291 291 292 295 303 305 307 308 310 311 312 312 313 314 314 314 314 314 314 312 309 308 310 310 305 299 291 289 292 292 296 297 295 306 310 306 301 303 307 308 306 305 303 301 294 294 292 290 287 -9999 -9999 -9999 -9999 -9999 -9999 -9999 -9999 285 288 -9999 -9999 -9999 -9999 -9999 -9999 -9999 -9999 -9999 -9999 -9999 -9999 -9999 -9999 -9999 -9999 -9999 -9999 -9999 -9999 -9999 -9999
-9999 -9999 -9999 -9999 -9999 -9999 -9999 272 283 286 288 291 285 288 290 294 299 302 304 306 307 309 309 310 311 312 313 313 313 313 314 314 313 313 312 311 305 297 291 292 289 288 286 285 300 307 307 303 305 296 303 302 303 303 302 302 299 296 296 291 289 282 -9999 -9999 -9999 -9999 -9999 -9999 -9999 -9999 282 284 -9999 -9999 -9999 -9999 -9999 -9999 -9999 -9999 -9999 -9999 -9999 -9999 -9999 -9999 -9999 -9999 -9999 -9999 -9999 -9999 -9999 -9999
-9999 -9999 -9999 -9999 -9999 -9999 -9999 -9999 -9999 -9999 -9999 -9999 284 286 287 294 299 301 301 304 306 307 308 308 310 311 310 312 312 312 313 312 312 312 312 311 310 301 303 296 292 289 291 288 304 307 293 293 304 298 291 299 303 303 301 301 299 296 294 290 -9999 -9999 -9999 -9999 -9999 -9999 -9999 -9999 -9999 -9999 -9999 -9999 -9999 -9999 -9999 -9999 -9999 -9999 -9999 -9999 -9999 -9999 -9999 -9999 -9999 -9999 -9999 -9999 -9999 -9999 -9999 -9999 -9999 -9999
-9999 -9999 -9999 -9999 -9999 -9999 -9999 -9999 -9999 -9999 -9999 -9999 279 280 289 295 298 296 301 302 303 305 305 307 308 308 309 310 310 311 312 311 311 309 311 310 306 309 308 307 303 296 291 302 305 298 285 291 292 294 295 300 300 299 299 298 297 295 290 287 -9999 -9999 -9999 -9999 -9999 -9999 -9999 -9999 -9999 -9999 -9999 -9999 -9999 -9999 -9999 -9999 -9999 -9999 -9999 -9999 -9999 -9999 -9999 -9999 -9999 -9999 -9999 -9999 -9999 -9999 -9999 -9999 -9999 -9999
-9999 -9999 -9999 -9999 -9999 -9999 -9999 -9999 -9999 -9999 -9999 -9999 -9999 -9999 288 292 295 298 297 299 300 299 303 305 305 305 307 308 309 310 310 309 309 309 309 309 305 306 307 306 304 300 301 298 300 305 304 293 292 289 290 291 299 298 298 296 298 294 289 284 -9999 -9999 -9999 -9999 -9999 -9999 -9999 -9999 -9999 -9999 -9999 -9999 -9999 -9999 -9999 -9999 -9999 -9999 -9999 -9999 -9999 -9999 -9999 -9999 -9999 -9999 -9999 -9999 -9999 -9999 -9999 -9999 -9999 -9999
-9999 -9999 -9999 -9999 -9999 -9999 -9999 -9999 -9999 -9999 -9999 -9999 -9999 -9999 285 290 290 295 298 299 297 301 300 302 303 303 304 305 306 308 307 304 304 304 307 307 305 300 303 305 307 305 303 303 306 307 303 297 289 289 284 291 293 299 299 297 296 294 287 280 -9999 -9999 -9999 -9999 -9999 -9999 -9999 -9999 -9999 -9999 -9999 -9999 -9999 -9999 -9999 -9999 -9999 -9999 -9999 -9999 -9999 -9999 -9999 -9999 -9999 -9999 -9999 -9999 -9999 -9999 -9999 -9999 -9999 -9999
-9999 -9999 -9999 -9999 -9999 -9999 -9999 -9999 -9999 -9999 -9999 -9999 -9999 -9999 279 286 291 292 295 296 300 301 299 298 299 299 300 301 301 306 303 290 294 296 300 301 303 301 290 283 301 300 301 302 304 305 305 302 299 291 287 286 285 283 293 298 294 291 287 282 -9999 -9999 -9999 -9999 -9999 -9999 -9999 -9999 -9999 -9999 -9999 -9999 -9999 -9999 -9999 -9999 -9999 -9999 -9999 -9999 -9999 -9999 -9999 -9999 -9999 -9999 -9999 -9999 -9999 -9999 -9999 -9999 -9999 -9999
-9999 -9999 -9999 -9999 -9999 -9999 -9999 -9999 -9999 -9999 -9999 -9999 -9999 -9999 270 280 287 291 293 295 298 297 290 287 291 290 295 299 302 302 302 298 290 284 282 290 300 301 298 293 288 289 285 294 300 302 302 295 297 295 290 294 292 288 290 286 294 291 290 286 -9999 -9999 -9999 -9999 -9999 -9999 -9999 -9999 -9999 -9999 -9999 -9999 -9999 -9999 -9999 -9999 -9999 -9999 -9999 -9999 -9999 -9999 -9999 -9999 -9999 -9999 -9999 -9999 -9999 -9999 -9999 -9999 -9999 -9999
-9999 -9999 -9999 -9999 -9999 -9999 -9999 -9999 -9999 -9999 -9999 -9999 -9999 -9999 -9999 -9999 279 286 291 292 290 284 284 282 290 291 292 297 302 301 301 299 296 287 282 276 289 299 300 300 289 288 284 278 283 293 291 293 286 278 290 292 280 282 281 287 292 294 289 282 -9999 -9999 -9999 -9999 -9999 -9999 -9999 -9999 -9999 -9999 -9999 -9999 -9999 -9999 -9999 -9999 -9999 -9999 -9999 -9999 -9999 -9999 -9999 -9999 -9999 -9999 -9999 -9999 -9999 -9999 -9999 -9999 -9999 -9999
-9999 -9999 -9999 -9999 -9999 -9999 -9999 -9999 -9999 -9999 -9999 -9999 -9999 -9999 -9999 -9999 276 280 276 274 280 278 278 288 288 289 288 295 300 301 299 296 293 286 274 279 286 297 299 301 298 294 283 287 284 285 285 282 277 282 280 287 288 284 284 282 293 291 290 283 -9999 -9999 -9999 -9999 -9999 -9999 -9999 -9999 -9999 -9999 -9999 -9999 -9999 -9999 -9999 -9999 -9999 -9999 -9999 -9999 -9999 -9999 -9999 -9999 -9999 -9999 -9999 -9999 -9999 -9999 -9999 -9999 -9999 -9999
-9999 -9999 -9999 -9999 -9999 -9999 -9999 -9999 -9999 -9999 -9999 -9999 -9999 -9999 -9999 -9999 -9999 -9999 -9999 -9999 -9999 -9999 -9999 -9999 287 290 290 293 297 297 297 294 287 281 280 278 288 284 298 300 300 299 298 291 288 286 289 287 282 279 282 277 282 286 280 286 289 286 288 282 -9999 -9999 -9999 -9999 -9999 -9999 -9999 -9999 -9999 -9999 -9999 -9999 -9999 -9999 -9999 -9999 -9999 -9999 -9999 -9999 -9999 -9999 -9999 -9999 -9999 -9999 -9999 -9999 -9999 -9999 -9999 -9999 -9999 -9999
-9999 -9999 -9999 -9999 -9999 -9999 -9999 -9999 -9999 -9999 -9999 -9999 -9999 -9999 -9999 -9999 -9999 -9999 -9999 -9999 -9999 -9999 -9999 -9999 284 287 287 286 290 291 290 291 287 284 279 277 281 280 297 299 300 300 299 299 300 298 288 280 275 274 272 280 272 278 277 281 289 290 286 284 -9999 -9999 -9999 -9999 -9999 -9999 -9999 -9999 -9999 -9999 -9999 -9999 -9999 -9999 -9999 -9999 -9999 -9999 -9999 -9999 -9999 -9999 -9999 -9999 -9999 -9999 -9999 -9999 -9999 -9999 -9999 -9999 -9999 -9999
-9999 -9999 -9999 -9999 -9999 -9999 -9999 -9999 -9999 -9999 -9999 -9999 -9999 -9999 -9999 -9999 -9999 -9999 -9999 -9999 -9999 -9999 -9999 -9999 278 281 283 264 279 286 285 284 284 282 280 276 279 281 294 298 297 300 298 298 295 297 295 288 286 283 274 276 275 278 281 286 290 290 289 275 -9999 -9999 -9999 -9999 -9999 -9999 -9999 -9999 -9999 -9999 -9999 -9999 -9999 -9999 -9999 -9999 -9999 -9999 -9999 -9999 -9999 -9999 -9999 -9999 -9999 -9999 -9999 -9999 -9999 -9999 -9999 -9999 -9999 -9999
-9999 -9999 -9999 -9999 -9999 -9999 -9999 -9999 -9999 -9999 -9999 -9999 -9999 -9999 -9999 -9999 -9999 -9999 -9999 -9999 -9999 -9999 -9999 -9999 266 275 276 276 278 282 278 278 277 278 279 275 276 286 293 295 296 297 293 287 284 285 293 294 291 285 284 276 272 279 285 286 287 286 286 281 -9999 -9999 -9999 -9999 -9999 -9999 -9999 -9999 -9999 -9999 -9999 -9999 -9999 -9999 -9999 -9999 -9999 -9999 -9999 -9999 -9999 -9999 -9999 -9999 -9999 -9999 -9999 -9999 -9999 -9999 -9999 -9999 -9999 -9999
-9999 -9999 -9999 -9999 -9999 -9999 -9999 -9999 -9999 -9999 -9999 -9999 -9999 -9999 -9999 -9999 -9999 -9999 -9999 -9999 -9999 -9999 -9999 -9999 -9999 -9999 -9999 -9999 -9999 -9999 -9999 -9999 -9999 -9999 -9999 -9999 269 285 290 290 292 296 295 293 289 288 292 291 288 277 280 280 283 280 -9999 -9999 -9999 -9999 -9999 -9999 -9999 -9999 -9999 -9999 -9999 -9999 -9999 -9999 -9999 -9999 -9999 -9999 -9999 -9999 -9999 -9999 -9999 -9999 -9999 -9999 -9999 -9999 -9999 -9999 -9999 -9999 -9999 -9999 -9999 -9999 -9999 -9999 -9999 -9999
-9999 -9999 -9999 -9999 -9999 -9999 -9999 -9999 -9999 -9999 -9999 -9999 -9999 -9999 -9999 -9999 -9999 -9999 -9999 -9999 -9999 -9999 -9999 -9999 -9999 -9999 -9999 -9999 -9999 -9999 -9999 -9999 -9999 -9999 -9999 -9999 272 279 284 288 290 288 293 293 293 294 290 284 280 275 282 285 281 274 -9999 -9999 -9999 -9999 -9999 -9999 -9999 -9999 -9999 -9999 -9999 -9999 -9999 -9999 -9999 -9999 -9999 -9999 -9999 -9999 -9999 -9999 -9999 -9999 -9999 -9999 -9999 -9999 -9999 -9999 -9999 -9999 -9999 -9999 -9999 -9999 -9999 -9999 -9999 -9999
-9999 -9999 -9999 -9999 -9999 -9999 -9999 -9999 -9999 -9999 -9999 -9999 -9999 -9999 -9999 -9999 -9999 -9999 -9999 -9999 -9999 -9999 -9999 -9999 -9999 -9999 -9999 -9999 -9999 -9999 -9999 -9999 -9999 -9999 -9999 -9999 -9999 -9999 276 283 286 288 289 287 284 290 287 282 278 281 277 277 -9999 -9999 -9999 -9999 -9999 -9999 -9999 -9999 -9999 -9999 -9999 -9999 -9999 -9999 -9999 -9999 -9999 -9999 -9999 -9999 -9999 -9999 -9999 -9999 -9999 -9999 -9999 -9999 -9999 -9999 -9999 -9999 -9999 -9999 -9999 -9999 -9999 -9999 -9999 -9999 -9999 -9999
-9999 -9999 -9999 -9999 -9999 -9999 -9999 -9999 -9999 -9999 -9999 -9999 -9999 -9999 -9999 -9999 -9999 -9999 -9999 -9999 -9999 -9999 -9999 -9999 -9999 -9999 -9999 -9999 -9999 -9999 -9999 -9999 -9999 -9999 -9999 -9999 -9999 -9999 258 274 280 283 285 283 285 286 283 277 279 280 273 273 -9999 -9999 -9999 -9999 -9999 -9999 -9999 -9999 -9999 -9999 -9999 -9999 -9999 -9999 -9999 -9999 -9999 -9999 -9999 -9999 -9999 -9999 -9999 -9999 -9999 -9999 -9999 -9999 -9999 -9999 -9999 -9999 -9999 -9999 -9999 -9999 -9999 -9999 -9999 -9999 -9999 -9999
-9999 -9999 -9999 -9999 -9999 -9999 -9999 -9999 -9999 -9999 -9999 -9999 -9999 -9999 -9999 -9999 -9999 -9999 -9999 -9999 -9999 -9999 -9999 -9999 -9999 -9999 -9999 -9999 -9999 -9999 -9999 -9999 -9999 -9999 -9999 -9999 -9999 -9999 -9999 -9999 -9999 -9999 281 282 285 283 -9999 -9999 -9999 -9999 -9999 -9999 -9999 -9999 -9999 -9999 -9999 -9999 -9999 -9999 -9999 -9999 -9999 -9999 -9999 -9999 -9999 -9999 -9999 -9999 -9999 -9999 -9999 -9999 -9999 -9999 -9999 -9999 -9999 -9999 -9999 -9999 -9999 -9999 -9999 -9999 -9999 -9999 -9999 -9999 -9999 -9999 -9999 -9999
-9999 -9999 -9999 -9999 -9999 -9999 -9999 -9999 -9999 -9999 -9999 -9999 -9999 -9999 -9999 -9999 -9999 -9999 -9999 -9999 -9999 -9999 -9999 -9999 -9999 -9999 -9999 -9999 -9999 -9999 -9999 -9999 -9999 -9999 -9999 -9999 -9999 -9999 -9999 -9999 -9999 -9999 282 285 283 276 -9999 -9999 -9999 -9999 -9999 -9999 -9999 -9999 -9999 -9999 -9999 -9999 -9999 -9999 -9999 -9999 -9999 -9999 -9999 -9999 -9999 -9999 -9999 -9999 -9999 -9999 -9999 -9999 -9999 -9999 -9999 -9999 -9999 -9999 -9999 -9999 -9999 -9999 -9999 -9999 -9999 -9999 -9999 -9999 -9999 -9999 -9999 -9999
-9999 -9999 -9999 -9999 -9999 -9999 -9999 -9999 -9999 -9999 -9999 -9999 -9999 -9999 -9999 -9999 -9999 -9999 -9999 -9999 -9999 -9999 -9999 -9999 -9999 -9999 -9999 -9999 -9999 -9999 -9999 -9999 -9999 -9999 -9999 -9999 -9999 -9999 -9999 -9999 -9999 -9999 -9999 -9999 -9999 -9999 -9999 -9999 -9999 -9999 -9999 -9999 -9999 -9999 -9999 -9999 -9999 -9999 -9999 -9999 -9999 -9999 -9999 -9999 -9999 -9999 -9999 -9999 -9999 -9999 -9999 -9999 -9999 -9999 -9999 -9999 -9999 -9999 -9999 -9999 -9999 -9999 -9999 -9999 -9999 -9999 -9999 -9999 -9999 -9999 -9999 -9999 -9999 -9999
-9999 -9999 -9999 -9999 -9999 -9999 -9999 -9999 -9999 -9999 -9999 -9999 -9999 -9999 -9999 -9999 -9999 -9999 -9999 -9999 -9999 -9999 -9999 -9999 -9999 -9999 -9999 -9999 -9999 -9999 -9999 -9999 -9999 -9999 -9999 -9999 -9999 -9999 -9999 -9999 -9999 -9999 -9999 -9999 -9999 -9999 -9999 -9999 -9999 -9999 -9999 -9999 -9999 -9999 -9999 -9999 -9999 -9999 -9999 -9999 -9999 -9999 -9999 -9999 -9999 -9999 -9999 -9999 -9999 -9999 -9999 -9999 -9999 -9999 -9999 -9999 -9999 -9999 -9999 -9999 -9999 -9999 -9999 -9999 -9999 -9999 -9999 -9999 -9999 -9999 -9999 -9999 -9999 -9999
-9999 -9999 -9999 -9999 -9999 -9999 -9999 -9999 -9999 -9999 -9999 -9999 -9999 -9999 -9999 -9999 -9999 -9999 -9999 -9999 -9999 -9999 -9999 -9999 -9999 -9999 -9999 -9999 -9999 -9999 -9999 -9999 -9999 -9999 -9999 -9999 -9999 -9999 -9999 -9999 -9999 -9999 -9999 -9999 -9999 -9999 -9999 -9999 -9999 -9999 -9999 -9999 -9999 -9999 -9999 -9999 -9999 -9999 -9999 -9999 -9999 -9999 -9999 -9999 -9999 -9999 -9999 -9999 -9999 -9999 -9999 -9999 -9999 -9999 -9999 -9999 -9999 -9999 -9999 -9999 -9999 -9999 -9999 -9999 -9999 -9999 -9999 -9999 -9999 -9999 -9999 -9999 -9999 -9999
