sesion_6_simulaciones/modelos_distribucion_especies/ejemplo/variables/futuro_A2/2030/topo_posic.asc
ncols 708
nrows 329
xllcorner -7.525000
yllcorner 35.991667
cellsize 0.008333
NODATA_value -9999
[rows 235 to 281 of 329, columns 288 to 383 of 708]
4 -24 -49 -45 -23 -18 14 57 146 214 225 161 116 61 -275 -166 -93 -58 -97 -79 -52 -66 -133 -60 50 220 366 347 442 549 345 248 174 -51 -27 -62 -101 -99 -90 -26 -67 -54 -67 -64 -18 -24 -40 -68 -73 -72 39 270 236 35 -11 24 35 4 113 31 3 -27 -14 -31 13 25 44 -8 -84 -78 -7 -50 -98 -81 -67 -45 -10 54 126 196 277 28 -116 -142 -95 -24 15 55 73 124 105 -138 -34 55 -24 47
8 -8 -33 12 27 50 99 123 165 190 111 79 -16 -165 -269 -65 -95 -107 -57 -34 -9 -87 -110 -82 33 233 393 453 351 469 351 221 65 -35 -81 -79 -60 -74 -88 -87 -78 -75 -42 -66 -70 -20 -12 -65 -69 -59 1 113 124 16 4 20 9 37 96 51 -23 -18 -55 -46 -13 43 28 44 24 -82 -60 -76 -80 38 7 -55 2 80 99 191 173 41 -76 -132 -123 -9 63 121 4 86 54 -76 2 56 12 124
-18 -53 -16 39 70 107 103 119 168 111 -100 -116 -198 -302 -269 -73 -139 -40 -69 -86 30 -9 -71 -10 55 164 233 176 226 217 108 65 -49 -5 -83 -62 -47 -36 -38 -13 20 14 -2 75 -67 -35 -48 -59 -66 -62 -70 29 -7 -26 -47 -8 25 63 41 -60 -46 -44 -81 -46 -39 10 26 -11 -50 -63 -62 -57 -20 48 8 -31 -3 14 85 66 101 27 -60 -143 -114 -20 37 4 -11 -13 -50 -97 -13 -6 29 109
-19 -59 -80 -85 -13 12 65 84 67 19 -44 1 -5 -158 -162 -62 -110 -89 -59 -35 58 56 -12 59 88 61 19 55 186 80 59 3 -11 -29 -42 -13 -17 -4 31 86 87 49 97 128 135 51 -9 -18 -28 -62 -61 -31 -34 -52 -70 34 64 18 -47 -55 -63 -54 -59 -62 -35 -5 -15 -16 -36 -44 -46 25 64 99 49 -19 -20 -6 93 50 68 -17 -71 -89 -113 -6 9 17 -35 -21 -24 188 53 -58 -27 95
-32 -72 -109 -117 -43 -44 -68 -29 72 125 -42 -66 -180 -248 -37 16 53 -50 -2 119 89 63 22 -15 -13 -23 -54 -50 0 -74 -69 -61 -19 -32 -47 -31 -17 29 13 36 31 39 39 28 42 21 25 -2 -4 -54 -52 -44 -38 -61 -59 -68 -43 -51 -40 -81 -78 -81 -80 -63 -42 -23 -19 -9 -15 -38 -43 20 98 74 31 -20 -24 -3 31 19 7 -6 -21 -95 -80 -4 -19 -7 2 27 -22 50 32 -60 -31 27
-68 -108 -108 -78 -86 8 183 186 166 -2 -86 -75 -279 -183 -97 34 7 101 184 205 98 36 -25 -69 -78 -38 -33 -70 -68 5 -95 -95 -70 -72 -61 -52 -27 -24 -18 -10 2 -12 -14 28 24 3 16 -17 -10 -14 -44 -46 -52 -58 -68 -73 -79 -67 -83 -95 -92 -87 -81 -71 -49 -48 -36 -15 -13 -29 -33 33 74 0 -2 -19 -22 -30 -13 -15 1 -22 -51 -67 -40 -22 -9 -61 -17 -17 -79 -86 -73 -45 -37 -16
-74 -97 -139 -145 -2 182 276 163 68 -75 -119 -89 -207 -37 -112 269 196 247 219 130 30 -67 -93 -216 -158 -130 -210 -152 -27 -7 -81 -46 -61 -42 -66 -72 -36 -31 -52 -59 7 -27 -28 -25 -9 -15 6 9 -31 -26 -39 -29 -42 -23 -33 -58 -66 -74 -80 -84 -86 -73 -76 -67 -60 -50 -38 -9 -24 -15 -27 -22 -14 -13 -21 -16 -15 -21 -9 -18 -9999 -9999 -9999 -9999 -9999 -9999 -9999 -9999 -9999 -9999 -9999 -9999 -9999 -9999 -9999 -9999
-50 -59 -143 -113 88 162 158 161 102 -49 -56 -75 -172 24 281 266 384 223 94 45 8 -74 11 -113 -159 -238 -195 -159 -130 -47 -51 -93 -34 -41 -32 -54 -67 -24 5 -59 -32 -6 -6 27 -21 -51 -52 -49 -22 15 -3 -9 -13 -2 -20 -49 -62 -49 -48 -16 27 116 155 53 -55 -49 -38 -30 -25 -13 -25 -22 -13 -23 -26 -27 -4 -22 -19 -14 -9999 -9999 -9999 -9999 -9999 -9999 -9999 -9999 -9999 -9999 -9999 -9999 -9999 -9999 -9999 -9999
27 -88 -95 -84 -40 -50 -25 70 96 -30 -42 -17 40 219 388 320 303 212 112 92 110 46 -13 82 20 -20 -13 -41 -104 -117 -53 -96 32 33 64 2 -56 -56 -38 -77 -69 -67 -48 -28 -57 -58 -51 -44 -21 3 43 24 31 -11 -40 -24 -21 3 80 93 188 195 231 125 9 -38 -35 -30 -25 -22 -20 -19 -23 -29 -23 -25 -14 -4 -10 -12 -9999 -9999 -9999 -9999 -9999 -9999 -9999 -9999 -9999 -9999 -9999 -9999 -9999 -9999 -9999 -9999
40 -54 28 -127 -45 -20 0 34 133 59 77 202 284 378 376 290 139 56 -98 -168 -328 -71 -17 -107 -129 -33 -45 -73 -167 -151 -150 -120 -81 42 75 7 -43 -54 -80 -40 -39 -24 -8 -60 -36 -46 -43 -8 39 29 25 16 -2 -35 -39 -3 36 124 192 124 141 84 129 119 45 -1 -21 -21 -29 -24 -24 -23 -22 -23 -22 -20 -19 -20 -11 -10 -9999 -9999 -9999 -9999 -9999 -9999 -9999 -9999 -9999 -9999 -9999 -9999 -9999 -9999 -9999 -9999
39 1 89 -48 -32 17 21 83 88 81 206 344 333 375 398 382 376 205 -4 -153 -327 -175 -220 -145 -65 -167 -176 -148 -72 -57 -80 -72 -114 -85 -69 -80 -100 -75 -21 109 66 87 35 7 -39 -48 -27 4 0 13 1 -14 -39 -45 -37 -12 5 9 20 8 29 6 -27 0 19 -5 2 -11 -38 -35 -34 -30 -27 -26 -24 -22 -19 -15 -11 -8 -9999 -9999 -9999 -9999 -9999 -9999 -9999 -9999 -9999 -9999 -9999 -9999 -9999 -9999 -9999 -9999
23 21 32 -37 -25 51 -20 15 75 118 215 242 239 307 391 556 489 433 93 157 156 39 22 73 16 -127 -168 -79 -127 -149 -141 -99 -73 -131 -127 -78 -51 -34 -2 17 -33 -20 -70 -69 -71 -38 -20 3 24 31 -20 -49 -14 -38 -59 -36 -24 -13 -46 -40 -67 -70 -63 -78 -75 -69 -43 -41 -56 -51 -43 -46 -48 -34 -33 -25 -19 -14 -10 -9 -9999 -9999 -9999 -9999 -9999 -9999 -9999 -9999 -9999 -9999 -9999 -9999 -9999 -9999 -9999 -9999
31 46 28 63 -24 -33 -55 -86 -91 -82 -33 -186 13 254 288 569 440 310 -21 -87 62 139 94 -28 -131 -48 82 57 -26 47 -3 31 19 -75 54 95 33 -18 -33 -56 -21 -56 -67 -56 -40 -27 -6 -29 25 -55 -54 -53 -46 -47 -72 -68 -36 -43 -61 -57 -86 -84 -75 -95 -82 -81 -88 -100 -83 -74 -67 -56 -63 -49 -36 -30 -9999 -9999 -9999 -9999 -9999 -9999 -9999 -9999 -9999 -9999 -9999 -9999 -9999 -9999 -9999 -9999 -9999 -9999 -9999 -9999
-23 54 56 26 -17 -59 -59 -53 -90 -65 -22 -222 -136 -143 -119 157 133 -37 -105 -201 -105 16 129 120 131 192 211 99 69 26 171 87 6 -66 62 7 -11 -53 7 27 -7 -58 -10 -31 -58 -33 -32 -55 -61 -70 -70 -48 -63 -75 -98 -89 -62 -29 -47 -55 -55 -53 -106 -103 -102 -81 -75 -69 -78 -71 -47 -33 -16 -33 -24 -20 -9999 -9999 -9999 -9999 -9999 -9999 -9999 -9999 -9999 -9999 -9999 -9999 -9999 -9999 -9999 -9999 -9999 -9999 -9999 -9999
-62 -7 59 76 61 -4 31 131 67 132 -140 -157 -284 -431 -356 -339 -276 -216 -209 -145 -224 -67 137 270 285 310 187 146 67 37 46 -68 -88 -19 73 23 -36 47 55 70 -62 -13 -23 -10 22 -1 -14 34 -43 -68 -97 -88 -91 -102 -67 -43 -70 -93 -94 -79 -117 -126 -131 -95 -93 -95 -78 -86 -80 -17 57 -20 40 61 -9999 -9999 -9999 -9999 -9999 -9999 -9999 -9999 -9999 -9999 -9999 -9999 -9999 -9999 -9999 -9999 -9999 -9999 -9999 -9999 -9999 -9999
-156 60 120 101 79 150 71 74 124 349 107 -77 -209 -328 -270 -310 -451 -383 -347 -355 -276 -150 102 19 183 290 120 -83 -67 -118 -85 -105 -29 8 88 -4 -55 -8 -26 -54 1 -52 -57 7 34 54 62 83 -5 -60 -111 -87 -73 -104 -74 -78 -109 -128 -56 -130 -80 -61 -95 -28 -104 -58 -81 -18 78 90 304 233 94 4 -9999 -9999 -9999 -9999 -9999 -9999 -9999 -9999 -9999 -9999 -9999 -9999 -9999 -9999 -9999 -9999 -9999 -9999 -9999 -9999 -9999 -9999
-71 -107 3 10 134 224 190 197 181 211 191 6 5 -51 -135 -202 -176 -106 -157 -228 -267 -316 -125 -41 119 143 47 -43 -35 -73 -116 -174 24 10 -38 -92 -101 -78 -62 -41 -39 -45 -6 -17 56 41 46 33 -2 -73 -97 -63 -55 -83 -14 32 -42 -66 -73 -51 -84 -25 -19 10 5 -26 -13 41 149 273 318 248 52 -39 -9999 -9999 -9999 -9999 -9999 -9999 -9999 -9999 -9999 -9999 -9999 -9999 -9999 -9999 -9999 -9999 -9999 -9999 -9999 -9999 -9999 -9999
-166 -78 6 50 200 110 75 81 213 74 -23 215 268 77 87 229 178 294 185 77 43 -283 -195 -71 18 154 45 -20 -112 -84 13 -123 -83 -16 -34 -77 -44 -17 -18 -22 -58 -45 -13 57 26 41 40 2 -27 -11 -29 4 55 130 168 305 187 189 20 20 99 147 208 72 179 162 2 260 192 209 229 150 60 -6 -9999 -9999 -9999 -9999 -9999 -9999 -9999 -9999 -9999 -9999 -9999 -9999 -9999 -9999 -9999 -9999 -9999 -9999 -9999 -9999 -9999 -9999
-144 -130 -77 -36 -115 -142 -72 101 69 -72 -118 165 178 -70 9 139 374 579 531 334 96 -163 -320 -143 -36 56 -43 -100 -115 -98 -88 -145 -85 -10 15 -5 -67 64 33 50 -111 -22 120 115 15 16 37 43 13 14 36 128 286 378 481 472 396 316 322 317 291 350 272 101 173 85 77 271 208 159 90 49 -9999 -9999 -9999 -9999 -9999 -9999 -9999 -9999 -9999 -9999 -9999 -9999 -9999 -9999 -9999 -9999 -9999 -9999 -9999 -9999 -9999 -9999 -9999 -9999
100 -7 -81 11 38 48 83 204 51 -121 -208 16 -59 -175 -156 37 259 475 581 420 140 -153 -325 -159 -105 -62 -62 -49 -60 42 133 79 -33 -45 34 -57 -138 -20 76 21 -29 8 -3 -83 -17 0 61 18 36 -2 9 183 306 443 518 528 618 462 314 204 124 229 382 414 261 229 294 129 173 23 29 -13 -9999 -9999 -9999 -9999 -9999 -9999 -9999 -9999 -9999 -9999 -9999 -9999 -9999 -9999 -9999 -9999 -9999 -9999 -9999 -9999 -9999 -9999 -9999 -9999
211 128 107 -58 -10 -123 -4 331 150 -45 -374 -185 -21 -94 -228 -237 -1 259 218 149 31 -190 -301 -257 -113 -104 -39 97 258 366 227 13 -84 -69 75 53 23 165 119 11 193 213 45 40 47 -79 -113 -112 -72 -33 18 31 48 112 150 251 310 311 178 85 32 110 248 441 286 62 -30 -31 -29 -87 -9999 -9999 -9999 -9999 -9999 -9999 -9999 -9999 -9999 -9999 -9999 -9999 -9999 -9999 -9999 -9999 -9999 -9999 -9999 -9999 -9999 -9999 -9999 -9999 -9999 -9999
95 140 38 -117 -198 -196 0 291 404 182 2 -353 -245 -94 -109 -307 -60 120 23 -74 -139 -363 -287 -206 -156 -94 281 344 293 114 -27 -88 -98 -80 135 162 97 309 304 423 424 307 263 60 174 29 -18 -78 -98 -99 -54 -112 -91 -20 -37 41 94 55 0 -96 -169 -62 79 268 213 53 -47 -90 -88 -79 -9999 -9999 -9999 -9999 -9999 -9999 -9999 -9999 -9999 -9999 -9999 -9999 -9999 -9999 -9999 -9999 -9999 -9999 -9999 -9999 -9999 -9999 -9999 -9999 -9999 -9999
-34 137 246 23 -249 -204 21 210 557 394 111 -23 -175 -186 6 -89 -174 16 -1 -140 -318 -318 -181 13 102 35 208 341 237 114 -52 -2 -32 6 107 295 321 332 210 320 243 137 256 267 72 4 -52 -103 -117 -97 -84 -107 -104 -116 -104 -109 -99 -98 -122 -94 -133 -128 -9999 -9999 -9999 -9999 -9999 -9999 -9999 -9999 -9999 -9999 -9999 -9999 -9999 -9999 -9999 -9999 -9999 -9999 -9999 -9999 -9999 -9999 -9999 -9999 -9999 -9999 -9999 -9999 -9999 -9999 -9999 -9999 -9999 -9999
-50 27 183 88 -82 -262 -70 186 367 504 180 -33 -115 -190 -27 51 -64 -154 -36 -266 -231 -219 -50 210 255 385 237 295 163 192 155 127 -55 -47 55 220 203 96 19 132 -94 6 26 -2 19 -50 -81 -112 -97 -42 -14 -62 -83 -83 -88 -115 -111 -106 -114 -89 -127 -100 -9999 -9999 -9999 -9999 -9999 -9999 -9999 -9999 -9999 -9999 -9999 -9999 -9999 -9999 -9999 -9999 -9999 -9999 -9999 -9999 -9999 -9999 -9999 -9999 -9999 -9999 -9999 -9999 -9999 -9999 -9999 -9999 -9999 -9999
-79 -74 245 214 95 -114 -183 -13 309 544 414 134 -40 -139 -105 88 12 -140 -177 -289 -222 -77 159 191 261 276 302 164 176 232 -3 -63 -62 -134 22 -19 36 -23 -47 -8 -62 -125 -70 -48 -68 -100 -113 -60 -80 24 2 -59 -64 -38 -42 -69 -59 -80 -90 -108 -107 -83 -9999 -9999 -9999 -9999 -9999 -9999 -9999 -9999 -9999 -9999 -9999 -9999 -9999 -9999 -9999 -9999 -9999 -9999 -9999 -9999 -9999 -9999 -9999 -9999 -9999 -9999 -9999 -9999 -9999 -9999 -9999 -9999 -9999 -9999
-128 144 334 40 11 -10 -264 -101 157 160 300 333 98 -70 -126 31 69 8 -130 -247 -189 -25 253 449 469 436 375 425 258 258 100 -88 -192 -141 -100 -66 -13 -49 -32 -67 -56 -130 -20 -109 -34 -9 -102 -118 -61 -44 -71 -72 -42 -37 -17 -77 -39 -24 -48 -60 -70 -56 -9999 -9999 -9999 -9999 -9999 -9999 -9999 -9999 -9999 -9999 -9999 -9999 -9999 -9999 -9999 -9999 -9999 -9999 -9999 -9999 -9999 -9999 -9999 -9999 -9999 -9999 -9999 -9999 -9999 -9999 -9999 -9999 -9999 -9999
-16 222 218 33 -82 -186 -199 -245 -97 -45 17 117 147 -63 -109 -47 99 47 -102 -214 -143 -29 298 473 554 142 -46 96 68 241 125 -85 -176 -95 -40 6 -61 -8 62 -39 15 -28 -28 33 133 76 -47 -65 -62 -47 -52 -70 -47 -57 -35 -47 -51 -17 -42 -43 -9999 -9999 -9999 -9999 -9999 -9999 -9999 -9999 -9999 -9999 -9999 -9999 -9999 -9999 -9999 -9999 -9999 -9999 -9999 -9999 -9999 -9999 -9999 -9999 -9999 -9999 -9999 -9999 -9999 -9999 -9999 -9999 -9999 -9999 -9999 -9999
-105 -7 206 189 14 -111 -204 -149 -229 -121 -128 -67 21 -52 -23 -79 40 176 -59 -168 -132 -48 166 379 275 262 -31 -7 -33 110 126 -78 -133 -129 36 -44 -69 -1 87 65 81 -27 -34 -23 -12 -74 -56 -73 -54 -63 -59 -61 -64 -58 -52 -50 -47 -14 -31 -29 -9999 -9999 -9999 -9999 -9999 -9999 -9999 -9999 -9999 -9999 -9999 -9999 -9999 -9999 -9999 -9999 -9999 -9999 -9999 -9999 -9999 -9999 -9999 -9999 -9999 -9999 -9999 -9999 -9999 -9999 -9999 -9999 -9999 -9999 -9999 -9999
-229 -150 -86 28 81 -51 -66 -142 -185 -127 -121 -6 57 104 -20 -66 35 106 -19 -136 -146 -85 -30 75 91 -32 -83 -47 -135 36 22 -81 -111 -89 5 -75 -55 25 40 105 102 96 84 32 21 20 15 -4 58 -14 -36 -56 -18 5 9 -34 -34 -33 -9999 -9999 -9999 -9999 -9999 -9999 -9999 -9999 -9999 -9999 -9999 -9999 -9999 -9999 -9999 -9999 -9999 -9999 -9999 -9999 -9999 -9999 -9999 -9999 -9999 -9999 -9999 -9999 -9999 -9999 -9999 -9999 -9999 -9999 -9999 -9999 -9999 -9999
-65 -147 -113 -52 48 -34 149 34 -88 -104 -27 34 58 84 16 -105 -19 -25 -32 -65 -137 -104 -38 -105 -74 -80 -131 -179 -109 -96 -60 -47 -77 -5 47 -12 -6 24 9 -15 -54 15 133 212 178 130 73 38 -5 23 28 30 18 61 79 36 20 -19 -9999 -9999 -9999 -9999 -9999 -9999 -9999 -9999 -9999 -9999 -9999 -9999 -9999 -9999 -9999 -9999 -9999 -9999 -9999 -9999 -9999 -9999 -9999 -9999 -9999 -9999 -9999 -9999 -9999 -9999 -9999 -9999 -9999 -9999 -9999 -9999 -9999 -9999
96 81 -82 -98 -41 -116 42 164 58 -73 -27 30 9 2 22 -43 -16 -12 -41 -50 -145 -89 -81 -86 -75 -63 -141 -117 -113 -104 -90 -72 -65 -42 -37 -42 -63 -24 -9 1 -55 -8 58 -6 80 112 114 100 65 -29 3 6 6 28 22 47 44 39 -9999 -9999 -9999 -9999 -9999 -9999 -9999 -9999 -9999 -9999 -9999 -9999 -9999 -9999 -9999 -9999 -9999 -9999 -9999 -9999 -9999 -9999 -9999 -9999 -9999 -9999 -9999 -9999 -9999 -9999 -9999 -9999 -9999 -9999 -9999 -9999 -9999 -9999
-20 183 119 -90 -100 36 -60 99 108 25 -59 -36 -15 -40 5 -36 -67 -34 -47 -35 -84 -74 -49 -59 -63 -70 -102 -89 -86 -54 -84 -69 -41 -66 -52 -52 -37 -33 -25 -10 -20 -40 -47 -20 31 32 83 117 101 59 9 -24 -33 10 16 23 23 22 -9999 -9999 -9999 -9999 -9999 -9999 -9999 -9999 -9999 -9999 -9999 -9999 -9999 -9999 -9999 -9999 -9999 -9999 -9999 -9999 -9999 -9999 -9999 -9999 -9999 -9999 -9999 -9999 -9999 -9999 -9999 -9999 -9999 -9999 -9999 -9999 -9999 -9999
-102 -106 51 -40 -100 -40 -33 58 17 -17 -9 -88 -50 -33 -37 -29 -46 -16 -19 -33 -9999 -9999 -9999 -9999 -9999 -9999 -9999 -9999 -9999 -9999 -9999 -9999 -9999 -9999 -9999 -9999 -9999 -9999 -9999 -9999 -9999 -9999 -9999 -9999 -9999 -9999 -9999 -9999 -9999 -9999 -9999 -9999 -9999 -9999 -9999 -9999 -9999 -9999 -9999 -9999 -9999 -9999 -9999 -9999 -9999 -9999 -9999 -9999 -9999 -9999 -9999 -9999 -9999 -9999 -9999 -9999 -9999 -9999 -9999 -9999 -9999 -9999 -9999 -9999 -9999 -9999 -9999 -9999 -9999 -9999 -9999 -9999 -9999 -9999 -9999 -9999
-16 -60 45 -25 -53 -129 6 -32 18 -16 -6 -19 -39 -34 -39 -18 -35 -32 0 -11 -9999 -9999 -9999 -9999 -9999 -9999 -9999 -9999 -9999 -9999 -9999 -9999 -9999 -9999 -9999 -9999 -9999 -9999 -9999 -9999 -9999 -9999 -9999 -9999 -9999 -9999 -9999 -9999 -9999 -9999 -9999 -9999 -9999 -9999 -9999 -9999 -9999 -9999 -9999 -9999 -9999 -9999 -9999 -9999 -9999 -9999 -9999 -9999 -9999 -9999 -9999 -9999 -9999 -9999 -9999 -9999 -9999 -9999 -9999 -9999 -9999 -9999 -9999 -9999 -9999 -9999 -9999 -9999 -9999 -9999 -9999 -9999 -9999 -9999 -9999 -9999
-39 -35 44 40 -50 -62 -90 53 37 17 25 -31 -25 -34 -18 0 -9999 -9999 -9999 -9999 -9999 -9999 -9999 -9999 -9999 -9999 -9999 -9999 -9999 -9999 -9999 -9999 -9999 -9999 -9999 -9999 -9999 -9999 -9999 -9999 -9999 -9999 -9999 -9999 -9999 -9999 -9999 -9999 -9999 -9999 -9999 -9999 -9999 -9999 -9999 -9999 -9999 -9999 -9999 -9999 -9999 -9999 -9999 -9999 -9999 -9999 -9999 -9999 -9999 -9999 -9999 -9999 -9999 -9999 -9999 -9999 -9999 -9999 -9999 -9999 -9999 -9999 -9999 -9999 -9999 -9999 -9999 -9999 -9999 -9999 -9999 -9999 -9999 -9999 -9999 -9999
-25 -36 9 44 -13 -45 -53 15 -10 4 -44 -32 -23 -24 -1 -10 -9999 -9999 -9999 -9999 -9999 -9999 -9999 -9999 -9999 -9999 -9999 -9999 -9999 -9999 -9999 -9999 -9999 -9999 -9999 -9999 -9999 -9999 -9999 -9999 -9999 -9999 -9999 -9999 -9999 -9999 -9999 -9999 -9999 -9999 -9999 -9999 -9999 -9999 -9999 -9999 -9999 -9999 -9999 -9999 -9999 -9999 -9999 -9999 -9999 -9999 -9999 -9999 -9999 -9999 -9999 -9999 -9999 -9999 -9999 -9999 -9999 -9999 -9999 -9999 -9999 -9999 -9999 -9999 -9999 -9999 -9999 -9999 -9999 -9999 -9999 -9999 -9999 -9999 -9999 -9999
-50 -58 -29 45 8 -46 -46 -20 -9999 -9999 -9999 -9999 -9999 -9999 -9999 -9999 -9999 -9999 -9999 -9999 -9999 -9999 -9999 -9999 -9999 -9999 -9999 -9999 -9999 -9999 -9999 -9999 -9999 -9999 -9999 -9999 -9999 -9999 -9999 -9999 -9999 -9999 -9999 -9999 -9999 -9999 -9999 -9999 -9999 -9999 -9999 -9999 -9999 -9999 -9999 -9999 -9999 -9999 -9999 -9999 -9999 -9999 -9999 -9999 -9999 -9999 -9999 -9999 -9999 -9999 -9999 -9999 -9999 -9999 -9999 -9999 -9999 -9999 -9999 -9999 -9999 -9999 -9999 -9999 -9999 -9999 -9999 -9999 -9999 -9999 -9999 -9999 -9999 -9999 -9999 -9999
-33 -39 -26 -45 5 -44 -14 -32 -9999 -9999 -9999 -9999 -9999 -9999 -9999 -9999 -9999 -9999 -9999 -9999 -9999 -9999 -9999 -9999 -9999 -9999 -9999 -9999 -9999 -9999 -9999 -9999 -9999 -9999 -9999 -9999 -9999 -9999 -9999 -9999 -9999 -9999 -9999 -9999 -9999 -9999 -9999 -9999 -9999 -9999 -9999 -9999 -9999 -9999 -9999 -9999 -9999 -9999 -9999 -9999 -9999 -9999 -9999 -9999 -9999 -9999 -9999 -9999 -9999 -9999 -9999 -9999 -9999 -9999 -9999 -9999 -9999 -9999 -9999 -9999 -9999 -9999 -9999 -9999 -9999 -9999 -9999 -9999 -9999 -9999 -9999 -9999 -9999 -9999 -9999 -9999
-9999 -9999 -9999 -9999 -9999 -9999 -9999 -9999 -9999 -9999 -9999 -9999 -9999 -9999 -9999 -9999 -9999 -9999 -9999 -9999 -9999 -9999 -9999 -9999 -9999 -9999 -9999 -9999 -9999 -9999 -9999 -9999 -9999 -9999 -9999 -9999 -9999 -9999 -9999 -9999 -9999 -9999 -9999 -9999 -9999 -9999 -9999 -9999 -9999 -9999 -9999 -9999 -9999 -9999 -9999 -9999 -9999 -9999 -9999 -9999 -9999 -9999 -9999 -9999 -9999 -9999 -9999 -9999 -9999 -9999 -9999 -9999 -9999 -9999 -9999 -9999 -9999 -9999 -9999 -9999 -9999 -9999 -9999 -9999 -9999 -9999 -9999 -9999 -9999 -9999 -9999 -9999 -9999 -9999 -9999 -9999
-9999 -9999 -9999 -9999 -9999 -9999 -9999 -9999 -9999 -9999 -9999 -9999 -9999 -9999 -9999 -9999 -9999 -9999 -9999 -9999 -9999 -9999 -9999 -9999 -9999 -9999 -9999 -9999 -9999 -9999 -9999 -9999 -9999 -9999 -9999 -9999 -9999 -9999 -9999 -9999 -9999 -9999 -9999 -9999 -9999 -9999 -9999 -9999 -9999 -9999 -9999 -9999 -9999 -9999 -9999 -9999 -9999 -9999 -9999 -9999 -9999 -9999 -9999 -9999 -9999 -9999 -9999 -9999 -9999 -9999 -9999 -9999 -9999 -9999 -9999 -9999 -9999 -9999 -9999 -9999 -9999 -9999 -9999 -9999 -9999 -9999 -9999 -9999 -9999 -9999 -9999 -9999 -9999 -9999 -9999 -9999
-9999 -9999 -9999 -9999 -9999 -9999 -9999 -9999 -9999 -9999 -9999 -9999 -9999 -9999 -9999 -9999 -9999 -9999 -9999 -9999 -9999 -9999 -9999 -9999 -9999 -9999 -9999 -9999 -9999 -9999 -9999 -9999 -9999 -9999 -9999 -9999 -9999 -9999 -9999 -9999 -9999 -9999 -9999 -9999 -9999 -9999 -9999 -9999 -9999 -9999 -9999 -9999 -9999 -9999 -9999 -9999 -9999 -9999 -9999 -9999 -9999 -9999 -9999 -9999 -9999 -9999 -9999 -9999 -9999 -9999 -9999 -9999 -9999 -9999 -9999 -9999 -9999 -9999 -9999 -9999 -9999 -9999 -9999 -9999 -9999 -9999 -9999 -9999 -9999 -9999 -9999 -9999 -9999 -9999 -9999 -9999
-9999 -9999 -9999 -9999 -9999 -9999 -9999 -9999 -9999 -9999 -9999 -9999 -9999 -9999 -9999 -9999 -9999 -9999 -9999 -9999 -9999 -9999 -9999 -9999 -9999 -9999 -9999 -9999 -9999 -9999 -9999 -9999 -9999 -9999 -9999 -9999 -9999 -9999 -9999 -9999 -9999 -9999 -9999 -9999 -9999 -9999 -9999 -9999 -9999 -9999 -9999 -9999 -9999 -9999 -9999 -9999 -9999 -9999 -9999 -9999 -9999 -9999 -9999 -9999 -9999 -9999 -9999 -9999 -9999 -9999 -9999 -9999 -9999 -9999 -9999 -9999 -9999 -9999 -9999 -9999 -9999 -9999 -9999 -9999 -9999 -9999 -9999 -9999 -9999 -9999 -9999 -9999 -9999 -9999 -9999 -9999
-9999 -9999 -9999 -9999 -9999 -9999 -9999 -9999 -9999 -9999 -9999 -9999 -9999 -9999 -9999 -9999 -9999 -9999 -9999 -9999 -9999 -9999 -9999 -9999 -9999 -9999 -9999 -9999 -9999 -9999 -9999 -9999 -9999 -9999 -9999 -9999 -9999 -9999 -9999 -9999 -9999 -9999 -9999 -9999 -9999 -9999 -9999 -9999 -9999 -9999 -9999 -9999 -9999 -9999 -9999 -9999 -9999 -9999 -9999 -9999 -9999 -9999 -9999 -9999 -9999 -9999 -9999 -9999 -9999 -9999 -9999 -9999 -9999 -9999 -9999 -9999 -9999 -9999 -9999 -9999 -9999 -9999 -9999 -9999 -9999 -9999 -9999 -9999 -9999 -9999 -9999 -9999 -9999 -9999 -9999 -9999
-9999 -9999 -9999 -9999 -9999 -9999 -9999 -9999 -9999 -9999 -9999 -9999 -9999 -9999 -9999 -9999 -9999 -9999 -9999 -9999 -9999 -9999 -9999 -9999 -9999 -9999 -9999 -9999 -9999 -9999 -9999 -9999 -9999 -9999 -9999 -9999 -9999 -9999 -9999 -9999 -9999 -9999 -9999 -9999 -9999 -9999 -9999 -9999 -9999 -9999 -9999 -9999 -9999 -9999 -9999 -9999 -9999 -9999 -9999 -9999 -9999 -9999 -9999 -9999 -9999 -9999 -9999 -9999 -9999 -9999 -9999 -9999 -9999 -9999 -9999 -9999 -9999 -9999 -9999 -9999 -9999 -9999 -9999 -9999 -9999 -9999 -9999 -9999 -9999 -9999 -9999 -9999 -9999 -9999 -9999 -9999
-9999 -9999 -9999 -9999 -9999 -9999 -9999 -9999 -9999 -9999 -9999 -9999 -9999 -9999 -9999 -9999 -9999 -9999 -9999 -9999 -9999 -9999 -9999 -9999 -9999 -9999 -9999 -9999 -9999 -9999 -9999 -9999 -9999 -9999 -9999 -9999 -9999 -9999 -9999 -9999 -9999 -9999 -9999 -9999 -9999 -9999 -9999 -9999 -9999 -9999 -9999 -9999 -9999 -9999 -9999 -9999 -9999 -9999 -9999 -9999 -9999 -9999 -9999 -9999 -9999 -9999 -9999 -9999 -9999 -9999 -9999 -9999 -9999 -9999 -9999 -9999 -9999 -9999 -9999 -9999 -9999 -9999 -9999 -9999 -9999 -9999 -9999 -9999 -9999 -9999 -9999 -9999 -9999 -9999 -9999 -9999
-9999 -9999 -9999 -9999 -9999 -9999 -9999 -9999 -9999 -9999 -9999 -9999 -9999 -9999 -9999 -9999 -9999 -9999 -9999 -9999 -9999 -9999 -9999 -9999 -9999 -9999 -9999 -9999 -9999 -9999 -9999 -9999 -9999 -9999 -9999 -9999 -9999 -9999 -9999 -9999 -9999 -9999 -9999 -9999 -9999 -9999 -9999 -9999 -9999 -9999 -9999 -9999 -9999 -9999 -9999 -9999 -9999 -9999 -9999 -9999 -9999 -9999 -9999 -9999 -9999 -9999 -9999 -9999 -9999 -9999 -9999 -9999 -9999 -9999 -9999 -9999 -9999 -9999 -9999 -9999 -9999 -9999 -9999 -9999 -9999 -9999 -9999 -9999 -9999 -9999 -9999 -9999 -9999 -9999 -9999 -9999
-9999 -9999 -9999 -9999 -9999 -9999 -9999 -9999 -9999 -9999 -9999 -9999 -9999 -9999 -9999 -9999 -9999 -9999 -9999 -9999 -9999 -9999 -9999 -9999 -9999 -9999 -9999 -9999 -9999 -9999 -9999 -9999 -9999 -9999 -9999 -9999 -9999 -9999 -9999 -9999 -9999 -9999 -9999 -9999 -9999 -9999 -9999 -9999 -9999 -9999 -9999 -9999 -9999 -9999 -9999 -9999 -9999 -9999 -9999 -9999 -9999 -9999 -9999 -9999 -9999 -9999 -9999 -9999 -9999 -9999 -9999 -9999 -9999 -9999 -9999 -9999 -9999 -9999 -9999 -9999 -9999 -9999 -9999 -9999 -9999 -9999 -9999 -9999 -9999 -9999 -9999 -9999 -9999 -9999 -9999 -9999
