sesion_6_simulaciones/modelos_distribucion_especies/ejemplo/variables/futuro_A2/2030/topo_posic.asc
ncols 708
nrows 329
xllcorner -7.525000
yllcorner 35.991667
cellsize 0.008333
NODATA_value -9999
[rows 141 to 187 of 329, columns 96 to 191 of 708]
28 9 -38 -76 -51 -54 -84 -93 -74 -40 -29 42 21 45 53 -71 11 -3 -3 0 59 66 75 -29 18 7 7 8 16 26 26 44 50 51 42 -14 24 57 60 67 51 35 29 20 20 -36 10 21 33 -6 -27 -62 -23 -1 21 32 28 -53 -2 22 18 -40 6 10 4 14 10 0 20 22 10 25 -5 -11 0 9 0 0 4 -8 -23 -29 -25 -9 -8 1 3 14 -8 3 7 8 -3 -10 -14 -11
39 15 -23 -44 -75 -53 -27 -49 -115 -129 -79 -25 -33 5 16 30 -27 -51 -16 -13 20 50 71 67 44 65 64 46 40 39 19 36 24 -17 14 -18 22 45 30 62 57 33 27 27 19 26 -15 -15 -25 16 -45 1 -50 -8 20 28 32 17 -48 37 20 8 -31 -9 0 8 19 18 28 39 21 7 13 -16 0 -2 -3 -8 -14 -20 -26 -31 -16 -11 -10 -2 1 10 -6 0 6 -1 -9 5 -12 -7
24 33 -44 -5 -22 -12 14 14 -12 13 -57 -71 -119 -69 -78 -9 -18 -61 -30 -8 36 35 50 55 37 45 42 61 30 30 4 35 20 -13 12 -14 6 16 14 18 31 26 22 23 6 11 8 7 -30 -56 -46 -23 -43 -23 6 33 31 37 9 -46 28 6 -12 -17 -13 -11 -2 9 13 16 1 -12 -17 -21 -18 0 -5 -16 -15 -21 -24 -23 -13 -8 -6 -7 2 3 -6 3 12 3 -10 -10 -7 -5
25 21 27 5 -8 19 53 57 66 71 60 3 -11 -23 -90 -36 -16 -25 -44 10 6 33 33 26 3 28 24 17 23 12 -8 -12 14 -14 -26 -9 0 -1 15 -3 17 29 24 33 20 5 18 19 18 4 -8 -38 -32 -31 -19 4 35 22 20 0 20 11 -12 -21 -29 -27 -18 -4 2 -28 -28 -23 -22 -8 -25 7 13 2 -7 -20 -21 -20 -17 -5 -2 -4 -2 -3 2 19 8 1 -11 -9 -7 -5
4 10 33 32 39 35 40 49 49 58 72 80 74 53 60 30 10 27 -16 -22 19 34 21 5 -19 -15 -27 -28 -15 -30 -3 -11 -21 -36 -9 -2 7 20 10 3 14 18 14 46 40 31 19 20 21 -3 7 23 3 14 16 37 38 -4 -8 -75 -21 7 -7 -12 -35 -22 -12 -6 -27 -26 -19 -20 -19 -5 -10 -13 10 18 -1 -13 -15 -14 -13 -4 -2 1 1 -1 10 10 -13 -11 -10 -6 -6 -4
-9 -5 1 25 29 23 20 26 43 23 31 41 38 50 38 28 5 -44 -64 -35 7 17 24 12 -15 -16 -33 -21 -25 -20 -10 -19 -27 -32 -5 6 -18 5 -12 4 23 2 -6 -16 -1 4 3 13 7 8 14 12 15 5 3 1 -24 -20 -26 5 -34 0 4 2 -25 -16 -8 -16 -21 -25 -26 -18 -14 -12 -2 -19 -5 15 18 9 -11 -12 -11 1 1 4 3 -6 4 -7 -7 -7 -5 -5 -5 -5
-8 25 31 29 21 -4 4 15 26 14 5 12 17 11 5 7 7 -18 -62 -38 -20 5 7 3 -11 -21 -30 -23 10 -5 1 16 -14 -4 4 -33 -5 -7 -9 2 16 5 5 -13 -4 2 -2 10 2 -2 6 -6 -3 -10 -10 -2 -6 -12 -23 -34 -27 -3 5 9 -20 -11 -1 -2 -11 -13 -14 -20 -19 -18 -11 -2 -16 0 10 6 8 -10 -10 -8 3 4 3 -6 -6 -5 -5 -4 -4 -5 1 1
26 28 32 22 15 -13 -1 8 5 -6 -6 -5 -5 28 16 14 -55 -89 -18 -29 -13 -14 -19 -15 -25 -29 10 8 23 7 6 9 10 -35 -31 -33 -4 9 6 17 -3 -10 -7 -4 -13 -10 -15 -10 -7 -18 12 -12 -12 -17 -8 -6 -6 -3 -6 -18 -20 -12 11 -12 -15 -14 12 6 -6 -13 -18 -6 -9 -9 -11 -14 -3 -17 -7 -11 -11 2 -3 -7 -4 2 -4 -5 -5 -3 -3 -3 -4 -4 -2 -1
37 34 32 34 -18 -14 3 0 6 6 -11 -38 -24 3 29 36 50 28 -33 -27 -16 -25 -29 1 5 6 16 20 15 13 -3 6 -1 -11 -6 -2 9 3 -1 -6 -13 -6 -11 -8 -5 -26 -12 -16 -20 -20 -21 -19 -13 -15 -16 -2 12 3 -1 -2 -20 -14 1 -15 -16 7 0 7 -7 -7 -10 -17 -12 -15 -12 -12 -12 -11 -10 5 4 -9 -7 -5 -3 -3 -2 -5 -3 0 -1 -2 -3 2 1 -1
13 -2 0 -8 -21 -8 -5 -9 2 -5 -1 -17 -40 9 22 29 29 30 -20 19 -1 -15 -19 -27 -16 -1 20 8 4 -11 9 -10 -25 -9 17 -7 5 -8 -14 -14 -17 -10 -17 -10 -20 -13 -17 -9 -9 -11 -14 -16 -10 -11 -13 5 17 10 4 -9 -18 -18 -14 -16 -6 10 3 3 8 -2 -15 -9 -12 -6 -3 -10 3 1 0 5 7 7 9 -7 -5 -3 -3 -4 -3 -4 -2 -3 -3 -1 -3 -3
15 0 6 -22 -10 -11 -9 5 18 4 -20 2 -26 11 13 0 12 -1 15 26 23 1 -2 13 23 14 2 -11 -8 -12 -1 -17 9 11 1 -17 -17 -18 -26 -10 -24 -23 -20 -11 -14 -11 -11 -7 -10 -12 -3 -10 -8 -6 -12 -2 15 10 2 1 -17 -18 -16 -6 6 7 4 9 6 -3 -10 -10 -5 -6 -11 2 0 2 3 1 -3 -6 -10 -6 -4 -2 -2 0 -4 -3 -4 -4 -1 -2 -1 6
3 5 3 -20 -4 -6 2 10 18 10 8 -21 -7 21 15 3 -3 -23 -6 6 15 -27 4 28 25 19 3 26 29 -14 14 18 15 8 -9 -25 -24 -24 -22 -21 -22 -21 -16 -10 -11 -14 1 -8 -2 -7 5 -8 -8 -3 -5 -8 -1 1 2 1 -17 -19 -19 1 0 -4 -1 4 18 -3 -2 1 -8 -5 -6 -9 -7 -7 -4 7 4 -13 -10 -7 -4 2 -2 -2 -2 -3 -1 -2 -2 -2 2 7
-5 5 13 3 1 -47 -15 -1 11 22 16 4 -43 14 20 -8 -2 -22 -60 -17 -8 -22 -11 22 4 23 17 -5 14 27 22 8 4 8 -23 -31 -37 -32 -30 -26 -24 -21 -17 -16 -14 -13 -3 -1 -6 -5 3 -6 -2 12 6 19 5 4 4 2 -16 -19 -18 -8 -13 -16 -12 -6 1 11 15 -6 -10 -16 -13 -13 -17 -20 -21 -16 -17 -14 -14 -9 -5 -2 -1 -1 -2 -1 -1 -3 -5 5 7 6
-3 6 10 -2 -3 -5 -32 -16 12 19 8 17 3 5 8 -12 -14 -38 -33 -6 -11 -22 -7 4 -5 -14 -12 -27 -29 -6 -1 4 8 -17 -31 -34 -33 -24 -24 -21 -23 -20 -17 -18 -15 -13 -14 -14 -5 -7 -1 -7 -1 6 25 24 12 7 4 -16 -25 -25 -5 -4 -7 -13 -23 -18 -8 28 68 2 -7 -16 -19 -29 -24 -18 -21 -18 -12 -26 -19 -13 -7 -1 -2 0 -3 -1 -1 -2 1 3 5 5
-14 5 7 5 2 -6 -27 -5 -1 7 1 11 27 -3 18 -34 -26 3 -15 -16 -26 -21 -16 -16 -17 -25 -27 -31 -30 -24 -25 -23 -15 -8 -23 -27 -19 -18 -24 -22 -19 -17 -19 -19 -16 -14 -11 -15 -10 -9 -10 -9 2 1 11 18 9 6 3 -1 -25 -28 -10 -11 -17 -13 -9 -2 -13 6 50 59 9 -19 -24 -32 -18 -16 -14 -7 -9 -15 -23 -17 -9 -4 -2 -2 -1 -2 -2 -3 2 -1 2 2
-8 3 3 -7 13 14 -6 -21 17 -6 6 20 28 -36 -23 -10 6 7 4 -6 0 -13 -15 -17 -18 -19 -22 -25 -28 -27 -23 -17 -10 8 -2 45 41 4 -14 -6 -12 -15 -12 -18 -13 -6 4 -7 -14 -16 -14 -12 -9 3 -1 18 8 6 -3 -17 -30 -35 -15 -1 -12 -8 8 38 17 18 12 27 49 13 -21 -29 -11 -5 22 5 -3 -18 -22 -21 -11 -6 -2 -2 -2 0 -1 -2 0 -5 -1 2
8 -13 20 17 -1 16 -10 -32 7 -11 -1 -15 -22 -42 -7 9 -2 -7 -10 -6 -2 0 -12 -10 -9 -12 -17 -18 -22 -20 -8 45 44 41 44 48 53 51 63 78 11 3 -2 -17 -11 -3 -4 -9 -11 -12 -17 -17 -14 -10 4 6 8 1 -7 -22 -32 -31 -4 -7 -8 26 43 44 34 14 2 1 19 40 50 -10 38 67 75 79 32 -8 -21 -24 -14 -8 -4 -1 2 -2 0 -2 -3 -1 0 0
-3 -13 20 23 -6 7 -8 -8 -16 -7 -6 -25 -35 -27 -25 -23 -21 -22 -24 -21 -24 -21 -21 -20 -19 -16 -14 -12 -13 -8 22 38 23 12 -1 -1 3 26 47 59 38 12 0 -4 -2 -1 -6 -10 2 -6 -8 -19 -19 -14 -13 -8 4 1 -15 -23 -37 -15 -9 -1 35 31 46 47 34 20 12 -7 -10 26 25 6 32 51 70 65 39 21 -15 -28 -18 -10 -1 -1 -2 1 1 1 5 3 -4 5
-15 9 18 18 -6 -8 -13 -5 -15 0 -25 -31 -26 -26 -24 -32 -25 -23 -21 -19 -22 -23 -22 -19 -26 -23 -23 -21 -13 -9 10 22 32 12 -10 -13 -10 -16 9 40 42 41 8 -5 -10 -10 -7 4 -8 -1 -7 -7 -5 -8 -15 -12 -8 -1 -20 -33 -40 -15 48 44 54 43 32 33 28 18 9 5 -15 -18 -17 4 32 35 53 53 35 1 -33 -32 -20 -12 -4 1 2 -1 -1 3 4 1 0 3
17 15 9 11 5 -1 -12 -19 -15 -33 -26 -24 -19 -16 -15 -18 -24 -19 -24 -23 -22 -26 -21 -16 -21 -21 -21 -21 -22 4 17 26 32 29 13 -17 -24 -29 -23 -11 -6 15 0 13 0 -8 -11 -9 -5 7 3 -6 -6 13 10 -1 -12 -10 -18 -34 -40 6 45 57 43 30 21 21 26 23 18 2 -2 -11 -23 5 18 12 29 49 33 11 -41 -33 -23 -9 -7 5 2 -1 -2 0 0 -1 2 3
22 16 11 16 4 16 17 -32 -31 -33 -23 -17 -16 -21 -18 -20 -17 -14 -14 -11 -9 -11 2 -8 -10 -13 -18 -7 -7 3 20 21 13 19 23 12 -11 -24 -27 -27 -16 -19 -12 -6 35 25 -2 6 38 10 -4 -8 -11 -7 9 1 -12 -18 -25 -37 -46 37 48 42 31 17 8 13 15 14 16 15 9 -17 -28 1 3 7 27 36 31 23 14 -32 -24 -9 2 9 6 0 1 0 2 3 3 1
16 7 11 1 2 17 -37 -34 -27 -19 -16 -19 -19 -15 -12 -2 -6 18 28 21 -7 10 26 28 16 15 19 25 16 22 24 10 5 4 16 16 19 2 -17 -17 -18 -26 -20 -21 -10 9 36 38 51 21 5 -16 -12 -13 5 4 -7 -22 -31 -41 -16 12 28 28 24 10 -1 2 7 10 15 14 15 -6 -28 -13 -6 13 25 31 36 29 18 -33 -24 -9 1 6 1 0 7 -3 -1 1 2 0
18 -2 8 5 -1 -7 -35 -36 -24 -21 -23 -11 13 31 19 -7 13 33 58 36 30 25 29 31 30 30 27 24 17 13 21 19 5 -1 -4 -2 20 20 23 14 23 -14 -19 -21 -22 -16 -6 5 35 47 29 12 -5 -17 -14 8 -9 -17 -29 -44 -51 -12 25 22 17 8 -2 -7 1 5 10 10 12 9 -14 -27 -10 12 13 26 23 24 0 -30 -25 -12 -6 -4 2 -3 -2 3 4 2 -8 -8
11 -4 -1 -4 -11 -12 -39 -23 -28 -19 -15 -8 6 35 58 42 53 51 47 27 22 45 40 23 18 22 16 2 -4 2 12 10 14 18 1 -10 -6 3 11 27 28 35 11 -9 -25 -25 -22 -16 1 25 35 5 -2 -15 -15 -14 -13 -21 -36 -45 29 23 27 19 12 4 6 -3 -6 1 9 7 12 0 -14 -20 -15 1 13 29 20 12 1 -26 -23 -15 -6 -2 1 -2 -4 -4 -7 -11 -16 -16
-9 -14 -16 -36 -4 -5 -23 -23 -17 3 21 21 24 36 25 21 27 42 35 10 3 18 17 4 2 17 23 9 -11 -15 -5 -4 -1 0 17 15 -4 -10 -9 6 18 29 33 13 -2 -21 -25 -23 -14 3 33 39 11 25 9 -20 -20 -27 -39 -23 40 34 27 15 6 3 6 6 5 -6 -1 4 8 4 -15 -23 -14 -4 9 19 23 21 17 -29 -19 -14 -8 -5 0 -1 -5 -8 -11 -14 -11 -8
-22 -33 -38 -26 -7 -9 -16 -18 2 11 37 42 44 32 29 7 1 4 2 -10 2 12 6 -19 -6 13 28 29 5 -2 -17 -19 -16 -11 1 12 14 5 -10 -15 -2 12 21 29 32 9 -14 -21 -28 -16 15 39 47 47 25 -7 -23 -34 -40 4 39 33 25 14 4 1 7 5 9 8 -4 1 11 10 7 -22 -12 4 2 18 17 19 29 -23 -15 -12 -3 -2 -1 -4 -5 -10 -12 -1 0 -4
-29 -37 -44 -23 -17 -9 5 22 31 25 20 11 4 4 12 18 0 -12 -15 -20 -8 11 -8 -17 -2 7 9 9 25 29 9 -11 -18 -23 -6 0 3 13 10 0 -17 -15 6 18 25 28 29 2 -11 -28 -12 14 24 25 20 -17 -24 -34 -40 43 34 30 19 12 6 1 -1 3 3 2 -3 1 9 9 -1 -21 -2 4 9 10 15 15 22 -19 -14 -9 -6 -1 -3 -7 -3 -9 -13 -4 2 5
-36 -43 -33 -19 10 31 45 39 41 23 9 3 0 -4 -3 5 11 5 -3 -23 -27 -6 -24 -7 3 -2 -1 7 13 17 20 15 3 -13 -26 -27 -5 3 2 11 7 -15 -15 7 8 23 24 25 20 4 -21 5 27 8 -3 -18 -33 -37 -40 27 28 19 9 5 4 -1 -2 4 2 -3 -1 4 4 6 0 -18 -3 3 11 5 5 21 0 -11 -12 -9 -3 -2 -3 -7 -6 -4 -1 12 24 28
-12 -3 -44 -29 -12 11 14 39 28 28 23 15 0 -17 0 2 7 7 8 4 -2 -23 -26 -13 -10 2 4 11 13 17 17 19 14 9 0 -15 -17 -5 -6 8 13 9 13 -15 -13 7 8 20 24 11 -14 -18 14 2 -11 -26 -36 -37 26 28 23 14 3 1 -2 -3 3 -2 -1 -6 3 4 0 0 2 -15 2 1 8 11 4 -24 -18 -14 -10 -7 -5 -5 -5 -1 3 2 11 20 24 18
13 31 17 -8 8 7 23 14 6 7 4 15 18 -9 -19 3 8 2 8 13 13 8 -8 -28 -20 -9 0 -1 8 14 12 9 3 11 11 11 1 -12 -23 -10 4 -1 9 12 7 -17 4 11 20 12 6 -13 3 8 -21 -25 -33 -34 21 23 16 14 0 -6 -3 -4 -1 -3 -2 -5 2 5 3 -3 -2 -3 -14 0 6 15 -3 -19 -15 -11 -7 -5 -3 -4 -8 -12 2 17 21 16 11 1
17 11 35 32 0 5 25 18 2 -11 -13 -18 -15 -5 -10 -9 3 -3 5 13 12 13 5 -5 -22 -5 -1 1 0 0 11 2 8 1 3 9 12 4 6 3 -26 -11 1 5 9 0 -13 2 11 12 11 -1 -15 5 -21 -30 18 21 19 17 12 7 -2 -6 -10 -5 0 -4 -7 -1 3 0 0 -2 0 -3 -9 -8 2 17 -17 -14 -11 -8 -5 -4 -5 -7 -7 -7 -9 -7 7 -11 -10 -3
32 35 32 27 27 22 17 9 5 2 5 -4 -12 -23 -6 -17 -7 -11 1 19 13 0 -3 -9 -25 -19 -8 -2 0 2 11 10 8 7 6 -7 2 13 11 12 3 3 -23 -5 2 -1 -17 3 9 11 11 -5 -7 4 -23 -27 7 7 14 14 7 7 1 -3 -9 -1 -1 -3 -8 -1 -4 -5 -4 -5 -8 2 -2 -10 -11 1 11 -10 -4 -5 -3 -3 -6 -3 -3 -4 -4 -7 -18 -16 1 2
34 23 17 12 17 17 7 5 7 3 2 2 3 -1 -23 -23 -22 -14 7 22 18 6 -3 -13 -20 -12 -13 -5 1 2 -2 -6 7 12 8 10 -1 -4 17 14 9 7 -1 -8 -19 -11 -12 3 4 9 12 12 0 1 -19 -26 -26 -3 8 6 4 3 -6 -5 -5 -8 -6 -8 -8 0 3 -9 -12 -11 -12 -5 0 -1 -9 -4 -2 -6 -4 -5 -3 -3 -6 -1 -1 -3 3 7 5 -8 -8 -4
18 13 7 6 5 3 0 5 8 0 6 1 -6 -2 3 0 -22 -18 -6 23 10 12 -2 -12 -21 -2 3 8 11 9 -1 -4 -5 11 14 9 12 2 -5 6 5 9 7 6 2 -19 -20 -6 4 7 9 12 5 -12 2 -21 -22 -5 0 2 4 6 -1 -7 -4 -10 -12 -9 1 1 1 10 2 -4 -15 -7 1 3 6 0 -2 -5 -5 -2 -4 -4 -6 -4 -5 -4 10 15 16 9 -1 1
13 8 2 0 0 -5 -2 2 11 13 0 -1 -9 -9 -2 3 1 -9 -18 -7 -5 -1 -4 -18 1 8 8 7 13 9 -1 -3 -3 -2 -2 14 8 2 -5 -2 2 -1 4 2 12 8 -15 -10 4 4 6 13 7 0 -18 -19 -7 0 -3 10 10 4 8 -6 -14 -12 -14 1 8 -1 1 22 10 3 -5 -12 -12 8 5 16 -3 -4 -3 -4 -2 -3 -2 -3 -6 -4 0 0 4 6 5 2
8 14 12 3 -3 -8 -2 -15 -2 10 12 10 2 5 -8 -11 -3 4 1 -14 -21 -5 -12 -15 2 10 4 2 2 8 3 -5 -2 1 -2 0 -3 -4 0 -4 -6 -1 -1 1 4 4 -1 -14 0 3 4 3 3 4 -16 -16 -1 -4 2 10 8 8 4 -7 -14 -16 -4 -3 10 -1 -4 28 8 22 8 -1 -11 -8 -5 -4 -4 -3 -3 -3 -5 -5 -4 -2 12 5 4 5 3 1 5 7
11 9 10 15 7 7 5 5 -6 -10 1 14 12 8 3 -9 -10 -9 -6 -6 -11 -22 -21 -12 -1 6 -5 -3 2 4 4 1 -5 -7 -5 -1 1 -6 -4 -1 -1 -4 -3 -2 3 1 -1 -13 -10 1 3 0 -1 -5 -15 -10 -4 -5 3 8 5 3 11 6 -6 -14 2 15 18 0 -5 13 9 8 -1 -10 -8 -6 -4 -2 -2 -2 -2 -3 -2 -5 -6 2 -1 2 4 0 4 3 6 6
1 3 7 6 -2 6 17 12 9 1 -2 -6 -23 13 19 6 -3 -8 -17 -11 -6 -11 -18 -20 -21 -10 -1 -13 -2 4 2 0 -6 -10 -6 -4 1 -2 -6 -4 7 4 0 -1 3 2 -3 -11 -9 -6 -3 2 8 -3 -13 -11 -10 -5 -2 4 5 1 6 2 1 -5 9 19 12 15 -9 3 2 11 -7 -8 -6 -4 -3 -6 -3 -3 -3 -4 -4 -5 -3 10 5 0 -1 0 2 5 2 3
2 4 6 -1 0 -2 4 11 13 11 2 0 -6 -16 0 5 18 22 14 8 6 5 7 -3 -22 -19 -19 -12 -9 5 -2 0 0 -8 -7 -6 2 0 0 -4 -5 4 0 -4 -2 0 5 -2 -10 -7 -7 -1 4 1 0 -9 -9 -9 -12 3 14 6 11 6 -4 3 16 13 1 19 -14 -13 -10 -8 -7 -6 -4 -2 0 -2 -2 -3 -3 -3 -4 -4 1 8 2 0 -3 -1 1 4 -4 0
-5 3 7 3 0 -14 -1 9 15 16 9 9 8 -6 -15 -4 7 14 13 20 18 12 11 9 7 5 -10 -17 -17 -3 3 -1 3 1 -6 -4 4 4 -5 -5 -4 -1 5 13 -1 -4 1 3 4 1 0 -5 -2 5 3 -9 -8 -8 -9 -10 4 9 -2 7 -4 10 14 15 -13 -13 -10 -8 -7 -5 -4 -4 -2 -2 2 0 0 -2 0 -3 -3 3 5 8 -1 0 1 -1 3 4 6 3
0 3 1 -4 -2 -8 -2 5 16 12 16 13 11 3 2 -7 -10 -8 6 15 16 4 8 10 14 15 17 13 -7 -8 2 -2 2 -4 -4 -5 2 -4 -4 -3 -1 10 1 -5 -3 -4 0 -4 1 6 6 0 -4 -3 6 -6 -6 -6 -6 -8 2 8 5 -4 -9 4 9 -11 -11 -9 -8 -6 -4 -2 -2 -2 -1 0 -4 0 -1 -1 -3 -4 -2 6 8 0 -5 -3 1 4 4 8 6 4
0 -1 -2 -1 -4 -12 -8 -6 3 10 9 12 9 8 6 5 3 4 -1 2 12 11 19 5 5 8 16 11 2 -3 -2 -6 -5 -1 3 1 -2 -5 -5 1 0 -3 -3 -3 3 -3 -3 -1 -5 2 4 7 -2 -3 -1 0 -4 -4 -5 -5 -7 -7 -9 -1 -9 3 9 -9 -6 -6 -5 -3 -2 -3 -2 -1 0 0 0 -1 -1 -2 -2 9 15 10 4 -3 -2 1 0 4 8 10 5 0
-5 -4 1 -2 -3 -8 -3 -3 -4 2 5 12 8 9 8 7 7 5 -2 -5 2 8 6 4 5 5 6 3 -6 -10 -8 -6 -3 4 5 2 -9 2 5 3 0 -4 -2 -2 0 0 -3 0 -4 1 2 4 3 -3 -2 -3 0 -3 -3 -3 -4 -5 -5 10 -7 -4 -5 -6 -5 -4 -2 -1 -1 0 -1 1 0 1 1 0 0 -1 0 2 6 8 5 -5 0 -3 -1 2 -3 -3 -7 -7
-7 -6 -4 -5 -2 0 4 0 0 -3 3 0 5 6 7 4 5 7 2 0 -5 0 3 0 4 0 12 1 -2 -3 -10 -7 5 4 2 -1 -6 -1 2 -3 0 -7 -3 1 3 0 -1 -1 -4 0 -2 5 1 -2 -3 -3 -1 -3 -1 -2 -2 -3 -4 -4 -5 -4 -4 -3 -2 -2 -1 -1 0 -1 0 2 0 0 0 0 0 -2 -2 -3 -2 -2 -1 -6 -6 -5 -2 -7 -8 -6 0 4
-9 -9 -8 -8 1 3 3 2 -5 -2 -6 -6 -1 -2 1 -3 -1 1 8 -1 -4 -13 -4 -2 -3 1 1 4 0 -4 -7 -8 4 3 -4 2 5 3 2 2 1 1 1 6 3 2 7 7 5 -5 -2 2 2 1 -1 -3 -2 0 -1 0 -1 -1 -2 -2 -2 -2 -2 -1 -1 -1 -1 0 -1 0 0 2 1 1 0 -1 0 0 -2 -2 -2 -2 -3 -5 -4 -5 -6 -7 -3 1 -1 -3
-10 -10 -10 -10 -6 -4 1 1 -2 -6 -7 -9 -13 -12 -11 -8 -2 3 2 5 -2 -6 -6 -4 -3 -1 1 3 -2 -4 -7 -8 -6 -8 3 1 3 2 -1 2 2 -2 0 3 5 7 4 -1 3 -1 -4 3 1 4 4 -2 -1 -1 0 0 0 0 0 -1 -1 -1 -1 -1 0 0 0 0 0 0 2 1 0 0 0 0 -1 0 -1 -1 -2 -2 -2 -2 -3 -4 -4 -4 -3 -4 -5 -1
-10 -10 -13 -13 -14 -8 -15 -17 -16 -18 -14 -17 -15 -16 -16 -15 -11 -4 -2 5 2 -4 -5 -2 -2 -3 1 3 0 -2 -4 -6 -5 -5 -3 3 -1 -4 0 2 5 -2 2 4 0 5 -3 -2 1 -6 -5 -1 -3 -3 -2 -2 -1 0 -1 0 -1 -1 -1 0 0 0 0 -1 0 -1 -1 -1 0 0 0 0 0 0 0 0 0 0 -1 -1 -1 -1 -1 -1 -1 -2 -2 -2 -4 -6 -7 -6
