sesion_6_simulaciones/modelos_distribucion_especies/ejemplo/variables/futuro_B2/2030/PA.asc
ncols 708
nrows 329
xllcorner -7.525000
yllcorner 35.991667
cellsize 0.008333
NODATA_value -9999
[rows 84 to 125 of 329, columns 470 to 563 of 708]
370 362 357 357 364 373 383 391 418 433 440 454 469 477 482 495 494 492 486 491 489 493 492 492 492 498 500 503 505 505 506 499 487 472 468 467 461 453 431 430 416 417 411 410 398 401 400 384 395 400 394 389 387 385 379 376 376 380 388 390 388 392 403 418 437 450 474 514 545 578 607 656 724 771 864 911 950 994 1028 1101 1141 1212 1217 1235 1232 1196 1133 1051 968 930 918 914 871 867
360 354 352 359 362 368 379 399 408 425 447 462 481 488 488 501 501 502 504 496 492 491 491 494 490 501 499 502 504 502 497 491 477 460 468 464 462 445 434 412 406 408 397 404 390 403 401 400 392 391 388 392 380 380 376 378 390 401 412 415 414 410 425 435 463 471 505 520 562 603 647 683 745 799 873 917 958 985 1036 1109 1162 1226 1245 1247 1239 1190 1139 1063 999 942 938 945 909 917
362 357 356 352 344 361 369 392 412 430 451 470 481 487 502 504 511 511 509 504 497 486 487 485 489 491 495 498 494 490 486 481 460 458 449 462 445 434 422 410 399 404 405 403 400 394 398 401 390 399 392 385 382 383 378 384 393 422 432 430 430 425 426 447 460 481 507 530 578 608 660 699 752 799 871 905 952 988 1038 1140 1168 1228 1277 1271 1236 1188 1115 1064 1002 953 916 924 921 877
357 357 340 341 342 350 355 370 395 428 441 466 475 491 497 507 509 509 505 497 490 479 479 477 478 471 480 470 475 467 463 452 450 435 437 433 446 432 426 397 397 401 402 404 390 397 391 397 404 390 395 382 383 379 377 384 394 422 427 434 441 433 436 439 471 489 508 551 577 624 665 710 751 773 846 930 939 1005 1058 1128 1207 1252 1257 1256 1202 1136 1106 1072 1027 995 933 910 922 900
362 352 351 341 344 348 358 368 384 403 434 445 463 472 483 491 496 493 485 478 465 459 460 442 451 447 450 444 440 426 432 422 437 414 426 421 419 428 413 394 392 390 398 396 391 384 393 386 387 396 378 392 374 377 377 384 400 408 429 435 440 444 449 446 461 485 513 541 579 635 667 696 732 785 859 883 977 1008 1073 1137 1187 1224 1236 1206 1164 1125 1081 1073 1054 1006 957 931 905 866
357 344 342 337 341 348 346 363 376 393 409 415 434 446 464 466 466 468 457 446 443 430 428 417 424 413 424 424 413 412 410 413 408 412 414 406 414 405 403 397 388 388 398 384 388 395 381 381 394 388 387 379 380 375 380 388 392 398 413 426 438 451 433 452 460 493 519 544 577 623 648 665 715 757 837 903 950 989 1038 1104 1193 1208 1208 1166 1145 1097 1111 1089 1052 1028 983 926 910 884
351 338 336 330 331 337 334 349 353 364 378 391 401 409 422 436 434 434 425 411 417 402 395 395 385 399 401 397 401 402 397 392 389 389 389 392 395 394 388 390 384 378 380 378 381 376 381 386 382 377 380 373 376 376 383 387 389 394 404 414 431 440 447 459 460 478 504 543 577 591 623 655 691 740 793 880 928 968 1011 1074 1156 1157 1156 1115 1103 1102 1114 1082 1043 997 974 954 913 907
330 330 318 323 310 322 317 323 335 343 349 354 371 382 386 396 402 389 391 392 377 369 368 369 372 371 383 378 379 382 378 376 379 373 375 376 380 383 377 382 365 376 365 380 377 374 369 367 372 376 376 370 370 376 381 386 387 392 398 404 412 429 447 446 460 465 489 529 555 578 601 627 688 741 776 831 883 922 977 1038 1089 1121 1096 1062 1061 1095 1089 1060 1038 1007 958 990 942 923
330 321 313 309 302 307 305 304 309 324 333 339 346 354 361 364 367 367 370 356 352 355 355 347 348 359 354 363 367 366 366 362 364 360 363 362 359 357 364 360 364 369 371 371 369 359 360 360 363 368 367 365 373 369 378 378 382 390 390 404 403 425 435 443 451 456 474 489 519 543 585 630 672 729 764 819 829 896 967 1038 1043 1066 1037 1024 1064 1087 1103 1070 1013 1001 1008 1008 989 952
332 325 319 317 309 305 302 299 303 314 320 323 328 334 338 344 347 349 348 345 340 340 335 338 342 350 358 361 349 356 356 362 358 353 349 348 344 339 342 351 347 353 359 358 354 344 347 350 366 365 368 368 376 378 376 375 384 389 391 398 405 421 433 442 447 446 453 469 495 524 555 608 657 717 755 802 840 897 938 976 1009 1009 980 1004 1031 1103 1085 1012 984 1032 991 1002 978 929
343 338 336 329 326 323 314 313 311 316 316 319 324 323 327 329 326 328 325 326 324 327 326 327 332 332 344 353 343 350 343 346 353 346 345 339 332 333 329 333 330 343 340 342 339 336 344 356 358 368 366 364 375 371 378 383 385 378 384 387 397 411 432 431 438 429 441 451 468 506 542 585 627 670 736 773 832 877 936 990 986 962 965 1006 1013 1052 1042 1020 1010 1008 1009 1009 959 925
357 355 349 352 344 340 336 325 326 326 325 327 325 322 321 321 319 321 322 323 319 317 315 322 329 338 337 340 343 340 336 339 340 340 341 330 330 329 328 326 327 329 329 325 326 334 343 348 360 361 360 371 375 388 378 380 384 379 382 384 390 400 408 426 427 444 436 439 461 480 521 564 615 660 704 773 823 898 971 961 954 955 947 993 1022 1015 1014 986 1006 997 1000 959 957 892
368 364 362 360 358 357 347 344 347 341 344 339 339 324 332 325 319 319 317 313 314 308 310 316 321 327 325 328 332 335 334 330 334 330 331 328 327 331 341 330 325 318 321 315 317 318 334 337 344 351 353 365 379 378 389 384 375 381 379 382 384 389 401 413 413 420 425 442 443 477 497 542 594 660 713 782 863 917 939 964 954 944 948 963 967 996 1012 1003 989 978 988 951 931 902
378 381 376 374 371 368 362 366 352 363 362 361 357 349 339 334 329 323 323 315 312 312 314 322 320 319 325 325 325 327 326 327 329 331 329 331 344 339 340 330 324 321 318 310 306 311 314 321 331 337 346 353 373 380 380 375 375 380 382 380 391 383 388 399 405 408 414 416 447 472 499 542 599 672 772 822 888 928 972 963 921 955 946 972 978 971 997 977 939 950 942 914 915 878
388 390 391 390 386 376 382 371 380 369 376 367 367 360 357 347 343 333 330 324 320 318 317 311 322 322 321 326 329 327 330 335 339 336 337 333 333 339 336 333 337 333 330 318 309 300 308 310 318 330 336 344 347 360 361 369 374 379 386 390 386 388 393 391 395 401 410 426 437 468 510 547 610 711 806 902 968 978 996 984 979 964 986 965 964 960 982 964 960 920 888 883 856 850
400 399 404 400 394 392 389 384 387 381 378 382 384 376 365 361 350 345 336 338 334 327 319 327 323 326 325 333 341 342 346 349 344 347 345 338 329 324 334 327 327 330 324 303 309 293 294 305 311 321 325 334 340 348 355 363 365 378 386 394 397 394 395 404 402 410 420 437 460 503 532 601 615 739 815 912 980 1026 1015 992 990 983 984 995 985 1000 984 943 943 898 871 855 841 857
409 410 406 410 408 402 404 404 392 391 396 390 395 385 380 365 364 356 352 342 344 340 337 335 322 338 342 348 359 358 360 356 359 353 352 340 337 327 320 315 321 318 317 317 296 289 286 290 298 308 311 322 331 339 344 362 366 374 390 403 393 398 415 406 414 423 437 461 487 533 595 649 715 791 883 983 991 1015 993 1015 1010 1010 1042 1040 1001 1002 976 924 907 888 849 833 856 855
416 416 413 415 412 410 409 408 407 400 403 409 400 394 383 376 368 366 365 368 359 348 352 342 352 353 361 371 376 371 366 367 360 365 359 358 336 337 319 317 307 301 301 301 295 278 282 283 286 302 314 321 333 339 342 356 362 381 386 394 408 408 415 423 433 444 462 484 523 570 638 699 755 888 950 1004 1030 1014 1037 1040 1029 1064 1051 1079 1055 1000 956 903 892 861 849 836 851 878
421 417 426 421 418 417 421 419 409 416 414 419 412 410 401 384 376 372 377 366 391 376 363 364 369 375 384 388 384 379 382 378 377 374 371 367 352 345 333 322 302 294 301 296 292 284 279 280 285 304 309 324 316 341 355 355 363 371 379 398 401 409 418 435 450 467 488 511 552 608 667 750 858 920 1005 1060 1053 1049 1054 1081 1075 1080 1086 1072 1058 995 947 879 835 805 846 847 878 881
421 425 427 427 423 425 426 425 425 422 432 425 431 408 403 396 381 380 380 392 392 379 386 376 373 383 398 405 402 394 396 393 390 384 387 397 396 363 357 335 306 304 290 298 296 284 277 277 288 299 317 314 338 356 353 360 367 368 382 386 400 412 426 438 466 489 508 544 591 637 722 790 917 976 1037 1047 1055 1097 1089 1129 1116 1079 1054 1082 1031 979 912 886 872 845 845 843 843 839
427 427 431 429 431 403 430 434 434 428 432 434 431 418 411 403 386 387 379 383 389 394 378 389 383 397 402 413 429 428 421 408 394 398 407 406 395 402 351 338 312 306 296 298 293 285 277 275 287 296 319 324 348 352 372 369 374 375 389 398 405 407 431 449 477 507 535 571 619 679 753 838 969 1014 1080 1062 1065 1104 1142 1159 1140 1159 1120 1070 1000 963 906 900 881 869 832 852 798 833
432 431 433 422 435 441 427 438 441 436 449 450 441 424 418 412 403 382 383 377 366 382 383 394 402 415 437 446 468 461 443 420 409 396 407 411 405 381 361 334 319 300 305 297 303 288 293 293 293 300 313 323 345 344 365 360 375 392 404 414 413 434 448 474 481 511 547 611 655 711 781 861 974 1040 1089 1081 1112 1149 1163 1153 1199 1151 1134 1061 983 935 926 920 918 867 804 808 820 790
437 442 439 439 431 436 429 435 446 444 451 459 452 447 431 427 416 402 399 387 376 378 389 400 418 447 491 487 494 464 449 424 414 410 403 384 369 369 348 322 315 305 315 299 304 299 306 294 296 285 306 315 331 330 352 365 375 396 401 418 445 472 493 507 512 538 568 616 671 718 835 901 1002 1047 1097 1101 1126 1167 1173 1192 1182 1145 1087 1003 928 898 893 903 877 842 804 792 821 796
443 442 441 442 440 440 437 445 447 449 468 471 492 502 491 471 445 429 408 381 375 378 387 406 445 512 513 498 466 461 437 426 418 411 401 384 373 358 339 330 321 315 313 308 304 291 288 291 287 290 292 304 323 336 346 354 366 397 404 439 470 511 545 582 554 562 593 621 686 753 826 896 973 1035 1068 1115 1144 1158 1181 1185 1149 1112 1035 943 905 879 892 865 825 789 792 802 821 782
446 447 448 442 445 445 440 443 448 455 478 491 520 535 536 508 467 442 413 392 378 371 382 413 469 499 513 502 460 441 435 429 422 413 398 382 371 357 327 327 315 320 312 310 299 305 281 290 281 285 289 300 307 324 333 350 379 379 405 434 464 497 558 575 596 593 605 638 676 744 814 903 960 1036 1073 1118 1134 1134 1172 1142 1102 1023 973 886 858 820 832 793 762 780 768 799 796 775
451 454 455 450 447 447 441 437 443 463 483 497 550 572 569 534 483 451 419 399 366 370 380 404 453 510 523 478 459 448 455 462 458 424 402 384 372 350 342 336 330 323 318 318 311 315 295 297 289 283 289 293 305 317 327 335 368 388 409 426 454 490 539 597 599 629 622 650 681 731 802 873 948 1044 1076 1114 1121 1131 1117 1120 1040 979 891 849 819 769 759 732 715 725 756 790 772 694
458 455 456 456 451 449 449 444 438 466 478 520 554 596 579 590 515 443 406 384 372 368 366 384 420 447 474 463 458 474 484 458 441 432 398 383 358 349 337 332 335 336 330 319 301 301 306 303 297 292 296 293 295 304 321 329 350 367 389 406 439 473 524 588 616 650 638 652 687 744 797 861 944 990 1055 1089 1088 1102 1064 1037 977 920 843 789 774 722 705 684 673 675 731 733 686 628
456 461 461 463 461 452 447 445 444 450 476 503 527 604 632 564 510 439 395 388 377 373 369 374 384 395 410 419 429 462 469 456 430 410 379 366 350 349 341 348 331 337 329 314 317 315 315 306 291 282 303 297 300 297 305 321 339 354 377 398 423 454 508 574 627 629 665 646 678 728 804 874 923 945 1033 1011 1033 1020 1012 968 886 846 819 738 705 654 659 633 634 635 671 637 614 577
463 464 470 470 472 475 463 461 444 447 456 515 547 545 565 554 494 417 401 398 405 400 385 374 367 384 409 415 426 440 445 428 413 382 366 345 346 336 341 338 338 332 323 300 306 312 314 303 289 300 316 309 297 298 295 305 321 345 358 382 411 448 480 565 621 662 652 665 682 732 781 862 886 909 963 972 935 945 935 908 853 789 725 699 644 614 608 605 588 591 582 580 548 524
462 475 466 465 470 474 473 473 457 458 467 479 511 521 545 486 437 426 412 430 420 453 415 381 375 416 440 454 453 430 422 423 386 368 346 337 343 344 332 330 337 328 311 318 300 304 302 299 294 300 301 309 300 305 296 296 308 324 345 367 388 420 470 502 611 622 642 677 679 710 731 784 831 846 866 882 872 884 853 848 754 740 676 631 587 568 576 578 568 547 527 513 503 485
469 469 470 477 480 489 481 492 484 458 469 457 462 492 506 543 477 432 441 473 497 458 446 442 393 417 456 475 493 479 461 433 397 368 341 350 360 338 329 331 325 317 305 310 290 301 299 296 293 294 299 298 301 301 300 296 304 308 326 352 370 397 438 502 507 581 640 642 660 667 665 709 726 792 795 797 834 815 824 751 729 648 613 575 549 542 552 560 536 521 495 482 472 467
504 495 497 509 512 511 532 510 514 513 492 467 475 496 534 551 524 449 470 478 489 501 445 426 442 458 487 519 504 479 449 429 396 364 345 367 358 343 334 301 320 313 295 303 299 302 293 292 290 289 293 296 299 295 291 288 297 308 318 328 360 389 407 438 490 548 597 636 640 596 611 650 690 721 723 760 733 782 748 696 642 588 566 534 514 514 518 522 515 488 475 448 449 440
537 552 524 554 557 542 551 532 534 545 517 498 481 496 543 548 537 545 507 480 535 481 488 462 488 518 520 526 524 506 473 441 363 355 354 351 363 353 337 331 315 308 274 277 294 307 307 308 301 293 295 298 293 286 302 289 299 288 298 321 339 362 383 408 451 499 521 546 539 538 558 594 621 639 659 685 716 694 691 656 604 543 531 500 504 495 490 487 478 462 442 434 422 412
543 517 526 530 538 557 547 546 552 557 548 527 507 534 521 589 600 580 590 556 555 535 558 514 507 512 479 490 439 419 412 384 356 343 338 376 371 356 355 336 310 297 278 285 303 290 336 321 313 324 315 296 281 292 278 297 282 286 283 303 320 357 368 386 418 453 464 479 478 461 476 499 556 597 620 643 639 654 612 588 556 534 494 473 463 468 471 463 450 439 430 420 402 408
471 493 481 504 504 533 534 550 581 601 588 563 558 579 626 638 627 647 635 604 599 591 587 542 519 478 418 407 391 370 369 348 332 329 328 346 360 351 332 302 299 273 269 275 287 303 319 343 329 325 302 297 289 287 277 288 292 286 286 297 312 318 341 345 385 404 425 437 435 439 456 453 478 528 576 590 588 584 563 536 523 490 468 436 436 445 442 437 433 427 415 392 398 376
445 434 423 446 462 480 515 581 612 632 626 617 606 617 643 648 675 649 679 667 675 653 579 551 493 473 423 398 369 372 343 358 344 339 320 335 337 327 313 306 289 282 274 264 268 279 289 306 309 304 285 288 266 275 278 286 273 272 296 306 277 304 311 339 336 361 397 398 392 407 423 457 457 467 492 510 530 498 524 499 483 467 448 431 423 425 425 421 420 412 403 389 375 370
386 421 424 428 445 477 560 562 620 646 625 615 578 587 615 644 680 679 703 651 644 620 568 544 493 452 411 387 351 370 369 369 355 359 359 352 343 336 322 307 305 279 298 280 264 281 281 271 283 282 282 267 267 268 271 269 281 276 280 300 309 304 319 319 342 336 346 353 393 389 415 419 419 431 449 444 447 440 442 458 458 446 425 415 398 417 414 411 409 403 394 378 370 350
422 433 439 464 473 474 522 549 573 558 555 532 516 563 598 647 668 657 649 620 625 594 546 508 453 412 381 358 359 363 377 379 408 380 389 390 349 374 336 323 296 295 296 282 297 292 261 273 260 269 264 263 265 278 280 291 285 270 270 294 299 315 318 326 329 325 342 338 358 363 377 380 379 392 403 402 405 411 421 428 424 425 404 394 396 405 406 403 401 394 390 386 378 346
456 464 462 455 465 481 489 492 491 493 470 477 499 538 588 593 617 619 602 603 587 577 526 462 422 381 358 331 343 350 383 394 411 422 432 427 415 392 356 319 304 308 314 328 285 312 272 270 250 261 269 262 257 267 276 290 301 291 272 288 297 322 325 344 338 337 333 347 345 372 366 369 379 377 378 393 394 398 397 402 400 408 394 388 379 399 399 395 391 386 380 375 369 361
430 445 418 435 427 440 437 446 439 444 436 461 484 526 552 558 601 567 576 605 580 573 503 440 387 354 342 343 338 349 367 367 415 418 439 436 428 402 346 314 303 294 331 326 320 302 284 275 265 270 270 265 273 278 289 291 313 324 312 307 289 299 339 336 345 351 322 322 339 325 355 358 352 356 371 375 379 382 383 383 388 389 376 380 376 393 392 388 385 381 377 373 369 361
404 399 418 404 402 406 418 418 418 419 415 430 467 481 495 481 517 532 547 530 515 487 432 386 364 348 346 343 344 359 375 391 389 425 421 439 434 368 345 309 308 321 314 327 314 296 278 281 273 260 265 280 287 288 302 298 334 330 324 312 322 304 320 354 338 339 337 320 304 314 315 333 331 331 344 352 360 371 371 372 376 379 366 378 365 383 384 382 379 375 372 368 364 358
367 381 386 386 391 386 390 395 401 408 422 433 448 448 456 455 483 492 475 477 434 408 381 364 338 339 351 362 370 381 398 374 404 395 416 409 407 387 342 307 327 325 331 322 302 287 286 276 274 270 277 269 293 295 309 317 328 332 345 340 339 335 333 347 350 350 323 339 318 315 312 319 308 343 338 355 353 355 361 365 371 371 368 346 349 364 373 375 373 372 367 363 359 348
