sesion_6_simulaciones/modelos_distribucion_especies/ejemplo/variables/futuro_B2/2030/PA.asc
ncols 708
nrows 329
xllcorner -7.525000
yllcorner 35.991667
cellsize 0.008333
NODATA_value -9999
[rows 42 to 83 of 329, columns 470 to 563 of 708]
574 573 566 566 559 541 553 541 549 522 510 513 512 535 552 562 567 540 553 558 564 547 538 529 528 531 521 499 497 488 510 507 508 513 517 516 521 501 497 495 463 479 484 483 474 456 490 484 485 491 499 482 496 496 501 529 528 524 507 506 506 504 499 504 512 514 516 517 519 516 513 515 514 519 520 525 527 530 528 532 534 535 512 523 512 517 524 519 530 537 537 540 544 546
548 545 553 550 535 545 533 516 514 505 506 502 503 509 510 514 542 543 536 532 545 527 530 522 505 499 497 505 504 492 495 519 525 532 518 517 507 506 498 474 480 473 496 481 468 457 466 478 487 483 490 488 482 509 515 523 506 514 500 497 495 492 497 499 508 505 510 515 510 510 506 508 512 513 526 523 533 536 538 539 539 528 517 511 512 518 524 529 531 531 534 534 535 538
533 539 541 537 537 528 528 533 522 505 520 510 514 504 507 528 524 533 537 513 540 513 544 530 514 490 513 486 500 512 497 514 518 521 522 508 509 509 488 464 475 479 494 489 481 467 474 470 481 486 465 496 501 517 522 508 506 500 494 491 491 492 492 496 499 504 503 502 500 501 502 503 504 512 519 531 536 535 522 542 509 520 498 507 504 520 534 522 527 519 523 526 530 538
538 536 543 520 535 539 546 532 522 529 537 527 495 499 495 528 521 513 520 493 528 507 529 511 500 498 499 501 506 495 497 509 511 508 498 501 486 500 474 488 497 481 507 509 497 498 485 478 489 489 494 501 508 523 516 501 499 491 486 486 484 482 489 488 491 492 491 493 496 495 495 502 508 515 520 520 534 524 514 507 506 499 513 478 510 515 508 518 509 512 513 522 529 530
529 538 525 536 528 537 541 534 533 531 523 530 523 499 494 491 509 512 509 500 483 490 484 500 490 496 472 487 486 484 485 483 475 481 484 496 483 468 482 477 499 508 496 491 501 509 501 500 493 496 501 499 514 520 503 497 489 476 481 481 479 477 478 487 490 484 487 487 487 490 496 507 494 504 507 507 502 518 503 467 487 493 482 494 500 500 499 504 505 512 519 530 536 541
530 533 530 524 526 533 532 536 533 538 541 522 507 513 483 493 496 493 490 480 480 475 471 491 496 496 500 480 481 471 471 477 466 465 462 464 477 470 440 465 465 481 476 503 479 486 496 480 504 504 505 505 509 514 505 484 476 475 473 473 474 480 482 486 483 487 488 483 484 487 487 489 493 486 486 489 484 488 489 468 466 475 476 479 479 484 490 498 510 529 552 569 581 592
523 521 520 530 529 527 532 531 534 533 537 506 494 484 482 484 480 481 464 481 475 476 473 467 484 484 497 483 474 464 466 466 471 462 452 449 439 451 449 465 479 471 490 469 478 491 495 503 500 503 503 505 503 495 495 480 474 469 469 471 473 481 486 488 495 502 496 498 486 481 479 483 471 474 463 465 464 470 464 467 456 464 468 470 476 481 491 506 533 557 587 607 631 624
520 521 529 513 531 528 524 530 532 523 520 507 488 484 474 465 467 474 484 484 460 468 477 482 460 468 469 464 464 469 468 467 469 466 451 456 442 448 454 472 476 482 474 478 489 497 500 504 502 499 501 491 496 479 483 466 477 467 466 469 470 478 491 502 515 530 517 513 493 473 468 461 461 462 458 455 456 451 452 458 455 458 463 468 476 485 504 527 556 584 605 615 637 646
514 513 509 518 517 505 522 507 523 523 515 509 493 490 473 466 463 462 467 461 470 480 485 478 467 460 461 455 459 462 464 460 460 448 459 432 452 433 440 469 473 467 479 480 483 488 489 489 496 489 499 492 483 474 467 476 468 467 467 470 480 504 510 523 524 537 531 509 479 474 457 451 455 449 454 443 447 446 445 445 450 456 462 469 478 488 508 531 554 588 587 617 607 645
513 497 501 506 504 506 497 507 507 512 506 502 486 472 464 462 461 465 465 470 468 473 467 461 456 456 453 461 459 454 455 457 450 453 440 434 446 436 442 463 469 464 479 486 487 482 486 482 482 476 472 467 464 464 465 463 465 465 468 472 492 499 524 531 516 508 499 492 475 465 453 450 445 442 449 444 439 435 439 442 447 455 462 471 480 491 509 529 553 561 585 602 625 624
481 489 497 498 494 485 493 489 489 489 482 489 480 463 463 465 469 466 476 477 472 466 461 453 449 449 449 453 455 451 449 452 460 452 435 430 446 444 455 465 463 482 474 484 482 484 484 471 473 465 461 463 458 458 463 461 463 464 468 476 498 513 522 512 484 475 469 464 457 452 447 439 445 446 440 440 434 438 437 439 445 453 462 473 492 510 517 528 549 587 597 621 636 647
484 497 489 495 483 483 480 474 466 472 472 476 467 461 452 462 473 482 476 476 472 468 452 445 450 439 443 451 444 442 446 449 457 454 436 443 436 455 453 466 477 473 471 477 470 474 480 458 459 456 461 457 457 459 459 459 461 462 465 475 499 510 519 489 470 452 449 451 447 442 438 426 433 433 436 436 430 428 432 438 443 450 472 488 509 536 544 548 574 578 601 626 629 634
493 491 486 487 482 483 479 480 472 463 458 461 455 457 463 474 472 473 477 472 466 452 452 441 444 449 434 437 433 444 446 449 453 442 442 444 462 460 453 464 467 471 472 455 457 457 457 462 454 461 453 455 456 457 455 456 456 459 463 467 483 485 489 468 454 439 441 433 434 432 426 423 424 426 428 423 421 428 429 434 438 449 460 490 520 546 568 585 576 603 600 617 610 630
485 484 480 475 478 473 477 473 463 465 459 462 463 462 468 474 472 468 469 466 461 455 449 428 438 432 441 428 442 435 449 434 441 428 429 440 460 451 455 468 461 448 451 441 455 446 454 454 459 456 453 451 452 452 452 452 454 458 462 464 471 478 459 455 437 431 424 422 419 420 414 414 420 417 416 418 417 423 428 431 435 445 459 486 502 532 556 568 587 584 600 594 597 618
472 473 473 472 470 469 462 466 451 463 469 473 461 471 466 463 462 462 463 455 457 452 442 430 433 430 428 427 429 429 430 434 422 437 420 430 455 464 455 462 437 437 436 434 445 456 456 457 457 456 453 452 457 463 473 470 471 469 471 477 479 477 466 466 444 432 421 424 433 431 427 413 411 413 413 415 423 428 437 441 434 446 441 459 477 494 516 535 536 556 565 572 589 596
467 465 465 462 467 464 457 443 457 450 458 472 473 465 465 460 458 444 444 447 444 437 430 427 425 412 411 434 419 423 423 408 425 429 441 433 428 444 427 442 454 439 432 443 444 452 459 468 464 461 460 470 474 473 488 485 481 477 481 485 485 485 472 466 454 442 446 448 452 447 443 413 407 410 412 424 422 440 452 450 460 466 445 460 471 489 489 502 523 538 550 555 585 607
457 458 461 458 462 456 444 458 450 462 467 461 465 458 452 448 440 449 431 432 429 421 430 416 424 417 414 425 433 428 435 433 417 430 448 453 424 450 450 426 449 443 436 440 443 448 471 492 476 474 485 479 489 491 484 481 479 476 479 479 485 468 477 475 474 471 455 449 470 463 441 418 409 414 420 426 445 444 471 482 489 479 480 502 485 477 494 506 516 530 580 566 590 619
450 456 456 458 460 439 450 450 458 461 460 461 456 453 451 439 435 431 421 425 420 414 412 422 427 415 431 428 434 439 440 445 432 431 444 450 445 453 460 452 447 446 442 440 445 454 474 491 503 490 488 487 482 483 481 478 482 468 475 479 472 465 463 472 472 460 462 458 455 461 436 421 415 425 440 451 461 483 493 493 499 521 522 529 508 528 533 534 552 571 578 614 603 633
447 455 458 459 452 463 447 461 469 467 460 453 453 452 452 446 435 423 421 414 419 414 419 422 424 423 425 434 428 441 445 449 450 444 431 459 463 463 461 457 451 449 445 444 447 456 482 483 494 479 472 481 478 480 479 480 477 477 472 478 467 476 469 468 468 465 458 463 454 456 440 427 431 448 447 461 473 485 503 514 539 554 556 555 554 562 569 545 567 583 611 639 654 669
450 450 457 451 451 460 455 465 454 464 456 455 455 466 470 467 436 423 420 418 416 420 424 425 429 431 435 428 432 438 445 446 457 461 475 474 457 458 459 452 449 449 450 453 466 457 484 479 482 481 472 479 470 473 477 483 480 470 466 474 470 473 469 468 464 463 463 459 434 446 435 430 441 444 476 470 481 498 511 532 561 597 581 602 583 611 595 612 620 597 639 662 691 712
447 446 446 445 444 424 450 464 465 459 456 459 463 466 470 458 444 426 419 418 415 418 421 424 428 431 433 433 430 439 446 453 462 471 464 461 458 457 454 456 463 467 470 465 474 482 473 468 462 468 462 467 469 467 474 479 479 472 460 472 454 467 465 465 456 468 457 443 450 440 445 459 453 473 484 480 486 502 526 551 575 583 588 600 608 620 616 640 617 646 686 703 708 731
443 445 455 442 447 455 461 458 460 453 450 451 470 440 445 438 431 418 419 415 415 423 425 426 423 424 427 429 435 440 448 452 458 472 458 460 463 470 462 484 464 481 476 480 464 469 467 463 455 458 458 451 456 464 466 465 473 475 476 462 449 466 463 463 455 453 459 461 461 461 470 476 495 485 489 497 512 523 544 575 597 573 578 595 582 593 596 627 614 649 663 702 729 721
433 446 445 423 440 455 449 455 454 450 463 456 441 433 433 425 423 419 418 419 418 420 420 421 421 425 427 427 434 440 444 449 455 446 460 464 457 478 482 486 472 476 460 467 458 459 449 445 447 450 450 453 451 458 460 458 468 471 471 476 477 474 467 461 469 485 494 487 497 485 509 500 506 506 517 515 547 568 566 580 570 565 557 585 564 580 585 596 579 599 643 687 711 701
433 441 437 436 446 442 447 443 437 451 448 447 432 426 425 424 421 419 418 418 416 420 423 427 430 435 434 437 434 427 435 441 446 450 459 468 478 471 479 465 462 461 443 454 448 444 446 442 441 439 448 446 451 453 450 454 454 462 475 471 463 461 466 483 485 513 524 533 529 525 530 513 528 528 540 558 573 589 583 583 565 553 549 548 549 563 582 600 613 575 646 650 651 683
436 441 447 447 455 444 441 436 435 435 441 441 429 426 426 423 421 420 420 417 421 425 438 451 458 463 466 456 446 442 447 453 454 449 469 460 474 464 459 452 456 436 431 436 435 442 430 431 426 437 439 443 446 448 447 451 441 444 461 456 469 475 481 505 515 553 557 563 567 558 545 550 540 553 559 574 597 593 561 542 536 539 549 575 562 600 604 628 650 647 680 650 674 693
435 434 434 435 427 416 427 422 419 432 417 438 428 430 427 425 422 422 420 423 425 438 462 474 483 478 476 471 465 454 462 460 458 449 450 447 458 455 438 446 427 423 428 434 423 424 423 422 433 427 435 440 442 432 436 430 440 449 453 468 469 497 501 520 551 556 578 582 588 582 567 564 560 569 576 583 592 559 560 549 524 555 594 585 623 650 692 697 749 742 736 705 698 692
430 423 424 424 419 408 413 413 404 420 423 434 430 433 431 427 422 425 426 426 429 445 466 477 469 466 458 469 453 452 459 450 450 435 435 441 433 431 425 415 423 415 418 421 414 412 414 412 413 419 418 422 420 434 433 439 442 449 462 479 497 514 526 545 553 572 591 600 613 614 594 588 581 586 589 584 588 563 547 560 567 610 620 656 698 704 730 746 767 787 779 781 737 771
418 420 415 419 412 399 405 406 411 411 418 421 428 424 429 427 435 433 437 439 437 442 443 452 447 436 441 446 456 448 454 440 436 426 426 419 419 411 407 402 406 401 403 405 400 396 395 406 404 402 400 405 417 423 416 423 440 451 455 481 494 512 524 536 551 568 582 600 623 621 604 593 594 582 596 581 560 562 563 603 610 644 670 709 712 770 750 785 806 826 830 785 828 814
407 411 412 406 401 397 396 398 404 405 411 416 419 418 418 424 432 427 442 439 437 421 419 416 415 417 429 445 453 446 440 427 426 413 411 403 397 390 388 388 387 392 389 390 383 383 393 399 400 387 393 399 402 413 422 430 439 454 463 472 485 500 511 524 534 546 569 584 594 597 584 583 583 589 574 575 545 572 571 609 632 631 691 752 763 758 781 793 846 868 884 839 863 877
405 407 393 396 395 393 394 390 397 400 405 410 411 410 414 413 422 421 436 434 412 411 405 401 404 408 420 422 424 418 430 411 415 393 389 382 386 373 373 373 375 375 369 374 374 372 378 380 380 387 388 397 403 410 416 427 431 449 460 468 485 490 503 515 525 541 553 556 554 552 564 560 573 546 564 527 558 546 602 619 653 683 717 759 803 784 807 824 857 888 917 907 899 893
396 399 401 400 393 381 396 389 394 396 398 398 403 407 408 418 415 417 413 407 405 397 398 400 394 399 400 400 402 399 403 384 392 385 384 381 363 368 366 368 363 365 364 374 382 383 384 381 384 376 384 391 399 408 418 422 439 442 460 467 476 492 507 512 530 538 532 529 511 506 538 544 534 535 524 528 554 597 626 679 712 744 747 802 790 851 820 846 900 921 933 967 911 897
398 387 393 389 393 387 382 390 395 393 397 392 405 420 410 417 411 401 406 397 395 395 397 396 391 388 386 386 382 386 392 386 380 394 377 375 375 371 363 363 371 368 361 368 376 378 385 382 382 384 391 394 404 412 418 426 426 448 444 470 480 488 502 509 507 514 506 496 478 487 497 509 526 503 509 527 562 599 670 740 781 796 803 829 820 837 852 861 887 923 943 971 975 929
396 390 392 394 384 375 375 371 388 384 392 396 410 412 425 408 399 397 396 395 399 403 411 411 407 402 401 397 397 399 386 380 385 393 389 387 389 374 370 367 365 365 363 365 376 381 384 388 387 392 393 399 403 416 414 428 438 441 455 470 470 488 493 491 482 466 465 460 453 457 460 478 469 492 489 537 584 628 700 771 801 805 791 820 821 840 875 882 891 894 948 972 953 910
390 384 385 376 372 362 362 367 375 374 378 394 406 411 402 396 389 397 396 407 405 412 422 430 425 431 428 423 414 410 401 400 393 395 393 393 389 384 374 373 367 369 371 378 374 382 383 387 396 391 400 402 402 415 426 424 434 444 450 457 473 477 474 460 449 434 422 425 417 412 419 430 466 482 523 561 592 639 698 759 767 769 764 795 841 820 851 875 876 880 943 975 945 890
387 367 368 360 355 355 354 357 364 367 381 390 382 393 384 385 388 400 410 405 416 412 421 429 436 435 437 432 430 423 412 411 407 409 408 400 396 379 380 379 378 391 389 384 385 383 389 392 396 398 407 407 422 416 435 428 430 442 443 445 460 452 451 436 422 410 399 391 383 381 403 434 462 491 528 566 587 642 668 713 740 757 799 805 845 878 863 918 877 940 938 946 928 850
373 366 351 347 345 347 351 356 363 373 376 377 388 381 383 389 401 413 432 413 435 403 412 418 426 421 428 428 430 436 431 430 434 436 431 419 405 397 382 379 387 403 392 411 408 406 400 401 398 407 413 419 426 421 438 424 427 429 432 427 438 423 419 415 398 394 375 373 360 371 395 432 466 488 509 541 596 631 689 723 810 831 855 883 894 944 949 988 976 979 960 929 845 769
371 356 344 345 338 349 359 361 371 377 378 385 389 384 400 398 418 421 425 423 409 419 435 427 433 437 440 441 446 451 450 459 455 461 455 447 430 410 390 389 391 392 403 412 409 422 432 416 417 413 411 422 416 420 412 419 422 408 415 407 419 405 407 383 387 369 376 354 362 372 384 416 457 492 527 573 624 704 771 797 894 928 933 950 959 989 1008 1007 1001 991 953 905 793 749
369 351 344 341 344 355 362 375 376 384 393 396 402 408 417 425 426 428 433 432 428 425 435 447 457 466 471 475 458 469 470 473 474 479 476 463 437 427 411 397 400 399 405 413 426 432 423 422 408 415 400 407 405 403 404 401 399 395 402 390 404 385 388 382 380 360 361 357 367 384 396 450 456 506 556 632 734 747 839 881 913 977 987 1024 1008 1039 1020 1016 1012 947 911 874 801 715
364 352 343 343 349 363 375 374 391 398 408 403 413 417 430 446 445 455 452 446 446 437 440 457 469 479 491 492 485 485 469 477 484 477 477 471 459 432 423 422 410 427 427 426 436 420 414 406 403 400 399 393 403 399 400 394 395 397 383 394 389 386 382 382 364 357 367 369 378 419 463 470 523 541 598 656 745 805 886 925 963 981 1029 1050 1084 1038 1026 1023 969 938 860 820 742 715
362 349 343 347 353 367 377 391 397 409 425 427 428 436 438 445 461 464 473 472 471 460 462 460 481 472 490 495 493 485 487 488 486 483 477 471 465 458 443 437 437 435 435 431 421 404 397 399 395 402 399 399 389 394 387 393 386 389 380 386 383 388 372 369 372 370 375 396 418 444 486 534 577 604 642 697 761 843 870 942 986 1039 1040 1094 1106 1064 1039 990 922 861 849 791 750 703
360 348 348 344 363 371 380 398 407 424 440 449 454 455 455 465 470 472 475 478 488 480 486 483 478 491 493 493 493 497 495 495 494 482 478 469 467 461 457 440 441 442 438 435 411 400 391 397 402 399 400 391 393 384 385 393 384 378 375 380 377 375 380 379 381 390 404 432 472 489 549 590 648 691 757 766 820 881 943 982 1037 1068 1125 1152 1145 1127 1052 981 924 874 838 797 769 747
363 354 355 353 360 367 385 401 408 425 451 458 472 469 471 470 477 471 485 480 488 489 489 492 491 487 493 494 495 499 501 498 485 480 472 467 464 460 451 439 437 433 435 412 407 389 389 395 391 399 397 388 383 391 378 377 376 375 379 378 381 384 390 397 405 422 441 475 497 537 591 618 694 757 810 865 909 961 991 1014 1101 1147 1181 1203 1197 1160 1111 1034 949 898 868 848 834 807
