sesion_6_simulaciones/modelos_distribucion_especies/ejemplo/variables/futuro_B2/2030/PV.asc
ncols 708
nrows 329
xllcorner -7.525000
yllcorner 35.991667
cellsize 0.008333
NODATA_value -9999
[rows 265 to 317 of 329, columns 192 to 287 of 708]
27 27 27 27 27 27 27 27 27 28 28 28 28 28 28 28 28 28 28 29 29 30 30 31 31 32 32 34 34 34 36 37 39 41 44 47 50 52 53 52 52 51 49 47 45 42 41 39 38 40 42 42 42 44 46 47 47 44 41 39 36 35 36 38 37 36 37 39 41 44 44 45 45 45 42 40 38 36 34 34 35 36 37 37 37 39 40 43 45 46 44 41 38 38 40 40
27 26 26 26 26 26 27 27 27 28 28 28 28 27 28 28 28 28 28 29 30 30 30 31 31 32 33 33 33 34 36 37 39 41 43 46 49 50 49 47 46 47 47 46 44 42 41 39 39 39 41 41 44 45 47 47 46 45 43 40 37 36 36 38 38 37 37 39 41 43 44 43 45 44 41 39 36 35 35 36 36 38 40 40 42 42 43 43 46 46 43 41 39 37 38 39
26 26 26 26 26 26 26 26 27 27 27 28 28 28 28 28 28 28 28 29 30 31 31 31 32 33 33 32 32 34 36 38 39 41 43 46 46 46 44 38 41 43 43 44 44 41 40 39 38 38 40 43 44 45 45 45 45 44 43 40 38 35 35 36 36 36 37 39 43 42 41 41 41 40 38 37 36 36 38 38 37 39 41 43 46 48 46 45 46 44 42 41 40 37 36 37
26 26 26 26 26 26 26 26 27 27 27 28 28 28 28 28 28 28 29 30 31 31 31 31 32 33 32 32 32 34 35 36 38 40 42 43 43 43 42 41 41 41 41 41 41 40 39 38 37 38 41 43 43 44 43 42 42 42 41 40 38 36 35 35 36 37 38 40 42 43 41 40 39 38 37 37 38 39 40 40 41 42 43 47 49 52 51 48 46 42 40 39 37 37 36 35
26 26 26 26 26 26 26 26 26 27 27 27 28 28 28 28 28 28 29 30 30 30 30 30 31 31 31 31 33 34 35 36 37 38 39 39 40 42 43 43 43 42 41 40 39 38 38 38 38 38 39 41 42 43 43 42 40 38 39 38 37 36 35 36 36 38 38 40 41 42 40 39 38 38 38 39 41 42 42 43 44 45 47 50 52 55 54 51 46 42 40 38 37 35 36 35
26 26 25 26 26 26 26 26 26 26 27 27 28 28 29 29 29 28 29 29 29 30 30 30 30 31 31 32 32 33 33 34 35 36 36 37 38 41 43 44 42 42 41 40 40 38 39 39 38 37 38 39 40 42 44 42 41 38 37 36 36 35 35 35 36 37 37 39 39 40 39 38 38 39 40 42 45 46 46 45 46 47 50 51 52 53 54 51 46 42 40 38 37 36 35 35
26 26 25 26 25 25 25 26 26 26 26 27 27 28 28 29 29 28 29 30 30 30 30 30 30 31 31 31 31 31 32 32 33 34 34 35 37 39 41 42 42 40 39 39 38 38 39 38 38 37 37 37 39 41 42 43 41 39 37 36 35 35 35 36 37 37 37 39 39 38 38 38 38 40 41 43 48 49 48 47 45 46 48 47 48 49 51 50 45 40 39 37 37 36 35 35
26 26 25 25 25 25 25 25 25 26 26 27 28 28 28 28 28 28 29 30 30 29 30 30 31 32 32 32 32 31 31 32 32 33 33 34 36 36 38 40 40 40 38 38 38 37 38 38 39 39 38 37 37 40 41 41 40 38 37 36 36 35 36 37 37 37 38 39 39 38 38 38 39 40 41 44 48 49 48 47 45 44 44 44 45 46 46 46 42 39 38 37 37 35 35 35
26 25 25 25 25 25 24 25 26 26 27 27 27 28 28 28 28 28 29 29 29 29 30 30 32 32 33 33 32 31 31 32 33 33 34 33 34 35 36 38 39 40 39 38 38 38 37 39 40 41 40 38 38 38 39 39 38 37 37 37 36 36 36 37 37 38 38 39 39 39 38 39 39 40 42 44 47 49 47 47 45 43 42 42 42 42 42 41 39 38 37 37 36 36 36 35
25 25 25 25 25 25 25 26 26 27 27 27 27 28 28 29 28 28 29 29 29 29 29 29 30 31 31 32 31 31 32 32 32 34 33 32 33 34 35 37 38 39 39 38 38 39 39 40 41 41 40 38 37 37 38 38 37 37 37 37 37 36 36 36 37 38 38 40 40 39 38 38 39 41 43 45 46 48 49 47 46 44 41 41 40 39 39 38 37 37 36 36 36 35 35 34
26 25 25 25 25 26 26 27 27 28 28 28 27 27 28 28 28 28 29 29 29 29 29 29 29 30 30 30 30 30 31 31 31 31 31 31 32 33 34 37 38 38 38 39 39 40 40 41 41 40 40 39 38 38 38 38 38 38 37 38 37 37 37 37 38 38 39 40 40 40 39 39 40 41 43 44 45 47 48 47 46 43 42 40 40 39 38 37 36 36 36 35 -9999 -9999 -9999 -9999
26 26 26 26 26 26 27 27 28 28 27 28 28 27 27 28 28 29 29 29 29 29 29 29 29 30 30 30 30 30 31 31 31 30 31 32 32 33 35 37 37 37 38 39 39 39 40 41 42 42 41 40 39 39 39 39 39 38 37 38 38 37 37 37 38 38 39 40 40 39 39 39 39 40 41 43 44 45 45 45 45 43 42 40 40 39 38 37 36 36 36 35 -9999 -9999 -9999 -9999
27 27 27 27 27 28 27 28 28 28 27 27 28 27 28 28 28 29 29 29 29 29 29 29 29 29 30 30 30 30 30 31 31 30 31 32 32 33 35 36 37 37 38 39 39 38 39 41 43 43 42 39 39 38 39 39 38 37 37 38 38 38 37 37 38 38 39 40 40 40 39 39 39 40 41 42 44 44 43 43 43 42 41 40 39 38 38 37 -9999 -9999 -9999 -9999 -9999 -9999 -9999 -9999
27 27 27 27 28 28 28 28 28 28 28 28 28 28 28 28 28 29 29 29 29 29 29 29 29 30 30 30 30 30 30 30 30 31 31 32 33 34 36 36 37 38 37 38 38 38 39 41 42 43 42 41 40 40 40 40 38 37 37 38 38 38 38 37 37 38 39 39 40 40 40 39 39 40 41 42 44 44 43 42 42 41 40 39 38 38 37 37 -9999 -9999 -9999 -9999 -9999 -9999 -9999 -9999
27 27 27 27 27 27 27 28 28 28 28 29 29 29 28 28 28 29 29 29 29 29 29 29 29 30 30 30 30 30 30 30 30 31 32 32 34 35 36 36 38 38 38 38 38 38 39 40 42 42 43 42 41 41 41 40 38 37 37 37 38 38 38 38 38 38 38 39 39 40 39 39 39 39 40 41 43 44 43 41 40 40 40 39 -9999 -9999 -9999 -9999 -9999 -9999 -9999 -9999 -9999 -9999 -9999 -9999
28 27 27 27 27 27 28 28 28 29 29 29 28 29 28 28 28 29 29 29 29 30 29 29 29 29 30 30 30 30 30 30 31 31 32 34 35 35 36 37 38 38 38 38 37 38 38 39 40 40 41 41 40 41 41 39 38 37 37 38 37 38 38 39 38 39 39 39 39 39 39 39 40 40 40 42 43 44 43 41 40 40 40 39 -9999 -9999 -9999 -9999 -9999 -9999 -9999 -9999 -9999 -9999 -9999 -9999
28 28 28 28 28 27 28 28 28 28 29 28 28 28 28 28 28 28 29 29 29 29 29 29 29 29 30 30 31 30 30 30 31 32 32 33 35 35 35 37 38 38 37 37 37 36 37 38 38 39 40 39 39 40 40 39 38 37 37 37 37 38 38 39 39 40 41 41 40 40 41 40 40 40 40 42 44 44 43 41 39 39 39 39 -9999 -9999 -9999 -9999 -9999 -9999 -9999 -9999 -9999 -9999 -9999 -9999
28 28 28 28 28 28 28 28 28 28 28 28 28 28 28 28 28 29 29 29 29 29 29 29 29 29 30 30 30 30 30 30 31 32 33 33 34 34 35 36 38 38 37 37 38 38 37 37 36 38 38 38 38 39 40 39 38 37 37 37 37 38 39 40 41 42 42 41 41 41 41 41 40 40 41 43 44 44 42 41 40 39 39 38 -9999 -9999 -9999 -9999 -9999 -9999 -9999 -9999 -9999 -9999 -9999 -9999
28 28 29 29 28 28 28 28 28 28 28 28 28 28 28 28 28 29 29 29 29 29 29 29 30 30 30 30 31 31 31 31 31 31 32 33 33 35 35 36 38 39 38 39 38 38 38 38 37 37 37 37 38 39 39 39 38 37 37 37 37 38 40 40 41 42 42 42 42 41 41 41 40 40 41 43 43 43 42 41 40 40 -9999 -9999 -9999 -9999 -9999 -9999 -9999 -9999 -9999 -9999 -9999 -9999 -9999 -9999
29 29 30 30 29 29 28 28 28 28 28 29 29 29 29 28 28 29 29 29 29 29 29 30 31 32 32 31 31 31 32 32 32 31 31 32 34 35 36 37 39 40 39 38 38 38 39 40 38 36 36 36 37 38 39 38 38 37 37 37 37 38 40 40 41 41 42 41 41 41 41 41 41 41 42 43 43 43 41 41 40 39 -9999 -9999 -9999 -9999 -9999 -9999 -9999 -9999 -9999 -9999 -9999 -9999 -9999 -9999
30 30 31 30 30 29 29 29 29 29 29 29 30 30 29 28 28 29 29 29 29 29 30 31 32 34 34 32 32 31 31 32 32 32 32 32 33 34 35 37 39 40 40 39 39 39 39 38 37 36 35 36 36 36 37 39 38 38 37 37 37 39 39 40 40 41 41 41 41 42 42 42 42 42 42 43 43 42 41 41 40 39 -9999 -9999 -9999 -9999 -9999 -9999 -9999 -9999 -9999 -9999 -9999 -9999 -9999 -9999
30 30 30 30 29 29 29 29 29 30 30 30 30 30 29 29 29 29 29 29 30 30 31 32 34 34 34 33 33 33 33 33 34 34 33 32 32 33 34 37 38 39 40 40 40 39 38 37 37 36 35 35 36 36 37 38 38 38 37 37 37 38 39 40 40 41 40 41 41 42 43 43 43 42 42 43 43 42 42 41 40 39 -9999 -9999 -9999 -9999 -9999 -9999 -9999 -9999 -9999 -9999 -9999 -9999 -9999 -9999
29 29 29 29 29 29 29 29 29 30 30 30 30 29 29 29 29 29 29 29 30 31 32 32 33 34 34 35 34 34 34 34 34 34 33 32 32 33 35 36 37 38 38 38 40 40 39 37 37 37 36 36 37 37 36 37 38 38 37 37 38 38 39 39 39 40 40 41 41 42 42 43 43 42 42 42 42 42 42 41 40 39 -9999 -9999 -9999 -9999 -9999 -9999 -9999 -9999 -9999 -9999 -9999 -9999 -9999 -9999
29 29 29 29 29 29 29 29 29 29 29 29 29 29 28 29 29 29 29 29 30 31 32 33 33 33 33 34 34 34 34 34 34 34 34 33 33 33 34 35 35 36 36 37 38 39 39 37 36 36 36 36 36 35 35 36 38 38 38 39 39 39 39 39 40 40 40 40 40 41 41 41 41 42 41 41 41 41 41 41 40 39 -9999 -9999 -9999 -9999 -9999 -9999 -9999 -9999 -9999 -9999 -9999 -9999 -9999 -9999
30 29 29 29 29 29 29 28 28 28 28 28 28 28 29 29 29 30 29 29 30 30 31 32 33 33 32 33 33 33 33 33 33 33 34 34 34 35 35 34 34 34 34 35 36 37 38 37 36 34 34 35 35 34 34 36 39 39 38 39 40 40 40 40 41 41 41 41 41 41 41 41 41 41 40 40 40 41 -9999 -9999 -9999 -9999 -9999 -9999 -9999 -9999 -9999 -9999 -9999 -9999 -9999 -9999 -9999 -9999 -9999 -9999
30 30 29 29 29 29 28 28 28 28 28 28 28 28 29 29 30 30 29 29 30 29 30 31 31 31 31 32 33 32 32 32 32 33 33 33 34 34 35 34 34 34 34 34 35 36 37 37 36 35 33 33 33 32 31 31 34 35 37 39 40 41 41 41 41 41 41 41 41 42 42 42 41 40 40 40 39 40 -9999 -9999 -9999 -9999 -9999 -9999 -9999 -9999 -9999 -9999 -9999 -9999 -9999 -9999 -9999 -9999 -9999 -9999
30 30 29 29 29 28 28 28 28 28 28 28 29 29 29 29 30 30 30 30 30 30 30 31 31 31 31 32 32 32 32 33 33 33 33 34 34 34 34 33 33 34 35 35 35 35 35 35 35 33 33 31 32 30 29 25 23 31 36 39 41 42 42 42 42 42 43 42 42 43 42 43 42 40 40 39 -9999 -9999 -9999 -9999 -9999 -9999 -9999 -9999 -9999 -9999 -9999 -9999 -9999 -9999 -9999 -9999 -9999 -9999 -9999 -9999
30 30 29 29 29 28 28 28 28 28 28 29 29 29 29 29 29 29 30 30 30 30 31 32 32 31 31 32 33 33 33 33 33 35 35 34 34 33 33 32 33 34 35 35 35 35 34 33 33 32 32 32 31 31 30 29 28 32 37 40 43 44 44 43 43 43 43 42 43 42 42 41 41 40 39 39 -9999 -9999 -9999 -9999 -9999 -9999 -9999 -9999 -9999 -9999 -9999 -9999 -9999 -9999 -9999 -9999 -9999 -9999 -9999 -9999
30 29 29 29 29 28 28 28 28 29 29 29 29 29 29 29 29 29 30 31 31 31 31 33 33 32 31 33 34 35 34 35 34 35 35 34 33 32 32 32 32 33 35 36 35 34 33 32 32 32 32 32 32 32 34 33 33 35 38 43 48 47 44 44 43 43 42 42 42 41 41 40 40 39 39 38 -9999 -9999 -9999 -9999 -9999 -9999 -9999 -9999 -9999 -9999 -9999 -9999 -9999 -9999 -9999 -9999 -9999 -9999 -9999 -9999
30 29 29 29 29 29 29 29 29 29 29 29 29 30 30 30 29 30 30 31 32 33 32 33 33 32 32 33 34 35 36 36 36 35 35 34 33 33 33 32 32 33 35 36 36 36 35 34 34 33 31 32 32 34 35 35 35 36 38 42 45 45 44 44 43 42 42 42 42 41 40 40 39 39 39 38 -9999 -9999 -9999 -9999 -9999 -9999 -9999 -9999 -9999 -9999 -9999 -9999 -9999 -9999 -9999 -9999 -9999 -9999 -9999 -9999
30 30 30 29 29 29 29 29 29 29 29 29 29 30 30 30 29 30 30 30 31 33 33 33 34 33 33 32 33 35 36 37 38 38 37 35 34 34 33 32 30 31 33 34 35 36 36 36 36 34 32 30 32 35 36 36 36 37 38 40 41 42 43 43 42 42 42 42 42 41 40 39 39 39 38 38 -9999 -9999 -9999 -9999 -9999 -9999 -9999 -9999 -9999 -9999 -9999 -9999 -9999 -9999 -9999 -9999 -9999 -9999 -9999 -9999
30 31 30 30 30 29 29 29 29 29 29 29 29 29 29 29 29 30 30 30 30 31 32 33 34 34 34 33 32 34 36 37 38 37 36 34 33 32 31 30 29 29 30 31 32 33 34 35 35 35 33 33 34 36 36 36 37 37 38 39 40 41 42 41 41 42 42 42 41 40 40 39 39 38 38 37 -9999 -9999 -9999 -9999 -9999 -9999 -9999 -9999 -9999 -9999 -9999 -9999 -9999 -9999 -9999 -9999 -9999 -9999 -9999 -9999
31 31 31 31 30 30 30 30 30 30 30 30 29 29 29 29 30 30 30 30 30 30 31 32 34 34 34 35 34 34 35 38 39 37 36 34 33 32 31 31 30 30 30 31 31 32 33 33 35 35 34 35 36 36 36 36 36 37 37 38 40 40 41 40 40 41 41 42 41 40 39 39 -9999 -9999 -9999 -9999 -9999 -9999 -9999 -9999 -9999 -9999 -9999 -9999 -9999 -9999 -9999 -9999 -9999 -9999 -9999 -9999 -9999 -9999 -9999 -9999
31 31 31 31 31 30 30 30 30 30 30 30 30 30 30 30 30 30 30 30 30 30 31 31 33 34 35 35 34 34 35 36 36 35 35 34 33 33 33 33 32 32 33 33 33 33 32 33 34 34 34 35 35 35 36 35 36 36 37 38 39 40 40 40 39 40 40 40 41 41 40 39 -9999 -9999 -9999 -9999 -9999 -9999 -9999 -9999 -9999 -9999 -9999 -9999 -9999 -9999 -9999 -9999 -9999 -9999 -9999 -9999 -9999 -9999 -9999 -9999
31 31 31 31 31 30 30 30 30 30 30 30 30 30 30 30 30 30 30 30 30 30 30 31 32 33 34 34 33 33 33 33 33 33 32 33 32 32 33 33 33 33 34 35 35 34 33 33 34 34 35 35 35 35 35 36 36 37 38 39 40 40 39 39 39 39 39 39 40 40 39 39 -9999 -9999 -9999 -9999 -9999 -9999 -9999 -9999 -9999 -9999 -9999 -9999 -9999 -9999 -9999 -9999 -9999 -9999 -9999 -9999 -9999 -9999 -9999 -9999
31 31 31 31 31 31 30 30 30 30 30 30 30 30 30 30 30 30 30 30 30 30 30 31 31 33 34 34 33 33 32 33 33 33 31 31 32 33 34 34 34 33 34 34 34 34 34 35 34 35 35 35 36 36 35 35 36 36 39 41 40 39 39 38 38 38 38 39 39 39 39 38 -9999 -9999 -9999 -9999 -9999 -9999 -9999 -9999 -9999 -9999 -9999 -9999 -9999 -9999 -9999 -9999 -9999 -9999 -9999 -9999 -9999 -9999 -9999 -9999
31 31 31 31 31 31 31 31 31 31 31 31 31 31 30 30 30 30 30 30 30 31 31 31 31 31 33 34 32 32 32 33 35 35 35 35 35 36 36 36 35 35 34 34 34 34 35 35 34 34 34 35 36 35 35 34 34 34 35 39 39 38 37 37 37 37 39 39 -9999 -9999 -9999 -9999 -9999 -9999 -9999 -9999 -9999 -9999 -9999 -9999 -9999 -9999 -9999 -9999 -9999 -9999 -9999 -9999 -9999 -9999 -9999 -9999 -9999 -9999 -9999 -9999
32 31 31 31 31 31 31 31 31 31 32 32 31 31 31 31 30 30 30 30 30 30 30 31 31 31 31 32 33 32 34 36 37 36 36 37 37 38 38 37 36 36 35 35 35 35 35 35 34 34 34 35 35 35 34 34 34 32 29 31 35 35 36 36 37 37 38 39 -9999 -9999 -9999 -9999 -9999 -9999 -9999 -9999 -9999 -9999 -9999 -9999 -9999 -9999 -9999 -9999 -9999 -9999 -9999 -9999 -9999 -9999 -9999 -9999 -9999 -9999 -9999 -9999
32 32 31 31 31 31 31 31 31 32 33 33 33 32 32 31 30 30 30 30 30 30 30 30 30 30 31 32 33 33 34 36 37 37 37 38 38 39 39 39 39 38 38 38 38 37 36 35 35 35 35 35 35 35 35 34 33 33 32 32 33 34 35 35 36 36 37 39 38 36 -9999 -9999 -9999 -9999 -9999 -9999 -9999 -9999 -9999 -9999 -9999 -9999 -9999 -9999 -9999 -9999 -9999 -9999 -9999 -9999 -9999 -9999 -9999 -9999 -9999 -9999
32 32 32 31 31 31 31 32 32 33 34 34 35 33 32 31 31 30 30 30 30 30 30 30 30 30 30 31 33 33 33 34 35 36 39 41 42 41 41 42 43 43 42 41 39 38 37 36 36 35 35 35 36 36 35 34 34 34 33 33 33 34 34 35 35 35 36 38 37 35 -9999 -9999 -9999 -9999 -9999 -9999 -9999 -9999 -9999 -9999 -9999 -9999 -9999 -9999 -9999 -9999 -9999 -9999 -9999 -9999 -9999 -9999 -9999 -9999 -9999 -9999
-9999 -9999 32 32 31 32 32 32 34 35 36 35 34 33 32 31 31 31 31 30 30 30 30 30 30 30 30 30 31 32 32 32 34 36 40 43 45 46 46 47 47 46 43 41 40 39 39 38 37 36 36 35 35 35 35 34 34 33 -9999 -9999 -9999 -9999 -9999 -9999 -9999 -9999 35 36 -9999 -9999 -9999 -9999 -9999 -9999 -9999 -9999 -9999 -9999 -9999 -9999 -9999 -9999 -9999 -9999 -9999 -9999 -9999 -9999 -9999 -9999 -9999 -9999 -9999 -9999 -9999 -9999
-9999 -9999 -9999 32 32 32 32 33 34 36 36 35 33 32 32 31 31 31 31 31 31 31 30 30 30 30 30 30 30 31 31 32 34 36 39 42 47 49 50 50 50 47 44 42 42 42 41 39 37 37 36 36 35 35 35 34 34 33 -9999 -9999 -9999 -9999 -9999 -9999 -9999 -9999 34 34 -9999 -9999 -9999 -9999 -9999 -9999 -9999 -9999 -9999 -9999 -9999 -9999 -9999 -9999 -9999 -9999 -9999 -9999 -9999 -9999 -9999 -9999 -9999 -9999 -9999 -9999 -9999 -9999
-9999 -9999 -9999 -9999 -9999 -9999 -9999 -9999 35 36 35 33 32 32 32 32 31 31 31 31 31 31 31 31 30 30 30 30 30 30 30 30 32 34 37 40 44 49 52 53 52 50 48 46 45 45 43 40 39 38 36 36 35 35 35 34 -9999 -9999 -9999 -9999 -9999 -9999 -9999 -9999 -9999 -9999 -9999 -9999 -9999 -9999 -9999 -9999 -9999 -9999 -9999 -9999 -9999 -9999 -9999 -9999 -9999 -9999 -9999 -9999 -9999 -9999 -9999 -9999 -9999 -9999 -9999 -9999 -9999 -9999 -9999 -9999
-9999 -9999 -9999 -9999 -9999 -9999 -9999 -9999 35 35 34 33 32 32 32 32 32 32 32 32 31 31 31 31 31 30 30 30 30 29 29 29 29 31 34 38 42 47 51 55 59 55 52 51 49 47 46 43 40 39 37 37 36 35 35 34 -9999 -9999 -9999 -9999 -9999 -9999 -9999 -9999 -9999 -9999 -9999 -9999 -9999 -9999 -9999 -9999 -9999 -9999 -9999 -9999 -9999 -9999 -9999 -9999 -9999 -9999 -9999 -9999 -9999 -9999 -9999 -9999 -9999 -9999 -9999 -9999 -9999 -9999 -9999 -9999
-9999 -9999 -9999 -9999 -9999 -9999 -9999 -9999 -9999 -9999 33 32 32 32 32 32 32 32 32 32 32 31 31 31 31 31 31 30 30 30 29 28 27 29 33 36 41 45 49 52 54 52 51 51 51 49 47 45 41 39 38 37 36 36 35 34 -9999 -9999 -9999 -9999 -9999 -9999 -9999 -9999 -9999 -9999 -9999 -9999 -9999 -9999 -9999 -9999 -9999 -9999 -9999 -9999 -9999 -9999 -9999 -9999 -9999 -9999 -9999 -9999 -9999 -9999 -9999 -9999 -9999 -9999 -9999 -9999 -9999 -9999 -9999 -9999
-9999 -9999 -9999 -9999 -9999 -9999 -9999 -9999 -9999 -9999 32 32 32 32 32 32 32 33 32 33 32 32 32 32 31 31 31 32 32 31 30 29 28 31 35 37 40 43 46 48 49 48 48 49 49 50 48 46 43 41 39 38 36 36 35 35 -9999 -9999 -9999 -9999 -9999 -9999 -9999 -9999 -9999 -9999 -9999 -9999 -9999 -9999 -9999 -9999 -9999 -9999 -9999 -9999 -9999 -9999 -9999 -9999 -9999 -9999 -9999 -9999 -9999 -9999 -9999 -9999 -9999 -9999 -9999 -9999 -9999 -9999 -9999 -9999
-9999 -9999 -9999 -9999 -9999 -9999 -9999 -9999 -9999 -9999 32 32 32 32 32 32 33 33 33 34 34 33 33 33 32 32 32 34 35 34 33 31 32 34 37 40 42 44 45 46 46 46 47 47 48 49 48 47 45 43 40 38 37 36 35 34 -9999 -9999 -9999 -9999 -9999 -9999 -9999 -9999 -9999 -9999 -9999 -9999 -9999 -9999 -9999 -9999 -9999 -9999 -9999 -9999 -9999 -9999 -9999 -9999 -9999 -9999 -9999 -9999 -9999 -9999 -9999 -9999 -9999 -9999 -9999 -9999 -9999 -9999 -9999 -9999
-9999 -9999 -9999 -9999 -9999 -9999 -9999 -9999 -9999 -9999 32 32 32 32 32 32 33 33 35 36 35 35 34 33 33 33 33 34 36 37 38 36 35 35 38 41 43 45 47 47 46 46 47 47 48 48 48 47 47 45 43 40 38 36 36 34 -9999 -9999 -9999 -9999 -9999 -9999 -9999 -9999 -9999 -9999 -9999 -9999 -9999 -9999 -9999 -9999 -9999 -9999 -9999 -9999 -9999 -9999 -9999 -9999 -9999 -9999 -9999 -9999 -9999 -9999 -9999 -9999 -9999 -9999 -9999 -9999 -9999 -9999 -9999 -9999
-9999 -9999 -9999 -9999 -9999 -9999 -9999 -9999 -9999 -9999 -9999 -9999 32 32 33 33 34 35 37 37 36 36 35 34 33 32 32 33 35 38 40 39 37 36 36 39 42 45 48 48 49 49 49 50 50 51 50 48 48 48 44 42 39 37 36 34 -9999 -9999 -9999 -9999 -9999 -9999 -9999 -9999 -9999 -9999 -9999 -9999 -9999 -9999 -9999 -9999 -9999 -9999 -9999 -9999 -9999 -9999 -9999 -9999 -9999 -9999 -9999 -9999 -9999 -9999 -9999 -9999 -9999 -9999 -9999 -9999 -9999 -9999 -9999 -9999
-9999 -9999 -9999 -9999 -9999 -9999 -9999 -9999 -9999 -9999 -9999 -9999 32 34 35 36 37 37 36 35 34 34 35 34 33 32 32 33 35 38 41 41 38 36 36 37 39 42 45 47 49 49 50 51 52 53 52 50 48 47 45 43 40 38 36 34 -9999 -9999 -9999 -9999 -9999 -9999 -9999 -9999 -9999 -9999 -9999 -9999 -9999 -9999 -9999 -9999 -9999 -9999 -9999 -9999 -9999 -9999 -9999 -9999 -9999 -9999 -9999 -9999 -9999 -9999 -9999 -9999 -9999 -9999 -9999 -9999 -9999 -9999 -9999 -9999
-9999 -9999 -9999 -9999 -9999 -9999 -9999 -9999 -9999 -9999 -9999 -9999 -9999 -9999 -9999 -9999 -9999 -9999 -9999 -9999 33 34 34 34 33 33 32 33 35 38 40 41 40 38 37 36 38 39 41 43 44 47 49 50 52 53 54 52 50 49 48 45 42 39 37 34 -9999 -9999 -9999 -9999 -9999 -9999 -9999 -9999 -9999 -9999 -9999 -9999 -9999 -9999 -9999 -9999 -9999 -9999 -9999 -9999 -9999 -9999 -9999 -9999 -9999 -9999 -9999 -9999 -9999 -9999 -9999 -9999 -9999 -9999 -9999 -9999 -9999 -9999 -9999 -9999
-9999 -9999 -9999 -9999 -9999 -9999 -9999 -9999 -9999 -9999 -9999 -9999 -9999 -9999 -9999 -9999 -9999 -9999 -9999 -9999 33 34 35 36 35 34 33 33 34 36 38 41 41 39 37 36 37 38 39 40 42 43 45 48 50 52 53 54 53 53 51 48 43 40 36 34 -9999 -9999 -9999 -9999 -9999 -9999 -9999 -9999 -9999 -9999 -9999 -9999 -9999 -9999 -9999 -9999 -9999 -9999 -9999 -9999 -9999 -9999 -9999 -9999 -9999 -9999 -9999 -9999 -9999 -9999 -9999 -9999 -9999 -9999 -9999 -9999 -9999 -9999 -9999 -9999
-9999 -9999 -9999 -9999 -9999 -9999 -9999 -9999 -9999 -9999 -9999 -9999 -9999 -9999 -9999 -9999 -9999 -9999 -9999 -9999 33 33 35 37 37 35 33 33 33 35 37 40 41 38 36 36 36 37 38 40 41 42 44 46 48 49 51 52 54 54 54 49 44 40 37 34 -9999 -9999 -9999 -9999 -9999 -9999 -9999 -9999 -9999 -9999 -9999 -9999 -9999 -9999 -9999 -9999 -9999 -9999 -9999 -9999 -9999 -9999 -9999 -9999 -9999 -9999 -9999 -9999 -9999 -9999 -9999 -9999 -9999 -9999 -9999 -9999 -9999 -9999 -9999 -9999
