sesion_6_simulaciones/modelos_distribucion_especies/ejemplo/variables/futuro_B2/2030/PV.asc
ncols 708
nrows 329
xllcorner -7.525000
yllcorner 35.991667
cellsize 0.008333
NODATA_value -9999
[rows 159 to 211 of 329, columns 384 to 479 of 708]
57 58 56 55 54 55 55 54 54 54 54 54 53 52 51 51 51 51 53 56 57 60 63 66 67 65 64 64 64 64 64 64 64 64 63 63 62 62 61 61 60 60 60 60 59 58 57 57 56 56 56 56 56 56 55 53 53 53 53 51 50 49 49 50 50 50 50 50 49 49 47 45 44 44 44 44 45 47 47 47 50 52 52 53 52 51 50 50 49 48 47 47 47 48 49 50
58 58 56 55 56 57 56 57 56 57 57 55 52 49 46 46 47 50 53 56 60 62 64 64 63 62 61 62 63 63 63 63 63 63 62 62 61 60 60 59 59 59 58 57 57 57 56 56 57 57 56 57 56 55 54 52 52 53 53 51 50 49 48 49 49 49 48 49 49 49 47 44 43 43 44 44 44 45 46 47 48 49 49 49 48 47 47 46 45 45 45 45 46 47 48 49
55 54 54 56 59 61 61 59 59 60 59 57 51 45 39 38 45 51 55 58 60 62 62 61 60 59 60 61 61 62 63 63 63 62 61 61 60 59 58 58 58 58 57 57 57 57 56 56 56 57 58 58 56 55 53 52 52 52 51 50 49 48 47 47 47 48 48 48 48 48 47 43 41 40 42 43 43 45 47 47 47 46 46 46 45 45 44 43 41 43 44 45 46 47 47 48
53 52 53 56 59 61 60 59 59 60 59 54 50 44 41 41 46 51 54 57 58 59 59 59 58 59 60 60 61 62 61 61 61 62 60 58 58 58 57 57 57 57 57 56 57 56 55 55 56 57 58 58 56 54 53 52 52 51 51 49 48 47 46 46 46 48 48 48 47 48 47 43 39 37 38 41 43 45 47 48 46 44 44 44 44 43 43 42 42 44 44 45 45 46 46 47
52 51 52 55 58 59 58 56 55 56 54 51 48 46 45 47 48 51 52 52 53 55 55 56 57 58 59 61 61 60 60 60 60 60 58 57 55 55 55 56 56 57 56 56 56 56 55 55 56 56 57 56 55 54 53 52 52 51 50 48 47 45 45 45 46 46 46 45 46 47 46 42 39 36 37 39 42 45 47 47 45 44 43 43 42 42 42 42 43 44 44 45 44 45 46 47
51 51 53 56 57 56 55 53 52 52 50 49 48 47 47 48 48 50 51 51 52 52 53 54 56 57 57 58 58 59 59 59 59 57 55 53 53 53 53 54 55 56 57 56 55 55 55 55 54 54 54 53 52 52 51 51 50 49 48 46 45 45 44 44 44 44 45 45 46 46 45 43 40 38 36 39 42 46 48 46 45 43 42 41 42 42 42 43 43 44 44 44 44 45 46 48
53 53 54 54 53 54 53 51 51 50 49 49 49 49 48 48 48 49 50 50 51 51 52 53 54 55 56 56 57 57 57 56 55 55 54 52 51 52 53 54 55 56 56 55 55 54 54 53 52 52 52 51 50 50 49 49 49 47 47 46 46 45 45 43 43 44 46 47 47 45 44 41 39 37 37 39 42 44 45 43 42 41 41 41 41 41 41 42 43 43 43 43 44 46 47 48
55 54 52 51 51 52 51 51 50 50 50 50 49 48 47 46 48 48 49 49 50 51 51 51 53 53 54 55 56 56 54 53 53 53 52 51 50 50 51 52 53 54 54 55 54 53 52 52 52 52 52 51 49 49 48 47 47 46 46 45 46 46 45 44 43 44 44 45 45 44 42 40 39 38 37 38 40 40 40 39 40 40 40 40 40 40 41 42 42 42 43 44 45 47 48 50
52 50 49 49 50 49 50 50 50 50 50 50 49 48 47 46 47 48 49 49 49 50 50 50 51 52 54 55 54 53 52 50 50 50 49 48 47 47 48 50 51 52 52 52 52 51 52 52 53 53 52 51 50 49 48 46 46 45 45 45 46 47 47 46 45 41 39 40 41 41 40 39 38 38 37 37 38 38 38 38 39 39 39 40 40 40 40 41 41 42 43 45 47 49 51 54
48 49 49 49 48 49 50 50 50 51 50 50 49 48 47 46 48 48 49 48 48 49 51 51 52 53 54 54 52 52 50 49 48 47 47 45 44 44 46 48 49 49 49 49 50 51 52 54 54 53 51 51 52 51 49 47 45 44 44 46 46 47 45 44 42 40 37 37 38 38 38 37 37 36 36 36 37 37 37 38 38 38 38 38 39 39 40 40 41 42 44 46 48 50 54 58
45 48 48 47 47 48 49 50 49 49 49 49 48 48 47 46 46 47 47 48 49 50 52 53 54 53 52 52 51 50 49 48 46 46 45 43 40 42 46 48 48 48 47 48 49 51 52 55 55 54 52 51 51 51 49 47 45 44 43 44 44 43 41 39 38 37 36 36 36 37 37 36 36 36 36 36 36 37 37 38 38 38 38 38 39 39 40 41 42 44 45 47 50 53 56 58
44 45 45 46 47 48 48 47 47 47 47 47 47 47 47 46 46 47 48 50 51 52 53 55 55 53 51 50 50 49 47 47 47 46 46 45 44 45 47 48 48 47 47 49 50 51 53 55 55 53 50 49 49 50 49 46 45 43 42 41 41 40 39 38 37 36 35 35 36 36 36 36 35 35 35 35 36 36 37 37 37 37 38 39 40 40 41 42 43 44 45 47 51 55 56 57
43 44 44 46 48 48 47 46 45 46 47 48 48 48 47 47 46 48 50 51 52 52 53 56 55 53 51 50 49 47 48 48 49 49 49 48 48 47 48 49 49 47 47 48 50 51 54 54 53 51 49 47 47 47 46 44 43 41 41 40 40 39 38 37 36 35 34 34 35 35 35 35 35 35 35 35 35 36 36 36 36 37 38 38 39 40 41 42 43 44 45 47 49 52 52 53
43 44 46 47 47 46 45 46 46 48 49 50 50 49 47 47 48 50 50 51 50 51 52 53 54 53 51 51 50 48 48 50 50 51 50 49 48 49 50 50 49 46 46 47 49 51 53 54 53 50 48 46 45 45 43 42 41 40 39 39 39 39 38 36 35 34 33 33 33 34 34 35 34 34 34 34 35 35 35 35 36 36 37 38 39 40 41 42 43 44 45 47 49 51 52 53
42 44 46 45 45 45 46 48 49 50 50 51 51 49 47 47 48 49 49 49 49 50 52 52 53 52 52 52 50 47 47 49 49 51 51 49 48 48 49 49 48 46 45 47 48 50 52 54 53 49 47 45 44 43 42 41 40 40 39 39 39 38 37 36 35 34 32 32 32 33 33 33 33 33 33 33 34 34 34 35 35 36 37 38 39 40 41 42 43 45 46 48 50 52 53 52
43 44 45 45 45 46 48 48 49 50 50 51 50 48 46 46 47 48 47 47 49 50 52 53 52 51 51 52 49 48 47 49 50 51 51 49 46 46 48 47 46 44 44 45 46 47 49 51 51 47 45 44 43 42 41 40 40 40 39 39 38 37 36 35 34 33 31 30 31 31 31 32 32 32 32 32 33 33 34 34 35 36 38 39 39 40 41 42 43 45 46 47 49 50 50 50
43 43 43 43 44 46 47 47 48 49 50 50 49 48 46 47 46 47 47 48 50 51 51 51 50 50 49 49 49 46 47 48 50 51 50 48 46 46 47 47 45 43 43 44 45 45 46 47 47 46 45 45 44 42 40 40 40 39 38 37 36 36 34 33 32 31 30 29 29 29 29 30 30 30 31 31 32 32 33 34 35 36 37 38 39 40 41 42 43 44 46 48 50 51 51 52
42 42 42 43 44 44 45 45 46 46 47 48 48 48 47 45 46 47 48 50 51 51 50 49 49 48 48 47 47 46 47 48 50 49 49 48 46 45 46 45 44 43 43 42 43 44 44 45 45 46 48 48 45 42 40 40 39 37 36 35 34 33 31 30 29 28 28 27 26 26 27 28 29 30 30 31 31 32 33 34 35 36 37 39 40 40 41 42 44 45 47 50 52 54 54 54
42 42 42 43 43 43 43 44 44 44 45 46 46 46 46 46 47 48 49 51 51 50 49 48 48 48 48 48 47 47 47 47 47 47 47 47 46 45 44 44 44 44 43 42 43 43 43 44 44 44 46 46 43 41 39 38 37 35 34 32 31 30 28 28 27 26 26 25 24 24 26 29 31 32 31 31 32 32 33 33 35 36 37 39 40 40 41 43 44 45 47 49 51 54 54 54
44 43 43 43 43 44 44 45 45 45 45 45 45 46 47 48 49 50 51 51 52 51 50 49 49 49 50 49 48 47 46 46 46 46 46 45 45 44 43 43 44 43 42 41 42 42 42 42 42 42 42 42 41 39 38 36 35 33 32 31 29 28 27 26 25 25 24 24 23 23 26 29 32 32 31 31 32 32 32 33 34 35 37 38 39 40 41 42 43 44 45 46 49 51 53 53
46 45 44 44 45 46 47 47 47 47 46 46 46 46 47 49 50 51 53 53 53 53 51 50 49 50 49 49 48 46 45 46 46 45 45 44 44 44 43 42 42 42 41 41 41 41 41 41 40 40 40 40 39 38 37 36 34 32 31 29 28 26 24 24 23 23 23 23 24 24 25 27 29 28 28 29 30 31 31 32 33 35 36 37 38 39 41 42 43 43 44 46 47 49 50 51
45 44 44 45 47 49 50 49 49 48 48 48 47 47 47 48 50 52 53 53 54 53 52 51 51 50 50 49 48 46 45 45 45 45 45 44 43 43 42 42 42 42 41 41 41 40 40 40 39 39 39 38 38 37 36 34 33 31 30 28 26 24 22 20 21 22 23 23 24 24 24 25 25 26 26 26 27 28 30 31 33 35 36 37 38 39 41 42 43 44 45 46 47 48 49 48
45 44 45 47 49 51 51 50 49 49 49 48 48 48 47 47 49 50 52 53 53 53 52 52 51 51 50 49 47 46 45 44 44 44 43 43 43 42 42 42 41 41 40 40 40 39 39 39 39 38 37 37 36 36 35 33 32 31 29 28 26 24 21 19 21 22 23 23 24 24 25 25 25 25 25 24 23 27 29 31 33 35 36 37 39 40 41 42 43 44 45 46 47 48 48 48
46 46 46 48 50 51 51 50 49 49 49 49 49 48 49 48 49 50 52 52 52 52 52 52 52 51 50 48 47 46 45 44 44 44 43 43 42 42 42 41 41 40 40 39 39 39 38 38 37 37 36 35 35 34 33 32 31 30 29 27 26 24 22 22 22 22 23 23 24 24 25 25 25 26 26 25 26 28 30 31 33 35 36 38 40 41 42 43 44 44 45 46 47 48 48 47
47 47 49 50 51 51 50 50 50 50 50 49 49 49 49 48 48 50 51 52 51 52 52 52 52 51 49 48 47 46 45 45 44 44 43 43 43 42 42 42 41 41 40 40 39 39 38 37 36 35 34 34 33 32 32 31 30 29 28 27 26 25 24 23 22 22 23 23 24 25 25 26 26 26 27 27 28 29 30 32 34 35 37 39 40 42 44 45 45 45 46 46 46 47 47 46
48 49 50 51 51 51 50 50 50 50 50 50 50 50 49 49 49 48 50 51 52 53 54 54 53 51 50 48 47 46 46 45 44 44 43 43 43 43 42 42 42 41 40 40 39 38 37 36 35 34 33 32 32 32 31 31 30 29 29 28 27 26 25 24 23 22 23 24 24 25 26 26 27 27 28 28 29 30 31 33 34 35 37 39 41 44 48 47 47 47 46 46 45 46 46 46
48 49 50 50 51 51 51 51 50 51 50 51 50 50 50 50 49 49 49 50 52 53 54 53 53 51 50 49 47 46 46 45 45 44 44 44 44 43 42 42 42 41 40 40 39 38 37 36 35 33 32 32 31 31 31 31 31 30 29 28 27 27 26 25 23 22 23 24 25 26 26 27 27 28 29 29 30 31 32 33 34 36 37 39 41 44 47 47 46 46 45 45 46 45 46 46
49 49 50 50 51 51 51 52 51 52 52 51 51 51 50 50 50 50 49 50 50 51 51 51 50 50 49 48 47 47 47 46 45 45 45 45 44 44 43 42 42 41 41 40 39 38 38 36 35 33 30 30 31 32 31 31 31 30 30 29 28 28 27 26 25 25 25 25 26 27 27 28 28 29 29 30 31 32 32 33 35 36 37 39 40 42 43 44 45 44 44 45 46 45 44 45
50 50 51 51 51 51 52 52 52 52 52 52 52 51 51 50 51 51 51 50 50 50 49 49 49 49 49 48 47 47 48 47 47 46 46 46 45 45 44 43 41 41 41 41 40 39 38 37 36 34 33 32 32 32 32 32 31 31 31 30 30 29 28 28 27 27 27 27 27 28 28 29 29 30 30 31 31 32 33 34 35 36 37 38 39 40 41 42 43 43 44 45 44 44 44 44
50 51 51 51 52 52 52 53 53 52 53 53 52 52 51 52 53 54 54 54 53 52 51 50 50 49 49 49 49 48 48 48 48 48 47 47 46 45 45 44 43 42 42 41 41 40 39 38 37 36 35 34 34 33 33 33 32 32 32 31 31 30 30 29 29 29 29 29 29 29 30 30 30 31 31 31 32 33 33 34 35 36 37 38 39 39 40 41 41 41 42 42 42 42 42 43
51 51 52 52 53 53 53 54 54 54 54 54 53 52 53 54 57 59 60 60 58 56 54 52 51 50 51 51 50 49 48 49 49 49 48 48 47 47 46 46 45 43 42 41 41 41 40 39 38 38 37 36 35 35 34 34 33 33 32 32 32 32 31 31 31 31 31 30 31 31 31 31 31 31 32 32 33 33 34 34 35 36 37 37 38 39 39 40 40 41 42 42 42 41 42 43
51 52 52 53 53 54 55 55 55 55 55 54 54 54 55 58 62 64 65 63 61 59 55 53 52 52 52 52 52 51 50 49 50 50 50 49 48 48 47 46 46 44 43 42 42 41 41 40 40 39 38 37 36 36 35 35 34 34 33 33 33 33 32 33 33 32 32 32 32 32 32 32 32 32 32 33 33 34 34 34 35 36 37 37 38 39 39 40 40 40 41 42 42 43 43 46
52 53 53 54 54 55 56 56 57 56 56 55 55 56 57 61 64 67 67 65 62 59 56 54 54 54 53 53 53 53 52 50 50 51 51 50 49 49 48 47 46 45 44 43 42 41 41 41 41 40 39 38 38 37 36 36 35 35 34 34 34 33 33 33 34 34 33 33 33 33 32 33 33 33 33 33 34 34 34 35 35 36 37 38 38 38 39 39 40 40 41 42 43 43 45 46
52 53 54 55 56 57 57 57 57 57 57 56 57 58 59 62 66 69 70 68 67 62 60 57 58 57 57 56 54 54 53 52 51 51 52 51 50 50 49 48 46 46 45 45 44 42 41 41 42 41 40 39 39 38 37 37 36 36 35 35 34 34 34 34 34 35 35 35 35 34 33 33 33 34 34 34 34 35 34 35 35 36 37 37 38 38 39 39 40 40 41 42 43 44 44 45
53 54 55 56 57 58 58 58 59 58 58 58 59 60 62 64 68 71 73 72 70 66 63 62 63 64 62 60 57 55 54 53 52 51 52 52 52 51 50 49 47 46 47 46 45 43 42 42 42 42 41 40 40 39 38 38 37 36 36 35 35 35 34 34 35 35 35 36 36 35 34 34 34 35 35 35 35 35 35 34 34 35 36 37 38 38 39 39 40 41 42 43 45 45 45 46
53 55 56 57 59 59 60 60 60 60 60 60 61 62 64 68 71 73 75 75 72 69 67 67 69 68 66 63 61 58 57 55 53 52 53 53 53 52 52 50 48 47 47 47 46 44 43 42 42 42 42 41 40 40 40 39 38 38 37 36 36 35 35 35 35 35 36 36 36 36 35 35 35 36 36 36 36 35 35 34 33 33 35 36 38 39 39 40 41 42 43 45 46 46 47 49
54 56 57 59 60 61 62 62 63 62 62 62 63 65 68 70 72 74 76 77 75 72 71 71 71 70 68 66 63 61 59 57 54 52 52 53 54 54 52 50 49 48 49 48 47 46 43 43 42 43 42 42 41 41 41 40 39 39 38 37 36 36 36 35 35 35 35 36 36 36 36 35 35 35 36 36 36 35 35 34 34 34 35 37 38 39 40 41 42 43 45 46 47 48 48 50
55 57 58 60 61 62 63 64 64 64 64 66 68 70 72 74 74 76 77 79 78 75 74 73 72 71 69 67 64 62 60 58 56 54 53 54 54 54 53 51 49 50 49 48 48 46 44 43 44 44 43 42 42 42 41 41 40 39 39 38 37 37 36 36 36 36 36 36 36 36 35 35 35 35 35 36 36 36 35 36 35 36 36 38 38 40 40 42 43 44 46 47 49 50 50 51
55 57 59 61 63 64 65 66 67 66 67 70 73 74 75 77 78 79 79 80 79 78 75 75 74 73 71 68 67 65 63 61 58 55 54 55 55 55 53 51 50 50 50 50 48 47 45 44 44 45 44 43 42 42 42 41 41 40 39 39 38 38 37 37 36 36 36 36 36 36 36 35 35 35 35 36 36 36 36 36 37 37 38 39 39 40 41 42 43 45 47 49 50 52 52 52
56 58 60 62 64 65 68 70 71 70 69 73 76 78 78 79 81 81 81 81 81 80 78 76 75 74 73 72 71 69 65 62 59 56 56 57 57 55 53 51 50 50 51 51 49 48 46 44 44 45 45 44 43 43 42 42 41 41 40 39 39 38 38 37 37 37 37 37 36 36 36 36 36 36 36 36 36 37 37 37 37 38 38 39 40 41 42 42 44 45 47 50 53 53 53 51
58 60 62 64 66 69 73 75 74 71 71 75 79 81 82 82 82 82 83 83 82 81 79 78 76 75 74 74 71 69 66 62 58 57 58 59 57 55 53 51 50 50 51 51 51 49 47 44 44 44 45 45 44 44 43 43 42 41 41 40 39 39 38 38 38 37 37 37 37 37 37 36 37 37 36 36 36 37 37 38 38 39 39 40 41 42 43 43 44 45 47 50 53 53 52 51
59 62 65 67 70 75 79 79 75 73 73 77 82 85 85 85 85 85 85 84 83 82 80 79 77 75 75 73 72 69 66 63 60 59 59 59 58 57 55 53 51 50 50 51 51 50 48 45 44 43 44 45 45 44 44 43 43 42 41 40 40 39 39 39 38 38 38 38 38 38 38 37 37 37 37 37 37 37 38 38 39 39 40 41 42 43 44 45 46 46 47 50 54 54 55 55
61 64 67 70 74 78 80 79 76 74 75 80 85 89 91 90 89 88 87 86 84 83 82 80 78 76 74 72 71 69 67 65 63 61 61 61 60 58 56 55 52 50 50 50 51 51 49 46 44 43 44 45 45 45 44 44 43 42 41 41 40 40 40 39 39 39 39 39 39 39 39 38 37 37 37 37 38 38 38 39 39 40 41 43 44 46 47 48 48 49 50 51 53 55 56 57
62 66 70 74 77 80 80 79 75 72 77 84 89 93 95 94 92 91 90 88 86 85 83 82 80 78 75 73 70 68 67 65 63 63 62 61 60 59 58 55 53 50 50 50 51 51 49 47 44 44 45 46 46 45 45 44 44 43 42 41 41 41 40 40 40 40 40 40 40 40 39 39 38 38 38 38 39 39 39 39 39 40 42 44 46 48 50 52 53 52 53 53 53 53 55 57
63 69 74 78 82 84 86 87 81 74 82 88 93 96 98 96 95 93 91 90 88 87 85 83 82 80 76 73 70 68 66 65 64 63 62 61 60 58 57 55 53 51 50 50 51 51 50 48 45 44 45 46 46 46 45 45 44 44 43 42 42 42 42 41 42 41 41 42 42 41 40 40 39 39 40 40 40 40 40 39 39 39 40 42 45 48 50 52 53 53 53 53 52 51 49 51
65 73 79 84 89 95 100 100 97 95 95 97 98 100 101 100 99 96 94 91 90 88 87 86 83 81 79 74 70 69 67 66 64 63 62 61 59 57 56 54 53 51 51 51 51 51 50 48 45 44 46 47 47 47 46 45 44 44 44 43 43 43 43 43 43 43 42 42 42 42 41 41 41 40 41 41 41 40 40 39 39 39 39 39 42 45 48 50 49 49 49 50 49 47 48 51
70 77 85 92 101 110 115 115 114 112 110 107 106 105 105 103 101 99 96 93 91 89 88 86 84 82 78 75 72 70 68 66 65 63 62 61 59 57 55 54 52 52 52 52 52 52 50 48 45 45 45 46 46 47 46 46 45 44 44 44 44 45 45 45 44 44 43 43 42 42 41 41 41 41 41 41 41 41 40 40 39 38 38 38 40 43 47 48 46 45 45 44 46 46 50 52
77 86 95 103 114 123 130 133 131 127 121 116 113 110 107 104 102 100 98 96 93 90 88 87 85 81 79 76 74 71 69 67 65 63 62 61 59 58 57 55 53 52 52 52 52 52 51 49 47 45 44 44 45 45 46 46 45 45 45 45 45 45 45 44 44 44 44 43 43 42 42 41 41 41 41 41 41 41 40 40 39 39 39 39 40 42 44 44 43 42 40 39 40 46 50 53
84 95 104 113 123 135 149 158 154 142 132 124 119 114 110 107 103 101 99 96 93 90 89 88 85 82 79 76 74 72 70 68 66 65 63 61 60 59 57 55 53 52 52 52 52 52 51 50 49 46 44 43 43 44 44 45 45 45 45 46 46 45 45 44 44 44 44 44 43 43 42 42 41 41 41 41 41 41 40 40 39 39 39 39 40 40 41 42 41 40 39 37 40 47 52 56
89 100 109 118 129 145 173 207 185 157 140 130 124 119 114 109 105 102 98 95 93 90 89 88 85 82 79 77 75 73 71 68 67 66 64 62 61 59 58 55 53 53 52 52 52 52 52 51 50 47 45 43 42 42 43 43 43 44 45 46 46 46 45 45 44 44 44 44 44 43 43 42 42 42 42 41 41 41 40 39 39 39 39 39 39 40 40 40 40 40 40 41 43 49 54 57
91 103 111 119 128 143 166 190 179 158 143 132 126 123 119 113 109 104 100 96 93 90 88 87 85 82 80 78 76 74 72 69 67 65 64 63 61 60 58 56 54 52 52 52 52 52 52 51 50 48 45 43 42 42 42 42 43 43 44 45 44 44 44 44 44 45 45 45 44 44 43 43 43 43 42 42 41 41 40 39 38 38 38 38 38 39 39 40 39 40 41 42 45 50 55 54
93 101 107 113 121 132 145 154 155 148 140 131 126 123 120 117 113 107 101 97 94 92 90 88 85 83 81 79 78 76 74 71 68 66 64 63 61 60 58 55 53 51 51 51 51 51 51 50 49 47 45 43 42 41 42 42 42 42 42 42 41 41 41 41 41 42 43 44 45 45 45 44 44 43 43 42 41 41 40 39 39 39 39 39 38 38 38 39 39 39 41 43 46 50 53 52
90 94 99 105 113 121 129 134 135 136 134 130 125 121 116 114 113 108 103 98 96 93 91 90 87 84 81 79 77 75 73 70 68 65 64 62 61 60 58 55 52 52 50 50 50 50 50 49 48 47 45 43 42 41 41 41 41 41 40 39 39 39 39 39 39 40 41 43 44 45 45 45 46 45 44 43 42 41 40 39 39 39 39 39 39 38 38 38 38 39 42 43 44 46 48 49
