sesion_6_simulaciones/modelos_distribucion_especies/ejemplo/variables/futuro_B2/2030/TMNV.asc
ncols 708
nrows 329
xllcorner -7.525000
yllcorner 35.991667
cellsize 0.008333
NODATA_value -9999
[rows 82 to 122 of 329, columns 564 to 657 of 708]
180 182 175 182 176 176 171 167 165 161 160 158 158 159 157 154 153 154 157 158 158 160 160 161 160 160 157 156 158 158 157 157 157 156 154 152 155 156 154 153 -9999 -9999 -9999 -9999 -9999 -9999 -9999 -9999 -9999 -9999 -9999 -9999 -9999 -9999 -9999 -9999 -9999 -9999 -9999 -9999 -9999 -9999 -9999 -9999 -9999 -9999 -9999 -9999 -9999 -9999 -9999 -9999 -9999 -9999 -9999 -9999 -9999 -9999 -9999 -9999 -9999 -9999 -9999 -9999 -9999 -9999 -9999 -9999 -9999 -9999 -9999 -9999 -9999 -9999
176 180 175 177 174 174 174 169 163 160 158 158 158 157 155 154 154 154 158 158 159 160 162 160 161 159 157 157 157 155 156 156 157 155 153 154 154 151 152 151 -9999 -9999 -9999 -9999 -9999 -9999 -9999 -9999 -9999 -9999 -9999 -9999 -9999 -9999 -9999 -9999 -9999 -9999 -9999 -9999 -9999 -9999 -9999 -9999 -9999 -9999 -9999 -9999 -9999 -9999 -9999 -9999 -9999 -9999 -9999 -9999 -9999 -9999 -9999 -9999 -9999 -9999 -9999 -9999 -9999 -9999 -9999 -9999 -9999 -9999 -9999 -9999 -9999 -9999
169 176 175 173 174 167 163 161 159 158 158 158 157 157 158 159 159 158 159 159 160 161 161 162 160 157 157 156 155 155 156 155 151 155 151 149 149 151 152 152 152 157 157 157 157 155 157 159 162 163 -9999 -9999 -9999 -9999 -9999 -9999 -9999 -9999 -9999 -9999 -9999 -9999 -9999 -9999 -9999 -9999 -9999 -9999 -9999 -9999 -9999 -9999 -9999 -9999 -9999 -9999 -9999 -9999 -9999 -9999 -9999 -9999 -9999 -9999 -9999 -9999 -9999 -9999 -9999 -9999 -9999 -9999 -9999 -9999
167 171 175 171 166 162 156 159 159 158 157 155 155 159 159 159 159 160 161 161 161 161 162 161 157 156 157 156 155 154 153 153 152 152 149 147 151 152 154 154 153 158 157 158 156 157 158 159 162 161 -9999 -9999 -9999 -9999 -9999 -9999 -9999 -9999 -9999 -9999 -9999 -9999 -9999 -9999 -9999 -9999 -9999 -9999 -9999 -9999 -9999 -9999 -9999 -9999 -9999 -9999 -9999 -9999 -9999 -9999 -9999 -9999 -9999 -9999 -9999 -9999 -9999 -9999 -9999 -9999 -9999 -9999 -9999 -9999
168 165 171 164 152 157 159 159 158 156 157 156 158 159 159 157 159 160 159 160 159 160 160 160 158 157 156 156 155 152 151 151 153 151 151 152 154 156 156 156 155 159 158 157 157 160 160 160 161 160 163 163 165 165 165 165 165 166 -9999 -9999 -9999 -9999 -9999 -9999 -9999 -9999 -9999 -9999 -9999 -9999 -9999 -9999 -9999 -9999 -9999 -9999 -9999 -9999 -9999 -9999 -9999 -9999 -9999 -9999 -9999 -9999 -9999 -9999 -9999 -9999 -9999 -9999 -9999 -9999
168 163 166 156 159 160 159 157 158 157 158 158 159 159 157 156 158 158 158 157 160 157 158 156 156 158 155 157 154 152 152 155 156 154 156 156 157 158 160 157 157 160 159 161 162 161 161 161 162 161 161 161 161 162 161 162 166 167 -9999 -9999 -9999 -9999 -9999 -9999 -9999 -9999 -9999 -9999 -9999 -9999 -9999 -9999 -9999 -9999 -9999 -9999 -9999 -9999 -9999 -9999 -9999 -9999 -9999 -9999 -9999 -9999 -9999 -9999 -9999 -9999 -9999 -9999 -9999 -9999
171 172 163 156 161 159 158 158 158 158 157 158 159 158 156 158 157 158 156 155 158 156 155 154 157 156 157 158 155 156 157 156 158 156 156 159 159 161 162 160 160 161 163 163 164 163 163 164 161 161 161 162 162 164 165 165 166 167 167 167 166 166 -9999 -9999 -9999 -9999 -9999 -9999 -9999 -9999 -9999 -9999 -9999 -9999 -9999 -9999 -9999 -9999 -9999 -9999 -9999 -9999 -9999 -9999 -9999 -9999 -9999 -9999 -9999 -9999 -9999 -9999 -9999 -9999
179 175 164 161 160 159 157 159 158 159 159 158 158 157 155 157 154 156 155 157 158 155 154 156 154 158 160 163 162 161 157 158 162 159 160 162 163 163 162 161 163 163 164 165 164 165 163 166 165 163 164 162 162 164 165 166 167 168 168 168 168 168 -9999 -9999 -9999 -9999 -9999 -9999 -9999 -9999 -9999 -9999 -9999 -9999 -9999 -9999 -9999 -9999 -9999 -9999 -9999 -9999 -9999 -9999 -9999 -9999 -9999 -9999 -9999 -9999 -9999 -9999 -9999 -9999
174 175 164 163 159 157 158 159 159 159 159 158 158 157 156 155 153 155 158 158 156 153 154 156 158 162 164 164 165 163 162 162 162 162 164 164 164 165 163 164 164 163 164 165 165 166 167 167 167 166 165 166 166 165 165 166 166 164 167 169 169 169 169 169 -9999 -9999 -9999 -9999 -9999 -9999 -9999 -9999 -9999 -9999 -9999 -9999 -9999 -9999 -9999 -9999 -9999 -9999 -9999 -9999 -9999 -9999 -9999 -9999 -9999 -9999 -9999 -9999 -9999 -9999
174 167 163 162 157 158 158 159 159 159 159 159 156 157 155 155 155 156 157 153 154 154 160 161 162 164 166 166 163 160 161 161 162 163 163 165 166 166 166 165 163 165 166 167 167 168 168 168 167 167 166 165 167 167 166 165 162 164 167 169 169 169 169 170 -9999 -9999 -9999 -9999 -9999 -9999 -9999 -9999 -9999 -9999 -9999 -9999 -9999 -9999 -9999 -9999 -9999 -9999 -9999 -9999 -9999 -9999 -9999 -9999 -9999 -9999 -9999 -9999 -9999 -9999
168 168 162 160 159 160 160 160 160 159 159 157 155 156 157 156 156 155 153 157 155 157 160 162 165 167 166 165 163 160 156 155 155 155 157 161 166 167 166 163 164 164 164 164 165 166 168 169 169 168 168 168 166 163 164 163 166 165 168 169 170 170 170 170 -9999 -9999 -9999 -9999 -9999 -9999 -9999 -9999 -9999 -9999 -9999 -9999 -9999 -9999 -9999 -9999 -9999 -9999 -9999 -9999 -9999 -9999 -9999 -9999 -9999 -9999 -9999 -9999 -9999 -9999
168 163 165 160 160 161 161 160 160 159 158 155 155 157 158 156 155 152 155 157 158 164 163 165 167 168 166 162 161 156 149 143 149 157 161 165 167 167 168 167 164 160 160 161 164 166 168 169 168 168 169 168 166 163 168 168 168 167 169 170 170 170 170 170 -9999 -9999 -9999 -9999 -9999 -9999 -9999 -9999 -9999 -9999 -9999 -9999 -9999 -9999 -9999 -9999 -9999 -9999 -9999 -9999 -9999 -9999 -9999 -9999 -9999 -9999 -9999 -9999 -9999 -9999
166 161 163 162 162 160 160 159 158 157 154 158 157 158 157 154 153 156 162 163 163 164 164 167 168 167 165 163 160 154 142 146 154 160 164 165 167 168 168 165 161 159 153 157 162 163 168 168 166 168 170 169 167 168 169 169 170 171 171 171 171 171 171 171 170 168 169 169 -9999 -9999 -9999 -9999 -9999 -9999 -9999 -9999 -9999 -9999 -9999 -9999 -9999 -9999 -9999 -9999 -9999 -9999 -9999 -9999 -9999 -9999 -9999 -9999 -9999 -9999
162 160 162 162 158 159 160 157 158 155 155 160 159 158 154 151 151 155 158 164 166 166 166 167 169 168 165 164 160 151 154 155 158 159 161 165 167 163 168 167 165 158 154 157 156 165 169 166 166 167 170 169 170 170 170 171 171 171 171 171 171 171 171 170 170 169 169 168 -9999 -9999 -9999 -9999 -9999 -9999 -9999 -9999 -9999 -9999 -9999 -9999 -9999 -9999 -9999 -9999 -9999 -9999 -9999 -9999 -9999 -9999 -9999 -9999 -9999 -9999
159 159 160 156 157 157 154 158 158 159 156 163 160 158 155 150 155 158 162 165 167 167 169 170 171 167 164 164 161 156 160 161 161 163 164 162 162 162 167 169 161 160 158 163 164 164 169 166 166 170 171 171 170 170 170 171 172 172 172 172 172 172 171 170 169 169 168 168 -9999 -9999 -9999 -9999 -9999 -9999 -9999 -9999 -9999 -9999 -9999 -9999 -9999 -9999 -9999 -9999 -9999 -9999 -9999 -9999 -9999 -9999 -9999 -9999 -9999 -9999
160 158 155 153 156 155 157 155 161 161 164 161 159 151 149 151 156 162 165 167 169 169 170 169 170 168 166 165 163 160 162 163 164 165 166 165 167 166 166 170 169 165 165 166 166 166 169 171 170 172 172 171 170 170 171 171 169 169 172 172 172 172 171 170 170 169 168 168 -9999 -9999 -9999 -9999 -9999 -9999 -9999 -9999 -9999 -9999 -9999 -9999 -9999 -9999 -9999 -9999 -9999 -9999 -9999 -9999 -9999 -9999 -9999 -9999 -9999 -9999
160 156 154 151 149 160 162 159 163 165 160 158 155 149 151 157 161 165 168 169 169 169 171 171 171 170 168 165 162 163 164 164 164 166 167 167 167 167 166 168 168 163 166 167 168 169 170 171 172 172 172 172 172 172 171 171 172 172 172 172 172 172 171 171 170 170 168 166 164 166 165 167 -9999 -9999 -9999 -9999 -9999 -9999 -9999 -9999 -9999 -9999 -9999 -9999 -9999 -9999 -9999 -9999 -9999 -9999 -9999 -9999 -9999 -9999
157 156 151 151 157 155 162 164 163 169 161 155 149 153 155 161 167 169 170 170 170 171 172 172 170 168 167 166 164 167 167 166 167 168 168 168 168 167 166 170 170 164 161 163 166 170 170 172 172 172 173 172 171 171 172 170 172 172 172 172 172 172 172 171 171 170 169 168 167 168 168 165 -9999 -9999 -9999 -9999 -9999 -9999 -9999 -9999 -9999 -9999 -9999 -9999 -9999 -9999 -9999 -9999 -9999 -9999 -9999 -9999 -9999 -9999
152 154 154 158 162 162 157 163 169 167 162 160 151 157 161 165 169 171 172 171 172 172 172 172 171 166 164 168 169 169 169 169 169 169 169 167 164 164 170 171 171 169 166 163 168 171 171 172 173 173 173 173 172 172 172 173 173 173 173 173 172 172 172 172 171 169 170 169 168 165 167 168 168 168 168 169 168 -9999 -9999 -9999 -9999 169 170 171 -9999 -9999 -9999 -9999 -9999 -9999 -9999 -9999 -9999 -9999
153 154 152 152 152 158 167 165 173 165 166 159 157 162 166 168 171 172 172 172 173 173 172 171 171 170 168 170 170 170 170 170 170 168 167 161 164 169 171 172 171 170 168 165 169 171 172 173 173 173 173 173 173 173 173 173 173 172 172 173 172 172 172 172 171 169 169 169 168 168 169 167 169 169 169 169 169 170 -9999 -9999 169 169 171 171 -9999 -9999 -9999 -9999 -9999 -9999 -9999 -9999 -9999 -9999
153 151 153 156 158 162 158 169 171 165 164 161 155 161 166 167 168 170 172 173 173 173 171 172 171 171 171 171 171 171 171 170 169 167 161 163 169 171 172 173 172 171 169 165 167 172 173 173 173 173 173 173 173 173 173 173 173 173 173 172 172 172 172 172 171 170 170 170 170 170 170 169 169 168 168 168 169 171 172 172 172 172 171 171 -9999 -9999 -9999 -9999 -9999 -9999 -9999 -9999 -9999 -9999
155 157 158 157 155 159 166 173 167 165 161 157 158 162 166 167 170 171 172 172 174 174 171 170 172 172 172 172 172 172 170 170 169 167 165 170 170 173 173 173 172 170 168 165 169 172 172 174 174 174 174 174 173 173 173 173 173 173 172 172 172 172 172 171 171 171 171 171 171 170 170 169 169 170 170 170 170 171 171 173 174 174 174 175 -9999 -9999 -9999 -9999 -9999 -9999 -9999 -9999 -9999 -9999
156 159 160 166 159 165 173 171 166 161 156 160 165 166 164 167 167 167 168 172 172 173 172 172 173 172 172 172 172 172 171 170 165 166 168 170 172 173 173 172 171 170 166 168 170 172 172 174 174 174 174 173 173 173 173 173 173 172 172 172 171 172 172 171 171 171 170 169 169 170 169 169 169 170 170 171 171 171 172 170 172 173 173 171 174 174 176 177 176 177 176 177 177 177
156 152 160 166 169 170 175 167 160 157 156 163 167 167 165 159 163 165 171 173 175 171 172 173 172 172 172 172 173 172 171 166 167 167 169 173 174 174 173 169 167 164 164 167 171 173 172 174 174 174 174 174 173 173 173 173 173 172 172 171 171 171 171 171 171 170 170 170 168 169 168 169 170 170 170 169 169 168 169 170 170 173 171 170 170 173 173 174 175 177 178 176 178 179
155 157 161 160 167 175 174 168 163 166 163 168 168 167 164 164 168 166 172 174 172 172 172 172 171 171 168 171 173 171 165 166 168 166 172 174 174 174 170 165 162 163 166 168 172 174 174 174 174 174 174 174 173 173 173 172 172 171 172 171 171 171 171 171 171 171 171 170 170 170 170 170 170 170 170 169 169 169 169 170 169 170 169 169 168 170 171 169 172 175 177 177 178 179
159 161 163 166 173 174 172 167 165 169 169 168 165 166 167 170 168 173 174 174 171 173 171 166 168 165 170 173 173 167 167 169 166 170 173 174 175 173 168 165 162 167 169 172 173 174 174 174 174 174 173 173 173 173 173 172 172 171 171 171 171 171 171 171 171 171 171 171 171 171 171 171 171 170 170 169 169 169 169 169 168 168 168 169 170 171 172 173 172 174 176 177 177 178
161 165 169 166 172 176 171 169 170 171 171 168 166 168 167 172 173 174 175 172 173 173 171 166 168 172 173 174 172 172 172 169 171 173 174 175 174 173 169 171 170 170 171 173 174 174 174 174 174 174 174 174 174 173 172 172 172 171 171 171 171 171 171 171 171 171 171 171 171 171 171 171 171 170 170 170 169 169 171 168 167 167 168 168 169 170 171 174 174 173 174 176 179 179
166 169 171 173 174 177 173 172 171 171 172 172 172 173 173 174 174 175 176 174 174 174 172 171 173 174 174 175 173 174 174 174 174 175 175 175 175 174 172 170 171 172 172 173 174 174 174 174 174 174 174 174 174 174 173 172 172 171 171 172 171 171 171 171 171 171 172 172 171 171 171 171 171 171 170 170 170 169 172 171 169 168 170 173 174 174 175 177 177 175 177 179 179 180
169 172 174 175 174 173 173 172 173 172 172 173 173 174 173 173 175 175 177 175 175 174 173 175 175 175 175 175 175 175 175 176 175 175 176 176 175 175 174 173 173 172 173 174 174 174 174 174 174 174 174 174 174 174 173 172 171 172 172 171 171 171 171 171 171 171 172 172 172 172 171 171 171 170 170 172 172 172 173 172 171 172 172 174 175 176 176 178 177 178 177 178 179 180
171 173 174 177 178 173 173 175 175 173 173 173 173 173 166 171 174 175 178 175 175 174 175 176 176 175 175 175 175 176 176 176 176 176 176 176 176 175 174 174 173 171 173 173 174 174 174 174 174 174 174 174 174 173 173 172 173 172 171 171 171 171 171 171 172 172 172 172 172 172 171 171 172 172 173 174 174 174 175 174 174 174 175 176 177 176 178 178 179 178 178 179 180 180
172 173 176 176 178 177 176 177 174 174 174 174 174 174 171 173 175 176 175 175 175 175 176 176 176 176 176 176 176 176 176 176 176 176 176 176 176 176 175 174 173 172 173 173 173 173 173 173 174 174 174 174 173 172 173 173 172 171 171 171 171 171 172 172 172 173 172 172 172 172 172 173 174 174 175 175 176 175 176 176 176 177 177 177 178 177 178 178 177 178 179 179 178 177
174 173 173 176 176 179 177 175 174 175 174 174 175 175 174 175 175 177 176 176 175 176 176 176 176 176 176 176 176 176 176 176 176 176 177 177 176 176 175 174 173 173 173 174 174 174 174 175 174 174 174 173 174 174 173 172 172 172 172 172 172 172 173 173 173 172 172 172 171 171 171 172 173 174 174 175 176 176 176 176 177 177 176 176 177 178 178 178 177 179 179 177 176 173
174 174 174 175 177 180 175 176 177 174 173 173 175 175 176 176 175 177 176 176 176 176 177 177 177 177 177 177 177 176 176 176 177 177 177 177 176 176 176 175 174 174 175 175 175 175 175 175 175 175 174 174 175 173 173 173 172 172 173 172 173 173 173 172 172 172 172 171 171 171 171 172 173 174 175 175 176 176 176 176 176 174 173 172 174 176 178 178 177 177 175 175 176 177
173 175 175 175 180 180 178 179 175 174 173 174 175 175 176 177 176 177 177 176 176 177 177 178 177 176 177 177 177 177 177 177 177 177 177 177 177 176 175 175 175 175 175 175 175 176 176 175 175 175 175 174 174 173 173 173 174 173 172 172 173 173 172 172 172 172 171 171 171 170 171 171 173 174 174 175 175 175 176 176 174 170 166 167 171 173 176 177 178 176 173 175 176 174
176 175 175 175 179 180 177 175 175 174 175 174 174 176 176 176 177 178 179 177 177 177 178 178 177 177 178 178 177 177 177 177 177 178 178 177 176 176 175 175 175 175 176 176 176 176 175 175 175 176 175 175 174 174 174 173 173 172 171 174 173 172 172 171 171 171 171 170 171 170 170 171 170 171 171 173 173 175 176 176 175 172 168 166 171 174 175 176 177 174 176 175 174 170
176 176 179 179 180 179 176 176 176 175 174 175 175 176 176 177 178 178 180 179 178 178 178 178 178 178 178 177 177 177 178 177 178 178 178 177 175 175 175 175 175 175 176 176 176 175 176 176 176 176 176 175 175 175 174 174 173 172 173 174 173 172 171 171 171 170 170 170 171 170 170 171 172 173 173 174 175 176 175 175 175 173 173 173 173 175 175 177 176 175 173 172 170 169
178 176 178 181 179 175 175 176 176 176 176 176 176 176 177 178 178 179 179 180 179 179 179 179 179 178 178 178 178 177 178 179 178 179 178 177 177 176 175 175 176 176 177 177 176 176 176 176 176 176 176 176 175 175 175 174 174 174 174 174 172 172 172 171 172 171 171 170 170 169 169 172 173 174 174 174 174 175 175 174 174 174 174 173 175 175 175 176 176 174 172 175 174 175
178 177 177 181 176 175 175 176 176 176 176 176 176 176 177 178 178 179 179 179 180 179 179 179 179 179 179 178 179 179 179 176 177 176 178 178 178 176 176 176 176 177 176 176 175 175 175 175 175 176 176 176 176 175 175 175 175 175 174 175 174 173 173 172 173 173 172 172 171 170 169 171 171 171 174 174 175 174 174 175 174 174 172 174 173 174 175 175 175 173 174 177 173 176
178 178 180 179 175 175 176 176 176 176 176 176 176 177 178 178 179 179 179 180 180 180 179 179 180 180 180 179 177 178 178 177 176 176 176 176 176 178 178 177 177 177 177 177 177 176 175 175 175 175 175 176 176 176 176 176 175 175 176 175 175 175 174 174 174 174 173 173 172 172 171 169 172 172 173 172 173 174 174 173 172 173 174 174 174 174 176 176 174 172 178 179 178 177
181 179 181 177 176 176 176 176 176 176 176 176 177 177 178 179 179 179 180 179 180 180 180 180 180 180 179 177 176 177 176 176 176 176 177 176 176 175 176 176 176 176 176 175 175 175 176 176 176 176 176 175 174 175 176 176 176 176 176 175 175 175 175 174 174 174 173 173 172 171 170 169 171 172 172 171 173 172 172 172 172 172 173 174 176 177 177 178 179 179 179 179 177 174
178 181 182 179 176 176 176 176 176 176 176 177 178 178 179 179 179 179 180 179 180 181 180 180 179 178 178 177 177 176 176 176 177 177 177 177 176 176 175 174 174 175 175 174 174 173 174 175 176 176 176 176 176 176 176 176 176 176 176 175 175 175 175 174 174 173 173 172 171 172 172 171 171 171 171 171 170 169 171 171 171 172 172 173 174 175 176 176 177 177 179 180 175 169
