sesion_6_simulaciones/modelos_distribucion_especies/ejemplo/variables/futuro_B2/2030/TMNV.asc
ncols 708
nrows 329
xllcorner -7.525000
yllcorner 35.991667
cellsize 0.008333
NODATA_value -9999
[rows 164 to 204 of 329, columns 376 to 469 of 708]
184 185 182 182 180 179 180 178 178 179 177 170 168 168 172 173 174 174 174 176 176 177 175 176 173 174 175 175 176 176 176 175 175 173 169 170 172 172 169 168 169 170 173 174 174 175 173 171 169 168 168 169 171 169 168 170 170 170 170 171 172 172 172 173 174 174 175 174 177 177 177 177 175 176 173 172 171 169 166 170 173 176 178 179 172 167 167 168 173 175 177 176 177 177
184 183 184 181 179 178 178 177 176 172 171 171 175 172 172 174 175 175 175 175 175 175 176 179 175 177 177 176 177 176 175 177 176 173 174 175 171 169 169 170 172 172 173 175 176 174 172 170 168 167 166 168 169 168 169 171 170 172 172 172 172 173 173 173 173 172 174 176 176 174 175 177 178 173 170 167 168 169 171 173 176 178 180 177 173 167 169 171 172 176 177 178 177 179
184 184 182 181 176 175 171 169 167 170 175 177 176 175 174 175 175 175 175 174 174 176 179 179 178 177 178 177 177 176 176 177 175 176 177 171 168 172 174 172 175 173 171 173 176 174 172 171 169 170 166 168 169 170 171 171 171 170 171 170 170 174 174 173 175 175 175 175 174 172 172 175 174 179 176 167 169 170 171 175 175 176 179 179 176 176 178 178 178 177 178 179 179 178
184 183 181 179 175 166 170 169 174 177 178 177 177 175 177 176 176 176 174 173 174 177 179 180 180 177 176 179 177 177 178 176 178 177 172 170 170 173 175 175 174 175 173 174 177 175 174 172 170 169 170 170 171 171 170 170 169 169 171 173 171 171 173 173 175 176 175 175 173 171 171 170 171 173 179 177 174 173 175 176 175 178 180 179 178 178 179 179 179 178 178 180 179 179
184 182 180 179 175 174 176 176 179 179 176 176 178 179 175 173 174 174 174 177 175 177 180 180 180 177 177 179 179 179 179 176 173 172 172 173 174 176 173 177 176 177 175 176 176 176 175 172 171 172 173 173 172 170 168 165 164 167 168 168 167 168 171 173 174 176 176 173 167 167 168 170 173 177 180 180 178 177 177 178 179 180 180 180 179 179 179 179 179 178 179 179 180 180
182 182 182 180 180 179 181 184 176 176 179 181 181 179 176 177 176 177 177 178 177 178 180 181 180 179 180 182 178 176 176 175 174 174 175 175 176 177 175 178 178 178 178 178 175 174 174 171 172 174 175 173 171 169 166 164 159 165 168 169 168 166 170 171 174 176 174 173 174 176 178 178 179 179 181 180 179 179 178 179 179 179 181 179 179 179 179 179 179 181 181 181 180 178
182 180 182 184 185 185 185 185 184 180 180 182 180 179 178 179 181 180 180 180 181 181 180 181 183 180 176 178 175 174 172 168 170 175 175 176 177 179 179 179 178 176 175 174 172 172 173 170 172 173 172 171 168 166 163 158 157 164 167 171 169 167 170 170 174 174 177 176 177 177 177 178 179 179 181 181 179 178 179 179 179 179 181 180 179 179 179 179 180 180 179 179 178 178
183 183 183 181 183 186 185 183 182 184 183 180 178 177 180 182 181 182 181 180 180 180 178 183 179 177 177 176 175 175 173 172 169 174 176 177 179 177 179 176 174 172 172 168 170 171 170 169 173 174 175 171 172 168 164 157 161 165 168 173 172 169 173 175 176 175 179 178 177 178 178 178 179 181 182 181 181 180 178 179 179 178 180 181 179 179 179 180 180 180 179 179 178 177
182 183 185 184 185 187 186 184 186 183 180 178 177 181 182 183 181 180 176 175 176 178 181 184 178 178 175 175 177 177 174 170 172 174 175 177 178 180 176 174 173 173 170 171 172 173 171 168 171 173 178 174 171 166 164 162 162 166 171 173 175 174 176 177 178 178 180 178 177 176 176 177 179 180 182 182 180 180 177 179 178 179 180 181 180 180 180 181 181 180 180 179 178 177
186 187 187 187 187 187 187 187 184 182 182 182 184 183 182 179 176 178 176 174 176 176 180 185 180 179 178 178 179 178 176 173 173 173 175 174 177 179 176 174 172 171 172 172 172 174 172 172 173 176 178 175 171 171 167 162 165 171 175 175 178 178 178 179 179 180 179 177 176 176 177 177 178 180 179 182 181 180 178 179 179 180 180 181 180 180 181 182 181 180 179 178 178 177
186 187 187 187 187 187 187 186 185 183 183 185 186 180 179 178 180 179 176 176 178 181 181 184 180 181 181 180 180 176 175 174 175 177 174 173 175 181 177 179 176 170 171 174 173 174 175 173 176 176 179 176 175 174 170 165 171 174 177 178 179 179 178 180 178 175 175 175 176 176 177 178 178 180 181 182 180 179 180 180 180 181 181 181 181 181 182 182 181 180 179 178 178 177
187 187 185 185 186 187 186 185 184 185 185 184 182 182 183 181 179 177 175 177 178 180 180 185 180 183 182 180 178 176 174 175 176 180 178 178 178 178 181 177 172 172 173 175 176 177 175 174 177 179 180 177 178 177 175 175 176 178 179 179 178 180 179 179 178 177 177 177 178 178 178 179 179 180 181 183 181 181 181 182 181 181 181 181 182 182 181 181 181 180 180 179 179 179
182 184 181 183 186 187 187 187 186 186 187 185 186 183 184 187 184 181 183 180 179 181 184 183 184 183 181 179 176 176 179 179 179 181 182 180 181 184 180 175 173 175 175 175 176 178 178 178 178 180 181 179 179 179 178 177 178 180 179 178 178 180 181 178 177 178 180 180 181 181 181 182 182 182 183 183 182 182 182 182 182 182 182 182 182 181 181 181 180 179 178 177 177 177
179 179 183 186 185 185 185 187 187 187 187 186 187 187 187 187 187 187 187 186 184 187 187 187 184 183 182 179 177 180 182 182 183 182 182 180 183 183 179 179 179 178 177 176 178 181 181 181 177 177 181 181 179 179 179 179 179 180 180 180 180 181 182 179 180 181 181 181 182 183 183 183 183 183 183 183 183 183 180 177 177 176 179 180 180 180 181 181 180 180 179 178 178 178
180 179 180 183 185 185 184 181 184 185 187 187 187 187 185 186 187 187 187 187 187 187 184 185 182 180 178 179 178 179 181 182 182 180 178 177 181 184 184 184 182 180 180 180 180 182 182 182 180 180 180 181 181 181 180 180 181 182 181 181 181 181 181 182 182 182 183 183 183 183 183 183 183 184 184 183 183 183 181 175 173 176 178 177 177 177 181 181 181 180 179 179 179 178
181 180 180 180 184 185 183 180 181 182 186 187 186 184 184 183 184 185 183 184 187 186 183 181 179 179 177 176 178 177 179 180 180 181 180 181 181 185 183 182 183 181 180 182 181 181 183 183 182 183 183 182 182 182 181 181 182 181 181 181 181 180 181 181 182 182 183 183 183 183 184 184 184 184 184 184 184 183 183 181 180 181 181 180 177 181 182 181 181 181 181 180 180 179
180 179 179 181 180 181 181 183 183 185 187 185 184 180 179 178 182 183 184 184 184 187 187 184 182 180 177 177 177 177 177 179 181 179 181 182 184 184 184 185 184 185 184 182 183 183 184 183 182 184 183 182 182 181 182 182 181 182 181 181 180 181 181 181 182 183 183 183 183 184 184 184 184 184 184 184 184 184 184 183 181 183 182 182 182 182 182 182 182 181 181 181 181 180
180 181 179 178 180 180 181 183 184 185 186 184 181 178 176 181 182 183 183 184 184 186 187 186 184 182 181 178 177 179 179 179 179 180 180 182 184 184 186 186 186 186 186 185 183 184 184 184 182 183 183 184 183 182 182 182 182 182 182 182 181 181 182 182 183 183 183 183 184 184 184 184 184 184 184 184 184 184 184 184 183 183 183 183 183 183 182 182 182 182 182 181 181 181
182 181 180 179 180 180 181 184 183 184 186 183 180 177 181 182 183 182 183 184 184 184 187 188 185 183 180 179 180 179 180 179 180 178 182 183 184 185 186 186 186 186 186 186 186 185 185 185 184 184 184 183 184 183 182 182 182 183 183 183 182 183 182 182 183 184 184 184 184 184 184 184 184 184 184 184 184 184 184 183 183 183 183 183 183 183 183 182 182 182 182 181 181 181
180 178 177 178 178 180 182 184 185 183 183 178 179 180 181 181 182 182 183 184 184 184 184 185 186 184 182 181 182 181 181 180 178 180 182 184 185 186 186 186 186 187 187 187 186 186 185 184 184 184 183 184 184 185 185 183 183 182 182 184 184 184 184 184 184 184 184 184 184 184 184 184 184 184 184 184 184 184 184 183 183 183 183 183 183 183 183 183 183 182 182 182 181 181
180 180 179 178 178 180 184 184 182 180 178 180 181 181 181 182 182 183 183 184 184 185 185 187 188 186 184 184 181 176 177 180 181 182 184 184 185 186 186 186 187 187 187 186 186 186 186 185 184 183 184 184 183 183 183 184 184 184 184 184 184 184 184 184 184 184 184 184 184 184 184 184 184 184 184 184 184 184 184 183 183 183 183 183 183 183 183 183 183 182 182 182 182 181
180 178 178 178 178 179 183 184 183 183 182 181 181 181 182 182 182 184 184 185 184 184 186 186 186 187 187 184 183 182 180 174 178 181 184 186 186 187 187 187 187 187 187 186 186 185 185 186 185 184 184 184 183 184 183 184 183 183 182 184 183 183 183 183 183 184 183 183 183 183 183 184 184 184 184 184 184 184 183 183 183 183 183 183 183 183 183 183 183 183 182 182 182 182
179 178 177 177 179 180 183 184 183 184 184 182 181 182 183 183 182 182 183 184 185 187 187 186 187 187 187 186 183 185 185 186 185 185 186 186 187 186 186 187 186 186 186 186 185 185 185 187 185 185 183 183 183 183 183 183 183 183 182 182 182 183 183 183 183 183 183 183 183 183 183 183 183 183 183 183 183 183 183 183 183 183 183 183 183 183 183 183 183 183 182 182 182 182
180 178 176 175 178 181 182 181 182 183 183 183 183 182 182 182 182 183 183 183 186 185 187 186 187 186 187 188 188 188 187 187 187 187 187 187 187 186 184 185 186 184 184 185 185 184 184 185 184 185 185 182 183 183 183 183 183 182 183 181 183 182 183 182 182 182 182 182 183 182 182 182 183 182 182 183 183 183 183 183 183 183 183 183 183 183 183 183 183 183 182 182 182 182
180 178 178 178 176 181 181 181 182 182 182 182 183 182 182 184 184 183 184 184 184 186 185 186 185 184 183 183 185 186 186 187 187 187 187 186 187 187 185 185 184 185 184 184 184 184 183 183 185 185 186 184 181 182 182 182 182 181 182 182 182 182 182 182 182 182 182 183 182 181 182 182 182 181 181 182 182 182 182 182 183 182 182 182 183 183 183 183 183 183 183 183 183 182
181 179 179 179 180 180 181 182 182 182 183 182 182 183 182 182 181 181 182 184 185 186 186 185 182 178 174 176 179 176 184 186 187 186 186 185 184 187 186 186 183 183 183 183 183 183 183 182 182 182 185 184 182 182 181 181 181 180 181 182 181 182 182 182 183 183 182 183 182 180 181 180 181 180 181 181 181 181 181 182 182 182 182 182 182 182 182 182 182 182 182 182 182 182
180 181 181 181 180 182 182 182 182 182 181 182 182 183 182 182 182 182 183 184 185 186 185 179 174 172 170 172 176 179 183 186 186 186 185 185 183 184 186 185 183 182 182 183 183 182 182 182 182 183 184 184 184 183 182 180 180 180 181 181 181 182 182 182 182 182 182 182 181 181 181 180 180 180 180 181 180 180 182 181 181 181 181 182 181 182 182 182 182 182 182 182 182 182
183 184 180 181 180 179 182 182 182 182 182 182 183 182 181 181 182 183 185 185 187 186 184 180 174 170 168 172 178 181 185 186 187 186 186 185 184 183 184 186 184 181 182 182 182 181 181 182 182 184 183 183 183 184 183 181 179 179 180 180 181 181 181 182 181 181 181 182 181 181 181 180 179 180 180 180 181 180 181 183 181 182 182 181 181 181 182 182 182 182 182 182 182 182
185 184 182 181 182 183 182 182 182 182 182 182 182 180 182 182 182 184 185 184 186 185 182 179 174 170 169 168 175 174 182 184 186 181 182 183 185 185 184 185 185 183 180 181 181 181 180 181 182 183 181 181 181 184 183 181 180 179 179 179 179 180 180 181 181 181 181 182 181 181 181 180 180 179 179 180 179 180 180 182 181 180 181 181 181 182 182 182 182 182 181 181 181 181
184 182 178 182 183 183 183 182 182 181 182 182 182 181 181 181 184 185 184 184 185 184 182 177 172 166 166 166 168 173 180 178 174 175 175 179 184 184 183 184 184 183 181 179 180 180 180 180 181 182 180 180 180 182 184 183 182 182 180 179 178 178 179 180 180 180 180 180 181 181 181 181 180 179 178 178 178 179 180 183 181 179 179 180 180 180 181 182 182 182 182 182 181 182
183 177 182 183 183 182 182 182 182 182 182 180 180 180 180 180 182 184 184 185 184 183 180 176 171 166 164 164 167 172 177 174 171 169 172 175 179 180 181 183 185 186 182 178 178 178 179 179 181 182 180 179 180 180 183 182 180 179 181 181 178 178 178 179 179 180 179 180 181 181 181 181 180 180 179 178 177 179 180 181 181 178 177 178 178 180 181 182 182 182 181 181 181 181
181 179 180 183 184 183 183 182 182 182 181 181 180 180 179 179 181 181 184 183 183 179 175 172 168 168 164 162 167 169 173 168 168 170 169 170 173 178 179 181 182 184 184 179 177 178 178 179 183 179 180 179 180 181 181 183 181 182 179 179 180 180 180 179 179 181 181 179 181 180 180 181 180 181 180 180 179 180 179 180 182 181 180 178 178 180 181 181 181 181 181 181 181 180
183 183 182 184 182 183 182 182 182 181 181 181 179 179 179 180 181 181 184 181 179 175 171 172 171 170 166 162 165 166 169 168 170 171 171 173 177 178 178 179 182 184 185 184 180 178 179 180 183 180 179 179 178 179 182 182 180 179 179 180 180 180 179 179 179 179 180 180 181 182 182 182 182 181 180 180 180 180 181 181 181 181 181 180 180 181 180 180 181 181 180 181 180 180
183 185 182 184 182 182 183 183 183 182 181 181 180 181 180 179 180 183 181 175 174 172 171 170 166 165 165 164 163 166 166 169 168 167 172 173 174 174 177 177 179 182 185 182 179 177 177 180 182 178 177 178 178 179 182 183 179 179 179 179 179 179 179 178 179 180 180 180 180 181 181 181 181 181 181 181 181 181 182 182 181 182 181 181 180 180 180 179 180 180 179 180 180 180
182 184 184 183 182 182 183 183 183 183 183 182 181 180 179 175 172 178 181 175 171 169 170 168 167 167 164 164 164 165 168 169 167 170 170 168 167 171 174 176 181 184 181 178 177 179 180 182 182 180 176 177 177 179 181 184 181 178 178 178 178 178 178 179 179 179 179 179 180 180 181 181 181 181 181 181 181 182 182 182 181 182 183 182 182 182 181 181 181 180 180 179 179 179
183 182 183 183 182 183 183 183 183 183 181 182 181 179 172 170 174 181 181 175 168 168 169 169 167 168 166 166 166 166 167 169 169 169 168 169 170 175 177 179 182 183 178 177 178 181 181 181 182 181 179 176 176 177 178 182 183 178 178 178 178 178 177 178 177 178 178 179 180 180 180 181 181 181 181 181 181 180 181 180 182 182 182 182 182 182 181 181 181 181 181 181 180 180
181 182 183 183 183 183 183 183 183 182 181 181 178 172 167 169 170 180 180 176 169 164 166 168 168 168 167 167 168 168 169 170 171 171 172 170 172 173 176 178 180 184 179 176 176 178 180 182 183 182 180 177 176 176 178 181 183 182 180 179 178 178 178 177 177 178 179 178 179 179 180 180 180 180 180 180 179 180 180 181 181 181 182 182 182 182 181 182 181 180 180 180 179 179
182 183 183 183 183 182 183 183 182 182 181 181 178 174 169 172 177 180 178 175 167 163 162 165 165 164 166 167 168 167 169 169 172 172 173 175 176 175 175 177 178 177 177 176 176 177 178 179 181 183 181 179 176 176 177 179 182 182 179 177 178 176 177 177 177 176 178 178 179 179 179 179 179 178 178 179 178 178 179 180 181 181 181 182 181 182 181 181 181 180 179 178 177 176
183 183 182 181 181 181 181 183 183 183 183 181 180 179 178 178 179 178 176 172 167 164 162 163 166 165 167 165 167 169 170 170 170 170 172 175 177 178 178 179 178 177 176 176 176 176 176 178 181 182 182 180 178 176 176 179 182 183 178 178 177 175 177 176 175 176 178 178 178 178 178 178 178 179 178 178 178 178 179 179 180 179 180 180 180 180 181 180 181 181 177 175 174 172
184 183 184 183 183 183 183 184 184 183 182 182 181 181 177 177 177 178 176 172 171 164 165 165 167 168 169 169 167 169 168 170 170 170 172 177 178 178 179 179 179 178 178 177 177 177 177 179 180 182 182 181 177 175 175 178 182 182 179 177 175 176 176 176 175 176 177 177 177 177 177 176 176 174 175 175 174 175 175 177 177 178 178 177 177 178 179 180 181 181 181 179 173 173
185 185 183 182 184 185 185 185 184 183 183 183 182 178 174 172 175 174 174 175 171 170 166 165 167 166 169 169 171 169 166 171 171 171 175 178 179 180 179 178 179 179 178 179 179 181 181 179 182 183 182 179 177 177 176 179 181 181 179 176 176 175 175 176 175 175 175 175 175 174 174 175 175 175 175 175 175 175 176 176 178 176 176 176 177 178 179 180 181 182 182 181 181 180
