sesion_6_simulaciones/modelos_distribucion_especies/ejemplo/variables/futuro_B2/2030/TMXI.asc
ncols 708
nrows 329
xllcorner -7.525000
yllcorner 35.991667
cellsize 0.008333
NODATA_value -9999
[rows 126 to 167 of 329, columns 285 to 379 of 708]
149 149 148 149 151 149 149 148 149 149 149 148 147 148 148 148 149 149 149 149 150 149 149 149 148 148 148 148 149 147 147 148 145 145 147 145 144 144 143 141 143 141 144 145 140 141 146 146 146 145 144 144 146 145 145 145 148 148 147 148 150 151 148 148 146 146 149 146 139 140 137 142 141 144 135 144 142 143 142 141 146 142 144 143 145 146 146 146 147 144 144 145 144 145 144
149 148 149 149 148 149 149 150 149 149 149 149 148 148 148 148 148 148 148 148 149 149 148 148 147 147 147 145 149 146 147 146 144 144 146 146 147 146 143 144 143 142 143 144 142 146 146 146 145 142 141 140 143 140 148 147 146 143 148 150 147 149 147 147 148 148 147 144 147 146 142 143 142 138 140 140 141 138 140 140 139 141 141 142 143 143 145 144 145 146 145 146 146 145 146
149 149 148 151 151 149 149 149 149 149 149 149 148 148 148 148 148 148 148 148 148 148 149 148 147 147 147 147 147 147 146 148 145 144 147 146 143 144 146 145 144 144 143 143 146 143 147 146 144 140 141 140 140 142 142 146 144 147 144 146 148 149 149 149 148 146 143 145 144 145 145 144 143 142 141 143 141 141 140 140 135 138 133 140 141 140 141 141 143 143 144 143 146 144 143
149 150 152 149 147 152 149 149 148 149 148 148 149 148 148 148 148 148 148 147 147 148 148 149 147 146 147 146 146 146 146 145 144 142 143 142 147 144 141 142 145 147 147 145 149 148 146 147 146 145 142 139 141 138 140 143 142 140 146 148 149 149 147 147 148 147 145 147 145 146 143 143 140 139 140 138 138 133 134 135 135 135 132 139 138 138 140 142 140 142 143 142 144 146 140
153 152 151 151 147 149 150 149 148 148 148 148 148 148 148 148 148 148 148 148 148 148 147 148 148 147 147 147 145 145 144 145 145 143 142 142 142 142 142 143 143 149 145 146 147 145 146 144 146 145 142 140 139 141 143 145 144 148 147 145 143 150 147 148 147 147 147 146 146 143 143 143 143 142 138 138 138 138 136 138 133 135 135 130 131 140 139 140 142 144 143 143 142 140 139
153 152 152 150 151 152 151 149 149 149 148 147 148 148 148 148 148 147 148 148 148 147 147 147 147 148 146 146 146 145 143 144 142 142 142 141 142 146 142 143 142 145 147 147 148 148 147 147 145 144 141 139 140 140 138 137 138 148 147 145 150 146 147 149 148 146 142 144 140 140 142 142 142 141 141 140 139 137 133 140 138 131 135 131 135 140 140 142 135 137 142 142 142 142 142
153 153 153 153 154 150 152 149 146 148 149 148 148 147 148 148 148 148 147 147 147 147 147 147 147 147 147 147 146 144 146 144 143 143 144 146 145 149 147 147 145 146 147 147 149 149 147 146 141 145 145 139 139 140 137 142 146 145 143 144 146 146 147 147 147 146 147 145 146 147 142 142 140 141 141 141 140 139 138 136 136 135 136 132 129 137 139 135 135 139 138 140 139 137 141
153 153 152 153 152 151 150 151 147 151 151 152 149 148 148 147 148 147 147 147 147 147 147 146 145 147 146 147 146 145 145 146 144 145 146 145 145 148 148 146 146 146 146 148 149 145 147 147 143 146 140 143 139 138 140 143 145 135 140 144 148 147 147 145 145 146 145 145 145 146 145 138 144 143 142 140 140 139 137 135 136 133 130 131 132 140 135 142 140 139 139 138 135 136 134
150 150 153 152 152 152 151 152 151 151 147 148 148 148 148 148 148 147 147 147 147 147 147 145 146 144 145 146 146 149 146 148 148 145 144 147 148 148 149 147 143 149 149 149 146 144 148 143 142 142 142 141 141 142 141 141 140 139 141 142 145 146 144 145 144 144 141 145 143 143 142 143 142 142 140 143 141 139 137 135 130 129 130 134 135 130 138 140 140 132 127 132 127 126 127
149 148 151 152 153 153 152 153 150 152 150 151 151 147 148 148 148 148 147 147 147 146 145 145 146 147 146 146 147 147 147 145 147 147 149 147 149 149 149 150 149 150 152 149 150 149 148 144 140 142 145 144 140 146 146 141 143 140 140 143 146 139 144 144 141 141 143 142 141 142 142 141 140 142 141 137 139 131 138 138 134 136 135 134 135 137 139 140 140 134 135 135 134 131 124
153 151 151 152 152 153 152 152 152 151 149 151 148 149 148 148 148 148 147 146 146 146 147 146 144 148 150 148 148 148 149 149 147 151 146 149 150 146 151 149 150 149 147 149 150 145 144 144 142 140 144 147 147 146 147 137 141 139 141 141 143 144 142 142 142 139 140 139 142 139 142 140 140 139 140 137 134 134 135 139 136 129 124 124 134 137 139 133 140 135 136 136 136 136 131
146 147 146 153 147 152 153 153 152 152 151 151 151 146 149 147 147 148 148 147 147 145 146 146 148 149 143 147 148 149 150 150 151 150 150 149 148 151 149 150 146 148 149 149 149 150 147 146 149 146 150 145 147 143 147 142 139 142 141 137 138 139 141 141 141 137 134 137 139 134 136 136 134 133 131 129 124 129 130 128 132 137 133 132 126 134 130 141 134 129 138 133 133 131 126
148 148 151 143 149 148 153 153 153 152 151 147 151 147 148 149 148 147 146 145 146 146 144 144 149 148 149 151 150 150 148 151 150 150 150 150 149 150 150 149 151 151 152 147 149 147 144 145 149 148 149 148 148 150 143 150 147 141 143 141 141 143 139 141 139 142 137 138 138 133 135 131 125 128 133 126 129 121 122 129 129 134 135 138 128 129 132 128 126 131 133 137 136 135 130
148 148 148 148 146 147 146 152 153 152 148 151 149 150 147 147 147 148 147 148 147 147 145 148 148 150 149 148 151 149 151 151 150 151 150 147 147 143 149 148 149 149 149 148 149 149 144 145 143 150 150 147 145 141 149 148 148 142 144 141 142 140 144 145 142 139 139 137 134 136 131 128 134 125 125 122 124 115 119 121 120 128 122 134 129 133 131 124 124 127 134 133 133 130 120
148 148 148 148 149 148 151 150 153 152 151 149 146 149 149 149 152 146 150 148 148 149 146 147 149 151 150 149 151 151 151 151 151 151 150 149 143 148 147 151 147 147 146 148 149 149 150 151 149 149 149 148 147 146 150 147 144 144 141 141 141 143 140 146 145 141 138 139 138 138 131 139 129 135 131 128 127 126 127 124 122 129 128 119 126 123 127 127 130 137 135 131 135 130 130
148 148 148 148 148 150 147 152 153 153 151 150 149 148 150 151 151 150 149 148 150 150 152 150 149 150 150 150 151 151 151 150 150 149 150 148 150 143 145 149 146 143 143 147 149 148 149 148 145 149 146 147 148 144 148 146 146 144 143 143 145 142 143 145 144 145 140 141 138 138 138 136 136 129 132 131 132 118 125 123 129 131 133 131 126 125 116 114 129 128 130 128 130 138 128
148 148 148 148 149 150 152 152 153 153 150 149 150 148 148 150 150 150 150 151 151 150 150 148 150 149 151 154 152 152 151 150 150 150 148 150 146 151 146 149 149 146 147 148 146 148 142 144 142 146 148 143 138 141 144 143 145 144 145 144 146 143 145 145 141 144 143 137 137 135 130 129 136 136 139 125 127 126 126 129 131 130 134 131 134 130 129 130 131 127 130 127 125 125 125
148 148 148 149 148 149 154 151 153 153 150 148 147 148 152 151 151 151 150 148 150 151 151 150 150 147 151 151 149 150 151 150 150 151 150 149 148 148 148 149 144 146 143 143 144 142 147 143 138 145 145 148 143 142 141 141 145 144 144 145 147 145 145 149 144 144 142 141 138 140 134 139 137 137 130 133 129 134 129 129 129 132 129 133 132 130 132 131 130 130 127 125 120 108 103
148 148 148 148 147 145 150 151 152 153 154 148 150 150 152 152 151 150 151 151 151 151 151 151 152 151 149 148 148 149 149 148 152 150 150 151 149 149 148 148 147 145 143 142 142 145 140 142 146 143 146 146 146 149 147 144 144 146 145 145 142 142 142 142 144 147 142 143 142 140 138 141 136 133 136 134 134 129 133 132 128 133 135 133 134 133 131 133 130 125 123 114 103 107 106
147 147 147 148 148 148 149 150 152 153 152 151 153 152 152 152 152 152 152 152 152 152 152 153 152 152 151 150 149 148 147 150 151 150 151 151 145 148 147 149 147 146 147 145 147 145 146 144 147 143 147 149 147 146 148 149 147 145 138 140 142 142 140 141 141 140 144 141 143 140 140 138 139 138 134 137 135 137 137 136 135 136 135 136 133 135 128 132 125 124 112 90 96 105 107
147 147 147 148 148 148 148 150 150 152 153 156 153 152 152 151 145 152 148 151 150 151 145 143 147 150 152 153 153 151 150 151 152 152 151 150 148 148 150 149 150 149 145 145 144 144 144 147 147 147 148 144 146 144 142 144 143 141 142 141 140 136 137 139 141 142 145 143 145 140 140 138 134 138 137 135 136 139 135 136 136 137 138 136 136 129 125 127 127 127 123 115 111 109 109
146 148 149 151 151 150 149 152 152 151 152 151 151 151 151 151 147 150 149 145 149 149 149 149 150 151 152 148 147 150 147 151 149 149 150 150 150 150 147 147 149 148 147 147 145 148 149 148 148 147 146 145 144 137 140 143 141 139 142 142 138 140 139 142 143 144 142 141 141 141 141 139 138 138 138 140 139 141 140 138 138 137 138 137 134 127 130 127 134 126 122 104 102 108 100
145 147 151 151 151 151 151 152 151 151 150 152 151 152 150 150 150 150 147 150 152 151 151 151 151 150 151 151 151 151 149 149 150 150 147 150 150 149 147 145 146 147 146 148 149 148 146 145 143 147 145 145 144 142 143 142 143 141 140 138 135 137 140 141 143 143 144 143 142 142 141 141 141 140 141 140 140 138 143 137 137 138 135 135 130 129 132 129 125 125 118 116 107 108 107
148 148 144 150 151 152 152 152 150 151 151 151 152 150 152 152 151 150 151 150 151 151 151 151 149 148 149 151 151 151 152 150 150 149 147 144 150 148 150 146 148 147 149 149 148 145 142 145 146 145 143 144 143 144 143 147 142 139 139 136 137 141 141 144 140 139 143 143 142 142 143 142 141 142 132 140 130 136 139 138 137 138 136 134 129 134 124 129 122 116 109 109 95 108 107
146 148 147 150 149 150 152 150 150 151 152 152 150 151 152 151 152 152 152 152 151 151 149 149 148 148 152 153 152 151 151 149 149 146 149 148 147 148 149 148 150 150 149 148 147 147 144 143 144 141 140 144 143 142 143 142 141 138 139 140 139 141 142 142 141 141 144 144 143 142 142 142 142 141 142 140 139 142 141 139 140 138 134 135 138 136 134 124 116 122 119 116 112 112 109
145 144 146 148 149 151 149 150 148 150 151 151 151 150 151 148 151 151 150 151 150 150 151 146 143 146 149 151 150 151 151 150 149 150 149 151 148 147 149 147 147 143 147 148 149 149 147 149 147 145 144 143 142 140 141 141 140 141 141 139 141 142 142 141 141 142 142 139 142 143 139 142 143 142 143 141 141 143 141 142 140 141 139 143 138 137 135 130 130 129 126 125 120 119 117
148 147 143 150 148 150 149 141 146 146 150 151 151 150 150 150 152 151 147 150 151 150 150 152 146 147 151 151 153 150 152 153 150 148 152 150 149 148 144 145 146 146 145 143 142 147 145 142 141 142 141 141 142 142 141 141 141 141 139 141 141 141 142 141 141 140 141 141 138 141 141 141 140 137 141 140 139 138 134 138 136 138 136 139 135 137 134 125 129 120 128 128 124 118 118
144 147 144 147 144 149 147 141 146 145 148 150 151 150 150 150 152 149 151 151 149 147 149 150 150 151 152 151 148 151 150 151 149 151 147 148 147 146 146 147 146 146 146 145 145 145 146 145 145 144 143 141 141 141 142 142 142 142 141 141 141 139 139 139 139 139 139 139 140 139 138 139 139 140 137 137 136 136 137 136 138 134 136 135 135 135 134 130 122 122 118 113 115 112 109
148 145 149 148 149 148 150 150 147 150 150 149 150 151 150 150 149 151 152 151 150 150 150 149 148 148 149 149 147 148 149 151 148 150 150 149 148 148 149 148 148 146 147 145 146 146 145 146 145 144 143 144 141 142 142 142 141 141 141 140 140 137 139 138 137 138 139 137 135 134 135 138 139 139 137 134 133 129 129 135 135 135 134 130 136 135 132 129 132 129 123 120 115 116 109
148 150 150 149 148 146 149 149 150 150 150 150 149 151 150 150 150 147 150 148 150 150 150 151 150 151 151 150 152 152 152 151 149 149 148 148 150 149 149 149 151 148 146 146 147 146 144 144 143 141 143 143 144 141 142 142 142 142 144 142 142 142 140 137 140 140 140 139 136 138 137 137 137 136 136 132 132 120 125 129 134 131 133 130 132 133 136 126 126 125 123 104 112 121 113
150 149 150 150 150 150 150 150 150 150 150 150 150 150 151 149 150 149 150 150 150 150 150 150 149 146 149 151 153 149 148 152 151 150 149 150 150 150 149 150 150 150 149 147 145 146 147 145 144 143 143 143 143 142 142 142 143 145 143 142 142 141 139 141 140 141 143 141 140 138 139 138 138 139 138 136 123 136 133 135 134 134 134 134 135 129 132 128 127 122 128 119 128 122 124
149 149 150 150 150 150 150 150 150 150 151 151 150 150 150 150 150 149 147 146 148 147 151 150 148 149 145 148 150 150 149 150 151 153 150 152 151 150 151 150 150 148 148 148 147 144 147 143 143 144 145 145 143 140 140 145 144 144 144 144 143 143 143 141 143 144 142 143 138 141 142 142 141 136 135 136 137 138 139 137 136 133 135 132 132 127 131 124 125 118 123 122 130 126 114
149 150 150 150 150 150 150 150 150 149 149 149 149 150 151 151 150 150 149 149 150 148 148 150 149 144 149 146 145 146 144 147 148 151 152 150 144 147 151 150 151 149 150 149 151 152 144 145 146 146 146 146 144 145 144 143 145 145 145 145 144 145 144 145 144 142 139 143 142 139 141 139 138 135 137 139 138 137 135 134 134 135 132 133 133 127 126 132 125 119 123 130 130 125 116
150 150 150 150 150 150 150 144 146 148 149 150 150 149 150 150 150 152 151 148 149 147 149 147 146 147 148 146 150 147 152 148 149 148 146 144 149 150 148 148 145 149 146 149 150 146 147 147 147 147 147 146 145 146 145 143 145 145 145 144 145 146 144 145 143 141 144 140 140 139 141 141 141 139 139 137 132 134 132 130 128 131 127 130 133 131 130 123 128 128 124 132 124 128 125
151 150 150 150 147 150 150 150 149 150 148 150 150 150 149 150 149 150 149 146 149 146 144 142 143 146 144 146 148 150 148 150 149 149 148 146 146 147 145 147 146 148 147 148 150 150 149 149 147 141 139 145 145 144 144 145 145 145 145 147 147 145 142 145 138 141 144 144 142 142 143 137 134 135 135 137 136 135 133 127 131 124 126 125 125 126 127 122 123 129 122 133 132 133 130
150 150 150 150 149 149 151 149 145 148 146 148 149 148 149 149 148 149 150 150 148 148 148 148 148 146 146 149 145 149 146 146 147 148 148 147 142 143 146 145 146 145 146 143 150 148 149 148 147 144 142 140 142 140 140 143 146 146 146 146 143 144 143 143 146 137 141 140 140 138 140 139 138 134 133 133 135 131 130 121 123 118 127 127 126 130 125 125 128 125 132 134 131 125 133
150 150 151 150 151 149 150 146 144 147 149 148 145 148 147 147 149 150 150 150 149 149 149 147 148 145 146 147 149 147 146 146 146 147 145 148 145 144 148 146 144 146 146 145 150 150 145 150 147 145 141 140 137 130 133 145 147 147 148 142 145 144 143 142 145 145 142 144 144 145 143 142 141 138 132 132 136 132 131 128 120 116 124 132 132 129 127 129 132 131 129 125 139 138 137
149 150 150 149 150 150 148 148 144 147 145 145 146 145 149 149 149 149 149 149 149 149 149 147 147 146 145 145 146 147 145 146 145 146 145 146 146 147 148 144 144 146 146 147 147 147 149 150 144 139 145 142 135 146 146 146 148 147 145 145 146 145 142 145 147 147 146 147 144 144 143 141 135 136 132 131 128 127 133 131 128 142 131 131 134 129 133 134 128 132 134 133 136 137 133
150 150 150 150 150 150 148 148 148 149 146 147 146 145 146 148 149 147 148 148 149 149 146 147 145 144 145 146 146 145 145 143 142 147 145 145 146 143 144 145 146 146 146 146 146 148 144 148 148 149 149 143 149 145 148 148 150 141 148 146 146 146 146 145 141 141 134 147 139 139 145 144 142 139 141 130 131 130 133 133 133 131 132 132 134 133 133 133 134 135 139 140 136 135 133
150 150 150 150 150 150 149 150 149 149 148 148 147 148 148 144 148 148 147 148 149 148 148 147 145 145 145 145 145 145 145 144 145 144 144 143 144 144 144 145 145 146 146 146 147 147 147 146 151 148 143 148 148 149 149 148 145 142 144 142 144 145 150 146 145 145 136 145 136 134 144 136 139 138 136 140 137 137 135 135 132 133 131 132 136 133 136 130 137 136 138 123 128 132 127
150 150 150 150 148 148 150 149 147 148 148 145 145 148 144 147 146 147 148 148 147 148 148 146 145 145 145 144 144 144 143 143 143 143 143 144 145 144 143 143 142 142 145 145 143 147 143 144 142 140 154 137 148 148 148 147 147 142 140 145 141 135 139 144 143 144 142 138 138 136 134 142 142 139 142 141 142 137 136 136 137 137 136 136 137 137 133 138 139 138 130 135 133 126 123
150 150 150 150 150 151 150 150 150 149 146 148 148 147 145 145 146 145 146 148 149 147 146 145 146 144 145 144 143 143 141 140 137 139 143 143 143 143 143 143 143 144 145 145 145 146 148 144 143 143 142 144 146 142 137 147 148 143 151 144 144 142 137 139 141 137 140 141 140 144 133 141 142 143 135 139 141 140 140 139 138 138 136 136 138 137 134 140 138 136 139 133 134 128 124
