sesion_6_simulaciones/modelos_distribucion_especies/ejemplo/variables/futuro_B2/2030/TMXV.asc
ncols 708
nrows 329
xllcorner -7.525000
yllcorner 35.991667
cellsize 0.008333
NODATA_value -9999
[rows 41 to 81 of 329, columns 470 to 563 of 708]
-9999 -9999 345 344 345 345 343 345 341 348 348 343 -9999 -9999 -9999 -9999 -9999 -9999 -9999 -9999 339 340 345 344 345 346 351 349 353 354 356 360 360 360 360 358 355 358 357 355 355 360 363 356 359 360 359 358 358 357 357 358 354 357 358 355 353 356 358 354 356 359 356 357 357 357 356 358 357 357 357 359 359 359 359 358 359 359 359 360 359 357 360 359 362 358 362 362 360 359 359 358 355 353
344 351 349 337 344 344 346 348 348 352 352 351 351 348 346 343 346 340 346 346 342 350 350 351 351 356 359 356 360 355 360 356 353 354 354 356 354 359 360 353 360 358 357 361 363 360 357 356 358 358 357 358 357 354 354 356 355 357 357 359 360 360 359 359 359 358 357 357 358 359 359 359 358 359 359 359 358 358 358 359 358 358 357 359 362 361 362 359 359 360 360 359 359 359
350 352 349 346 347 346 351 350 353 356 356 345 355 359 355 352 353 350 352 352 353 344 351 348 349 355 354 349 360 346 354 347 353 354 351 346 356 352 356 360 364 350 363 351 364 360 358 360 358 358 359 355 357 355 356 357 357 359 360 360 360 359 358 359 359 358 358 359 359 360 360 360 360 359 359 356 358 357 356 357 357 357 356 362 363 356 360 359 360 361 361 361 361 361
347 345 350 350 349 352 349 353 357 355 357 354 350 359 355 349 353 353 352 352 349 352 350 352 355 354 354 356 352 357 356 351 354 353 357 359 359 357 355 351 357 357 357 353 356 356 362 358 362 360 352 350 349 359 358 357 358 360 361 360 361 361 360 360 360 360 360 360 360 361 361 361 360 360 359 360 360 350 357 342 357 353 351 355 360 359 361 359 362 362 363 363 363 362
343 346 349 346 351 352 351 350 346 346 354 351 350 358 349 350 353 350 348 354 354 350 349 352 346 350 361 361 361 356 356 357 358 358 358 350 353 358 357 363 356 350 358 357 358 355 355 354 356 360 359 353 350 354 356 357 360 360 360 360 359 360 361 359 360 360 359 361 361 361 360 361 360 359 359 357 355 358 354 357 360 360 360 358 359 361 360 362 363 364 364 364 363 363
347 345 338 352 352 350 351 351 351 351 350 349 353 357 357 356 357 356 356 354 348 350 352 356 355 358 354 358 360 360 359 355 356 358 351 358 354 357 363 357 356 357 358 356 353 353 356 358 357 355 357 357 353 355 354 360 361 358 361 362 362 362 361 361 362 358 361 361 361 362 362 361 356 354 358 357 355 357 362 361 366 363 364 364 365 365 365 365 365 365 363 362 362 361
349 350 353 353 353 352 351 352 352 353 352 353 352 358 345 352 356 357 357 355 358 360 359 362 352 359 359 357 359 362 361 363 363 364 364 363 353 355 356 354 357 353 351 361 350 355 358 357 359 359 359 358 358 357 356 361 362 362 362 362 361 361 359 359 360 361 361 361 362 362 359 359 360 357 363 362 362 365 364 355 366 365 366 366 366 366 367 364 364 363 360 351 353 351
351 354 354 354 351 350 352 353 353 352 353 354 357 356 353 359 361 351 348 360 363 363 359 353 356 357 359 357 361 362 361 360 356 356 356 365 363 359 358 354 363 356 350 355 355 354 353 356 355 358 358 356 357 356 360 361 362 362 362 362 361 361 361 361 360 359 352 361 362 361 361 362 361 362 362 365 366 366 365 365 365 367 367 367 367 366 365 363 363 358 343 347 347 347
350 353 354 350 352 352 352 354 353 350 351 353 355 357 360 360 361 361 360 362 352 356 354 355 357 360 362 362 363 361 360 361 361 360 359 355 361 360 357 359 360 361 360 360 354 359 358 357 357 357 353 348 356 360 361 355 360 363 363 362 361 361 360 360 356 348 346 353 361 362 363 365 365 364 366 367 368 366 367 367 368 368 367 366 366 365 364 359 353 348 348 345 349 347
348 352 349 352 352 352 351 353 353 353 354 356 356 359 361 362 362 361 361 357 360 360 359 361 362 363 364 361 362 362 361 362 362 362 353 361 358 362 357 360 360 360 360 359 360 360 359 359 360 358 357 358 360 362 359 361 362 362 362 362 362 359 350 348 351 352 351 349 352 362 364 364 363 366 367 366 368 367 368 368 368 367 366 366 365 364 361 355 353 352 352 353 344 346
351 347 353 354 354 358 355 354 353 355 355 358 358 359 361 360 361 360 356 362 358 360 358 362 362 360 360 361 363 362 363 363 361 360 362 365 366 360 354 352 361 355 355 359 360 359 360 358 359 359 360 361 362 362 363 362 362 362 361 361 359 350 351 354 355 353 356 361 362 363 364 366 367 366 367 368 368 368 369 369 368 367 366 365 364 363 362 360 358 351 348 337 351 347
357 355 355 356 357 357 356 358 356 357 354 352 350 360 362 362 360 358 358 360 359 360 361 361 360 358 362 363 364 363 364 363 363 361 360 362 363 360 358 359 358 360 359 360 359 360 360 359 359 361 362 362 362 361 362 362 362 362 361 361 355 349 352 355 360 363 360 364 362 364 365 365 367 366 366 367 368 370 370 369 368 367 366 364 363 359 352 355 350 349 345 347 349 344
356 355 356 357 356 357 357 358 356 361 359 359 361 362 361 360 362 358 359 359 360 362 359 361 357 361 363 364 363 364 364 363 362 361 361 363 357 357 360 360 360 360 360 361 359 359 362 360 361 361 363 362 362 362 362 362 362 362 362 361 356 352 352 354 362 363 363 364 365 365 364 366 368 367 368 368 369 368 369 368 369 367 365 357 356 354 349 348 346 347 341 342 348 349
357 357 357 358 357 359 360 359 359 359 361 361 361 361 362 360 359 358 359 360 361 359 363 362 363 365 361 364 364 364 364 361 360 359 360 363 365 362 359 360 361 360 361 359 361 359 360 358 360 362 362 362 362 362 363 363 363 362 362 361 360 352 357 361 363 364 364 365 367 367 367 369 369 369 369 370 371 371 366 369 369 366 355 359 358 353 348 346 344 346 347 350 349 354
357 358 359 359 360 360 359 359 360 360 363 363 361 361 361 360 359 360 360 361 361 359 362 363 363 365 363 363 364 362 361 362 361 362 360 363 361 360 361 360 359 358 358 359 360 362 361 361 362 362 362 363 363 363 363 363 363 362 362 361 361 360 356 361 364 366 367 368 368 369 369 369 370 370 370 371 370 369 369 369 369 369 366 364 360 354 353 352 350 350 351 352 354 352
358 359 361 361 359 359 360 361 360 363 361 360 358 360 361 359 360 358 361 360 361 363 363 364 366 365 362 364 363 362 362 365 363 367 357 358 360 362 360 359 359 357 356 357 361 362 361 361 361 362 362 362 362 359 361 359 361 362 361 357 356 356 355 363 366 367 368 368 365 362 369 370 371 371 371 371 370 371 371 367 369 371 369 369 366 363 363 355 354 359 358 354 357 354
361 361 361 360 360 360 360 359 358 359 357 359 359 360 361 362 361 359 361 361 364 364 364 365 357 364 363 364 365 365 364 362 367 365 356 357 360 359 358 359 359 361 361 361 362 362 360 356 360 361 362 360 350 354 357 357 359 359 360 358 358 360 358 359 358 357 366 365 355 360 365 369 371 372 372 371 369 370 360 361 362 368 363 365 367 373 369 365 364 366 362 359 357 351
362 360 359 359 359 359 359 363 361 361 361 358 361 361 361 361 360 363 362 364 364 364 362 364 366 358 363 363 363 365 362 365 364 367 367 367 355 353 359 359 353 361 360 361 362 361 355 354 352 346 355 357 357 358 359 360 360 360 359 359 359 360 361 360 360 361 363 361 362 362 362 371 372 371 368 369 369 356 364 362 364 362 362 365 358 364 362 369 361 357 358 358 358 350
361 361 359 359 360 359 361 361 359 360 360 361 362 361 362 363 362 364 366 367 367 366 365 363 367 360 362 362 363 360 362 361 357 355 363 359 353 359 357 357 359 361 361 361 362 361 354 350 355 358 358 358 357 358 360 359 360 360 359 360 361 362 361 361 362 362 363 364 363 363 363 371 371 370 369 368 366 364 364 361 358 359 358 362 357 355 353 360 360 358 355 358 356 359
361 359 360 359 358 362 361 361 359 359 361 361 362 362 363 363 366 366 367 366 367 366 365 365 365 364 364 364 362 363 363 363 360 358 356 360 357 356 358 360 360 361 361 361 362 360 359 351 354 353 358 358 358 359 360 359 359 361 360 360 361 364 363 362 364 364 364 365 364 364 369 371 370 368 364 365 365 364 364 360 357 353 352 354 355 356 358 356 361 350 356 348 332 353
362 361 361 360 360 359 361 356 356 361 361 362 362 361 355 355 364 367 366 367 367 366 366 365 365 365 364 364 362 362 363 359 359 353 353 358 357 358 360 361 361 361 361 359 360 342 357 355 356 358 359 360 360 360 359 359 359 361 361 362 362 362 363 363 364 364 364 362 365 370 371 369 368 366 364 365 365 364 360 356 351 352 352 351 344 349 346 351 354 349 340 344 343 344
360 360 360 360 361 353 355 360 360 361 361 361 361 352 348 357 364 366 366 367 366 365 366 366 366 365 365 364 364 362 360 360 357 358 354 355 359 360 360 360 357 355 349 354 355 357 355 358 360 360 359 360 358 360 360 361 360 361 361 364 363 364 364 364 365 366 364 365 370 371 370 370 365 364 362 365 365 364 361 352 352 353 353 350 353 356 347 345 349 355 354 344 344 341
361 360 360 354 362 360 361 360 361 361 360 354 360 357 363 359 365 365 367 366 366 366 367 366 366 365 365 363 362 361 360 356 357 359 357 358 360 357 349 355 354 356 354 355 355 353 358 360 360 360 361 361 362 362 362 361 362 362 362 361 364 362 364 366 369 370 370 370 371 369 367 366 362 366 365 365 365 361 352 360 354 351 355 358 356 356 351 356 357 345 348 347 345 332
360 359 360 358 360 362 359 359 361 361 359 352 364 366 366 365 367 367 366 367 367 367 366 366 365 364 363 363 362 361 359 358 357 356 359 359 348 353 355 356 354 357 352 356 355 360 360 361 361 362 362 361 362 362 362 364 364 362 363 362 367 367 367 368 370 369 366 362 365 365 366 365 364 363 364 362 359 352 350 354 352 356 360 363 360 362 357 352 359 352 346 349 350 343
361 358 359 360 358 356 359 360 360 364 360 358 365 366 366 366 366 366 368 367 367 367 366 365 363 363 361 362 359 360 358 360 361 353 357 355 354 354 358 355 355 358 357 354 360 361 361 361 361 362 363 362 362 362 364 366 364 363 364 363 362 364 369 368 361 363 360 361 360 363 358 362 364 362 363 361 352 351 353 360 354 361 361 360 364 366 364 362 360 341 363 354 353 354
357 358 359 356 357 358 362 363 365 365 363 365 366 366 366 366 367 367 367 367 367 366 361 357 356 354 354 354 359 362 355 358 358 356 358 356 356 355 358 357 358 358 359 360 360 361 361 362 363 361 362 362 362 363 364 365 366 364 365 365 369 370 369 363 361 361 360 358 361 362 362 363 362 363 361 358 355 354 354 361 365 363 363 367 364 357 349 357 345 341 346 348 359 356
360 360 359 357 354 360 364 365 364 364 358 364 363 365 366 367 367 367 366 367 366 363 357 348 354 354 355 355 358 355 357 357 358 358 358 357 357 353 358 361 359 355 360 361 361 362 362 363 364 363 363 363 364 364 364 366 365 369 369 366 362 365 361 362 362 360 361 358 357 359 359 362 362 360 357 357 354 352 362 367 360 359 358 353 357 354 334 340 340 347 341 349 352 342
360 358 362 361 363 364 365 365 363 366 365 366 364 366 366 366 367 367 367 364 363 358 351 353 353 354 357 359 356 354 358 358 358 359 361 359 358 359 360 361 362 362 362 363 363 364 362 359 364 365 366 365 365 367 364 368 366 365 364 363 361 361 361 361 360 360 359 357 354 353 354 359 357 360 356 355 353 361 365 355 358 353 348 353 350 342 341 333 336 338 334 339 336 331
359 361 362 364 362 364 366 366 366 366 366 366 366 366 362 367 365 362 363 362 361 362 353 358 361 361 361 356 357 358 358 359 360 360 362 361 361 362 363 363 363 364 364 364 363 364 364 365 366 365 366 366 363 366 360 365 365 365 364 364 362 363 362 360 360 359 357 354 353 351 356 359 354 355 356 358 353 364 351 351 354 351 352 345 314 345 335 340 323 331 334 337 335 316
357 361 362 362 364 365 366 364 367 366 367 367 367 367 367 366 363 356 355 356 362 363 363 364 363 362 361 354 358 359 358 360 360 361 362 363 362 363 365 365 365 365 364 363 364 364 365 367 367 365 366 365 366 366 366 365 366 366 364 364 363 364 364 361 359 359 359 357 354 355 357 359 357 356 357 356 360 352 358 353 351 352 342 340 334 338 343 341 333 336 324 332 334 335
362 362 360 359 366 366 366 364 367 368 368 367 368 367 366 365 364 358 362 364 363 365 365 365 364 363 363 354 358 358 362 361 361 362 363 364 368 364 366 367 366 365 365 365 365 361 365 365 366 367 367 367 367 366 366 365 364 365 365 363 363 361 359 358 360 358 358 357 358 359 360 356 356 355 357 359 363 352 356 347 350 355 343 344 337 335 340 342 329 328 320 330 327 315
358 362 360 364 359 361 365 366 366 368 368 367 365 366 364 363 364 364 364 362 365 364 366 366 364 364 365 364 363 365 366 360 364 364 364 365 365 367 368 368 366 364 366 366 365 365 364 365 366 365 367 366 364 365 366 364 366 363 364 362 360 361 360 358 358 354 354 358 361 361 361 355 353 359 358 360 359 358 348 329 329 337 337 339 327 332 342 338 330 328 325 319 328 324
360 359 360 360 362 362 367 367 366 366 368 365 366 364 353 361 365 364 366 366 365 365 366 366 365 366 366 366 366 366 366 363 358 363 362 363 364 365 365 366 368 365 364 364 365 363 364 365 365 365 366 366 365 364 364 364 362 361 361 362 360 356 357 355 356 357 357 358 360 361 358 354 358 360 363 361 357 357 341 341 339 332 333 334 330 333 338 335 334 317 323 326 324 319
359 360 359 361 364 366 367 365 366 364 366 364 359 359 361 362 365 366 363 364 365 364 362 363 361 364 358 355 366 357 359 363 363 363 363 363 363 364 365 364 365 365 363 363 364 364 361 364 364 364 363 364 364 363 362 363 363 360 360 360 357 355 354 356 359 360 360 359 361 363 361 358 357 365 358 357 361 352 343 338 337 335 340 337 333 336 337 337 334 323 328 307 318 320
358 360 363 363 365 366 367 365 365 362 361 362 361 362 364 364 366 366 362 359 364 359 355 350 355 353 358 354 361 358 360 363 361 363 363 363 361 363 364 362 362 363 364 362 362 364 362 362 360 361 362 363 360 362 362 360 360 359 358 357 355 356 356 355 358 360 362 361 362 364 364 364 362 354 356 357 350 342 341 342 324 338 344 341 311 344 344 338 338 320 315 318 323 327
360 362 365 365 367 367 365 365 363 364 364 364 362 365 365 366 365 363 356 355 362 362 359 356 357 358 358 357 359 360 361 359 360 359 359 360 361 360 362 362 360 360 358 359 361 361 361 362 362 361 361 360 361 359 360 356 359 361 358 356 356 354 358 359 357 358 362 364 361 364 359 354 352 357 357 356 352 353 347 343 346 352 346 325 332 318 329 331 326 329 308 317 326 334
362 365 366 367 365 364 364 365 366 366 363 363 366 362 364 363 355 357 356 357 356 357 353 359 361 360 359 358 357 357 357 357 357 355 355 357 358 359 361 361 358 357 352 356 358 357 358 359 360 360 358 355 357 357 360 358 359 362 360 357 359 356 359 362 361 361 360 363 364 365 365 360 355 357 361 361 361 358 339 334 338 328 327 338 333 336 303 327 310 320 319 328 332 338
363 365 364 365 363 363 364 362 362 364 362 363 363 360 358 357 360 359 359 359 352 359 360 358 359 357 356 357 357 356 352 349 351 352 352 353 354 357 359 362 361 358 357 356 352 352 354 353 357 357 357 360 358 359 361 358 361 361 361 359 361 359 361 360 362 362 364 362 362 367 364 362 360 360 361 346 349 341 345 326 335 333 334 319 331 327 328 315 319 323 327 330 331 344
366 363 364 365 363 363 362 362 361 361 359 361 363 362 359 358 358 358 357 358 359 359 356 353 352 350 352 352 352 357 354 352 351 351 350 350 350 355 359 358 356 357 357 354 350 350 354 357 357 360 359 360 359 360 363 361 360 363 362 359 363 361 363 363 364 363 364 365 365 366 356 362 359 363 351 341 345 323 306 337 330 334 332 333 326 331 303 323 324 314 329 333 344 341
362 364 365 364 362 361 361 360 361 361 362 360 362 360 355 354 349 353 351 352 355 355 357 355 350 349 351 350 351 352 352 350 352 349 350 351 351 349 355 356 351 352 355 352 352 353 357 358 358 359 362 359 360 358 363 361 361 363 362 363 362 364 363 364 364 363 367 367 365 364 360 357 353 348 357 343 329 331 337 340 339 326 336 329 322 317 328 330 329 334 333 333 338 351
362 364 365 364 361 360 358 359 357 357 358 357 358 360 355 354 354 354 354 352 352 353 356 352 356 351 350 350 351 350 350 352 351 349 351 352 352 351 351 354 352 351 350 352 355 356 358 359 358 358 361 362 360 361 361 362 362 363 363 364 364 364 364 365 367 367 366 365 361 353 356 355 354 341 337 355 349 347 338 338 340 334 316 326 328 325 335 338 338 333 341 350 355 345
