sesion_6_simulaciones/modelos_distribucion_especies/ejemplo/variables/futuro_B2/2030/TMXV.asc
ncols 708
nrows 329
xllcorner -7.525000
yllcorner 35.991667
cellsize 0.008333
NODATA_value -9999
[rows 246 to 286 of 329, columns 188 to 281 of 708]
333 333 332 333 335 335 336 336 336 337 337 336 336 337 338 338 338 338 338 336 334 334 334 336 337 338 339 339 339 338 338 339 338 339 336 336 334 332 330 330 331 333 335 333 330 326 323 321 329 332 333 334 329 326 328 317 314 320 316 323 322 329 313 305 298 301 302 303 307 309 313 308 312 305 296 294 302 304 295 290 307 311 310 299 300 302 300 296 295 300 302 298 292 285
333 333 333 334 335 335 336 336 336 336 335 336 336 337 337 337 337 338 337 338 334 338 338 338 338 336 339 339 338 338 338 338 339 335 338 333 334 336 334 334 331 333 331 329 323 325 324 329 329 333 335 331 332 334 331 327 326 328 328 328 324 320 315 308 301 301 305 300 315 315 308 308 294 288 300 305 303 281 284 295 309 311 308 304 298 292 297 302 301 298 301 278 289 289
333 333 333 334 335 335 335 335 336 333 335 336 336 336 336 337 337 337 336 334 330 337 338 338 339 338 339 338 338 338 337 334 339 334 335 336 336 336 337 334 331 326 334 326 324 322 319 334 335 329 324 319 324 328 329 333 333 327 321 319 326 321 312 304 309 306 310 316 317 312 300 293 297 300 302 297 296 287 285 305 314 316 312 301 297 295 294 292 298 296 298 286 289 288
332 333 333 334 335 335 335 335 335 335 335 335 335 336 336 336 336 336 336 334 334 337 338 338 338 339 339 337 338 338 340 340 340 329 333 334 333 337 336 333 337 328 326 324 323 327 329 327 326 324 326 324 324 323 319 325 327 328 326 328 327 325 317 296 306 313 311 314 309 297 288 298 289 302 294 289 282 300 305 314 322 319 307 301 301 296 302 295 306 298 295 290 294 296
332 333 333 334 334 334 334 334 334 334 335 335 335 335 335 336 336 336 335 336 334 335 338 336 336 337 334 338 339 339 338 338 335 328 337 335 335 336 338 339 332 332 327 334 327 331 331 330 329 325 324 320 322 319 323 317 321 326 330 329 329 328 319 320 320 312 317 315 302 284 296 296 302 291 284 290 300 304 315 318 318 315 309 303 303 300 302 296 291 302 290 299 299 301
332 332 333 334 333 333 333 333 333 334 334 334 335 335 335 335 335 335 335 334 334 337 337 336 334 332 321 327 336 337 337 335 334 334 335 328 336 333 338 336 336 327 331 332 319 322 321 328 330 327 327 318 318 320 319 319 314 327 327 323 324 324 324 325 319 312 312 315 295 292 288 295 295 296 297 300 308 319 323 315 305 299 297 312 311 306 309 300 309 309 296 300 302 303
331 332 333 333 333 333 332 333 333 333 334 334 334 334 334 334 334 335 334 334 335 334 331 333 333 331 334 335 335 335 335 337 334 331 330 333 340 338 339 336 332 335 336 330 329 323 327 332 319 332 331 322 320 318 319 318 317 323 316 322 320 318 316 315 318 313 311 308 295 287 296 292 289 299 308 316 317 321 318 308 302 303 305 306 305 305 308 316 305 298 310 308 298 302
331 332 332 332 332 332 332 332 333 333 333 333 333 333 334 334 333 333 334 333 333 329 327 332 329 326 319 319 320 320 315 322 322 318 325 333 337 337 336 336 332 334 334 327 324 326 325 327 332 330 325 321 319 314 314 316 312 321 318 317 316 316 314 308 304 312 311 310 291 291 297 293 285 302 313 317 318 321 315 310 306 302 305 307 302 302 306 307 305 309 310 308 306 306
331 332 331 331 331 332 332 332 332 333 333 333 333 333 333 333 333 333 333 332 333 325 325 325 326 327 327 329 329 330 328 322 325 319 324 321 335 338 337 322 325 316 326 332 332 325 322 324 328 325 326 320 323 319 315 316 317 319 315 316 315 312 310 312 305 310 313 314 311 295 292 300 306 313 316 318 321 319 314 308 302 291 306 306 303 302 309 308 317 311 314 309 302 300
331 331 331 331 331 331 332 332 332 332 332 332 333 333 332 331 332 331 330 332 332 326 327 324 328 325 329 329 330 331 330 331 330 321 318 321 333 336 332 330 326 325 330 332 334 330 326 325 326 329 325 323 320 316 313 310 319 314 314 316 319 313 315 311 307 311 312 316 313 307 306 305 309 313 315 321 316 315 314 302 299 295 300 299 299 307 314 312 311 311 305 315 311 310
326 328 331 330 331 332 331 331 332 332 332 332 332 332 331 331 330 330 330 315 327 326 331 329 329 332 332 331 329 326 324 330 331 328 316 314 333 331 330 329 328 323 327 332 333 332 325 322 319 328 322 319 315 313 312 315 316 314 315 316 315 311 308 312 309 310 315 316 309 311 312 311 312 312 317 320 318 315 311 307 291 292 303 294 313 309 311 315 306 306 304 304 294 295
329 327 328 331 331 330 331 331 331 331 331 331 331 331 330 329 330 330 325 323 326 326 329 328 329 328 327 322 323 325 326 325 331 329 323 314 325 335 331 334 331 321 329 328 330 319 318 320 316 322 319 318 315 313 315 323 319 318 314 321 315 312 309 308 311 311 316 314 315 316 306 307 313 312 318 320 315 315 312 305 290 302 300 302 306 310 314 308 301 301 296 300 293 300
327 326 330 330 331 331 330 331 330 330 331 330 330 330 329 329 329 329 318 319 322 324 324 323 322 321 323 324 325 326 324 328 326 332 327 315 319 333 332 332 323 321 324 326 318 318 318 309 316 320 315 316 317 315 322 324 320 319 314 315 315 313 304 304 305 309 311 313 315 317 303 303 307 310 315 318 315 312 311 304 292 299 301 304 312 313 308 301 300 302 296 294 291 286
328 328 328 330 331 331 330 330 330 330 330 330 330 331 330 329 328 327 321 327 327 325 326 326 320 324 325 326 320 330 331 331 331 332 326 314 323 326 330 332 325 317 324 315 315 314 311 310 317 311 316 317 317 311 323 321 316 319 316 311 309 309 303 302 303 309 315 315 314 316 313 314 314 312 313 315 316 311 307 301 298 300 304 313 312 316 306 307 301 295 294 297 290 295
328 327 326 326 330 330 331 329 327 329 331 332 331 331 330 328 328 328 325 326 330 330 324 327 326 329 328 326 329 330 330 327 332 332 323 315 327 326 326 329 329 325 324 320 315 309 315 311 315 319 319 316 324 323 322 320 319 315 315 312 307 307 305 306 305 308 312 309 305 304 306 300 303 307 300 312 314 310 307 290 297 297 297 312 312 312 313 308 307 305 302 303 292 297
327 327 327 326 329 330 331 330 330 330 331 331 330 327 326 328 327 326 328 330 330 331 328 324 325 330 328 330 332 332 332 332 325 328 318 324 325 330 328 324 321 314 318 322 322 322 321 321 315 319 320 314 322 324 322 321 320 310 305 302 304 308 306 302 306 308 308 309 313 314 303 304 308 310 312 316 312 302 298 294 295 300 308 314 318 304 300 293 296 286 289 293 294 292
326 327 327 326 326 329 329 331 331 331 331 330 330 328 327 328 327 326 328 331 330 328 330 326 328 327 332 329 328 332 333 327 321 327 326 325 323 328 325 318 314 310 316 321 320 325 323 317 317 317 313 324 327 320 318 318 310 311 306 307 307 304 310 311 307 310 312 315 320 317 311 316 310 306 316 313 307 307 297 295 293 307 314 311 316 306 303 297 292 291 296 299 293 292
325 325 327 327 327 328 329 330 329 331 330 331 331 328 327 327 327 330 330 332 330 331 332 331 322 324 327 322 323 329 331 329 325 330 325 321 321 321 306 308 314 308 312 317 317 320 317 319 320 324 320 323 325 323 323 309 308 307 306 310 305 311 310 313 310 312 320 323 323 324 317 305 305 312 306 308 305 305 300 302 304 296 304 313 309 304 295 299 299 295 299 295 294 291
326 326 326 327 328 325 328 330 329 329 329 330 330 330 330 329 328 328 330 331 329 329 332 331 330 332 329 329 325 329 333 324 328 324 327 327 326 320 299 306 310 307 299 308 317 315 312 316 317 318 321 323 325 325 312 312 310 308 305 301 306 306 307 315 316 320 306 309 316 319 316 305 303 297 300 300 307 300 303 301 300 300 305 308 312 300 312 306 305 300 295 289 286 289
323 325 326 325 327 327 329 328 326 327 329 329 329 330 328 330 330 330 329 332 332 333 333 333 333 332 331 332 330 331 331 325 329 330 330 325 322 322 318 308 302 300 301 302 306 312 312 310 314 321 320 325 326 322 312 317 310 311 307 303 306 306 309 313 318 325 312 304 309 311 309 306 306 299 285 301 306 300 306 301 305 308 320 308 309 299 298 296 294 286 287 288 279 280
324 325 325 326 328 327 329 330 330 330 330 325 328 329 329 329 331 331 332 331 332 332 332 332 329 327 332 334 333 323 328 329 333 324 327 313 324 317 316 304 303 300 293 307 305 303 312 312 315 318 323 326 326 316 318 316 311 303 308 302 302 302 308 310 318 318 320 312 311 314 315 310 299 305 302 303 307 304 311 309 305 311 312 306 304 304 297 293 291 288 283 290 285 284
324 325 325 327 328 327 329 330 330 330 330 331 328 325 330 328 331 332 332 327 331 333 333 333 327 329 331 331 320 324 327 331 328 330 325 320 320 316 307 304 305 301 297 299 311 312 314 314 315 316 318 323 322 323 318 311 309 307 307 303 309 303 312 313 321 319 317 315 314 318 316 309 300 300 302 309 303 311 313 314 313 311 306 306 304 295 299 283 284 280 285 280 281 282
324 325 326 328 328 328 328 329 329 330 330 330 330 329 330 327 327 327 331 332 332 332 333 332 323 325 331 332 326 326 330 333 331 331 330 321 322 317 298 310 309 305 308 302 309 316 317 316 313 321 320 322 321 320 315 312 314 311 308 314 312 314 314 315 314 317 323 323 318 319 315 306 305 294 305 316 314 309 320 317 312 313 305 301 298 291 287 283 273 271 275 275 290 296
324 324 326 327 327 328 329 329 326 327 329 330 330 330 330 330 330 329 331 331 330 333 332 332 330 330 330 332 328 328 329 332 325 321 322 323 324 322 320 317 317 313 308 303 308 304 317 318 319 323 326 323 324 324 319 315 316 306 307 310 322 319 320 315 322 324 326 318 317 320 316 311 309 302 308 316 316 321 316 313 308 295 296 299 295 292 284 278 268 265 268 270 285 292
322 324 325 325 327 327 328 326 328 327 329 329 331 330 331 330 328 329 327 330 331 332 329 332 332 330 330 333 331 332 332 331 329 329 329 327 327 323 324 323 312 310 305 303 306 308 314 314 315 316 319 319 320 322 320 318 319 310 313 308 315 319 322 323 324 326 326 323 321 321 318 317 311 315 316 317 320 313 313 307 300 285 299 295 286 291 272 265 274 268 259 270 280 296
325 325 323 319 323 326 325 325 328 329 329 330 330 331 331 331 330 331 329 329 329 331 328 329 328 327 331 332 333 332 327 330 330 330 332 331 329 324 326 325 322 311 310 306 315 311 318 318 319 320 315 318 322 322 324 326 318 314 313 312 313 321 324 322 325 326 326 319 319 321 319 316 316 316 316 318 315 314 311 306 294 287 296 291 297 290 276 278 280 274 272 279 282 283
325 326 323 319 321 324 325 328 328 328 327 330 331 331 331 331 329 328 330 329 332 331 327 329 331 332 328 329 327 318 325 324 328 332 333 333 330 325 326 314 316 316 314 313 313 316 313 315 322 320 323 318 316 316 321 325 314 317 316 316 318 320 323 324 326 326 325 324 320 322 318 316 315 319 321 316 314 314 312 307 283 290 290 292 300 292 299 293 285 279 278 271 286 290
326 325 325 320 322 325 327 328 328 328 329 330 330 329 331 328 329 331 329 324 326 330 330 330 330 332 330 327 325 323 325 322 327 331 325 326 325 320 326 326 324 310 315 312 309 311 313 316 317 321 319 319 312 316 315 317 318 323 318 320 323 325 323 324 325 325 325 320 319 321 318 314 312 313 320 314 313 314 311 308 292 289 292 299 293 298 298 299 297 293 285 290 293 294
326 327 326 325 325 327 327 328 329 328 329 327 327 328 327 330 328 324 327 328 330 330 330 330 329 332 331 330 331 331 329 329 326 331 328 326 324 325 319 322 328 320 320 318 313 314 320 317 314 318 315 318 312 313 318 314 321 323 320 323 326 326 323 323 325 325 325 319 322 318 316 317 315 312 316 315 317 309 309 304 306 301 299 298 299 301 301 299 301 302 300 300 299 297
326 326 326 326 327 327 326 328 328 328 328 328 327 327 326 329 324 326 328 329 331 328 327 329 331 331 331 331 331 331 331 330 330 331 330 326 325 326 324 325 327 328 316 316 316 321 319 318 314 313 316 310 314 317 315 315 317 321 323 323 323 326 324 323 323 324 324 324 322 317 317 315 311 312 316 319 312 312 309 308 309 308 301 300 297 302 303 299 301 302 295 298 299 297
324 322 325 325 326 327 327 328 328 326 326 324 327 327 324 327 329 327 327 330 330 327 328 327 330 331 331 331 330 331 331 331 332 328 330 329 328 328 330 326 323 321 319 319 315 321 314 317 316 320 317 314 310 307 311 317 317 320 322 323 323 326 324 323 321 322 324 322 320 316 317 313 316 314 315 318 314 313 312 309 305 306 305 302 300 302 299 292 299 297 295 295 295 290
323 323 320 324 326 327 326 323 323 326 323 327 326 327 327 327 329 327 330 329 329 328 327 326 328 328 330 331 330 331 329 331 332 332 332 331 332 329 325 323 317 319 316 317 318 315 318 314 317 320 314 311 310 311 315 313 320 321 318 315 323 326 325 323 319 322 324 321 322 319 317 316 313 313 310 318 317 316 312 308 303 303 305 301 298 299 302 301 298 296 294 289 -9999 -9999
318 319 322 322 324 325 325 325 321 324 326 325 324 324 326 328 326 322 327 329 329 329 328 329 326 328 330 329 330 328 329 331 328 331 331 331 331 328 325 324 321 318 313 321 319 317 314 316 316 316 315 313 308 308 307 311 311 313 314 316 321 325 325 320 321 321 322 323 322 321 319 317 316 311 314 317 315 313 313 309 302 301 300 298 303 300 300 300 297 294 291 284 -9999 -9999
317 320 319 323 324 325 326 327 327 327 327 326 323 324 325 325 326 324 327 329 328 326 325 327 327 327 329 328 330 330 329 331 330 330 331 331 330 329 323 320 323 316 319 317 312 316 314 316 316 319 315 311 310 310 310 308 312 312 316 318 321 322 322 320 323 320 319 318 321 321 321 320 319 315 314 317 316 315 313 308 302 299 296 299 301 297 297 297 -9999 -9999 -9999 -9999 -9999 -9999
319 318 319 321 323 325 325 326 326 327 326 324 323 323 323 326 323 326 327 328 326 325 327 324 324 327 328 328 330 329 330 330 328 329 330 329 330 326 322 322 321 317 319 316 313 316 319 315 313 318 316 316 312 311 311 315 315 313 314 319 320 324 322 322 321 320 319 320 315 320 316 314 315 314 317 311 313 314 310 309 299 300 294 300 301 297 294 294 -9999 -9999 -9999 -9999 -9999 -9999
320 319 321 323 324 324 325 326 326 326 326 321 325 326 324 321 323 327 328 328 328 324 326 327 325 327 328 327 329 329 329 326 326 328 330 330 329 325 315 318 323 319 319 316 314 316 316 315 317 316 313 314 314 315 309 313 316 314 313 311 315 322 323 323 322 322 319 314 315 316 312 314 314 308 313 312 314 314 310 305 300 298 297 301 297 297 292 289 -9999 -9999 -9999 -9999 -9999 -9999
319 319 319 322 323 323 324 324 325 326 326 324 326 325 325 326 326 326 327 327 327 327 326 325 327 328 328 328 329 329 327 327 329 329 329 329 329 325 322 319 317 317 319 315 310 314 310 312 313 312 315 312 316 313 313 316 316 317 318 318 314 321 323 321 322 320 316 318 312 314 310 311 312 311 310 312 314 311 307 299 299 297 295 298 290 293 290 281 -9999 -9999 -9999 -9999 -9999 -9999
318 317 318 322 323 323 323 322 323 325 325 325 325 325 326 326 326 326 326 326 325 324 326 327 327 328 327 328 328 327 324 327 326 327 325 328 329 326 324 324 319 321 318 314 312 311 311 309 309 312 310 313 316 314 317 317 315 316 314 314 314 319 320 319 321 317 312 313 314 312 311 312 311 310 313 312 313 312 308 302 295 298 295 296 292 290 -9999 -9999 -9999 -9999 -9999 -9999 -9999 -9999
318 316 319 322 322 320 321 321 322 323 322 323 323 324 324 324 323 320 324 326 326 326 326 327 327 327 326 327 323 316 315 321 325 326 325 325 324 328 326 322 319 312 315 312 311 307 313 314 313 311 308 312 312 316 317 316 318 316 314 313 318 315 321 321 321 317 313 311 311 313 311 314 310 311 312 312 313 311 304 298 300 298 296 296 292 285 -9999 -9999 -9999 -9999 -9999 -9999 -9999 -9999
319 318 320 321 319 317 318 319 318 321 322 321 321 321 321 320 321 321 321 325 325 326 325 325 326 326 325 323 317 314 320 321 325 323 323 325 322 318 324 326 322 319 316 314 309 308 306 307 309 307 308 308 310 313 315 314 315 317 313 311 317 319 319 320 320 318 314 314 315 312 311 313 307 309 311 312 311 309 304 301 300 299 294 296 292 285 -9999 -9999 -9999 -9999 -9999 -9999 -9999 -9999
316 318 319 320 321 320 315 320 320 321 321 321 320 320 320 320 320 320 323 324 325 324 325 325 321 320 320 320 316 315 320 316 320 316 322 320 322 320 312 321 324 319 311 313 310 305 307 305 308 311 307 310 316 308 316 316 318 315 316 314 314 319 318 320 320 318 316 314 313 312 312 314 310 308 308 310 310 309 299 302 299 297 294 290 285 275 -9999 -9999 -9999 -9999 -9999 -9999 -9999 -9999
