sesion_6_simulaciones/modelos_distribucion_especies/ejemplo/variables/futuro_B2/2080/PA.asc
ncols 708
nrows 329
xllcorner -7.525000
yllcorner 35.991667
cellsize 0.008333
NODATA_value -9999
[rows 205 to 245 of 329, columns 564 to 657 of 708]
219 241 204 207 193 196 203 201 190 185 187 209 205 192 204 205 196 183 171 150 150 136 121 113 89 79 76 84 87 105 128 128 121 98 101 105 112 128 116 104 101 92 95 97 96 92 98 109 119 132 146 155 171 175 187 189 198 208 214 239 237 232 238 245 258 267 283 268 272 263 254 250 246 248 236 228 199 191 173 196 183 173 177 167 170 163 167 170 142 156 152 157 152 151
206 192 179 161 163 173 189 194 186 183 209 206 206 203 209 206 199 176 161 148 129 123 116 108 100 85 75 72 87 100 109 120 120 102 97 98 107 115 102 99 95 89 82 93 92 96 107 118 130 147 168 181 197 204 216 233 226 244 243 262 281 270 280 285 293 301 298 294 277 263 249 249 230 236 228 217 204 201 200 197 196 185 180 178 172 180 163 163 159 157 154 152 148 152
186 174 165 161 151 167 181 184 199 212 207 223 226 222 208 201 192 170 159 136 126 116 113 99 93 82 78 78 81 99 102 113 116 102 96 99 110 101 100 96 92 86 91 92 97 98 126 131 152 183 206 220 235 247 237 260 260 275 280 302 317 319 333 310 300 314 284 279 290 276 260 250 236 225 212 204 201 209 203 188 188 191 180 176 175 171 162 161 160 157 153 154 151 147
181 170 147 150 156 161 174 193 212 236 240 242 258 251 225 229 208 190 159 148 132 113 105 97 79 83 78 73 77 93 102 109 109 101 101 101 104 112 92 104 94 91 82 95 121 129 158 160 193 220 253 273 279 292 293 320 321 317 322 327 330 353 347 340 313 279 281 283 297 282 267 250 238 221 205 213 189 191 189 191 190 178 180 171 173 167 166 159 159 155 156 155 155 153
188 170 148 162 161 174 208 204 234 254 271 300 306 323 298 258 236 214 198 180 150 125 105 92 78 74 74 66 79 81 95 99 100 96 100 108 99 104 100 108 102 93 88 96 121 140 164 174 211 255 288 296 305 316 316 351 349 346 341 345 335 341 316 313 313 278 263 265 286 295 271 246 236 213 219 189 193 174 177 171 167 166 166 161 164 163 160 158 157 156 158 160 160 161
194 176 168 176 182 212 233 267 291 286 320 331 334 345 314 334 272 276 232 208 192 175 135 98 94 83 76 66 81 93 100 88 92 89 85 86 87 92 97 100 100 103 85 98 112 128 149 188 217 242 259 301 301 306 331 337 317 302 323 328 319 312 278 291 290 286 250 238 236 260 269 250 211 196 186 203 197 170 170 158 166 160 155 155 156 157 155 154 158 158 159 162 163 164
232 228 214 214 230 252 264 289 316 311 331 326 340 345 335 326 310 292 263 255 245 211 196 134 111 96 98 101 93 99 105 102 108 102 96 86 92 89 93 90 95 91 91 94 107 130 154 180 199 231 210 236 259 249 276 317 295 297 304 310 308 295 257 264 275 265 244 226 197 232 239 218 186 195 177 169 171 169 163 162 151 154 152 152 152 153 155 156 158 161 161 163 165 169
292 259 275 267 278 283 313 304 334 320 322 320 355 372 363 340 305 307 287 280 270 261 222 176 173 143 125 120 128 136 137 131 124 116 109 105 103 93 99 86 89 89 91 96 99 114 126 145 175 184 181 190 196 228 247 256 265 277 279 283 284 264 246 244 232 242 221 216 217 194 208 184 188 166 152 159 159 162 158 135 147 146 148 150 151 151 154 157 159 160 163 163 168 174
333 312 336 309 345 323 354 331 311 325 310 340 343 355 362 357 321 282 290 286 274 246 241 212 190 203 178 161 168 152 158 142 138 129 127 120 111 106 99 92 92 91 91 92 100 102 108 120 137 139 150 156 171 194 224 250 241 249 256 263 262 258 234 208 199 196 178 194 183 178 167 167 171 152 147 146 145 146 143 141 141 143 145 148 150 152 154 157 160 163 165 167 174 179
360 345 363 379 364 370 382 345 339 327 346 348 329 348 367 352 331 309 268 251 230 243 221 230 239 235 211 197 199 188 164 147 156 152 128 136 119 123 120 110 92 87 91 92 91 94 102 108 110 120 123 132 155 170 180 217 197 215 231 226 223 235 214 193 192 188 166 162 165 150 161 148 158 144 142 138 138 136 135 134 138 141 144 147 149 152 155 158 162 165 169 173 174 181
368 413 384 405 416 383 356 382 369 372 380 355 349 359 336 336 321 295 282 247 231 222 227 239 239 230 217 211 205 189 205 175 158 163 161 144 143 138 123 119 111 101 95 88 90 90 98 99 108 107 114 117 128 139 143 169 169 189 204 196 193 172 190 180 182 171 168 167 163 152 147 147 142 141 137 137 137 136 135 136 138 142 144 147 151 154 158 162 165 170 173 178 180 182
415 397 413 430 415 417 380 380 371 403 401 385 355 354 335 327 311 302 275 244 253 235 239 244 251 244 232 219 246 210 204 181 196 186 172 167 149 150 143 125 123 111 100 92 87 85 90 95 97 102 106 115 113 130 135 151 154 161 176 172 172 159 168 171 168 165 162 154 151 151 144 145 139 138 137 136 135 136 137 137 138 141 145 148 153 157 164 168 174 179 179 182 187 193
443 442 429 429 424 422 398 386 377 392 392 375 365 348 339 321 316 301 286 264 251 244 243 253 259 265 246 259 244 232 235 222 208 198 179 185 178 180 173 151 135 122 106 95 86 84 84 86 90 93 100 108 112 121 131 143 146 157 150 149 154 150 147 157 159 161 155 152 145 149 145 140 139 139 135 134 136 136 137 138 140 142 146 151 156 164 172 180 182 185 184 189 188 198
479 462 443 457 442 420 398 391 387 386 369 353 340 342 320 312 297 296 292 272 256 255 241 250 260 270 271 258 268 242 260 265 244 225 207 203 208 212 206 203 175 139 121 107 92 83 81 82 87 92 100 102 110 122 126 134 141 142 141 141 142 144 145 154 157 157 154 149 146 146 142 140 136 135 134 134 134 136 138 139 141 145 150 156 164 174 185 192 190 196 194 195 196 203
513 497 489 492 466 434 415 400 382 391 342 340 324 311 306 285 292 279 268 265 272 258 234 274 240 275 275 277 281 289 291 300 279 234 231 227 226 239 241 222 196 170 141 112 102 88 82 82 86 90 95 99 107 118 123 130 137 138 134 138 134 136 146 153 151 153 150 145 148 141 137 135 134 132 133 133 134 135 138 140 143 148 154 162 173 186 191 199 205 210 203 204 199 206
504 501 499 505 494 441 434 399 382 358 338 334 306 286 292 277 252 257 235 234 257 250 250 246 255 292 285 300 314 313 317 310 294 274 241 238 234 251 241 230 212 191 150 138 111 91 85 86 88 92 95 100 107 112 118 125 128 129 134 132 134 141 139 146 143 148 144 143 140 137 136 132 131 131 131 131 133 135 138 142 147 154 163 174 186 188 188 193 195 208 205 216 205 209
497 495 510 491 479 473 426 418 364 328 322 302 295 267 251 234 254 198 219 217 238 243 239 251 249 284 295 320 323 343 349 342 297 271 256 246 244 243 234 224 215 202 165 138 126 101 92 88 88 96 95 102 103 110 114 119 122 125 128 133 132 140 142 142 142 145 146 137 135 132 132 129 128 127 129 130 132 134 140 145 153 166 177 180 183 183 181 182 188 197 201 208 208 206
483 495 488 497 483 454 463 404 346 343 292 257 231 207 192 201 203 168 185 211 222 218 198 246 252 268 266 285 308 330 344 349 307 276 267 255 240 239 219 218 211 190 169 148 122 109 99 95 97 97 105 102 106 108 113 116 119 122 123 128 130 131 137 139 139 141 137 135 135 129 129 126 127 125 125 127 131 136 144 156 160 173 178 182 175 173 176 180 184 191 191 206 206 202
451 457 469 459 473 449 445 395 366 341 282 248 229 173 158 183 163 169 174 187 187 190 186 203 235 245 255 270 286 313 326 330 319 305 277 261 240 222 217 206 204 177 160 142 131 121 111 105 106 108 105 107 109 112 -9999 -9999 -9999 -9999 123 124 127 131 131 136 134 134 134 133 131 125 124 123 122 122 123 127 133 144 155 158 165 168 166 165 167 169 171 169 184 192 195 205 196 205
402 415 447 430 433 413 395 381 354 331 311 267 233 171 181 161 174 136 157 173 181 181 182 192 209 204 238 264 272 295 303 320 322 300 283 262 256 233 197 200 197 168 155 141 133 129 124 119 113 114 116 113 113 113 -9999 -9999 -9999 -9999 123 122 126 126 130 128 132 131 129 126 126 121 120 120 119 120 120 127 138 145 156 158 156 156 158 160 167 171 175 182 191 186 198 189 202 178
371 390 403 402 378 382 358 347 354 327 317 255 223 175 139 153 148 144 145 175 190 176 183 188 195 196 202 240 268 272 279 278 287 284 284 246 223 200 202 175 -9999 -9999 -9999 -9999 139 136 134 130 125 123 -9999 -9999 -9999 -9999 -9999 -9999 -9999 -9999 118 121 124 125 127 124 128 126 126 125 121 120 115 119 117 117 119 127 133 147 148 146 150 151 159 158 162 173 183 193 201 204 203 197 186 165
351 366 354 342 367 328 329 329 293 279 277 270 219 178 159 145 151 141 159 172 189 172 196 170 170 176 178 220 234 247 237 237 259 250 239 224 213 188 186 172 -9999 -9999 -9999 -9999 142 141 141 138 134 130 -9999 -9999 -9999 -9999 -9999 -9999 -9999 -9999 117 119 119 120 121 122 121 124 120 119 115 118 116 115 116 113 114 119 123 130 132 141 142 148 151 161 170 180 179 203 213 215 193 211 187 173
318 305 314 301 274 293 261 266 258 265 270 234 220 191 162 144 143 132 149 165 161 142 158 143 151 142 133 165 193 182 207 203 199 202 -9999 -9999 -9999 -9999 -9999 -9999 -9999 -9999 -9999 -9999 -9999 -9999 148 146 -9999 -9999 -9999 -9999 -9999 -9999 -9999 -9999 -9999 -9999 -9999 -9999 -9999 -9999 -9999 -9999 118 117 114 115 115 115 113 112 108 106 110 113 124 129 130 137 141 147 153 163 177 180 192 204 229 237 227 218 208 172
263 267 268 243 246 223 248 217 232 221 239 210 160 154 144 117 129 133 121 135 124 133 129 132 144 118 140 125 140 138 142 166 188 162 -9999 -9999 -9999 -9999 -9999 -9999 -9999 -9999 -9999 -9999 -9999 -9999 151 150 -9999 -9999 -9999 -9999 -9999 -9999 -9999 -9999 -9999 -9999 -9999 -9999 -9999 -9999 -9999 -9999 113 112 112 111 110 110 105 106 104 107 107 118 120 125 130 135 143 148 158 167 183 184 180 175 224 214 223 187 179 156
223 219 210 202 185 183 182 182 200 184 183 173 172 135 141 134 121 104 110 108 117 93 124 118 93 107 114 106 104 107 -9999 -9999 -9999 -9999 -9999 -9999 -9999 -9999 -9999 -9999 -9999 -9999 -9999 -9999 -9999 -9999 -9999 -9999 -9999 -9999 -9999 -9999 -9999 -9999 -9999 -9999 -9999 -9999 -9999 -9999 -9999 -9999 -9999 -9999 -9999 -9999 108 105 104 100 100 99 101 103 108 114 118 121 129 134 141 150 159 177 190 196 207 188 180 211 -9999 -9999 -9999 -9999
186 172 169 143 152 148 147 152 142 144 138 135 130 130 121 114 112 106 101 95 95 96 85 91 94 90 88 88 86 87 -9999 -9999 -9999 -9999 -9999 -9999 -9999 -9999 -9999 -9999 -9999 -9999 -9999 -9999 -9999 -9999 -9999 -9999 -9999 -9999 -9999 -9999 -9999 -9999 -9999 -9999 -9999 -9999 -9999 -9999 -9999 -9999 -9999 -9999 -9999 -9999 102 101 98 96 95 97 98 104 104 108 113 118 129 134 143 154 157 173 190 200 184 181 181 167 -9999 -9999 -9999 -9999
156 140 136 134 138 134 131 130 129 124 122 119 118 117 114 112 109 104 98 93 90 85 85 83 79 77 -9999 -9999 -9999 -9999 -9999 -9999 -9999 -9999 -9999 -9999 -9999 -9999 -9999 -9999 -9999 -9999 -9999 -9999 -9999 -9999 -9999 -9999 -9999 -9999 -9999 -9999 -9999 -9999 -9999 -9999 -9999 -9999 -9999 -9999 -9999 -9999 -9999 -9999 -9999 -9999 -9999 -9999 -9999 -9999 92 94 99 101 100 105 112 121 132 143 158 162 159 166 174 183 179 159 162 159 -9999 -9999 -9999 -9999
133 124 118 114 118 117 119 119 118 116 116 115 115 113 114 111 107 103 98 93 89 85 82 78 76 73 -9999 -9999 -9999 -9999 -9999 -9999 -9999 -9999 -9999 -9999 -9999 -9999 -9999 -9999 -9999 -9999 -9999 -9999 -9999 -9999 -9999 -9999 -9999 -9999 -9999 -9999 -9999 -9999 -9999 -9999 -9999 -9999 -9999 -9999 -9999 -9999 -9999 -9999 -9999 -9999 -9999 -9999 -9999 -9999 89 90 93 94 100 103 110 122 139 147 150 174 167 170 162 166 158 168 164 165 -9999 -9999 -9999 -9999
130 121 115 112 113 114 111 112 112 111 112 112 112 114 111 110 107 102 98 93 89 85 81 77 -9999 -9999 -9999 -9999 -9999 -9999 -9999 -9999 -9999 -9999 -9999 -9999 -9999 -9999 -9999 -9999 -9999 -9999 -9999 -9999 -9999 -9999 -9999 -9999 -9999 -9999 -9999 -9999 -9999 -9999 -9999 -9999 -9999 -9999 -9999 -9999 -9999 -9999 -9999 -9999 -9999 -9999 -9999 -9999 -9999 -9999 -9999 -9999 88 91 96 102 111 124 142 158 161 186 167 182 159 163 168 183 -9999 -9999 -9999 -9999 -9999 -9999
132 123 118 114 113 110 109 107 108 107 108 111 110 110 110 109 106 101 96 92 89 85 80 77 -9999 -9999 -9999 -9999 -9999 -9999 -9999 -9999 -9999 -9999 -9999 -9999 -9999 -9999 -9999 -9999 -9999 -9999 -9999 -9999 -9999 -9999 -9999 -9999 -9999 -9999 -9999 -9999 -9999 -9999 -9999 -9999 -9999 -9999 -9999 -9999 -9999 -9999 -9999 -9999 -9999 -9999 -9999 -9999 -9999 -9999 -9999 -9999 85 87 94 102 116 139 138 169 164 197 204 163 174 158 163 186 -9999 -9999 -9999 -9999 -9999 -9999
133 128 121 117 115 113 109 109 107 107 108 109 109 109 109 107 105 100 96 93 89 86 82 79 -9999 -9999 -9999 -9999 -9999 -9999 -9999 -9999 -9999 -9999 -9999 -9999 -9999 -9999 -9999 -9999 -9999 -9999 -9999 -9999 -9999 -9999 -9999 -9999 -9999 -9999 -9999 -9999 -9999 -9999 -9999 -9999 -9999 -9999 -9999 -9999 -9999 -9999 -9999 -9999 -9999 -9999 -9999 -9999 -9999 -9999 -9999 -9999 82 85 92 104 113 129 139 156 186 194 182 180 163 157 -9999 -9999 -9999 -9999 -9999 -9999 -9999 -9999
133 130 123 123 119 118 115 112 111 111 112 111 110 109 108 106 107 102 99 95 93 91 89 86 -9999 -9999 -9999 -9999 -9999 -9999 -9999 -9999 -9999 -9999 -9999 -9999 -9999 -9999 -9999 -9999 -9999 -9999 -9999 -9999 -9999 -9999 -9999 -9999 -9999 -9999 -9999 -9999 -9999 -9999 -9999 -9999 -9999 -9999 -9999 -9999 -9999 -9999 -9999 -9999 -9999 -9999 -9999 -9999 -9999 -9999 -9999 -9999 78 82 96 106 134 153 147 176 163 179 174 155 153 159 -9999 -9999 -9999 -9999 -9999 -9999 -9999 -9999
136 132 128 127 123 120 120 118 117 119 118 119 118 117 113 110 108 106 102 100 98 96 95 92 -9999 -9999 -9999 -9999 -9999 -9999 -9999 -9999 -9999 -9999 -9999 -9999 -9999 -9999 -9999 -9999 -9999 -9999 -9999 -9999 -9999 -9999 -9999 -9999 -9999 -9999 -9999 -9999 -9999 -9999 -9999 -9999 -9999 -9999 -9999 -9999 -9999 -9999 -9999 -9999 -9999 -9999 -9999 -9999 -9999 -9999 -9999 -9999 -9999 -9999 91 123 148 167 157 154 159 154 149 145 -9999 -9999 -9999 -9999 -9999 -9999 -9999 -9999 -9999 -9999
137 131 132 131 126 124 125 126 125 126 128 127 127 125 121 118 114 110 108 105 103 101 99 97 -9999 -9999 -9999 -9999 -9999 -9999 -9999 -9999 -9999 -9999 -9999 -9999 -9999 -9999 -9999 -9999 -9999 -9999 -9999 -9999 -9999 -9999 -9999 -9999 -9999 -9999 -9999 -9999 -9999 -9999 -9999 -9999 -9999 -9999 -9999 -9999 -9999 -9999 -9999 -9999 -9999 -9999 -9999 -9999 -9999 -9999 -9999 -9999 -9999 -9999 91 121 150 149 155 157 142 131 136 139 -9999 -9999 -9999 -9999 -9999 -9999 -9999 -9999 -9999 -9999
141 137 137 135 132 130 132 133 133 133 133 132 131 130 127 124 120 119 114 110 107 104 -9999 -9999 -9999 -9999 -9999 -9999 -9999 -9999 -9999 -9999 -9999 -9999 -9999 -9999 -9999 -9999 -9999 -9999 -9999 -9999 -9999 -9999 -9999 -9999 -9999 -9999 -9999 -9999 -9999 -9999 -9999 -9999 -9999 -9999 -9999 -9999 -9999 -9999 -9999 -9999 -9999 -9999 -9999 -9999 -9999 -9999 -9999 -9999 -9999 -9999 -9999 -9999 -9999 -9999 127 139 136 125 -9999 -9999 -9999 -9999 -9999 -9999 -9999 -9999 -9999 -9999 -9999 -9999 -9999 -9999
142 140 140 139 137 137 138 137 139 134 133 133 131 131 129 128 125 122 120 115 111 106 -9999 -9999 -9999 -9999 -9999 -9999 -9999 -9999 -9999 -9999 -9999 -9999 -9999 -9999 -9999 -9999 -9999 -9999 -9999 -9999 -9999 -9999 -9999 -9999 -9999 -9999 -9999 -9999 -9999 -9999 -9999 -9999 -9999 -9999 -9999 -9999 -9999 -9999 -9999 -9999 -9999 -9999 -9999 -9999 -9999 -9999 -9999 -9999 -9999 -9999 -9999 -9999 -9999 -9999 105 107 97 107 -9999 -9999 -9999 -9999 -9999 -9999 -9999 -9999 -9999 -9999 -9999 -9999 -9999 -9999
-9999 -9999 -9999 -9999 141 142 141 139 136 134 135 133 131 132 131 130 127 125 -9999 -9999 -9999 -9999 -9999 -9999 -9999 -9999 -9999 -9999 -9999 -9999 -9999 -9999 -9999 -9999 -9999 -9999 -9999 -9999 -9999 -9999 -9999 -9999 -9999 -9999 -9999 -9999 -9999 -9999 -9999 -9999 -9999 -9999 -9999 -9999 -9999 -9999 -9999 -9999 -9999 -9999 -9999 -9999 -9999 -9999 -9999 -9999 -9999 -9999 -9999 -9999 -9999 -9999 -9999 -9999 -9999 -9999 -9999 -9999 -9999 -9999 -9999 -9999 -9999 -9999 -9999 -9999 -9999 -9999 -9999 -9999 -9999 -9999 -9999 -9999
-9999 -9999 -9999 -9999 143 143 143 140 138 136 134 133 133 133 132 129 127 125 -9999 -9999 -9999 -9999 -9999 -9999 -9999 -9999 -9999 -9999 -9999 -9999 -9999 -9999 -9999 -9999 -9999 -9999 -9999 -9999 -9999 -9999 -9999 -9999 -9999 -9999 -9999 -9999 -9999 -9999 -9999 -9999 -9999 -9999 -9999 -9999 -9999 -9999 -9999 -9999 -9999 -9999 -9999 -9999 -9999 -9999 -9999 -9999 -9999 -9999 -9999 -9999 -9999 -9999 -9999 -9999 -9999 -9999 -9999 -9999 -9999 -9999 -9999 -9999 -9999 -9999 -9999 -9999 -9999 -9999 -9999 -9999 -9999 -9999 -9999 -9999
-9999 -9999 -9999 -9999 -9999 -9999 -9999 -9999 -9999 -9999 -9999 -9999 -9999 -9999 -9999 -9999 -9999 -9999 -9999 -9999 -9999 -9999 -9999 -9999 -9999 -9999 -9999 -9999 -9999 -9999 -9999 -9999 -9999 -9999 -9999 -9999 -9999 -9999 -9999 -9999 -9999 -9999 -9999 -9999 -9999 -9999 -9999 -9999 -9999 -9999 -9999 -9999 -9999 -9999 -9999 -9999 -9999 -9999 -9999 -9999 -9999 -9999 -9999 -9999 -9999 -9999 -9999 -9999 -9999 -9999 -9999 -9999 -9999 -9999 -9999 -9999 -9999 -9999 -9999 -9999 -9999 -9999 -9999 -9999 -9999 -9999 -9999 -9999 -9999 -9999 -9999 -9999 -9999 -9999
-9999 -9999 -9999 -9999 -9999 -9999 -9999 -9999 -9999 -9999 -9999 -9999 -9999 -9999 -9999 -9999 -9999 -9999 -9999 -9999 -9999 -9999 -9999 -9999 -9999 -9999 -9999 -9999 -9999 -9999 -9999 -9999 -9999 -9999 -9999 -9999 -9999 -9999 -9999 -9999 -9999 -9999 -9999 -9999 -9999 -9999 -9999 -9999 -9999 -9999 -9999 -9999 -9999 -9999 -9999 -9999 -9999 -9999 -9999 -9999 -9999 -9999 -9999 -9999 -9999 -9999 -9999 -9999 -9999 -9999 -9999 -9999 -9999 -9999 -9999 -9999 -9999 -9999 -9999 -9999 -9999 -9999 -9999 -9999 -9999 -9999 -9999 -9999 -9999 -9999 -9999 -9999 -9999 -9999
-9999 -9999 -9999 -9999 -9999 -9999 -9999 -9999 -9999 -9999 -9999 -9999 -9999 -9999 -9999 -9999 -9999 -9999 -9999 -9999 -9999 -9999 -9999 -9999 -9999 -9999 -9999 -9999 -9999 -9999 -9999 -9999 -9999 -9999 -9999 -9999 -9999 -9999 -9999 -9999 -9999 -9999 -9999 -9999 -9999 -9999 -9999 -9999 -9999 -9999 -9999 -9999 -9999 -9999 -9999 -9999 -9999 -9999 -9999 -9999 -9999 -9999 -9999 -9999 -9999 -9999 -9999 -9999 -9999 -9999 -9999 -9999 -9999 -9999 -9999 -9999 -9999 -9999 -9999 -9999 -9999 -9999 -9999 -9999 -9999 -9999 -9999 -9999 -9999 -9999 -9999 -9999 -9999 -9999
