sesion_6_simulaciones/modelos_distribucion_especies/ejemplo/variables/futuro_B2/2080/PA.asc
ncols 708
nrows 329
xllcorner -7.525000
yllcorner 35.991667
cellsize 0.008333
NODATA_value -9999
[rows 246 to 286 of 329, columns 188 to 281 of 708]
434 437 433 425 418 411 406 402 394 388 383 382 376 370 364 361 358 355 357 365 379 386 373 382 384 382 383 384 396 403 404 406 399 391 385 400 391 395 382 376 348 339 331 337 344 358 365 364 359 364 387 408 429 455 496 537 574 590 582 609 624 674 734 805 873 932 953 955 956 958 973 984 1006 1008 1031 1018 1036 1028 998 959 928 840 800 746 762 764 761 760 744 737 716 735 721 744
434 434 430 426 418 413 408 403 399 398 397 393 390 384 380 378 376 375 378 390 389 389 386 392 404 398 404 407 412 419 425 421 415 406 410 401 395 395 387 373 352 336 334 350 363 369 362 360 358 377 403 436 455 474 499 527 549 570 580 609 610 665 738 801 863 891 915 885 896 900 921 960 968 984 986 985 993 983 965 927 843 782 756 779 795 806 791 753 732 724 740 763 788 783
433 431 428 423 418 415 412 410 409 407 406 403 398 397 395 393 393 394 401 404 408 405 404 408 417 424 427 428 438 442 449 432 442 431 440 429 420 403 395 375 360 337 363 374 379 371 357 361 384 414 454 469 504 518 524 538 554 567 593 611 636 674 731 789 835 861 851 839 856 877 896 952 980 961 970 957 973 951 899 829 769 741 752 792 813 807 785 754 719 723 760 777 795 784
432 429 425 423 419 418 419 417 418 415 412 411 410 409 408 408 409 410 418 427 433 427 426 429 435 441 448 452 461 462 463 462 462 445 457 447 440 427 407 384 382 363 357 363 382 382 382 396 410 451 484 517 541 569 581 601 599 606 628 647 655 676 731 769 779 820 825 821 864 906 937 968 935 946 936 947 908 887 806 773 721 705 729 763 785 777 766 742 700 721 755 756 775 762
431 429 424 424 421 422 423 422 422 421 420 420 420 420 421 421 423 427 432 446 446 446 448 447 460 471 477 487 482 486 487 492 490 480 489 471 462 447 417 409 391 390 376 386 392 402 405 411 455 477 511 561 596 627 668 670 676 662 670 669 690 707 716 746 775 785 803 831 857 902 936 953 945 886 904 901 865 790 748 709 696 700 699 721 739 741 711 689 684 701 706 721 717 714
431 428 425 424 424 426 426 428 428 428 428 429 429 431 432 434 438 443 448 455 462 464 469 477 481 505 506 503 511 513 518 523 533 529 511 501 479 466 441 428 434 418 413 424 424 454 451 456 479 522 573 614 666 696 730 750 738 725 730 739 746 764 765 776 785 807 816 835 875 920 936 939 904 881 860 827 768 722 697 690 691 709 696 717 718 706 680 633 634 660 669 677 664 663
430 428 425 426 427 432 431 433 433 434 435 436 438 440 443 446 450 456 462 469 475 482 495 505 513 526 548 548 548 553 552 562 570 560 546 514 501 482 472 465 446 455 450 473 498 513 521 532 547 583 631 670 740 778 802 808 808 810 811 828 831 839 835 830 832 840 844 866 902 937 955 931 896 851 797 758 721 692 679 680 711 705 722 691 700 673 620 632 622 619 641 646 634 628
426 426 426 428 432 433 436 436 438 440 441 444 446 449 453 457 462 469 476 482 490 503 521 533 539 547 565 580 583 587 582 607 598 609 585 553 524 499 495 505 499 501 497 506 519 564 578 596 623 654 692 753 795 840 878 898 891 887 899 902 907 913 910 901 894 872 867 867 897 914 924 885 855 801 757 719 683 674 674 703 724 722 703 694 669 636 614 605 589 573 577 598 604 582
425 428 429 433 434 437 438 439 442 444 447 450 453 458 463 468 475 482 489 492 512 532 539 557 569 572 584 599 601 613 607 621 631 637 641 593 557 533 529 525 541 556 543 550 570 615 632 673 685 715 772 814 864 913 942 976 971 980 974 967 964 975 961 952 935 905 873 845 866 885 865 857 797 771 725 694 672 666 664 695 731 716 697 667 622 590 579 588 583 564 551 543 561 552
428 430 432 435 436 437 440 441 443 446 450 454 460 466 471 477 489 495 503 512 527 549 550 561 563 573 571 585 597 602 605 608 620 650 647 642 579 565 556 579 587 590 598 592 611 648 698 731 753 788 828 883 927 984 1021 1029 1041 1050 1040 1023 1012 1006 1000 983 951 922 875 852 839 837 837 803 765 743 710 679 668 671 682 689 727 719 704 644 596 598 581 562 555 560 523 555 558 549
427 436 433 432 435 441 441 445 446 450 455 460 467 473 476 488 495 509 525 527 541 534 554 545 556 571 584 597 611 619 624 625 620 639 665 664 616 582 587 599 614 629 649 643 661 707 751 805 811 861 887 951 1024 1045 1067 1077 1092 1095 1099 1063 1060 1045 1031 1009 958 917 869 841 817 814 798 782 756 723 695 672 670 679 687 709 737 730 700 635 634 577 558 542 554 581 563 532 546 560
439 436 432 434 437 439 445 447 452 456 460 465 472 481 490 498 509 518 543 547 556 560 563 575 583 588 605 617 631 635 642 628 634 635 672 660 641 605 610 628 651 677 701 699 732 786 820 887 903 928 970 1035 1075 1105 1108 1120 1121 1134 1121 1115 1089 1078 1072 1031 988 924 867 830 799 783 750 752 743 716 693 666 669 680 691 711 709 721 672 617 587 563 555 534 564 575 577 562 591 605
434 437 440 435 437 441 442 455 457 462 466 471 478 484 492 503 520 530 552 562 564 562 577 593 604 617 618 631 634 628 623 639 621 635 675 675 676 636 637 659 686 718 761 780 825 857 932 972 988 1008 1036 1072 1128 1132 1142 1149 1151 1162 1165 1145 1126 1106 1091 1064 998 938 868 810 765 753 728 740 712 678 684 662 665 681 700 724 728 708 640 608 585 541 542 548 570 592 590 595 598 604
436 441 438 435 435 440 447 453 460 466 464 470 474 481 494 509 518 535 543 554 553 562 577 589 606 614 612 625 622 628 624 626 621 638 683 693 689 663 672 699 733 770 820 849 903 963 995 1028 1054 1047 1094 1102 1128 1135 1151 1155 1164 1183 1186 1169 1151 1123 1095 1055 997 929 858 804 753 727 708 705 672 685 682 673 679 690 706 728 724 700 639 592 544 537 518 537 548 562 567 596 562 603
438 438 440 435 437 437 444 451 459 465 466 467 472 483 489 502 525 536 535 538 551 562 556 593 588 600 613 605 614 618 617 622 637 656 697 690 712 693 711 723 768 819 866 916 950 995 1050 1053 1082 1097 1112 1128 1140 1136 1144 1163 1182 1183 1196 1186 1162 1123 1080 1044 966 907 851 792 760 718 701 668 709 692 702 688 684 691 721 736 700 683 629 576 535 520 529 518 541 545 551 565 563 576
437 438 443 442 443 436 441 447 457 460 460 468 476 480 498 510 528 530 539 537 544 557 574 581 589 598 591 606 608 609 613 638 646 681 688 718 707 719 738 777 840 868 925 944 982 1008 1033 1078 1087 1109 1126 1116 1115 1120 1147 1170 1179 1182 1194 1180 1143 1110 1038 990 924 879 809 762 724 696 668 663 686 684 680 687 691 716 741 744 710 684 640 590 562 532 553 559 547 569 569 533 565 593
439 441 443 446 440 442 440 444 450 455 457 465 473 489 506 517 532 527 526 536 541 546 564 580 593 587 595 612 615 620 628 634 672 676 695 708 712 751 786 824 877 926 969 981 1002 1019 1046 1063 1085 1092 1094 1100 1110 1105 1136 1157 1151 1168 1161 1144 1103 1045 999 943 874 825 768 705 669 643 614 660 670 637 678 682 698 758 761 731 703 665 623 570 554 547 563 562 600 572 577 561 538 579
437 436 442 441 444 441 440 442 449 460 463 467 477 488 502 509 515 523 525 532 538 550 557 575 574 583 599 618 618 626 624 650 662 684 673 710 735 772 801 862 907 962 998 1001 1013 1040 1052 1068 1067 1077 1068 1064 1071 1084 1106 1125 1144 1137 1127 1110 1066 1014 926 876 806 770 699 661 625 615 619 629 666 706 699 703 720 772 770 736 708 674 625 583 550 543 531 523 528 548 551 521 556 587
440 440 440 441 444 441 436 448 451 459 462 470 476 486 498 499 509 515 518 531 531 537 550 561 579 588 595 617 625 621 632 646 668 657 685 719 744 785 827 896 940 979 995 1015 1020 1038 1054 1069 1054 1036 1038 1028 1019 1038 1060 1072 1090 1075 1073 1057 1026 948 880 812 752 705 673 659 633 617 644 665 712 732 751 730 758 740 757 746 697 662 617 587 557 550 562 521 559 537 548 561 578 606
438 440 443 440 441 440 442 446 449 458 464 470 479 487 492 501 505 511 516 524 533 540 548 559 570 580 594 609 603 628 632 649 658 669 691 697 735 775 827 874 916 961 990 979 999 1021 1039 1031 1025 1013 992 982 974 1001 1005 1007 1007 1023 1029 1008 984 918 846 775 711 681 643 656 638 639 639 673 715 758 741 764 751 761 742 712 683 650 615 593 586 578 590 578 540 574 583 609 614 630
440 440 441 434 439 432 434 439 447 452 458 461 475 485 490 495 501 506 514 522 531 540 545 559 574 589 597 605 620 620 639 644 652 664 697 701 740 766 809 853 900 937 952 960 950 961 981 989 973 958 947 935 932 924 956 956 978 971 988 961 921 873 818 748 689 660 629 641 633 628 627 667 681 738 741 734 738 726 711 688 640 635 603 620 573 591 615 596 613 593 602 611 636 639
438 434 434 434 430 432 434 434 437 439 448 459 467 470 485 494 501 506 513 518 527 537 545 563 578 601 604 610 618 639 646 639 646 666 691 715 742 757 785 825 859 872 903 871 901 894 900 915 918 891 883 879 875 877 894 926 923 926 908 892 867 821 790 730 668 619 595 593 599 593 623 651 711 707 706 704 703 699 668 658 638 624 625 633 593 592 628 625 654 675 647 630 632 599
429 430 432 429 427 425 429 432 437 441 444 452 464 472 482 496 502 504 513 520 527 539 553 573 592 598 603 611 638 643 644 643 654 676 696 701 728 746 764 790 794 798 819 829 839 826 819 829 827 829 817 826 813 826 861 872 875 874 841 819 781 770 724 688 640 604 577 573 586 598 616 647 683 712 684 689 675 648 652 642 641 652 656 622 627 626 616 677 675 712 698 638 625 580
425 425 426 425 426 425 428 434 432 438 444 450 458 466 472 487 502 510 521 526 530 543 557 574 587 599 597 607 626 633 634 649 670 667 686 705 719 725 730 740 753 781 796 805 805 779 783 771 777 761 769 781 784 787 788 811 815 819 805 774 745 691 673 637 623 583 565 563 564 597 605 638 664 684 662 649 645 645 636 651 658 662 641 650 649 657 665 690 720 740 719 679 612 564
421 423 427 429 431 427 428 428 438 438 442 442 455 458 469 483 490 509 516 532 534 545 550 570 581 597 604 611 619 634 643 661 673 691 690 694 708 705 709 710 719 753 774 783 762 763 756 737 750 727 754 745 739 736 736 743 765 760 785 737 704 656 631 605 579 563 551 553 568 582 584 614 620 636 635 622 622 629 635 654 694 687 687 649 649 667 680 686 715 707 715 673 622 572
420 422 433 426 436 432 427 430 435 437 439 446 449 457 465 477 490 510 518 529 536 545 561 578 591 592 609 610 627 645 644 663 669 672 683 689 699 704 703 706 729 736 757 756 758 725 724 710 715 713 718 719 725 711 710 709 711 725 726 722 677 641 603 576 561 552 552 546 560 571 582 603 613 600 593 598 603 616 626 647 697 697 669 652 617 633 631 635 638 645 677 657 594 517
413 421 433 447 448 439 428 434 433 438 438 444 448 456 465 478 492 501 520 526 536 542 560 578 587 596 610 616 645 658 680 682 688 692 694 706 719 726 717 703 724 717 736 751 735 736 704 695 701 685 705 710 716 702 696 675 662 686 690 677 647 617 590 574 555 546 545 556 561 571 567 597 594 586 583 584 582 601 606 636 657 672 651 627 595 580 588 583 576 607 589 593 552 516
413 417 434 439 451 443 436 433 437 442 447 448 454 461 471 475 492 506 518 529 534 539 564 576 581 592 608 626 656 675 698 695 713 709 717 728 745 744 753 741 735 726 724 729 739 737 722 704 702 706 684 702 714 730 698 665 656 653 639 637 609 592 579 566 554 543 544 551 555 567 572 586 584 577 567 568 572 568 587 605 614 633 585 599 558 551 529 537 536 544 535 524 513 488
418 421 428 439 439 440 439 437 443 446 451 457 465 476 480 491 494 501 516 530 540 544 564 577 579 592 606 620 641 661 675 704 704 724 730 736 751 777 754 755 746 745 742 748 741 740 737 710 706 710 703 717 708 710 688 647 622 624 617 595 584 571 565 564 553 545 542 538 558 559 566 583 587 566 556 547 560 558 579 578 584 579 567 562 561 544 510 507 500 497 498 480 471 469
430 434 437 442 445 443 443 448 451 455 466 472 480 486 488 497 494 500 520 528 535 547 559 570 580 591 603 618 632 652 669 681 697 713 736 738 747 756 758 754 753 751 745 767 758 750 734 742 718 727 714 727 716 707 686 656 635 619 606 596 571 569 558 563 556 548 543 547 555 553 564 576 573 570 543 540 540 553 562 561 561 555 542 551 545 527 517 496 491 493 471 467 453 450
447 453 465 460 457 458 460 465 471 472 485 476 488 492 484 496 501 499 506 524 534 551 568 571 584 592 603 616 628 648 666 681 692 708 728 745 751 747 762 763 761 756 765 787 753 752 740 746 729 723 721 735 734 706 697 669 641 623 609 602 576 565 558 560 556 552 546 550 557 554 561 565 572 552 547 534 530 524 526 540 535 533 529 533 529 525 505 487 496 477 478 460 453 442
467 485 485 488 480 479 480 485 489 494 487 498 493 496 493 498 507 506 516 525 535 554 567 573 586 589 601 613 624 645 657 674 687 704 720 734 743 742 754 757 759 754 778 759 774 747 756 738 733 719 711 729 738 736 713 664 649 632 618 602 589 570 565 572 566 567 554 548 556 555 558 566 557 551 536 524 519 520 521 525 539 532 523 514 517 496 496 489 469 468 462 462 -9999 -9999
492 495 508 500 491 495 495 499 499 504 501 502 507 503 505 509 515 519 527 526 536 550 565 580 583 592 607 610 626 638 656 669 681 697 710 720 729 735 748 754 761 759 782 767 771 766 735 745 716 721 719 729 732 738 715 693 672 657 642 626 600 582 578 576 583 576 570 558 552 552 556 556 558 542 542 522 514 508 516 525 533 537 524 500 506 490 489 480 468 462 459 455 -9999 -9999
502 528 517 515 510 508 505 508 508 502 505 512 510 513 514 518 526 527 528 528 540 546 556 572 581 589 602 609 622 636 644 658 672 684 698 710 717 726 740 738 756 769 770 765 762 768 744 735 725 716 721 726 738 733 733 703 689 686 674 642 615 594 586 583 590 581 576 566 563 553 551 550 547 542 522 520 510 507 512 518 538 543 522 505 490 485 486 480 -9999 -9999 -9999 -9999 -9999 -9999
523 530 536 529 519 519 516 513 510 507 509 509 502 518 515 520 516 526 524 527 531 548 564 562 576 590 597 601 613 624 637 651 666 672 686 693 705 711 729 748 750 747 766 765 758 760 744 727 710 715 700 720 706 721 709 718 696 691 683 661 629 609 602 603 592 589 585 586 566 570 566 555 544 533 530 512 512 506 507 530 530 547 520 509 484 481 486 484 -9999 -9999 -9999 -9999 -9999 -9999
531 538 548 539 529 524 522 519 516 511 511 506 515 516 516 512 511 521 523 524 533 534 555 564 572 582 588 592 605 617 631 636 658 663 670 679 690 708 700 722 741 734 732 741 756 752 728 722 716 695 692 706 700 707 705 696 688 687 683 666 652 620 615 607 602 601 596 591 589 588 580 579 563 538 548 525 515 507 503 530 542 548 520 502 482 476 480 474 -9999 -9999 -9999 -9999 -9999 -9999
527 545 549 536 530 524 524 520 519 513 510 502 507 502 507 511 511 513 518 523 530 543 553 554 565 573 579 587 597 607 617 632 641 649 655 658 673 688 701 695 713 696 714 720 727 734 723 716 714 712 691 701 676 703 695 698 686 700 708 694 660 645 637 627 620 622 613 623 612 619 592 583 561 558 546 527 512 502 523 528 544 535 522 505 490 482 478 465 -9999 -9999 -9999 -9999 -9999 -9999
536 543 541 533 528 527 530 524 518 513 508 505 503 502 503 503 506 510 515 519 528 534 543 551 555 565 573 582 595 609 615 624 634 649 643 654 655 656 661 685 679 709 691 708 734 734 720 726 708 712 714 705 694 688 693 691 697 707 711 691 673 662 656 645 638 634 635 628 624 617 604 597 578 555 543 527 512 505 511 535 516 532 518 506 498 488 -9999 -9999 -9999 -9999 -9999 -9999 -9999 -9999
534 538 542 531 530 533 535 530 523 513 505 503 500 503 503 507 514 514 518 518 524 532 537 543 550 561 570 585 606 617 623 613 631 638 642 644 647 647 644 648 665 673 701 710 730 732 736 723 716 716 717 730 696 689 680 685 701 705 715 710 700 679 676 660 649 649 652 637 628 622 604 589 568 551 538 519 511 507 506 523 531 522 504 504 487 484 -9999 -9999 -9999 -9999 -9999 -9999 -9999 -9999
531 533 533 526 533 527 536 528 514 508 504 501 502 502 507 508 517 522 518 514 518 525 530 538 550 561 566 592 609 628 645 627 629 623 625 646 641 631 638 639 652 662 676 693 712 725 728 724 715 713 720 702 694 686 679 685 686 696 705 720 712 702 683 671 659 660 651 642 626 610 595 584 565 547 541 522 511 503 512 520 527 515 505 503 493 483 -9999 -9999 -9999 -9999 -9999 -9999 -9999 -9999
524 528 520 519 520 522 514 515 504 498 494 495 497 503 507 512 516 513 514 509 515 520 528 539 544 557 576 595 619 633 640 627 643 622 632 636 650 645 629 617 627 641 646 680 690 710 717 727 736 729 706 691 697 677 681 677 703 702 713 712 717 703 687 676 665 659 655 641 631 620 590 576 559 555 537 525 510 503 498 521 517 514 510 495 488 471 -9999 -9999 -9999 -9999 -9999 -9999 -9999 -9999
