sesion_6_simulaciones/modelos_distribucion_especies/ejemplo/variables/futuro_B2/2080/TMNV.asc
ncols 708
nrows 329
xllcorner -7.525000
yllcorner 35.991667
cellsize 0.008333
NODATA_value -9999
[rows 246 to 286 of 329, columns 188 to 281 of 708]
203 203 202 203 203 204 204 204 204 204 204 204 203 204 204 204 204 204 204 203 202 203 202 202 203 203 204 203 203 203 203 203 203 203 203 203 201 200 198 200 199 201 202 201 199 198 198 199 199 201 202 203 202 202 201 197 196 198 199 201 199 201 197 191 187 187 186 187 191 194 194 192 193 191 190 186 190 189 184 184 192 196 201 197 195 194 193 190 188 191 190 191 187 187
203 203 203 203 203 204 204 204 204 204 203 203 203 203 203 203 204 204 204 204 203 204 203 203 204 202 203 204 203 203 203 203 203 203 202 202 201 201 201 201 200 201 201 200 198 198 199 199 200 202 202 202 202 203 202 200 201 203 202 202 200 200 196 191 188 186 191 192 196 196 193 192 189 187 187 189 189 183 183 191 196 200 197 192 188 189 192 190 192 192 190 186 183 183
203 203 203 203 204 204 204 204 204 203 203 203 203 203 203 203 203 203 203 201 202 203 204 204 204 203 204 203 203 203 204 202 204 202 203 203 203 202 202 200 200 201 202 199 196 195 199 202 202 202 200 197 198 200 202 203 203 201 198 198 202 200 193 189 190 191 193 195 196 195 190 189 189 186 190 189 188 186 188 194 199 202 199 194 188 186 189 191 193 193 189 184 183 184
203 203 203 204 204 203 203 203 203 203 203 203 203 203 203 203 203 203 203 202 202 203 203 203 203 203 204 203 204 203 204 204 204 202 202 201 202 203 202 201 203 202 201 199 199 199 201 202 199 199 199 199 198 198 198 200 200 201 201 201 202 201 198 194 190 193 195 195 195 190 187 187 185 189 188 186 182 190 194 200 202 201 198 193 191 188 192 195 196 194 190 186 189 189
203 203 203 204 203 203 203 203 203 203 203 203 203 203 203 203 203 203 202 202 201 202 203 203 203 203 202 203 204 204 203 203 203 202 204 201 202 203 203 204 201 202 202 203 203 203 203 201 201 200 198 199 197 197 197 195 198 200 202 201 201 201 199 199 198 195 196 197 191 186 185 187 188 184 185 186 191 194 200 201 201 199 195 194 194 193 193 197 199 195 190 191 192 192
203 203 203 203 203 203 203 203 203 203 203 203 203 203 202 202 202 202 202 201 202 203 203 203 202 201 198 199 202 203 202 201 201 202 202 203 201 203 203 203 203 202 201 202 198 199 201 202 201 200 200 197 196 195 195 196 198 200 201 200 199 200 199 200 199 197 196 196 193 188 185 185 185 189 191 194 197 200 202 200 197 197 196 197 196 197 199 199 199 197 195 195 192 194
203 203 203 203 203 203 202 203 202 202 202 202 202 202 202 202 202 202 202 202 202 202 201 201 201 200 201 201 201 202 201 202 202 200 201 202 204 203 203 203 201 202 203 202 200 198 199 202 201 202 201 198 196 195 195 196 198 200 198 198 198 197 197 198 197 194 193 193 188 183 185 184 186 192 195 198 200 202 200 197 196 193 196 194 196 197 198 202 201 199 199 198 194 196
203 203 203 203 203 203 203 202 202 202 202 202 202 202 202 202 202 202 202 201 201 200 199 200 200 197 196 197 196 195 196 200 197 197 198 201 203 203 202 203 202 203 203 201 197 198 197 200 202 201 199 199 195 193 193 194 196 198 197 195 195 195 194 194 196 194 195 194 189 184 187 186 189 193 197 198 200 202 200 199 196 192 194 197 195 197 201 200 199 198 199 200 198 197
203 203 203 203 202 202 202 202 202 202 202 202 202 202 202 201 201 201 201 201 201 199 197 199 199 198 198 198 198 199 198 199 197 193 195 198 201 203 203 199 198 198 199 202 201 200 197 200 200 199 199 197 198 196 193 194 195 197 195 195 195 194 193 193 193 194 196 195 195 192 188 192 195 198 198 200 202 201 199 198 195 190 196 200 199 200 200 201 203 203 203 199 199 199
203 203 203 202 202 202 202 202 202 202 202 202 202 202 201 201 201 200 200 201 201 199 198 198 199 199 198 198 199 199 199 199 198 196 191 197 201 203 201 201 199 196 200 202 202 200 199 199 200 200 199 198 196 195 193 195 197 195 193 196 197 196 196 194 192 193 195 197 195 193 192 193 195 197 201 202 201 200 199 195 192 188 194 197 197 202 204 203 200 201 200 203 203 202
201 202 202 202 202 203 202 202 202 202 202 202 201 201 201 201 200 200 199 196 199 199 200 198 199 199 199 199 198 197 197 199 199 198 194 195 201 201 200 200 200 197 200 201 201 201 198 199 197 200 197 195 195 192 193 196 196 193 195 196 197 195 194 193 192 194 196 197 194 195 195 196 197 197 200 202 201 199 197 195 191 190 195 195 202 201 204 202 198 200 201 197 196 196
202 201 202 202 202 202 202 202 202 201 201 201 201 201 201 200 200 199 198 195 198 200 199 199 198 198 198 196 196 196 197 196 199 199 196 191 199 202 202 201 201 198 200 200 200 200 195 197 196 198 198 196 194 193 195 199 197 197 197 198 196 194 193 192 194 195 197 198 197 198 194 195 197 197 201 202 202 200 198 195 189 194 199 197 199 203 205 200 200 198 198 196 197 196
202 201 202 202 202 202 201 202 201 201 201 201 201 200 200 199 200 199 196 196 198 197 196 196 195 196 195 195 196 197 197 198 198 200 198 191 198 201 201 201 198 195 198 199 199 195 195 194 195 196 194 194 197 194 198 200 198 197 195 195 196 196 193 191 191 194 197 198 199 200 195 198 199 198 202 202 201 199 198 196 190 193 198 202 204 204 203 197 199 198 194 193 192 192
202 201 202 202 202 202 202 201 201 201 201 201 201 201 201 200 199 198 197 198 198 197 197 197 196 197 196 196 197 199 199 200 200 199 198 192 197 199 199 201 199 196 197 195 194 193 190 191 194 192 194 195 196 195 199 198 196 197 196 193 194 194 191 189 191 195 197 199 198 199 200 200 198 199 199 200 201 198 196 194 191 196 200 202 202 206 201 200 198 195 194 197 192 196
202 201 201 202 202 202 202 201 200 201 202 202 201 201 200 199 199 199 198 199 200 199 197 198 197 198 199 197 198 200 198 198 200 199 196 191 199 199 200 200 199 197 196 195 192 191 194 192 194 196 196 197 199 199 199 197 198 196 196 194 192 191 190 193 191 193 196 196 195 196 200 195 197 195 196 199 200 199 199 196 192 197 200 200 201 205 206 203 203 202 201 200 197 195
201 201 201 201 202 202 202 202 201 201 202 202 201 200 200 199 198 197 199 200 199 199 199 198 197 199 198 199 199 200 200 200 197 199 195 196 197 199 198 197 197 193 194 196 196 196 196 196 193 197 198 196 198 200 200 199 198 194 193 192 190 193 192 194 192 194 193 195 197 198 200 197 197 198 199 201 200 197 196 195 195 200 203 205 207 204 202 200 197 198 197 195 197 196
201 201 201 200 200 201 202 202 202 202 201 201 201 200 199 199 199 198 198 200 199 199 199 198 199 199 200 199 198 200 200 197 197 197 198 197 195 198 198 194 192 190 193 195 197 197 198 196 195 195 197 200 201 198 198 197 195 194 190 191 191 191 196 197 193 195 198 199 201 201 201 204 202 198 202 201 199 199 195 194 199 201 203 205 206 203 201 198 199 193 197 200 197 196
200 200 201 201 201 201 202 201 201 201 201 201 201 200 199 198 199 200 200 200 200 200 200 200 197 198 199 197 195 199 200 198 196 198 196 197 195 195 193 194 192 189 191 193 195 197 195 196 197 200 199 200 200 199 199 195 192 190 190 193 193 195 195 198 195 198 201 203 203 203 202 197 196 199 198 199 199 198 195 195 198 201 202 206 205 205 202 199 197 197 201 198 198 196
201 200 201 201 201 201 201 202 201 201 200 201 201 201 200 199 199 199 200 200 199 199 200 200 200 200 199 198 198 199 200 197 198 197 198 198 196 194 189 191 192 188 186 191 194 193 192 194 195 197 200 201 200 200 197 194 195 193 192 190 191 192 196 200 200 202 203 201 201 202 201 197 196 195 197 196 199 194 197 199 198 200 202 206 205 203 206 202 204 202 201 197 195 194
200 200 200 200 200 201 201 201 200 200 200 200 200 200 200 200 200 199 200 201 201 201 201 201 200 200 200 200 199 200 199 197 199 200 199 196 195 195 192 189 186 184 185 188 190 190 191 191 195 199 198 200 201 200 196 197 197 195 193 190 192 193 196 199 201 204 199 196 196 200 198 197 197 194 190 196 197 199 200 201 203 207 208 208 205 201 202 203 197 201 201 197 190 191
200 200 200 200 201 201 201 201 201 201 201 200 199 200 200 200 200 200 200 200 201 201 200 200 200 199 200 201 200 197 198 199 200 199 199 195 195 193 191 188 185 183 184 188 187 188 191 192 193 196 198 201 202 197 200 199 196 191 192 191 190 192 195 196 200 205 202 199 198 201 201 200 196 198 197 198 199 200 202 203 203 208 206 207 202 202 201 198 200 195 197 199 195 195
200 200 200 201 201 201 201 201 201 201 201 201 200 199 200 200 200 201 201 200 200 201 200 201 199 198 200 200 196 196 198 199 200 199 196 195 194 192 188 186 186 184 187 185 190 191 192 192 194 195 196 199 201 200 198 196 192 192 193 194 194 193 197 199 202 205 204 201 202 202 203 200 198 197 201 201 201 205 206 207 208 207 204 206 204 201 203 196 194 195 195 197 195 196
200 200 200 201 201 200 201 201 201 201 201 201 200 200 200 199 198 199 200 200 200 201 201 200 198 197 200 200 198 197 199 200 200 199 199 195 194 193 190 190 189 186 188 188 191 193 194 194 194 197 197 200 200 199 197 195 196 195 194 198 197 198 197 198 200 204 205 205 205 204 201 198 196 198 200 205 204 204 208 207 206 207 206 202 203 202 197 197 188 188 192 191 198 201
200 200 200 200 200 200 201 201 199 199 201 201 200 200 200 200 200 199 200 200 200 201 201 200 199 199 200 200 199 198 199 200 198 194 196 196 195 194 194 194 192 191 189 188 189 189 194 195 199 199 200 201 201 201 197 197 197 195 194 198 201 201 201 200 203 204 206 205 202 204 202 201 200 201 201 204 207 208 206 205 203 203 200 201 200 201 196 192 190 187 186 191 197 201
199 199 200 199 200 200 200 199 200 200 200 200 201 200 200 200 199 199 198 199 200 201 200 200 200 200 200 201 200 200 201 200 199 199 198 198 197 196 196 196 193 190 187 188 188 191 194 193 197 197 199 197 198 201 200 199 200 194 196 194 198 202 204 204 204 206 206 205 204 205 204 203 201 203 205 207 208 206 204 203 201 197 201 198 199 199 193 191 195 189 188 192 201 206
200 200 199 196 199 199 199 199 200 200 200 201 200 201 200 200 200 200 199 199 200 201 200 200 199 198 200 201 201 201 198 199 200 200 200 200 199 198 198 197 195 191 190 190 193 191 196 196 197 197 196 198 201 200 202 203 200 197 196 197 198 202 204 204 205 206 206 204 204 205 205 204 204 205 205 207 206 205 204 202 199 197 199 201 203 202 196 199 198 196 197 197 203 204
200 200 198 196 197 199 198 200 200 200 199 200 201 201 200 200 200 199 200 200 201 200 199 199 200 201 201 199 199 197 198 198 200 201 201 201 200 200 199 195 196 193 195 194 193 195 195 196 198 198 200 200 198 197 200 202 200 199 198 199 200 202 204 205 205 206 206 205 205 206 204 204 203 205 208 207 205 207 205 203 197 199 201 202 205 205 205 205 202 204 199 200 207 210
200 199 199 196 197 199 199 200 200 199 200 200 200 200 200 200 200 200 200 200 201 200 200 200 200 201 200 200 199 198 199 196 199 200 200 199 198 196 198 199 199 195 193 192 192 193 194 195 197 199 198 198 194 197 198 199 203 203 199 201 203 204 204 204 206 206 206 205 205 206 205 204 203 206 208 207 207 207 206 205 200 202 200 204 203 207 207 208 208 208 206 207 212 213
200 200 200 199 198 199 200 200 200 200 200 200 199 199 200 201 200 199 199 200 201 200 200 200 200 201 201 200 200 200 200 200 199 201 199 198 198 198 195 198 199 197 196 196 194 194 196 195 196 196 197 197 193 195 198 198 200 203 203 202 204 204 204 204 205 206 206 205 206 205 205 205 205 205 208 208 208 206 205 204 204 204 203 204 205 208 208 210 211 212 213 214 215 216
200 200 199 199 200 200 199 200 200 199 200 199 199 199 199 200 199 199 200 200 201 200 200 200 200 201 200 201 201 201 200 200 201 201 200 199 198 198 199 199 200 200 197 196 194 196 196 196 194 195 194 196 195 198 198 198 200 202 203 204 203 205 204 204 204 205 206 206 206 205 205 205 203 205 207 209 207 207 206 205 207 208 206 206 206 208 210 211 212 213 212 216 217 218
199 198 199 199 199 200 200 200 200 199 199 197 199 199 198 199 200 200 200 201 201 200 199 199 200 201 201 201 200 201 201 201 201 201 201 200 200 200 201 200 200 198 196 196 193 196 195 195 196 197 196 195 194 193 195 198 199 200 202 204 204 205 205 204 204 205 206 206 206 205 205 204 205 206 208 209 208 208 208 208 206 207 209 207 207 209 209 210 214 213 216 217 220 220
199 198 197 199 199 200 199 198 198 199 198 199 199 199 199 200 200 200 201 200 200 200 199 199 200 200 201 201 201 201 200 201 201 201 201 201 201 201 201 198 198 198 198 194 197 195 195 194 196 197 195 194 192 194 197 198 201 202 201 200 204 205 205 205 203 205 206 206 206 206 206 206 204 205 207 209 209 209 210 208 206 207 209 208 209 209 212 213 214 216 217 220 -9999 -9999
198 197 198 198 198 199 199 198 197 198 199 198 198 199 199 200 199 198 200 200 200 200 200 200 199 199 201 200 201 200 200 201 201 201 201 201 201 200 200 198 198 197 199 198 197 196 194 196 194 197 197 195 192 193 193 195 198 199 199 200 203 204 205 203 204 205 206 206 206 207 207 207 207 205 207 209 209 209 210 209 206 207 210 209 211 211 213 215 216 218 220 223 -9999 -9999
197 198 197 199 199 199 199 200 200 199 200 199 198 198 198 199 199 198 200 201 200 199 199 200 200 199 200 200 201 201 200 201 201 201 201 201 201 200 200 197 197 196 197 197 194 195 195 196 197 197 197 194 195 195 195 194 196 197 199 200 202 204 204 203 205 204 204 204 206 207 207 207 208 207 207 209 210 210 210 209 208 206 208 212 212 212 213 216 -9999 -9999 -9999 -9999 -9999 -9999
198 196 197 198 199 199 199 199 199 200 199 199 198 198 198 199 199 199 200 200 200 200 200 199 199 200 200 200 201 201 201 201 201 200 201 200 201 200 200 199 196 195 197 195 193 195 196 195 196 198 196 196 194 196 195 198 198 197 198 201 203 205 204 205 205 205 205 205 205 206 206 205 207 208 209 207 209 210 210 210 207 208 208 213 214 215 215 218 -9999 -9999 -9999 -9999 -9999 -9999
198 197 198 199 199 199 199 200 200 200 200 199 200 199 199 199 199 200 200 200 200 199 200 200 200 200 200 200 201 201 201 199 200 200 201 201 201 199 196 198 199 197 197 195 194 196 196 197 197 197 197 197 196 196 195 197 198 197 197 198 202 203 205 205 205 205 205 204 204 205 204 206 207 205 208 208 209 210 209 209 207 208 209 213 215 216 218 220 -9999 -9999 -9999 -9999 -9999 -9999
198 198 198 198 199 199 199 199 199 200 200 199 200 199 199 200 200 200 200 200 200 200 200 200 200 200 200 200 201 201 200 200 201 201 201 200 201 200 200 198 197 196 198 196 193 195 196 197 196 196 197 199 197 199 197 199 199 199 200 201 201 204 205 205 205 205 204 205 203 204 202 204 205 207 207 208 209 209 210 208 207 207 210 213 214 216 220 223 -9999 -9999 -9999 -9999 -9999 -9999
198 197 197 199 199 199 199 198 199 199 199 199 200 200 200 200 200 200 200 200 200 199 199 200 200 200 200 200 200 200 200 200 200 200 199 200 201 200 199 200 197 199 196 196 195 194 193 195 193 196 198 196 197 199 199 199 200 199 199 198 200 203 204 204 205 204 203 203 204 203 203 205 206 206 208 208 209 210 210 210 207 209 211 213 215 217 -9999 -9999 -9999 -9999 -9999 -9999 -9999 -9999
198 196 198 199 199 198 198 197 198 199 199 199 199 199 199 199 199 199 200 200 200 200 200 200 200 200 200 200 199 196 197 198 200 200 199 199 200 201 201 199 197 195 196 194 193 192 195 196 196 196 194 195 195 199 199 199 200 199 199 200 202 202 204 205 205 205 204 203 205 205 204 206 206 207 208 208 210 210 208 208 209 210 211 215 216 218 -9999 -9999 -9999 -9999 -9999 -9999 -9999 -9999
198 198 198 198 198 196 196 197 197 198 198 198 198 198 198 198 198 198 199 200 200 200 200 200 200 200 200 199 196 194 197 198 200 199 198 199 199 198 200 201 199 197 197 196 193 192 193 193 193 194 195 195 197 199 200 200 199 200 199 199 202 203 203 205 205 205 204 204 205 205 205 207 206 206 208 209 210 210 209 208 210 211 212 215 217 220 -9999 -9999 -9999 -9999 -9999 -9999 -9999 -9999
197 198 198 198 198 198 197 198 198 198 198 198 198 198 198 198 198 198 199 200 200 200 200 200 198 198 199 198 195 195 196 195 198 196 198 198 198 198 197 199 200 199 197 196 194 193 192 192 193 196 196 197 199 198 200 200 202 201 202 200 202 203 204 204 205 206 205 205 206 206 206 207 207 207 208 209 210 211 209 210 209 211 213 214 217 221 -9999 -9999 -9999 -9999 -9999 -9999 -9999 -9999
