sesion_6_simulaciones/modelos_distribucion_especies/ejemplo/variables/futuro_B2/2080/TMXI.asc
ncols 708
nrows 329
xllcorner -7.525000
yllcorner 35.991667
cellsize 0.008333
NODATA_value -9999
[rows 42 to 83 of 329, columns 188 to 281 of 708]
-9999 -9999 -9999 -9999 -9999 -9999 -9999 -9999 -9999 -9999 -9999 -9999 -9999 -9999 -9999 -9999 -9999 -9999 -9999 -9999 -9999 -9999 -9999 -9999 -9999 -9999 -9999 -9999 -9999 -9999 -9999 -9999 -9999 -9999 -9999 -9999 -9999 -9999 -9999 -9999 -9999 -9999 -9999 -9999 -9999 -9999 -9999 -9999 136 135 136 134 132 133 134 133 134 135 136 135 135 135 135 135 136 136 136 137 136 137 138 139 138 139 133 132 135 129 137 136 135 135 135 135 134 132 135 132 132 133 135 132 135 134
-9999 -9999 -9999 -9999 -9999 -9999 -9999 -9999 -9999 -9999 -9999 -9999 -9999 -9999 -9999 -9999 -9999 -9999 -9999 -9999 -9999 -9999 -9999 -9999 -9999 -9999 -9999 -9999 -9999 -9999 -9999 -9999 -9999 -9999 -9999 -9999 -9999 -9999 -9999 -9999 -9999 -9999 -9999 -9999 -9999 -9999 -9999 -9999 136 137 133 135 135 135 133 133 133 134 134 134 134 134 132 135 136 135 135 136 136 136 137 138 138 138 138 138 134 136 130 130 135 134 135 135 134 134 131 133 128 132 130 132 131 132
-9999 -9999 -9999 -9999 -9999 -9999 -9999 -9999 -9999 -9999 -9999 -9999 -9999 -9999 -9999 -9999 -9999 -9999 -9999 -9999 -9999 -9999 -9999 -9999 -9999 -9999 -9999 -9999 -9999 -9999 -9999 -9999 -9999 -9999 -9999 -9999 -9999 -9999 -9999 -9999 -9999 -9999 -9999 -9999 -9999 -9999 -9999 133 133 136 135 131 133 133 134 135 131 133 133 133 133 134 134 133 134 134 135 136 136 136 137 137 137 138 138 137 137 139 136 137 138 133 134 135 133 134 134 133 134 134 128 128 130 134
-9999 -9999 -9999 -9999 -9999 -9999 -9999 -9999 -9999 -9999 -9999 -9999 -9999 -9999 -9999 -9999 -9999 -9999 -9999 -9999 -9999 -9999 -9999 -9999 -9999 -9999 -9999 -9999 -9999 -9999 -9999 -9999 -9999 -9999 -9999 -9999 -9999 -9999 -9999 -9999 -9999 -9999 -9999 -9999 -9999 -9999 -9999 135 135 136 132 132 131 133 133 131 132 132 132 132 132 132 132 132 134 133 134 135 135 136 137 136 136 137 138 138 138 138 138 138 138 136 136 126 128 125 133 123 128 133 136 136 133 131
-9999 -9999 -9999 -9999 -9999 -9999 -9999 -9999 -9999 -9999 -9999 -9999 -9999 -9999 -9999 -9999 -9999 -9999 -9999 -9999 -9999 -9999 -9999 -9999 -9999 -9999 -9999 -9999 -9999 -9999 -9999 -9999 -9999 -9999 -9999 -9999 -9999 -9999 -9999 -9999 -9999 -9999 -9999 -9999 -9999 -9999 -9999 135 134 134 135 133 132 132 134 128 132 133 132 132 133 133 133 135 135 136 136 134 136 136 137 136 135 135 136 138 138 138 138 133 133 135 135 136 134 135 136 136 137 136 136 136 135 129
-9999 -9999 -9999 -9999 -9999 -9999 -9999 -9999 -9999 -9999 -9999 -9999 -9999 -9999 -9999 -9999 -9999 -9999 -9999 -9999 -9999 -9999 -9999 -9999 -9999 -9999 -9999 -9999 -9999 -9999 -9999 -9999 -9999 -9999 -9999 -9999 -9999 -9999 -9999 -9999 -9999 -9999 -9999 -9999 -9999 -9999 135 135 133 134 133 133 133 132 131 128 131 128 127 131 133 134 134 135 135 136 136 137 137 137 135 132 134 135 131 135 138 138 136 138 135 133 134 134 132 134 135 135 135 136 138 138 137 136
-9999 -9999 -9999 -9999 -9999 -9999 -9999 -9999 -9999 -9999 -9999 -9999 -9999 -9999 -9999 -9999 -9999 -9999 -9999 -9999 -9999 -9999 -9999 -9999 -9999 -9999 -9999 -9999 -9999 -9999 -9999 -9999 -9999 -9999 -9999 -9999 -9999 -9999 -9999 -9999 -9999 -9999 -9999 -9999 -9999 -9999 -9999 -9999 133 133 133 133 134 132 130 132 128 125 130 132 133 134 135 133 134 131 136 138 138 138 138 137 135 132 137 140 138 139 135 134 134 136 139 137 138 135 130 132 131 135 135 134 137 139
-9999 -9999 -9999 -9999 -9999 -9999 -9999 -9999 -9999 -9999 -9999 -9999 -9999 -9999 -9999 -9999 -9999 -9999 -9999 -9999 -9999 -9999 -9999 -9999 -9999 -9999 -9999 -9999 -9999 -9999 -9999 -9999 -9999 -9999 -9999 -9999 -9999 -9999 -9999 -9999 -9999 -9999 -9999 -9999 -9999 -9999 -9999 -9999 132 134 133 133 133 133 134 131 130 136 126 122 130 135 135 135 136 134 134 134 133 137 139 138 138 138 138 138 136 139 140 127 131 133 138 138 137 134 133 127 133 128 131 135 139 136
-9999 -9999 -9999 -9999 -9999 -9999 -9999 -9999 -9999 -9999 -9999 -9999 -9999 -9999 -9999 -9999 -9999 -9999 -9999 -9999 -9999 -9999 -9999 -9999 -9999 -9999 -9999 -9999 -9999 -9999 -9999 -9999 -9999 -9999 -9999 -9999 -9999 -9999 -9999 -9999 -9999 -9999 -9999 -9999 -9999 -9999 -9999 -9999 -9999 -9999 133 133 133 132 133 134 134 134 134 132 135 134 137 136 137 135 135 138 138 137 138 139 139 139 139 139 139 140 138 138 138 138 138 138 138 136 136 136 134 136 134 140 132 138
-9999 -9999 -9999 -9999 -9999 -9999 -9999 -9999 -9999 -9999 -9999 -9999 -9999 -9999 -9999 -9999 -9999 -9999 -9999 -9999 -9999 -9999 -9999 -9999 -9999 -9999 -9999 -9999 -9999 -9999 -9999 -9999 -9999 -9999 -9999 -9999 -9999 -9999 -9999 -9999 -9999 -9999 -9999 -9999 -9999 -9999 -9999 -9999 -9999 -9999 133 134 133 134 135 135 135 135 135 136 136 135 136 136 137 136 136 135 137 137 138 139 138 139 139 139 139 137 139 139 139 139 139 139 137 137 137 137 141 135 136 131 133 135
-9999 -9999 -9999 -9999 -9999 -9999 -9999 -9999 -9999 -9999 -9999 -9999 -9999 -9999 -9999 -9999 -9999 -9999 -9999 -9999 -9999 -9999 -9999 -9999 -9999 -9999 -9999 -9999 -9999 -9999 -9999 -9999 -9999 -9999 -9999 -9999 -9999 -9999 -9999 -9999 -9999 -9999 -9999 -9999 -9999 -9999 -9999 -9999 -9999 -9999 132 133 133 132 132 136 132 135 136 137 134 137 137 140 136 137 138 138 138 139 139 139 139 140 140 139 142 139 139 138 139 139 140 141 141 140 139 140 140 139 143 140 139 139
-9999 -9999 -9999 -9999 -9999 -9999 -9999 -9999 -9999 -9999 -9999 -9999 -9999 -9999 -9999 -9999 -9999 -9999 -9999 -9999 -9999 -9999 -9999 -9999 -9999 -9999 -9999 -9999 -9999 -9999 -9999 -9999 -9999 -9999 -9999 -9999 -9999 -9999 -9999 -9999 -9999 -9999 -9999 -9999 -9999 -9999 -9999 -9999 -9999 -9999 133 133 133 132 132 133 133 135 134 133 136 136 127 136 137 138 138 138 138 138 133 139 139 138 140 139 138 137 140 141 140 138 141 140 138 139 140 140 138 139 138 141 135 135
-9999 -9999 -9999 -9999 -9999 -9999 -9999 -9999 -9999 -9999 -9999 -9999 -9999 -9999 -9999 -9999 -9999 -9999 -9999 -9999 -9999 -9999 -9999 -9999 -9999 -9999 -9999 -9999 -9999 -9999 -9999 -9999 -9999 -9999 -9999 -9999 -9999 -9999 -9999 -9999 -9999 -9999 -9999 -9999 -9999 -9999 -9999 -9999 -9999 -9999 -9999 -9999 131 130 131 132 132 132 133 136 134 134 139 137 135 137 137 138 138 138 138 138 138 139 139 139 138 138 139 139 140 140 140 140 142 140 140 142 143 140 141 139 140 141
-9999 -9999 -9999 -9999 -9999 -9999 -9999 -9999 -9999 -9999 -9999 -9999 -9999 -9999 -9999 -9999 -9999 -9999 -9999 -9999 -9999 -9999 -9999 -9999 -9999 -9999 -9999 -9999 -9999 -9999 -9999 -9999 -9999 -9999 -9999 -9999 -9999 -9999 -9999 -9999 -9999 -9999 -9999 -9999 -9999 -9999 -9999 -9999 -9999 -9999 -9999 -9999 133 133 133 129 130 130 132 130 138 136 134 134 133 135 137 137 137 138 138 138 139 137 137 137 138 137 138 139 139 139 139 140 141 141 143 133 141 143 140 142 141 140
-9999 -9999 -9999 -9999 -9999 -9999 -9999 -9999 -9999 -9999 -9999 -9999 -9999 -9999 -9999 -9999 -9999 -9999 -9999 -9999 -9999 -9999 -9999 -9999 -9999 -9999 -9999 -9999 -9999 -9999 -9999 -9999 -9999 -9999 -9999 -9999 -9999 -9999 -9999 -9999 -9999 -9999 -9999 -9999 -9999 -9999 -9999 -9999 -9999 -9999 -9999 -9999 134 132 131 131 132 132 133 132 134 131 133 133 135 136 136 136 137 137 135 138 137 138 135 132 126 130 134 137 138 139 139 139 140 141 141 141 141 141 142 142 142 141
-9999 -9999 -9999 -9999 -9999 -9999 -9999 -9999 -9999 -9999 -9999 -9999 -9999 -9999 -9999 -9999 -9999 -9999 -9999 -9999 -9999 -9999 -9999 -9999 -9999 -9999 -9999 -9999 -9999 -9999 -9999 -9999 -9999 -9999 -9999 -9999 -9999 -9999 -9999 -9999 -9999 -9999 -9999 -9999 -9999 -9999 -9999 -9999 -9999 -9999 -9999 -9999 132 132 132 131 131 132 133 132 132 135 135 135 136 133 136 139 132 136 137 138 142 132 138 135 127 123 133 132 132 136 136 139 139 139 140 141 139 141 142 142 130 137
-9999 -9999 -9999 -9999 -9999 -9999 -9999 -9999 -9999 -9999 -9999 -9999 -9999 -9999 -9999 -9999 -9999 -9999 -9999 -9999 -9999 -9999 -9999 -9999 -9999 -9999 -9999 -9999 -9999 -9999 -9999 -9999 -9999 -9999 -9999 -9999 -9999 -9999 -9999 -9999 -9999 -9999 -9999 -9999 -9999 -9999 -9999 -9999 -9999 -9999 -9999 -9999 133 131 131 133 131 131 131 132 134 134 134 132 136 138 136 137 137 138 138 137 138 138 135 136 133 130 128 136 135 125 126 130 140 139 138 140 143 138 142 142 142 142
-9999 -9999 -9999 -9999 -9999 -9999 -9999 -9999 -9999 -9999 -9999 -9999 -9999 -9999 -9999 -9999 -9999 -9999 -9999 -9999 -9999 -9999 -9999 -9999 -9999 -9999 -9999 -9999 -9999 -9999 -9999 -9999 -9999 -9999 -9999 -9999 -9999 -9999 -9999 -9999 -9999 -9999 -9999 -9999 -9999 -9999 -9999 -9999 -9999 -9999 -9999 -9999 132 129 130 132 133 132 131 131 137 135 138 135 137 137 136 136 136 134 134 129 136 137 137 138 136 135 136 129 129 127 127 128 133 137 140 141 139 139 140 140 141 142
-9999 -9999 -9999 -9999 -9999 -9999 -9999 -9999 -9999 -9999 -9999 -9999 -9999 -9999 -9999 -9999 -9999 -9999 -9999 -9999 -9999 -9999 -9999 -9999 -9999 -9999 -9999 -9999 -9999 -9999 -9999 -9999 -9999 -9999 -9999 -9999 -9999 -9999 -9999 -9999 -9999 -9999 -9999 -9999 -9999 -9999 -9999 -9999 -9999 -9999 -9999 -9999 134 130 128 129 131 135 133 134 135 136 136 136 135 132 131 133 132 132 133 134 135 133 133 132 131 129 132 137 137 138 139 140 141 140 140 140 134 133 138 139 140 141
-9999 -9999 -9999 -9999 -9999 -9999 -9999 -9999 -9999 -9999 -9999 -9999 -9999 -9999 -9999 -9999 -9999 -9999 -9999 -9999 -9999 -9999 -9999 -9999 -9999 -9999 -9999 -9999 -9999 -9999 -9999 -9999 -9999 -9999 -9999 -9999 -9999 -9999 -9999 -9999 -9999 -9999 -9999 -9999 -9999 -9999 -9999 -9999 -9999 -9999 -9999 -9999 137 136 135 132 130 134 135 135 135 133 135 135 135 136 135 129 135 134 134 131 135 131 133 129 126 132 129 125 134 136 137 138 137 136 139 140 139 141 132 134 137 136
-9999 -9999 -9999 -9999 -9999 -9999 -9999 -9999 -9999 -9999 -9999 -9999 -9999 -9999 -9999 -9999 -9999 -9999 -9999 -9999 -9999 -9999 -9999 -9999 -9999 -9999 -9999 -9999 -9999 -9999 -9999 -9999 -9999 -9999 -9999 -9999 -9999 -9999 -9999 -9999 -9999 -9999 -9999 -9999 -9999 -9999 -9999 -9999 -9999 -9999 -9999 -9999 140 135 136 129 132 131 131 130 134 130 134 132 134 133 134 130 130 126 134 131 133 132 132 130 129 127 132 130 130 131 126 138 135 137 140 139 139 137 136 137 133 138
-9999 -9999 -9999 -9999 -9999 -9999 -9999 -9999 -9999 -9999 -9999 -9999 -9999 -9999 -9999 -9999 -9999 -9999 -9999 -9999 -9999 -9999 -9999 -9999 -9999 -9999 -9999 -9999 -9999 -9999 -9999 -9999 -9999 -9999 -9999 -9999 -9999 -9999 -9999 -9999 -9999 -9999 -9999 -9999 -9999 -9999 -9999 -9999 -9999 -9999 -9999 -9999 131 135 134 136 135 133 132 128 130 131 129 134 133 129 130 128 131 127 131 124 127 133 133 129 128 130 126 126 135 130 130 131 133 136 134 135 138 135 133 135 135 134
-9999 -9999 -9999 -9999 -9999 -9999 -9999 -9999 -9999 -9999 -9999 -9999 -9999 -9999 -9999 -9999 -9999 -9999 -9999 -9999 -9999 -9999 -9999 -9999 -9999 -9999 -9999 -9999 -9999 -9999 -9999 -9999 -9999 -9999 -9999 -9999 -9999 -9999 -9999 -9999 -9999 -9999 -9999 -9999 -9999 -9999 -9999 -9999 -9999 -9999 -9999 145 141 138 136 135 134 131 132 128 128 128 128 129 129 126 128 126 127 127 126 129 128 131 130 131 130 131 133 131 128 133 134 130 130 134 136 124 132 139 136 133 130 130
-9999 -9999 -9999 -9999 -9999 -9999 -9999 -9999 -9999 -9999 -9999 -9999 -9999 -9999 -9999 -9999 -9999 -9999 -9999 -9999 -9999 -9999 -9999 -9999 -9999 -9999 -9999 -9999 -9999 -9999 -9999 -9999 -9999 -9999 -9999 -9999 -9999 -9999 -9999 -9999 -9999 -9999 -9999 -9999 -9999 -9999 -9999 -9999 -9999 -9999 136 134 140 138 141 137 135 138 140 136 135 141 137 129 138 137 137 136 134 134 134 133 130 126 129 128 130 131 133 128 133 130 130 129 130 126 127 129 131 125 130 137 132 135
-9999 -9999 -9999 -9999 -9999 -9999 -9999 -9999 -9999 -9999 -9999 -9999 -9999 -9999 -9999 -9999 -9999 -9999 -9999 -9999 -9999 -9999 -9999 -9999 -9999 -9999 133 134 -9999 -9999 -9999 -9999 -9999 -9999 -9999 -9999 -9999 -9999 -9999 -9999 -9999 -9999 -9999 -9999 -9999 -9999 -9999 -9999 -9999 -9999 145 139 140 136 141 142 138 142 141 138 142 140 143 139 135 140 132 135 138 135 136 131 125 126 133 134 135 132 136 130 140 129 131 129 129 131 130 132 129 129 126 132 133 129
-9999 -9999 -9999 -9999 -9999 -9999 -9999 -9999 -9999 -9999 -9999 -9999 -9999 -9999 -9999 -9999 -9999 -9999 -9999 -9999 -9999 -9999 -9999 -9999 -9999 -9999 134 135 -9999 -9999 -9999 -9999 -9999 -9999 -9999 -9999 -9999 -9999 -9999 -9999 -9999 -9999 -9999 -9999 -9999 -9999 -9999 -9999 -9999 -9999 147 146 146 143 140 142 144 142 140 140 141 137 142 141 135 137 143 138 137 127 127 128 130 133 132 131 136 133 138 140 139 138 134 127 130 132 129 132 131 131 126 133 131 126
-9999 -9999 -9999 -9999 -9999 -9999 -9999 -9999 -9999 -9999 -9999 -9999 -9999 -9999 136 136 137 138 135 132 134 135 137 137 139 139 140 139 136 141 -9999 -9999 -9999 -9999 -9999 -9999 -9999 -9999 -9999 -9999 -9999 -9999 -9999 -9999 -9999 -9999 -9999 -9999 -9999 -9999 -9999 144 137 144 144 143 143 143 143 144 139 139 142 145 143 136 126 137 139 134 136 136 128 125 131 129 140 137 140 141 137 133 131 134 129 131 131 132 133 129 129 128 125 127
-9999 -9999 -9999 -9999 -9999 -9999 -9999 -9999 -9999 -9999 -9999 -9999 -9999 -9999 136 136 137 137 137 137 137 137 138 142 144 129 140 143 139 140 -9999 -9999 -9999 -9999 -9999 -9999 -9999 -9999 -9999 -9999 -9999 -9999 -9999 -9999 -9999 -9999 -9999 -9999 -9999 -9999 143 142 144 147 142 147 139 141 145 146 145 145 137 136 139 141 141 140 139 138 129 128 133 121 126 123 136 140 140 142 136 133 131 134 130 132 135 128 129 135 136 136 132 131
-9999 -9999 -9999 -9999 -9999 -9999 -9999 -9999 -9999 -9999 132 133 136 137 132 135 136 138 138 137 137 137 138 140 139 140 139 140 137 136 -9999 -9999 -9999 -9999 -9999 -9999 -9999 -9999 -9999 -9999 -9999 -9999 -9999 -9999 -9999 -9999 129 141 130 134 135 147 144 151 145 147 146 137 139 143 145 139 146 149 144 138 142 145 140 141 132 133 137 137 139 139 143 144 138 140 141 127 134 132 132 132 124 129 134 136 137 137 133 134
-9999 -9999 -9999 -9999 -9999 -9999 -9999 -9999 -9999 -9999 127 127 132 133 133 132 136 134 136 133 135 132 137 137 139 139 138 -9999 138 -9999 -9999 -9999 -9999 -9999 -9999 -9999 -9999 -9999 -9999 -9999 -9999 -9999 -9999 -9999 -9999 -9999 131 132 133 127 140 143 147 146 149 147 147 147 143 142 137 144 146 149 141 150 144 144 138 144 137 132 130 138 131 136 145 137 144 144 145 139 134 136 141 133 137 125 123 127 138 139 134 138
-9999 -9999 -9999 -9999 -9999 -9999 -9999 -9999 -9999 -9999 113 125 125 129 130 132 132 133 130 132 134 140 141 130 -9999 -9999 -9999 -9999 -9999 -9999 -9999 -9999 -9999 -9999 -9999 -9999 -9999 -9999 -9999 -9999 -9999 -9999 -9999 -9999 -9999 -9999 128 131 134 138 127 137 138 136 150 152 145 143 143 136 142 147 147 144 150 148 133 140 128 136 138 138 133 137 138 137 141 140 138 147 146 145 146 140 132 130 125 129 130 125 127 138 140 138
-9999 -9999 -9999 -9999 -9999 -9999 -9999 -9999 -9999 -9999 129 128 117 123 128 131 132 133 132 133 136 137 128 129 -9999 -9999 -9999 -9999 -9999 -9999 -9999 -9999 -9999 -9999 -9999 -9999 -9999 -9999 -9999 -9999 -9999 -9999 -9999 -9999 -9999 -9999 142 144 142 142 138 139 145 147 146 149 130 128 128 139 138 146 147 146 145 148 138 137 144 139 139 145 141 140 139 135 141 128 133 137 139 146 143 143 130 142 143 136 139 133 123 139 140 142
-9999 -9999 -9999 -9999 -9999 -9999 123 136 124 119 134 132 128 119 120 122 128 127 133 134 134 135 136 130 133 131 -9999 -9999 -9999 -9999 -9999 -9999 -9999 -9999 -9999 -9999 134 135 147 144 137 139 139 144 146 137 136 145 148 146 148 147 147 145 148 141 141 134 138 132 139 147 146 148 148 150 148 152 144 140 140 144 140 143 141 134 133 134 140 139 140 140 149 142 146 147 142 145 142 131 133 134 140 139
-9999 -9999 -9999 -9999 -9999 -9999 138 142 139 139 142 131 129 132 134 133 129 125 123 135 132 139 135 131 131 129 -9999 -9999 -9999 -9999 -9999 -9999 -9999 -9999 -9999 -9999 139 149 134 141 135 130 133 140 147 148 130 134 132 138 142 144 139 142 148 143 146 140 126 134 135 138 145 146 149 144 142 146 148 141 130 143 145 145 144 142 141 136 137 135 145 147 147 147 141 146 144 140 140 136 136 125 136 134
-9999 -9999 -9999 -9999 144 141 142 142 140 132 128 138 136 136 138 130 133 132 129 121 129 133 129 140 133 132 -9999 -9999 -9999 -9999 -9999 -9999 -9999 -9999 -9999 -9999 144 136 133 134 143 146 143 139 140 147 148 145 138 144 135 141 146 146 150 144 139 139 138 128 139 135 137 146 148 150 154 146 137 146 138 135 134 145 137 138 142 141 140 138 132 131 141 143 148 139 144 142 146 139 141 135 134 145
-9999 -9999 -9999 -9999 145 144 144 144 139 138 134 140 136 138 136 138 135 133 133 130 125 128 126 127 128 128 -9999 -9999 -9999 -9999 -9999 -9999 -9999 -9999 -9999 -9999 139 130 126 133 130 137 142 147 135 137 136 148 149 133 131 132 142 146 145 156 147 146 144 149 142 126 136 145 148 149 146 146 140 143 148 146 151 145 135 137 141 142 134 131 129 136 145 147 148 142 136 142 145 139 124 132 147 145
-9999 -9999 -9999 -9999 -9999 -9999 143 146 143 143 141 142 142 136 138 134 121 126 124 131 132 130 120 134 127 132 -9999 -9999 -9999 -9999 -9999 -9999 140 137 134 137 140 137 134 134 126 135 126 130 137 147 150 145 152 149 151 141 138 148 151 148 149 150 148 153 151 149 142 144 141 146 153 149 146 140 149 150 147 141 140 141 142 140 140 142 136 129 129 147 146 148 134 148 142 132 135 144 144 141
-9999 -9999 -9999 -9999 -9999 -9999 144 147 142 141 144 141 141 139 142 141 135 138 138 131 123 126 130 124 128 131 -9999 -9999 -9999 -9999 -9999 -9999 138 140 137 134 141 136 136 136 135 127 130 136 134 147 142 140 141 145 149 146 146 148 154 141 151 153 150 151 147 142 148 150 149 148 148 150 152 149 149 151 147 144 139 138 144 143 145 142 139 133 143 144 150 134 148 143 146 145 143 150 143 146
-9999 -9999 -9999 -9999 -9999 -9999 143 144 143 140 140 142 142 143 142 141 140 135 139 127 129 131 130 130 132 131 130 131 123 127 125 128 130 124 132 137 134 141 133 138 140 134 124 136 135 138 136 146 135 147 146 146 155 149 144 142 138 147 149 147 144 150 146 151 151 140 155 153 155 148 153 150 146 145 142 145 147 145 145 141 133 135 131 142 145 150 152 143 135 146 151 146 141 139
-9999 -9999 -9999 -9999 -9999 -9999 145 129 141 141 141 143 143 143 142 141 142 135 139 140 136 131 117 122 124 124 131 126 130 131 129 129 125 121 123 125 135 135 134 131 144 141 145 135 131 142 150 148 143 131 138 150 143 147 147 143 139 142 141 144 147 155 151 161 152 161 158 141 148 150 150 142 142 148 141 147 148 142 148 137 139 134 140 132 137 149 141 145 135 139 139 152 145 152
-9999 -9999 -9999 -9999 -9999 -9999 131 134 143 141 144 143 129 142 143 143 143 142 141 138 141 137 136 136 133 137 132 135 131 133 131 131 132 130 132 133 134 132 123 135 133 141 140 146 141 147 139 138 127 127 143 144 141 129 143 149 134 145 148 148 140 139 157 146 158 153 154 150 151 148 154 154 148 151 144 149 149 145 144 150 144 147 144 143 150 140 152 148 140 137 153 142 152 139
-9999 -9999 -9999 -9999 -9999 -9999 141 143 146 143 146 145 144 144 144 145 143 142 141 136 137 140 139 135 129 133 136 134 135 131 131 132 127 133 132 130 128 133 135 134 134 129 127 134 135 143 127 139 132 134 133 143 144 144 136 142 142 132 132 150 149 140 146 144 148 153 147 141 148 151 156 159 140 155 143 150 151 147 146 141 147 148 136 137 146 144 150 143 136 147 131 149 147 142
