sesion_6_simulaciones/modelos_distribucion_especies/ejemplo/variables/futuro_B2/2080/TMXI.asc
ncols 708
nrows 329
xllcorner -7.525000
yllcorner 35.991667
cellsize 0.008333
NODATA_value -9999
[rows 168 to 209 of 329, columns 188 to 281 of 708]
164 163 160 162 162 161 161 163 161 162 164 164 164 163 164 163 163 163 162 162 165 164 165 164 163 163 163 163 163 163 163 163 163 164 163 163 163 163 163 162 162 162 162 162 162 162 162 162 162 162 162 162 163 162 161 162 161 161 162 162 161 161 161 162 159 159 157 160 160 161 161 161 161 160 160 160 160 159 159 159 159 159 159 160 159 159 157 158 158 159 159 159 159 159
162 162 163 164 163 163 162 162 162 163 163 164 164 163 162 161 165 163 164 164 164 164 164 163 163 163 163 163 163 163 163 163 163 163 163 163 163 163 163 162 162 162 162 162 163 162 162 162 162 163 160 159 162 161 161 161 162 162 161 161 161 161 161 162 160 159 159 160 159 160 161 161 161 161 160 161 160 159 159 159 159 159 160 159 158 158 157 158 158 159 159 159 158 159
163 164 164 164 164 163 161 163 162 162 163 163 163 161 162 166 165 166 165 166 165 164 164 165 164 164 163 164 164 163 163 162 162 163 163 163 163 163 163 163 162 162 162 162 162 162 162 162 162 162 163 162 162 161 160 162 162 161 161 161 161 161 161 161 159 158 159 158 157 162 159 161 161 161 161 161 161 159 159 159 160 160 160 159 159 161 159 159 159 159 159 159 158 158
165 164 165 164 163 164 164 162 163 163 163 163 163 163 165 164 164 164 164 163 164 164 163 163 163 163 163 163 163 164 163 162 162 163 163 163 163 163 162 162 162 162 162 161 162 162 162 163 162 162 162 162 162 162 162 159 160 161 161 161 161 161 161 163 158 158 158 159 158 158 160 161 160 161 159 161 160 159 159 161 160 159 157 158 159 159 159 159 159 159 159 159 158 158
164 164 165 163 164 164 164 165 163 163 162 162 164 164 164 164 164 164 164 163 163 163 163 163 163 163 164 163 163 163 163 163 163 163 163 163 163 162 162 162 162 162 162 161 161 162 162 162 162 162 162 161 161 161 161 159 160 161 161 159 161 160 160 161 160 160 159 158 158 161 160 159 162 161 160 160 160 159 160 160 159 159 159 158 157 159 158 158 159 159 159 158 158 158
163 163 164 164 164 164 164 163 163 164 163 161 164 163 163 164 164 164 164 163 163 163 163 163 163 163 163 163 163 163 163 163 163 163 163 163 163 163 162 162 162 162 162 161 163 162 162 161 161 161 162 163 161 158 160 160 160 159 157 159 159 159 160 160 159 157 162 158 158 159 158 160 160 160 159 159 159 159 160 160 159 160 159 158 158 158 158 159 158 158 158 158 158 158
164 162 164 164 164 164 164 164 164 163 162 162 163 163 163 164 164 164 164 163 163 163 163 163 163 163 164 163 163 163 163 163 164 163 163 163 163 163 163 163 163 162 160 163 162 162 162 162 161 161 161 162 162 161 160 161 157 160 159 159 158 159 158 159 159 159 157 158 157 158 159 158 160 160 159 159 159 159 159 156 159 158 159 159 159 158 159 159 158 158 158 157 158 158
164 164 163 164 164 164 164 164 163 163 164 164 163 163 163 162 164 164 163 163 164 163 163 164 164 163 163 163 163 163 163 163 163 163 163 163 163 163 163 163 162 162 162 162 161 160 160 161 161 161 161 161 160 158 160 160 160 158 159 159 159 159 159 159 158 158 158 157 158 158 158 158 160 160 159 158 159 158 158 158 156 156 157 159 159 159 158 158 158 158 158 159 157 157
164 164 163 163 163 163 164 164 164 164 164 164 163 163 163 163 163 163 163 162 161 162 162 163 163 163 163 163 163 163 163 163 163 163 163 163 163 163 163 163 162 162 162 161 162 162 161 161 161 161 161 161 163 162 161 159 161 159 159 159 159 159 159 158 158 159 157 157 158 158 157 158 157 160 160 158 158 158 158 157 157 157 159 159 159 158 158 158 158 158 157 157 157 157
164 164 164 163 163 163 164 164 164 164 164 162 163 162 162 162 162 162 162 162 163 162 163 163 163 163 163 163 163 163 163 163 163 163 163 163 163 163 163 163 162 162 162 162 162 162 162 163 161 161 161 161 161 161 160 161 161 160 160 159 158 159 159 159 158 158 158 158 158 158 158 161 160 161 159 160 158 158 157 155 157 155 156 159 157 158 157 158 155 155 155 158 157 156
164 164 164 164 164 164 164 164 164 164 163 163 163 163 162 162 162 162 162 162 162 162 162 163 163 163 163 163 163 163 163 163 163 163 163 163 163 163 163 163 163 165 162 162 162 161 161 161 161 161 161 160 160 160 160 162 158 160 160 159 158 159 158 158 158 158 158 157 156 157 157 161 157 159 158 158 159 158 158 158 158 157 156 157 160 158 158 157 158 158 159 158 154 157
165 164 164 164 164 164 164 164 164 164 163 163 163 163 163 163 163 162 162 162 162 162 162 162 163 163 163 163 163 163 163 163 163 163 163 163 162 162 163 163 163 163 162 162 161 161 161 160 160 161 163 161 161 161 161 160 160 161 160 159 159 159 159 159 158 158 158 156 157 157 158 158 156 157 157 158 159 158 159 159 157 157 157 156 158 158 157 158 155 155 156 156 157 156
165 164 164 164 165 165 165 164 164 164 164 163 164 164 164 163 163 163 163 162 162 162 162 162 162 162 162 162 163 162 163 163 163 163 162 162 162 163 163 163 163 163 162 162 163 162 162 161 161 161 161 161 161 160 160 160 159 160 160 157 158 158 157 158 156 157 157 158 157 157 157 157 157 157 158 158 158 158 159 158 158 158 157 156 158 158 157 157 155 155 154 155 155 156
164 164 164 164 164 164 164 163 165 164 165 164 164 164 163 164 163 163 163 163 162 162 162 162 162 162 162 162 163 163 162 162 162 162 162 162 160 162 162 163 162 162 162 162 161 160 161 162 162 161 160 160 160 160 159 160 160 160 159 158 158 157 158 158 157 157 157 157 157 157 157 157 157 158 155 158 157 158 158 158 158 160 158 158 158 158 158 157 156 153 153 156 151 154
164 165 164 165 165 165 164 164 165 165 164 165 164 164 164 163 163 163 163 163 162 163 162 162 162 162 162 162 162 162 162 162 162 162 163 162 162 162 162 162 162 162 162 162 160 161 161 160 159 161 160 160 160 160 160 160 160 161 161 160 161 159 158 158 158 158 159 158 157 156 156 156 156 157 156 157 159 158 158 158 158 158 158 154 156 157 157 158 157 157 153 154 152 152
165 165 165 164 165 165 164 164 165 165 164 164 164 164 164 164 163 163 163 163 163 163 163 162 162 162 162 162 162 162 162 162 162 162 161 162 162 161 162 162 162 162 162 162 162 162 162 161 160 160 160 158 159 159 159 159 160 159 159 159 160 158 158 158 156 158 157 158 158 157 155 154 156 157 158 156 155 150 158 158 158 157 158 157 155 154 156 156 156 157 156 155 154 154
165 165 165 165 165 165 165 165 165 165 165 164 164 164 164 164 164 164 164 164 163 163 163 162 162 162 162 162 162 162 162 162 162 162 163 162 162 162 162 162 162 162 162 161 160 161 161 161 161 161 160 161 159 159 159 159 159 159 159 159 159 158 158 158 158 156 157 156 156 155 155 155 155 155 153 157 159 159 161 158 161 152 157 151 154 153 153 152 155 157 155 155 154 153
165 165 165 165 165 165 165 165 165 165 165 164 164 164 165 165 164 164 164 164 164 164 163 163 163 163 162 162 162 163 162 161 162 162 162 162 161 162 162 162 162 162 162 162 162 161 161 161 161 161 161 161 160 160 160 160 159 159 159 157 157 159 158 158 158 155 157 155 152 152 152 150 150 149 152 152 156 149 158 158 158 155 157 156 155 155 148 149 152 156 154 153 150 153
165 165 166 165 165 165 165 165 165 166 165 165 165 165 165 165 164 164 164 164 164 164 163 163 163 163 163 162 162 162 162 162 162 161 162 162 162 162 162 162 162 162 162 162 161 161 161 161 161 160 160 160 160 160 160 160 159 158 157 158 158 158 158 154 157 156 156 154 157 155 154 149 151 151 151 153 155 154 153 157 158 158 158 147 153 153 153 160 147 156 156 153 150 152
165 165 165 165 165 165 165 166 165 164 164 164 165 165 165 165 164 164 164 164 164 163 163 163 162 162 162 162 162 162 162 162 162 162 162 162 162 162 162 162 162 162 162 162 161 161 161 161 161 161 159 160 158 158 158 158 158 159 158 159 158 158 158 157 157 156 156 152 151 156 152 150 154 152 150 153 151 149 146 156 153 141 155 156 158 153 149 152 155 151 155 149 151 153
165 166 165 165 165 165 165 165 165 165 165 165 165 165 165 165 164 164 164 164 164 163 163 162 162 163 162 162 162 162 162 162 159 162 162 162 162 162 162 162 162 162 161 161 161 161 161 161 161 160 160 160 159 159 159 158 158 158 157 157 157 157 157 157 157 156 153 146 152 152 151 148 148 148 149 151 156 152 149 156 154 154 155 151 150 151 150 150 150 150 148 150 150 150
165 165 165 165 165 165 165 165 165 165 166 165 165 165 165 165 164 164 164 164 164 164 164 163 163 163 163 163 162 162 163 162 162 162 161 162 161 161 162 162 162 162 161 161 161 161 160 161 161 160 160 159 159 159 159 158 157 158 158 158 156 157 153 155 157 155 153 149 149 152 152 153 155 150 143 151 156 154 154 155 151 153 154 150 147 146 144 143 144 145 147 152 146 145
165 165 165 165 165 165 165 165 165 166 165 165 165 165 165 165 165 165 164 164 164 164 164 162 165 164 163 161 162 163 158 160 162 162 161 161 161 161 161 161 161 161 161 161 161 161 161 160 159 160 159 160 159 159 159 157 158 158 156 155 157 154 154 157 154 154 152 150 149 150 146 148 156 143 154 145 155 155 151 152 159 155 152 144 150 148 154 139 148 145 145 146 148 150
165 165 165 165 165 165 165 165 165 165 165 165 165 165 165 165 165 164 164 164 164 164 164 164 162 162 162 162 163 158 161 160 159 161 159 158 160 161 161 161 161 161 161 161 161 161 161 159 160 160 159 159 159 156 156 156 157 155 154 157 157 155 154 155 147 153 152 149 149 151 151 147 153 154 152 147 144 150 147 146 156 156 145 156 156 149 142 150 152 151 153 145 142 142
165 165 165 165 165 165 165 165 165 165 165 165 165 165 165 165 165 164 164 164 163 164 164 164 163 161 161 161 160 160 161 159 161 163 161 160 160 159 162 160 161 161 160 161 161 161 160 160 160 160 160 159 158 158 156 157 156 159 156 156 155 156 153 146 152 150 152 148 147 142 148 150 147 152 154 150 151 155 155 145 141 147 154 146 134 143 156 155 157 155 148 147 152 149
165 165 165 165 165 165 165 165 165 165 165 165 165 165 165 165 164 164 164 164 164 164 161 163 163 162 163 164 162 161 162 159 159 162 161 162 162 161 161 161 161 161 158 161 161 161 160 160 156 160 160 161 158 159 159 157 158 156 156 155 154 155 156 157 153 150 152 152 152 148 153 143 144 142 153 153 146 150 141 146 149 152 153 152 152 150 139 144 147 155 157 151 152 154
165 165 165 165 165 165 165 165 165 165 165 165 165 165 165 165 165 165 164 164 164 162 163 159 163 165 164 162 160 160 162 162 162 162 162 162 162 161 159 161 160 159 161 161 161 161 160 160 156 157 157 160 160 159 157 155 155 154 155 156 157 155 146 152 149 153 152 154 152 149 145 148 149 145 139 158 152 143 150 148 152 156 142 147 145 140 154 153 141 150 157 146 143 137
165 165 165 165 165 165 165 165 165 165 165 165 165 165 165 165 164 163 163 162 164 163 164 165 164 160 162 163 162 163 161 161 159 158 160 159 161 161 161 158 160 161 160 160 159 160 160 157 152 155 157 158 159 159 155 158 158 155 156 158 154 154 157 155 155 148 149 150 152 142 151 152 143 152 149 150 141 141 152 145 146 145 144 145 141 142 142 154 160 153 152 152 155 149
165 165 165 165 165 165 165 165 165 165 165 165 165 165 165 165 164 164 164 164 164 164 164 163 162 161 162 161 161 163 163 157 161 161 161 161 159 161 161 159 157 159 160 160 159 159 159 157 158 158 158 157 157 155 159 155 156 150 158 153 154 156 155 156 155 154 156 155 150 150 147 149 144 148 149 141 143 154 149 148 139 144 148 151 146 150 145 144 150 141 143 140 142 140
165 165 165 165 165 165 165 165 165 165 165 165 165 165 165 164 164 164 164 164 164 164 163 162 163 161 161 162 165 164 163 163 160 161 157 160 161 161 160 158 160 160 160 159 159 156 154 155 159 159 157 157 157 158 149 138 128 147 152 157 157 156 154 150 157 156 156 150 144 150 147 149 147 151 149 144 143 145 146 142 147 149 139 138 137 142 143 139 140 145 141 148 145 155
165 165 165 165 165 165 165 165 165 165 165 165 165 165 165 165 165 164 164 164 164 164 164 165 161 161 160 160 159 163 163 163 161 160 161 162 162 161 158 157 158 160 160 158 155 157 157 155 158 158 157 157 155 154 156 151 153 155 154 155 153 156 151 158 150 154 155 154 155 143 140 147 148 148 147 148 152 147 147 146 145 141 141 141 138 144 142 139 144 136 132 143 146 153
165 165 165 165 165 165 165 165 165 165 165 165 165 165 165 165 165 165 164 164 164 164 164 164 162 161 163 161 163 162 163 160 155 162 162 162 161 158 160 157 159 159 159 159 158 158 157 157 158 158 153 157 156 154 154 153 151 156 153 155 153 152 156 155 149 148 145 148 150 141 142 150 151 146 147 149 141 150 150 146 143 145 148 147 141 138 140 138 141 140 133 142 151 150
165 165 165 165 165 165 165 165 165 165 165 165 165 164 165 164 164 163 163 163 164 162 164 163 160 160 157 162 163 163 163 161 160 162 161 159 161 161 158 158 159 159 159 158 157 158 157 157 156 153 156 156 158 158 155 154 152 154 152 152 156 157 152 157 150 150 153 152 147 149 151 152 145 147 145 147 145 144 146 142 143 141 140 145 144 136 135 134 132 142 144 149 138 155
165 165 165 165 165 165 165 165 165 165 165 165 165 165 164 164 164 164 164 164 162 164 164 162 161 164 163 163 165 162 163 159 160 161 158 159 161 161 162 160 159 159 159 159 159 159 158 157 157 156 154 152 155 154 149 148 154 152 144 148 154 152 153 147 147 155 147 158 158 149 151 150 142 149 143 149 148 146 149 146 146 145 145 139 142 138 134 141 146 141 148 148 143 143
165 165 165 165 165 165 165 165 165 165 165 165 165 165 164 163 164 164 164 162 161 164 164 164 165 163 163 163 163 162 160 161 163 159 157 162 162 161 160 160 157 159 159 159 161 159 160 162 157 159 156 154 152 159 152 154 151 153 151 153 158 155 155 158 152 148 150 149 140 143 140 151 150 146 147 150 149 147 144 144 145 142 145 148 147 143 146 144 147 147 145 140 132 142
165 165 165 165 165 165 165 165 165 165 165 165 165 164 164 164 164 164 164 165 164 161 163 162 157 163 159 163 161 163 162 162 161 164 162 163 163 162 160 161 160 160 161 160 155 158 159 158 149 154 156 157 158 158 159 157 147 152 157 155 151 153 151 153 149 144 149 146 149 150 145 146 143 147 145 146 146 145 144 146 145 146 147 149 147 140 141 138 141 140 143 137 143 138
165 165 165 165 165 165 165 165 165 165 165 165 165 165 164 164 164 164 164 164 163 162 163 161 161 163 161 158 162 163 162 163 163 161 162 161 161 161 161 160 160 160 160 161 157 156 152 160 160 158 161 163 160 160 156 155 155 148 158 151 157 156 154 159 152 146 145 151 151 141 148 143 150 138 137 148 144 142 143 141 147 143 146 150 140 149 147 143 135 140 137 132 132 131
165 165 165 165 165 165 165 165 165 164 165 164 164 164 164 162 163 163 164 163 164 164 161 161 163 163 159 161 162 158 159 162 162 162 161 158 162 160 160 160 160 161 162 160 149 157 152 147 151 152 149 156 159 156 158 148 156 144 155 149 149 144 143 147 145 154 152 144 146 148 148 142 143 151 153 141 147 137 140 149 148 147 143 149 150 152 143 148 143 135 114 124 126 110
165 164 165 165 165 165 165 165 165 166 165 164 164 164 163 161 161 161 161 163 163 163 164 160 161 163 162 162 161 158 161 162 162 162 162 160 162 162 161 161 160 162 156 161 164 154 154 147 144 147 147 155 155 155 145 157 158 154 155 159 154 150 156 150 150 149 148 148 149 151 148 146 150 154 138 149 139 142 148 144 148 154 152 148 149 141 150 147 150 146 143 130 133 123
164 162 162 164 164 165 165 162 164 164 164 164 164 164 163 162 160 163 163 156 159 161 164 162 157 161 162 163 160 162 160 162 162 163 160 159 160 162 162 162 154 156 157 155 157 155 148 146 146 141 149 148 155 149 151 148 147 151 147 153 158 146 144 149 149 147 144 150 152 146 151 147 141 152 150 153 142 149 150 151 152 139 151 152 147 136 148 137 142 124 128 125 115 111
165 166 164 164 165 164 164 164 164 165 164 164 163 163 159 161 162 161 160 159 161 162 161 159 159 162 162 162 159 154 160 160 158 161 161 163 161 164 162 160 162 160 159 156 153 155 153 153 157 146 131 146 151 150 153 154 143 156 147 150 151 153 151 150 151 148 147 151 147 156 153 153 157 148 156 149 146 142 152 151 151 148 146 147 145 140 130 136 144 129 117 131 135 130
165 165 164 164 164 165 164 164 164 164 164 163 163 162 162 161 160 154 159 162 160 161 161 159 160 162 162 161 161 161 161 160 161 159 161 160 162 161 161 161 160 161 154 157 157 158 156 155 151 156 157 148 153 146 150 154 151 150 153 150 154 153 150 143 152 143 161 162 158 161 154 154 152 142 151 152 150 154 152 149 139 143 140 133 129 136 144 135 136 140 139 134 138 132
