sesion_6_simulaciones/modelos_distribucion_especies/ejemplo/variables/futuro_B2/2080/TMXV.asc
ncols 708
nrows 329
xllcorner -7.525000
yllcorner 35.991667
cellsize 0.008333
NODATA_value -9999
[rows 123 to 163 of 329, columns 564 to 657 of 708]
359 360 364 364 360 359 359 359 360 359 360 359 359 360 361 361 361 362 362 361 362 362 358 357 356 353 355 356 355 355 355 355 356 355 355 355 354 353 353 351 345 352 351 350 349 348 345 339 350 352 351 351 351 350 350 350 350 350 350 349 349 348 348 347 347 346 346 344 344 344 339 342 341 340 340 338 338 339 339 338 337 335 333 338 341 340 335 342 343 342 344 347 348 345
360 357 362 365 362 360 361 359 357 359 360 359 361 360 361 361 362 362 362 362 363 357 359 356 354 354 355 356 355 355 355 356 355 355 355 354 354 353 353 352 352 351 350 348 339 346 347 338 341 337 351 350 350 350 350 350 350 350 349 349 349 348 348 347 347 346 345 344 343 342 341 340 337 331 337 336 334 336 333 333 329 333 326 332 332 336 337 341 341 345 346 348 349 349
360 358 359 358 364 363 361 360 360 360 360 362 361 361 361 361 362 362 362 363 359 355 356 356 357 356 355 356 356 355 355 355 355 355 354 354 354 353 352 352 351 350 345 340 343 345 341 342 349 349 350 350 349 349 349 350 349 349 349 348 348 348 348 347 347 344 343 341 341 334 337 330 332 326 330 323 325 328 318 313 321 325 326 333 329 336 335 329 344 345 347 348 349 349
360 353 362 364 366 365 362 360 361 361 361 361 362 362 362 362 362 363 363 361 360 360 360 358 357 357 357 356 356 355 355 355 355 354 354 354 353 352 351 350 350 348 347 335 341 343 347 347 347 347 342 347 349 349 349 349 348 348 348 347 347 347 346 346 345 344 340 338 336 333 327 330 331 315 306 316 300 298 319 319 320 329 325 324 329 333 324 336 342 344 344 348 349 349
360 357 361 363 361 366 363 358 360 362 361 362 362 362 363 363 363 363 364 361 361 360 359 358 356 355 357 356 356 355 355 355 355 354 354 352 347 334 335 339 343 347 344 338 343 341 347 346 346 346 347 348 347 342 343 341 348 348 347 347 341 335 327 331 339 339 318 317 317 314 307 304 304 309 312 312 317 321 324 328 333 331 316 324 323 308 315 335 341 343 347 348 349 349
357 360 361 365 363 366 365 362 362 362 360 363 363 362 363 363 363 363 360 361 360 360 358 358 358 357 358 356 357 356 356 355 355 354 353 350 338 333 338 333 337 330 329 339 338 345 345 345 344 344 345 336 345 346 346 346 347 345 332 344 344 341 340 340 339 335 328 328 323 325 324 323 319 322 319 318 322 334 337 338 338 332 321 324 331 331 335 342 342 346 347 348 349 349
359 360 362 362 364 365 365 362 363 362 363 362 363 363 363 363 363 364 362 361 359 359 358 358 359 357 358 356 357 354 357 355 355 354 353 351 348 338 325 334 334 329 330 330 334 335 339 341 335 334 328 335 343 337 334 344 337 333 330 342 342 343 342 337 328 332 317 306 308 315 318 321 330 336 335 336 338 340 340 340 341 341 338 340 341 338 342 346 347 348 348 348 348 349
360 361 362 363 363 366 362 364 363 363 363 363 363 364 364 362 364 360 360 359 360 359 361 361 359 359 359 356 358 357 356 356 355 353 352 351 349 347 339 336 335 333 333 333 332 334 333 323 333 323 327 331 335 341 341 343 341 339 335 337 340 332 334 328 330 335 328 295 318 319 323 331 332 335 340 340 341 342 342 343 343 343 343 344 344 346 347 347 342 348 348 349 350 349
359 362 362 363 364 366 363 362 363 363 363 364 364 362 363 364 364 362 362 361 362 361 360 359 356 358 358 356 356 356 357 356 355 354 353 351 350 349 342 333 330 332 332 339 337 337 335 330 323 332 316 326 324 333 335 332 327 327 331 332 328 329 328 329 325 334 329 318 327 333 336 331 323 336 339 342 343 343 343 344 345 345 346 346 347 347 348 348 333 339 349 348 347 347
360 360 361 363 364 366 363 363 364 364 364 363 364 363 363 365 363 363 362 362 361 361 360 357 358 356 357 356 356 355 355 356 355 354 353 352 351 350 349 339 338 340 342 343 343 339 324 328 325 325 318 325 323 326 326 332 326 326 327 322 324 320 326 326 322 334 338 337 338 339 340 340 341 341 343 343 344 344 344 345 346 346 347 347 347 343 341 342 347 348 342 344 345 346
364 359 360 361 366 362 362 363 363 363 364 364 363 363 363 364 364 362 361 360 360 359 357 359 356 355 355 356 355 355 355 355 355 354 353 353 352 351 350 349 347 347 346 346 344 344 336 340 335 326 320 339 338 338 330 331 327 325 320 321 320 320 331 338 340 341 341 341 342 342 342 343 343 343 345 345 346 346 346 346 346 333 333 345 345 345 346 346 345 345 342 344 345 344
362 363 364 365 364 365 363 364 364 364 365 365 365 364 365 364 361 361 362 360 360 359 357 358 356 357 358 355 356 355 355 354 353 353 353 352 352 351 350 347 338 341 347 347 346 345 344 344 343 342 342 341 339 333 340 339 339 338 332 328 337 339 341 342 342 342 343 343 343 343 344 343 344 345 346 346 346 345 330 341 341 342 343 345 345 345 345 345 345 345 342 342 344 344
365 367 364 366 366 366 366 365 365 365 364 364 364 362 364 363 363 363 362 359 361 358 357 356 356 357 357 356 355 354 354 353 353 353 352 351 343 341 347 349 348 349 348 347 347 340 346 345 345 345 345 344 344 344 344 344 343 342 342 342 342 343 343 344 344 344 344 344 344 344 345 345 346 346 345 338 339 341 340 338 341 343 340 343 344 344 345 345 344 343 343 342 342 342
367 360 352 357 363 365 363 365 365 364 363 364 362 363 363 362 361 362 361 361 359 357 358 357 356 357 357 356 355 355 352 354 354 353 352 351 351 351 350 350 350 349 349 347 346 347 347 347 346 346 346 345 345 345 344 344 344 344 344 344 345 345 345 345 345 345 345 345 345 345 345 345 345 344 343 343 341 342 340 338 338 340 342 343 344 345 341 340 339 330 336 335 339 340
353 340 344 352 362 361 364 364 364 365 364 363 363 363 362 362 362 361 361 361 360 360 359 357 358 358 357 357 356 354 353 354 353 352 352 352 351 351 351 350 348 349 349 349 346 348 347 347 347 345 345 344 345 344 344 344 344 344 344 344 344 344 345 344 344 344 344 344 344 344 343 343 343 335 342 341 340 339 335 336 339 341 342 343 343 337 325 330 325 321 321 333 338 338
342 336 342 350 360 362 362 363 364 364 364 363 363 363 362 361 362 361 359 359 358 357 355 358 357 358 357 354 355 352 356 354 353 352 350 351 352 352 350 350 350 349 349 349 349 348 347 347 346 345 344 344 344 343 343 342 343 343 344 344 344 344 344 344 344 344 344 344 344 344 344 342 338 339 341 340 340 340 339 338 340 341 341 340 334 333 332 329 328 335 336 337 339 337
331 338 343 355 361 362 362 363 363 363 363 363 363 363 362 361 361 361 360 359 359 356 359 357 357 357 356 355 354 353 353 353 353 354 349 347 350 351 349 350 349 349 349 348 348 347 345 345 343 343 339 342 342 342 342 341 342 342 342 343 343 343 343 342 333 343 343 344 344 343 344 343 342 341 341 340 340 340 339 339 337 341 339 328 337 335 337 336 339 338 337 337 337 337
330 332 335 354 360 361 362 362 363 363 363 363 362 363 361 362 361 360 360 357 358 358 358 357 357 356 355 355 354 354 353 353 352 352 349 349 349 351 350 350 349 348 349 348 347 347 346 344 344 342 342 341 340 340 340 341 341 342 341 341 343 342 342 342 340 343 342 342 342 342 342 341 342 342 341 341 341 340 340 339 338 335 322 336 339 334 336 337 336 338 338 335 334 338
341 349 354 357 360 360 361 362 362 363 363 363 363 362 361 362 361 360 360 359 357 357 357 356 357 356 355 354 353 353 353 352 351 351 351 350 349 351 350 350 349 348 348 347 347 346 346 345 344 342 342 341 340 340 340 340 340 341 341 341 342 342 342 342 341 341 342 341 341 341 341 341 341 341 341 341 341 341 340 338 337 334 330 338 338 336 340 338 336 339 334 337 336 338
358 354 356 357 360 360 361 362 362 362 362 362 362 362 362 362 361 360 359 358 358 356 356 356 356 355 354 354 353 353 353 352 351 351 350 349 349 349 349 349 348 348 347 347 347 346 345 344 345 343 342 342 342 341 341 341 341 341 341 342 342 343 343 343 343 342 342 342 342 341 342 342 342 341 339 340 340 341 339 333 316 333 338 339 340 339 340 339 337 341 340 340 335 338
358 353 356 357 359 360 361 361 361 361 361 361 361 360 360 360 359 359 357 356 357 356 356 356 355 354 354 353 353 352 352 351 348 347 347 347 348 348 348 348 348 347 347 347 344 345 346 346 345 344 342 343 342 342 342 341 342 342 342 342 342 343 343 344 344 343 343 342 343 343 343 342 342 341 340 341 339 340 330 320 336 340 341 340 339 339 341 339 340 341 340 339 340 339
358 357 356 359 360 360 361 361 360 361 361 361 361 361 360 359 358 358 355 357 357 356 356 355 355 355 354 353 353 348 351 342 341 344 336 343 346 344 346 347 347 347 347 347 345 345 344 345 343 343 344 341 340 340 340 340 339 341 342 342 343 344 344 345 345 345 345 344 344 345 344 343 343 342 341 339 339 338 333 330 340 343 342 341 340 341 340 342 335 339 344 342 340 341
354 356 355 356 358 359 360 360 360 360 360 360 360 361 360 360 359 357 357 357 356 356 355 355 355 354 353 353 350 351 347 344 345 335 337 335 346 337 346 345 345 345 344 343 345 343 340 341 343 341 340 341 334 337 339 334 330 334 335 339 340 342 342 341 343 343 343 339 337 342 344 341 341 340 340 337 334 339 339 346 343 340 342 342 338 341 340 342 339 341 341 345 338 342
353 355 354 354 358 358 359 360 360 360 360 360 360 358 358 359 357 357 356 355 356 355 355 354 354 353 353 352 347 350 346 347 343 343 341 344 346 345 346 345 345 342 343 341 342 341 339 340 341 342 342 340 341 339 335 336 335 334 336 334 337 338 332 336 331 336 333 331 341 336 337 339 331 325 338 332 331 329 336 342 345 344 343 343 341 340 341 342 340 342 342 345 342 342
354 354 354 353 355 358 359 360 360 360 360 360 360 357 358 358 358 357 356 356 354 355 354 354 353 353 352 352 351 351 349 349 348 347 343 344 345 345 345 344 344 344 344 342 343 341 342 341 343 340 343 342 342 336 338 331 328 338 335 337 337 337 335 328 331 329 335 328 345 340 338 338 338 335 337 344 343 343 345 345 342 343 343 342 342 342 342 340 338 344 343 346 344 343
353 353 353 354 354 356 359 359 359 359 359 359 359 359 358 358 357 357 357 356 355 355 354 354 353 353 352 351 351 350 349 347 347 346 344 343 342 344 343 340 340 343 342 335 339 343 342 345 345 346 345 345 344 344 343 332 336 338 336 336 327 335 342 337 341 340 338 343 340 347 333 334 344 343 346 346 341 344 346 345 346 346 343 345 343 339 339 336 342 342 344 345 347 346
351 351 351 353 351 357 358 359 359 359 359 359 358 359 357 358 357 357 356 356 355 354 354 353 353 352 351 351 351 350 349 348 344 345 344 343 337 337 340 341 341 342 341 338 334 342 343 344 344 345 346 346 346 346 344 330 336 336 333 339 334 338 343 344 345 343 336 343 344 346 341 342 338 347 344 346 346 346 346 345 347 347 347 344 339 344 345 345 345 346 346 346 347 347
349 349 347 348 347 356 357 358 358 358 358 358 358 358 357 357 357 356 356 355 355 354 353 353 353 352 351 351 350 350 349 347 335 339 341 341 340 336 341 340 341 340 340 337 328 321 339 343 344 345 346 346 346 346 345 340 344 336 343 342 338 346 346 347 347 347 346 346 345 347 348 348 345 348 349 348 348 349 349 347 348 349 347 347 346 346 346 346 346 346 348 349 348 349
346 348 343 348 350 351 357 357 357 357 358 358 358 357 356 356 356 355 355 355 354 354 353 353 352 351 351 351 350 350 348 347 344 340 337 343 339 341 342 340 340 340 339 334 336 324 331 339 339 343 344 346 346 346 347 347 346 346 345 345 346 347 348 348 348 348 348 348 348 348 348 348 349 351 349 349 350 350 349 349 348 349 348 348 346 346 346 346 347 347 348 348 349 350
341 346 347 349 350 352 355 355 356 356 357 357 357 357 356 355 355 355 354 354 353 353 353 352 352 351 351 350 350 349 348 345 345 345 344 341 333 342 341 341 339 339 326 332 334 331 329 338 340 342 342 336 341 339 344 347 347 346 346 346 346 346 344 347 348 348 348 348 347 348 349 349 347 349 351 350 347 351 351 349 349 350 350 349 348 347 345 347 344 349 350 350 351 350
344 346 347 349 345 352 353 354 354 355 356 356 356 354 354 355 354 354 353 353 353 353 352 352 352 351 350 349 348 348 347 347 345 346 344 337 334 334 337 340 341 334 328 323 332 330 332 340 339 333 341 339 341 341 339 346 347 347 347 347 347 346 345 344 344 348 349 348 348 348 349 350 347 350 348 350 351 350 352 352 351 351 351 350 349 348 348 348 348 348 347 349 350 351
343 346 348 349 349 350 353 353 354 354 355 356 356 355 354 355 354 354 353 353 353 353 352 352 351 350 350 349 348 348 347 347 347 346 345 343 344 337 337 339 330 333 330 329 334 336 340 340 340 339 341 343 344 342 346 345 344 340 346 347 347 347 346 348 347 351 349 349 349 349 350 350 349 350 346 350 351 353 352 352 352 351 352 352 351 351 349 349 349 349 349 347 350 350
344 347 347 348 349 349 351 352 352 353 353 354 353 355 354 354 354 353 353 352 352 352 352 351 351 350 350 349 348 347 347 345 345 345 347 348 347 346 344 339 340 341 342 340 340 338 337 341 338 339 341 344 343 343 343 343 347 347 345 347 348 348 347 348 347 348 350 351 350 349 349 349 348 349 349 351 354 352 352 353 353 353 351 351 352 351 350 347 348 346 343 348 346 348
342 342 342 346 348 349 350 351 352 352 352 353 353 352 354 353 352 352 352 352 352 352 352 351 351 350 349 349 348 347 347 348 346 347 345 340 346 345 347 345 346 343 342 324 329 337 334 342 343 343 341 340 339 342 343 344 342 347 343 339 346 349 347 348 349 346 348 347 347 350 351 350 352 351 352 352 353 354 354 354 353 353 353 352 351 349 346 346 345 346 344 343 347 346
339 341 344 345 346 344 347 348 351 351 350 352 352 351 352 353 352 352 352 351 351 351 351 351 350 350 350 349 349 348 347 346 347 344 346 347 347 348 348 345 346 345 342 339 338 332 338 343 343 343 345 343 338 339 341 343 343 336 341 342 342 339 344 344 342 337 345 349 346 351 351 352 353 354 354 353 355 354 354 355 355 354 354 353 353 353 352 349 347 346 345 351 344 348
329 330 340 341 343 344 339 346 349 350 350 341 350 351 351 350 351 351 351 350 351 350 351 351 351 350 350 349 350 349 348 347 349 346 342 344 346 347 350 349 347 348 345 347 345 345 341 340 347 344 341 341 343 343 337 340 343 337 343 337 340 339 341 343 340 338 345 350 343 352 353 352 354 354 354 355 355 355 355 355 354 354 354 354 354 354 353 353 349 348 348 352 353 353
324 328 332 337 341 342 337 341 343 347 349 350 350 350 350 345 350 350 350 350 350 350 350 350 351 350 350 350 350 348 347 346 348 349 347 340 346 345 346 348 350 344 350 350 346 350 348 344 348 349 348 345 343 345 347 342 339 336 327 333 345 343 338 343 343 344 346 346 352 354 351 356 356 356 355 356 355 356 354 356 356 356 355 355 354 355 354 352 348 349 349 349 354 354
319 325 326 331 338 342 342 343 335 333 346 346 348 349 349 343 349 349 350 346 349 349 349 349 350 351 350 350 350 350 347 348 348 345 349 347 346 348 350 350 351 348 352 353 352 353 353 352 353 353 353 351 342 346 348 353 352 346 330 336 348 349 349 348 348 346 349 351 353 355 356 355 356 357 356 356 355 356 354 355 354 356 355 355 354 355 353 353 352 352 349 345 352 351
316 314 324 327 325 339 339 337 335 340 341 343 346 348 348 345 348 348 348 349 349 348 347 349 350 350 351 352 351 348 348 348 347 348 350 350 351 350 349 352 353 353 354 354 354 354 354 353 355 353 354 354 354 354 352 351 354 355 352 352 353 356 356 352 354 354 353 349 355 355 356 356 358 357 357 357 357 357 357 356 355 357 356 356 355 354 348 352 348 351 350 348 351 354
315 325 330 331 330 333 338 338 339 341 334 339 345 343 346 349 347 347 348 346 348 346 347 347 349 350 351 351 351 351 348 349 347 349 351 352 347 352 353 352 353 354 354 355 355 356 357 355 354 356 356 356 355 356 357 356 357 357 356 357 357 356 355 355 356 356 357 358 356 356 357 357 357 357 358 357 356 355 353 353 356 357 357 356 357 355 351 350 351 349 352 354 354 356
307 327 328 329 331 334 337 335 339 340 338 344 345 346 347 344 345 347 345 348 345 345 346 347 349 349 350 350 352 351 352 351 351 351 352 352 350 351 353 353 353 354 356 356 356 357 356 356 356 357 357 356 356 357 357 357 358 356 357 359 358 358 358 355 357 358 358 357 359 358 359 357 357 358 358 357 355 357 356 355 357 357 357 357 357 357 356 355 352 351 350 353 354 356
