sesion_6_simulaciones/modelos_distribucion_especies/ejemplo/variables/futuro_B2/2080/TMXV.asc
ncols 708
nrows 329
xllcorner -7.525000
yllcorner 35.991667
cellsize 0.008333
NODATA_value -9999
[rows 41 to 81 of 329, columns 376 to 469 of 708]
-9999 -9999 -9999 -9999 -9999 -9999 -9999 -9999 -9999 -9999 -9999 -9999 -9999 -9999 -9999 -9999 -9999 -9999 -9999 -9999 -9999 -9999 -9999 -9999 -9999 -9999 -9999 -9999 -9999 -9999 -9999 -9999 -9999 -9999 -9999 -9999 -9999 -9999 -9999 -9999 -9999 -9999 -9999 -9999 -9999 -9999 -9999 -9999 -9999 -9999 -9999 -9999 -9999 -9999 -9999 -9999 -9999 -9999 -9999 -9999 -9999 -9999 -9999 -9999 -9999 -9999 -9999 -9999 365 367 369 368 369 366 368 370 369 368 365 367 378 367 370 369 358 359 362 361 -9999 -9999 -9999 -9999 -9999 -9999
-9999 -9999 -9999 -9999 -9999 -9999 -9999 -9999 -9999 -9999 -9999 -9999 -9999 -9999 375 371 374 370 372 368 367 367 367 370 -9999 -9999 -9999 -9999 -9999 -9999 -9999 -9999 -9999 -9999 -9999 -9999 -9999 -9999 -9999 -9999 -9999 -9999 -9999 -9999 -9999 -9999 -9999 -9999 -9999 -9999 -9999 -9999 -9999 -9999 -9999 -9999 -9999 -9999 -9999 -9999 -9999 -9999 -9999 -9999 -9999 -9999 -9999 -9999 369 370 373 373 375 369 371 371 374 374 375 375 359 350 362 358 362 360 362 359 367 366 361 365 364 367
-9999 -9999 -9999 -9999 -9999 -9999 -9999 -9999 -9999 -9999 -9999 -9999 -9999 -9999 374 373 374 375 375 371 375 373 373 372 -9999 -9999 -9999 -9999 -9999 -9999 -9999 -9999 -9999 -9999 -9999 -9999 -9999 -9999 -9999 -9999 -9999 -9999 -9999 -9999 -9999 -9999 -9999 -9999 -9999 -9999 -9999 -9999 -9999 -9999 -9999 -9999 -9999 -9999 -9999 -9999 -9999 -9999 -9999 -9999 -9999 -9999 -9999 -9999 374 370 374 370 376 368 368 369 370 365 359 371 368 368 372 373 372 370 369 369 370 370 372 371 361 373
375 375 375 375 374 375 -9999 -9999 -9999 -9999 -9999 -9999 -9999 -9999 -9999 -9999 374 372 375 376 376 376 372 374 374 373 368 370 373 372 366 371 372 372 373 371 373 373 373 374 373 373 373 372 372 370 367 367 367 367 371 370 364 360 375 371 372 364 367 365 369 366 363 366 367 373 375 377 378 377 374 375 374 375 371 375 369 367 365 367 360 378 377 370 366 374 370 365 370 371 371 369 368 369
374 374 374 375 375 376 -9999 -9999 -9999 -9999 -9999 -9999 -9999 -9999 -9999 -9999 375 374 376 375 376 375 375 374 373 369 374 368 374 373 373 374 373 373 373 373 373 374 373 373 373 373 372 373 372 373 373 371 369 368 372 368 370 370 358 365 368 379 374 375 368 366 371 365 367 370 376 373 376 375 377 379 375 375 376 375 373 373 367 358 373 377 376 370 368 369 368 366 367 370 371 362 366 364
373 372 373 375 376 376 376 375 376 377 -9999 -9999 -9999 -9999 -9999 -9999 374 374 371 377 376 377 371 373 376 372 374 368 372 374 375 372 374 373 373 374 374 374 374 373 372 373 371 373 373 372 372 372 372 373 371 376 375 376 377 375 376 379 379 378 376 371 370 370 374 376 378 377 375 375 374 374 375 374 373 374 373 374 372 367 369 372 368 361 369 368 366 369 370 365 361 367 360 368
373 372 372 372 375 375 374 375 376 376 -9999 -9999 -9999 -9999 -9999 -9999 372 366 372 368 374 376 374 375 370 372 371 372 375 375 374 375 375 374 374 374 374 375 375 375 374 373 373 371 374 373 373 373 373 365 370 368 374 369 369 371 375 380 378 374 378 377 368 374 373 372 372 372 375 380 373 375 374 373 376 375 373 374 368 372 359 376 368 364 365 367 370 371 367 360 363 362 367 370
372 371 372 372 373 374 372 374 374 374 374 374 369 369 371 372 371 371 371 372 366 372 371 367 370 371 375 372 375 376 372 374 372 374 372 373 374 374 374 375 374 373 373 372 372 373 374 373 373 371 372 372 369 370 367 370 372 380 376 363 366 370 373 374 373 374 373 374 371 377 377 379 378 377 375 371 372 373 372 369 373 374 374 360 365 365 368 364 362 363 364 367 374 371
371 371 372 371 372 372 370 372 373 374 372 364 369 367 368 372 370 374 376 372 370 372 372 370 372 373 374 374 371 368 373 373 372 372 371 374 374 374 375 374 374 374 375 370 373 374 371 372 372 367 373 371 371 370 370 377 376 375 370 374 369 369 372 374 370 375 372 373 369 370 376 381 376 375 376 372 373 372 375 372 373 375 372 371 371 364 367 364 368 365 365 371 365 372
371 371 373 372 371 371 371 371 372 370 367 367 369 370 371 370 370 369 367 374 370 372 366 374 375 375 373 368 369 371 372 371 372 371 373 373 373 373 372 375 373 374 374 372 373 373 370 373 371 372 371 371 371 372 373 373 364 379 375 366 370 370 370 369 372 372 372 372 372 372 375 381 377 372 375 369 372 367 375 374 370 375 377 369 367 367 359 367 369 367 371 373 374 370
371 371 372 371 371 371 370 369 368 369 368 369 370 370 370 360 370 367 370 371 368 373 370 374 371 369 372 369 371 368 369 371 371 372 373 373 372 371 372 373 373 373 372 369 373 372 371 373 373 371 369 373 366 372 364 371 380 381 373 372 368 368 367 362 365 373 371 372 371 372 369 372 378 372 372 371 373 370 373 375 375 376 376 372 367 374 373 375 376 373 375 371 375 372
371 371 371 370 369 370 369 369 370 370 369 370 370 371 371 370 369 369 370 358 360 370 370 373 369 371 372 371 370 369 370 370 370 371 372 373 372 372 371 373 373 374 374 374 372 371 373 373 373 370 371 372 369 371 375 371 377 374 372 361 370 369 369 371 367 369 372 371 371 373 374 376 376 374 372 372 375 368 376 371 363 366 370 371 372 370 375 375 377 379 379 379 380 376
370 369 370 370 370 370 369 369 370 369 370 371 371 371 371 371 372 371 372 372 372 376 373 371 370 370 373 370 369 369 369 369 370 370 371 371 373 373 373 373 374 369 374 374 370 371 371 372 372 374 373 372 372 374 379 380 377 373 376 369 372 368 370 370 372 370 367 371 369 372 379 374 375 373 373 373 369 373 368 369 373 374 374 371 372 372 378 379 381 376 378 379 376 376
370 370 370 370 371 370 370 370 369 370 370 371 371 371 372 371 371 372 373 373 374 375 371 373 371 368 369 368 372 370 370 370 372 372 371 373 373 372 373 372 375 374 374 375 374 374 371 372 366 372 373 376 373 375 381 381 375 369 374 371 373 374 370 371 370 370 371 368 364 370 372 376 378 378 371 375 370 367 363 367 373 375 373 366 377 375 380 378 378 378 377 375 377 377
370 371 369 370 371 370 370 371 370 370 369 371 371 371 371 372 372 372 374 372 371 372 376 369 372 371 369 367 369 370 371 372 371 371 372 373 371 372 370 372 371 371 372 373 373 374 372 367 363 369 375 377 374 380 381 369 376 376 373 373 377 373 374 373 370 369 369 366 367 363 376 376 377 375 370 374 371 370 370 366 372 374 379 372 381 382 377 376 376 374 373 377 378 378
370 370 369 371 367 370 369 369 369 369 369 370 371 371 372 372 372 372 372 375 374 371 371 371 371 368 370 369 369 369 369 369 368 373 373 373 374 373 372 372 372 373 372 374 373 373 374 374 368 376 371 375 381 370 381 378 380 372 375 373 377 374 374 371 373 370 369 366 369 367 368 371 376 370 374 374 370 371 371 367 371 379 371 380 381 378 376 377 376 374 377 378 379 378
370 369 369 366 368 370 370 370 369 369 369 370 370 370 370 371 371 370 369 375 375 366 374 370 370 370 372 366 370 370 370 371 372 368 370 369 373 373 372 373 373 373 372 361 373 373 371 372 375 375 374 366 381 379 380 381 376 373 370 368 374 371 375 372 373 373 370 370 368 370 365 365 376 377 373 370 372 372 376 370 377 380 383 379 376 379 377 377 377 380 380 380 380 380
370 371 369 367 371 370 370 370 369 369 370 370 371 370 371 370 370 371 369 376 379 377 373 373 372 371 370 369 370 370 367 371 372 373 372 371 373 372 371 370 373 370 372 368 369 371 372 370 367 371 374 375 373 370 382 375 369 363 375 368 375 375 376 373 370 374 372 369 368 368 369 372 376 375 370 374 373 375 375 382 379 380 375 375 374 377 378 380 380 380 381 381 381 382
371 371 364 369 368 370 369 369 369 369 369 370 369 370 370 369 368 372 369 371 377 373 375 373 370 369 370 368 366 364 371 372 372 373 370 372 373 372 370 371 364 373 374 374 375 373 374 375 370 369 367 369 377 382 382 371 377 371 363 373 373 373 368 369 373 373 372 374 375 370 373 371 377 378 369 372 377 376 379 377 376 377 377 378 378 379 380 380 381 381 382 384 384 382
361 363 370 367 370 370 369 369 369 369 369 369 369 369 369 370 370 366 372 374 372 374 371 379 378 376 378 368 370 370 371 372 372 372 372 375 375 373 372 371 370 368 367 370 370 363 374 377 378 382 381 382 381 371 368 368 371 367 372 374 373 372 372 373 373 372 372 371 373 377 374 370 370 377 376 377 375 380 376 378 378 378 378 378 378 377 382 382 382 382 384 384 383 382
368 370 370 370 369 369 369 369 368 369 370 369 369 369 369 370 370 371 369 369 367 375 371 371 380 377 372 370 371 371 371 372 369 374 375 376 375 374 373 371 371 371 371 371 370 373 375 366 374 378 377 374 377 370 376 371 371 371 366 372 372 372 371 373 371 371 372 376 375 376 378 377 371 382 374 376 374 380 381 381 378 376 380 379 381 383 384 384 383 384 381 381 377 381
371 370 370 369 369 369 369 370 368 369 369 369 369 370 370 370 370 371 368 370 372 371 380 373 376 366 370 372 371 372 370 373 373 375 371 372 374 370 373 371 371 372 372 372 373 375 376 377 379 377 374 374 371 371 372 374 375 374 373 374 374 372 371 371 371 374 375 378 379 376 373 377 378 381 378 375 382 379 380 381 377 379 379 382 384 384 384 384 384 382 382 380 380 381
368 368 369 368 368 368 369 369 369 368 369 369 368 368 370 369 367 369 371 372 375 377 369 373 378 373 369 372 372 370 371 374 375 375 376 375 374 373 371 372 372 375 373 373 373 372 378 383 377 380 379 377 374 372 374 372 370 373 369 373 373 373 372 370 369 366 365 379 377 378 379 379 370 378 376 374 372 378 379 380 380 381 384 384 384 384 385 383 383 382 381 381 381 382
369 369 369 369 370 364 367 366 370 368 362 365 369 369 370 370 370 365 367 368 370 367 368 373 380 373 370 369 371 372 370 372 373 375 375 375 373 373 373 373 373 372 373 375 376 373 374 371 382 378 378 375 368 371 374 374 374 374 374 373 372 370 370 371 371 365 377 376 378 380 379 378 381 375 377 382 376 378 376 380 383 384 384 384 384 385 384 383 383 382 382 380 381 379
368 369 369 368 366 373 368 366 370 366 368 365 369 369 369 370 371 367 363 367 366 361 370 366 373 379 379 369 374 370 373 373 374 375 372 375 374 373 372 373 372 373 374 374 374 373 380 376 383 379 377 377 376 374 374 374 375 374 374 373 374 375 373 378 378 379 378 379 380 381 382 380 381 371 377 375 377 381 383 383 384 384 384 385 384 384 384 383 384 383 382 381 379 382
370 370 369 365 373 371 367 363 369 364 368 370 369 369 368 370 366 371 369 367 367 368 369 361 376 376 379 380 366 373 374 374 373 373 373 374 373 374 373 372 373 372 370 375 375 378 376 374 382 374 377 374 374 370 371 374 369 372 371 372 376 378 378 382 382 381 380 380 376 377 378 378 378 378 379 381 383 383 384 384 384 384 383 383 384 384 384 384 382 384 383 383 379 380
372 372 373 377 377 374 369 368 368 367 372 365 367 370 369 369 366 367 367 370 369 368 368 370 366 376 381 374 368 372 374 375 373 371 373 372 373 375 374 373 376 372 380 380 375 379 379 381 383 381 377 378 374 373 371 372 367 368 372 376 378 378 379 382 382 383 382 381 380 376 382 379 375 378 381 383 383 384 384 384 384 383 383 381 382 384 383 381 374 382 382 379 380 378
373 371 366 377 375 370 369 369 367 369 368 368 368 362 369 368 371 370 369 370 370 369 371 372 369 370 378 379 373 372 374 374 372 375 372 376 374 372 375 371 381 383 370 379 381 379 382 384 376 375 377 376 374 374 373 368 369 367 372 376 378 380 380 380 382 383 383 382 377 378 381 379 378 382 383 383 384 384 384 383 383 383 383 381 384 384 382 382 379 382 382 382 378 382
369 367 371 363 364 369 369 368 366 371 370 372 369 369 371 369 371 368 370 371 370 370 372 371 371 373 376 378 371 373 378 367 374 375 378 376 367 370 380 381 381 383 383 382 384 384 383 384 382 375 375 374 373 373 373 372 372 367 374 376 379 380 381 379 378 382 384 383 384 381 381 379 382 383 383 383 383 383 382 382 382 380 383 382 382 382 382 381 381 381 380 378 377 381
375 373 378 371 372 369 371 370 368 371 370 371 376 372 371 370 374 374 375 374 372 374 368 372 371 372 374 379 378 375 375 374 376 381 382 381 377 378 382 376 375 379 381 381 377 383 380 378 373 379 379 374 373 374 373 375 374 373 371 376 377 377 380 381 383 383 382 378 380 380 381 383 382 383 383 383 382 382 382 382 382 382 384 377 380 381 380 380 380 380 378 378 378 382
373 374 375 375 376 374 374 374 372 371 373 376 372 373 373 373 371 365 371 366 368 376 374 375 376 373 382 369 372 374 370 376 374 382 376 369 370 371 371 373 372 374 371 367 373 375 383 377 377 373 372 375 374 375 374 374 372 378 377 375 377 375 379 378 380 383 384 380 382 382 383 383 383 382 383 382 382 382 382 382 383 382 383 383 380 381 381 379 380 379 379 379 376 382
378 380 376 375 375 376 375 375 379 375 375 377 370 368 366 371 373 372 372 370 367 365 375 376 382 377 368 371 371 365 370 368 370 368 362 382 377 371 373 373 372 369 370 367 367 365 379 372 369 375 376 376 376 375 378 380 380 379 378 379 376 378 379 372 381 382 383 383 383 383 384 383 382 379 378 381 382 382 383 383 383 383 380 379 381 377 380 379 379 379 380 380 379 380
378 380 379 376 377 376 376 375 375 372 373 374 376 376 377 370 372 376 373 373 373 376 381 381 372 369 365 370 368 369 370 369 364 357 364 376 379 375 373 371 371 371 368 369 370 369 376 373 373 372 375 377 377 377 378 380 381 379 377 378 379 380 379 381 381 382 383 383 383 384 383 381 381 379 379 381 382 382 382 383 383 381 381 381 382 380 381 380 380 380 380 380 380 380
377 380 377 379 377 378 377 372 379 373 376 377 376 377 380 377 375 377 376 376 379 380 375 373 371 372 372 369 368 369 369 369 370 368 366 376 380 375 373 369 368 371 371 370 371 371 371 373 372 375 373 377 378 371 378 382 380 379 380 380 381 378 380 381 381 380 380 382 382 382 381 379 379 379 380 381 381 382 382 383 383 383 382 382 382 381 381 381 381 381 380 380 380 380
377 380 375 378 378 376 379 379 378 371 377 379 377 377 376 378 374 380 373 378 378 380 379 376 373 369 375 372 371 370 370 370 370 371 374 382 364 373 373 368 371 372 371 370 369 372 372 372 375 376 376 377 377 378 382 382 382 381 380 380 381 382 382 380 382 379 382 382 383 382 381 379 381 381 381 381 382 383 383 383 384 382 382 382 382 382 382 382 381 381 381 381 381 378
376 375 377 378 378 378 380 378 377 377 377 378 378 378 370 380 376 380 377 379 382 374 376 373 376 375 369 374 372 370 370 368 370 371 378 379 371 371 373 373 374 373 374 376 374 373 373 372 374 377 377 377 374 382 383 382 382 381 381 381 380 380 380 380 381 381 382 382 382 382 381 380 381 382 382 381 381 381 383 383 383 383 383 383 383 383 382 383 382 382 381 381 381 380
380 371 377 376 378 376 375 371 377 376 377 374 377 376 378 376 377 380 373 379 380 377 378 377 377 377 378 377 375 375 377 376 376 373 380 373 375 373 374 376 373 378 375 378 377 375 373 370 374 370 372 375 380 382 382 381 380 381 381 380 380 379 379 379 381 382 382 382 381 382 381 380 381 382 382 381 381 381 382 382 384 384 384 383 383 382 383 383 382 381 380 380 380 381
380 373 376 376 377 378 376 376 378 377 377 377 374 379 378 379 378 378 378 381 376 373 376 379 378 379 379 379 377 374 378 378 379 380 382 374 376 375 378 379 378 377 379 378 376 377 378 376 377 379 375 378 381 382 381 381 380 381 381 381 380 380 379 381 381 384 382 383 382 381 381 380 381 382 382 381 381 383 383 383 384 384 383 383 382 382 381 380 381 380 380 379 381 381
377 377 379 378 378 380 377 379 379 379 376 378 375 378 379 367 378 380 379 380 378 379 378 377 377 380 378 377 380 379 379 380 379 376 382 380 378 380 380 381 380 380 379 378 379 378 378 380 380 377 380 380 380 382 380 381 380 381 381 382 381 379 381 382 383 384 381 382 381 379 380 380 380 382 383 381 381 381 383 383 384 384 383 383 383 382 382 382 381 380 380 379 384 384
378 378 377 377 375 376 376 375 376 375 378 377 377 379 379 377 381 380 382 380 379 380 378 378 380 382 382 382 381 378 382 382 382 383 383 382 382 382 382 382 381 381 381 381 381 381 381 381 381 381 380 380 380 379 379 380 380 380 382 381 382 382 382 382 384 382 382 382 380 381 380 379 381 380 382 382 382 383 384 384 383 383 383 383 383 382 382 381 381 382 381 382 382 380
379 379 377 380 381 378 378 378 378 379 377 375 379 379 379 379 379 380 378 380 380 381 382 381 380 381 381 381 381 382 382 382 383 383 382 382 382 382 382 382 382 382 382 382 382 381 381 381 381 381 381 381 380 380 380 381 381 381 382 382 383 382 382 384 383 382 381 382 382 381 381 381 382 381 383 382 384 384 384 383 383 383 382 382 382 383 381 382 382 382 383 379 380 381
