sesion_6_simulaciones/modelos_distribucion_especies/ejemplo/variables/futuro_B2/2020/PA.asc
ncols 708
nrows 329
xllcorner -7.525000
yllcorner 35.991667
cellsize 0.008333
NODATA_value -9999
[rows 210 to 251 of 329, columns 564 to 657 of 708]
210 192 181 189 190 225 241 277 298 278 328 332 325 341 301 342 257 274 220 190 179 166 121 76 76 64 59 47 72 91 102 85 90 88 82 86 87 95 101 104 105 110 85 105 121 140 165 212 242 266 285 348 341 343 382 386 354 337 368 369 357 354 309 325 318 316 274 262 251 281 299 275 227 208 189 213 206 166 165 146 156 145 136 134 133 132 128 123 127 125 124 127 127 127
252 254 233 232 247 267 272 296 323 312 344 326 343 349 337 324 304 290 255 249 242 196 194 116 90 75 81 88 79 90 99 98 111 105 98 85 95 91 97 93 101 94 96 99 115 144 170 199 217 262 229 263 289 272 312 364 330 337 340 348 350 336 287 295 305 290 268 249 202 254 268 232 191 212 186 172 173 169 158 156 137 139 133 131 127 126 127 125 126 127 127 127 129 134
332 279 303 290 307 303 339 319 357 336 335 317 363 390 376 344 303 314 280 275 267 254 208 158 166 130 109 103 119 133 134 129 124 115 109 107 108 95 106 87 93 92 96 101 103 120 134 159 194 200 196 208 212 255 274 275 290 313 307 312 315 286 267 273 254 268 239 240 241 204 230 196 203 175 156 164 159 161 154 119 135 130 129 127 126 124 124 126 125 124 128 126 132 140
382 344 375 335 394 352 394 352 322 348 315 354 349 362 371 373 332 277 290 287 272 230 236 205 169 191 165 145 158 139 158 139 138 129 131 125 115 110 103 94 98 96 96 95 105 106 114 127 146 144 160 164 179 204 240 275 262 275 279 291 289 283 252 223 216 212 186 213 198 190 177 179 183 157 151 148 144 143 136 132 127 125 125 125 124 124 123 124 126 127 129 130 138 143
409 387 406 431 407 413 429 365 368 345 363 370 343 363 389 369 344 317 264 245 217 237 207 218 227 227 204 189 195 187 155 138 159 158 125 142 121 131 130 118 94 89 97 98 96 98 106 112 111 123 124 133 162 178 184 236 205 233 252 244 241 258 230 206 207 203 169 166 177 154 173 153 168 147 144 137 135 130 126 122 123 123 123 124 122 123 123 124 127 128 131 135 136 145
406 479 429 460 478 427 387 432 410 402 412 382 374 387 350 350 331 296 286 240 220 207 213 226 222 215 207 198 188 175 205 171 152 164 166 145 150 147 129 127 121 109 103 93 96 94 102 101 111 105 112 114 128 141 140 176 172 201 219 203 207 175 201 189 195 180 178 177 174 158 152 152 145 144 138 135 134 129 126 123 122 123 122 122 124 124 125 129 130 132 135 141 142 146
473 450 467 492 468 470 421 430 405 446 444 425 383 386 359 348 328 316 280 237 251 223 227 231 236 227 215 197 243 197 194 169 198 188 174 174 153 158 155 134 135 122 109 99 94 90 94 98 98 101 102 114 107 130 133 153 155 163 183 176 180 163 175 180 176 171 170 161 156 158 148 149 141 139 136 134 130 129 127 123 122 122 123 123 126 127 132 134 139 143 142 144 149 158
505 511 490 490 481 478 448 439 417 436 437 415 402 381 371 347 341 317 299 269 249 235 229 239 244 248 224 248 230 216 229 217 201 197 178 193 187 194 191 167 149 135 118 105 94 91 89 89 90 91 98 107 107 116 127 143 144 160 149 148 156 152 149 162 164 167 160 157 147 154 149 143 141 140 134 130 131 128 127 125 123 122 124 126 129 134 141 149 146 148 146 152 148 162
549 533 505 528 509 481 451 446 435 435 416 395 377 381 351 343 321 317 311 280 255 254 229 235 247 259 258 238 254 221 251 257 241 229 212 211 219 227 224 233 199 155 136 122 103 92 88 87 91 94 102 100 106 120 122 131 139 141 141 140 140 144 146 157 160 161 158 153 149 150 144 141 136 134 130 129 128 127 126 125 125 125 128 132 138 147 157 163 155 163 159 159 159 168
594 578 564 571 535 494 475 458 432 449 383 387 366 351 345 313 326 307 289 279 284 263 223 278 216 264 262 264 270 284 288 305 286 232 239 240 240 260 268 248 219 194 162 127 119 100 93 90 93 95 98 98 105 116 121 128 135 136 129 137 132 134 147 156 153 156 154 146 152 143 137 134 133 128 129 127 126 125 126 126 127 129 133 139 150 162 162 170 178 181 169 169 162 173
582 580 576 585 575 506 503 456 435 405 387 388 343 322 340 318 279 287 253 248 274 258 253 245 250 290 271 293 312 312 319 314 301 286 246 249 245 275 268 260 244 222 170 163 130 106 99 100 98 101 101 104 108 112 116 123 125 125 132 130 131 141 137 148 142 150 145 144 141 137 136 130 128 127 127 125 124 125 126 128 130 136 145 155 166 164 160 165 164 177 170 187 171 179
579 573 592 569 559 554 488 486 416 368 373 351 337 306 295 268 297 217 248 237 255 253 243 259 240 280 292 323 320 347 359 355 298 275 267 259 262 264 258 250 245 236 189 157 151 120 108 102 101 108 102 109 105 112 113 117 119 122 125 131 129 140 142 142 143 147 149 137 134 131 131 127 125 122 123 124 123 124 129 132 139 152 160 159 161 160 153 152 157 167 171 179 176 175
562 580 564 579 564 521 539 464 394 406 345 300 262 237 225 235 237 190 207 234 245 235 197 259 252 268 260 286 311 333 352 367 316 282 281 270 254 261 237 242 239 214 194 173 142 129 116 112 113 110 118 110 112 111 113 115 117 120 119 125 127 128 136 139 140 141 136 135 135 126 128 122 123 120 118 120 122 127 134 146 147 159 162 167 155 149 150 152 154 161 157 177 176 170
522 531 548 528 553 524 523 456 423 398 320 287 273 200 182 215 186 201 202 213 208 211 195 205 240 249 259 273 291 325 337 342 334 325 295 277 253 236 235 225 229 197 180 161 151 142 130 122 122 122 116 116 115 116 -9999 -9999 -9999 -9999 120 119 124 128 128 136 133 134 134 133 131 122 122 120 118 117 117 121 126 138 149 147 155 157 150 146 146 146 144 137 156 166 168 179 166 181
467 481 527 497 505 480 457 439 403 374 360 309 274 195 219 187 210 156 185 199 206 204 199 203 214 199 244 271 276 308 316 343 346 318 303 281 279 255 206 216 220 184 170 156 149 145 141 136 127 127 128 122 119 117 -9999 -9999 -9999 -9999 121 118 123 122 128 124 131 130 127 124 125 118 117 116 115 116 113 121 133 136 150 150 146 142 141 140 148 149 151 158 168 157 175 156 179 148
427 449 470 468 433 440 409 397 414 378 371 292 256 200 159 180 175 172 170 207 222 195 203 206 210 205 202 248 280 281 295 293 305 301 311 261 234 208 217 178 -9999 -9999 -9999 -9999 151 148 147 144 137 134 -9999 -9999 -9999 -9999 -9999 -9999 -9999 -9999 114 117 121 121 124 121 127 123 124 124 119 119 111 117 113 112 114 122 126 143 142 136 139 137 145 140 142 154 163 174 182 184 182 171 159 132
405 427 407 389 429 371 377 384 337 314 312 316 249 198 183 168 179 168 189 200 222 195 229 180 181 192 184 236 249 265 252 250 283 268 255 242 227 195 196 176 -9999 -9999 -9999 -9999 148 149 150 147 142 138 -9999 -9999 -9999 -9999 -9999 -9999 -9999 -9999 113 115 115 116 118 119 118 122 118 117 113 117 114 112 114 109 110 113 116 122 122 132 129 135 135 145 153 163 154 187 196 196 166 194 161 146
365 348 362 345 307 338 288 301 298 303 308 259 251 219 187 164 169 150 170 192 186 161 185 152 166 153 135 177 210 188 227 218 211 216 -9999 -9999 -9999 -9999 -9999 -9999 -9999 -9999 -9999 -9999 -9999 -9999 152 151 -9999 -9999 -9999 -9999 -9999 -9999 -9999 -9999 -9999 -9999 -9999 -9999 -9999 -9999 -9999 -9999 115 114 112 113 113 114 112 111 104 102 105 108 120 124 122 127 129 135 139 148 163 163 177 191 220 224 212 198 189 144
297 305 308 274 279 248 284 234 263 242 267 229 167 168 161 116 142 151 133 156 142 158 145 146 167 122 156 135 152 145 143 173 208 172 -9999 -9999 -9999 -9999 -9999 -9999 -9999 -9999 -9999 -9999 -9999 -9999 151 151 -9999 -9999 -9999 -9999 -9999 -9999 -9999 -9999 -9999 -9999 -9999 -9999 -9999 -9999 -9999 -9999 110 108 111 109 108 110 102 105 102 105 102 115 114 119 122 126 132 136 145 153 171 166 159 148 214 195 213 158 149 121
253 247 234 228 204 199 195 193 220 198 195 181 189 137 153 144 129 110 123 122 135 98 143 137 97 117 127 116 113 115 -9999 -9999 -9999 -9999 -9999 -9999 -9999 -9999 -9999 -9999 -9999 -9999 -9999 -9999 -9999 -9999 -9999 -9999 -9999 -9999 -9999 -9999 -9999 -9999 -9999 -9999 -9999 -9999 -9999 -9999 -9999 -9999 -9999 -9999 -9999 -9999 105 102 101 96 99 97 99 100 105 110 114 114 122 125 130 140 145 166 179 182 200 169 149 198 -9999 -9999 -9999 -9999
209 187 184 147 161 155 152 158 144 148 139 135 130 132 122 117 116 112 109 104 107 109 94 104 108 103 100 98 96 96 -9999 -9999 -9999 -9999 -9999 -9999 -9999 -9999 -9999 -9999 -9999 -9999 -9999 -9999 -9999 -9999 -9999 -9999 -9999 -9999 -9999 -9999 -9999 -9999 -9999 -9999 -9999 -9999 -9999 -9999 -9999 -9999 -9999 -9999 -9999 -9999 99 98 96 94 92 95 95 102 100 104 109 111 123 125 133 144 143 162 180 185 165 164 163 141 -9999 -9999 -9999 -9999
175 151 147 142 146 138 132 130 127 119 118 114 112 112 111 111 111 107 103 100 99 95 97 95 90 89 -9999 -9999 -9999 -9999 -9999 -9999 -9999 -9999 -9999 -9999 -9999 -9999 -9999 -9999 -9999 -9999 -9999 -9999 -9999 -9999 -9999 -9999 -9999 -9999 -9999 -9999 -9999 -9999 -9999 -9999 -9999 -9999 -9999 -9999 -9999 -9999 -9999 -9999 -9999 -9999 -9999 -9999 -9999 -9999 90 92 97 98 95 101 108 116 127 137 152 153 147 153 160 169 163 133 138 134 -9999 -9999 -9999 -9999
145 133 124 116 121 116 117 116 113 110 110 107 108 107 110 109 107 107 104 100 98 95 94 90 89 86 -9999 -9999 -9999 -9999 -9999 -9999 -9999 -9999 -9999 -9999 -9999 -9999 -9999 -9999 -9999 -9999 -9999 -9999 -9999 -9999 -9999 -9999 -9999 -9999 -9999 -9999 -9999 -9999 -9999 -9999 -9999 -9999 -9999 -9999 -9999 -9999 -9999 -9999 -9999 -9999 -9999 -9999 -9999 -9999 86 87 90 90 97 98 105 117 135 138 137 169 156 156 143 147 133 145 139 139 -9999 -9999 -9999 -9999
142 131 122 115 116 115 109 109 107 105 105 105 106 110 108 110 109 106 104 101 99 97 94 90 -9999 -9999 -9999 -9999 -9999 -9999 -9999 -9999 -9999 -9999 -9999 -9999 -9999 -9999 -9999 -9999 -9999 -9999 -9999 -9999 -9999 -9999 -9999 -9999 -9999 -9999 -9999 -9999 -9999 -9999 -9999 -9999 -9999 -9999 -9999 -9999 -9999 -9999 -9999 -9999 -9999 -9999 -9999 -9999 -9999 -9999 -9999 -9999 84 87 92 98 107 120 140 156 153 184 153 172 136 143 147 164 -9999 -9999 -9999 -9999 -9999 -9999
145 134 126 120 116 111 108 104 104 102 103 106 106 107 110 111 111 108 105 103 101 98 95 92 -9999 -9999 -9999 -9999 -9999 -9999 -9999 -9999 -9999 -9999 -9999 -9999 -9999 -9999 -9999 -9999 -9999 -9999 -9999 -9999 -9999 -9999 -9999 -9999 -9999 -9999 -9999 -9999 -9999 -9999 -9999 -9999 -9999 -9999 -9999 -9999 -9999 -9999 -9999 -9999 -9999 -9999 -9999 -9999 -9999 -9999 -9999 -9999 80 83 89 97 112 139 128 171 154 192 202 141 160 137 139 167 -9999 -9999 -9999 -9999 -9999 -9999
148 141 131 125 120 117 110 109 106 105 106 107 108 111 113 113 112 110 108 107 103 102 98 96 -9999 -9999 -9999 -9999 -9999 -9999 -9999 -9999 -9999 -9999 -9999 -9999 -9999 -9999 -9999 -9999 -9999 -9999 -9999 -9999 -9999 -9999 -9999 -9999 -9999 -9999 -9999 -9999 -9999 -9999 -9999 -9999 -9999 -9999 -9999 -9999 -9999 -9999 -9999 -9999 -9999 -9999 -9999 -9999 -9999 -9999 -9999 -9999 77 80 88 100 106 121 127 149 186 188 169 169 145 136 -9999 -9999 -9999 -9999 -9999 -9999 -9999 -9999
149 145 135 133 126 125 120 116 114 114 114 114 114 115 116 116 120 116 114 112 111 110 108 105 -9999 -9999 -9999 -9999 -9999 -9999 -9999 -9999 -9999 -9999 -9999 -9999 -9999 -9999 -9999 -9999 -9999 -9999 -9999 -9999 -9999 -9999 -9999 -9999 -9999 -9999 -9999 -9999 -9999 -9999 -9999 -9999 -9999 -9999 -9999 -9999 -9999 -9999 -9999 -9999 -9999 -9999 -9999 -9999 -9999 -9999 -9999 -9999 73 77 93 99 136 160 142 178 153 172 167 135 129 137 -9999 -9999 -9999 -9999 -9999 -9999 -9999 -9999
155 149 142 141 134 128 128 126 123 126 125 128 129 129 126 125 124 124 122 121 120 117 117 113 -9999 -9999 -9999 -9999 -9999 -9999 -9999 -9999 -9999 -9999 -9999 -9999 -9999 -9999 -9999 -9999 -9999 -9999 -9999 -9999 -9999 -9999 -9999 -9999 -9999 -9999 -9999 -9999 -9999 -9999 -9999 -9999 -9999 -9999 -9999 -9999 -9999 -9999 -9999 -9999 -9999 -9999 -9999 -9999 -9999 -9999 -9999 -9999 -9999 -9999 88 126 150 175 154 143 152 145 135 126 -9999 -9999 -9999 -9999 -9999 -9999 -9999 -9999 -9999 -9999
157 148 149 146 139 136 136 138 136 138 141 140 142 141 139 137 135 133 131 129 127 126 123 120 -9999 -9999 -9999 -9999 -9999 -9999 -9999 -9999 -9999 -9999 -9999 -9999 -9999 -9999 -9999 -9999 -9999 -9999 -9999 -9999 -9999 -9999 -9999 -9999 -9999 -9999 -9999 -9999 -9999 -9999 -9999 -9999 -9999 -9999 -9999 -9999 -9999 -9999 -9999 -9999 -9999 -9999 -9999 -9999 -9999 -9999 -9999 -9999 -9999 -9999 89 123 159 150 154 159 136 114 118 120 -9999 -9999 -9999 -9999 -9999 -9999 -9999 -9999 -9999 -9999
163 158 156 153 149 145 147 148 148 149 149 149 150 150 149 147 145 146 140 136 133 129 -9999 -9999 -9999 -9999 -9999 -9999 -9999 -9999 -9999 -9999 -9999 -9999 -9999 -9999 -9999 -9999 -9999 -9999 -9999 -9999 -9999 -9999 -9999 -9999 -9999 -9999 -9999 -9999 -9999 -9999 -9999 -9999 -9999 -9999 -9999 -9999 -9999 -9999 -9999 -9999 -9999 -9999 -9999 -9999 -9999 -9999 -9999 -9999 -9999 -9999 -9999 -9999 -9999 -9999 130 139 128 116 -9999 -9999 -9999 -9999 -9999 -9999 -9999 -9999 -9999 -9999 -9999 -9999 -9999 -9999
166 161 161 159 156 155 157 154 158 152 151 153 152 154 153 153 151 149 148 142 138 132 -9999 -9999 -9999 -9999 -9999 -9999 -9999 -9999 -9999 -9999 -9999 -9999 -9999 -9999 -9999 -9999 -9999 -9999 -9999 -9999 -9999 -9999 -9999 -9999 -9999 -9999 -9999 -9999 -9999 -9999 -9999 -9999 -9999 -9999 -9999 -9999 -9999 -9999 -9999 -9999 -9999 -9999 -9999 -9999 -9999 -9999 -9999 -9999 -9999 -9999 -9999 -9999 -9999 -9999 101 99 79 94 -9999 -9999 -9999 -9999 -9999 -9999 -9999 -9999 -9999 -9999 -9999 -9999 -9999 -9999
-9999 -9999 -9999 -9999 162 162 161 159 156 154 156 155 152 156 156 156 154 153 -9999 -9999 -9999 -9999 -9999 -9999 -9999 -9999 -9999 -9999 -9999 -9999 -9999 -9999 -9999 -9999 -9999 -9999 -9999 -9999 -9999 -9999 -9999 -9999 -9999 -9999 -9999 -9999 -9999 -9999 -9999 -9999 -9999 -9999 -9999 -9999 -9999 -9999 -9999 -9999 -9999 -9999 -9999 -9999 -9999 -9999 -9999 -9999 -9999 -9999 -9999 -9999 -9999 -9999 -9999 -9999 -9999 -9999 -9999 -9999 -9999 -9999 -9999 -9999 -9999 -9999 -9999 -9999 -9999 -9999 -9999 -9999 -9999 -9999 -9999 -9999
-9999 -9999 -9999 -9999 164 164 164 161 158 156 156 154 156 157 157 155 153 152 -9999 -9999 -9999 -9999 -9999 -9999 -9999 -9999 -9999 -9999 -9999 -9999 -9999 -9999 -9999 -9999 -9999 -9999 -9999 -9999 -9999 -9999 -9999 -9999 -9999 -9999 -9999 -9999 -9999 -9999 -9999 -9999 -9999 -9999 -9999 -9999 -9999 -9999 -9999 -9999 -9999 -9999 -9999 -9999 -9999 -9999 -9999 -9999 -9999 -9999 -9999 -9999 -9999 -9999 -9999 -9999 -9999 -9999 -9999 -9999 -9999 -9999 -9999 -9999 -9999 -9999 -9999 -9999 -9999 -9999 -9999 -9999 -9999 -9999 -9999 -9999
-9999 -9999 -9999 -9999 -9999 -9999 -9999 -9999 -9999 -9999 -9999 -9999 -9999 -9999 -9999 -9999 -9999 -9999 -9999 -9999 -9999 -9999 -9999 -9999 -9999 -9999 -9999 -9999 -9999 -9999 -9999 -9999 -9999 -9999 -9999 -9999 -9999 -9999 -9999 -9999 -9999 -9999 -9999 -9999 -9999 -9999 -9999 -9999 -9999 -9999 -9999 -9999 -9999 -9999 -9999 -9999 -9999 -9999 -9999 -9999 -9999 -9999 -9999 -9999 -9999 -9999 -9999 -9999 -9999 -9999 -9999 -9999 -9999 -9999 -9999 -9999 -9999 -9999 -9999 -9999 -9999 -9999 -9999 -9999 -9999 -9999 -9999 -9999 -9999 -9999 -9999 -9999 -9999 -9999
-9999 -9999 -9999 -9999 -9999 -9999 -9999 -9999 -9999 -9999 -9999 -9999 -9999 -9999 -9999 -9999 -9999 -9999 -9999 -9999 -9999 -9999 -9999 -9999 -9999 -9999 -9999 -9999 -9999 -9999 -9999 -9999 -9999 -9999 -9999 -9999 -9999 -9999 -9999 -9999 -9999 -9999 -9999 -9999 -9999 -9999 -9999 -9999 -9999 -9999 -9999 -9999 -9999 -9999 -9999 -9999 -9999 -9999 -9999 -9999 -9999 -9999 -9999 -9999 -9999 -9999 -9999 -9999 -9999 -9999 -9999 -9999 -9999 -9999 -9999 -9999 -9999 -9999 -9999 -9999 -9999 -9999 -9999 -9999 -9999 -9999 -9999 -9999 -9999 -9999 -9999 -9999 -9999 -9999
-9999 -9999 -9999 -9999 -9999 -9999 -9999 -9999 -9999 -9999 -9999 -9999 -9999 -9999 -9999 -9999 -9999 -9999 -9999 -9999 -9999 -9999 -9999 -9999 -9999 -9999 -9999 -9999 -9999 -9999 -9999 -9999 -9999 -9999 -9999 -9999 -9999 -9999 -9999 -9999 -9999 -9999 -9999 -9999 -9999 -9999 -9999 -9999 -9999 -9999 -9999 -9999 -9999 -9999 -9999 -9999 -9999 -9999 -9999 -9999 -9999 -9999 -9999 -9999 -9999 -9999 -9999 -9999 -9999 -9999 -9999 -9999 -9999 -9999 -9999 -9999 -9999 -9999 -9999 -9999 -9999 -9999 -9999 -9999 -9999 -9999 -9999 -9999 -9999 -9999 -9999 -9999 -9999 -9999
-9999 -9999 -9999 -9999 -9999 -9999 -9999 -9999 -9999 -9999 -9999 -9999 -9999 -9999 -9999 -9999 -9999 -9999 -9999 -9999 -9999 -9999 -9999 -9999 -9999 -9999 -9999 -9999 -9999 -9999 -9999 -9999 -9999 -9999 -9999 -9999 -9999 -9999 -9999 -9999 -9999 -9999 -9999 -9999 -9999 -9999 -9999 -9999 -9999 -9999 -9999 -9999 -9999 -9999 -9999 -9999 -9999 -9999 -9999 -9999 -9999 -9999 -9999 -9999 -9999 -9999 -9999 -9999 -9999 -9999 -9999 -9999 -9999 -9999 -9999 -9999 -9999 -9999 -9999 -9999 -9999 -9999 -9999 -9999 -9999 -9999 -9999 -9999 -9999 -9999 -9999 -9999 -9999 -9999
-9999 -9999 -9999 -9999 -9999 -9999 -9999 -9999 -9999 -9999 -9999 -9999 -9999 -9999 -9999 -9999 -9999 -9999 -9999 -9999 -9999 -9999 -9999 -9999 -9999 -9999 -9999 -9999 -9999 -9999 -9999 -9999 -9999 -9999 -9999 -9999 -9999 -9999 -9999 -9999 -9999 -9999 -9999 -9999 -9999 -9999 -9999 -9999 -9999 -9999 -9999 -9999 -9999 -9999 -9999 -9999 -9999 -9999 -9999 -9999 -9999 -9999 -9999 -9999 -9999 -9999 -9999 -9999 -9999 -9999 -9999 -9999 -9999 -9999 -9999 -9999 -9999 -9999 -9999 -9999 -9999 -9999 -9999 -9999 -9999 -9999 -9999 -9999 -9999 -9999 -9999 -9999 -9999 -9999
-9999 -9999 -9999 -9999 -9999 -9999 -9999 -9999 -9999 -9999 -9999 -9999 -9999 -9999 -9999 -9999 -9999 -9999 -9999 -9999 -9999 -9999 -9999 -9999 -9999 -9999 -9999 -9999 -9999 -9999 -9999 -9999 -9999 -9999 -9999 -9999 -9999 -9999 -9999 -9999 -9999 -9999 -9999 -9999 -9999 -9999 -9999 -9999 -9999 -9999 -9999 -9999 -9999 -9999 -9999 -9999 -9999 -9999 -9999 -9999 -9999 -9999 -9999 -9999 -9999 -9999 -9999 -9999 -9999 -9999 -9999 -9999 -9999 -9999 -9999 -9999 -9999 -9999 -9999 -9999 -9999 -9999 -9999 -9999 -9999 -9999 -9999 -9999 -9999 -9999 -9999 -9999 -9999 -9999
-9999 -9999 -9999 -9999 -9999 -9999 -9999 -9999 -9999 -9999 -9999 -9999 -9999 -9999 -9999 -9999 -9999 -9999 -9999 -9999 -9999 -9999 -9999 -9999 -9999 -9999 -9999 -9999 -9999 -9999 -9999 -9999 -9999 -9999 -9999 -9999 -9999 -9999 -9999 -9999 -9999 -9999 -9999 -9999 -9999 -9999 -9999 -9999 -9999 -9999 -9999 -9999 -9999 -9999 -9999 -9999 -9999 -9999 -9999 -9999 -9999 -9999 -9999 -9999 -9999 -9999 -9999 -9999 -9999 -9999 -9999 -9999 -9999 -9999 -9999 -9999 -9999 -9999 -9999 -9999 -9999 -9999 -9999 -9999 -9999 -9999 -9999 -9999 -9999 -9999 -9999 -9999 -9999 -9999
-9999 -9999 -9999 -9999 -9999 -9999 -9999 -9999 -9999 -9999 -9999 -9999 -9999 -9999 -9999 -9999 -9999 -9999 -9999 -9999 -9999 -9999 -9999 -9999 -9999 -9999 -9999 -9999 -9999 -9999 -9999 -9999 -9999 -9999 -9999 -9999 -9999 -9999 -9999 -9999 -9999 -9999 -9999 -9999 -9999 -9999 -9999 -9999 -9999 -9999 -9999 -9999 -9999 -9999 -9999 -9999 -9999 -9999 -9999 -9999 -9999 -9999 -9999 -9999 -9999 -9999 -9999 -9999 -9999 -9999 -9999 -9999 -9999 -9999 -9999 -9999 -9999 -9999 -9999 -9999 -9999 -9999 -9999 -9999 -9999 -9999 -9999 -9999 -9999 -9999 -9999 -9999 -9999 -9999
-9999 -9999 -9999 -9999 -9999 -9999 -9999 -9999 -9999 -9999 -9999 -9999 -9999 -9999 -9999 -9999 -9999 -9999 -9999 -9999 -9999 -9999 -9999 -9999 -9999 -9999 -9999 -9999 -9999 -9999 -9999 -9999 -9999 -9999 -9999 -9999 -9999 -9999 -9999 -9999 -9999 -9999 -9999 -9999 -9999 -9999 -9999 -9999 -9999 -9999 -9999 -9999 -9999 -9999 -9999 -9999 -9999 -9999 -9999 -9999 -9999 -9999 -9999 -9999 -9999 -9999 -9999 -9999 -9999 -9999 -9999 -9999 -9999 -9999 -9999 -9999 -9999 -9999 -9999 -9999 -9999 -9999 -9999 -9999 -9999 -9999 -9999 -9999 -9999 -9999 -9999 -9999 -9999 -9999
