sesion_6_simulaciones/modelos_distribucion_especies/ejemplo/variables/futuro_B2/2020/TMNV.asc
ncols 708
nrows 329
xllcorner -7.525000
yllcorner 35.991667
cellsize 0.008333
NODATA_value -9999
[rows 41 to 81 of 329, columns 470 to 563 of 708]
-9999 -9999 168 168 168 171 172 172 170 170 170 173 -9999 -9999 -9999 -9999 -9999 -9999 -9999 -9999 171 168 170 170 167 168 173 172 177 175 177 179 179 178 178 178 177 177 177 178 180 182 181 180 179 180 180 179 180 177 177 178 179 178 177 176 176 176 178 176 176 178 177 177 176 176 176 176 176 176 176 178 177 178 177 177 177 178 178 179 178 179 180 179 180 179 180 179 179 178 179 177 176 176
169 172 172 174 174 173 175 172 175 174 174 179 174 172 171 170 172 169 170 171 174 172 173 173 174 176 179 179 179 178 180 178 177 176 176 176 178 179 180 181 180 181 180 181 181 179 181 180 179 178 178 177 180 177 176 177 176 176 177 177 177 178 177 177 178 177 177 176 176 177 178 177 177 177 177 177 177 177 177 177 177 178 177 180 180 180 180 178 177 178 178 178 178 178
172 172 175 173 173 176 174 173 174 176 179 176 176 177 174 176 178 177 174 173 176 173 173 174 174 175 175 178 180 178 176 176 174 174 175 177 177 178 179 179 182 181 182 182 182 181 180 180 179 178 180 181 177 175 174 176 175 178 178 178 178 178 178 177 178 177 177 178 177 178 179 178 178 177 178 176 176 176 176 176 176 176 178 180 180 179 177 177 178 178 179 179 179 179
174 174 175 175 174 172 174 176 179 175 176 173 176 180 178 177 176 174 175 173 177 173 175 176 176 176 179 175 179 180 176 175 175 176 178 179 178 177 177 178 182 178 177 177 179 181 182 182 182 182 178 179 177 177 177 176 177 178 178 179 179 179 179 179 179 179 178 178 178 179 179 179 178 178 177 178 178 177 175 179 176 178 179 181 178 177 178 178 179 179 180 180 180 180
174 172 175 173 172 172 176 176 174 175 174 172 175 179 176 175 175 174 175 174 179 176 179 175 176 180 181 181 181 178 177 177 177 178 179 180 177 178 178 182 181 175 177 177 177 179 179 178 179 179 178 177 176 177 176 176 177 178 178 179 180 179 179 178 178 178 179 179 179 179 179 179 178 178 177 177 179 178 178 179 182 181 182 177 178 178 178 180 180 180 180 181 181 180
173 173 173 173 175 174 171 171 172 171 173 175 178 180 177 175 177 178 178 176 177 178 176 178 179 181 177 178 179 179 179 179 177 178 180 181 177 179 183 180 178 178 178 177 176 176 177 176 176 175 175 175 176 176 175 178 179 178 179 180 180 180 179 180 180 179 180 179 179 180 180 179 176 177 177 177 177 181 181 180 183 182 180 181 181 181 181 181 181 181 181 181 180 180
175 175 175 175 176 172 171 171 171 174 175 175 176 179 175 176 179 178 177 178 180 180 179 181 181 180 180 177 180 181 180 181 181 182 182 182 181 181 179 180 178 178 179 181 177 176 178 176 177 177 177 176 176 176 178 180 180 180 180 180 180 180 179 179 179 179 179 179 180 180 179 178 178 179 181 181 181 181 182 182 182 182 181 182 181 182 182 181 180 179 178 176 175 176
176 176 176 173 172 171 171 175 175 174 174 174 178 178 176 178 179 178 175 180 181 181 181 178 177 177 179 179 180 180 180 180 181 181 182 183 183 183 181 181 183 181 181 178 176 177 176 177 177 178 177 177 177 176 179 180 180 180 181 180 180 180 180 179 179 179 177 180 181 181 181 181 180 181 182 183 183 183 181 183 182 182 183 182 182 181 180 179 178 176 173 170 171 171
175 175 174 171 171 171 175 176 175 172 174 175 176 178 179 180 181 180 181 181 177 177 177 179 177 180 181 181 181 181 180 180 180 180 180 183 183 181 179 180 180 180 177 177 178 178 176 176 176 175 175 174 178 179 180 178 180 181 181 181 180 179 179 179 177 174 172 177 180 181 182 183 183 183 183 183 184 183 183 184 183 183 182 182 181 180 179 177 174 171 169 169 171 169
171 172 173 173 175 175 177 173 173 173 175 177 176 178 180 181 181 181 181 180 179 180 180 181 181 182 182 181 180 180 180 180 181 181 183 181 184 182 181 183 182 178 178 178 178 178 177 177 177 177 178 178 179 180 180 181 180 181 181 181 180 179 175 174 172 172 173 175 178 182 182 182 183 183 184 184 184 184 184 184 184 183 182 181 180 179 177 173 171 172 171 173 169 170
175 174 173 176 177 177 175 175 174 175 176 178 179 180 181 181 180 180 180 181 180 180 180 181 182 183 181 181 181 181 181 181 181 183 183 184 184 182 181 181 180 179 179 179 178 177 178 178 178 179 180 180 180 181 181 181 181 180 180 180 180 175 173 176 177 177 178 180 181 182 182 183 184 183 184 185 185 185 185 185 184 183 182 180 179 178 177 176 175 172 170 171 173 170
175 177 177 176 177 177 178 178 177 178 176 178 180 180 181 182 181 179 180 180 180 180 180 181 182 182 181 181 182 182 182 182 182 181 181 183 183 180 179 178 178 179 177 178 177 178 179 178 179 180 180 181 180 180 181 180 181 180 180 180 178 174 173 177 180 181 181 182 182 183 184 184 185 185 183 184 185 186 186 185 184 183 182 180 178 176 174 173 171 170 166 168 172 172
177 178 176 177 176 176 177 177 178 181 180 180 181 181 181 181 181 181 179 179 180 181 181 180 183 182 181 183 182 182 182 181 181 182 183 184 180 180 178 179 179 178 178 179 178 180 181 179 180 180 181 181 180 181 181 181 181 180 180 180 178 173 174 177 181 181 182 182 183 183 184 184 185 185 185 186 186 186 186 185 185 184 182 179 176 173 169 167 168 166 166 167 169 171
176 176 176 177 177 178 178 179 180 181 181 182 182 181 181 181 179 179 179 179 180 180 182 181 183 184 182 183 182 183 182 181 181 181 184 183 183 182 180 179 178 179 181 179 180 181 182 181 180 181 181 181 181 181 181 181 181 181 181 180 179 177 179 180 182 182 183 184 184 185 185 186 186 186 187 187 187 188 187 187 186 185 180 178 177 173 168 166 164 168 167 170 172 175
177 177 178 178 178 178 180 180 180 182 182 182 182 181 180 180 180 180 180 180 181 182 182 182 184 183 184 182 183 182 184 182 182 180 182 181 180 178 178 179 179 180 182 181 182 181 181 180 181 181 181 181 181 181 181 181 181 181 181 180 180 180 179 183 184 184 185 185 186 186 186 187 187 187 187 188 188 187 187 187 188 188 186 185 181 178 176 173 172 172 175 173 176 177
177 178 179 179 179 179 180 181 181 182 181 180 179 181 181 180 180 181 181 181 182 183 183 183 185 184 184 182 182 183 184 184 182 184 181 179 180 180 179 181 179 182 181 180 181 181 180 180 180 181 181 181 181 181 181 180 181 181 180 180 178 178 178 183 184 185 185 186 185 185 187 188 188 188 188 189 189 189 189 188 188 190 189 190 188 187 186 184 179 181 179 178 180 178
179 179 179 180 180 180 181 180 182 180 179 179 180 180 181 181 182 181 181 182 183 183 183 184 185 183 183 186 185 186 184 182 184 183 183 181 180 182 180 183 184 183 181 181 181 181 180 180 180 180 181 180 178 176 177 178 178 179 179 179 178 179 179 178 179 181 185 185 181 180 186 188 189 189 189 189 188 188 187 184 187 190 189 191 193 195 194 191 188 188 186 183 183 180
180 180 180 180 180 180 180 183 182 181 181 180 181 181 182 182 182 184 183 184 184 184 185 184 185 184 183 184 183 182 182 183 183 183 183 183 180 183 183 179 181 181 181 182 182 181 179 178 177 178 179 177 177 178 178 179 179 179 180 178 180 179 181 180 180 182 182 182 182 181 185 189 189 189 188 188 188 185 184 184 186 186 187 190 188 190 194 193 190 185 185 183 183 178
181 181 180 180 181 181 182 181 180 180 180 181 181 182 182 182 183 184 184 185 185 185 184 185 185 184 184 182 181 180 180 180 180 181 183 181 179 180 180 179 180 180 181 181 182 181 177 174 176 178 178 178 178 178 179 179 180 179 180 180 180 181 181 181 181 181 184 184 182 182 185 189 189 188 188 187 187 186 185 183 183 184 184 186 185 189 190 189 190 186 180 183 183 183
181 181 180 180 180 183 181 181 180 180 181 181 182 182 182 183 184 185 185 184 185 185 184 184 183 181 181 182 180 181 180 180 181 180 179 182 181 179 179 180 180 181 181 181 181 181 179 175 176 177 178 179 178 179 179 179 179 181 180 180 180 183 182 181 183 183 183 185 184 185 188 189 188 188 185 185 185 185 185 184 183 180 179 183 184 185 186 183 187 186 181 179 179 180
181 181 181 180 181 183 181 180 178 181 181 182 182 181 179 182 184 185 185 185 185 185 184 184 182 181 181 181 181 180 180 180 180 178 179 181 179 179 180 181 181 181 181 181 180 177 177 177 178 179 179 181 179 180 179 179 179 180 181 181 182 184 182 182 183 183 183 185 185 188 189 188 187 185 187 185 185 185 183 181 180 180 178 182 179 181 178 180 183 178 177 173 172 171
181 181 180 181 182 178 179 180 181 181 181 181 181 179 177 179 184 185 185 185 185 184 182 182 182 182 181 181 181 182 181 180 180 179 177 179 180 180 181 180 180 180 178 177 177 178 177 179 180 180 179 181 181 180 180 180 180 181 181 184 183 184 183 184 184 186 184 184 188 189 189 188 187 187 188 187 186 185 184 180 178 178 178 179 179 182 178 179 179 181 180 176 172 171
181 180 182 182 183 182 181 180 181 181 181 180 183 182 182 183 184 185 185 185 185 183 183 183 182 182 181 182 182 181 182 180 179 180 178 180 181 180 177 179 176 178 177 177 177 178 180 181 180 180 181 181 182 181 181 181 181 182 183 184 184 185 183 186 187 188 188 188 189 188 187 185 187 185 185 186 186 184 183 183 182 179 180 183 181 183 180 182 184 184 175 174 176 172
180 180 181 180 182 182 179 180 181 182 182 182 184 184 185 184 185 185 185 183 183 183 183 182 182 182 183 183 183 182 180 179 180 179 181 180 176 177 177 178 176 179 177 178 179 180 180 181 181 181 182 182 182 181 182 182 183 182 182 184 186 187 186 187 188 188 188 186 186 185 187 185 184 184 185 183 183 180 176 180 180 181 183 186 183 186 183 182 185 185 179 179 179 173
181 180 180 181 183 179 180 180 182 183 181 182 185 185 185 185 185 185 183 183 183 183 183 182 183 182 182 183 183 181 181 181 182 180 180 178 177 176 180 178 177 180 179 180 181 181 182 182 182 182 183 182 182 182 183 184 183 183 183 183 182 184 187 188 184 183 182 182 183 184 186 184 184 183 184 183 179 177 178 184 184 184 187 187 187 189 189 189 190 183 188 183 179 181
181 180 180 181 184 182 182 183 184 184 183 184 185 185 185 185 183 183 183 183 183 182 183 181 180 180 179 179 182 182 181 181 181 178 180 178 178 177 180 179 180 180 180 181 181 182 181 182 182 183 182 181 182 182 183 185 185 184 185 185 187 188 187 186 183 184 182 181 182 183 183 185 183 184 182 181 179 178 181 185 186 187 189 190 187 187 182 184 182 177 185 184 188 188
181 180 180 181 182 182 183 184 184 184 181 184 184 184 182 183 183 183 183 183 182 183 180 176 177 177 178 178 180 180 179 179 180 179 180 179 179 179 179 182 182 181 181 182 181 182 183 183 184 183 183 183 184 184 184 185 187 187 187 187 185 185 183 182 183 181 182 180 180 181 181 183 183 182 180 180 180 178 185 189 186 185 185 181 185 183 180 178 179 176 178 179 183 178
181 180 182 182 183 183 184 184 183 185 184 185 184 182 182 183 183 183 183 184 183 182 178 176 177 179 180 181 178 179 180 180 181 181 182 181 180 181 181 182 184 182 182 183 183 183 184 184 184 184 184 185 185 187 187 187 186 184 186 185 183 182 182 182 180 181 181 179 177 177 180 182 181 181 180 178 182 184 187 187 183 184 179 180 182 179 177 173 168 167 172 176 176 176
181 181 182 184 184 183 185 185 185 185 185 182 182 182 183 183 182 183 183 183 183 183 180 181 182 182 183 180 179 180 181 181 181 182 183 182 182 183 183 183 184 184 184 184 184 184 184 185 185 185 185 186 187 186 185 185 185 184 183 184 183 183 182 181 180 180 179 178 176 176 179 180 180 178 182 181 180 187 186 184 180 183 181 175 169 174 175 174 167 165 169 167 176 169
181 182 182 183 185 185 185 185 186 185 183 183 183 183 183 183 183 181 181 181 184 184 184 185 184 184 183 180 180 181 182 181 182 182 183 183 184 184 185 185 185 185 184 185 184 184 186 186 186 185 185 185 185 185 185 185 185 185 184 183 184 184 183 183 181 180 180 179 177 178 180 181 180 180 181 184 184 188 183 181 179 177 179 175 168 169 175 171 169 166 166 164 172 168
182 182 180 183 185 185 185 185 183 184 183 183 183 184 185 185 184 183 184 185 184 185 185 185 185 185 184 180 180 182 185 182 183 183 184 185 187 186 186 186 186 185 185 185 184 184 185 185 185 187 186 186 186 185 185 184 183 184 184 182 183 182 181 182 182 181 180 180 180 180 182 179 181 179 182 182 188 183 183 181 182 181 180 177 171 169 175 172 169 164 161 165 169 163
180 182 183 184 183 182 185 182 183 183 183 183 185 185 184 185 185 185 185 185 186 185 186 186 185 186 186 185 185 186 186 182 185 186 186 186 185 187 187 187 186 186 185 185 185 185 184 185 186 186 186 185 185 185 185 184 185 184 184 182 181 182 181 180 180 178 178 181 182 182 182 179 180 183 182 184 187 184 177 173 173 174 170 173 165 171 171 171 169 162 159 166 161 159
181 182 182 181 182 182 183 183 182 183 184 185 185 184 182 183 185 185 186 186 186 186 186 186 186 186 186 186 186 186 187 186 185 186 183 184 185 186 186 186 187 186 184 184 185 184 184 185 185 185 185 185 185 184 184 184 182 183 182 183 181 180 179 178 178 179 179 180 183 185 181 179 184 186 186 187 185 181 176 170 167 165 166 169 163 167 168 165 164 163 163 163 161 162
182 181 181 182 181 183 183 182 183 184 186 185 184 181 183 184 186 186 186 186 186 185 185 185 186 186 185 185 187 185 184 185 184 184 184 183 184 185 185 184 185 185 184 184 184 184 183 184 184 184 183 184 184 183 182 183 183 181 181 181 179 178 177 178 180 181 181 181 183 185 183 182 183 187 183 185 184 180 174 168 165 167 171 173 168 171 171 166 166 165 164 158 155 161
181 181 180 180 182 182 183 185 185 184 183 184 183 184 185 186 186 186 184 185 185 183 180 179 179 181 181 182 183 183 183 185 184 184 184 184 183 184 184 184 183 184 184 184 183 184 183 182 183 182 183 183 182 183 183 181 182 181 180 179 178 178 178 177 180 183 183 183 183 185 185 184 187 182 180 181 178 175 172 170 167 170 176 177 176 173 173 171 170 167 162 156 156 165
181 179 182 182 182 183 185 185 185 185 186 186 184 186 186 186 186 185 181 180 184 184 182 181 181 181 181 180 181 182 183 183 182 182 182 182 183 182 184 184 182 182 181 181 182 182 183 183 182 181 182 181 182 180 181 180 180 182 180 178 179 178 180 180 180 181 184 184 184 185 187 186 183 180 182 184 179 180 178 178 178 178 180 171 167 170 166 167 162 166 158 157 164 169
179 181 182 183 185 185 185 186 186 186 185 185 186 185 185 185 184 183 182 180 184 180 181 183 183 182 182 181 180 181 180 181 181 179 179 180 181 182 182 182 181 179 176 179 180 180 180 181 181 181 180 180 180 180 181 179 181 183 181 179 181 178 180 183 182 182 182 185 185 187 186 183 182 184 185 185 186 185 182 174 175 172 173 172 166 166 160 161 157 156 158 163 166 171
181 182 184 185 184 184 185 185 185 185 184 184 185 183 183 183 184 182 181 181 182 182 182 181 182 182 181 181 181 180 177 177 176 176 176 177 178 180 181 183 182 180 179 178 176 176 178 178 180 180 180 181 179 181 182 181 182 183 183 181 183 181 182 181 184 183 185 183 186 187 185 184 185 186 185 182 180 182 177 166 167 164 165 166 165 164 162 159 155 158 164 167 166 176
182 183 185 185 185 184 184 184 183 183 184 184 184 184 182 182 182 182 181 181 182 182 180 178 179 178 177 178 177 180 178 177 175 175 175 174 174 178 181 181 180 180 180 178 176 176 177 179 179 181 181 181 180 182 183 182 182 183 184 182 184 182 183 184 185 183 185 185 187 187 184 186 184 185 180 178 178 168 169 166 164 165 163 163 158 162 161 160 161 164 167 170 173 176
184 185 185 186 184 184 184 183 184 184 184 182 184 183 180 179 178 179 178 177 180 181 181 179 177 176 175 175 175 178 176 176 176 175 174 175 176 175 178 179 175 177 178 177 176 177 179 180 180 181 183 182 181 182 184 183 183 184 183 184 184 184 184 185 184 185 187 187 186 185 184 182 185 184 184 179 174 164 167 169 167 164 166 161 159 157 162 166 165 171 170 172 175 182
183 185 186 185 184 183 182 182 182 181 182 181 182 183 180 178 178 178 178 177 177 178 180 179 180 176 175 175 175 175 175 175 174 174 175 175 175 175 177 178 176 174 175 176 178 179 180 181 180 181 182 184 182 182 183 184 183 184 184 185 184 186 184 185 187 187 186 186 185 182 180 181 180 175 180 184 181 178 169 170 169 169 162 161 160 163 171 173 171 170 176 179 181 178
