sesion_6_simulaciones/modelos_distribucion_especies/ejemplo/variables/futuro_B2/2020/TMNV.asc
ncols 708
nrows 329
xllcorner -7.525000
yllcorner 35.991667
cellsize 0.008333
NODATA_value -9999
[rows 82 to 122 of 329, columns 282 to 375 of 708]
185 184 184 184 183 184 183 182 180 181 180 181 180 181 181 181 181 182 181 181 181 181 180 175 177 181 180 176 177 178 181 183 185 186 184 184 184 180 182 181 178 178 179 180 179 180 180 180 180 181 180 181 179 176 178 176 175 177 181 183 183 181 182 178 173 175 174 174 176 174 175 173 173 172 170 170 170 169 169 167 168 168 166 166 165 165 164 164 163 164 162 161 161 161
184 185 186 185 182 180 181 179 180 182 181 181 180 181 181 182 182 183 181 181 182 181 181 182 182 178 177 181 178 178 181 179 179 179 178 183 185 182 178 176 177 179 179 179 180 179 179 179 181 182 182 181 181 180 181 181 178 176 182 178 183 178 174 176 177 176 175 174 174 176 175 175 173 173 171 171 170 170 169 169 167 167 167 167 166 165 164 164 163 165 163 161 162 162
184 186 182 182 182 179 179 181 181 182 182 182 180 179 182 183 183 183 183 183 183 182 182 183 183 182 182 183 181 181 182 179 180 180 179 182 185 183 181 179 178 179 179 178 180 180 178 178 181 182 183 182 181 180 180 180 183 182 181 181 184 180 174 175 176 176 174 175 175 174 175 174 174 172 172 171 171 171 169 170 168 167 166 166 165 165 164 165 165 163 162 163 163 162
183 181 181 180 179 177 180 181 181 182 182 181 182 183 184 182 182 183 183 181 181 182 182 183 184 183 184 184 182 182 181 182 181 179 178 179 183 183 180 181 178 179 179 179 179 179 179 179 180 180 182 182 181 181 180 183 182 183 182 183 183 180 174 173 174 174 174 178 175 173 173 174 174 173 172 172 171 171 170 169 169 168 167 167 166 165 165 164 163 164 162 162 164 163
178 180 179 180 181 181 182 181 180 183 183 181 181 183 183 183 183 183 183 184 183 182 182 182 184 185 184 183 181 183 181 181 179 181 181 182 186 182 183 180 179 177 180 181 180 179 179 179 179 182 181 182 182 182 182 184 182 184 182 182 182 182 181 176 175 178 177 175 177 174 173 174 172 173 172 172 171 170 170 169 168 168 167 168 166 166 166 165 165 164 163 163 162 162
179 181 181 181 182 182 181 180 182 182 181 183 183 185 186 184 182 182 184 184 184 184 184 184 184 185 184 183 184 182 182 182 180 180 180 181 185 182 183 180 179 177 178 181 180 180 180 179 178 179 181 182 182 183 184 184 184 184 183 182 183 182 180 181 180 179 179 178 177 174 174 171 172 172 173 171 172 170 170 170 169 168 168 167 167 167 166 166 165 164 163 162 163 162
182 183 182 182 182 181 183 180 182 183 182 181 183 185 183 184 182 180 181 181 185 184 183 182 186 184 183 183 186 182 180 179 179 178 181 184 186 184 182 182 179 180 180 179 177 179 179 179 178 178 178 179 179 182 182 184 183 184 183 183 183 182 181 181 181 180 180 179 179 176 174 173 170 171 171 171 170 172 170 169 170 168 169 168 167 167 166 166 166 165 163 163 162 162
184 184 183 183 182 185 184 182 182 182 182 183 184 186 186 183 184 181 181 182 182 185 184 184 184 182 181 184 186 186 185 180 180 180 180 182 184 183 185 184 183 181 182 180 177 177 178 176 176 177 178 178 178 179 180 180 180 183 182 184 183 182 182 181 181 180 181 180 177 177 176 174 173 171 170 169 169 167 169 171 170 170 168 167 168 167 167 167 166 165 165 163 162 162
187 187 187 187 187 185 184 185 185 184 184 184 183 186 187 183 185 183 184 182 183 184 187 184 183 182 183 181 183 186 188 185 181 180 181 184 185 183 181 180 179 180 180 178 177 177 180 179 179 180 179 181 179 179 181 182 182 180 178 178 179 182 182 182 180 178 180 179 177 177 176 176 175 173 173 173 171 171 170 169 171 168 167 168 167 167 167 167 166 166 165 164 163 162
183 182 182 182 183 182 182 183 183 182 182 182 183 182 185 186 185 184 185 185 185 185 187 186 184 186 183 184 185 189 186 182 179 180 182 183 184 182 181 181 181 178 178 177 177 177 180 182 181 181 180 180 181 181 180 180 181 179 177 177 176 176 177 179 177 179 180 180 178 178 176 177 175 174 174 173 173 172 172 171 170 169 169 169 168 167 167 166 167 166 165 165 165 164
182 183 183 183 182 183 183 183 183 183 183 181 182 183 183 182 188 186 186 187 186 188 184 182 184 188 187 188 189 187 184 181 180 181 182 185 185 184 182 181 180 179 177 177 177 180 182 182 182 183 181 181 183 179 179 180 182 181 179 177 179 179 177 177 181 179 181 177 178 178 177 177 176 175 175 175 174 173 173 172 171 171 170 169 169 169 168 167 167 166 166 166 165 164
182 181 182 184 183 183 184 183 181 181 181 181 181 182 184 184 188 188 185 185 189 187 184 187 187 189 186 186 183 183 188 182 182 183 185 186 184 183 181 180 180 179 178 177 181 183 183 183 184 182 183 181 182 179 179 179 179 180 182 181 181 182 180 179 180 181 179 179 179 179 178 177 177 176 176 175 174 174 173 172 172 171 171 170 170 169 168 168 167 166 166 166 166 166
184 183 183 183 183 184 182 181 181 179 182 182 181 181 181 183 186 190 186 186 189 187 185 190 190 187 180 182 181 182 184 183 184 183 186 184 183 181 180 180 179 178 176 178 180 182 183 185 185 183 185 183 185 181 183 182 182 182 183 183 182 182 182 182 181 181 180 179 179 178 177 178 177 177 176 175 174 173 172 172 172 172 171 171 170 170 169 169 168 167 167 167 165 166
185 184 185 184 182 185 183 182 181 180 180 183 182 181 182 184 186 187 186 187 189 189 187 187 182 183 182 180 179 182 183 183 182 185 185 183 182 180 179 180 179 178 178 179 182 183 183 183 185 184 184 185 185 184 184 184 184 184 183 183 183 183 182 182 182 181 181 180 180 179 178 178 177 177 176 175 173 173 172 172 172 172 171 171 171 170 170 169 168 168 167 167 165 165
185 184 184 183 182 184 184 182 183 182 182 184 182 182 184 187 187 188 187 186 185 189 188 187 183 181 180 180 179 180 182 183 184 184 183 182 181 180 179 179 178 178 179 182 184 184 184 185 186 185 185 185 185 185 184 184 184 184 184 184 183 183 182 182 181 181 181 180 180 179 179 177 177 176 176 175 174 173 173 173 173 172 172 171 171 170 170 170 169 168 166 167 165 165
187 187 184 183 185 186 185 184 182 183 183 185 184 183 184 183 187 187 184 183 183 188 189 183 182 182 183 183 182 183 183 182 182 183 183 182 181 181 179 178 179 179 180 183 184 185 185 185 186 185 185 185 185 185 184 185 184 184 184 183 182 181 182 182 181 181 181 181 180 179 179 177 177 176 176 175 174 174 173 173 173 172 172 171 171 171 170 169 169 169 167 167 167 165
185 184 185 187 186 186 185 184 184 185 185 186 185 185 185 185 186 189 184 184 185 186 188 183 182 181 183 184 184 184 183 184 182 183 182 181 179 179 179 181 183 185 184 186 186 186 186 186 186 186 185 185 185 186 185 185 185 185 184 183 182 182 182 182 181 181 180 180 180 179 178 177 177 177 176 175 174 174 173 173 173 172 172 172 171 171 170 170 170 170 168 167 166 167
185 186 184 186 188 185 185 185 186 184 185 186 185 184 185 184 188 189 188 184 184 185 190 183 184 185 185 185 185 185 185 183 183 181 181 181 180 179 184 185 186 187 187 187 187 187 187 186 186 186 186 186 186 186 185 185 185 185 184 183 182 182 180 180 180 180 180 179 179 179 177 177 177 177 176 174 174 174 174 173 173 172 172 172 171 170 170 170 170 169 168 168 167 166
187 187 187 188 187 187 186 186 186 186 186 186 186 185 185 187 188 188 186 186 188 186 185 185 185 186 187 185 185 184 183 183 183 182 184 183 180 183 186 187 187 188 188 188 187 187 187 187 187 187 186 186 186 186 185 185 185 185 184 184 183 182 181 180 179 180 180 178 179 179 178 177 177 177 176 175 175 174 174 173 173 172 172 170 171 170 169 169 168 168 167 168 167 168
188 188 188 188 188 186 186 186 186 186 187 188 186 186 186 189 190 187 186 186 186 187 187 185 185 185 186 187 186 185 185 185 185 185 186 186 186 188 188 188 188 188 188 188 188 187 187 187 187 187 187 187 186 186 186 185 185 185 184 183 182 182 182 180 179 179 179 178 178 178 177 178 177 175 177 177 176 175 174 174 174 173 172 172 171 170 171 170 169 168 168 168 168 167
189 189 188 188 187 187 187 188 186 188 188 189 187 187 187 189 191 187 189 189 189 187 187 185 185 185 186 189 187 187 188 188 188 188 188 189 188 188 188 188 188 188 188 188 188 188 188 188 187 187 187 187 186 186 186 185 185 184 184 183 181 181 181 181 180 179 178 178 178 178 177 177 177 177 177 176 176 176 175 175 174 174 173 173 173 172 171 171 170 169 169 168 167 168
188 189 189 188 188 187 187 190 189 188 188 189 188 187 188 190 189 188 189 191 189 186 186 186 186 185 186 189 189 190 189 189 189 189 189 189 189 189 189 189 189 188 188 188 188 188 188 188 187 187 187 187 185 185 185 185 184 183 183 181 180 180 179 179 181 180 179 178 177 176 177 177 176 177 176 176 175 175 175 175 174 174 174 174 173 172 171 171 171 170 169 169 169 169
188 188 188 188 189 189 189 190 189 189 187 187 188 188 191 191 190 189 190 190 188 187 187 187 186 187 188 189 191 191 190 190 189 189 189 189 189 189 189 189 189 189 189 188 188 188 188 187 187 186 185 186 185 184 183 184 184 184 182 181 181 180 180 179 179 180 180 179 179 178 177 177 176 176 176 176 175 175 175 175 175 173 173 173 174 173 172 170 170 170 170 171 169 169
188 188 188 188 189 188 190 190 189 189 188 188 189 188 191 191 190 191 190 188 187 188 187 188 188 189 190 190 190 190 191 191 190 190 190 189 189 189 189 189 189 189 189 188 188 188 187 187 187 186 184 185 185 185 184 183 182 183 183 183 182 181 179 180 178 178 180 179 179 179 178 177 177 177 175 175 175 174 174 175 175 174 174 174 174 174 173 172 172 172 170 170 170 170
189 189 189 189 189 189 189 190 191 190 189 188 189 189 191 190 190 190 188 188 189 189 189 189 189 190 190 190 190 190 190 191 191 190 190 190 190 190 189 189 189 189 188 188 188 188 187 186 185 185 185 185 184 183 183 182 183 182 182 182 182 180 180 178 178 178 180 179 179 178 178 178 177 177 176 175 175 174 174 174 174 173 173 173 173 174 174 173 173 173 172 172 172 171
188 188 189 189 189 189 189 190 190 190 191 189 190 189 191 191 191 189 189 189 189 190 190 190 190 190 191 191 190 190 190 190 191 191 190 190 190 190 189 189 189 188 187 187 186 186 185 184 185 184 184 184 185 184 183 182 181 181 181 182 181 181 179 178 178 178 179 180 178 177 177 178 177 178 177 177 176 176 175 175 175 174 173 173 173 174 174 174 173 173 172 172 171 172
187 188 187 188 190 190 190 190 190 191 192 190 191 189 189 191 189 189 189 190 190 191 191 191 191 191 191 191 191 191 190 190 190 190 191 190 189 189 189 189 189 188 187 187 187 186 187 186 184 183 183 184 184 184 183 182 182 181 181 181 181 179 179 179 178 178 180 180 179 177 177 177 177 177 176 176 176 175 175 174 174 174 174 173 174 174 174 174 173 173 172 172 172 171
190 189 189 189 189 188 190 191 191 191 192 191 191 191 190 190 190 189 190 191 191 192 191 191 191 191 191 190 190 191 190 190 190 190 189 190 189 189 189 189 189 189 188 188 188 187 187 186 186 185 184 183 183 182 182 182 181 181 181 180 179 178 179 179 179 178 179 179 179 179 178 178 177 176 177 176 176 176 175 175 174 174 174 174 174 174 174 174 173 173 172 172 172 172
191 191 191 191 191 191 190 191 191 190 192 192 192 192 192 191 190 189 191 192 192 192 191 191 191 191 191 190 189 189 189 189 187 188 189 188 189 188 188 187 189 189 188 188 188 188 187 186 186 185 185 185 184 184 183 183 183 180 180 180 181 181 179 178 178 178 177 179 179 177 178 178 177 177 176 177 176 176 175 175 175 174 175 175 175 175 175 175 174 173 173 173 173 172
191 191 192 192 192 192 192 192 192 192 192 192 192 192 192 191 191 191 192 192 192 192 192 191 191 190 190 189 189 188 188 189 188 187 187 186 187 188 188 187 188 187 187 187 187 187 187 187 187 186 186 185 185 185 184 184 183 182 182 183 182 181 179 179 179 177 178 178 177 178 177 178 177 177 177 177 176 176 176 176 176 175 175 176 176 175 175 174 174 174 174 173 172 173
192 192 192 192 192 192 193 192 192 192 192 192 192 192 192 192 192 192 192 192 191 191 191 191 190 190 190 190 189 188 187 187 188 187 186 186 185 186 187 187 186 186 187 187 187 186 187 187 187 187 186 186 186 185 185 184 184 184 183 182 182 181 181 180 179 179 179 179 178 177 176 178 178 177 178 177 176 177 176 176 176 176 176 176 176 176 175 175 175 174 174 174 174 173
193 193 193 193 193 192 192 192 192 192 192 192 192 191 191 192 192 191 191 191 191 191 191 190 190 190 189 189 189 189 189 189 188 188 187 187 186 186 185 185 184 186 187 187 186 187 186 186 186 186 186 186 185 185 185 185 185 185 184 183 183 182 181 181 180 181 179 178 178 178 177 177 178 179 178 177 176 177 176 176 177 176 176 177 175 175 175 174 174 174 175 174 173 172
193 193 193 193 193 193 192 192 192 192 192 191 191 191 191 191 192 191 191 191 191 191 191 190 190 189 188 188 189 188 188 188 187 186 187 186 186 185 185 185 185 186 187 186 185 187 186 187 185 186 186 186 185 185 185 185 185 185 185 184 183 183 182 182 181 180 179 179 178 179 179 179 179 179 177 176 177 178 177 178 178 178 178 177 176 177 176 176 175 176 175 173 172 172
193 193 193 192 193 193 193 192 191 191 191 191 191 191 191 191 191 191 190 190 190 190 190 190 190 189 188 188 188 188 187 187 187 187 187 186 185 185 185 184 185 185 185 186 185 186 186 184 185 186 186 185 185 185 184 185 185 184 185 184 183 183 182 181 181 179 179 178 178 179 180 180 179 178 177 178 178 178 177 178 179 179 178 177 177 176 177 176 176 176 175 172 172 172
193 193 192 192 192 192 192 191 191 191 191 191 191 190 190 190 191 191 191 190 190 189 190 190 190 190 189 189 188 189 188 187 186 186 186 186 185 186 185 184 184 183 184 185 185 185 184 184 184 185 186 184 185 184 184 183 184 185 185 185 184 183 183 183 181 180 180 180 180 180 180 180 178 177 179 180 180 179 179 179 180 179 179 178 178 178 176 176 177 176 175 173 170 172
192 192 191 192 191 191 192 191 191 192 191 191 190 190 190 190 190 190 191 191 190 189 189 189 189 189 189 188 188 188 188 188 187 187 187 186 185 185 184 185 184 184 183 182 182 183 183 184 184 185 185 184 184 183 182 183 182 183 183 183 184 184 183 182 182 182 181 181 181 181 180 181 179 179 179 180 180 180 180 180 179 179 179 179 178 178 176 175 177 175 174 173 172 173
192 192 192 191 191 191 191 191 191 191 191 190 190 190 190 190 190 190 190 190 190 190 189 188 189 188 189 189 189 188 187 187 186 186 186 185 185 184 185 184 184 184 183 184 183 183 183 183 183 184 185 183 181 182 182 182 182 182 182 183 184 184 183 182 182 180 182 180 181 181 181 181 181 181 181 181 180 179 179 180 180 179 179 179 176 178 178 178 178 176 175 174 175 172
192 191 191 191 191 191 191 191 190 190 190 190 190 190 190 190 190 190 190 190 190 190 190 190 189 189 188 188 189 188 187 187 186 187 186 186 186 186 185 185 185 185 184 184 184 184 183 183 182 183 183 183 182 182 181 180 182 183 184 184 184 184 184 183 182 182 182 182 182 182 182 182 181 181 181 181 181 180 180 179 180 178 179 178 179 179 178 178 178 178 177 177 176 175
192 192 191 191 191 191 190 190 190 190 190 190 190 190 190 190 190 190 190 189 190 190 190 188 188 188 188 188 188 187 188 188 188 187 187 187 187 186 186 186 186 185 185 185 184 184 184 184 183 183 182 182 181 182 181 183 183 183 183 183 184 184 184 184 183 183 183 183 183 182 182 182 181 179 180 181 181 181 180 179 180 178 177 177 178 178 178 178 177 178 177 178 177 177
191 191 192 191 191 191 190 190 190 190 190 190 190 190 190 190 190 189 189 189 189 189 190 189 188 188 188 188 188 187 187 187 187 186 186 186 186 185 184 185 185 183 184 184 183 184 183 183 183 183 182 182 182 183 183 184 183 183 183 183 183 184 182 183 184 183 182 181 183 182 180 182 181 179 180 179 180 180 181 180 179 179 177 176 177 178 176 176 177 177 177 177 177 175
191 191 191 191 191 190 190 190 190 190 190 190 190 190 189 189 189 189 189 189 189 189 189 189 189 189 188 188 188 187 187 187 186 186 186 186 185 185 185 185 184 183 183 183 183 183 182 182 183 183 182 182 184 184 184 183 184 184 184 184 184 184 183 183 184 183 183 183 183 183 182 181 179 180 178 180 180 180 181 181 180 179 178 178 177 177 177 177 176 176 175 177 175 174
