sesion_6_simulaciones/modelos_distribucion_especies/ejemplo/variables/futuro_B2/2020/TMXI.asc
ncols 708
nrows 329
xllcorner -7.525000
yllcorner 35.991667
cellsize 0.008333
NODATA_value -9999
[rows 210 to 251 of 329, columns 285 to 379 of 708]
127 132 133 134 133 126 128 132 133 129 119 114 121 117 108 118 115 127 127 126 131 129 131 127 132 135 128 134 137 134 138 138 138 137 129 122 127 135 138 139 134 139 140 141 138 142 138 140 143 143 132 134 130 128 129 126 133 128 128 134 131 132 131 124 119 114 108 107 114 105 100 100 100 102 101 102 102 115 120 91 97 94 97 108 115 125 121 125 121 126 124 116 99 95 91
133 132 130 124 129 126 128 124 128 121 106 109 110 110 119 117 111 119 124 132 130 125 125 125 127 131 132 133 136 139 140 141 140 140 140 128 142 142 133 134 139 140 140 140 140 140 140 139 141 142 137 137 137 130 135 136 136 124 126 127 123 121 122 104 97 86 99 92 109 107 93 105 102 106 106 112 103 115 120 121 115 96 92 108 119 119 114 118 121 120 119 107 112 83 91
126 128 122 116 115 117 126 122 128 120 108 111 113 115 123 118 114 118 122 124 132 131 123 131 132 131 137 133 139 137 139 132 134 139 140 139 140 140 143 143 142 127 140 140 140 136 133 126 132 134 136 134 131 132 139 131 124 127 124 118 117 118 116 123 116 119 118 111 110 109 104 102 94 97 99 116 118 121 118 127 119 121 121 126 124 113 118 116 104 105 107 107 102 94 93
120 107 113 117 128 126 128 129 127 115 105 112 107 108 117 123 118 131 131 135 132 134 131 133 135 128 135 132 139 140 138 132 138 137 142 140 140 140 140 140 140 139 139 140 137 119 109 112 121 129 123 125 115 106 129 139 134 137 133 129 127 125 116 101 109 101 104 115 112 107 101 99 98 112 119 121 125 125 133 134 129 130 118 124 126 124 126 124 118 110 92 107 114 114 115
118 119 117 129 127 125 123 123 120 112 117 109 113 122 123 126 133 131 135 133 136 136 135 131 124 119 116 134 139 136 142 138 137 136 140 140 140 140 140 137 140 144 140 136 124 128 117 105 114 121 108 104 97 118 129 135 143 135 128 127 122 119 123 121 115 111 115 117 123 121 126 122 122 121 127 132 133 136 133 124 120 114 120 125 124 127 128 130 122 122 119 114 117 116 120
118 120 120 110 123 123 123 122 124 116 116 112 111 124 116 130 132 132 134 134 137 135 136 129 134 134 133 135 136 125 131 130 137 141 139 139 132 133 140 141 142 144 143 139 138 120 103 152 112 121 122 122 114 115 125 134 144 142 133 124 129 125 126 122 122 105 120 121 121 119 121 125 127 129 126 134 136 126 123 122 116 116 126 122 135 134 130 124 131 121 121 121 126 125 123
118 115 118 125 116 119 125 126 114 119 124 118 122 125 131 130 129 133 133 134 131 136 134 137 137 131 135 124 134 126 125 135 125 134 131 136 137 140 141 140 141 136 126 126 147 127 126 108 88 94 119 130 130 139 146 143 142 141 131 130 134 134 129 125 131 131 128 128 127 126 130 130 132 134 134 138 133 125 120 130 128 114 121 134 135 132 125 128 123 129 128 128 121 130 133
120 117 115 124 128 116 114 108 120 107 113 113 125 125 124 133 130 133 134 133 135 133 136 136 132 129 123 126 130 130 122 121 138 140 140 137 135 137 137 141 141 139 121 118 137 132 133 134 129 132 130 132 140 141 147 144 141 129 129 140 135 126 127 129 127 138 132 132 132 133 132 133 125 135 141 135 139 138 137 134 134 133 127 125 136 128 136 133 127 134 116 125 133 123 125
118 120 120 118 115 118 117 120 123 110 110 109 117 126 123 128 124 129 133 135 135 134 132 129 131 111 107 110 120 124 132 131 132 128 131 135 140 136 141 141 142 140 143 149 133 137 158 146 131 116 140 141 141 137 133 143 142 142 138 139 139 133 133 132 134 131 137 123 121 120 136 131 133 127 139 136 128 125 129 128 141 139 137 135 134 135 130 128 132 135 134 131 133 135 130
118 111 116 114 116 120 115 127 118 113 111 105 122 115 124 123 126 129 127 135 134 130 135 130 109 113 110 111 128 121 130 128 129 134 130 137 140 141 141 139 132 134 140 140 130 126 145 151 148 137 142 143 145 147 149 140 135 143 141 138 139 138 140 143 138 137 142 134 140 129 141 140 142 136 144 141 138 142 134 137 136 136 139 140 138 139 138 132 138 139 136 136 131 132 135
122 119 114 118 117 111 119 124 112 111 108 108 109 118 111 123 132 133 128 134 133 134 131 125 108 109 126 122 117 119 122 129 139 137 131 140 141 141 123 141 129 126 128 139 138 143 143 146 147 143 148 145 150 153 146 135 143 145 139 145 147 143 144 142 133 136 140 139 126 133 141 143 139 138 135 134 140 142 138 131 127 134 131 128 126 129 131 136 125 129 125 127 128 134 130
120 119 121 119 118 113 118 112 107 121 118 114 124 122 125 127 117 122 130 125 132 128 132 129 125 128 118 127 120 130 132 136 129 131 141 139 138 133 127 134 124 126 136 137 142 133 144 129 137 151 152 151 147 153 150 147 142 150 149 145 139 144 141 137 137 141 140 139 142 132 133 146 147 143 141 144 143 141 146 138 133 140 133 113 120 120 127 135 130 130 117 118 130 130 122
122 118 116 114 115 118 119 120 122 119 123 122 126 123 121 121 124 128 124 128 127 135 122 124 120 125 120 116 114 137 127 127 139 134 143 132 133 137 135 133 118 129 136 143 139 139 128 142 136 138 148 153 151 144 148 145 150 142 132 130 132 138 135 141 133 149 139 133 137 132 131 129 136 137 139 151 142 145 147 148 144 129 145 133 135 137 139 132 120 124 124 123 127 129 130
121 118 116 118 117 118 111 117 113 108 111 119 106 113 100 112 124 125 125 129 129 124 118 123 116 110 124 115 122 130 134 138 131 136 134 129 142 130 130 122 132 123 128 124 131 115 116 129 137 136 145 151 150 151 150 153 145 149 146 147 147 140 143 137 143 143 122 134 138 132 136 136 136 153 145 146 138 138 137 123 135 123 132 133 131 141 142 141 131 108 117 120 127 111 127
123 120 117 117 118 116 117 111 110 108 117 111 112 110 108 119 122 126 121 125 120 119 109 119 117 120 128 119 133 127 133 125 138 137 133 127 123 134 135 131 135 135 123 126 120 109 123 127 138 150 150 151 152 150 150 150 150 151 146 145 141 145 150 129 122 138 139 137 142 138 138 143 144 150 145 151 137 146 143 133 123 127 131 126 141 144 120 121 125 131 122 121 122 112 119
122 119 117 116 117 112 115 113 110 110 117 108 112 99 109 118 116 116 122 124 118 122 120 121 116 113 120 125 129 129 133 136 129 118 109 109 125 138 134 133 138 138 117 113 125 124 127 132 118 137 151 151 153 153 155 153 152 153 135 156 149 139 144 123 144 141 122 134 144 137 142 141 148 139 154 151 147 136 143 136 122 139 147 147 143 129 144 138 146 137 119 128 126 126 122
117 117 114 117 115 117 118 121 114 112 112 113 110 111 117 123 121 125 111 122 117 120 117 109 124 126 123 118 123 129 139 130 127 103 99 120 111 117 135 132 140 140 126 120 133 139 135 139 138 140 153 154 146 153 154 153 153 146 156 141 154 149 138 142 144 142 140 126 142 135 138 144 145 140 132 154 140 147 145 144 143 137 132 142 145 134 124 136 127 122 143 133 136 118 115
113 118 120 121 115 111 109 115 115 117 116 115 117 121 118 122 122 123 120 106 101 95 109 107 121 125 114 123 131 130 135 122 130 115 98 88 99 130 132 138 142 134 126 136 131 139 144 146 148 147 140 136 137 150 154 154 148 140 134 147 133 146 137 146 141 137 131 126 127 138 139 139 132 136 153 154 145 151 153 151 148 131 128 140 149 118 131 115 116 120 125 124 124 115 114
122 122 120 117 113 120 118 116 116 118 113 114 110 110 111 120 115 123 108 95 101 102 107 122 119 128 129 120 125 133 134 129 128 126 113 95 92 117 122 125 125 139 132 132 144 145 146 144 147 140 133 146 142 146 154 151 150 136 138 136 144 133 135 137 141 130 119 136 141 133 138 151 142 144 147 156 156 158 150 144 145 144 141 140 149 155 128 134 141 143 124 135 120 123 130
126 126 120 120 121 121 117 114 117 114 111 99 103 109 110 122 120 108 93 98 96 108 119 120 129 118 124 116 134 132 130 133 132 125 116 116 98 101 137 126 139 149 146 145 141 142 147 142 150 147 131 143 150 139 156 149 143 132 144 142 135 136 134 136 140 128 134 135 145 144 145 147 149 137 149 139 143 147 159 155 152 147 138 156 148 141 145 142 149 132 131 113 115 119 121
128 126 114 124 121 118 120 116 115 115 103 104 97 97 119 114 114 101 99 99 110 107 126 128 133 127 121 128 134 122 128 126 134 128 128 118 119 122 127 132 137 133 135 147 149 145 152 150 152 146 149 143 149 155 156 156 149 145 147 147 140 131 127 132 133 146 135 140 148 152 134 147 149 144 141 143 142 150 157 153 143 137 141 134 149 155 154 138 126 125 135 132 120 123 133
122 125 124 121 120 119 117 115 113 103 102 101 97 111 115 108 113 90 109 106 117 129 129 126 131 131 131 134 127 129 126 126 122 123 122 114 131 135 131 133 134 142 125 134 130 154 149 152 148 144 152 153 155 155 155 145 141 139 134 140 139 140 135 139 141 142 142 139 148 145 142 153 140 139 154 151 144 159 143 142 160 154 146 126 141 150 161 145 138 143 130 144 125 134 124
129 127 123 122 124 119 116 121 111 113 110 100 100 111 100 97 109 112 111 111 110 117 132 130 134 130 128 126 122 127 119 119 121 121 96 119 127 134 136 138 146 147 136 128 136 144 143 153 146 153 152 150 156 155 154 156 151 153 137 134 141 139 140 149 144 142 150 147 147 156 154 161 153 144 151 146 150 157 157 141 149 142 141 147 153 157 160 153 143 149 133 146 139 138 137
129 121 118 119 119 116 118 107 112 111 106 104 91 86 95 99 107 105 112 114 126 137 129 126 130 131 126 115 116 114 116 122 112 96 121 126 127 142 146 141 142 136 139 128 144 147 144 146 154 153 151 158 156 153 142 148 146 134 138 143 144 141 139 147 150 153 144 150 150 153 157 156 153 155 153 150 158 160 153 141 154 153 150 135 150 156 154 151 149 139 146 123 122 145 152
126 121 122 119 119 118 106 119 112 110 98 92 91 87 98 97 102 116 115 131 126 110 128 124 129 126 122 113 108 104 95 101 96 115 116 126 132 132 138 141 147 149 143 151 149 149 150 152 147 155 153 156 156 146 151 143 153 145 148 139 146 152 141 137 150 145 151 152 153 149 156 161 158 160 162 159 162 160 149 148 142 143 142 148 143 162 161 158 161 138 151 146 142 135 156
126 124 119 119 119 119 112 109 110 92 96 94 92 92 98 101 93 122 109 107 124 130 116 115 126 126 128 121 103 89 78 88 77 88 113 129 133 139 142 143 150 151 153 149 149 153 154 152 153 155 156 158 157 157 132 151 141 151 139 141 152 139 152 146 153 150 156 153 158 151 153 160 159 155 167 161 159 157 161 152 142 148 145 132 147 157 164 162 159 156 157 139 150 127 150
120 120 120 117 115 115 109 107 100 101 95 93 106 106 105 101 124 115 118 129 115 120 118 127 118 123 120 113 109 96 101 104 101 87 113 125 145 136 146 141 147 152 145 155 149 152 152 153 153 154 157 157 158 151 142 156 153 156 151 147 136 148 153 156 156 156 159 159 154 156 152 157 161 161 162 161 152 157 159 147 140 154 150 146 155 151 162 162 156 151 150 156 144 158 148
120 123 119 120 120 119 107 104 100 103 98 96 103 108 112 101 111 119 102 118 109 117 122 109 111 123 118 112 115 117 118 104 97 116 113 142 136 146 138 153 150 147 147 141 147 146 141 138 146 158 159 157 158 157 159 154 158 158 161 144 144 147 160 157 159 155 161 158 158 152 161 161 158 162 160 157 156 153 159 159 157 158 154 157 158 156 165 168 163 160 161 160 160 163 160
121 119 119 118 119 117 117 121 115 102 104 101 92 104 97 94 119 112 113 104 108 105 105 105 103 118 118 123 120 125 117 120 130 130 130 133 138 142 144 149 148 140 139 144 150 147 148 139 143 155 155 155 158 158 159 157 157 157 146 154 154 158 157 160 159 162 160 160 156 160 157 163 162 160 159 151 159 164 160 160 162 154 159 163 160 162 168 167 161 163 166 162 159 154 136
125 122 121 118 119 123 116 100 97 104 96 94 96 103 108 120 115 101 91 96 106 113 92 104 101 117 118 124 129 128 133 136 136 136 144 145 142 149 143 148 141 143 151 154 143 157 153 150 153 153 156 159 158 159 159 158 160 156 162 158 161 158 163 161 161 161 160 161 159 161 160 163 152 161 158 156 148 157 161 162 161 162 164 164 167 169 169 166 170 170 169 156 160 165 165
118 116 116 111 119 120 117 100 99 80 92 90 97 97 106 96 118 99 99 86 92 90 87 104 111 124 135 132 124 142 142 130 124 142 140 142 147 147 151 149 153 151 151 147 155 154 152 156 155 154 157 157 159 158 159 159 159 159 160 160 162 160 160 161 161 161 161 162 161 162 160 161 162 162 159 162 163 163 162 157 167 165 165 165 167 170 171 172 172 171 172 172 170 172 174
120 118 116 119 111 119 113 105 88 96 91 87 102 98 96 107 99 83 74 96 79 92 109 115 122 135 138 145 130 146 138 143 142 149 143 145 148 143 151 150 146 150 152 148 149 147 158 156 158 152 155 157 155 157 156 158 157 158 160 159 160 160 160 160 158 157 160 161 162 160 161 164 163 163 162 164 163 163 163 164 164 165 167 -9999 -9999 -9999 -9999 -9999 -9999 -9999 -9999 -9999 -9999 -9999 -9999
117 109 118 112 110 116 116 99 101 87 101 84 99 110 100 89 76 67 67 72 96 110 96 113 109 119 117 127 146 147 147 150 134 144 145 150 148 149 155 154 152 147 152 151 153 153 151 153 158 159 160 154 155 154 155 158 159 158 160 151 159 154 152 149 145 140 143 160 163 161 163 163 163 164 163 163 165 165 166 165 166 167 168 -9999 -9999 -9999 -9999 -9999 -9999 -9999 -9999 -9999 -9999 -9999 -9999
112 118 102 117 112 108 97 119 112 88 109 100 85 79 82 76 64 80 72 63 90 77 89 96 122 124 132 138 121 128 137 142 149 146 148 148 145 134 149 152 153 157 157 155 157 155 155 158 157 156 157 158 153 151 150 158 158 157 158 156 154 136 139 150 147 132 157 155 162 162 163 163 164 164 164 165 165 165 166 168 165 167 169 -9999 -9999 -9999 -9999 -9999 -9999 -9999 -9999 -9999 -9999 -9999 -9999
104 102 107 109 109 104 106 105 102 89 89 94 94 90 63 73 71 68 75 87 102 119 106 133 129 129 142 149 143 138 146 155 145 151 153 153 148 152 150 151 146 149 148 149 151 154 148 156 154 156 153 154 157 158 159 156 158 159 157 140 150 144 150 149 138 158 158 152 154 163 163 163 164 164 165 165 166 167 167 167 168 169 170 -9999 -9999 -9999 -9999 -9999 -9999 -9999 -9999 -9999 -9999 -9999 -9999
95 102 105 96 102 112 115 103 106 100 91 91 88 86 73 79 76 72 85 64 77 105 110 108 113 123 119 137 130 148 141 140 148 139 145 146 155 153 156 153 153 149 144 155 140 157 158 156 155 157 156 156 155 157 157 158 157 159 154 154 156 155 156 157 158 158 160 158 161 160 160 158 164 164 165 165 166 166 167 168 169 170 171 -9999 -9999 -9999 -9999 -9999 -9999 -9999 -9999 -9999 -9999 -9999 -9999
86 97 106 106 105 115 102 103 102 105 103 101 98 95 103 90 84 69 58 76 90 119 116 100 112 109 125 130 130 127 148 133 142 140 145 142 152 150 151 151 141 147 139 152 156 155 161 155 154 152 154 148 143 156 158 154 157 155 157 156 155 154 158 157 161 158 160 160 161 163 163 164 164 164 165 165 166 167 167 168 169 171 173 -9999 -9999 -9999 -9999 -9999 -9999 -9999 -9999 -9999 -9999 -9999 -9999
110 96 119 106 97 107 111 112 112 105 112 100 101 106 110 110 98 93 82 88 96 117 129 129 123 127 120 129 120 127 139 133 148 148 130 157 152 139 139 148 152 150 152 155 143 159 151 159 155 156 158 157 159 157 156 157 156 158 159 154 155 155 153 153 152 158 158 158 160 163 161 163 164 163 162 164 164 165 168 -9999 -9999 -9999 -9999 -9999 -9999 -9999 -9999 -9999 -9999 -9999 -9999 -9999 -9999 -9999 -9999
106 120 116 113 104 106 108 101 106 102 103 95 86 95 113 129 121 117 113 111 130 129 134 134 131 111 110 109 118 114 132 133 131 127 140 153 146 145 145 149 146 141 149 152 148 147 152 148 154 154 153 156 157 157 156 156 154 158 153 154 153 154 151 153 161 158 156 155 157 161 159 160 160 160 161 163 164 167 168 -9999 -9999 -9999 -9999 -9999 -9999 -9999 -9999 -9999 -9999 -9999 -9999 -9999 -9999 -9999 -9999
123 129 115 115 112 103 98 104 102 86 98 99 103 100 100 105 131 119 133 138 135 136 138 137 130 126 109 98 108 111 113 141 145 143 151 139 140 132 141 146 139 136 140 144 153 153 146 146 150 145 150 151 148 157 155 155 152 147 150 150 151 152 150 150 153 155 154 153 153 156 155 155 153 144 144 152 164 -9999 -9999 -9999 -9999 -9999 -9999 -9999 -9999 -9999 -9999 -9999 -9999 -9999 -9999 -9999 -9999 -9999 -9999
127 127 131 115 100 100 111 92 104 97 112 101 83 110 122 116 134 128 140 134 125 149 142 139 122 140 137 120 117 124 142 150 149 154 143 137 139 141 144 146 145 149 142 144 147 149 148 148 147 143 141 142 151 159 152 148 147 144 144 147 148 146 149 148 147 152 146 148 151 146 151 142 135 142 134 159 169 -9999 -9999 -9999 -9999 -9999 -9999 -9999 -9999 -9999 -9999 -9999 -9999 -9999 -9999 -9999 -9999 -9999 -9999
132 116 114 126 129 119 104 102 84 86 81 93 110 95 99 102 109 127 114 116 111 120 137 132 144 128 121 119 118 135 143 119 131 139 143 135 143 139 148 146 145 143 143 138 146 140 140 141 143 150 148 152 145 150 149 143 138 136 137 142 139 140 140 145 141 136 143 141 140 149 142 145 134 148 146 159 166 -9999 -9999 -9999 -9999 -9999 -9999 -9999 -9999 -9999 -9999 -9999 -9999 -9999 -9999 -9999 -9999 -9999 -9999
