sesion_6_simulaciones/modelos_distribucion_especies/ejemplo/variables/futuro_B2/2020/TMXI.asc
ncols 708
nrows 329
xllcorner -7.525000
yllcorner 35.991667
cellsize 0.008333
NODATA_value -9999
[rows 42 to 83 of 329, columns 475 to 569 of 708]
119 115 119 122 125 126 123 113 125 122 120 117 115 108 104 117 118 121 123 121 124 126 120 124 116 121 114 111 111 111 118 118 126 124 114 131 118 130 130 130 125 121 114 119 123 116 117 124 112 109 115 111 115 124 117 120 120 119 119 116 113 113 114 116 116 117 117 116 116 117 117 116 120 122 118 118 115 114 128 124 125 124 123 120 121 122 122 122 125 123 123 122 122 125 123
115 127 124 121 120 127 110 117 127 118 123 128 110 118 112 121 103 109 106 106 119 114 109 127 110 123 107 110 113 123 106 118 110 115 125 128 112 123 115 129 119 132 126 126 121 129 124 120 110 111 116 114 118 117 119 117 118 117 116 117 118 117 117 117 120 119 119 121 116 117 110 114 114 119 119 115 121 115 121 122 121 121 120 121 124 124 126 126 126 125 121 123 124 123 123
116 114 118 125 124 124 121 114 126 125 110 113 114 126 116 122 113 118 118 121 124 131 117 113 125 117 107 113 122 122 123 124 119 112 112 119 126 120 112 119 116 127 121 128 125 113 111 107 120 115 114 118 119 120 119 120 121 118 120 119 118 117 118 118 120 119 118 118 118 119 120 120 103 114 109 119 111 133 123 119 117 123 119 127 124 125 126 126 125 123 124 126 127 128 126
116 115 126 113 110 122 124 111 126 122 122 122 119 115 117 119 118 114 116 107 118 127 126 126 119 114 122 121 125 125 119 114 121 127 132 125 107 117 118 118 117 119 109 120 128 118 109 107 114 111 115 120 120 120 116 117 119 121 116 116 118 118 120 120 120 117 120 117 115 114 113 116 118 115 129 128 133 126 117 117 120 121 121 126 127 128 127 126 130 127 127 126 124 124 121
120 115 115 111 112 110 123 127 120 127 119 125 121 130 126 115 118 127 124 124 120 117 121 121 127 127 122 126 122 117 121 111 116 131 125 128 125 121 118 109 109 119 120 121 122 118 114 108 121 109 119 122 114 122 123 121 123 122 124 121 113 118 119 119 120 120 117 110 113 122 120 125 117 128 123 127 127 125 125 129 129 127 131 131 128 124 122 122 121 121 123 123 123 115 106
120 113 115 115 115 115 120 130 128 111 119 124 127 128 124 131 130 126 130 114 121 121 117 122 126 124 126 128 129 130 129 129 126 124 131 126 129 122 126 119 123 121 117 118 122 118 117 116 115 116 121 123 121 121 121 119 121 115 115 118 120 120 119 120 121 118 118 120 128 126 128 128 127 121 115 129 126 128 129 128 132 130 128 125 123 118 108 108 113 106 107 107 116 120 113
114 117 118 117 115 119 120 132 134 123 127 127 118 114 131 129 128 126 114 126 123 127 129 126 126 126 126 122 117 118 132 129 119 117 115 123 115 114 125 111 110 108 112 111 118 116 110 115 112 124 121 121 121 122 121 120 118 120 121 117 115 105 120 119 117 129 123 125 127 120 129 129 129 128 131 130 129 130 130 129 127 128 124 123 121 101 106 105 101 113 98 110 117 116 98
116 123 122 119 109 111 114 119 123 130 128 129 129 133 128 130 119 114 114 122 129 128 127 128 123 121 126 124 124 120 116 136 131 116 120 124 124 122 119 110 123 120 120 119 118 108 103 114 121 121 116 120 122 122 122 120 121 116 116 111 100 95 110 119 121 122 128 130 122 129 127 129 130 128 129 130 130 129 128 128 127 125 122 110 104 101 106 110 110 105 103 112 116 96 95
115 124 115 118 118 125 129 125 127 130 127 130 128 127 119 128 127 127 128 129 129 131 127 125 127 125 126 131 127 123 130 126 125 118 133 124 119 120 120 123 119 121 119 119 118 124 120 123 122 119 126 120 120 121 121 120 115 102 99 103 106 112 101 119 119 122 125 127 126 130 131 128 130 131 130 130 128 127 127 126 125 125 114 118 121 117 115 109 112 112 100 99 113 102 98
128 123 122 119 121 118 126 128 125 126 125 128 127 118 129 120 123 123 131 128 125 122 122 128 128 127 126 125 124 126 133 131 122 116 117 130 113 113 117 119 118 121 120 120 123 119 122 123 124 123 120 122 120 119 118 117 112 105 114 120 123 124 124 121 123 125 125 127 125 127 129 128 128 130 130 128 128 127 126 125 124 123 128 118 110 102 98 107 102 96 97 105 110 95 92
128 119 128 132 128 121 114 118 125 130 129 126 123 122 126 122 124 127 128 137 125 126 130 129 128 130 126 128 125 120 127 129 121 119 127 117 119 118 121 119 121 123 118 118 122 124 124 125 118 121 122 121 120 120 119 111 100 106 114 122 121 127 123 118 122 123 126 128 125 125 128 128 131 131 128 128 127 126 124 122 118 111 115 108 118 102 108 105 98 101 110 87 101 88 102
124 123 122 121 132 132 131 131 131 132 129 130 126 126 124 124 128 128 127 129 123 128 132 132 129 129 126 126 127 125 127 122 117 119 127 120 123 123 124 119 120 124 121 123 121 125 125 121 120 121 121 121 121 121 119 115 105 112 115 121 123 123 123 125 127 120 125 128 128 129 132 128 127 129 128 130 129 126 115 112 112 104 107 105 109 93 99 110 113 114 101 103 103 100 104
126 125 128 128 127 132 130 126 128 127 127 128 128 128 125 127 122 132 130 135 131 129 136 131 130 130 124 123 123 123 126 135 135 119 124 123 123 126 123 124 124 120 122 121 121 122 122 123 124 124 122 122 122 122 120 119 122 123 120 126 123 121 129 129 130 128 128 130 128 130 130 132 132 126 131 129 126 116 118 115 109 102 100 97 102 109 103 105 115 112 109 102 99 102 108
126 128 128 129 128 132 134 130 131 129 125 127 127 127 126 128 122 128 131 128 132 133 127 130 126 131 128 131 128 130 134 124 122 122 125 118 125 136 123 125 121 127 120 122 123 123 123 123 123 123 123 122 121 120 120 119 116 110 120 129 128 127 129 129 130 132 130 131 130 130 132 130 125 128 127 129 129 126 122 115 104 111 109 105 107 110 111 111 102 113 98 111 113 109 106
127 127 130 131 131 130 130 124 125 127 125 131 129 129 130 135 134 136 134 137 138 127 131 131 134 134 142 133 137 119 119 122 125 126 126 120 129 124 130 122 121 123 121 121 122 122 122 122 116 118 114 118 120 119 112 110 110 115 121 125 127 127 127 122 118 127 131 131 132 130 132 128 131 130 135 125 129 128 127 124 122 116 119 113 117 118 107 119 120 117 109 111 119 118 118
129 130 128 132 133 125 126 129 129 129 129 127 127 127 126 133 132 134 136 128 131 129 134 134 132 131 128 139 139 119 120 126 121 130 126 124 131 122 121 123 126 120 113 119 121 121 118 105 109 116 118 118 118 119 115 116 118 119 117 111 113 124 122 112 116 129 126 132 133 132 129 127 127 121 112 118 125 115 116 118 130 130 120 123 125 126 124 113 104 111 119 115 105 90 100
129 128 133 128 133 131 123 130 129 132 131 132 132 130 134 135 136 141 131 137 126 133 138 134 131 128 134 135 135 132 126 116 122 122 120 125 127 121 120 129 122 114 109 107 104 111 115 114 117 118 119 118 118 117 116 120 117 121 119 118 125 122 118 122 119 124 133 132 132 124 127 126 110 120 114 117 115 113 117 106 112 116 118 112 108 115 112 119 111 96 109 101 94 92 104
126 131 129 127 126 130 131 130 130 129 131 134 135 136 137 136 136 134 130 134 141 141 125 129 123 126 124 135 118 131 126 114 119 119 118 121 122 124 123 124 122 114 107 115 118 119 118 114 116 118 117 118 118 117 119 119 123 119 121 122 120 120 129 120 122 128 133 131 129 127 125 121 119 118 113 106 112 105 112 106 105 107 109 113 112 106 118 110 120 118 119 110 89 92 101
133 132 132 128 127 130 129 131 130 133 137 134 137 136 136 137 135 133 134 132 130 132 136 128 127 129 129 125 119 119 125 117 117 120 123 124 123 123 123 123 122 120 109 118 108 114 125 117 118 118 116 117 121 118 120 118 125 122 121 124 124 122 127 124 125 130 132 129 128 121 122 119 123 117 123 107 102 97 109 105 106 107 104 113 103 110 95 94 100 97 89 110 103 91 95
131 132 121 127 129 131 131 130 127 118 122 134 136 135 138 136 137 134 132 133 132 130 130 136 126 130 122 121 114 114 123 122 123 124 124 123 123 122 120 122 104 117 116 117 120 119 121 119 120 116 116 117 121 123 121 123 124 125 122 123 123 123 121 130 133 133 134 128 127 121 124 123 121 115 105 98 106 99 101 97 95 89 97 104 106 89 102 99 92 101 105 103 96 98 84
132 124 128 129 130 130 129 129 122 133 128 133 135 136 137 135 133 135 134 134 132 134 131 130 131 126 126 128 121 116 124 120 124 123 122 116 114 108 114 113 119 117 122 121 121 119 126 129 119 123 121 119 118 118 130 125 126 124 128 130 129 128 128 133 132 130 129 123 119 120 130 120 121 121 104 105 105 105 99 102 113 99 108 102 111 108 93 89 89 95 104 85 94 89 81
128 131 128 129 129 128 126 136 132 135 141 137 139 136 135 135 134 137 139 134 134 134 131 128 129 129 128 126 124 119 127 124 119 107 116 115 122 115 117 120 114 125 120 120 123 122 123 125 126 122 123 124 122 122 123 129 128 124 127 133 132 132 131 132 129 127 124 118 125 122 121 122 118 105 117 105 109 112 116 111 114 113 112 122 122 99 101 107 89 96 100 102 93 97 93
134 126 128 129 136 133 142 139 138 137 140 137 137 137 138 138 137 135 134 132 132 134 131 130 129 123 123 122 122 129 121 109 111 117 119 113 121 117 118 115 125 123 126 122 125 125 124 123 121 126 126 128 121 124 128 126 132 132 132 132 128 124 119 129 122 133 127 120 119 123 116 113 104 99 113 114 112 116 121 117 120 118 108 119 124 118 111 106 103 111 109 86 101 91 89
129 127 129 136 136 132 140 137 137 138 137 137 137 139 138 136 136 136 133 130 131 127 129 124 129 132 129 128 115 118 117 117 115 123 116 117 122 123 114 125 122 124 125 124 125 128 126 122 125 126 129 125 127 128 122 126 127 134 129 121 122 118 116 116 121 120 118 126 119 119 114 107 110 111 118 115 120 127 126 127 127 131 132 122 102 128 121 112 122 123 125 117 111 106 118
137 135 139 137 135 136 137 137 137 137 137 138 138 137 136 136 134 128 122 121 117 117 116 125 127 117 121 122 122 124 121 120 116 122 126 124 124 122 124 123 124 126 124 125 123 127 123 125 126 125 129 131 133 127 132 134 134 130 124 119 120 115 113 117 120 120 125 119 121 117 114 111 110 120 125 127 130 122 126 120 114 108 113 105 98 110 108 120 115 102 103 116 123 108 117
137 138 138 136 138 125 136 132 134 137 139 138 140 136 136 136 133 124 115 121 123 123 120 124 123 123 122 123 124 124 121 123 127 121 128 126 119 126 130 126 126 129 128 128 125 129 129 129 129 129 131 127 132 132 128 122 125 118 120 123 118 118 118 115 114 117 118 121 115 110 114 117 110 125 127 118 120 112 106 112 112 107 93 96 101 93 108 114 107 92 98 109 121 130 122
137 138 139 136 138 139 136 137 139 140 139 138 138 138 136 132 125 115 118 126 125 128 128 123 117 124 125 124 125 129 129 125 127 129 128 130 128 129 130 128 129 129 120 128 131 130 132 131 132 132 134 130 129 127 125 119 120 122 118 117 118 114 113 108 108 108 114 111 116 114 111 114 128 129 116 114 118 104 109 104 102 97 110 87 92 105 98 101 93 88 91 98 109 111 121
136 139 140 139 139 139 139 139 139 136 139 135 132 133 130 129 134 135 134 132 129 131 127 122 123 126 127 128 125 131 126 128 130 132 131 131 131 130 132 125 129 129 131 131 129 133 134 127 136 120 133 130 128 126 127 122 125 124 122 120 122 117 108 112 110 111 116 110 109 118 119 120 128 118 109 107 111 116 109 76 99 98 98 73 77 95 86 94 80 79 87 111 113 118 121
137 139 139 140 139 140 140 140 140 141 141 138 140 125 122 136 133 135 136 133 133 128 120 123 130 128 127 128 129 132 132 135 132 133 133 133 133 130 137 133 128 137 134 135 130 131 128 130 133 132 126 130 128 124 124 124 127 126 124 116 119 122 115 112 116 118 117 116 115 119 119 129 123 125 123 118 105 101 109 86 89 101 93 97 84 82 80 96 94 69 94 104 116 119 122
138 138 138 139 142 141 140 141 140 139 139 135 126 139 136 137 137 137 136 135 136 133 134 125 134 135 129 137 129 132 134 137 135 136 136 135 133 133 133 130 123 132 132 131 135 134 133 130 130 129 128 130 127 128 123 123 122 117 115 118 117 115 121 118 118 123 113 111 116 118 122 124 110 113 104 109 108 99 113 97 87 106 95 81 87 65 89 84 79 85 88 91 104 112 121
134 140 139 137 143 141 141 140 140 137 133 139 137 136 137 141 134 137 136 134 136 136 136 137 140 137 132 136 139 142 138 133 136 136 137 138 134 135 134 132 130 129 132 134 129 131 129 125 129 129 125 131 124 124 123 118 122 119 115 115 108 112 115 123 122 123 112 116 126 120 126 127 124 114 91 87 88 85 92 80 93 95 102 97 81 79 74 76 76 84 103 118 121 125 121
142 141 142 138 139 142 139 139 136 124 138 137 136 138 138 135 135 138 138 140 138 138 138 136 137 137 141 125 132 129 129 132 132 133 133 136 137 131 131 132 128 129 132 129 129 129 132 129 130 125 129 124 122 121 121 121 112 113 111 114 117 117 116 120 127 120 109 131 128 132 134 116 117 95 89 87 79 96 101 84 90 94 82 85 79 85 80 67 69 94 109 124 125 121 114
141 142 142 142 140 140 136 130 130 137 134 139 139 135 134 137 134 132 132 129 131 126 129 139 128 127 134 131 131 131 130 128 131 133 130 132 134 131 127 130 131 122 128 127 129 132 128 127 127 124 124 127 121 120 121 117 112 110 114 121 122 121 118 122 128 124 127 129 132 117 119 118 122 107 93 89 94 105 104 100 98 103 85 93 86 80 59 64 80 94 110 121 121 107 101
140 142 142 141 134 133 140 139 139 137 141 139 137 132 128 138 132 131 114 123 120 125 119 128 131 129 131 128 130 130 133 127 130 131 128 130 129 132 126 129 128 127 127 122 123 124 129 120 123 127 121 120 118 123 119 113 116 115 112 117 122 126 127 125 131 128 128 129 116 114 122 106 98 103 97 105 103 105 115 94 105 105 107 102 93 77 67 73 90 101 120 122 112 126 121
144 141 141 137 139 136 139 136 140 139 139 138 135 128 123 133 136 134 133 132 125 129 122 126 128 130 125 126 124 124 126 128 128 129 130 129 122 120 121 124 129 124 126 128 124 122 122 127 120 122 115 122 125 118 115 116 113 119 121 121 117 124 127 123 127 122 117 115 121 127 120 122 122 122 120 120 117 107 95 96 83 78 78 76 82 61 79 92 101 108 119 119 121 107 113
140 140 140 141 140 136 135 141 134 137 137 125 126 121 128 130 126 119 130 135 130 130 129 124 123 121 122 122 119 120 121 122 124 127 126 122 124 113 117 120 117 120 121 122 122 121 114 117 122 125 119 119 128 124 120 124 118 120 124 125 126 121 125 128 130 130 127 121 125 133 129 133 130 107 99 93 86 89 103 84 84 64 78 58 65 81 91 97 104 117 120 121 118 117 93
138 138 138 134 138 134 137 136 131 127 126 138 133 131 129 121 132 129 125 126 124 121 123 122 124 115 111 114 114 114 115 117 120 124 130 127 125 124 122 120 118 113 112 119 118 125 126 121 122 126 128 128 126 124 123 125 125 125 124 126 123 129 126 127 131 129 129 131 128 123 110 106 108 110 75 83 90 83 76 89 88 86 70 73 83 87 94 93 104 122 111 113 104 93 90
136 136 136 134 134 130 136 136 135 129 127 127 127 125 125 127 130 126 117 116 114 115 115 116 124 125 116 117 118 111 110 112 120 126 121 117 120 122 115 111 108 120 123 121 125 125 123 122 122 129 127 123 129 125 129 128 127 127 129 129 128 129 131 135 131 118 123 119 131 117 103 111 79 82 95 92 86 83 83 75 85 66 77 71 82 100 105 104 122 124 124 100 91 87 89
135 136 131 133 133 136 133 135 134 127 122 115 118 116 118 121 123 128 127 115 111 115 114 117 117 118 113 117 110 112 116 112 109 118 119 116 111 116 110 112 116 123 123 125 123 126 122 127 121 129 127 127 129 127 132 126 131 133 129 130 134 134 132 129 127 124 118 117 114 125 126 97 95 94 99 93 89 89 77 84 70 87 94 94 103 99 113 119 121 106 98 109 112 109 86
136 129 132 127 127 128 126 129 133 130 125 125 124 122 119 118 117 123 117 128 119 115 120 118 114 114 119 115 110 116 115 113 116 112 118 118 112 109 114 120 123 124 124 124 124 124 131 124 125 125 131 128 129 130 132 131 129 128 131 134 133 131 128 123 117 123 115 114 97 105 130 125 123 99 99 99 100 74 71 81 83 106 106 110 107 117 120 120 112 114 123 122 114 114 97
138 130 126 128 132 125 125 121 126 126 126 124 127 121 123 121 118 122 118 111 119 119 119 120 117 116 114 114 115 116 116 115 114 113 113 110 109 113 116 120 126 127 126 128 121 127 129 130 127 128 130 129 130 131 132 131 132 134 133 133 131 127 125 124 118 111 112 108 103 111 99 97 92 98 91 85 72 74 85 75 90 91 97 99 123 122 117 112 97 102 115 110 110 106 90
134 128 132 127 125 130 131 125 121 127 120 124 117 123 120 120 117 116 122 117 118 116 115 115 114 114 115 114 117 117 117 116 117 116 116 115 119 122 121 123 121 120 128 129 123 123 130 126 129 129 129 134 135 134 133 132 133 133 131 127 127 122 121 117 119 120 109 111 110 96 94 92 102 97 88 85 92 80 82 84 77 90 92 121 120 108 92 98 96 87 102 88 107 102 104
