sesion_6_simulaciones/modelos_distribucion_especies/ejemplo/variables/futuro_B2/2020/TMXV.asc
ncols 708
nrows 329
xllcorner -7.525000
yllcorner 35.991667
cellsize 0.008333
NODATA_value -9999
[rows 82 to 122 of 329, columns 376 to 469 of 708]
355 355 353 352 353 352 354 353 354 354 354 354 355 356 353 355 355 357 350 355 355 356 357 357 357 357 357 357 356 356 356 358 358 359 359 359 359 359 358 358 358 357 358 358 358 358 358 357 358 357 357 357 357 357 357 357 356 358 358 359 360 359 359 359 358 357 358 358 357 357 357 357 357 358 359 359 359 358 358 357 358 357 357 356 355 356 358 357 357 358 355 356 356 358
355 353 355 355 357 355 354 354 354 354 355 356 356 355 354 353 357 353 357 355 356 356 357 357 357 357 357 358 357 357 356 356 356 358 358 358 359 359 358 358 358 358 358 358 358 358 358 358 358 357 358 357 357 357 357 357 357 357 357 359 357 359 359 360 357 358 359 357 357 358 357 358 358 359 359 359 358 357 357 356 353 354 354 355 356 357 355 357 354 356 356 356 355 359
357 359 356 357 356 356 355 355 354 354 357 356 356 358 356 357 356 356 356 357 356 358 358 357 358 358 358 358 358 358 358 355 354 355 355 358 358 358 358 358 358 358 358 358 358 358 358 358 358 358 358 357 357 357 357 357 358 358 357 358 359 357 357 358 358 358 359 359 359 359 359 359 359 359 358 358 356 352 352 354 355 354 353 353 354 357 353 355 353 356 357 358 359 358
354 359 358 354 359 357 356 357 357 357 355 356 357 358 357 356 357 357 356 356 358 358 358 358 358 358 358 356 355 357 357 358 355 355 354 355 355 354 357 357 358 358 356 356 358 358 358 358 358 358 358 358 357 357 358 358 358 358 358 358 357 357 357 357 358 358 359 359 359 359 359 358 358 357 357 354 354 353 352 352 351 352 355 356 358 353 356 357 357 358 358 359 358 357
356 356 357 357 359 359 358 359 359 358 358 357 357 358 358 359 358 357 357 356 357 357 358 358 358 358 358 354 355 356 357 357 357 357 357 358 357 356 354 354 354 357 355 356 355 357 355 356 357 358 358 358 357 357 357 357 357 358 357 358 357 355 357 356 357 357 358 359 359 359 359 356 356 355 356 355 354 353 354 355 355 356 358 354 356 357 357 358 358 358 358 358 357 355
357 357 357 357 358 358 358 359 359 359 359 358 357 358 358 358 358 356 356 356 356 354 357 358 358 358 354 354 354 356 356 355 356 355 357 356 357 357 357 357 356 356 356 355 356 356 356 355 355 356 353 355 357 357 357 357 357 357 357 354 356 355 356 354 357 357 357 358 359 359 359 359 357 355 354 354 354 354 357 359 358 356 356 357 358 358 358 357 356 356 357 355 356 356
357 357 356 357 358 357 358 358 358 358 359 359 358 358 358 358 357 355 355 354 354 355 354 354 354 355 355 354 354 353 355 354 354 355 355 357 356 355 356 357 357 355 353 355 356 356 354 354 356 355 354 356 355 355 355 353 353 354 356 355 355 355 353 352 353 355 356 357 358 358 359 359 356 357 356 357 358 360 360 360 357 357 357 357 357 357 356 356 356 356 356 355 356 354
356 355 356 357 357 357 357 358 358 358 358 359 359 358 358 358 357 355 354 354 354 354 354 354 354 353 354 354 353 354 354 354 354 354 353 354 355 355 354 355 357 356 356 354 353 355 353 353 355 354 353 354 354 355 354 357 354 353 355 354 355 353 352 351 352 352 356 356 357 357 359 358 359 358 359 360 361 361 358 357 357 357 357 357 356 356 356 356 356 355 355 355 355 354
355 355 356 356 355 356 356 356 358 357 355 358 358 358 358 358 358 357 354 354 354 353 353 354 354 353 353 354 353 355 354 353 353 353 352 351 353 354 354 355 356 357 355 355 353 351 351 353 354 353 353 354 353 353 356 353 356 354 356 356 354 354 354 353 352 352 354 355 356 357 359 359 357 360 361 361 359 357 357 357 357 356 355 355 356 356 355 355 355 355 355 354 353 354
353 354 355 354 356 355 355 355 358 355 354 354 354 352 356 355 358 357 355 354 354 354 353 353 353 353 353 353 352 353 353 353 352 351 351 351 351 352 354 354 355 355 355 353 355 352 352 350 351 350 351 352 354 354 355 353 355 353 355 356 356 357 354 353 351 351 353 354 355 354 355 354 356 359 357 356 356 354 356 358 358 358 356 355 355 355 355 355 354 354 354 354 355 355
355 354 354 353 353 355 353 353 357 356 353 354 354 355 355 357 358 357 357 356 355 353 353 354 353 352 352 352 353 353 351 355 351 352 351 350 350 352 353 350 353 354 355 355 354 352 354 353 352 351 353 352 353 352 353 353 354 354 351 351 353 356 354 353 352 352 352 352 353 353 357 358 358 356 355 354 354 354 355 355 355 358 358 357 356 355 355 354 354 355 354 355 354 357
355 354 353 353 353 353 353 354 357 355 353 354 355 352 354 354 357 357 356 355 353 354 354 353 353 352 352 352 353 351 349 351 350 352 352 353 351 351 351 353 353 354 355 356 356 354 353 355 351 352 351 352 351 353 351 351 351 351 352 351 352 353 352 355 357 358 358 358 355 357 357 357 354 356 354 353 354 353 353 353 354 355 353 357 358 357 357 357 357 357 357 358 357 357
356 354 354 353 352 353 353 356 355 353 353 353 353 353 353 354 353 354 358 356 356 355 354 353 353 351 351 351 351 350 351 349 352 351 352 353 351 351 350 353 352 354 355 355 355 356 355 355 356 356 356 355 355 356 352 354 354 352 351 352 353 352 351 351 354 354 357 357 358 358 355 355 355 356 355 355 354 353 353 353 354 354 355 355 355 357 357 357 357 357 357 356 356 357
352 354 354 351 352 353 355 353 354 355 352 352 352 352 352 352 352 352 356 357 356 355 355 354 353 351 351 350 351 350 349 350 350 352 351 352 352 350 350 350 349 350 354 354 355 354 356 356 355 355 355 356 353 355 355 356 356 355 355 355 354 352 351 350 351 353 353 354 355 355 354 355 355 356 355 354 354 354 353 353 353 353 354 355 354 354 355 354 354 355 355 355 355 355
353 353 354 352 352 352 352 353 355 355 354 351 351 352 352 353 354 356 356 357 356 355 355 354 352 353 351 350 350 351 351 350 349 351 352 353 353 351 351 351 353 353 355 355 353 354 356 355 355 355 355 355 356 354 355 354 354 355 350 353 352 352 351 349 351 352 354 354 352 355 353 355 352 356 353 354 352 353 352 352 353 353 352 354 352 353 354 353 353 354 354 353 354 355
352 354 351 351 352 352 353 353 355 355 353 353 351 352 354 355 353 354 356 356 357 355 355 354 352 352 352 351 350 350 350 351 350 350 351 351 348 350 352 352 352 351 352 349 353 354 353 356 354 355 354 355 355 354 354 354 355 351 352 352 351 350 351 352 352 354 353 353 351 354 354 354 355 355 354 351 352 352 351 351 351 353 352 354 352 354 354 353 350 352 353 352 355 355
353 353 352 351 351 352 351 354 355 353 353 351 351 352 352 352 353 353 351 351 357 356 354 354 353 353 353 352 352 351 351 351 351 350 349 352 353 352 352 351 351 351 350 347 352 354 355 355 354 355 355 355 354 353 353 352 353 352 350 350 348 348 348 350 353 352 350 349 351 354 352 354 354 355 353 352 352 351 351 351 351 353 353 354 354 352 353 350 353 353 353 353 354 352
352 352 352 351 349 350 352 354 352 352 351 350 351 349 350 351 352 354 354 353 356 355 354 353 352 352 352 351 351 351 350 350 350 349 350 352 351 351 351 350 350 350 349 349 352 354 354 354 353 355 356 355 354 354 354 350 353 353 354 352 352 350 346 348 350 349 349 352 352 352 353 352 352 355 353 352 351 352 351 350 352 354 353 352 350 351 352 352 352 352 351 352 352 352
351 351 352 351 352 352 353 354 354 351 350 351 350 351 352 354 352 351 350 353 356 355 355 355 354 354 353 349 350 350 351 350 349 349 352 351 349 350 351 351 351 351 352 353 354 348 351 353 354 356 353 354 355 354 349 352 353 352 353 352 352 351 345 345 348 349 350 350 348 351 353 354 352 354 354 353 351 351 350 349 352 351 353 351 352 352 353 352 350 352 351 351 349 350
351 351 352 352 352 353 354 352 351 351 352 350 350 352 349 350 352 350 353 352 352 354 354 350 351 351 350 349 349 348 349 348 346 349 350 347 348 349 351 348 348 345 349 352 350 350 353 353 352 353 352 354 355 354 352 354 351 352 352 350 349 347 348 347 347 349 350 349 350 351 352 353 352 353 354 353 351 352 351 350 349 351 352 352 351 351 351 350 349 350 349 351 350 350
351 351 351 351 352 352 352 351 351 350 349 349 350 351 351 351 353 350 352 353 353 355 353 352 347 349 348 347 347 350 351 350 350 349 351 350 350 348 348 346 351 351 352 352 352 352 353 353 348 345 350 350 354 353 353 351 352 350 349 349 348 350 349 349 350 349 351 350 349 350 350 350 351 353 354 354 350 350 352 351 349 351 351 351 351 350 348 352 349 350 350 350 350 350
350 351 352 352 352 352 352 352 351 351 349 350 351 351 350 352 351 351 351 351 351 353 351 348 347 347 348 347 350 351 350 351 351 351 351 351 350 349 349 349 349 352 350 352 353 351 352 352 350 350 350 349 348 352 349 352 351 353 349 347 347 347 347 347 348 350 351 351 351 352 352 352 353 352 352 353 352 353 353 352 350 351 350 350 349 350 349 349 351 350 349 349 349 349
351 351 351 352 351 352 351 351 351 351 350 349 351 350 351 351 352 352 351 353 350 354 353 351 350 349 350 349 350 352 350 351 351 350 351 351 351 351 350 352 352 353 350 350 353 350 352 349 353 351 350 347 350 351 350 350 350 351 349 348 346 340 342 347 346 348 350 351 351 352 351 350 351 351 352 354 354 352 353 351 351 351 350 350 350 348 349 350 349 349 348 347 347 348
351 350 352 351 351 352 352 350 350 350 350 350 350 351 351 352 353 354 353 354 354 354 353 351 349 350 350 350 351 351 351 352 352 351 351 351 351 351 350 350 352 352 351 351 348 350 351 348 351 352 352 351 350 350 350 350 350 350 350 349 346 343 346 346 347 349 350 350 349 350 350 350 349 352 353 353 354 353 350 352 351 351 349 349 348 348 348 349 348 344 347 346 341 346
352 352 351 351 351 352 351 351 350 350 349 349 351 350 350 350 351 352 353 354 353 352 351 351 352 351 351 351 352 352 351 351 351 351 350 350 351 350 350 350 350 350 349 351 351 349 349 350 347 350 350 352 351 351 351 346 348 350 350 349 347 348 348 350 349 349 349 349 348 349 350 351 352 352 352 353 353 350 351 349 352 351 350 348 349 348 348 348 344 347 346 346 347 346
351 352 351 352 351 352 350 348 349 350 350 351 351 351 351 348 352 351 353 354 354 352 352 352 351 352 352 353 352 352 349 348 350 350 350 350 350 350 350 350 349 350 344 347 346 345 344 349 348 349 350 348 351 351 350 348 347 349 350 349 345 348 349 349 349 351 349 348 348 350 352 352 351 351 351 352 353 353 351 349 350 349 350 349 348 346 347 346 341 341 342 340 343 345
351 351 352 351 351 351 351 352 352 352 350 351 351 351 351 350 352 352 353 353 352 353 353 351 351 353 352 352 352 351 352 349 350 350 349 350 349 350 349 349 348 346 344 346 345 346 347 347 347 346 344 348 348 347 350 348 348 349 349 348 347 347 348 348 348 347 349 349 347 349 350 350 351 351 352 352 353 351 352 350 350 349 348 348 348 347 345 346 345 345 344 344 345 342
350 351 352 350 351 351 351 351 351 353 353 353 353 353 353 352 353 353 352 353 351 351 352 350 350 352 349 348 351 352 352 351 349 349 345 347 347 349 348 349 347 347 347 346 345 346 346 347 348 347 346 348 348 350 347 348 346 345 345 348 346 346 348 347 347 346 347 347 348 349 350 351 350 350 351 352 351 350 350 351 349 347 349 347 348 345 345 343 345 344 344 343 343 344
351 351 350 351 351 351 351 352 352 352 351 353 350 350 352 353 352 350 349 349 351 352 352 351 348 352 350 349 348 351 350 352 350 350 348 349 349 348 347 347 348 348 347 346 347 347 346 345 346 345 346 344 347 342 345 346 346 345 342 345 346 346 347 346 346 347 347 346 347 343 347 348 350 351 351 351 352 349 349 350 348 348 347 345 344 345 345 345 344 344 343 342 342 342
351 351 351 351 351 351 348 350 350 348 352 352 348 351 351 353 348 348 347 348 349 352 352 352 350 350 350 347 350 351 348 349 351 351 352 351 349 349 349 347 345 347 347 347 347 347 348 346 344 343 344 345 341 344 346 342 340 340 342 345 344 345 345 345 346 344 345 346 346 345 346 348 349 350 351 350 351 351 347 348 347 348 348 346 345 346 344 343 344 342 341 342 340 339
350 349 349 350 351 352 350 348 347 350 352 350 349 350 350 353 352 350 347 348 347 352 352 349 351 350 348 347 351 351 351 349 350 352 351 350 350 349 348 347 348 344 345 345 346 345 346 345 343 343 341 342 342 341 341 347 346 345 343 343 343 344 345 345 345 344 343 344 346 346 348 348 348 349 350 350 351 351 350 348 347 349 348 345 345 346 347 342 342 342 340 341 339 338
347 347 350 351 350 351 351 350 347 352 351 347 348 351 353 352 353 352 352 352 351 351 351 350 350 349 345 348 350 351 351 349 349 349 349 350 349 349 349 347 347 343 343 345 345 345 345 341 344 343 342 342 342 342 339 345 344 345 341 342 342 340 341 342 340 343 340 343 343 345 347 348 348 348 349 348 350 350 349 349 348 349 346 343 346 345 343 343 342 341 340 339 337 337
344 345 346 348 350 350 351 352 352 352 350 350 351 353 353 353 352 353 351 350 351 349 350 346 349 346 346 348 351 351 350 350 350 350 350 349 348 350 347 347 346 346 346 346 343 343 343 341 344 341 342 342 341 341 344 342 340 339 340 340 340 336 336 339 341 333 338 340 337 342 345 346 346 345 349 346 349 350 348 345 345 346 346 345 344 344 345 343 342 341 340 339 337 335
344 344 347 344 346 348 351 350 347 350 348 352 352 352 352 353 350 350 349 351 348 345 348 345 348 350 351 350 349 351 351 349 349 349 349 347 347 347 347 349 347 346 347 346 344 343 342 342 342 343 342 342 338 342 338 338 338 340 340 339 337 335 328 326 329 333 335 333 329 333 335 341 343 342 346 346 348 345 347 348 349 349 348 345 345 346 346 343 343 341 338 328 319 331
344 342 347 349 348 349 348 347 351 351 351 352 352 352 353 353 351 350 347 346 349 350 345 347 348 348 348 346 348 350 351 350 349 348 348 346 346 346 346 346 346 349 346 346 346 344 344 342 339 341 341 338 341 340 339 339 337 336 333 336 331 331 324 325 320 322 319 323 321 327 336 340 343 344 346 346 349 343 346 343 345 344 345 348 345 345 344 343 340 335 324 322 324 317
345 341 344 344 348 346 344 348 349 350 350 350 352 353 352 351 351 351 347 349 350 351 348 348 348 347 349 348 348 349 348 347 349 348 349 347 347 347 346 346 345 343 344 344 342 344 345 343 342 340 339 338 339 340 340 339 337 333 326 331 330 324 325 323 318 324 324 316 320 325 323 338 343 339 342 346 348 345 344 340 336 339 342 343 347 345 343 339 334 323 324 322 323 315
348 345 347 347 350 351 351 349 349 352 352 352 351 351 349 347 352 352 351 352 347 349 349 348 348 350 349 351 350 348 347 349 350 349 348 346 347 347 346 345 343 343 343 344 343 344 343 343 343 340 338 339 337 332 336 336 334 335 327 326 326 327 323 323 314 305 306 322 331 338 336 336 341 342 342 344 347 336 342 334 325 322 319 341 344 346 338 312 317 328 332 332 330 326
350 349 350 349 350 351 352 352 351 351 351 352 351 350 352 351 350 351 352 351 352 351 350 352 352 351 349 351 349 349 347 346 346 349 348 348 347 346 346 345 345 345 345 344 343 342 342 341 341 338 339 337 336 337 334 334 330 326 327 326 324 313 320 313 309 294 297 313 323 335 337 329 338 343 345 346 347 342 336 327 327 324 336 340 343 328 323 312 329 334 335 327 326 323
352 352 350 349 350 349 347 348 348 346 348 350 351 349 347 349 351 349 351 350 351 350 347 348 344 346 346 347 349 348 347 346 348 348 349 347 348 348 345 345 345 345 345 344 341 343 339 340 341 338 338 329 332 333 331 327 323 303 319 323 323 327 323 323 318 316 311 304 294 318 331 333 337 338 343 345 346 343 336 331 330 332 341 341 342 342 340 338 339 338 335 336 336 336
350 349 349 348 348 349 345 344 345 345 344 345 347 349 346 349 351 350 351 350 346 347 347 346 342 344 345 347 346 347 347 347 347 345 345 346 348 348 346 346 346 345 343 342 342 341 340 339 340 339 338 309 335 333 324 316 315 319 323 324 326 330 328 323 325 318 316 313 310 312 333 333 337 338 341 346 343 343 334 335 333 340 342 341 340 345 342 342 342 340 337 338 321 327
347 343 346 346 346 348 345 346 348 346 348 346 348 347 347 350 350 351 350 350 347 345 343 344 347 344 342 342 345 346 346 346 344 345 344 343 344 348 347 347 346 344 343 342 341 340 339 339 338 337 338 334 330 329 330 330 328 328 331 330 331 332 335 332 330 324 323 321 322 324 328 335 333 339 343 346 343 343 342 338 340 341 339 341 341 341 339 344 337 343 339 337 328 323
