sesion_6_simulaciones/modelos_distribucion_especies/ejemplo/modelo_Q_pyrenaica.asc
NCOLS 708 
NROWS 329 
XLLCORNER -7.525 
YLLCORNER 35.991667 
CELLSIZE 0.008333 
NODATA_value -9999 
[rows 180 to 199 of 329, columns 88 to 131 of 708]
0.289827151155172 0.281089482472242 0.276678990459808 0.296712871063268 0.300961890046876 0.313278087389116 0.381593155236306 0.37222973927968 0.38440781053378 0.375623197715818 0.376682255936187 0.373364742012936 0.395861081224702 0.380587437984751 0.361831350714783 0.397360816495594 0.393912542588051 0.380623554212793 0.347673777525835 0.379426369904283 0.382094539359492 0.324410863360478 0.309504654249917 0.337556067485225 0.320902370798022 0.31736291493737 0.29771515089189 0.277425408482217 0.269845851309138 0.265980497545418 0.286301203253287 0.281992215868428 0.269712639986754 0.246848866645597 0.247159288944352 0.27305129976626 0.257730462137615 0.253019870500892 0.321611190524363 0.345309628810397 0.342779585443328 0.353097853400995 0.347200650383889 0.35972551514365
0.269271479243683 0.266465183700333 0.29356740309697 0.295528711020978 0.300625419215681 0.339321248565385 0.362419988110162 0.370709108406195 0.380357136293227 0.352331771590358 0.355409654797894 0.34981500274317 0.344723952710837 0.352663577909457 0.360983661503686 0.370433344647664 0.322929305285652 0.369016919993507 0.365302716584148 0.375712166494924 0.379900966823618 0.364658286881862 0.372026475045668 0.347965517396 0.359559127349066 0.321212793096777 0.341223076505891 0.339378999067431 0.335244759231279 0.303977336700294 0.301447293333225 0.319329137627134 0.283862341839327 0.231470511953792 0.242565927793177 0.286248600955885 0.316760021461407 0.292375617246765 0.311363463896075 0.349198579768463 0.338416037565927 0.336882382426222 0.350080188848372 0.329211643300035
0.276165070488153 0.287297107788103 0.316418152171908 0.284595018464081 0.303468336219598 0.317641635266518 0.334657851317355 0.346661175022748 0.353267941162809 0.37366188979181 0.350498267080025 0.358450916544864 0.372167557704426 0.337222553224648 0.339429150026741 0.361145384786174 0.346103500925564 0.383753296321118 0.408810642198149 0.383080354658729 0.387605625818618 0.370007650058501 0.344775556632762 0.357125673843816 0.331893580418078 0.351541344463558 0.356776178746402 0.353153157290151 0.349788448978206 0.336927113387251 0.316300900146383 0.335148169369461 0.322195651825397 0.236194127856735 0.269991593754789 0.292842342829726 0.304086457685378 0.30340049175677 0.219501358370873 0.332646637962495 0.32994184704672 0.311188716347368 0.307474512938009 0.322247510726186
0.299503440748646 0.307792561044679 0.301945003754359 0.293995055881273 0.288483969422147 0.337451122594485 0.356660911181196 0.36680713318191 0.349029495107329 0.345213787070395 0.331799696873216 0.361082464539508 0.376494484121261 0.340540067147899 0.342410193118798 0.398920282003649 0.343685535114198 0.384040121425527 0.384214868974234 0.378307093029001 0.379652976353779 0.354595630476747 0.338181814758921 0.313797410544279 0.350531931969974 0.351204873632363 0.364144366910207 0.3639696193615 0.34960067716328 0.334384045753963 0.320675020951912 0.323716282698882 0.320766202905021 0.2772452530248 0.226037583181556 0.262352068180458 0.263011985576628 0.213731958767442 0.201535948481366 0.258520634285552 0.305768811841351 0.316329412106487 0.314808781233002 0.324279359979573
0.295291043225604 0.279195759306996 0.297557858682611 0.265223506594883 0.308131733467627 0.334235113298808 0.339482971847872 0.359029231265777 0.354365834017748 0.361134323440296 0.3487296457367 0.354986916779348 0.32079546298694 0.282485750195217 0.308229062000857 0.340179999122358 0.362287265205528 0.375065035200884 0.370677890129136 0.37287146266501 0.368820788424457 0.35790012013378 0.332842774256748 0.345620544252105 0.346468233463201 0.355195329218004 0.358061843416267 0.359918945120947 0.370756047816025 0.358244207322484 0.320500273403205 0.323632717103284 0.311702636319023 0.263361480674042 0.287597185872416 0.2312724174644 0.266402742421012 0.217297463160533 0.194931883933058 0.21627502640073 0.233405771345361 0.306684085811209 0.319370673853457 0.316827606220169
0.303008726486824 0.30993893919186 0.317380370276798 0.286217153965141 0.292137954176594 0.328489060636063 0.348035320053968 0.342524233594842 0.349117975468684 0.3303179006343 0.365323123768991 0.355677797473713 0.333849485158578 0.361449898668898 0.32851314624816 0.353570492125191 0.344157430441779 0.327581891441465 0.328927774766243 0.326559454681662 0.32487710052569 0.349934446402721 0.324204158863301 0.334704790727185 0.346984366608859 0.347495584988761 0.335740251753207 0.376441881823858 0.366621807979873 0.356452239038474 0.342594515220155 0.324305658765673 0.313812643259299 0.279284718635697 0.234579608713186 0.271243588809502 0.293757867053245 0.198588570279258 0.244303092695352 0.184613615975391 0.242933612176228 0.314125516896147 0.271739081331431 0.264983616175101
0.29961796964244 0.306722929896183 0.31298020093883 0.304855505517037 0.287239590724944 0.323927168015607 0.331530322383033 0.338460535088069 0.319996931084879 0.348270286257588 0.357706945135346 0.345693298755487 0.349084055599871 0.351963594064354 0.327928684947126 0.329112844989416 0.356027292571127 0.317086174343338 0.316238485132242 0.316911426794631 0.318257310119409 0.294384124284668 0.31758436845702 0.317759116005727 0.314310842098183 0.337349362988047 0.342422473988404 0.355304450203089 0.345646099641591 0.352912783177822 0.343267456882544 0.311780794005912 0.30179899687944 0.292664888964063 0.261423514965517 0.141637549365021 0.16685661852454 0.176929597604121 0.204089334063918 0.202057484810531 0.199016223063561 0.282312956116447 0.302111870516288 0.299232332051805
0.308332041131023 0.304341585545382 0.322878432469704 0.301128277841459 0.283512363049365 0.32071115871993 0.325784269720287 0.308330078210681 0.337612845876973 0.342349486046135 0.347813628370229 0.339597750995327 0.342302541911103 0.319115322004971 0.323838937907913 0.325696039612593 0.324175408739108 0.309282223894766 0.307936340569988 0.308945753063572 0.308272811401183 0.332145997235923 0.330961837193633 0.344762043948792 0.331402514244155 0.309062983549119 0.337847557101729 0.304678540069125 0.29604262626743 0.313137000005156 0.306196464625654 0.257904954707458 0.291817199752967 0.224850716822309 0.194120561203665 0.135544703196615 0.161274990736035 0.172532129857907 0.170836751435715 0.174123302060771 0.187886887355364 0.302017982246223 0.299222009377339 0.313916849478627
0.291490572628893 0.300116163756122 0.302575665793811 0.297239326883393 0.303160127094845 0.298321982298108 0.30491572417195 0.333862021007048 0.324378417994257 0.339362784791707 0.343588206580968 0.332667538290291 0.310826201708937 0.337565901741941 0.338924809332938 0.339597750995327 0.324368095319791 0.324368095319791 0.322510993615112 0.298637807780371 0.322847464446306 0.321326833572821 0.33394288028569 0.335463511159175 0.339352462117241 0.35138674912083 0.335466212750929 0.326170381553065 0.322271107920533 0.277748361904239 0.230977482859528 0.225395855071023 0.238139705197567 0.172195659026712 0.174829908613109 0.13182017711279 0.142832027356575 0.175539471736064 0.144759670390634 0.213001495316691 0.207699076275085 0.301472843997509 0.312638801166272 0.307151061647832
0.262382552511309 0.268303352722761 0.296842637397285 0.304284068482223 0.298100040360708 0.292252483070388 0.308421009910129 0.301803921095601 0.329566057888408 0.333966227226376 0.324727913091671 0.327096233176252 0.305416619877386 0.316091999289977 0.328533298454139 0.328708046002846 0.318285571825851 0.316764940952366 0.291882342624042 0.314907839247686 0.31406015003659 0.325155565875974 0.325666784255876 0.31711443604978 0.358838502880234 0.341559058919335 0.334282052708638 0.329373366582522 0.278575410491605 0.26046891794334 0.242362425395074 0.235014877854999 0.142691199676681 0.177625881481993 0.181780761941875 0.0932182313079485 0.141475821357331 0.141301073808624 0.163990099601074 0.210461129275157 0.217156375776573 0.284297606255938 0.294952345044799 0.286165030635084
0.279675020738427 0.288973553528044 0.256639201440316 0.251975804192287 0.281433319407285 0.288363532112322 0.288629461614137 0.305807400947462 0.311216982779013 0.315105933737079 0.318658413863951 0.28040326156477 0.284279188256616 0.308663592471259 0.311368383387034 0.312041325049423 0.31103191255584 0.286647508341197 0.294106878458111 0.292249776753432 0.305875235959885 0.305202294297496 0.308243556044466 0.351908290175198 0.345387791222488 0.329965448966269 0.368293844186582 0.363896376440368 0.284670958251765 0.218061586776031 0.23796495764886 0.206324187847251 0.130560067832411 0.124641969212712 0.0946759372095647 0.076723551586277 0.101444426632114 0.139699578931294 0.148588397968585 0.194050015149083 0.249086417295481 0.279900138509724 0.288697775593906 0.279735713635483
0.265201872320878 0.270786201701137 0.264518607984023 0.270102937364281 0.240045723408026 0.270176180285414 0.284740510656071 0.301581979158201 0.305470930116267 0.309359881074333 0.285914348023896 0.299714554779055 0.2773619998178 0.303428758188414 0.3049493890619 0.281749144889548 0.268040120087497 0.290729145879947 0.289881456668851 0.301313343339429 0.301313343339429 0.30368166342401 0.324038990592446 0.334659809512494 0.357330896272968 0.360354218987962 0.419230669762254 0.434961221143226 0.326124180814646 0.251673982450911 0.181778060350121 0.177388208961417 0.173418393999506 0.193230582919227 0.187137736750821 0.13168670608634 0.132534395297436 0.146405143381974 0.22851771639257 0.236305940983168 0.231652866409605 0.261793645961459 0.267213550467476 0.287093579124822
0.236080827937074 0.243185788190817 0.259270749434959 0.253261468862152 0.270950626575377 0.300408141790376 0.278146768782229 0.271451522280813 0.301245508327006 0.289904803609536 0.293793754567603 0.295825603820989 0.297682705525669 0.275330150564413 0.284148428272325 0.249516297429394 0.28566905914581 0.284821369934714 0.300802124959528 0.284051838410507 0.285235998452797 0.287604318537378 0.309657024128006 0.315241353508264 0.3465014099354 0.373909136865036 0.412801352762653 0.445282190692646 0.356113555033276 0.220207960198009 0.213715718226539 0.105160588236612 0.116566171395888 0.112505174480868 0.146524582316322 0.102667161604907 0.129503451499729 0.118316853707237 0.213963703971177 0.220567768519484 0.241553799532232 0.269999200661894 0.274571415956815 0.280664262125221
-9999 -9999 -9999 -9999 -9999 -9999 0.280814938237439 0.272262590031343 0.265567343529927 0.256258488065843 0.298968370195534 0.292609594525312 0.293793754567603 0.279411788103162 0.257059233141907 0.257732174804296 0.271532381559456 0.279664693338758 0.280848853381049 0.281521795043438 0.28321717346563 0.274070041284034 0.278806681453196 0.303900648790794 0.314221618340214 0.293462937173576 0.35241458906414 0.316692181723781 0.220171338737443 0.165176217838505 0.0965556377331135 0.0959475745125305 0.0661639064156007 0.0224342891178603 -0.0160135497620035 0.0674945523001561 0.121315831106067 0.152518625448908 0.186457174005719 0.206595515807371 0.222936088604065 0.265763456198167 0.267294409746118 0.287769222378965
-9999 -9999 -9999 -9999 -9999 -9999 0.236884274604891 0.266678260651085 0.270405488326663 0.286910485997599 0.257917245027469 0.261806195985535 0.288384172736051 0.239370075428681 0.252322592972745 0.25384322384623 0.264518603258821 0.266039234132306 0.279328222507564 0.265282726874318 0.267314576127705 0.27187646874816 0.263751773326367 0.258668339651545 0.246636754239709 0.287990430370156 0.282536605995326 0.257489578067559 0.154182306626695 0.0856529084744128 0.0318419476177648 -0.0417605615348743 -0.113260680104748 -0.133453582398942 -0.0943686799206414 0.029442404530922 0.0890021196420691 0.14103683807268 0.179271349748131 0.186457174005719 0.227763910726336 0.245533932443407 0.263303954160478 0.266180791033207
-9999 -9999 -9999 -9999 -9999 -9999 -9999 -9999 -9999 -9999 -9999 -9999 0.258253715858664 0.245728851098903 0.271970357018225 0.273827458722904 0.236918189748501 0.261302593963144 0.264343855710114 0.250136636794381 0.267314576127705 0.258005720663622 0.250553966904218 0.244797591567006 0.243266638019055 0.245692220187932 0.23469068789341 0.201993561463185 0.123743635899352 0.0325252119546201 -0.0667999683799293 -0.185243755348081 -0.334910977282802 -0.39074542291351 -0.19942197388596 -0.0384037292845052 0.0483157222864384 0.119377865397543 0.153898173663635 0.200348562713987 0.216934424388768 0.233520286063548 0.250106147738328 0.267876169455399
-9999 -9999 -9999 -9999 -9999 -9999 -9999 -9999 -9999 -9999 -9999 -9999 0.274348999777272 0.263008295059802 0.25360825764261 0.268754347722547 0.254708852089302 0.234388146381433 0.222536223284061 0.248104787540994 0.237275301203426 0.2412554341146 0.250217496073023 0.228222052566692 0.227538788229837 0.213657717470832 0.205590284133335 0.183584517952538 0.113479928434228 0.0476553211977211 -0.103213999811267 -0.30039066901671 -0.633390110858436 -0.615327860853449 -0.290113942010569 -0.0697812711760525 0.0347814450330944 0.103986486439519 0.178955519540666 0.212291667764468 0.218118584431058 0.233183815232353 0.250106147738328 0.267876169455399
-9999 -9999 -9999 -9999 -9999 -9999 -9999 -9999 -9999 -9999 -9999 -9999 -9999 -9999 -9999 -9999 0.226435496916594 0.253188221215817 0.217637859832412 0.220679121579382 0.23338635024536 0.237702953987729 0.230425947777032 0.225853732482111 0.242823004397915 0.228268991976522 0.1437072348775 0.121701468696702 0.111448079180841 0.00812482690314118 -0.0885867444687409 -0.230056028060537 -0.33648616864883 -0.281032436392595 -0.164964590591737 -0.0283307502049242 0.0456109313706628 0.115152443608282 0.1750665685826 0.207555027595305 0.240379957439205 0.245533932443407 0.246890138442651 0.265507849370818
-9999 -9999 -9999 -9999 -9999 -9999 -9999 -9999 -9999 -9999 -9999 -9999 -9999 -9999 -9999 -9999 0.258608125721834 0.222210075127333 0.227619656958884 0.215606010579025 0.226792608371518 0.234234039456456 0.239734803241115 0.233978427903904 0.217392566229123 0.204359184681215 0.210673717808158 0.12830553324501 0.13057700848891 0.0526635537562718 0.013555049358422 -0.132744014550784 -0.0734173121733201 -0.0768053674259508 -0.0279839566992637 0.035801180201144 0.0941767352700005 0.157979811202384 0.194020750341961 0.212800184552616 0.229560793776103 0.237581282978568 0.255014833864444 0.258402889117074
-9999 -9999 -9999 -9999 -9999 -9999 -9999 -9999 -9999 -9999 -9999 -9999 -9999 -9999 -9999 -9999 -9999 -9999 0.243714940877492 0.207828108662893 0.188853286279802 0.225944919160422 0.221954463574781 0.240918963283406 0.238715068073066 0.223649837271771 0.176495543260833 0.151448515333066 0.128433336658685 0.0924656404402401 0.0241269706735014 0.0379008739173584 0.0306445083303913 0.0534067770439737 0.0601752664665225 0.0924916795222744 0.133023969952928 0.173465078430472 0.208574762763355 0.229049575396201 0.249860858860242 0.241305809062393 0.261444150864045 0.266016366158966
