sesion_6_simulaciones/modelos_distribucion_especies/ejemplo/modelo_Q_pyrenaica.asc
NCOLS 708 
NROWS 329 
XLLCORNER -7.525 
YLLCORNER 35.991667 
CELLSIZE 0.008333 
NODATA_value -9999 
[rows 80 to 99 of 329, columns 396 to 439 of 708]
0.10573915057202 0.120071721563335 0.146511321972049 0.156592422641665 0.0919215221069801 0.190724663519006 0.165829040924463 0.181220419882486 0.16811108173212 0.190748010459692 0.210576180216249 0.222068285541741 0.191799702576212 0.181565000214144 0.181938092505904 0.179423524743148 0.181468398262754 0.179934743123049 0.191611918671714 0.178646376861431 0.21305656576696 0.195542155602442 0.204417950373513 0.190964537124013 0.187062561899728 0.188257044616484 0.161491296051042 0.152367510810131 0.165758003812964 0.136300488597965 0.0997640616616622 0.181482646777904 0.197392610219678 0.190138950949667 0.19092642150585 0.205569414795921 0.175023824167925 0.125722651502485 0.127123850805991 0.150360466185248 0.125490892123143 0.144789161071209 0.130840255299781 0.094111153872367
0.164638455144044 0.156104551202449 0.17747696111641 0.139323301355232 0.135945568777068 0.162523545527584 0.190796900700292 0.209753784051407 0.213306264178278 0.197370252204065 0.23846587016907 0.192240129373074 0.195792609499945 0.215422434513449 0.238148081766465 0.224128634665659 0.239533037889902 0.236155305311738 0.234298203607058 0.253609496821343 0.162941874012898 0.231741861453889 0.163938011986601 0.153442294888474 0.216506802594846 0.142132808448063 0.178655960864485 0.143452392986741 0.156937024513299 0.143960909774889 0.146336595963319 0.141612980060376 0.0982871680989312 0.093052333816087 0.10789342159555 0.0936862026798174 0.148315592665642 0.136849535872589 0.0659240658870107 0.0769462388052623 0.109930185614694 0.0966070271169618 0.109442314175478 0.120707574887384
0.123876606418481 0.166574219768137 0.153248359678652 0.159169159890105 0.168131221848528 0.163269479857444 0.147661817124391 0.1349206685896 0.139657308758762 0.151287540172395 0.146269745150766 0.158145265442484 0.191593236243124 0.251053404921836 0.254780632597414 0.257821894344385 0.258333112724286 0.23983288726053 0.229212068340482 0.237349788028494 0.233087744778667 0.229524691723669 0.202980634841965 0.18156424945316 0.205189444818062 0.181999523320176 0.187581151108681 0.156162327969674 0.159237509585457 0.138238204052829 0.119432471056074 0.093527435967947 0.0791088480429407 0.0646356996253921 0.0721656110716849 0.0701337618182983 0.0659343885614768 0.0887981619026338 0.107235717373384 0.121716987380967 0.169267465645487 0.115613318030773 0.111907236211449 0.169577887944243
0.156534405071183 0.157019574918646 0.181461496196447 0.200692430639412 0.153921301341041 0.122006985680106 0.113538203069609 0.132594389963867 0.117142780261358 0.122901857190324 0.129482574797946 0.202010040168177 0.179665606796956 0.158278476764868 0.150537196309302 0.234436329695199 0.234772800526393 0.256788884656454 0.252052244487292 0.233622560352915 0.207172136762413 0.197524108875382 0.166280033285082 0.172589163228518 0.150072183393022 0.137894112138922 0.136881998053584 0.162713790220579 0.174354344308678 0.164544593139159 0.157194344007329 0.158991227057096 0.160649984018722 0.158268639667921 0.154554436258562 0.139324780583026 0.123331001291992 0.132232844595503 0.153737710345662 0.10062649989523 0.173792486551715 0.1610019425438 0.197303403276483 0.157785933248123
0.155901053529549 0.177904113393391 0.178751802604487 0.182838848051946 0.159174579888386 0.133107821517771 0.180867217453472 0.180241470179776 0.127831701262265 0.208160415489314 0.161726007275798 0.125969167469733 0.201363147038227 0.230471167155812 0.247954626111706 0.179147022313205 0.176105760566235 0.149016565435817 0.14779578393296 0.164564009513958 0.169472695640074 0.169170144677692 0.214649700890166 0.215158217678315 0.197395817043956 0.199599712254296 0.149573500861589 0.14748143295329 0.15088251247214 0.148326420572632 0.120444096723661 0.13283820149913 0.14862061178089 0.144233466709142 0.165065390796912 0.14068098658227 0.105537637359438 0.103505788106052 0.159815080909756 0.164713444361406 0.0915157389205396 0.145998881228188 0.116254540908781 0.116066769093854
0.154166602308699 0.157416531473188 0.156905313093287 0.155721153050996 0.192455674476692 0.196344625434758 0.115836248893246 0.111978499397465 0.164602088662342 0.188893109839444 0.226973514589917 0.157433000727775 0.204704007902164 0.214954436122205 0.233814729611502 0.224738138759285 0.240753063906573 0.216475066995691 0.159021454524112 0.160711680016458 0.136162850927575 0.139039687800304 0.158987301216412 0.142745531455539 0.164247695613945 0.205572371366538 0.137731900438684 0.102690055843427 0.191727183396688 0.157814938351179 0.148852876392756 0.145300396265885 0.155091465006814 0.130370589960977 0.124139367450769 0.169689715246284 0.144295898538058 0.08561583431168 0.152024154727404 0.152697096389793 0.0811377575404844 0.0499347008544114 0.138095877490135 0.139939954928595
0.148783069009587 0.15673056554458 0.127434773612068 0.164169295037764 0.206031487956359 0.207215647998649 0.122380345040302 0.108383727558085 0.158383890418353 0.168639738636676 0.19312885430317 0.229315786142059 0.22968887843382 0.244211672578155 0.252339069591701 0.228166034386332 0.228233619145094 0.206699485948646 0.207137461407415 0.206999085065613 0.199798040182576 0.178428849182465 0.16932841088224 0.178842977193226 0.130228287778491 0.118861284274921 0.124056795505445 0.0867872082518404 0.0990879299897691 0.0761273165331329 0.0668157594772961 0.144121150989351 0.121731974567529 0.121220756187627 0.142227427824105 0.184426091573894 0.142389151106592 0.0798567573827147 0.164940050810902 0.111158350036174 0.0742075448354481 0.123885956982648 0.137756955320848 0.132673271392364
0.163409819119588 0.121315111335466 0.144138116026057 0.163658076657863 0.1865088257328 0.130035358308516 0.124182130766253 0.135224932218663 0.150094770122319 0.182296666373849 0.189388602361372 0.157789611675377 0.19804024202104 0.200570285388108 0.215703351201826 0.216389317130435 0.225674825653833 0.216251191042294 0.201616319342258 0.187727381972082 0.191159424789128 0.208587567766295 0.186918277141894 0.162588183166134 0.17681088977575 0.186218798529316 0.186158579874403 0.161006845219985 0.135461627903738 0.144183820982356 0.0494053052784444 0.0779866314118156 0.0594994302142795 0.0571311101296984 0.0359627152107334 0.0383310352953145 0.0174755140131973 0.0196690865490714 0.0664296429193158 0.0780151312823472 0.143899459305612 0.142566600247053 0.132509096771784 0.128273102054396
0.160744101002471 0.131797804167374 0.145874263098815 0.172356155220038 0.176070358629397 0.169048963971252 0.157455354018186 0.104095635775819 0.134912058581815 0.152270165462128 0.154195607411755 0.139255216089148 0.136253027140837 0.215990176306235 0.206185327812901 0.229305213213932 0.236084025310947 0.222434968910148 0.226983837264384 0.190270211441281 0.210567319954803 0.184792289364782 0.181051787169323 0.153425325126565 0.16017808869114 0.171685431456854 0.156165998831495 0.15929574093982 0.139621928361901 0.135221759023933 0.103711248699294 0.13278019601822 0.11577455289551 0.121301114958948 0.120469151605825 0.103943008078635 0.121655762986208 0.111334793436788 0.0799503906739157 0.0974306307159608 0.137668236795403 0.111105735649199 0.0950780364893527 0.0944441676256224
0.0918993705108793 0.104061715907006 0.13078839167379 0.123858178968754 0.132319345221741 0.139223509394338 0.14803417074474 0.143010705471169 0.141328351315196 0.165997129296155 0.192854565047231 0.172293473137461 0.155363524273976 0.19981352787646 0.19426827129486 0.198305921269194 0.224915366550431 0.214644042727796 0.169993243044166 0.173668373654867 0.205814953927668 0.199035891576992 0.183206286906538 0.150761820183451 0.153489958039912 0.130464461416267 0.147193614198606 0.136223049927482 0.121272853252506 0.126413298757963 0.0954351526694793 0.0661029895300628 0.117388566806535 0.127357589920449 0.118189311882599 0.137300047179828 0.117234447791986 0.124684000466958 0.131238669542142 0.101121236930973 0.0934743452527937 0.0412149712034576 0.100268127721596 0.101353234474405
0.114077177923428 0.151148170180318 0.124382421614875 0.126388222335823 0.136881237842196 0.133154010166618 0.144831185715282 0.134896332723842 0.170433669841028 0.193191035878425 0.206939145568707 0.166184901111082 0.173490657445971 0.149119277497548 0.147238828852183 0.170138973400245 0.185953102466387 0.200770593051504 0.169119505300631 0.185712983332921 0.184014903318976 0.192029984612731 0.170814395305073 0.167402492604434 0.125286638964058 0.0786691113581394 0.101948018449905 0.102133088673078 0.112362888358961 0.0956359487506255 0.0873338041883721 0.0495898702690929 0.0658363045420617 0.0961599532326573 0.125416922620171 0.117291976944717 0.117521523150056 0.106217189639491 0.12460043487136 0.101874787618344 0.106877862521846 0.101656052505222 0.0313745069894039 0.0463613251249466
0.143753933484073 0.155522290985846 0.15044917998549 0.148566029748371 0.135011111871297 0.156515977621457 0.168704371550023 0.16604652476928 0.198297816493934 0.183558233342045 0.208957970555874 0.185042493008625 0.161636032756846 0.118023395690992 0.132543738497234 0.0960805544820635 0.102473500274759 0.172768070056796 0.156586518950836 0.143443528000092 0.182979442292953 0.181521243248384 0.186268206092012 0.1390087001219 0.134384375672529 0.128677395808442 0.0983038511373998 0.0844358093698171 0.0165695401631848 0.0363920517573717 0.0610033126751708 0.0557424298598875 0.0899916509691155 0.0961626548244107 0.119172675843743 0.109214225657957 0.128645956182068 0.112445960811607 0.0976151957066093 0.118554532837986 0.123064328393563 0.115184921849856 0.114201557888712 0.0760584710556609
0.156990824794453 0.142833001351845 0.144690103056525 0.142937712803698 0.156690725170164 0.153824210971901 0.166510799014149 0.178060171149139 0.20887169127895 0.184220852329968 0.175057994290399 0.197304141947895 0.157668936201462 0.139755623376833 0.127108108133244 0.143941455045339 0.113312804054269 0.087767836991683 0.136891560516663 0.120511414413988 0.145005444846239 0.165493293834877 0.174413581402887 0.156700826495315 0.143580915416822 0.102740403771844 0.103194610321111 0.0430954198488227 0.0831371325233041 0.0332775470892692 0.064394069519555 0.076076159833976 0.0782933295641968 0.0705024033818449 0.0942900775154191 0.130583416658068 0.137041483781861 0.137826753253613 0.0962432638493922 0.10673898094752 0.123053755465436 0.125596823098724 0.105930364535082 0.0749443471102248
0.144677078790305 0.0991584497791715 0.0933993728502062 0.142549144907625 0.139048761845631 0.128268670981188 0.124217996740634 0.159917057140307 0.169176517131266 0.150107305970788 0.152812096886564 0.165235469108321 0.178532579073614 0.135441483062128 0.144486605383625 0.150782949224931 0.138805674051977 0.134781048343862 0.0806341266137471 0.154105883146464 0.155423016347049 0.163810939678904 0.150920853963756 0.159355971684305 0.126011956849332 0.11535696780681 0.110795075186354 0.0524775303236102 0.098306581633499 0.0565070587079096 0.0703013570470378 0.0932464948993619 0.0737132597476762 0.0821537806517313 0.0675316829642537 0.083616644208396 0.105695398331462 0.113274955504541 0.123543827989083 0.104490342686579 0.123066779731655 0.11754266900631 0.0863922267072116 0.0848951930280732
0.129739906381548 0.10384789555964 0.0843146604079545 0.141622792777115 0.168628927544459 0.155493540861654 0.148078158309155 0.107551275787211 0.133774854764129 0.124340647224463 0.155830011692848 0.116912240405745 0.128028802101383 0.175827788157839 0.15374336378283 0.144622280133673 0.139251771100781 0.108701265707028 0.107976226979761 0.0977024518190338 0.0914555034508527 0.0982918447005985 0.135613040601331 0.139486265701424 0.134387106168628 0.0672692226299489 0.0647861233979125 0.0990581862153016 0.121572464459045 0.0943215460461394 0.0750542403962692 0.101780916163053 0.0784189487082143 0.113413598914778 0.0763920021310126 0.0777536113137636 0.108731757402248 0.103324626908789 0.0926047546992579 0.113807319740697 0.120385586010226 0.11953789679913 0.083338190947683 0.0927827211618147
0.136080755109365 0.120065829962078 0.0891869753271651 0.145822166033937 0.161977668607458 0.167921815759596 0.136737453591685 0.128998624474211 0.138245060198951 0.150420429861297 0.104089977613448 0.0956521583011466 0.105957401992594 0.144622280133673 0.163339294604983 0.127864377227142 0.135388868675154 0.123437642034639 0.0924725202123745 0.0235235835014545 0.0356827220733034 0.101674479954948 0.0670607933765185 0.0693428462737476 0.0683437564546302 0.104767867671142 0.0963170240926208 0.116048353733699 0.113992907285966 0.0885990905777403 0.10195566371176 0.0646317662192742 0.0906643544674151 0.0768983178347292 0.100808125130036 0.0917445585440386 0.0870445398354426 0.124193689779222 0.124556209142855 0.136869955147004 0.137811277649301 0.117519071811963 0.0714130128396073 0.0796077443582546
0.139320111345728 0.160501530530913 0.104862728051505 0.160864049894546 0.163036476574166 0.158936406860488 0.154710985071227 0.131140099945207 0.132525056068644 0.105584559954494 0.109809981743755 0.1272902217858 0.1230387514641 0.126171700396703 0.106215727226471 0.137110812951881 0.108771819125979 0.10439769832045 0.129455044197481 0.046019934802793 0.133489992580062 0.102718062571005 0.113599658063024 0.117485907429336 0.127861187217638 0.107931262579845 0.12327054447299 0.109770187088459 0.117649593632166 0.0895509860081645 0.0997987126364526 0.097766863383066 0.082993865594889 0.0539118940097433 0.112127934244913 0.0932231479586763 0.0772999099970215 0.104882396564936 0.118596336132744 0.12858083485097 0.132088571927241 0.139532704603932 0.0720599059695573 0.0684496585258653
0.161855535445725 0.155253671981849 0.104189786389116 0.165574641531269 0.153526825028937 0.145936694927731 0.138730230046413 0.129444721523015 0.110631622422412 0.132311235721278 0.129296022506747 0.132363332786157 0.131153124211427 0.115876779379722 0.121894181542564 0.14306257646153 0.138038860934297 0.154565004461487 0.13571773523841 0.105250807529827 0.0802064859190157 0.118581081877747 0.107154097883354 0.060361822728728 0.0770236410059657 0.106801901194186 0.103544117508097 0.113974713275126 0.128645956182068 0.0978531305704179 0.104013561497586 0.107889488189433 0.107566041624458 0.0875948310140028 0.0520444696305976 0.0691882388414482 0.113160943932843 0.0994858389996047 0.124558910734609 0.122566134279881 0.123909566266567 0.109031857026537 0.0600932037247305 0.0777668858336443
0.171592043694112 0.157097749420309 0.132228175358204 0.114450537283624 0.172955853961294 0.147653219206177 0.145809141767717 0.117548810861228 0.118732970903519 0.14379031678055 0.152355689252866 0.128610056578139 0.108761496451513 0.127225100454702 0.119509618277914 0.151823842338806 0.157684423895346 0.165647396034651 0.138920720267867 0.142426006006046 0.0642257308942016 0.0866483219523116 0.102795702935798 0.0942455558141335 0.112550655448685 0.0913535104055276 0.102305647226925 0.107117743491223 0.100839326592321 0.0825244216053996 0.117712263625171 0.131162975282917 0.112164555705479 0.0954766888958021 0.0656959773694893 0.0555391824406489 0.0930695462662234 0.108713830459843 0.0579465753238887 0.0706953281266175 0.0819524672484891 0.0782149168984443 0.0394954903543943 0.0693681393200013
0.143642135086378 0.136414524348806 0.13374880623169 0.110478020729959 0.133320648214862 0.135177749919541 0.116888893465059 0.112986918240773 0.139215399893875 0.135514220750736 0.136536657510539 0.12978119235421 0.110955068987387 0.123349173762855 0.159431899382416 0.16107518073973 0.155516899891911 0.141507775465571 0.151466225651358 0.119470545479255 0.101155640492334 0.0535628705153055 0.0999422130037546 0.0887996027756771 0.111729014770028 0.131228597121337 0.0921962969404388 0.0915022094217956 0.0864784938945635 0.0735080494080955 0.118200135064387 0.123969534667818 0.122052464561887 0.117490571941432 0.0791938834159284 0.0740524321706241 0.073085311389549 0.0742564471656199 0.0777959030262721 0.0858264599243393 0.115922996932914 0.0938673226820985 0.0405334027185093 0.0440728585791615
